,0,1,2,3,4,5,6,7
0,0.30129904,0.0,0.26811066,5.3724556,0.008297376,0.0,0.01826865,0.51891404
1,0.49716717,0.0,0.24627064,5.3724613,0.00874597,0.0,0.013852499,0.51891524
2,0.58688504,0.0,0.30740452,5.3724685,0.008466871,0.0,0.01513313,0.51891637
3,0.77718246,0.0,0.21703397,5.372473,0.007915954,0.0,0.014307462,0.5189173
4,0.20704201,0.0,0.28081718,5.3724747,0.0121280495,0.0,0.017024297,0.5189182
5,0.27202114,0.0,0.17196056,5.3724775,0.011877661,0.0,0.016883738,0.518919
6,0.32731274,0.0,0.28642672,5.3724813,0.007915129,0.0,0.01666828,0.5189198
7,0.36442864,0.0,0.17836559,5.3724833,0.007844944,0.0,0.019137783,0.5189207
8,0.49621153,0.0,0.17885084,5.3724866,0.009203157,0.0,0.016879868,0.518922
9,0.3595606,0.0,0.116982274,5.3724904,0.0074050417,0.0,0.017873803,0.51892304
10,0.26919737,0.0,0.2058055,5.3724923,0.010080619,0.0,0.01465133,0.51892436
11,0.27103528,0.0,0.2461536,5.3724947,0.010089184,0.0,0.014270393,0.5189277
12,0.17201403,0.0,0.2175288,5.3724947,0.009644131,0.0,0.01460098,0.51893103
13,0.4450231,0.0,0.3672595,5.372496,0.009815212,0.0,0.019304033,0.5189344
14,0.54704624,0.0,0.2062504,5.3724976,0.007786603,0.0,0.015831776,0.5189374
15,0.39052308,0.0,0.1689797,5.3724995,0.009673438,0.0,0.014037932,0.5189399
16,0.3855124,0.0,0.1876928,5.3724995,0.007842044,0.0,0.015110272,0.51894224
17,0.46218893,0.0,0.18346001,5.372499,0.0072220773,0.0,0.016863747,0.51894385
18,0.42206088,0.0,0.37930632,5.3724985,0.008552425,0.0,0.016564012,0.5189453
19,0.23091723,0.0,0.14700408,5.372496,0.008696913,0.0,0.01595386,0.5189468
20,0.3431394,0.0,0.28957823,5.372495,0.010035728,0.0,0.01934277,0.5189479
21,0.3514419,0.0,0.18393019,5.3724933,0.009541225,0.0,0.013585713,0.51894844
22,0.2525666,0.0,0.30495328,5.372492,0.011027609,0.0,0.014101663,0.518949
23,0.22156893,0.0,0.18376788,5.372491,0.010885069,0.0,0.014333924,0.51894933
24,0.6422473,0.0,0.20812272,5.372491,0.00788924,0.0,0.013026755,0.5189495
25,0.38690808,0.0,0.29236704,5.3724895,0.011722879,0.0,0.016871685,0.51894975
26,0.1980594,0.0,0.18516989,5.372487,0.011521246,0.0,0.015891835,0.5189499
27,0.44550392,0.0,0.21956258,5.372486,0.011060875,0.0,0.017311929,0.5189499
28,0.8029383,0.0,0.34080106,5.372486,0.009084473,0.0,0.015085507,0.5189499
29,0.59314615,0.0,0.11892124,5.3724856,0.008415404,0.0,0.015859755,0.51894957
30,0.9182586,0.0,0.22377639,5.3724856,0.0100351265,0.0,0.016443666,0.5189494
31,0.3793036,0.0,0.20732819,5.372486,0.009799643,0.0,0.013345233,0.51894915
32,0.21170987,0.0,0.23206899,5.372486,0.008438854,0.0,0.015577806,0.518949
33,0.34848362,0.0,0.2978716,5.372486,0.0076883473,0.0,0.013564893,0.5189489
34,0.46200198,0.0,0.26270482,5.372487,0.008316604,0.0,0.012751867,0.51894915
35,0.2937146,0.0,0.20669036,5.372488,0.009623561,0.0,0.017050518,0.5189495
36,0.45496258,0.0,0.1635485,5.3724904,0.009808285,0.0,0.014335388,0.5189498
37,0.3487979,0.0,0.3344792,5.3724914,0.00875846,0.0,0.014219571,0.51895016
38,0.68757176,0.0,0.31924897,5.37249,0.008092666,0.0,0.01582176,0.5189512
39,0.449069,0.0,0.18669298,5.372489,0.0075383126,0.0,0.012491141,0.5189517
40,0.2571449,0.0,0.13312517,5.372486,0.0076886066,0.0,0.01960941,0.51895225
41,0.56202954,0.0,0.21096504,5.372484,0.008869019,0.0,0.014509864,0.51895267
42,0.53553975,0.0,0.2258966,5.3724847,0.007222003,0.0,0.014021861,0.51895267
43,0.41139156,0.0,0.18900082,5.372483,0.011428667,0.0,0.015793724,0.5189524
44,0.33775008,0.0,0.22965367,5.3724823,0.009284353,0.0,0.014006577,0.5189522
45,0.2821425,0.0,0.23144221,5.372482,0.008502793,0.0,0.020174693,0.51895183
46,0.8859484,0.0,0.46023378,5.3724813,0.008341983,0.0,0.017016314,0.5189514
47,0.26470906,0.0,0.24512614,5.3724804,0.0069090407,0.0,0.016235108,0.518951
48,0.62294567,0.0,0.11823646,5.3724813,0.008734955,0.0,0.014138108,0.5189506
49,0.2062192,0.0,0.14253789,5.3724813,0.007761589,0.0,0.015353655,0.5189506
50,1.5481458,0.0,0.1392863,5.3724804,0.008864373,0.0,0.013775598,0.51895076
51,0.3748082,0.0,0.14698099,5.372481,0.011198061,0.0,0.013314362,0.51895106
52,0.6672997,0.0,0.22522284,5.3724813,0.008956635,0.0,0.015148399,0.51895106
53,0.8277354,0.0,0.18610051,5.372482,0.008552637,0.0,0.016079053,0.5189515
54,0.26800993,0.0,0.22896622,5.37248,0.008179071,0.0,0.015608057,0.5189514
55,0.44560486,0.0,0.23153202,5.3724785,0.00947389,0.0,0.018239506,0.5189513
56,0.64569163,0.0,0.21056417,5.3724785,0.008442456,0.0,0.014296262,0.5189507
57,0.9486047,0.0,0.17842568,5.372479,0.010350539,0.0,0.015003217,0.5189503
58,0.3722499,0.0,0.2178324,5.3724775,0.009325521,0.0,0.017328441,0.5189503
59,0.3991162,0.0,0.10795334,5.3724766,0.009812083,0.0,0.012443047,0.51895034
60,0.5907714,0.0,0.22046857,5.372474,0.00809994,0.0,0.014210083,0.5189506
61,0.3669764,0.0,0.21106008,5.372474,0.009589197,0.0,0.015247544,0.5189507
62,0.44099528,0.0,0.23949586,5.372474,0.010862649,0.0,0.015604501,0.51895094
63,0.45200747,0.0,0.30249244,5.3724732,0.00712524,0.0,0.0150785465,0.51895225
64,0.5782837,0.0,0.16699174,5.3724713,0.010283971,0.0,0.012245392,0.5189537
65,0.37047672,0.0,0.17802851,5.372469,0.008614923,0.0,0.0143930325,0.5189549
66,0.24608007,0.0,0.1710312,5.3724656,0.009371184,0.0,0.011228753,0.5189559
67,0.24099985,0.0,0.30248347,5.372463,0.008010194,0.0,0.015561877,0.51895714
68,0.3463517,0.0,0.32938036,5.372461,0.010323012,0.0,0.0160209,0.51895803
69,0.7119322,0.0,0.19760841,5.37246,0.00948551,0.0,0.015498464,0.5189586
70,0.33027908,0.0,0.21282619,5.3724594,0.009392273,0.0,0.017640462,0.51895916
71,0.7542977,0.0,0.26416534,5.3724604,0.008688877,0.0,0.014874974,0.5189599
72,0.34705952,0.0,0.24483715,5.3724623,0.008587433,0.0,0.013351263,0.5189606
73,0.37871388,0.0,0.23592152,5.3724647,0.008443557,0.0,0.01530457,0.5189611
74,1.3836075,0.0,0.28701493,5.3724675,0.011247535,0.0,0.016596867,0.5189615
75,0.23446581,0.0,0.15785186,5.3724713,0.009594728,0.0,0.014514711,0.518962
76,0.34690195,0.0,0.17176825,5.372475,0.0081151035,0.0,0.016018106,0.51896226
77,0.7878498,0.0,0.16618182,5.3724794,0.010292515,0.0,0.013917975,0.51896244
78,0.30947363,0.0,0.2260863,5.3724837,0.008402671,0.0,0.019023616,0.51896256
79,0.74141794,0.0,0.14136252,5.3724866,0.010279074,0.0,0.014859475,0.51896334
80,0.614787,0.0,0.3254408,5.372489,0.008628952,0.0,0.014186557,0.5189649
81,0.8483603,0.0,0.27103198,5.372491,0.008680276,0.0,0.013247364,0.518967
82,0.41592026,0.0,0.26015228,5.3724923,0.009722678,0.0,0.016637897,0.51896864
83,0.3365112,0.0,0.1410287,5.372493,0.008132902,0.0,0.014401788,0.5189704
84,0.5831037,0.0,0.23255776,5.3724933,0.007390008,0.0,0.016187076,0.51897156
85,0.5681889,0.0,0.3193429,5.372494,0.012761938,0.0,0.0169615,0.5189724
86,0.39421073,0.0,0.26880297,5.3724957,0.009495169,0.0,0.014111872,0.51897293
87,0.2424501,0.0,0.24462086,5.3724976,0.008482116,0.0,0.016291765,0.5189735
88,0.30771858,0.0,0.2655743,5.3724966,0.008033959,0.0,0.015053084,0.51897407
89,0.596838,0.0,0.22165813,5.372495,0.009089123,0.0,0.016843982,0.5189744
90,0.22278355,0.0,0.2987521,5.372494,0.00662624,0.0,0.0144929,0.51897484
91,0.28471544,0.0,0.29455113,5.372491,0.009774758,0.0,0.015326803,0.5189753
92,0.27911678,0.0,0.23342146,5.3724875,0.009160309,0.0,0.015577471,0.5189759
93,0.3923403,0.0,0.24601139,5.372484,0.009803396,0.0,0.016051812,0.51897675
94,0.3374779,0.0,0.21856901,5.3724813,0.010166058,0.0,0.016280435,0.5189776
95,0.38276258,0.0,0.21251692,5.3724775,0.009106407,0.0,0.013871293,0.5189788
96,0.35898525,0.0,0.263838,5.372475,0.009826853,0.0,0.015042308,0.51897955
97,0.3963388,0.0,0.32239234,5.372471,0.01111937,0.0,0.014096395,0.51898015
98,0.36902454,0.0,0.2638271,5.372467,0.009887917,0.0,0.013932187,0.51898056
99,0.8425056,0.0,0.13400576,5.372463,0.010745978,0.0,0.0180954,0.51898086
100,0.97882336,0.0,0.26145056,5.37246,0.009424261,0.0,0.014161637,0.51898086
101,0.2961942,0.0,0.23261142,5.3724566,0.006398068,0.0,0.015574212,0.51898074
102,0.5980384,0.0,0.35766494,5.3724556,0.0072315196,0.0,0.013922842,0.51898
103,0.30852553,0.0,0.14261,5.372453,0.011269768,0.0,0.01680299,0.5189793
104,0.67615736,0.0,0.18162705,5.37245,0.010665434,0.0,0.01276001,0.5189784
105,0.4573788,0.0,0.3385766,5.372446,0.008562459,0.0,0.013426686,0.5189774
106,0.35328168,0.0,0.1672703,5.372444,0.009230039,0.0,0.0142467655,0.51897657
107,0.263926,0.0,0.42178228,5.372442,0.008657567,0.0,0.01712852,0.5189759
108,0.5380548,0.0,0.20625538,5.3724394,0.010252405,0.0,0.0149647575,0.51897514
109,0.3199622,0.0,0.121006265,5.3724365,0.00967343,0.0,0.017511638,0.51897466
110,0.27888334,0.0,0.27795184,5.372432,0.007477895,0.0,0.014293269,0.5189743
111,0.4025729,0.0,0.17922683,5.3724284,0.009340203,0.0,0.0140590165,0.5189743
112,0.78862476,0.0,0.3199215,5.372426,0.00964942,0.0,0.015442725,0.518974
113,0.6023532,0.0,0.21212636,5.3724256,0.011475587,0.0,0.016003907,0.5189738
114,0.3412314,0.0,0.28405473,5.3724246,0.007266555,0.0,0.015302093,0.51897365
115,0.44841772,0.0,0.15214905,5.372424,0.008106846,0.0,0.016305398,0.51897335
116,0.3068254,0.0,0.22371057,5.3724236,0.008336729,0.0,0.013914452,0.5189731
117,0.39908183,0.0,0.19162183,5.3724236,0.007660387,0.0,0.014811421,0.51897264
118,0.22732432,0.0,0.27678046,5.372423,0.0081107505,0.0,0.014980376,0.5189725
119,0.4130035,0.0,0.32373312,5.3724256,0.009199861,0.0,0.016830586,0.5189721
120,0.274001,0.0,0.24078536,5.372428,0.011638113,0.0,0.016512245,0.5189717
121,0.6595665,0.0,0.17706616,5.3724303,0.011865003,0.0,0.015991269,0.51897174
122,0.26551852,0.0,0.16348392,5.3724303,0.010721011,0.0,0.01204787,0.5189715
123,0.5186766,0.0,0.22567998,5.372431,0.008629672,0.0,0.01407357,0.5189713
124,0.26235646,0.0,0.2092383,5.3724313,0.009842811,0.0,0.016435914,0.5189709
125,0.42855445,0.0,0.17024057,5.372432,0.009818524,0.0,0.018008985,0.5189707
126,0.46126947,0.0,0.24763253,5.3724327,0.009945827,0.0,0.014848379,0.5189706
127,0.2890054,0.0,0.37045878,5.3724337,0.007170618,0.0,0.0144724725,0.51897085
128,0.51696885,0.0,0.125529,5.3724346,0.009344874,0.0,0.014904955,0.5189713
129,0.2730734,0.0,0.27721888,5.372435,0.008900413,0.0,0.016337596,0.5189719
130,0.6666818,0.0,0.22092329,5.3724356,0.007953534,0.0,0.014691011,0.5189731
131,0.2633737,0.0,0.30107638,5.372436,0.007197758,0.0,0.013076784,0.518974
132,0.37445182,0.0,0.35718977,5.3724356,0.010313403,0.0,0.015608882,0.5189747
133,0.29684216,0.0,0.17401195,5.3724365,0.009887843,0.0,0.015048208,0.5189763
134,0.56237465,0.0,0.27250937,5.3724365,0.008252615,0.0,0.015096521,0.51897794
135,0.27929154,0.0,0.2994685,5.3724346,0.007704897,0.0,0.014560254,0.5189795
136,0.39943823,0.0,0.1869688,5.3724356,0.009898937,0.0,0.015991403,0.5189809
137,0.55673885,0.0,0.35923097,5.372438,0.008425531,0.0,0.014118653,0.51898247
138,0.2707968,0.0,0.21520045,5.372441,0.007939706,0.0,0.013821782,0.5189838
139,0.44085976,0.0,0.22968265,5.372443,0.009501338,0.0,0.01566129,0.5189849
140,0.53297585,0.0,0.20582764,5.3724422,0.008878055,0.0,0.016015802,0.51898605
141,0.30375397,0.0,0.17921855,5.372441,0.009031424,0.0,0.013942498,0.5189871
142,0.46547645,0.0,0.31760538,5.372441,0.010050799,0.0,0.014847425,0.51898795
143,0.4973641,0.0,0.31368035,5.3724403,0.0096155,0.0,0.017899293,0.5189885
144,0.508651,0.0,0.13865736,5.372441,0.008927881,0.0,0.016442932,0.51898926
145,0.32015514,0.0,0.19292395,5.37244,0.0077074487,0.0,0.015884815,0.51899
146,0.26984712,0.0,0.1866751,5.372442,0.00880508,0.0,0.014763994,0.5189907
147,0.31737107,0.0,0.19385934,5.3724422,0.008578893,0.0,0.015982065,0.51899093
148,0.5675625,0.0,0.22922032,5.3724427,0.008077619,0.0,0.016633391,0.51899165
149,0.18787003,0.0,0.24225304,5.3724413,0.008685908,0.0,0.01535827,0.518992
150,0.51799405,0.0,0.19801271,5.3724384,0.008254437,0.0,0.012726752,0.51899254
151,0.5119227,0.0,0.20310813,5.3724337,0.009800171,0.0,0.017490435,0.5189929
152,0.46487862,0.0,0.15635343,5.37243,0.010963598,0.0,0.01526775,0.5189934
153,0.539852,0.0,0.20716704,5.3724256,0.009615034,0.0,0.014159465,0.5189936
154,0.3849116,0.0,0.13754104,5.37242,0.009301013,0.0,0.015758196,0.5189936
155,0.5307504,0.0,0.26073998,5.372414,0.00874933,0.0,0.012650167,0.5189942
156,0.49939415,0.0,0.2094482,5.37241,0.008749336,0.0,0.017236726,0.5189945
157,0.37656254,0.0,0.18704885,5.372405,0.01049322,0.0,0.016078753,0.51899475
158,0.29314312,0.0,0.31044057,5.372401,0.008770114,0.0,0.015809981,0.51899457
159,0.3429394,0.0,0.32692316,5.372399,0.009581692,0.0,0.015316823,0.51899403
160,0.4416568,0.0,0.19517507,5.372396,0.009317818,0.0,0.015313137,0.51899385
161,0.26537758,0.0,0.16074367,5.3723927,0.00870883,0.0,0.014106584,0.51899385
162,0.2537229,0.0,0.15987206,5.3723907,0.008264973,0.0,0.014578355,0.51899374
163,0.37268373,0.0,0.22634885,5.3723893,0.008846937,0.0,0.0151280705,0.51899374
164,0.39743873,0.0,0.21972537,5.3723874,0.009007429,0.0,0.014252948,0.5189941
165,0.39540052,0.0,0.251502,5.372387,0.008484952,0.0,0.01800748,0.5189944
166,0.21769352,0.0,0.3697522,5.372387,0.009279321,0.0,0.015989007,0.5189947
167,0.3651138,0.0,0.3075568,5.3723893,0.010698522,0.0,0.012419512,0.5189951
168,0.900079,0.0,0.18795358,5.372391,0.009919103,0.0,0.014141719,0.5189954
169,0.2060385,0.0,0.20991008,5.3723917,0.0076255337,0.0,0.015473972,0.5189957
170,0.2559308,0.0,0.1656704,5.372391,0.00866223,0.0,0.014916651,0.51899594
171,0.3134894,0.0,0.18224934,5.3723917,0.008439625,0.0,0.013495944,0.5189963
172,0.45946562,0.0,0.13692936,5.372391,0.010089486,0.0,0.015747482,0.51899666
173,0.21436027,0.0,0.24721129,5.3723907,0.008975368,0.0,0.017900947,0.51899666
174,0.20699829,0.0,0.2695923,5.3723907,0.009812515,0.0,0.016294159,0.5189965
175,0.21721426,0.0,0.14702076,5.3723907,0.008593579,0.0,0.019131197,0.51899636
176,0.25236496,0.0,0.14968216,5.3723917,0.011391095,0.0,0.01212138,0.5189959
177,0.22874941,0.0,0.22353318,5.3723917,0.008481147,0.0,0.015149027,0.51899534
178,0.17157556,0.0,0.16677059,5.3723907,0.0075667505,0.0,0.014375975,0.51899505
179,0.31267327,0.0,0.23249063,5.372391,0.0094474815,0.0,0.017356202,0.51899475
180,0.29858112,0.0,0.15861797,5.3723907,0.010580498,0.0,0.01909069,0.51899475
181,0.21977931,0.0,0.35600165,5.372389,0.009868889,0.0,0.017007805,0.51899475
182,0.34704512,0.0,0.27771866,5.372387,0.009798616,0.0,0.017408466,0.5189945
183,0.55106694,0.0,0.2002521,5.372382,0.007913172,0.0,0.013986538,0.51899433
184,0.32484105,0.0,0.28182325,5.372379,0.00872421,0.0,0.015265906,0.51899433
185,0.2281473,0.0,0.16774753,5.3723745,0.008482796,0.0,0.015146703,0.51899415
186,0.30218643,0.0,0.3628788,5.3723726,0.008601185,0.0,0.014483512,0.51899385
187,0.62611026,0.0,0.22198619,5.372371,0.010978836,0.0,0.012298698,0.5189936
188,0.259755,0.0,0.15876214,5.3723693,0.010780753,0.0,0.012415635,0.5189932
189,0.59309494,0.0,0.15429053,5.372369,0.00911913,0.0,0.01907753,0.51899254
190,0.3989447,0.0,0.17946455,5.372366,0.00873125,0.0,0.016800605,0.51899195
191,0.47880986,0.0,0.20016691,5.3723636,0.007372335,0.0,0.01469114,0.51899123
192,0.3131011,0.0,0.15024075,5.372361,0.010701361,0.0,0.0137373,0.5189902
193,0.6339121,0.0,0.33197245,5.372359,0.011212673,0.0,0.01710735,0.518989
194,0.38905075,0.0,0.32258904,5.3723564,0.0086706355,0.0,0.014086791,0.5189874
195,0.5154011,0.0,0.2502202,5.372354,0.008229816,0.0,0.018790573,0.51898557
196,0.23163049,0.0,0.2007346,5.3723516,0.01097717,0.0,0.016610317,0.518984
197,0.5267872,0.0,0.13585785,5.372351,0.011946789,0.0,0.014136114,0.5189828
198,0.48798463,0.0,0.18805745,5.37235,0.0090465145,0.0,0.014337314,0.5189819
199,0.5448778,0.0,0.24857754,5.3723507,0.0077521973,0.0,0.013682057,0.51898104
200,0.454129,0.0,0.25103846,5.372352,0.0076138503,0.0,0.014006756,0.51898056
201,0.26193768,0.0,0.2135318,5.372354,0.010697908,0.0,0.01729807,0.5189802
202,0.45614153,0.0,0.29298452,5.3723545,0.010784863,0.0,0.017073482,0.51897967
203,0.41451886,0.0,0.31440604,5.372355,0.0095784385,0.0,0.015253406,0.5189789
204,0.7169295,0.0,0.30598837,5.3723555,0.008743337,0.0,0.014790794,0.5189782
205,0.63060856,0.0,0.22028685,5.3723564,0.010355799,0.0,0.015633825,0.51897776
206,0.40743753,0.0,0.2656228,5.3723564,0.009739163,0.0,0.01866746,0.5189773
207,0.6697532,0.0,0.21784426,5.372356,0.00850672,0.0,0.017946504,0.5189771
208,0.45600548,0.0,0.13070194,5.3723564,0.010750571,0.0,0.01669163,0.51897705
209,0.2926584,0.0,0.22900358,5.3723574,0.008485848,0.0,0.015057462,0.51897705
210,0.3897429,0.0,0.13126336,5.3723574,0.00892473,0.0,0.015765112,0.518977
211,0.20307651,0.0,0.18365462,5.3723574,0.008161489,0.0,0.0167068,0.51897705
212,0.31888264,0.0,0.3233506,5.3723564,0.008550762,0.0,0.0135955475,0.51897764
213,0.28157327,0.0,0.13449338,5.372356,0.012139813,0.0,0.0139726745,0.51897806
214,0.6750408,0.0,0.23559855,5.3723545,0.010733639,0.0,0.013419567,0.5189787
215,0.27622965,0.0,0.20309283,5.372353,0.009791123,0.0,0.013773368,0.51897913
216,0.21053499,0.0,0.18389177,5.372351,0.008039688,0.0,0.012565041,0.5189794
217,0.29160932,0.0,0.24669439,5.3723497,0.01005002,0.0,0.01348312,0.51897985
218,0.26050597,0.0,0.20045762,5.3723493,0.009290293,0.0,0.014636431,0.51897985
219,0.3983543,0.0,0.13582605,5.372347,0.008199312,0.0,0.015183196,0.51897985
220,0.37785888,0.0,0.22542095,5.3723445,0.008546337,0.0,0.014887521,0.5189796
221,0.39756787,0.0,0.20100096,5.3723445,0.00864077,0.0,0.011163818,0.51897895
222,0.3737002,0.0,0.13728051,5.372346,0.009846849,0.0,0.01848043,0.5189783
223,0.21180242,0.0,0.1654257,5.372347,0.009163821,0.0,0.011718904,0.51897776
224,0.5247314,0.0,0.19794548,5.372347,0.008461135,0.0,0.013324239,0.5189773
225,0.52531624,0.0,0.1835367,5.3723497,0.008516306,0.0,0.017232921,0.5189768
226,0.4259671,0.0,0.20784582,5.3723507,0.008404182,0.0,0.0130314445,0.5189764
227,0.40302983,0.0,0.14392921,5.372351,0.010292283,0.0,0.013971066,0.5189761
228,0.7253731,0.0,0.24864323,5.372351,0.007453223,0.0,0.014336033,0.51897544
229,0.24172692,0.0,0.3638741,5.3723507,0.006626068,0.0,0.0132088605,0.51897514
230,0.36398703,0.0,0.2763696,5.3723516,0.012657268,0.0,0.014405924,0.5189748
231,0.4626348,0.0,0.25061238,5.3723526,0.0102157295,0.0,0.013735844,0.51897484
232,0.21958418,0.0,0.28660336,5.372354,0.009306538,0.0,0.014478086,0.5189748
233,0.39152163,0.0,0.23017931,5.372356,0.009371906,0.0,0.014070718,0.5189746
234,0.43041205,0.0,0.22243169,5.372359,0.009782816,0.0,0.014130953,0.518974
235,0.3904622,0.0,0.19105294,5.372363,0.009233271,0.0,0.013714373,0.5189738
236,0.5227101,0.0,0.321944,5.3723674,0.009211381,0.0,0.01741062,0.5189733
237,0.39358765,0.0,0.18655798,5.372371,0.008587429,0.0,0.013824702,0.5189727
238,1.1613457,0.0,0.3581762,5.372373,0.008261362,0.0,0.013972722,0.5189722
239,0.4652536,0.0,0.1667871,5.372376,0.009267913,0.0,0.016259545,0.5189717
240,0.25176147,0.0,0.12900339,5.3723774,0.010457073,0.0,0.014200867,0.5189711
241,0.31089792,0.0,0.20523283,5.372376,0.008937565,0.0,0.014345744,0.5189702
242,0.47307894,0.0,0.10122021,5.3723755,0.007500799,0.0,0.015815374,0.5189698
243,0.26451838,0.0,0.18842453,5.3723745,0.00841015,0.0,0.016991705,0.5189696
244,0.27960974,0.0,0.13968019,5.3723755,0.009011788,0.0,0.016667534,0.5189691
245,0.3580129,0.0,0.15774071,5.3723745,0.011975915,0.0,0.015724821,0.51896834
246,0.39577705,0.0,0.18948145,5.372374,0.008598759,0.0,0.012494584,0.51896775
247,0.4628518,0.0,0.21306428,5.3723702,0.00958368,0.0,0.015878364,0.518967
248,0.52743244,0.0,0.3998739,5.3723674,0.008160242,0.0,0.016332613,0.51896626
249,0.34313613,0.0,0.16826813,5.372366,0.010013936,0.0,0.01854723,0.5189661
250,0.51217204,0.0,0.23778538,5.3723655,0.008144026,0.0,0.01707474,0.51896584
251,0.37160173,0.0,0.31864548,5.3723645,0.009595081,0.0,0.015438487,0.5189662
252,0.41527617,0.0,0.34835652,5.3723626,0.008939273,0.0,0.016169906,0.5189669
253,0.2739121,0.0,0.2187533,5.372364,0.010277785,0.0,0.017162671,0.51896733
254,0.28161877,0.0,0.1758466,5.3723636,0.009778762,0.0,0.01586836,0.51896775
255,0.29068044,0.0,0.1563274,5.3723645,0.010965826,0.0,0.015330553,0.51896846
256,0.4708509,0.0,0.3467536,5.3723636,0.008929759,0.0,0.015665723,0.51896954
257,0.16973557,0.0,0.3332606,5.3723645,0.010543024,0.0,0.017235659,0.51897043
258,0.4349007,0.0,0.23146908,5.372365,0.007541982,0.0,0.016006375,0.51897085
259,0.41936085,0.0,0.20901026,5.372367,0.01001555,0.0,0.01234963,0.5189711
260,0.5397423,0.0,0.26900098,5.3723683,0.009968305,0.0,0.017574808,0.51897144
261,0.2643355,0.0,0.40964654,5.372372,0.010047344,0.0,0.017734779,0.518972
262,0.2748605,0.0,0.1869269,5.3723726,0.009440536,0.0,0.017892426,0.51897186
263,0.30109602,0.0,0.17275922,5.3723726,0.010667605,0.0,0.015384495,0.51897347
264,0.29090884,0.0,0.18248208,5.3723717,0.010779622,0.0,0.013663812,0.5189755
265,0.24343368,0.0,0.18119,5.372371,0.008466054,0.0,0.015163194,0.5189771
266,0.46031296,0.0,0.17419548,5.37237,0.0075156894,0.0,0.014385475,0.5189784
267,0.46001515,0.0,0.16357817,5.372369,0.00724117,0.0,0.015885364,0.5189795
268,2.203923,0.0,0.21001972,5.372368,0.0079150405,0.0,0.01315693,0.51898056
269,0.6409806,0.0,0.13636643,5.3723664,0.010248269,0.0,0.016106538,0.5189815
270,0.31394112,0.0,0.15990871,5.3723645,0.013095621,0.0,0.014491716,0.51898193
271,0.63484436,0.0,0.22746488,5.3723626,0.009809384,0.0,0.012017276,0.5189824
272,0.35178828,0.0,0.2694281,5.3723626,0.008234064,0.0,0.016700745,0.5189826
273,0.38205695,0.0,0.20801505,5.372366,0.012248249,0.0,0.0154197905,0.5189827
274,0.25998515,0.0,0.19653176,5.3723702,0.0092423735,0.0,0.0155443065,0.5189824
275,0.41394368,0.0,0.14796332,5.372373,0.0096101975,0.0,0.017649664,0.518982
276,0.42762715,0.0,0.27120566,5.372377,0.009362492,0.0,0.014969558,0.518982
277,0.312261,0.0,0.20388089,5.3723783,0.009899336,0.0,0.014108626,0.5189819
278,0.5618244,0.0,0.25183827,5.37238,0.00819804,0.0,0.018897662,0.5189814
279,0.3912878,0.0,0.15867509,5.372381,0.009643067,0.0,0.015173176,0.5189811
280,0.83604175,0.0,0.30740026,5.3723807,0.009434449,0.0,0.016705748,0.51898056
281,0.4782861,0.0,0.2923578,5.3723793,0.0085112,0.0,0.015213038,0.51897967
282,0.6205951,0.0,0.18773371,5.3723783,0.009242216,0.0,0.016182479,0.5189793
283,0.25115094,0.0,0.18492047,5.3723774,0.009844172,0.0,0.014481036,0.51897883
284,0.20516126,0.0,0.49400538,5.3723774,0.008031362,0.0,0.017256908,0.5189784
285,0.47553688,0.0,0.207918,5.372377,0.008886746,0.0,0.012775937,0.5189777
286,0.27335683,0.0,0.30183253,5.372374,0.008921554,0.0,0.016098626,0.5189766
287,0.4488018,0.0,0.13323005,5.372373,0.010409392,0.0,0.016456112,0.518976
288,0.5469172,0.0,0.4525962,5.372372,0.008100666,0.0,0.016226491,0.5189758
289,0.483728,0.0,0.15597853,5.3723726,0.006928121,0.0,0.014828208,0.5189757
290,0.39948818,0.0,0.10987832,5.372371,0.00967784,0.0,0.014815446,0.5189758
291,0.5499041,0.0,0.17533202,5.3723707,0.011702138,0.0,0.017446918,0.51897615
292,0.302946,0.0,0.31614116,5.372369,0.010715426,0.0,0.015428649,0.5189765
293,0.30625546,0.0,0.36386582,5.3723655,0.0069398214,0.0,0.016799038,0.5189774
294,0.3424985,0.0,0.14494266,5.3723626,0.008174907,0.0,0.015937,0.51897895
295,0.3445532,0.0,0.37455514,5.372359,0.009045372,0.0,0.015486933,0.51898015
296,0.22950731,0.0,0.3888107,5.3723545,0.010569432,0.0,0.01514687,0.51898086
297,0.41939804,0.0,0.18189195,5.372348,0.011791745,0.0,0.014980943,0.51898134
298,0.6704029,0.0,0.15319319,5.372342,0.010158388,0.0,0.0132845305,0.5189822
299,0.5218829,0.0,0.18876433,5.3723364,0.009708029,0.0,0.015823407,0.51898265
300,0.57570684,0.0,0.23964326,5.3723316,0.009751727,0.0,0.015699003,0.51898277
301,0.2821583,0.0,0.26712483,5.372329,0.007481886,0.0,0.016726252,0.51898277
302,0.2303145,0.0,0.15560478,5.3723288,0.007955128,0.0,0.014649531,0.5189828
303,0.96636707,0.0,0.22377798,5.3723283,0.009056509,0.0,0.014904039,0.5189829
304,0.6311768,0.0,0.11287288,5.3723264,0.008896486,0.0,0.01845639,0.5189833
305,0.4606733,0.0,0.26677036,5.3723254,0.0099654095,0.0,0.014251643,0.5189838
306,0.55552316,0.0,0.27761716,5.372322,0.008609001,0.0,0.017414492,0.5189844
307,0.38249043,0.0,0.20741111,5.3723197,0.008179206,0.0,0.014814564,0.51898485
308,0.34812176,0.0,0.18489647,5.3723187,0.008767653,0.0,0.015551323,0.51898545
309,0.5291569,0.0,0.29718578,5.372317,0.010266273,0.0,0.014048794,0.51898617
310,0.8431215,0.0,0.20984732,5.372318,0.010235127,0.0,0.013052524,0.518987
311,0.4134964,0.0,0.21033229,5.372317,0.007332545,0.0,0.016389176,0.51898795
312,0.33463192,0.0,0.21425584,5.372318,0.0074431016,0.0,0.014936034,0.5189895
313,0.31680238,0.0,0.26444894,5.3723173,0.008581719,0.0,0.011906369,0.51899016
314,0.27146626,0.0,0.22581947,5.3723187,0.0100173745,0.0,0.0152786225,0.51899076
315,0.41265455,0.0,0.24926199,5.372319,0.008715466,0.0,0.014692218,0.5189915
316,0.21399888,0.0,0.24488333,5.3723183,0.0099182315,0.0,0.014757429,0.5189924
317,0.27266955,0.0,0.15049128,5.3723164,0.009785501,0.0,0.01560368,0.518993
318,0.61449695,0.0,0.18497764,5.372312,0.011103656,0.0,0.01809218,0.5189931
319,0.27287027,0.0,0.16667517,5.372311,0.008522268,0.0,0.012323857,0.5189936
320,0.26175255,0.0,0.32905316,5.3723083,0.008540276,0.0,0.01363288,0.5189938
321,0.6184703,0.0,0.19679168,5.372309,0.008205507,0.0,0.016735079,0.5189942
322,0.8086007,0.0,0.11969409,5.372309,0.009947336,0.0,0.017790005,0.5189946
323,0.3448241,0.0,0.2010842,5.372308,0.008669492,0.0,0.019064773,0.5189949
324,0.41408995,0.0,0.37846965,5.3723073,0.010851433,0.0,0.016561612,0.5189948
325,0.5391825,0.0,0.16493863,5.3723063,0.009009102,0.0,0.017505843,0.518995
326,0.36201224,0.0,0.23548819,5.372307,0.0076194843,0.0,0.016046472,0.51899487
327,0.2956113,0.0,0.14853306,5.372306,0.009240455,0.0,0.018018125,0.51899475
328,0.75623447,0.0,0.17592409,5.3723035,0.010121693,0.0,0.014940773,0.51899433
329,0.23430552,0.0,0.23264135,5.3723006,0.009384814,0.0,0.012776257,0.51899403
330,0.41574338,0.0,0.52262324,5.3722982,0.0075695985,0.0,0.015563155,0.51899374
331,0.36599517,0.0,0.23130774,5.372299,0.008304981,0.0,0.015911376,0.5189937
332,0.37682626,0.0,0.21825995,5.372299,0.007362515,0.0,0.015396563,0.5189937
333,0.38460228,0.0,0.37757087,5.3722997,0.011370872,0.0,0.014106768,0.5189939
334,0.7175159,0.0,0.42029387,5.372303,0.009955551,0.0,0.014576476,0.51899403
335,0.6551225,0.0,0.58846146,5.3723054,0.009545936,0.0,0.013110162,0.51899403
336,0.6060185,0.0,0.25938162,5.372302,0.009631662,0.0,0.014378493,0.51899403
337,0.20913585,0.0,0.20210296,5.3722997,0.010972673,0.0,0.016485963,0.51899403
338,0.42701316,0.0,0.23405743,5.372299,0.0076736165,0.0,0.016076297,0.5189942
339,0.3667493,0.0,0.14275461,5.372299,0.008306455,0.0,0.015034672,0.5189947
340,0.5474048,0.0,0.19089633,5.3722987,0.009488685,0.0,0.017613819,0.5189947
341,0.266141,0.0,0.1992355,5.3722973,0.009031234,0.0,0.014747735,0.5189946
342,0.52975017,0.0,0.120026715,5.3722963,0.009847565,0.0,0.013192602,0.51899445
343,0.63671005,0.0,0.22132492,5.372296,0.010448914,0.0,0.015116619,0.51899457
344,0.43860617,0.0,0.21468072,5.372295,0.010736258,0.0,0.015532044,0.5189947
345,0.3733703,0.0,0.22381748,5.3722963,0.010404444,0.0,0.013407306,0.5189943
346,0.21214658,0.0,0.29340503,5.372297,0.009156924,0.0,0.01544223,0.5189938
347,0.1644466,0.0,0.2546311,5.3722997,0.0075561916,0.0,0.01453438,0.5189933
348,0.40832824,0.0,0.2736413,5.3723025,0.0077838413,0.0,0.013515825,0.518993
349,0.2362897,0.0,0.29342875,5.372304,0.0073825284,0.0,0.013211425,0.5189927
350,0.36022118,0.0,0.120529,5.3723044,0.008977418,0.0,0.014144266,0.5189922
351,0.42600027,0.0,0.1829713,5.372305,0.010262347,0.0,0.015572804,0.51899123
352,0.28870222,0.0,0.20983128,5.3723035,0.008360677,0.0,0.014995003,0.5189902
353,0.37720597,0.0,0.2399059,5.3723016,0.008319324,0.0,0.014189782,0.51898926
354,0.32714605,0.0,0.107257634,5.3723006,0.0093671195,0.0,0.016988032,0.51898843
355,0.33185583,0.0,0.3498683,5.372299,0.009085762,0.0,0.015787315,0.5189876
356,0.36546525,0.0,0.21093622,5.3722963,0.009216386,0.0,0.013209379,0.51898736
357,0.3141042,0.0,0.29333034,5.372295,0.008916903,0.0,0.021193782,0.5189871
358,0.36129072,0.0,0.1986852,5.372292,0.008542872,0.0,0.01442263,0.518987
359,0.21883787,0.0,0.27985188,5.3722897,0.009026263,0.0,0.01922204,0.5189872
360,0.24753918,0.0,0.18574898,5.372287,0.007757483,0.0,0.014653057,0.5189878
361,0.7168115,0.0,0.1470251,5.3722863,0.0074535804,0.0,0.014249998,0.51898813
362,0.31287193,0.0,0.24581097,5.372285,0.00954245,0.0,0.0154090375,0.5189882
363,0.44894004,0.0,0.22177054,5.372283,0.009072894,0.0,0.013677504,0.5189883
364,0.25282484,0.0,0.16845009,5.372281,0.00825889,0.0,0.01504972,0.51898813
365,0.3246587,0.0,0.21376112,5.3722777,0.010100295,0.0,0.01855522,0.5189878
366,0.26155415,0.0,0.19286749,5.372274,0.010795485,0.0,0.014730784,0.51898766
367,0.44988757,0.0,0.08585007,5.3722706,0.007019668,0.0,0.015287517,0.5189874
368,0.32518977,0.0,0.17493135,5.3722672,0.009910723,0.0,0.013341005,0.5189871
369,0.66027385,0.0,0.1911263,5.372264,0.008013054,0.0,0.0149607835,0.518987
370,0.61870116,0.0,0.18950614,5.3722606,0.009770977,0.0,0.013658173,0.51898694
371,0.57136214,0.0,0.15471019,5.372256,0.0073689087,0.0,0.01727765,0.5189871
372,0.6065593,0.0,0.22676982,5.3722525,0.008189173,0.0,0.014753719,0.51898706
373,0.31876972,0.0,0.28709647,5.372249,0.009407049,0.0,0.013262907,0.51898694
374,0.26375753,0.0,0.37796196,5.372247,0.0075121196,0.0,0.015194173,0.51898676
375,0.20797023,0.0,0.3117909,5.3722496,0.007955093,0.0,0.013743792,0.5189865
376,0.75588304,0.0,0.34607342,5.3722515,0.008949003,0.0,0.014441725,0.5189862
377,0.44586316,0.0,0.16141891,5.372254,0.010514655,0.0,0.012376011,0.5189856
378,0.19660163,0.0,0.27531195,5.3722568,0.008253653,0.0,0.015660008,0.5189851
379,0.35152212,0.0,0.1544108,5.372259,0.008213091,0.0,0.013526659,0.5189849
380,0.6187072,0.0,0.21479341,5.372261,0.0107181035,0.0,0.012007044,0.5189847
381,0.21345785,0.0,0.21084799,5.3722644,0.009143526,0.0,0.012645321,0.5189845
382,0.39512178,0.0,0.2842467,5.372267,0.008079636,0.0,0.017936854,0.51898474
383,0.4374063,0.0,0.22108626,5.372268,0.00986154,0.0,0.015458517,0.5189849
384,0.7186136,0.0,0.22755955,5.37227,0.009058192,0.0,0.013149774,0.5189859
385,0.39829212,0.0,0.19839655,5.372272,0.009467864,0.0,0.016569845,0.51898664
386,0.24035072,0.0,0.36583722,5.3722763,0.009923054,0.0,0.015235584,0.51898736
387,0.3779164,0.0,0.21646683,5.3722796,0.009824499,0.0,0.014481304,0.518988
388,0.28073376,0.0,0.1885177,5.3722825,0.010854816,0.0,0.017014686,0.5189889
389,0.43561962,0.0,0.11709307,5.3722863,0.009850573,0.0,0.014447236,0.5189895
390,0.26211017,0.0,0.22154231,5.37229,0.008330948,0.0,0.019452222,0.51899004
391,0.2816096,0.0,0.20594896,5.372295,0.011437658,0.0,0.016150083,0.5189907
392,0.27019277,0.0,0.16907433,5.3722973,0.009539622,0.0,0.015340414,0.51899135
393,0.50686,0.0,0.20325315,5.3723,0.008380124,0.0,0.015764255,0.51899195
394,0.76038146,0.0,0.29974827,5.372304,0.008335277,0.0,0.013905679,0.518993
395,0.30599552,0.0,0.2431238,5.372307,0.011999642,0.0,0.01788434,0.51899374
396,0.46369538,0.0,0.1308343,5.372309,0.00730257,0.0,0.01702666,0.5189945
397,0.48365727,0.0,0.117914386,5.372312,0.010200236,0.0,0.017208125,0.51899594
398,0.49771193,0.0,0.19503893,5.372313,0.009236193,0.0,0.015985293,0.5189974
399,0.4200122,0.0,0.11799794,5.372314,0.010111971,0.0,0.015079552,0.51899827
400,0.4043933,0.0,0.12877002,5.372315,0.00920641,0.0,0.014931671,0.5189995
401,0.45585644,0.0,0.23303832,5.372315,0.0086324625,0.0,0.013489456,0.51900077
402,0.37760743,0.0,0.2101436,5.372316,0.009408188,0.0,0.013462428,0.51900196
403,0.30169004,0.0,0.3941414,5.372314,0.008950991,0.0,0.016005969,0.5190027
404,0.29561922,0.0,0.24709469,5.3723173,0.008905653,0.0,0.017108796,0.5190033
405,0.60426515,0.0,0.18467553,5.3723197,0.008508082,0.0,0.015433051,0.519004
406,0.24059363,0.0,0.21529193,5.372321,0.010945495,0.0,0.01271917,0.5190047
407,0.27175692,0.0,0.22463384,5.3723216,0.010885181,0.0,0.017649403,0.51900524
408,0.502181,0.0,0.22459956,5.372323,0.008433758,0.0,0.013434166,0.5190062
409,0.37270832,0.0,0.37353736,5.3723245,0.008127195,0.0,0.015401187,0.51900667
410,0.5239952,0.0,0.23420583,5.372329,0.0091871815,0.0,0.014443186,0.51900756
411,0.49030262,0.0,0.20150638,5.3723326,0.009029437,0.0,0.015358647,0.51900876
412,0.6002489,0.0,0.16351004,5.3723392,0.00843129,0.0,0.015098492,0.5190099
413,0.8340962,0.0,0.24447772,5.372345,0.009682549,0.0,0.017906599,0.5190107
414,0.310454,0.0,0.23083247,5.372347,0.00755797,0.0,0.014810289,0.5190119
415,0.85681176,0.0,0.1761529,5.372348,0.008302335,0.0,0.012650622,0.5190128
416,0.32691878,0.0,0.30618623,5.3723474,0.009625256,0.0,0.013114823,0.51901364
417,0.80097103,0.0,0.17554545,5.3723464,0.009278509,0.0,0.013802183,0.5190144
418,0.3899007,0.0,0.18216749,5.3723445,0.009932074,0.0,0.014836321,0.51901525
419,0.31760818,0.0,0.2004238,5.3723435,0.008034136,0.0,0.016757062,0.51901597
420,0.7770067,0.0,0.26256126,5.3723426,0.00875009,0.0,0.016137645,0.5190165
421,0.58274645,0.0,0.20291996,5.3723426,0.0073843123,0.0,0.013387097,0.5190168
422,0.1947665,0.0,0.32654536,5.372343,0.009861166,0.0,0.01554627,0.51901686
423,0.37987313,0.0,0.23285995,5.3723426,0.00933702,0.0,0.014842505,0.5190165
424,0.27448934,0.0,0.2075724,5.3723445,0.011349214,0.0,0.0127639165,0.5190164
425,0.34718826,0.0,0.433766,5.3723445,0.009416157,0.0,0.014880618,0.5190163
426,0.620832,0.0,0.25811687,5.3723474,0.010135375,0.0,0.014859361,0.5190162
427,0.42836657,0.0,0.2034148,5.37235,0.010695207,0.0,0.013860409,0.51901597
428,0.68912625,0.0,0.23383987,5.372354,0.00659209,0.0,0.014637466,0.5190158
429,0.3117437,0.0,0.24969676,5.372357,0.009835842,0.0,0.011931155,0.51901585
430,0.255212,0.0,0.14983362,5.3723607,0.011309416,0.0,0.013137178,0.51901543
431,0.23673749,0.0,0.2512087,5.3723626,0.007105718,0.0,0.014349942,0.51901525
432,0.5819734,0.0,0.15068811,5.3723636,0.009141318,0.0,0.013881851,0.519015
433,0.5336008,0.0,0.24671769,5.372363,0.008926092,0.0,0.020062337,0.5190149
434,0.49666858,0.0,0.22127935,5.3723626,0.0069841095,0.0,0.016936054,0.5190145
435,0.5964685,0.0,0.14676626,5.3723617,0.01023308,0.0,0.01658015,0.51901406
436,0.29040247,0.0,0.2580968,5.37236,0.009862977,0.0,0.016068218,0.5190135
437,0.24450411,0.0,0.36941895,5.3723593,0.009661528,0.0,0.015667591,0.5190125
438,0.3831322,0.0,0.14374435,5.3723598,0.011149243,0.0,0.015379902,0.51901174
439,0.42315832,0.0,0.27100042,5.3723598,0.011006381,0.0,0.014446186,0.5190111
440,0.33625725,0.0,0.18953006,5.3723564,0.009008865,0.0,0.017369393,0.5190101
441,0.59381753,0.0,0.28458104,5.372355,0.010621584,0.0,0.015086353,0.51900953
442,0.79035705,0.0,0.2851144,5.3723536,0.008119418,0.0,0.015347313,0.5190084
443,0.3026099,0.0,0.26016712,5.3723536,0.008421269,0.0,0.015316671,0.5190071
444,0.27085373,0.0,0.19948217,5.372351,0.008410502,0.0,0.018277666,0.51900554
445,0.17613617,0.0,0.22680834,5.372351,0.008546058,0.0,0.016180366,0.5190043
446,0.24434792,0.0,0.43585032,5.3723507,0.0077633075,0.0,0.013162175,0.51900333
447,0.46256626,0.0,0.29167414,5.372349,0.0075362595,0.0,0.016436158,0.51900244
448,0.48824784,0.0,0.2441432,5.3723483,0.009885919,0.0,0.014202717,0.51900196
449,0.3452688,0.0,0.21046093,5.372347,0.007076434,0.0,0.016023818,0.5190018
450,0.47126186,0.0,0.23629168,5.372345,0.008724585,0.0,0.014606096,0.519002
451,0.5083504,0.0,0.17061822,5.372345,0.012288492,0.0,0.015477328,0.5190022
452,0.53349686,0.0,0.16193815,5.372345,0.008865084,0.0,0.015624145,0.5190024
453,0.3839347,0.0,0.26565656,5.3723445,0.010696982,0.0,0.017913878,0.51900244
454,0.4282593,0.0,0.21181175,5.3723435,0.008450555,0.0,0.018314742,0.5190024
455,0.32037124,0.0,0.16102347,5.3723426,0.0088405525,0.0,0.019677538,0.51900196
456,0.66451627,0.0,0.22659212,5.372341,0.010740977,0.0,0.015212801,0.51900125
457,0.5553659,0.0,0.22751649,5.372341,0.009266618,0.0,0.014889167,0.5190002
458,0.3772245,0.0,0.117635,5.3723426,0.00789598,0.0,0.017397396,0.51899886
459,0.33300772,0.0,0.27559677,5.372344,0.009347665,0.0,0.015325278,0.51899713
460,0.2754478,0.0,0.111677036,5.372345,0.00973777,0.0,0.015103129,0.5189956
461,0.4891054,0.0,0.29913995,5.3723464,0.009899065,0.0,0.013739456,0.51899415
462,0.34244007,0.0,0.257422,5.3723474,0.009090066,0.0,0.015371756,0.5189933
463,0.27661172,0.0,0.22904284,5.3723516,0.008835174,0.0,0.015863722,0.51899254
464,0.32181782,0.0,0.16872929,5.372356,0.0084326845,0.0,0.015179122,0.51899254
465,0.3108137,0.0,0.29692328,5.37236,0.009222872,0.0,0.014162722,0.51899254
466,0.24103059,0.0,0.16215362,5.3723607,0.010235148,0.0,0.0128184175,0.51899236
467,0.69443566,0.0,0.27033195,5.372362,0.006842599,0.0,0.017871806,0.5189922
468,0.31037357,0.0,0.16797706,5.3723626,0.009314807,0.0,0.015587182,0.5189921
469,0.25777942,0.0,0.28946772,5.372363,0.00844364,0.0,0.017046832,0.51899225
470,0.26884496,0.0,0.2424157,5.3723645,0.008400715,0.0,0.0155166015,0.5189924
471,0.22216119,0.0,0.25428137,5.372365,0.010403505,0.0,0.015226373,0.5189925
472,0.419288,0.0,0.35036916,5.3723655,0.0084065385,0.0,0.016947981,0.5189926
473,0.3460742,0.0,0.17640054,5.3723674,0.0088658845,0.0,0.013817207,0.5189925
474,0.3358243,0.0,0.18635459,5.3723683,0.0081694685,0.0,0.017862774,0.5189922
475,0.5805856,0.0,0.23651822,5.372369,0.00831365,0.0,0.014762999,0.518992
476,0.55268914,0.0,0.19358148,5.372368,0.010636364,0.0,0.018707126,0.51899207
477,0.35485405,0.0,0.14017884,5.3723664,0.011024011,0.0,0.015371524,0.5189918
478,0.31648484,0.0,0.20517702,5.3723645,0.008610055,0.0,0.01584808,0.5189921
479,0.523049,0.0,0.22009717,5.37236,0.008702367,0.0,0.016367897,0.51899254
480,0.48474872,0.0,0.34089655,5.372357,0.009221489,0.0,0.018557588,0.518993
481,0.6031574,0.0,0.12779558,5.3723574,0.009418219,0.0,0.013027794,0.5189935
482,0.2763671,0.0,0.3026846,5.3723593,0.009282504,0.0,0.01837012,0.5189941
483,0.34622085,0.0,0.18744597,5.37236,0.0082706325,0.0,0.0137429135,0.51899457
484,0.3588662,0.0,0.19775967,5.3723607,0.007907587,0.0,0.013204213,0.51899475
485,0.26043692,0.0,0.26811928,5.3723607,0.009494159,0.0,0.017484503,0.5189951
486,0.41858086,0.0,0.22641847,5.3723607,0.009343772,0.0,0.017494407,0.5189955
487,0.39421156,0.0,0.2817694,5.3723617,0.0105110025,0.0,0.015443991,0.5189956
488,0.45109883,0.0,0.24634,5.372361,0.011057848,0.0,0.013634671,0.5189958
489,0.9310309,0.0,0.2430201,5.372358,0.009421522,0.0,0.016685843,0.5189963
490,0.26495394,0.0,0.2457943,5.372355,0.0086715575,0.0,0.01409404,0.5189968
491,0.50290704,0.0,0.2299543,5.3723516,0.010742297,0.0,0.017177155,0.51899725
492,0.4310186,0.0,0.2332204,5.3723474,0.009583248,0.0,0.015599541,0.51899797
493,0.26412222,0.0,0.2461542,5.372347,0.009521315,0.0,0.013066715,0.51899827
494,0.4173072,0.0,0.16275421,5.3723464,0.009259716,0.0,0.01768338,0.5189984
495,0.23909229,0.0,0.2254484,5.3723445,0.007143204,0.0,0.016958844,0.5189985
496,0.42247844,0.0,0.2248344,5.372342,0.009567489,0.0,0.015571322,0.51899874
497,0.26763582,0.0,0.25363526,5.37234,0.010641264,0.0,0.012432695,0.51899916
498,0.26121956,0.0,0.2296056,5.3723383,0.009433981,0.0,0.013361801,0.5189998
499,0.57997316,0.0,0.18906054,5.372337,0.010434609,0.0,0.016736258,0.5190002
500,0.5116055,0.0,0.18284984,5.372335,0.0112280315,0.0,0.016578382,0.5190003
501,0.3084155,0.0,0.18429945,5.3723345,0.0077742585,0.0,0.013987378,0.5190002
502,0.7465659,0.0,0.30475107,5.372334,0.008574618,0.0,0.015251659,0.5190001
503,0.34887007,0.0,0.14833033,5.372334,0.009980597,0.0,0.015600132,0.5190002
504,0.3112456,0.0,0.15451348,5.372334,0.009377643,0.0,0.0133241145,0.5190001
505,0.28051728,0.0,0.23158506,5.3723335,0.008226387,0.0,0.018298913,0.5190004
506,0.23024699,0.0,0.17531353,5.372333,0.009677305,0.0,0.014810007,0.5190009
507,0.23756629,0.0,0.16083391,5.372333,0.0082809925,0.0,0.012844874,0.51900107
508,0.35367692,0.0,0.1775378,5.372334,0.011220096,0.0,0.014963974,0.5190011
509,0.5837266,0.0,0.15070218,5.372334,0.009738482,0.0,0.016550085,0.5190009
510,0.18655248,0.0,0.25915527,5.372334,0.010080945,0.0,0.016020609,0.5190007
511,0.7305315,0.0,0.22412114,5.372332,0.00855146,0.0,0.014395723,0.5190008
512,0.27968377,0.0,0.22367801,5.37233,0.008128822,0.0,0.018400155,0.5190012
513,0.70233834,0.0,0.152004,5.372327,0.0095470445,0.0,0.012482894,0.5190018
514,0.24135566,0.0,0.20893727,5.372323,0.010481769,0.0,0.014863225,0.5190027
515,0.23108703,0.0,0.2888125,5.3723216,0.009147644,0.0,0.016038788,0.51900375
516,0.62731594,0.0,0.1718736,5.3723183,0.009393763,0.0,0.01501639,0.5190051
517,0.3974967,0.0,0.14942357,5.372315,0.008311738,0.0,0.0153084025,0.5190067
518,0.6438509,0.0,0.26128533,5.372312,0.009323286,0.0,0.013524045,0.5190074
519,0.7289766,0.0,0.19177464,5.372309,0.011354541,0.0,0.017048266,0.51900804
520,0.3652499,0.0,0.4089191,5.372307,0.009616456,0.0,0.0143545,0.5190086
521,0.22976494,0.0,0.17887516,5.372306,0.009200058,0.0,0.016521115,0.5190092
522,0.37507904,0.0,0.2530349,5.372305,0.009348959,0.0,0.014761826,0.51900965
523,0.5894477,0.0,0.28437775,5.372306,0.008631993,0.0,0.015249404,0.51901037
524,0.33413917,0.0,0.12483508,5.372308,0.009932769,0.0,0.013660868,0.519011
525,0.40764531,0.0,0.21303187,5.3723087,0.011738989,0.0,0.014479028,0.5190113
526,0.530781,0.0,0.31311575,5.37231,0.008790026,0.0,0.015882893,0.5190118
527,0.285405,0.0,0.288207,5.372311,0.010940826,0.0,0.01505288,0.5190127
528,0.31644797,0.0,0.33707207,5.372312,0.008723568,0.0,0.015363585,0.51901364
529,0.8443724,0.0,0.12931801,5.372308,0.008202816,0.0,0.016599547,0.51901484
530,0.30366483,0.0,0.17596722,5.3723054,0.0076390067,0.0,0.014377286,0.5190159
531,0.31829453,0.0,0.16397405,5.372302,0.008956029,0.0,0.013581574,0.5190169
532,0.5595783,0.0,0.1273256,5.372299,0.008521382,0.0,0.017127551,0.51901776
533,0.42653412,0.0,0.31014803,5.3722963,0.009214938,0.0,0.01684155,0.519018
534,0.35123917,0.0,0.2650583,5.372295,0.009262275,0.0,0.015666097,0.5190183
535,0.19442259,0.0,0.21450147,5.372292,0.011705893,0.0,0.018542904,0.5190186
536,0.2721511,0.0,0.17654264,5.3722897,0.009344718,0.0,0.015174211,0.51901895
537,0.52036124,0.0,0.17887452,5.3722863,0.007184774,0.0,0.015546906,0.519019
538,0.24389048,0.0,0.44924498,5.372283,0.01109608,0.0,0.014405357,0.51901895
539,0.4100486,0.0,0.20078778,5.372282,0.007279948,0.0,0.016134862,0.5190187
540,0.23121288,0.0,0.22390853,5.3722844,0.008149373,0.0,0.013708068,0.51901865
541,0.24153262,0.0,0.16616677,5.372287,0.009052545,0.0,0.015109614,0.51901865
542,0.46228468,0.0,0.281893,5.3722887,0.00874981,0.0,0.018286888,0.5190185
543,0.3012071,0.0,0.1418326,5.372291,0.011250361,0.0,0.014304618,0.5190189
544,0.3113115,0.0,0.20526807,5.372293,0.009110633,0.0,0.014203501,0.51901954
545,0.36706236,0.0,0.34805188,5.3722925,0.0093409335,0.0,0.014794733,0.51902014
546,0.30057675,0.0,0.38159147,5.372295,0.009153495,0.0,0.013610208,0.51902074
547,0.2628688,0.0,0.14587383,5.3722963,0.010066668,0.0,0.013838215,0.51902115
548,0.46224636,0.0,0.16195683,5.3722987,0.008867647,0.0,0.015264844,0.5190212
549,0.2450148,0.0,0.23834464,5.3722997,0.009823094,0.0,0.017074462,0.519021
550,0.39604446,0.0,0.18267664,5.3723025,0.011705415,0.0,0.013780792,0.51902103
551,0.40096408,0.0,0.1859233,5.372304,0.011927341,0.0,0.014350913,0.5190209
552,0.42535377,0.0,0.2222084,5.3723073,0.008463249,0.0,0.015383276,0.5190208
553,0.25660124,0.0,0.16928641,5.3723073,0.008933283,0.0,0.012909634,0.51902086
554,0.4341284,0.0,0.13790478,5.3723083,0.01140387,0.0,0.01543175,0.5190212
555,0.425804,0.0,0.12706593,5.3723097,0.008614512,0.0,0.018422924,0.5190213
556,0.21564911,0.0,0.22677414,5.37231,0.008997773,0.0,0.012679092,0.5190222
557,0.29714483,0.0,0.24209163,5.3723097,0.009782799,0.0,0.013170616,0.51902306
558,0.44785953,0.0,0.19883789,5.372308,0.006985188,0.0,0.016122563,0.5190237
559,0.43975934,0.0,0.20849212,5.372307,0.010623453,0.0,0.013309864,0.51902425
560,0.87438625,0.0,0.10739872,5.3723054,0.0074939216,0.0,0.016547807,0.51902497
561,0.3859859,0.0,0.15081389,5.372303,0.008716458,0.0,0.015842823,0.5190261
562,0.88703126,0.0,0.29197863,5.3722997,0.010115377,0.0,0.0146869095,0.5190269
563,0.1995073,0.0,0.21601601,5.3722963,0.008152395,0.0,0.014607781,0.51902735
564,0.19715919,0.0,0.19510953,5.372294,0.010415045,0.0,0.017029207,0.51902795
565,0.23693334,0.0,0.13422045,5.3722935,0.009340471,0.0,0.016616482,0.51902825
566,0.38914973,0.0,0.28188828,5.3722925,0.0098985545,0.0,0.015198887,0.51902837
567,0.5691445,0.0,0.18069574,5.372291,0.008444117,0.0,0.015542049,0.51902837
568,0.29320395,0.0,0.42298424,5.3722906,0.0077417307,0.0,0.015345242,0.51902807
569,0.37758094,0.0,0.26368928,5.3722906,0.0077275797,0.0,0.013483416,0.5190277
570,0.71574795,0.0,0.25841984,5.37229,0.009755931,0.0,0.015768675,0.5190275
571,0.61980367,0.0,0.27343756,5.372288,0.0073886104,0.0,0.013428561,0.5190277
572,0.3880782,0.0,0.18509807,5.372287,0.008987597,0.0,0.0148412585,0.5190276
573,0.99573815,0.0,0.16316383,5.3722844,0.010760368,0.0,0.014262038,0.5190276
574,0.2686137,0.0,0.18373473,5.3722816,0.0083602965,0.0,0.0151118785,0.5190274
575,0.5993572,0.0,0.18767965,5.3722787,0.0078906445,0.0,0.01612199,0.51902723
576,0.5903082,0.0,0.15839867,5.3722744,0.008397679,0.0,0.017440228,0.51902723
577,0.3808385,0.0,0.15415953,5.372271,0.00915848,0.0,0.018163959,0.5190274
578,1.2429717,0.0,0.13600768,5.3722687,0.0101696905,0.0,0.013841119,0.51902753
579,0.26139143,0.0,0.20615546,5.372267,0.010111617,0.0,0.01512542,0.51902795
580,0.31790766,0.0,0.16334082,5.3722644,0.009058527,0.0,0.015129713,0.5190285
581,0.66913205,0.0,0.21113446,5.372262,0.010109216,0.0,0.020155994,0.519029
582,0.5298725,0.0,0.33270645,5.3722615,0.008793753,0.0,0.016859379,0.51902986
583,0.42117912,0.0,0.21897565,5.37226,0.009192495,0.0,0.01584914,0.51903063
584,0.3658017,0.0,0.25720164,5.37226,0.007397467,0.0,0.014415091,0.51903105
585,0.5686277,0.0,0.2769906,5.37226,0.007662528,0.0,0.014059472,0.5190315
586,0.2287462,0.0,0.35073978,5.3722587,0.010157699,0.0,0.013482029,0.5190323
587,0.20732449,0.0,0.19724955,5.3722587,0.0100529,0.0,0.015238803,0.5190335
588,0.19477095,0.0,0.22503236,5.3722587,0.008934718,0.0,0.016613029,0.5190345
589,0.32095915,0.0,0.1968803,5.3722596,0.008628635,0.0,0.01547418,0.5190353
590,0.58300346,0.0,0.2588628,5.3722587,0.008903069,0.0,0.015214746,0.51903564
591,0.42886162,0.0,0.23581049,5.3722625,0.008211607,0.0,0.015573785,0.5190364
592,0.41119146,0.0,0.19767474,5.372264,0.010448887,0.0,0.015546765,0.51903725
593,0.28149256,0.0,0.16087323,5.372265,0.010464744,0.0,0.01551453,0.5190374
594,0.3007588,0.0,0.12680982,5.3722663,0.010810908,0.0,0.014425335,0.51903766
595,0.4818948,0.0,0.24512345,5.372267,0.010660434,0.0,0.014826895,0.5190374
596,0.41726503,0.0,0.1745118,5.372266,0.010610098,0.0,0.016401252,0.51903695
597,0.42331514,0.0,0.24464032,5.3722644,0.0086287055,0.0,0.017307397,0.5190364
598,0.55621123,0.0,0.21349153,5.372264,0.009449307,0.0,0.01568627,0.5190354
599,0.5403377,0.0,0.24265961,5.372262,0.00893889,0.0,0.015663145,0.5190343
600,0.5235419,0.0,0.14532319,5.3722615,0.009867523,0.0,0.020327458,0.51903284
601,0.83631,0.0,0.41096282,5.372263,0.008350159,0.0,0.014490126,0.5190324
602,0.41189322,0.0,0.18677847,5.3722653,0.008563922,0.0,0.014825892,0.51903224
603,0.58701086,0.0,0.26336136,5.372267,0.0099064,0.0,0.014738737,0.5190322
604,0.34353742,0.0,0.22185649,5.372267,0.008043757,0.0,0.01525255,0.5190323
605,0.17540772,0.0,0.12761252,5.3722672,0.009131673,0.0,0.014945159,0.51903194
606,0.27925295,0.0,0.27196205,5.3722663,0.010189853,0.0,0.016565725,0.51903164
607,0.30861035,0.0,0.35688576,5.3722663,0.008836082,0.0,0.019263098,0.51903135
608,0.7916153,0.0,0.21205202,5.3722672,0.009411762,0.0,0.016572352,0.5190315
609,0.5938918,0.0,0.19553898,5.3722672,0.008647561,0.0,0.015949782,0.5190314
610,0.22019382,0.0,0.16461267,5.3722672,0.010558785,0.0,0.017150667,0.5190308
611,0.5859372,0.0,0.14396784,5.372265,0.007690822,0.0,0.013688725,0.5190297
612,0.74250317,0.0,0.2845046,5.3722634,0.008541453,0.0,0.017286817,0.5190285
613,0.34260324,0.0,0.178475,5.372262,0.008705184,0.0,0.01945115,0.51902723
614,0.48006162,0.0,0.24783908,5.372261,0.011631707,0.0,0.015848093,0.5190264
615,0.31289575,0.0,0.22616582,5.3722577,0.009441057,0.0,0.018196134,0.51902574
616,0.5209827,0.0,0.18506098,5.372256,0.011047299,0.0,0.014676331,0.51902485
617,0.4638006,0.0,0.23100053,5.3722544,0.011396809,0.0,0.01514442,0.51902425
618,0.3946637,0.0,0.23687598,5.372253,0.00683125,0.0,0.0130583355,0.5190237
619,0.35664812,0.0,0.29082835,5.372251,0.009776506,0.0,0.013818093,0.5190236
620,0.30564776,0.0,0.19440046,5.3722486,0.008521852,0.0,0.018132223,0.51902354
621,0.3172172,0.0,0.19341217,5.372247,0.009523909,0.0,0.014343912,0.51902336
622,0.2984674,0.0,0.21733838,5.3722467,0.010693235,0.0,0.015471751,0.51902294
623,0.59599465,0.0,0.27795932,5.3722444,0.007020915,0.0,0.015080221,0.5190231
624,0.24772114,0.0,0.15229009,5.3722415,0.007201195,0.0,0.01331195,0.51902336
625,0.75787526,0.0,0.24202344,5.372238,0.009362568,0.0,0.018323159,0.5190233
626,0.20421232,0.0,0.16703138,5.372233,0.008117109,0.0,0.017484117,0.51902336
627,0.3925653,0.0,0.21018675,5.372228,0.011501711,0.0,0.012540326,0.51902324
628,0.20104021,0.0,0.19345413,5.3722258,0.009041435,0.0,0.0133667765,0.51902324
629,0.40328237,0.0,0.21043828,5.372222,0.01062695,0.0,0.018152941,0.5190232
630,0.62201333,0.0,0.23454839,5.3722205,0.009479812,0.0,0.018361058,0.519023
631,0.45972142,0.0,0.14552929,5.372221,0.011229705,0.0,0.017263927,0.5190229
632,0.629178,0.0,0.32664898,5.3722205,0.00925819,0.0,0.01354764,0.5190224
633,0.84743434,0.0,0.52536374,5.3722205,0.010298708,0.0,0.017864127,0.51902217
634,0.32583448,0.0,0.68541896,5.3722196,0.0073928325,0.0,0.01581046,0.51902217
635,0.62854457,0.0,0.23747307,5.3722177,0.008131391,0.0,0.013823481,0.5190225
636,0.3762761,0.0,0.33332247,5.3722143,0.009016143,0.0,0.014964901,0.51902246
637,0.22679827,0.0,0.21417576,5.3722143,0.008667303,0.0,0.01374845,0.5190225
638,0.44554245,0.0,0.39362177,5.372217,0.009179518,0.0,0.012876969,0.5190225
639,0.22729667,0.0,0.17053756,5.372219,0.01040833,0.0,0.016341494,0.51902264
640,0.49840096,0.0,0.24152315,5.372221,0.007628799,0.0,0.01616515,0.5190233
641,0.29788062,0.0,0.36560142,5.3722253,0.009950135,0.0,0.01501258,0.5190236
642,0.3814912,0.0,0.17258452,5.372228,0.007096707,0.0,0.013382776,0.51902384
643,0.58305794,0.0,0.18478388,5.3722305,0.00896528,0.0,0.015709851,0.5190245
644,0.27044147,0.0,0.29739472,5.3722324,0.008864099,0.0,0.016150227,0.5190249
645,0.20408523,0.0,0.17276981,5.3722353,0.009355437,0.0,0.013116826,0.5190255
646,0.74229485,0.0,0.24437474,5.3722377,0.009219919,0.0,0.01389689,0.51902634
647,1.0408449,0.0,0.20732614,5.37224,0.007558328,0.0,0.014067747,0.51902723
648,0.6759981,0.0,0.26645696,5.372243,0.008997638,0.0,0.017037705,0.519028
649,0.28376034,0.0,0.28848723,5.3722463,0.008748729,0.0,0.013133014,0.51902866
650,0.2290581,0.0,0.26959234,5.3722496,0.009987175,0.0,0.016730813,0.5190296
651,0.25669846,0.0,0.17050648,5.372252,0.0086856205,0.0,0.01571204,0.51903063
652,0.45274383,0.0,0.27474284,5.372254,0.009325462,0.0,0.015335558,0.51903224
653,0.30344954,0.0,0.5282804,5.372256,0.0074762646,0.0,0.014646539,0.5190339
654,0.44545224,0.0,0.2561505,5.3722553,0.008605233,0.0,0.01050524,0.5190352
655,0.22331269,0.0,0.22669455,5.3722563,0.009768746,0.0,0.017039612,0.51903635
656,0.40283194,0.0,0.20092005,5.3722577,0.0069780787,0.0,0.013111277,0.5190378
657,0.45107815,0.0,0.20149373,5.3722577,0.009180653,0.0,0.01684062,0.51903886
658,0.45268583,0.0,0.28834292,5.372256,0.008858597,0.0,0.016873859,0.5190396
659,0.3189546,0.0,0.4163047,5.3722563,0.009031197,0.0,0.014908668,0.5190397
660,0.46514612,0.0,0.24353844,5.3722577,0.009286351,0.0,0.013224903,0.5190392
661,0.46609026,0.0,0.2195284,5.37226,0.010674085,0.0,0.01390655,0.51903856
662,0.47706556,0.0,0.17140707,5.3722615,0.008310178,0.0,0.01683393,0.5190381
663,0.5637483,0.0,0.4314749,5.372262,0.00798505,0.0,0.0113451965,0.5190379
664,0.48110375,0.0,0.22381224,5.372264,0.008609962,0.0,0.016440049,0.5190374
665,0.56533456,0.0,0.261894,5.372265,0.008061977,0.0,0.017257473,0.5190371
666,0.2609832,0.0,0.23325685,5.372268,0.009523699,0.0,0.016276335,0.5190374
667,0.27367282,0.0,0.29705188,5.3722687,0.008921487,0.0,0.014837578,0.5190378
668,0.57653695,0.0,0.2890998,5.3722696,0.010529331,0.0,0.01536052,0.5190381
669,0.38250193,0.0,0.192244,5.37227,0.008904404,0.0,0.016432727,0.5190383
670,0.4828399,0.0,0.34238487,5.3722696,0.010124973,0.0,0.016677514,0.5190393
671,0.52822196,0.0,0.32122523,5.372268,0.008764548,0.0,0.013901826,0.5190402
672,0.43939364,0.0,0.18420208,5.372269,0.006401268,0.0,0.019623626,0.51904106
673,0.7323772,0.0,0.26877096,5.3722715,0.0072293114,0.0,0.015394265,0.5190424
674,0.23849885,0.0,0.24512911,5.372273,0.010253206,0.0,0.016028896,0.5190439
675,0.32894447,0.0,0.42294604,5.3722754,0.010861802,0.0,0.013475398,0.51904476
676,0.23469785,0.0,0.19923444,5.3722773,0.007898933,0.0,0.015950985,0.51904565
677,0.5016821,0.0,0.18799824,5.3722787,0.010145269,0.0,0.015592918,0.5190465
678,0.706323,0.0,0.2720345,5.3722796,0.008615425,0.0,0.015209522,0.5190471
679,0.29730406,0.0,0.14794692,5.3722806,0.009613593,0.0,0.017456962,0.5190479
680,0.326251,0.0,0.13698407,5.372283,0.00986222,0.0,0.014418133,0.5190482
681,0.40292868,0.0,0.245993,5.372285,0.011801743,0.0,0.012736195,0.51904863
682,0.4479644,0.0,0.19687878,5.3722863,0.0072167004,0.0,0.015102889,0.5190493
683,0.58871704,0.0,0.25190148,5.3722878,0.007170397,0.0,0.015854232,0.5190499
684,0.35598254,0.0,0.3119389,5.3722873,0.007847912,0.0,0.014318785,0.5190509
685,0.35415518,0.0,0.2038039,5.3722887,0.008830512,0.0,0.013563724,0.5190521
686,0.8776433,0.0,0.43716395,5.3722906,0.008758056,0.0,0.019066233,0.51905346
687,0.29565194,0.0,0.2639427,5.372294,0.010316635,0.0,0.013709912,0.51905435
688,0.35005802,0.0,0.097146824,5.3722963,0.008959109,0.0,0.01558067,0.5190555
689,0.83078873,0.0,0.3182806,5.3722987,0.010134135,0.0,0.01300319,0.5190565
690,0.46255854,0.0,0.24605814,5.372303,0.01019758,0.0,0.018709201,0.5190574
691,0.46985844,0.0,0.18246143,5.3723083,0.010012663,0.0,0.014661007,0.5190579
692,0.4480415,0.0,0.1440606,5.372313,0.0076091294,0.0,0.01455505,0.5190589
693,0.25112242,0.0,0.21728192,5.3723173,0.008127986,0.0,0.016646627,0.51905954
694,0.7058004,0.0,0.2617795,5.37232,0.007360166,0.0,0.016641205,0.51905996
695,0.29346144,0.0,0.32357562,5.3723226,0.006484384,0.0,0.013610662,0.5190603
696,0.30847526,0.0,0.21239735,5.3723235,0.009151677,0.0,0.015357429,0.51906055
697,0.42966512,0.0,0.1899723,5.3723245,0.00925145,0.0,0.017422035,0.5190601
698,0.4189515,0.0,0.1426232,5.3723245,0.007817825,0.0,0.013119863,0.51905954
699,0.5876334,0.0,0.25125334,5.3723245,0.010687607,0.0,0.0133978985,0.51905906
700,0.6816931,0.0,0.16675033,5.3723254,0.012578399,0.0,0.011016923,0.5190586
701,0.3704054,0.0,0.26080883,5.372327,0.008282979,0.0,0.014303515,0.5190587
702,0.7349378,0.0,0.17756583,5.37233,0.010730874,0.0,0.014636681,0.5190588
703,0.35937625,0.0,0.17331064,5.3723335,0.008132485,0.0,0.017410275,0.51905876
704,0.8858058,0.0,0.31529477,5.372336,0.009059685,0.0,0.010845662,0.5190589
705,0.25973794,0.0,0.20780368,5.3723392,0.009338777,0.0,0.017761273,0.5190589
706,0.3764059,0.0,0.21234082,5.372341,0.008687852,0.0,0.013285381,0.5190589
707,0.39244127,0.0,0.22615486,5.3723426,0.007657937,0.0,0.013406333,0.5190592
708,0.30501744,0.0,0.21966562,5.372344,0.008862206,0.0,0.017011767,0.51905954
709,0.80988985,0.0,0.1860521,5.372348,0.007844221,0.0,0.01636181,0.5190599
710,0.30308422,0.0,0.18854892,5.3723507,0.008922318,0.0,0.015108363,0.5190601
711,0.21531126,0.0,0.23732507,5.372352,0.008130474,0.0,0.016112527,0.5190603
712,0.4924603,0.0,0.22914773,5.3723516,0.009355258,0.0,0.013807364,0.51906055
713,0.40574276,0.0,0.12788002,5.372352,0.010173506,0.0,0.013743463,0.5190602
714,0.38044262,0.0,0.33429506,5.372352,0.009165183,0.0,0.01596166,0.5190601
715,0.38743177,0.0,0.27384928,5.372349,0.009143967,0.0,0.014907152,0.5190594
716,0.33525226,0.0,0.24628875,5.37235,0.008545614,0.0,0.016518371,0.5190588
717,0.37647817,0.0,0.21436234,5.372348,0.008801863,0.0,0.014998611,0.5190579
718,0.47020984,0.0,0.22399993,5.372347,0.00913547,0.0,0.01382503,0.51905704
719,0.6643942,0.0,0.27074754,5.372346,0.011380828,0.0,0.012777081,0.5190555
720,0.47670406,0.0,0.18993402,5.3723454,0.009406923,0.0,0.014722216,0.5190541
721,0.28506583,0.0,0.2736291,5.3723464,0.009504828,0.0,0.014295253,0.5190527
722,0.22370927,0.0,0.2273536,5.372347,0.008087682,0.0,0.013493635,0.5190515
723,0.70030844,0.0,0.12538564,5.372349,0.009098306,0.0,0.013764165,0.5190505
724,0.73805207,0.0,0.18973231,5.372351,0.007617574,0.0,0.01598263,0.51904994
725,0.3174101,0.0,0.1735942,5.3723555,0.009001966,0.0,0.01741734,0.51904976
726,0.55663764,0.0,0.16550244,5.372358,0.010582632,0.0,0.014691146,0.5190491
727,0.23289329,0.0,0.19200209,5.372362,0.009723827,0.0,0.011630874,0.51904863
728,0.3932123,0.0,0.18425155,5.3723645,0.011252772,0.0,0.014666046,0.5190483
729,0.61258984,0.0,0.1850998,5.3723655,0.0075658476,0.0,0.014784711,0.51904815
730,0.2745771,0.0,0.1297125,5.372369,0.009341988,0.0,0.015762884,0.51904815
731,0.44025263,0.0,0.10323274,5.3723717,0.0090765245,0.0,0.01625565,0.5190477
732,0.40164688,0.0,0.24512352,5.372373,0.009584893,0.0,0.01661649,0.51904714
733,0.27344236,0.0,0.21690777,5.3723755,0.008784821,0.0,0.015944116,0.51904696
734,0.47221565,0.0,0.13620763,5.3723764,0.008770148,0.0,0.014033331,0.51904666
735,0.37204146,0.0,0.16650131,5.372378,0.009216303,0.0,0.013564409,0.5190466
736,0.50735277,0.0,0.11501397,5.37238,0.009455438,0.0,0.016658114,0.51904666
737,0.35167456,0.0,0.41720515,5.3723793,0.008883563,0.0,0.013206339,0.5190467
738,0.65365666,0.0,0.22753412,5.3723817,0.007519132,0.0,0.013296948,0.5190465
739,0.50739455,0.0,0.28933054,5.3723817,0.012479565,0.0,0.013279086,0.51904607
740,0.5746637,0.0,0.2139415,5.372382,0.01047563,0.0,0.014525197,0.5190454
741,0.23468466,0.0,0.29622,5.372383,0.009603277,0.0,0.0118525,0.519045
742,0.2696104,0.0,0.21778645,5.3723826,0.008680529,0.0,0.013952929,0.5190447
743,0.43771422,0.0,0.2604421,5.3723817,0.008424686,0.0,0.017409462,0.5190447
744,0.28430387,0.0,0.23088469,5.3723803,0.010268857,0.0,0.016836744,0.5190449
745,0.5454436,0.0,0.16404529,5.372378,0.009323305,0.0,0.01356202,0.51904535
746,1.1638396,0.0,0.23219503,5.3723774,0.009972589,0.0,0.015330134,0.51904595
747,0.5324959,0.0,0.16937502,5.372376,0.008593073,0.0,0.014689417,0.51904666
748,0.28170088,0.0,0.2524852,5.372374,0.0090254,0.0,0.013392147,0.51904756
749,0.76282686,0.0,0.20189199,5.372373,0.010922876,0.0,0.015613147,0.5190481
750,0.413803,0.0,0.21051113,5.3723717,0.008581147,0.0,0.0149059305,0.51904833
751,0.34402606,0.0,0.14363056,5.37237,0.008592427,0.0,0.013444109,0.51904917
752,0.4310005,0.0,0.23987174,5.372367,0.007832205,0.0,0.015001789,0.51904964
753,0.52469087,0.0,0.18922369,5.372363,0.011106351,0.0,0.01681485,0.5190498
754,1.2005497,0.0,0.16825962,5.3723598,0.010647836,0.0,0.014875476,0.5190508
755,0.27627513,0.0,0.25286856,5.3723583,0.009902831,0.0,0.014263041,0.51905173
756,0.18045592,0.0,0.15077382,5.372357,0.00766574,0.0,0.018215729,0.5190526
757,0.4665506,0.0,0.24630867,5.3723564,0.0084505305,0.0,0.01361495,0.5190541
758,0.47779432,0.0,0.2212881,5.372354,0.0063729184,0.0,0.014985707,0.5190554
759,0.78551286,0.0,0.19900227,5.3723526,0.007614514,0.0,0.015304232,0.5190566
760,0.43297297,0.0,0.12224354,5.372351,0.00831264,0.0,0.016425084,0.5190576
761,0.29460675,0.0,0.14790374,5.3723497,0.009557605,0.0,0.018963331,0.519058
762,0.24325162,0.0,0.3049965,5.372347,0.007750339,0.0,0.0155861005,0.519058
763,0.25300938,0.0,0.2087992,5.372346,0.007873383,0.0,0.0151699595,0.5190578
764,0.38553068,0.0,0.1665037,5.3723454,0.010228021,0.0,0.013119406,0.51905763
765,0.24703045,0.0,0.15528895,5.3723435,0.008036409,0.0,0.015527409,0.51905733
766,0.8655836,0.0,0.1611329,5.372342,0.00901471,0.0,0.016463775,0.51905674
767,0.34340012,0.0,0.2699052,5.3723397,0.008098992,0.0,0.015405242,0.519056
768,0.84749764,0.0,0.25586432,5.372338,0.009752264,0.0,0.015240398,0.51905495
769,0.35488966,0.0,0.20476238,5.372337,0.008888705,0.0,0.017650649,0.5190542
770,0.69165975,0.0,0.26795855,5.3723345,0.008602853,0.0,0.014772067,0.51905364
771,0.35593557,0.0,0.18442313,5.372332,0.00892024,0.0,0.01716209,0.5190536
772,0.52375555,0.0,0.22298598,5.372331,0.009736937,0.0,0.01606745,0.51905376
773,0.27504,0.0,0.16692793,5.3723297,0.010105351,0.0,0.01586409,0.51905406
774,0.33792883,0.0,0.23896357,5.372328,0.0106999045,0.0,0.01586102,0.5190542
775,0.6302748,0.0,0.19974126,5.3723254,0.008474786,0.0,0.015457489,0.51905483
776,0.42374814,0.0,0.2587169,5.372323,0.009444382,0.0,0.01481458,0.5190552
777,0.45624614,0.0,0.3289516,5.372322,0.008522842,0.0,0.0147963045,0.51905566
778,0.4182614,0.0,0.22488646,5.3723197,0.010389416,0.0,0.013321349,0.519056
779,0.19837022,0.0,0.1461817,5.372318,0.010523696,0.0,0.0139066465,0.51905626
780,0.18276758,0.0,0.2104333,5.3723145,0.007889667,0.0,0.013708455,0.5190565
781,0.3736569,0.0,0.15320867,5.372313,0.008786443,0.0,0.013663161,0.51905686
782,0.31324404,0.0,0.11531368,5.3723116,0.00998869,0.0,0.016338252,0.5190574
783,0.3181694,0.0,0.17679639,5.3723097,0.008186757,0.0,0.014963347,0.5190578
784,0.50915086,0.0,0.16120555,5.372308,0.009154263,0.0,0.015696025,0.5190587
785,0.25130713,0.0,0.23725817,5.3723035,0.009913846,0.0,0.019861588,0.5190599
786,0.2673525,0.0,0.17670174,5.372299,0.009928277,0.0,0.014727404,0.51906055
787,0.3652294,0.0,0.22618768,5.3722987,0.011160831,0.0,0.014908245,0.5190609
788,0.45589772,0.0,0.2472052,5.3722982,0.0098558245,0.0,0.018116128,0.51906127
789,0.37600493,0.0,0.23304592,5.372299,0.010024751,0.0,0.016974319,0.5190619
790,0.3973358,0.0,0.29376167,5.3722987,0.008804317,0.0,0.0153020825,0.51906216
791,0.23753785,0.0,0.17718457,5.372299,0.009435065,0.0,0.013949708,0.5190625
792,0.37591818,0.0,0.18780231,5.3722987,0.010325632,0.0,0.016544087,0.5190629
793,0.33167964,0.0,0.18699153,5.372297,0.008704067,0.0,0.017923068,0.51906335
794,0.39428657,0.0,0.21923918,5.3722954,0.0089058,0.0,0.016605318,0.51906407
795,0.33599925,0.0,0.20510603,5.3722935,0.008444219,0.0,0.015543749,0.51906484
796,0.29632652,0.0,0.23133202,5.3722935,0.008459827,0.0,0.016843624,0.5190657
797,0.47680363,0.0,0.32555893,5.3722944,0.010007809,0.0,0.015864315,0.5190667
798,0.64107364,0.0,0.4879194,5.372295,0.006701295,0.0,0.015050247,0.5190677
799,0.20974629,0.0,0.23829317,5.3722954,0.010754281,0.0,0.015764648,0.5190686
800,0.85769254,0.0,0.18398315,5.372295,0.010387038,0.0,0.016053136,0.51906914
801,0.29091218,0.0,0.24923706,5.372295,0.0074104383,0.0,0.015498268,0.5190697
802,0.23833147,0.0,0.1844059,5.3722954,0.0089072315,0.0,0.018214792,0.5190701
803,0.37027293,0.0,0.27833262,5.372296,0.0088341255,0.0,0.015102074,0.5190703
804,0.3656035,0.0,0.16943625,5.372295,0.008393663,0.0,0.017264208,0.5190702
805,0.36948448,0.0,0.19419438,5.3722954,0.008573143,0.0,0.016057085,0.51906997
806,0.46706983,0.0,0.15170626,5.3722954,0.011281201,0.0,0.014662807,0.51906997
807,0.33246195,0.0,0.2524927,5.372295,0.0077656223,0.0,0.013686101,0.51906997
808,0.41634852,0.0,0.22394618,5.3722973,0.007785627,0.0,0.016354807,0.51907
809,0.57592034,0.0,0.3542838,5.372299,0.010667052,0.0,0.013364983,0.51907015
810,0.22906055,0.0,0.24263793,5.3723025,0.012314961,0.0,0.015898135,0.5190706
811,0.34212416,0.0,0.20645113,5.372308,0.010378589,0.0,0.0129421,0.519071
812,0.58650523,0.0,0.3939015,5.372313,0.010263267,0.0,0.015304627,0.51907146
813,0.5586969,0.0,0.17492096,5.372321,0.008934883,0.0,0.013854009,0.5190722
814,0.29447895,0.0,0.25035277,5.3723283,0.009698227,0.0,0.015346364,0.5190728
815,0.7876287,0.0,0.20842059,5.3723335,0.012037254,0.0,0.015511673,0.5190737
816,0.5719107,0.0,0.3615871,5.3723383,0.008570414,0.0,0.014153533,0.51907444
817,0.2804683,0.0,0.31131828,5.372342,0.010580684,0.0,0.016746012,0.51907516
818,0.18816783,0.0,0.25875452,5.372345,0.008170031,0.0,0.015812805,0.51907575
819,0.29185116,0.0,0.21934184,5.372347,0.007890258,0.0,0.0148275355,0.5190762
820,0.26895794,0.0,0.28085837,5.372351,0.0076412484,0.0,0.014437796,0.5190764
821,0.3650893,0.0,0.160712,5.372356,0.008477351,0.0,0.013894701,0.5190762
822,0.47003853,0.0,0.2980797,5.37236,0.009609949,0.0,0.013180376,0.51907605
823,0.40802565,0.0,0.13420299,5.372362,0.008335872,0.0,0.016418463,0.51907563
824,0.8907421,0.0,0.27959695,5.3723645,0.008462656,0.0,0.016492663,0.5190753
825,0.33700594,0.0,0.17228323,5.3723674,0.0102044605,0.0,0.01471058,0.5190746
826,0.3650149,0.0,0.16635609,5.3723683,0.009212478,0.0,0.011479454,0.5190743
827,0.20921123,0.0,0.16412753,5.372369,0.011030425,0.0,0.013936659,0.51907426
828,0.40376505,0.0,0.39654267,5.3723693,0.010500104,0.0,0.015984906,0.51907444
829,0.56242615,0.0,0.15854867,5.3723726,0.008320207,0.0,0.013222689,0.51907486
830,0.44022238,0.0,0.26387155,5.3723755,0.008185501,0.0,0.013801079,0.5190753
831,0.32945204,0.0,0.28042668,5.3723774,0.008851146,0.0,0.015085255,0.51907563
832,0.40600055,0.0,0.34735954,5.37238,0.00924902,0.0,0.016305184,0.5190759
833,0.4210587,0.0,0.13826008,5.372384,0.009351029,0.0,0.015596536,0.5190759
834,0.3884047,0.0,0.29693145,5.3723865,0.009608793,0.0,0.016428303,0.5190758
835,0.27705133,0.0,0.68988854,5.3723907,0.009692344,0.0,0.015799064,0.5190755
836,0.69152784,0.0,0.15168911,5.3723936,0.0074015576,0.0,0.01648268,0.51907516
837,1.4619772,0.0,0.3197689,5.3723965,0.008921329,0.0,0.01740178,0.5190748
838,0.51276034,0.0,0.15988573,5.372401,0.009065761,0.0,0.016857594,0.5190743
839,0.8059535,0.0,0.33771685,5.3724055,0.00887951,0.0,0.019134108,0.5190736
840,0.26903498,0.0,0.11895757,5.372409,0.0094289845,0.0,0.016931025,0.51907337
841,0.3416382,0.0,0.20494829,5.3724117,0.009455655,0.0,0.014401224,0.5190732
842,0.38177285,0.0,0.42821044,5.3724146,0.007761059,0.0,0.014860071,0.5190735
843,0.2472655,0.0,0.16364141,5.372419,0.007710658,0.0,0.01820066,0.51907396
844,0.25499523,0.0,0.18258491,5.3724217,0.009221025,0.0,0.013807629,0.5190747
845,0.3976663,0.0,0.11047169,5.3724256,0.009459048,0.0,0.014442675,0.5190758
846,0.25856945,0.0,0.34195644,5.372429,0.008118862,0.0,0.014326493,0.5190763
847,0.35651162,0.0,0.25380367,5.3724294,0.011052228,0.0,0.015300892,0.51907665
848,0.369849,0.0,0.3144935,5.372427,0.010913541,0.0,0.015695482,0.5190767
849,0.4473669,0.0,0.24682388,5.3724275,0.009614283,0.0,0.015160766,0.5190764
850,0.62342453,0.0,0.18860354,5.3724294,0.010348013,0.0,0.013543069,0.51907593
851,0.8096576,0.0,0.22665764,5.372431,0.010320945,0.0,0.01606489,0.5190753
852,0.36468047,0.0,0.23787305,5.372432,0.007378231,0.0,0.02002571,0.5190745
853,0.33564183,0.0,0.17954831,5.372434,0.010229468,0.0,0.015108925,0.5190732
854,0.48888138,0.0,0.17720324,5.3724356,0.008243443,0.0,0.018231656,0.51907206
855,0.20465782,0.0,0.17242672,5.372436,0.0076139737,0.0,0.0130960625,0.5190708
856,0.35824776,0.0,0.19652537,5.3724346,0.007658151,0.0,0.015031385,0.5190699
857,0.430701,0.0,0.22260612,5.3724337,0.008568955,0.0,0.014538044,0.51906896
858,0.21249138,0.0,0.20860243,5.3724327,0.008024957,0.0,0.017793987,0.51906824
859,0.43368748,0.0,0.22461767,5.372431,0.008732698,0.0,0.015958462,0.51906735
860,0.52128696,0.0,0.19755507,5.3724284,0.009351666,0.0,0.014491715,0.51906645
861,0.17940812,0.0,0.17687516,5.3724256,0.00965352,0.0,0.014457213,0.51906526
862,0.27484322,0.0,0.19453086,5.3724217,0.010045925,0.0,0.0129814325,0.51906425
863,0.36580378,0.0,0.2304967,5.37242,0.010400732,0.0,0.014420604,0.5190633
864,0.24439833,0.0,0.1738019,5.3724194,0.008468469,0.0,0.016468976,0.51906246
865,0.82281613,0.0,0.18071619,5.3724165,0.0086506335,0.0,0.013768565,0.5190624
866,0.19381978,0.0,0.2928744,5.372415,0.009892684,0.0,0.014532928,0.51906276
867,0.14132892,0.0,0.19403164,5.37241,0.009735048,0.0,0.016463397,0.5190633
868,0.49556282,0.0,0.16580705,5.3724065,0.007629265,0.0,0.01616845,0.5190638
869,0.45233175,0.0,0.30003002,5.372405,0.007781049,0.0,0.015093242,0.5190642
870,0.27081946,0.0,0.24469475,5.372404,0.007170879,0.0,0.016612407,0.51906466
871,0.23434255,0.0,0.17936802,5.3724036,0.007927201,0.0,0.015816549,0.5190659
872,0.7351055,0.0,0.27967003,5.372404,0.009533223,0.0,0.015543846,0.5190669
873,0.46921167,0.0,0.27721682,5.372404,0.009640551,0.0,0.014500873,0.51906824
874,0.4428928,0.0,0.20935455,5.372405,0.007883301,0.0,0.013283228,0.5190695
875,0.22869888,0.0,0.25407875,5.372408,0.009331128,0.0,0.014928995,0.5190704
876,0.7589814,0.0,0.2241446,5.372414,0.00906674,0.0,0.015993025,0.519071
877,0.44785634,0.0,0.20622042,5.3724194,0.010469761,0.0,0.018405594,0.5190716
878,0.7880634,0.0,0.4071692,5.3724246,0.008573918,0.0,0.014834823,0.51907223
879,0.554191,0.0,0.21877775,5.37243,0.009774199,0.0,0.014800211,0.5190726
880,0.42593527,0.0,0.19641338,5.372434,0.007991359,0.0,0.015441412,0.51907235
881,0.53303653,0.0,0.14237559,5.37244,0.010621427,0.0,0.016866758,0.51907194
882,0.710301,0.0,0.36400115,5.372444,0.0085024685,0.0,0.015906125,0.51907146
883,0.33678266,0.0,0.38259473,5.372447,0.007998255,0.0,0.017011968,0.5190708
884,0.4103717,0.0,0.19328487,5.3724537,0.009864218,0.0,0.016027536,0.51907045
885,0.35863882,0.0,0.1746992,5.372457,0.009352667,0.0,0.013399238,0.5190702
886,0.21533038,0.0,0.21451718,5.3724604,0.008420942,0.0,0.016663844,0.5190699
887,0.5518759,0.0,0.23191606,5.3724627,0.0071924827,0.0,0.016786376,0.5190699
888,0.4725772,0.0,0.20237535,5.3724666,0.008349466,0.0,0.013206212,0.51907
889,0.40800497,0.0,0.2737912,5.3724685,0.009178941,0.0,0.0144609185,0.51907015
890,0.17802016,0.0,0.20072985,5.37247,0.009139312,0.0,0.014258752,0.5190704
891,0.2186105,0.0,0.17682375,5.372473,0.008732802,0.0,0.017599571,0.5190704
892,0.43473592,0.0,0.27646074,5.3724747,0.00900372,0.0,0.011617852,0.51907027
893,0.46536115,0.0,0.15747513,5.3724737,0.008629729,0.0,0.016964016,0.51907027
894,0.5476879,0.0,0.2728148,5.3724732,0.010059683,0.0,0.014343654,0.5190711
895,0.58407235,0.0,0.1516681,5.3724723,0.010096172,0.0,0.015776332,0.5190713
896,0.3946095,0.0,0.21113935,5.3724713,0.008317198,0.0,0.013544043,0.5190715
897,0.5564724,0.0,0.31087062,5.3724713,0.00888906,0.0,0.014288265,0.5190715
898,0.49117932,0.0,0.25274724,5.372472,0.008564782,0.0,0.014910741,0.5190715
899,0.24678922,0.0,0.19893694,5.37247,0.00996803,0.0,0.013811914,0.51907146
900,0.7452327,0.0,0.16066572,5.37247,0.008771765,0.0,0.01556283,0.51907116
901,0.23094058,0.0,0.23267609,5.372469,0.008437641,0.0,0.014091265,0.51907086
902,0.47552562,0.0,0.16164584,5.3724685,0.009056654,0.0,0.0176027,0.5190703
903,0.58820915,0.0,0.13098691,5.3724675,0.007942046,0.0,0.015872205,0.5190701
904,0.3073508,0.0,0.22692408,5.3724666,0.008581712,0.0,0.013447862,0.5190696
905,0.49507242,0.0,0.13973306,5.3724656,0.009098369,0.0,0.012898098,0.5190693
906,0.6251967,0.0,0.13833453,5.372464,0.008672359,0.0,0.013873044,0.51906896
907,0.3231927,0.0,0.20024085,5.3724623,0.008409861,0.0,0.015290369,0.51906836
908,0.31815517,0.0,0.20512013,5.372462,0.011365448,0.0,0.018174862,0.5190682
909,1.1983886,0.0,0.30051237,5.372464,0.0088892905,0.0,0.015044017,0.519068
910,0.63276374,0.0,0.17397982,5.3724675,0.0073814597,0.0,0.015135981,0.5190673
911,0.35033765,0.0,0.19326273,5.372471,0.009390223,0.0,0.01710537,0.5190667
912,0.2488979,0.0,0.15573743,5.372475,0.008733682,0.0,0.01566755,0.5190669
913,0.3206035,0.0,0.2548129,5.37248,0.008308787,0.0,0.01416377,0.5190669
914,0.3672353,0.0,0.22004694,5.372483,0.009210434,0.0,0.017148208,0.5190671
915,0.30624816,0.0,0.21613781,5.372486,0.010291509,0.0,0.012809713,0.5190673
916,0.4831188,0.0,0.590144,5.372488,0.010346716,0.0,0.014041938,0.5190674
917,0.3805812,0.0,0.23326673,5.3724985,0.010164027,0.0,0.015046192,0.51906705
918,0.53679425,0.0,0.11054261,5.3725104,0.008333571,0.0,0.017997786,0.5190662
919,0.341887,0.0,0.15153803,5.3725195,0.0111571215,0.0,0.012414223,0.51906586
920,0.42750302,0.0,0.2393642,5.3725286,0.007749264,0.0,0.015929293,0.5190654
921,0.5668344,0.0,0.32893023,5.3725386,0.009632656,0.0,0.016740892,0.5190645
922,0.43161443,0.0,0.25371248,5.372545,0.007381903,0.0,0.015808707,0.5190635
923,0.5320519,0.0,0.33142123,5.3725514,0.008137675,0.0,0.016202504,0.51906264
924,0.24422899,0.0,0.23000468,5.3725567,0.008487767,0.0,0.015120809,0.5190623
925,0.6741266,0.0,0.36272597,5.372561,0.0102360165,0.0,0.015777994,0.51906204
926,0.31188923,0.0,0.11920658,5.3725686,0.008602043,0.0,0.013556366,0.51906157
927,0.23732421,0.0,0.20342015,5.372575,0.0093888715,0.0,0.012934405,0.5190612
928,0.3736428,0.0,0.2634938,5.3725805,0.0071715736,0.0,0.017397696,0.5190607
929,0.5063548,0.0,0.18558611,5.372584,0.008252369,0.0,0.01654587,0.5190606
930,0.5881914,0.0,0.40598688,5.372586,0.010924542,0.0,0.013114381,0.5190605
931,0.5891324,0.0,0.30102223,5.3725886,0.008913709,0.0,0.015564681,0.51906025
932,0.2251969,0.0,0.23784812,5.372591,0.0075047864,0.0,0.014181752,0.5190603
933,0.32947764,0.0,0.18428558,5.3725944,0.009299153,0.0,0.016537828,0.5190601
934,0.4094454,0.0,0.26675624,5.372599,0.007579219,0.0,0.014855558,0.51906
935,0.26503888,0.0,0.14158338,5.3726025,0.011685504,0.0,0.016119948,0.5190599
936,0.4192688,0.0,0.18158081,5.3726053,0.008241203,0.0,0.013379308,0.51905984
937,0.32790482,0.0,0.35353625,5.3726087,0.010928078,0.0,0.017108835,0.51905984
938,0.8473529,0.0,0.19660328,5.3726144,0.011389705,0.0,0.014413633,0.51905954
939,0.54244536,0.0,0.33089304,5.372619,0.008472602,0.0,0.013897,0.51905954
940,0.67082876,0.0,0.23777188,5.3726254,0.010207215,0.0,0.013726521,0.51905954
941,0.4547933,0.0,0.17712082,5.372628,0.010318186,0.0,0.013533842,0.51905966
942,0.48701987,0.0,0.17804427,5.3726306,0.007846431,0.0,0.01463713,0.51906
943,0.34699392,0.0,0.21192273,5.372633,0.008950113,0.0,0.014366196,0.51905996
944,0.5209651,0.0,0.16176015,5.372633,0.009619517,0.0,0.018587768,0.51905996
945,0.83925223,0.0,0.2611278,5.372634,0.0098305335,0.0,0.014373161,0.5190606
946,0.3774222,0.0,0.16843677,5.3726325,0.009552926,0.0,0.014762062,0.519061
947,0.28442,0.0,0.21211894,5.37263,0.01040007,0.0,0.013175102,0.5190613
948,0.22428982,0.0,0.23804702,5.3726273,0.008541751,0.0,0.016992036,0.5190613
949,0.49841347,0.0,0.31778994,5.372623,0.009114738,0.0,0.016767945,0.519061
950,0.33256993,0.0,0.22880274,5.372619,0.009124825,0.0,0.01231165,0.519061
951,0.42718154,0.0,0.11615565,5.3726163,0.009457046,0.0,0.015967147,0.5190611
952,0.33625475,0.0,0.3651095,5.3726134,0.009773724,0.0,0.016546648,0.51906186
953,0.47109738,0.0,0.19473532,5.372608,0.009328454,0.0,0.013111962,0.5190629
954,0.3492533,0.0,0.22986998,5.3726034,0.009400058,0.0,0.014659676,0.519064
955,0.38794354,0.0,0.20164955,5.3725996,0.010703406,0.0,0.015476745,0.519065
956,0.7017398,0.0,0.29326633,5.372597,0.010247036,0.0,0.016358608,0.5190659
957,0.81078583,0.0,0.15704234,5.3725963,0.007728415,0.0,0.019460877,0.51906693
958,0.49038395,0.0,0.19414213,5.3725953,0.008393974,0.0,0.015735326,0.51906765
959,0.28342137,0.0,0.20255412,5.372593,0.009746268,0.0,0.01594472,0.519068
960,0.29731986,0.0,0.26136076,5.3725905,0.0079411445,0.0,0.015845248,0.51906824
961,0.37711033,0.0,0.27201557,5.3725877,0.008371779,0.0,0.01942621,0.5190682
962,0.32906458,0.0,0.24336629,5.372584,0.010171037,0.0,0.017921684,0.5190685
963,0.63935345,0.0,0.18049301,5.372579,0.010457572,0.0,0.017832763,0.5190687
964,0.34032002,0.0,0.3624166,5.3725758,0.009241107,0.0,0.017707057,0.51906884
965,0.46066087,0.0,0.15558848,5.3725734,0.0075808107,0.0,0.018893227,0.51906884
966,0.5115194,0.0,0.25148943,5.37257,0.0096202325,0.0,0.0132035455,0.51906896
967,0.503614,0.0,0.34739366,5.3725677,0.007838199,0.0,0.014988389,0.5190691
968,0.43452406,0.0,0.24052243,5.3725624,0.008970035,0.0,0.011809119,0.5190694
969,0.49566352,0.0,0.1747462,5.3725595,0.009329383,0.0,0.018508848,0.5190695
970,0.5234968,0.0,0.19236642,5.3725567,0.009230289,0.0,0.015211234,0.5190696
971,0.26639917,0.0,0.2117149,5.3725543,0.009515493,0.0,0.016088923,0.51906973
972,0.42882216,0.0,0.32285878,5.3725524,0.008050911,0.0,0.013502973,0.5190694
973,0.48111212,0.0,0.20409007,5.3725553,0.008899736,0.0,0.015120754,0.5190692
974,0.34273657,0.0,0.33245847,5.372558,0.01067217,0.0,0.018253017,0.5190689
975,0.26231682,0.0,0.26604977,5.3725605,0.011161161,0.0,0.01415381,0.5190683
976,0.6149363,0.0,0.16042031,5.372561,0.008538159,0.0,0.017505083,0.5190677
977,0.38643414,0.0,0.15795024,5.3725605,0.009291685,0.0,0.014355185,0.51906735
978,1.1412604,0.0,0.20098224,5.3725605,0.009581167,0.0,0.015484619,0.51906693
979,0.3064056,0.0,0.14561795,5.3725605,0.008667429,0.0,0.015488689,0.5190671
980,0.56787735,0.0,0.18045595,5.3725615,0.010439024,0.0,0.015307476,0.51906675
981,0.41433427,0.0,0.26378125,5.372563,0.008690437,0.0,0.0150651075,0.51906663
982,0.5326227,0.0,0.26397267,5.372564,0.007536931,0.0,0.013856721,0.51906693
983,0.4532051,0.0,0.39345708,5.372564,0.008177205,0.0,0.0144437505,0.5190674
984,0.53903604,0.0,0.21245156,5.3725624,0.008611731,0.0,0.014892618,0.51906824
985,0.5033047,0.0,0.20504102,5.3725605,0.0076395967,0.0,0.016220545,0.51906896
986,0.582939,0.0,0.15849069,5.3725595,0.009031335,0.0,0.01537052,0.5190696
987,0.4912156,0.0,0.25538415,5.3725576,0.010373558,0.0,0.017305806,0.51907015
988,0.22155899,0.0,0.22452268,5.3725553,0.00822434,0.0,0.014563825,0.5190702
989,0.54499066,0.0,0.31316572,5.372554,0.010928295,0.0,0.016593877,0.5190704
990,0.5683833,0.0,0.15797521,5.372551,0.009392283,0.0,0.017987736,0.519071
991,0.4143558,0.0,0.28061378,5.3725476,0.007639617,0.0,0.015109447,0.5190718
992,0.492558,0.0,0.17755894,5.3725443,0.0091270385,0.0,0.01612596,0.5190722
993,0.39987633,0.0,0.24621814,5.372542,0.008991824,0.0,0.014656649,0.5190726
994,0.31116158,0.0,0.2660109,5.3725395,0.00852438,0.0,0.0147675965,0.5190729
995,0.20211618,0.0,0.30921724,5.3725367,0.008766829,0.0,0.015389175,0.519073
996,0.34399837,0.0,0.30256006,5.3725343,0.010711298,0.0,0.012655655,0.5190732
997,0.680389,0.0,0.17305146,5.372533,0.008803121,0.0,0.014480164,0.5190733
998,0.9366629,0.0,0.17390394,5.372531,0.0075333514,0.0,0.014542493,0.5190737
999,0.21557572,0.0,0.2967858,5.372529,0.009094797,0.0,0.014463601,0.51907414
1000,0.3886319,0.0,0.1537166,5.3725276,0.008853979,0.0,0.012958695,0.51907456
1001,0.4240735,0.0,0.17317846,5.372526,0.008275194,0.0,0.0126003055,0.5190748
1002,0.6119982,0.0,0.22595775,5.3725247,0.008341409,0.0,0.01662383,0.51907474
1003,0.23789145,0.0,0.27326298,5.372524,0.01203517,0.0,0.015970824,0.5190748
1004,0.4693455,0.0,0.31951457,5.372522,0.00904293,0.0,0.016763708,0.51907456
1005,0.16919455,0.0,0.17438304,5.3725195,0.008841053,0.0,0.016185336,0.51907426
1006,0.46328828,0.0,0.30852956,5.3725176,0.010943595,0.0,0.015269397,0.51907426
1007,0.48391625,0.0,0.15159027,5.372513,0.010127514,0.0,0.014245924,0.51907444
1008,0.43698975,0.0,0.22463554,5.3725066,0.009411506,0.0,0.01360601,0.5190745
1009,0.44078,0.0,0.17776991,5.3725023,0.011863292,0.0,0.015364194,0.5190747
1010,0.46553653,0.0,0.27005485,5.3724985,0.010353906,0.0,0.016752813,0.51907474
1011,0.21624295,0.0,0.2980241,5.3724937,0.008189345,0.0,0.013859298,0.5190752
1012,0.28978345,0.0,0.12481871,5.372489,0.008114553,0.0,0.015189254,0.5190754
1013,0.48907986,0.0,0.22765173,5.3724847,0.00841368,0.0,0.014329049,0.51907563
1014,0.54190123,0.0,0.15419358,5.37248,0.009305194,0.0,0.015357916,0.5190753
1015,0.25344196,0.0,0.2101861,5.372474,0.009886127,0.0,0.014092815,0.5190751
1016,0.29580387,0.0,0.27200264,5.372471,0.011306188,0.0,0.014590139,0.51907504
1017,0.28519735,0.0,0.27584806,5.372466,0.009119732,0.0,0.01907911,0.51907474
1018,0.54459125,0.0,0.16292249,5.372462,0.009681344,0.0,0.016595667,0.51907444
1019,0.2475687,0.0,0.18760358,5.3724575,0.008828825,0.0,0.016605327,0.5190739
1020,0.34103766,0.0,0.2149159,5.3724523,0.0074426197,0.0,0.015853228,0.5190733
1021,0.29506844,0.0,0.18107206,5.3724475,0.009712744,0.0,0.017389387,0.5190729
1022,0.65096605,0.0,0.12773755,5.3724427,0.009799061,0.0,0.017241178,0.5190715
1023,0.47226667,0.0,0.14881182,5.3724375,0.009810865,0.0,0.018498871,0.51907015
1024,0.2443222,0.0,0.20503965,5.372432,0.0091835,0.0,0.014579046,0.51906866
1025,0.3259261,0.0,0.24310216,5.372428,0.008046422,0.0,0.011872957,0.51906735
1026,0.24217577,0.0,0.20540723,5.3724246,0.008657336,0.0,0.016612003,0.5190659
1027,0.19083992,0.0,0.23346189,5.3724256,0.0074573494,0.0,0.0154294185,0.5190644
1028,0.6910496,0.0,0.24821614,5.3724256,0.010734302,0.0,0.014797835,0.5190631
1029,0.2792908,0.0,0.18947025,5.372426,0.010479084,0.0,0.01485079,0.51906204
1030,0.31851855,0.0,0.2094763,5.372426,0.012340021,0.0,0.015971309,0.5190608
1031,0.29507366,0.0,0.16875236,5.372427,0.010143741,0.0,0.015405623,0.51906013
1032,0.3340862,0.0,0.23256874,5.3724284,0.009102515,0.0,0.012726502,0.5190596
1033,0.3731808,0.0,0.15402034,5.3724294,0.008936789,0.0,0.014503633,0.51905894
1034,0.28280863,0.0,0.2840217,5.3724294,0.0076684705,0.0,0.015613909,0.5190579
1035,0.35372722,0.0,0.1706305,5.3724313,0.010208201,0.0,0.015763039,0.51905704
1036,0.5917759,0.0,0.1376402,5.3724318,0.0085258065,0.0,0.016704312,0.5190565
1037,0.50931567,0.0,0.2303146,5.3724318,0.008155647,0.0,0.01807385,0.51905626
1038,0.24892238,0.0,0.23198645,5.3724318,0.0069356267,0.0,0.016544133,0.519056
1039,0.32968754,0.0,0.20159782,5.37243,0.008942606,0.0,0.014869202,0.5190567
1040,0.4573653,0.0,0.17140701,5.3724265,0.008574146,0.0,0.01803147,0.5190572
1041,0.34323964,0.0,0.20827393,5.3724256,0.008557801,0.0,0.015283037,0.51905817
1042,0.7491645,0.0,0.1933928,5.3724246,0.010029869,0.0,0.015141008,0.51905906
1043,0.5911861,0.0,0.12805833,5.372423,0.009649309,0.0,0.015592637,0.5190601
1044,0.19942716,0.0,0.21850416,5.3724227,0.0065856474,0.0,0.012328577,0.51906157
1045,0.77399594,0.0,0.28289956,5.3724236,0.011567662,0.0,0.018119298,0.51906294
1046,0.48170578,0.0,0.18572207,5.372428,0.008829614,0.0,0.013849215,0.51906407
1047,0.5068431,0.0,0.14534052,5.3724327,0.009376705,0.0,0.014673373,0.5190647
1048,0.3795431,0.0,0.57511264,5.3724365,0.008461228,0.0,0.01598437,0.5190652
1049,0.40797997,0.0,0.27325696,5.372438,0.008713043,0.0,0.015828772,0.5190654
1050,0.3158501,0.0,0.3811439,5.3724384,0.008022295,0.0,0.01565933,0.5190651
1051,0.45946598,0.0,0.20361179,5.372434,0.009372963,0.0,0.015189395,0.51906466
1052,0.33871868,0.0,0.13134794,5.372431,0.0114132,0.0,0.015551476,0.5190644
1053,0.45034215,0.0,0.299397,5.372427,0.009824445,0.0,0.014224918,0.5190642
1054,0.5322877,0.0,0.4241935,5.372424,0.009202912,0.0,0.014036194,0.5190639
1055,0.3236068,0.0,0.44353908,5.37242,0.009073955,0.0,0.018090388,0.51906365
1056,0.38158068,0.0,0.31211805,5.372415,0.0074285343,0.0,0.016931172,0.519064
1057,0.37251008,0.0,0.23500916,5.372415,0.0071769785,0.0,0.015491874,0.51906407
1058,0.4097484,0.0,0.15496916,5.3724117,0.008885704,0.0,0.013874651,0.51906395
1059,0.71259946,0.0,0.28308976,5.372412,0.011215421,0.0,0.014427784,0.5190643
1060,0.17088255,0.0,0.27656785,5.372415,0.009295803,0.0,0.01419317,0.51906425
1061,0.41001087,0.0,0.15979537,5.372417,0.009144931,0.0,0.015474645,0.5190637
1062,0.7727383,0.0,0.1203366,5.3724203,0.008667087,0.0,0.015385678,0.51906306
1063,0.20725285,0.0,0.17645931,5.3724213,0.009864417,0.0,0.016280089,0.51906234
1064,0.4958034,0.0,0.251802,5.372421,0.008673528,0.0,0.015701398,0.51906174
1065,0.35549554,0.0,0.25461918,5.372419,0.010196288,0.0,0.015023349,0.51906157
1066,0.3811653,0.0,0.2184812,5.372417,0.010022837,0.0,0.015088251,0.5190614
1067,1.0005633,0.0,0.35870412,5.3724155,0.008959223,0.0,0.015812758,0.51906085
1068,0.5582646,0.0,0.2217508,5.372411,0.010850739,0.0,0.014188358,0.51906025
1069,0.3051028,0.0,0.16648595,5.372407,0.007790836,0.0,0.01696747,0.51905966
1070,0.3107239,0.0,0.14877069,5.372402,0.008427989,0.0,0.017979948,0.5190596
1071,0.31524882,0.0,0.19273253,5.372397,0.00834982,0.0,0.014787541,0.5190601
1072,0.63846767,0.0,0.23100278,5.3723927,0.010398801,0.0,0.01784859,0.51906043
1073,0.6007889,0.0,0.1817853,5.372387,0.0080299135,0.0,0.015036871,0.51906097
1074,0.35613644,0.0,0.39889768,5.372382,0.008381375,0.0,0.015413809,0.5190614
1075,0.1803665,0.0,0.21403052,5.372376,0.009000543,0.0,0.013038223,0.5190617
1076,0.57966983,0.0,0.39134026,5.372369,0.01019405,0.0,0.014685589,0.5190618
1077,0.28281015,0.0,0.32875994,5.3723626,0.008771507,0.0,0.017323043,0.51906186
1078,0.40283766,0.0,0.26690626,5.372356,0.007760418,0.0,0.015723098,0.51906174
1079,1.0384461,0.0,0.2353766,5.372351,0.008853005,0.0,0.018305847,0.51906174
1080,0.5464807,0.0,0.2835586,5.3723483,0.007407964,0.0,0.015826982,0.5190615
1081,0.19321245,0.0,0.20781618,5.372347,0.009311765,0.0,0.014140797,0.51906127
1082,0.52199316,0.0,0.37513223,5.372347,0.009789791,0.0,0.01626531,0.51906097
1083,0.42037645,0.0,0.13736334,5.3723507,0.009663029,0.0,0.014896542,0.5190608
1084,0.27721277,0.0,0.2780562,5.3723536,0.008206787,0.0,0.014532339,0.51906085
1085,1.1489083,0.0,0.21395329,5.372359,0.010117519,0.0,0.012887589,0.5190608
1086,0.80317897,0.0,0.19001718,5.372363,0.009255363,0.0,0.014205845,0.51906055
1087,0.29056126,0.0,0.17779906,5.372365,0.009997753,0.0,0.01712861,0.51905984
1088,0.50997704,0.0,0.16067049,5.3723674,0.009302101,0.0,0.016972551,0.5190594
1089,0.52753896,0.0,0.23019621,5.3723683,0.012564357,0.0,0.015458587,0.51905924
1090,0.51344067,0.0,0.3272658,5.3723702,0.009324017,0.0,0.01370901,0.51905936
1091,0.34314188,0.0,0.20295769,5.3723717,0.009590245,0.0,0.015378597,0.519059
1092,0.4042019,0.0,0.273171,5.3723736,0.008320908,0.0,0.015189212,0.519059
1093,0.17921856,0.0,0.28673497,5.3723764,0.0091023445,0.0,0.013753289,0.5190592
1094,0.38567978,0.0,0.23883231,5.3723793,0.007949138,0.0,0.014852882,0.5190593
1095,0.30170923,0.0,0.17065239,5.3723803,0.009231429,0.0,0.016292207,0.51905996
1096,0.6866343,0.0,0.2808296,5.3723807,0.0089573655,0.0,0.015470624,0.51906055
1097,0.30629462,0.0,0.27720866,5.372381,0.009637266,0.0,0.0145604,0.5190611
1098,0.39920244,0.0,0.2858649,5.3723845,0.00870644,0.0,0.012318347,0.5190623
1099,0.27723536,0.0,0.18099795,5.3723874,0.008035863,0.0,0.014915382,0.51906335
1100,0.3265455,0.0,0.15852682,5.37239,0.006977318,0.0,0.012304317,0.51906455
1101,0.7346452,0.0,0.17703356,5.3723917,0.008891715,0.0,0.0147086615,0.51906544
1102,0.3732666,0.0,0.24700932,5.3723927,0.008674284,0.0,0.014831914,0.5190668
1103,0.2794255,0.0,0.3257024,5.3723936,0.007319108,0.0,0.019799367,0.5190679
1104,0.5699492,0.0,0.31305304,5.3723927,0.008882503,0.0,0.01357482,0.51906914
1105,0.48484015,0.0,0.28640682,5.372395,0.010011684,0.0,0.017419009,0.5190704
1106,0.7536786,0.0,0.24543793,5.3723965,0.008673791,0.0,0.015356864,0.51907104
1107,0.32167143,0.0,0.2438367,5.372396,0.008776709,0.0,0.016707277,0.519072
1108,0.3498204,0.0,0.19327545,5.3723955,0.01016473,0.0,0.016443312,0.51907235
1109,0.38018084,0.0,0.22800575,5.372396,0.008327193,0.0,0.013468997,0.5190728
1110,0.30434743,0.0,0.24839024,5.3723946,0.008537373,0.0,0.017474132,0.51907337
1111,0.55567163,0.0,0.18526451,5.3723927,0.009846438,0.0,0.016251033,0.5190741
1112,0.34890938,0.0,0.14146219,5.3723903,0.00974417,0.0,0.014338957,0.5190748
1113,0.23617707,0.0,0.258756,5.3723884,0.009617578,0.0,0.014485793,0.5190753
1114,0.47360405,0.0,0.25125203,5.372383,0.010326102,0.0,0.014206622,0.5190759
1115,0.59496295,0.0,0.12703209,5.372379,0.008865226,0.0,0.01568491,0.519076
1116,0.28797278,0.0,0.19920549,5.372375,0.00880692,0.0,0.016134148,0.51907593
1117,0.4602506,0.0,0.13207582,5.3723717,0.008777529,0.0,0.014028945,0.5190759
1118,0.76537895,0.0,0.13084851,5.372368,0.008183573,0.0,0.017028177,0.5190751
1119,0.39288083,0.0,0.09470693,5.372365,0.0077262833,0.0,0.014119005,0.5190743
1120,0.21208704,0.0,0.29505768,5.3723617,0.009260765,0.0,0.013282732,0.5190737
1121,0.21276595,0.0,0.17671104,5.3723583,0.009698403,0.0,0.014618669,0.5190732
1122,0.46638563,0.0,0.24415672,5.372356,0.008161154,0.0,0.014592957,0.5190724
1123,0.95643914,0.0,0.29133433,5.3723526,0.0074109286,0.0,0.012808662,0.5190717
1124,0.31259018,0.0,0.21243867,5.3723474,0.008908319,0.0,0.015953517,0.519071
1125,0.6190905,0.0,0.23626585,5.3723435,0.010360693,0.0,0.014334624,0.5190705
1126,0.38268533,0.0,0.19003847,5.372341,0.008473588,0.0,0.015707932,0.51906985
1127,0.75414336,0.0,0.26591694,5.3723397,0.007915173,0.0,0.016487997,0.5190694
1128,0.5589105,0.0,0.15941036,5.372338,0.009384691,0.0,0.015466184,0.51906896
1129,0.32911482,0.0,0.35425138,5.372337,0.008762559,0.0,0.016610468,0.5190688
1130,0.68315786,0.0,0.28798863,5.372333,0.009004321,0.0,0.012686701,0.5190683
1131,0.62993044,0.0,0.3056877,5.372329,0.009840785,0.0,0.016435714,0.5190678
1132,0.49611685,0.0,0.32685,5.372326,0.010983926,0.0,0.018175185,0.51906705
1133,0.27340603,0.0,0.29266626,5.3723245,0.008457291,0.0,0.01434855,0.5190666
1134,0.436898,0.0,0.20527315,5.372325,0.0083459485,0.0,0.014402826,0.5190662
1135,0.29260635,0.0,0.41830727,5.3723226,0.008001427,0.0,0.01648341,0.51906544
1136,0.40553227,0.0,0.11239513,5.3723226,0.010729399,0.0,0.013676629,0.51906484
1137,0.4966996,0.0,0.14901197,5.3723235,0.008490116,0.0,0.01791694,0.5190646
1138,0.31550208,0.0,0.19894892,5.3723254,0.008604046,0.0,0.012809616,0.5190649
1139,0.727442,0.0,0.18033691,5.3723254,0.0090044355,0.0,0.014752288,0.5190652
1140,0.30063674,0.0,0.20960191,5.372327,0.008670272,0.0,0.01505901,0.51906514
1141,0.44270447,0.0,0.17111404,5.372327,0.008244705,0.0,0.013071981,0.519065
1142,0.39328486,0.0,0.28326344,5.3723288,0.009887334,0.0,0.01608647,0.5190647
1143,0.5042898,0.0,0.381758,5.3723307,0.009289604,0.0,0.014104289,0.51906437
1144,0.67175233,0.0,0.21644565,5.3723335,0.007644659,0.0,0.017676212,0.5190641
1145,0.273264,0.0,0.117090225,5.3723373,0.010573962,0.0,0.016157819,0.5190638
1146,0.33377558,0.0,0.28247547,5.372339,0.008589198,0.0,0.014567883,0.5190636
1147,1.0583404,0.0,0.2058995,5.3723464,0.0075080357,0.0,0.015648251,0.51906335
1148,0.35931388,0.0,0.21850294,5.3723526,0.009011079,0.0,0.0148556465,0.51906365
1149,0.6757852,0.0,0.2493671,5.372358,0.009335168,0.0,0.014968502,0.51906395
1150,0.40946355,0.0,0.17964295,5.372362,0.009269732,0.0,0.016798822,0.51906425
1151,0.73728114,0.0,0.20605378,5.372366,0.009465236,0.0,0.012998889,0.51906484
1152,0.4976214,0.0,0.17347662,5.37237,0.00915904,0.0,0.0132987825,0.5190651
1153,0.43682262,0.0,0.15328865,5.372373,0.009993247,0.0,0.01632994,0.5190653
1154,0.35646966,0.0,0.19112277,5.3723764,0.011695082,0.0,0.017898507,0.51906586
1155,0.85200644,0.0,0.29411387,5.37238,0.009569941,0.0,0.019554429,0.51906604
1156,0.7186307,0.0,0.18466492,5.372384,0.0099359965,0.0,0.015462363,0.5190667
1157,0.291674,0.0,0.26504216,5.372388,0.008757201,0.0,0.012172868,0.51906735
1158,0.29712206,0.0,0.14245047,5.372394,0.0077410126,0.0,0.01356156,0.519068
1159,0.33902198,0.0,0.17996185,5.3723993,0.0090991855,0.0,0.013168474,0.5190684
1160,0.20412487,0.0,0.27278796,5.3724036,0.008708591,0.0,0.013794273,0.51906884
1161,0.3335972,0.0,0.15816541,5.372408,0.00771389,0.0,0.015755517,0.5190692
1162,0.32737625,0.0,0.18812628,5.3724093,0.01092094,0.0,0.013235849,0.5190689
1163,0.50147325,0.0,0.19412115,5.372411,0.008020512,0.0,0.018928891,0.5190688
1164,0.5975454,0.0,0.25903678,5.3724117,0.008848895,0.0,0.016029406,0.519069
1165,0.28826728,0.0,0.26614863,5.3724136,0.008579309,0.0,0.015671592,0.5190696
1166,0.7794138,0.0,0.3400107,5.3724184,0.008426365,0.0,0.016605932,0.51906985
1167,0.70739573,0.0,0.21665764,5.372422,0.007887157,0.0,0.018464709,0.5190706
1168,0.98415035,0.0,0.1513072,5.3724256,0.008641284,0.0,0.015239165,0.5190717
1169,0.2933417,0.0,0.3540182,5.3724275,0.009335199,0.0,0.014465077,0.51907265
1170,0.4704335,0.0,0.21424024,5.37243,0.009197468,0.0,0.019065082,0.5190732
1171,0.3640851,0.0,0.24854594,5.3724313,0.008125514,0.0,0.015139138,0.51907414
1172,0.515534,0.0,0.15799423,5.37243,0.009112503,0.0,0.015947673,0.5190745
1173,0.48574093,0.0,0.20103157,5.3724303,0.010786619,0.0,0.013018244,0.5190747
1174,0.78753704,0.0,0.31572333,5.372431,0.008161372,0.0,0.016374413,0.51907486
1175,0.2617101,0.0,0.2014967,5.37243,0.008644226,0.0,0.013111967,0.51907533
1176,0.24408929,0.0,0.2562917,5.3724275,0.009161058,0.0,0.013985188,0.51907545
1177,0.39294833,0.0,0.20594123,5.3724236,0.0085804155,0.0,0.014133641,0.5190759
1178,0.5536436,0.0,0.32239565,5.372419,0.010113163,0.0,0.01688676,0.51907605
1179,0.45069584,0.0,0.22918776,5.3724103,0.009061533,0.0,0.014444452,0.51907665
1180,0.3348847,0.0,0.18235117,5.3724055,0.00900717,0.0,0.015629193,0.51907736
1181,0.41804343,0.0,0.19787556,5.372401,0.009236615,0.0,0.015726976,0.5190777
1182,0.3989974,0.0,0.22662692,5.372398,0.008288735,0.0,0.014150088,0.5190787
1183,0.39379045,0.0,0.28554785,5.372395,0.010250724,0.0,0.011081273,0.5190792
1184,0.46419692,0.0,0.15286843,5.372393,0.008403368,0.0,0.021287587,0.51908
1185,0.26166365,0.0,0.22685109,5.3723907,0.009193907,0.0,0.014638759,0.5190813
1186,0.33646318,0.0,0.26742074,5.37239,0.00862425,0.0,0.014428293,0.5190823
1187,0.6800526,0.0,0.16817522,5.372388,0.00898809,0.0,0.014371256,0.519083
1188,0.19637966,0.0,0.16565455,5.3723865,0.008189743,0.0,0.017345352,0.51908374
1189,0.5881028,0.0,0.24896652,5.372386,0.009743742,0.0,0.01504094,0.51908445
1190,0.26923636,0.0,0.22557242,5.3723855,0.008888605,0.0,0.015658882,0.51908547
1191,0.25795615,0.0,0.2497631,5.372384,0.00893187,0.0,0.017090207,0.519086
1192,0.22279118,0.0,0.2722942,5.372381,0.009155109,0.0,0.018727064,0.5190866
1193,0.40815032,0.0,0.13808112,5.37238,0.009946517,0.0,0.014251752,0.5190881
1194,0.27549043,0.0,0.6942664,5.3723774,0.00741507,0.0,0.012297448,0.5190894
1195,0.42358565,0.0,0.14830703,5.372372,0.0082423715,0.0,0.016059665,0.5190902
1196,0.7068378,0.0,0.16987431,5.372369,0.009383961,0.0,0.014715661,0.519091
1197,0.41235676,0.0,0.2741009,5.3723645,0.009246243,0.0,0.0139689,0.5190919
1198,0.88255227,0.0,0.16397819,5.3723626,0.00720127,0.0,0.015279527,0.5190927
1199,0.21176273,0.0,0.6278222,5.37236,0.009463905,0.0,0.015564042,0.5190932
1200,0.33173642,0.0,0.16884857,5.372362,0.011082039,0.0,0.01730762,0.5190936
1201,0.4338672,0.0,0.21506837,5.372363,0.009871658,0.0,0.013162169,0.51909405
1202,0.4157777,0.0,0.34777728,5.372364,0.008932497,0.0,0.019731117,0.5190941
1203,0.36203966,0.0,0.18729529,5.3723655,0.007415677,0.0,0.016238574,0.5190939
1204,0.8701059,0.0,0.17636387,5.372368,0.010228693,0.0,0.019616975,0.51909333
1205,0.55187374,0.0,0.2538169,5.372369,0.00876009,0.0,0.013410531,0.5190928
1206,0.75217545,0.0,0.31174964,5.372371,0.007105474,0.0,0.018082257,0.51909226
1207,0.35006917,0.0,0.13477157,5.372372,0.012069787,0.0,0.013975228,0.5190921
1208,0.27404496,0.0,0.25814646,5.3723726,0.010713929,0.0,0.017479636,0.5190922
1209,0.23677713,0.0,0.2368065,5.3723745,0.008223362,0.0,0.014660396,0.5190918
1210,0.27737543,0.0,0.16425514,5.3723755,0.007904504,0.0,0.015898941,0.51909137
1211,0.40266544,0.0,0.22277236,5.3723774,0.009859164,0.0,0.017483268,0.5190907
1212,0.19478409,0.0,0.31743076,5.372377,0.008614795,0.0,0.01568803,0.51909006
1213,0.28408587,0.0,0.1793048,5.3723764,0.008924186,0.0,0.015701002,0.5190891
1214,0.5512003,0.0,0.24117255,5.3723764,0.008706236,0.0,0.012686798,0.5190879
1215,0.35888207,0.0,0.3878304,5.3723764,0.0078186635,0.0,0.018450523,0.519087
1216,0.5486085,0.0,0.18346034,5.3723774,0.0071536712,0.0,0.016768087,0.51908636
1217,0.3754642,0.0,0.12246245,5.372379,0.0092338985,0.0,0.019871244,0.5190861
1218,0.45761973,0.0,0.22634515,5.3723807,0.010445914,0.0,0.013260397,0.51908636
1219,0.48458275,0.0,0.16142051,5.372381,0.008448723,0.0,0.014827322,0.5190868
1220,0.40324694,0.0,0.18281269,5.372381,0.009262998,0.0,0.014414073,0.5190875
1221,0.3933507,0.0,0.38018575,5.37238,0.009510587,0.0,0.013899126,0.51908785
1222,0.5755933,0.0,0.42487994,5.3723774,0.009496465,0.0,0.015210602,0.519088
1223,0.33628672,0.0,0.1609121,5.372379,0.011052238,0.0,0.015720524,0.51908785
1224,0.3917446,0.0,0.111382805,5.372381,0.010081683,0.0,0.016739447,0.5190881
1225,0.26963288,0.0,0.17884985,5.372383,0.007547369,0.0,0.012748555,0.5190883
1226,0.34585667,0.0,0.23530625,5.3723845,0.009075085,0.0,0.015749551,0.5190882
1227,0.6829344,0.0,0.23051557,5.372387,0.010027371,0.0,0.015617506,0.51908803
1228,0.6004547,0.0,0.19591548,5.372387,0.010026145,0.0,0.015425791,0.5190878
1229,0.70130634,0.0,0.2851162,5.3723874,0.010364946,0.0,0.018235095,0.5190873
1230,0.67309123,0.0,0.20669967,5.3723884,0.0088997055,0.0,0.0140208565,0.51908666
1231,0.5554239,0.0,0.15542325,5.3723884,0.010361492,0.0,0.013395623,0.5190859
1232,0.32202125,0.0,0.24362515,5.3723884,0.009052448,0.0,0.015918886,0.5190851
1233,0.2138079,0.0,0.18974379,5.372388,0.0069078156,0.0,0.014413666,0.51908416
1234,0.36604124,0.0,0.19586195,5.372385,0.008852096,0.0,0.0152972685,0.5190835
1235,0.3976503,0.0,0.26809764,5.3723817,0.010433759,0.0,0.015298856,0.519083
1236,0.40690336,0.0,0.3066932,5.372379,0.009940629,0.0,0.014376994,0.51908296
1237,0.5617446,0.0,0.1869822,5.3723803,0.012617509,0.0,0.016993104,0.51908296
1238,0.31949905,0.0,0.3934053,5.3723803,0.007366745,0.0,0.013832475,0.51908267
1239,0.7712057,0.0,0.16414368,5.3723793,0.009149611,0.0,0.014954474,0.51908237
1240,0.3271894,0.0,0.2942883,5.3723793,0.009075059,0.0,0.01423283,0.51908195
1241,0.70941156,0.0,0.207949,5.3723817,0.009801078,0.0,0.019341728,0.5190818
1242,0.6839249,0.0,0.19223985,5.3723836,0.012162912,0.0,0.01609499,0.51908153
1243,0.70174664,0.0,0.24980803,5.372387,0.007730479,0.0,0.015887022,0.5190813
1244,0.55792165,0.0,0.33032763,5.3723903,0.009207296,0.0,0.01604454,0.51908165
1245,0.44407132,0.0,0.32668003,5.372393,0.008462893,0.0,0.017822653,0.519082
1246,0.7548994,0.0,0.1794889,5.372391,0.009471422,0.0,0.016929515,0.5190822
1247,0.34102166,0.0,0.116422094,5.3723903,0.008002277,0.0,0.015407549,0.5190824
1248,0.3449147,0.0,0.1787635,5.372389,0.0077576083,0.0,0.015908346,0.5190827
1249,0.5525606,0.0,0.1741537,5.3723874,0.009780346,0.0,0.015669897,0.51908296
1250,0.98454785,0.0,0.23353249,5.3723865,0.009741296,0.0,0.016640568,0.5190831
1251,0.83851707,0.0,0.1423682,5.3723865,0.010597873,0.0,0.016655717,0.51908344
1252,0.30653107,0.0,0.38585186,5.372387,0.008272709,0.0,0.014681337,0.51908416
1253,0.26300794,0.0,0.23837368,5.372386,0.009236581,0.0,0.013484698,0.51908475
1254,0.45312625,0.0,0.22939332,5.3723845,0.009079605,0.0,0.017448142,0.5190852
1255,0.5765921,0.0,0.17695113,5.372383,0.009064411,0.0,0.01677329,0.51908576
1256,0.31468815,0.0,0.20431334,5.3723817,0.010271494,0.0,0.015668694,0.51908636
1257,0.3025123,0.0,0.13024107,5.37238,0.008827102,0.0,0.01512719,0.51908666
1258,0.5110408,0.0,0.166381,5.3723774,0.009999847,0.0,0.013444522,0.5190869
1259,0.71266025,0.0,0.27498028,5.3723764,0.008772564,0.0,0.016983915,0.51908714
1260,0.63423127,0.0,0.16244856,5.3723736,0.009429607,0.0,0.0128972,0.5190868
1261,0.18795128,0.0,0.21157008,5.3723702,0.011300267,0.0,0.015514402,0.5190863
1262,0.22582889,0.0,0.17873947,5.372369,0.008279238,0.0,0.015506517,0.519086
1263,0.42478314,0.0,0.2762285,5.372369,0.010191034,0.0,0.015136451,0.5190856
1264,0.51425385,0.0,0.30966443,5.3723683,0.008417683,0.0,0.014189132,0.51908517
1265,0.309465,0.0,0.14600219,5.372369,0.009410249,0.0,0.013932075,0.5190847
1266,0.37803966,0.0,0.22782923,5.372369,0.0094119925,0.0,0.013752922,0.51908404
1267,1.0776228,0.0,0.13361686,5.3723693,0.009071953,0.0,0.016223347,0.5190835
1268,0.37184587,0.0,0.22020291,5.3723702,0.008550312,0.0,0.0136570195,0.51908296
1269,0.22709532,0.0,0.23847069,5.3723707,0.008887373,0.0,0.015563289,0.5190821
1270,0.40419415,0.0,0.19312684,5.3723702,0.009836676,0.0,0.015391834,0.51908135
1271,0.6708973,0.0,0.19678739,5.372369,0.008852457,0.0,0.015207592,0.51908076
1272,0.5480277,0.0,0.16516875,5.3723664,0.008690211,0.0,0.013727438,0.5190801
1273,0.4448273,0.0,0.40201357,5.3723636,0.010282142,0.0,0.013224415,0.51907915
1274,0.5001133,0.0,0.20932503,5.3723607,0.009395477,0.0,0.0141447745,0.519078
1275,0.5669007,0.0,0.27860075,5.3723574,0.010027366,0.0,0.015987212,0.5190769
1276,0.74446505,0.0,0.21049488,5.372351,0.010026154,0.0,0.015230294,0.5190763
1277,0.19279124,0.0,0.23398246,5.3723454,0.008240712,0.0,0.015305126,0.51907533
1278,0.2771267,0.0,0.20491683,5.372341,0.010917177,0.0,0.013744613,0.5190748
1279,0.6392862,0.0,0.21283568,5.3723364,0.007699018,0.0,0.0150891645,0.51907396
1280,0.28468797,0.0,0.39665174,5.37233,0.0066456394,0.0,0.013370555,0.5190732
1281,0.36164024,0.0,0.18261023,5.372326,0.010917577,0.0,0.015972625,0.51907265
1282,0.20471424,0.0,0.1841031,5.3723226,0.008781529,0.0,0.014315261,0.5190723
1283,0.87025344,0.0,0.30209586,5.37232,0.008763904,0.0,0.015464756,0.51907206
1284,0.27105638,0.0,0.25964195,5.3723187,0.008044507,0.0,0.016107475,0.51907206
1285,0.40870857,0.0,0.18688041,5.3723173,0.009041762,0.0,0.016302507,0.5190722
1286,0.18047768,0.0,0.16099618,5.3723173,0.007665814,0.0,0.0141079435,0.5190724
1287,0.29525113,0.0,0.18440147,5.3723164,0.008872052,0.0,0.018833622,0.51907253
1288,0.30532572,0.0,0.20883009,5.3723164,0.009902675,0.0,0.016405407,0.51907194
1289,0.3436399,0.0,0.21248657,5.372314,0.008929185,0.0,0.015573354,0.51907176
1290,0.49982515,0.0,0.21912986,5.3723135,0.009569135,0.0,0.018450346,0.5190716
1291,0.182929,0.0,0.30737734,5.372312,0.011795054,0.0,0.014832058,0.51907116
1292,0.4211289,0.0,0.14812872,5.37231,0.010975491,0.0,0.0137165515,0.51907045
1293,0.8993582,0.0,0.2332035,5.372308,0.0091475425,0.0,0.014334438,0.51906955
1294,0.6801634,0.0,0.27542725,5.3723063,0.009361922,0.0,0.013576414,0.51906914
1295,0.5385465,0.0,0.17723301,5.3723035,0.01063795,0.0,0.014957942,0.5190689
1296,0.1682235,0.0,0.31422412,5.372302,0.009495157,0.0,0.016920185,0.5190688
1297,0.4226134,0.0,0.21951902,5.3723,0.0071102846,0.0,0.014475245,0.5190686
1298,0.33375704,0.0,0.15354456,5.3723,0.009809188,0.0,0.016464433,0.51906866
1299,0.6138076,0.0,0.1575513,5.3723,0.009550285,0.0,0.014838357,0.51906925
1300,0.5483708,0.0,0.17382967,5.3722997,0.009060643,0.0,0.01853367,0.5190694
1301,0.60446095,0.0,0.1819489,5.3722987,0.010207141,0.0,0.01650227,0.5190697
1302,0.3380857,0.0,0.14284733,5.372297,0.007376577,0.0,0.014836031,0.51906985
1303,0.2849518,0.0,0.24660948,5.372295,0.007316496,0.0,0.015943132,0.51906985
1304,0.31018493,0.0,0.1642574,5.3722935,0.008626051,0.0,0.017533276,0.51906973
1305,0.2540368,0.0,0.17766385,5.3722916,0.007571989,0.0,0.016897427,0.51906973
1306,0.4992113,0.0,0.37550762,5.372289,0.008918438,0.0,0.014297302,0.5190699
1307,0.26167122,0.0,0.39986208,5.3722873,0.0081349015,0.0,0.013079802,0.5190699
1308,0.29621187,0.0,0.2513296,5.3722835,0.009166539,0.0,0.016509311,0.51907027
1309,0.4829872,0.0,0.25283784,5.372281,0.007812181,0.0,0.013193743,0.51907086
1310,0.25532323,0.0,0.20312418,5.3722777,0.009502813,0.0,0.01361471,0.51907164
1311,0.23387764,0.0,0.19756024,5.372276,0.010020742,0.0,0.015892116,0.5190723
1312,0.6631984,0.0,0.23150538,5.372274,0.009262805,0.0,0.015561394,0.5190727
1313,0.43504027,0.0,0.20289758,5.3722725,0.008777227,0.0,0.015186937,0.5190731
1314,0.40419802,0.0,0.19511604,5.372273,0.007517501,0.0,0.015863022,0.5190736
1315,0.32748702,0.0,0.2864072,5.3722744,0.008312421,0.0,0.015387455,0.5190741
1316,0.8537727,0.0,0.22490464,5.3722773,0.01038819,0.0,0.015038231,0.5190743
1317,0.58215404,0.0,0.22448088,5.372281,0.00707038,0.0,0.016764719,0.51907444
1318,0.5017988,0.0,0.2163921,5.3722844,0.009607467,0.0,0.016935987,0.5190747
1319,0.3906045,0.0,0.2233742,5.372288,0.008617185,0.0,0.015065972,0.519075
1320,0.41497314,0.0,0.12697516,5.3722906,0.008834263,0.0,0.014609755,0.51907486
1321,0.5687758,0.0,0.25039795,5.3722925,0.0070746993,0.0,0.016855378,0.5190748
1322,0.227166,0.0,0.1607465,5.372295,0.008487744,0.0,0.012698595,0.5190763
1323,0.41288328,0.0,0.19310032,5.372296,0.007639965,0.0,0.019814236,0.51907736
1324,0.3230026,0.0,0.23118226,5.3722973,0.008841859,0.0,0.016495857,0.51907784
1325,0.34333292,0.0,0.2891711,5.3722982,0.008357806,0.0,0.016666915,0.51907855
1326,0.4025656,0.0,0.11655364,5.3723,0.008862377,0.0,0.01660987,0.5190794
1327,0.7090562,0.0,0.2270878,5.372301,0.010550899,0.0,0.015965525,0.5190801
1328,0.5055543,0.0,0.29715773,5.3723035,0.0098678,0.0,0.017789073,0.51908094
1329,0.4618924,0.0,0.20510639,5.372306,0.009708803,0.0,0.015472114,0.5190824
1330,0.20595866,0.0,0.18118705,5.3723083,0.010341304,0.0,0.015312166,0.5190839
1331,0.30267438,0.0,0.2136313,5.3723083,0.01046485,0.0,0.01861824,0.5190852
1332,0.22960179,0.0,0.15634532,5.372308,0.009558901,0.0,0.01445179,0.51908654
1333,0.35409674,0.0,0.2250109,5.372306,0.007118503,0.0,0.01888282,0.5190877
1334,0.4565439,0.0,0.18162076,5.3723035,0.011713372,0.0,0.01760215,0.5190884
1335,0.35207886,0.0,0.2572106,5.372301,0.010225049,0.0,0.014806564,0.5190893
1336,0.40556568,0.0,0.2617312,5.372296,0.008833843,0.0,0.019693298,0.5190901
1337,0.45094565,0.0,0.21771415,5.372292,0.009296134,0.0,0.014554976,0.5190908
1338,0.5009257,0.0,0.2554598,5.3722863,0.009183835,0.0,0.012291009,0.5190911
1339,0.29992536,0.0,0.26702458,5.372279,0.00953901,0.0,0.019507825,0.5190915
1340,0.6723574,0.0,0.20687689,5.372272,0.007102677,0.0,0.017412722,0.5190917
1341,0.20544007,0.0,0.241443,5.372266,0.00897335,0.0,0.01631325,0.5190917
1342,0.6808791,0.0,0.18287787,5.37226,0.009057788,0.0,0.016183773,0.5190916
1343,0.48179528,0.0,0.18638355,5.372256,0.009110636,0.0,0.015584682,0.5190915
1344,0.6308244,0.0,0.18279164,5.372252,0.01153327,0.0,0.014677191,0.5190912
1345,0.25933072,0.0,0.33821848,5.372249,0.0086358655,0.0,0.015857477,0.5190911
1346,0.20413318,0.0,0.22826515,5.3722467,0.009121818,0.0,0.014278325,0.51909125
1347,0.32024822,0.0,0.16132446,5.3722434,0.008314438,0.0,0.016199615,0.5190913
1348,0.38019696,0.0,0.11641444,5.3722396,0.011268867,0.0,0.014480079,0.51909184
1349,0.78399384,0.0,0.09669486,5.372235,0.008503578,0.0,0.014602998,0.5190928
1350,0.31860915,0.0,0.25460884,5.3722305,0.010225188,0.0,0.014174621,0.519094
1351,0.23610592,0.0,0.32756844,5.372229,0.009366268,0.0,0.015425438,0.519095
1352,0.41696343,0.0,0.17203759,5.3722243,0.008440996,0.0,0.014325242,0.51909596
1353,0.3831127,0.0,0.2486972,5.372221,0.009983115,0.0,0.017717894,0.5190966
1354,0.22096676,0.0,0.27597195,5.372219,0.008532459,0.0,0.015028197,0.5190969
1355,0.2826094,0.0,0.24178842,5.3722177,0.009777674,0.0,0.017724115,0.5190968
1356,0.44125324,0.0,0.23170501,5.372216,0.008267488,0.0,0.016102029,0.51909703
1357,0.506196,0.0,0.22970594,5.3722143,0.009769395,0.0,0.015153401,0.51909703
1358,0.48014152,0.0,0.16126512,5.3722134,0.007703333,0.0,0.01592365,0.5190969
1359,0.56911975,0.0,0.22990948,5.3722115,0.008410509,0.0,0.014737435,0.5190966
1360,0.79691,0.0,0.1530002,5.372209,0.008146953,0.0,0.012458993,0.51909715
1361,0.49661645,0.0,0.3856097,5.3722076,0.009536497,0.0,0.01457711,0.5190976
1362,0.94805783,0.0,0.32105124,5.372207,0.0075085773,0.0,0.013587632,0.5190977
1363,0.24305485,0.0,0.11539723,5.3722086,0.008668509,0.0,0.017094385,0.5190978
1364,0.40834036,0.0,0.22361113,5.3722086,0.010810121,0.0,0.016228056,0.519098
1365,0.5769304,0.0,0.25993624,5.3722076,0.010262236,0.0,0.017051334,0.5190975
1366,0.7023506,0.0,0.2639363,5.372206,0.00845186,0.0,0.021689318,0.51909673
1367,0.7056564,0.0,0.28056294,5.3722034,0.013117185,0.0,0.020191858,0.51909584
1368,0.61127555,0.0,0.31454238,5.372201,0.008054767,0.0,0.015327484,0.51909524
1369,0.20366445,0.0,0.3383736,5.3722005,0.01015584,0.0,0.018202787,0.5190941
1370,0.5990799,0.0,0.35528085,5.372201,0.01031894,0.0,0.013985682,0.5190936
1371,0.39019203,0.0,0.16916125,5.372203,0.009393458,0.0,0.015861874,0.519093
1372,0.6011939,0.0,0.16727154,5.3722043,0.009465069,0.0,0.014417383,0.5190927
1373,0.26823315,0.0,0.20628467,5.3722053,0.0103998585,0.0,0.016417755,0.51909274
1374,0.5072092,0.0,0.10516895,5.3722053,0.010327538,0.0,0.01440176,0.5190928
1375,0.41677174,0.0,0.3047672,5.372205,0.008029187,0.0,0.017608553,0.5190926
1376,0.33443442,0.0,0.2170425,5.3722043,0.008169439,0.0,0.014471939,0.51909244
1377,0.3473647,0.0,0.20354968,5.3722057,0.008344799,0.0,0.016942976,0.5190925
1378,0.54478616,0.0,0.11533132,5.3722057,0.0086533,0.0,0.015974008,0.51909274
1379,0.5632452,0.0,0.2686462,5.372206,0.009979921,0.0,0.0154479835,0.5190927
1380,0.15413953,0.0,0.20629776,5.3722076,0.010711351,0.0,0.013846366,0.5190923
1381,0.64750034,0.0,0.17217353,5.372211,0.009548865,0.0,0.018540705,0.5190917
1382,0.37765208,0.0,0.2029562,5.372212,0.009005055,0.0,0.014155917,0.51909083
1383,0.5855108,0.0,0.22399439,5.3722153,0.008466721,0.0,0.015563863,0.5190896
1384,0.3057605,0.0,0.28160167,5.3722177,0.008727009,0.0,0.017307421,0.5190894
1385,0.516595,0.0,0.20661108,5.3722205,0.008161096,0.0,0.016363837,0.5190891
1386,0.18583752,0.0,0.17701976,5.372222,0.009253776,0.0,0.0146705,0.5190889
1387,0.51514983,0.0,0.25484267,5.3722253,0.008041384,0.0,0.014773861,0.5190886
1388,0.28766844,0.0,0.24877554,5.3722258,0.009064168,0.0,0.01395635,0.51908827
1389,1.0053256,0.0,0.29264838,5.372227,0.008218473,0.0,0.015467593,0.5190881
1390,0.4251724,0.0,0.14916562,5.372228,0.008491128,0.0,0.014663995,0.51908773
1391,0.48235723,0.0,0.34987724,5.372228,0.009471898,0.0,0.015174769,0.51908726
1392,0.7050418,0.0,0.19204517,5.37223,0.008963113,0.0,0.01617102,0.51908684
1393,0.41692385,0.0,0.36119694,5.3722315,0.009947045,0.0,0.016472612,0.5190862
1394,0.50444883,0.0,0.15814827,5.372232,0.01135308,0.0,0.016551087,0.51908576
1395,0.35803616,0.0,0.18387021,5.372234,0.008266288,0.0,0.015835403,0.51908493
1396,0.39044353,0.0,0.20032361,5.372236,0.010162729,0.0,0.015685538,0.51908463
1397,0.5095133,0.0,0.18716095,5.372237,0.007693855,0.0,0.013573788,0.5190844
1398,0.46382707,0.0,0.2023325,5.3722386,0.01109784,0.0,0.017263867,0.5190838
1399,0.3532724,0.0,0.2502751,5.3722415,0.008340633,0.0,0.013875309,0.5190832
1400,0.38963634,0.0,0.38804674,5.3722434,0.009160093,0.0,0.018472714,0.5190828
1401,0.3889229,0.0,0.14714181,5.3722463,0.0090433005,0.0,0.011790303,0.51908267
1402,0.37473974,0.0,0.4048361,5.3722477,0.0091758035,0.0,0.017526159,0.5190824
1403,0.3090918,0.0,0.14939086,5.37225,0.009409946,0.0,0.013463119,0.5190826
1404,0.5148067,0.0,0.19981812,5.372253,0.009695604,0.0,0.017160773,0.5190826
1405,0.49821615,0.0,0.12059834,5.372255,0.011549861,0.0,0.016566867,0.519083
1406,0.44661182,0.0,0.19702986,5.372257,0.007975521,0.0,0.016404953,0.51908326
1407,0.31226176,0.0,0.28591868,5.3722587,0.0121083325,0.0,0.016068574,0.5190838
1408,0.273944,0.0,0.19606599,5.37226,0.011474258,0.0,0.014757202,0.5190845
1409,0.27323306,0.0,0.3046453,5.372262,0.009463492,0.0,0.019577503,0.5190852
1410,0.6999156,0.0,0.23225503,5.37226,0.009788399,0.0,0.018729484,0.51908636
1411,0.27375588,0.0,0.32059056,5.3722577,0.010211056,0.0,0.016458383,0.5190874
1412,0.26931643,0.0,0.12841594,5.372255,0.009610582,0.0,0.014270415,0.51908827
1413,0.4272031,0.0,0.23625372,5.372251,0.008039273,0.0,0.014704997,0.5190894
1414,0.4070983,0.0,0.23348999,5.37225,0.008786529,0.0,0.013289512,0.5190902
1415,0.4572084,0.0,0.2296879,5.372246,0.009637621,0.0,0.011874007,0.5190909
1416,0.27599898,0.0,0.16600102,5.3722425,0.008775368,0.0,0.01439504,0.5190914
1417,0.6993109,0.0,0.27393368,5.372239,0.00833405,0.0,0.014862737,0.5190915
1418,0.3371691,0.0,0.22708999,5.3722377,0.010925974,0.0,0.016511409,0.51909107
1419,0.24859211,0.0,0.27856004,5.3722334,0.01005445,0.0,0.01287756,0.5190909
1420,0.41438326,0.0,0.14447106,5.37223,0.009788565,0.0,0.019200236,0.5190908
1421,0.39165026,0.0,0.2368359,5.372226,0.01108619,0.0,0.015729815,0.51909024
1422,0.42211956,0.0,0.17065622,5.372222,0.0076916297,0.0,0.017039439,0.51908976
1423,0.4034566,0.0,0.24471879,5.372219,0.010340825,0.0,0.016334796,0.5190894
1424,0.44770464,0.0,0.27508557,5.372217,0.010203967,0.0,0.011687831,0.51908875
1425,0.34541565,0.0,0.14309183,5.372213,0.007454197,0.0,0.016462853,0.5190883
1426,0.3218953,0.0,0.11892755,5.3722095,0.010494784,0.0,0.016595002,0.51908773
1427,0.47992814,0.0,0.14813903,5.3722057,0.009697352,0.0,0.0142294625,0.51908666
1428,0.6315379,0.0,0.15827298,5.3722034,0.010217409,0.0,0.015156929,0.5190859
1429,0.35641417,0.0,0.17845806,5.3722,0.008019324,0.0,0.013700481,0.5190851
1430,0.7057379,0.0,0.17088163,5.3721976,0.010357749,0.0,0.016986582,0.51908404
1431,1.1642554,0.0,0.14134525,5.372194,0.011066589,0.0,0.0137971975,0.5190832
1432,0.20886178,0.0,0.38177773,5.3721905,0.009826048,0.0,0.016928513,0.51908267
1433,0.3923364,0.0,0.21963404,5.372187,0.009221,0.0,0.01788577,0.5190826
1434,0.3147495,0.0,0.20941585,5.3721857,0.01130137,0.0,0.01491237,0.51908296
1435,0.45562953,0.0,0.20892684,5.372185,0.009641608,0.0,0.01401522,0.5190835
1436,0.38282332,0.0,0.1823173,5.372186,0.0096402215,0.0,0.015624438,0.51908404
1437,0.4644847,0.0,0.17974132,5.372187,0.012568202,0.0,0.016038848,0.519085
1438,0.34969032,0.0,0.2936177,5.3721895,0.00991179,0.0,0.014516156,0.5190863
1439,0.5204045,0.0,0.13461739,5.372193,0.009629922,0.0,0.01836226,0.51908726
1440,0.3874894,0.0,0.3807779,5.3721967,0.010295329,0.0,0.018475069,0.51908803
1441,0.23588957,0.0,0.3371586,5.3722,0.010348356,0.0,0.013264773,0.5190885
1442,0.47152272,0.0,0.1768485,5.372203,0.007939083,0.0,0.01378692,0.5190886
1443,0.2879973,0.0,0.21528709,5.3722034,0.009383951,0.0,0.015073076,0.51908845
1444,0.4559022,0.0,0.21100752,5.372204,0.010873695,0.0,0.019090977,0.51908785
1445,0.35786733,0.0,0.13772562,5.3722057,0.009744785,0.0,0.018176224,0.51908743
1446,0.3806308,0.0,0.26707166,5.3722086,0.009873254,0.0,0.015137407,0.51908726
1447,0.60986257,0.0,0.2109703,5.3722115,0.008829599,0.0,0.019263338,0.5190872
1448,0.36315322,0.0,0.24969989,5.3722134,0.0080422,0.0,0.015619745,0.5190875
1449,0.6112042,0.0,0.279989,5.372215,0.00886445,0.0,0.016737752,0.51908785
1450,0.27558044,0.0,0.12125312,5.372215,0.008646763,0.0,0.015070301,0.51908815
1451,0.67683065,0.0,0.3961207,5.372213,0.008204128,0.0,0.0143780485,0.5190885
1452,0.5466537,0.0,0.23719454,5.372208,0.009012282,0.0,0.015866967,0.5190888
1453,0.41232595,0.0,0.23940746,5.372203,0.00833972,0.0,0.013552595,0.51908857
1454,0.28103474,0.0,0.17444748,5.372197,0.010855247,0.0,0.017394163,0.5190881
1455,0.29569748,0.0,0.17946666,5.372191,0.008598511,0.0,0.013361182,0.51908743
1456,0.50567687,0.0,0.20266682,5.3721857,0.008873914,0.0,0.01589474,0.51908684
1457,0.19364834,0.0,0.14286572,5.3721795,0.01047011,0.0,0.012645012,0.51908594
1458,0.32710874,0.0,0.24253021,5.3721733,0.008748359,0.0,0.013155536,0.5190854
1459,0.54815435,0.0,0.27903813,5.3721676,0.00973438,0.0,0.012731136,0.51908463
1460,0.4156483,0.0,0.33164084,5.372159,0.009904617,0.0,0.015910098,0.519084
1461,0.28041846,0.0,0.15815282,5.372153,0.00875171,0.0,0.013565771,0.5190831
1462,0.6550249,0.0,0.18516064,5.3721466,0.009287645,0.0,0.016848056,0.51908207
1463,0.26085624,0.0,0.42120934,5.372142,0.010982166,0.0,0.012771893,0.51908165
1464,0.424267,0.0,0.22505483,5.372137,0.009540251,0.0,0.013031119,0.51908135
1465,0.31029147,0.0,0.20350349,5.372133,0.009745493,0.0,0.014211209,0.5190813
1466,0.6055978,0.0,0.17388752,5.372131,0.009379481,0.0,0.016910112,0.519081
1467,0.2852795,0.0,0.17146175,5.3721294,0.008653506,0.0,0.017659705,0.51908076
1468,0.51747346,0.0,0.50805366,5.372127,0.006894987,0.0,0.014967538,0.5190812
1469,0.319632,0.0,0.23607461,5.3721294,0.010481568,0.0,0.016323684,0.5190814
1470,0.38859925,0.0,0.27025083,5.3721333,0.0091849975,0.0,0.016516317,0.5190817
1471,0.34515128,0.0,0.29662415,5.372134,0.009892775,0.0,0.013760612,0.51908237
1472,0.42063522,0.0,0.23207934,5.3721366,0.009820334,0.0,0.016290119,0.5190831
1473,0.33861282,0.0,0.3933418,5.372138,0.009653933,0.0,0.0165133,0.5190839
1474,0.22847782,0.0,0.1867456,5.3721433,0.011347582,0.0,0.017306037,0.5190844
1475,0.5835135,0.0,0.12075603,5.372149,0.008813651,0.0,0.0152848335,0.51908517
1476,0.69695026,0.0,0.2728545,5.3721547,0.0078010205,0.0,0.014983953,0.51908594
1477,0.34062132,0.0,0.24402744,5.3721576,0.008878021,0.0,0.015441876,0.5190865
1478,0.42761555,0.0,0.15051965,5.3721595,0.008860877,0.0,0.016447438,0.51908714
1479,0.2840258,0.0,0.25978598,5.3721614,0.006816947,0.0,0.0151050035,0.51908773
1480,0.30764472,0.0,0.21900888,5.372164,0.009665467,0.0,0.013126067,0.51908857
1481,0.45518205,0.0,0.25920814,5.372165,0.011070813,0.0,0.016006745,0.5190893
1482,0.19580282,0.0,0.36800173,5.3721666,0.0092053395,0.0,0.012538363,0.5190899
1483,0.3058855,0.0,0.15218283,5.3721685,0.008226868,0.0,0.016193023,0.5190904
1484,0.4432947,0.0,0.24616054,5.3721704,0.011151507,0.0,0.012663087,0.5190909
1485,0.2790878,0.0,0.19257882,5.3721714,0.009488364,0.0,0.014891953,0.51909095
1486,0.32399523,0.0,0.47508216,5.3721704,0.008755183,0.0,0.01574228,0.5190907
1487,0.41292346,0.0,0.27131543,5.372173,0.009363405,0.0,0.018122524,0.51909095
1488,0.35293564,0.0,0.13147026,5.372174,0.008580696,0.0,0.014066666,0.519091
1489,0.25473484,0.0,0.22415352,5.3721747,0.009236781,0.0,0.0157491,0.5190915
1490,0.6369773,0.0,0.2046177,5.372177,0.009276754,0.0,0.014354182,0.51909214
1491,0.36921418,0.0,0.21756828,5.372179,0.0068308106,0.0,0.015503009,0.5190927
1492,0.40771198,0.0,0.17497386,5.3721805,0.008486244,0.0,0.016297607,0.5190934
1493,0.62080175,0.0,0.18812455,5.372181,0.009127127,0.0,0.016359642,0.51909345
1494,0.5237324,0.0,0.2979745,5.372182,0.008883505,0.0,0.015774515,0.51909363
1495,0.95289797,0.0,0.28293473,5.3721843,0.008916738,0.0,0.016861154,0.5190936
1496,0.5363079,0.0,0.33014083,5.3721867,0.0077752187,0.0,0.017018117,0.51909393
1497,0.45306382,0.0,0.18966432,5.37219,0.007147372,0.0,0.015082158,0.5190936
1498,0.31500205,0.0,0.13166502,5.3721924,0.010767565,0.0,0.014080288,0.51909345
1499,0.263664,0.0,0.14289811,5.372195,0.0082779825,0.0,0.017425401,0.51909333
1500,0.5134587,0.0,0.16320184,5.372195,0.008913493,0.0,0.01462019,0.5190931
1501,0.87820965,0.0,0.22599849,5.3721952,0.0087094195,0.0,0.018416617,0.5190924
1502,0.9713395,0.0,0.27488488,5.372197,0.009484532,0.0,0.018028282,0.5190928
1503,0.44913712,0.0,0.32402262,5.372199,0.010567969,0.0,0.01524259,0.51909363
1504,0.33573395,0.0,0.1631379,5.3722005,0.008416489,0.0,0.013470398,0.5190944
1505,0.35158926,0.0,0.2071005,5.372203,0.0077677146,0.0,0.016699536,0.51909494
1506,0.5026013,0.0,0.1612066,5.372203,0.008557405,0.0,0.013729148,0.5190955
1507,0.28985256,0.0,0.2181846,5.372202,0.011559638,0.0,0.017362153,0.5190961
1508,0.5023237,0.0,0.18674691,5.372203,0.008438237,0.0,0.016966425,0.5190963
1509,0.32916456,0.0,0.21356227,5.3722043,0.009282691,0.0,0.012828229,0.5190968
1510,0.5306771,0.0,0.23452726,5.3722076,0.010011359,0.0,0.016887829,0.51909703
1511,0.595526,0.0,0.16538408,5.372209,0.010203144,0.0,0.013706377,0.5190972
1512,0.3181817,0.0,0.26866108,5.3722124,0.010558503,0.0,0.014131102,0.51909727
1513,0.59353155,0.0,0.15631579,5.372216,0.009558033,0.0,0.013549653,0.5190976
1514,0.30065876,0.0,0.2649014,5.372218,0.010467811,0.0,0.01669731,0.5190977
1515,0.2694208,0.0,0.23048168,5.3722196,0.010170179,0.0,0.016849097,0.51909834
1516,0.40647462,0.0,0.20885079,5.3722215,0.009301763,0.0,0.015423321,0.51909935
1517,0.32330164,0.0,0.19773969,5.372222,0.008533604,0.0,0.0147268055,0.51910055
1518,0.22070864,0.0,0.16361566,5.372221,0.009255573,0.0,0.016732726,0.51910156
1519,0.43693045,0.0,0.27760702,5.372219,0.010666961,0.0,0.015903033,0.51910245
1520,0.5892756,0.0,0.3371869,5.3722186,0.008267371,0.0,0.018824542,0.51910305
1521,1.194371,0.0,0.23679921,5.372218,0.009865403,0.0,0.015591811,0.5191035
1522,0.4195827,0.0,0.24334101,5.372217,0.008394549,0.0,0.0153480945,0.51910347
1523,0.502758,0.0,0.16497234,5.3722157,0.007918595,0.0,0.015337887,0.5191035
1524,0.30475417,0.0,0.34679013,5.372214,0.010564202,0.0,0.0151689965,0.5191037
1525,0.6074641,0.0,0.15053433,5.372212,0.00781183,0.0,0.015192968,0.519104
1526,0.1749633,0.0,0.15153527,5.372208,0.007232526,0.0,0.013305078,0.51910454
1527,0.4431489,0.0,0.18883884,5.3722057,0.009992991,0.0,0.013479077,0.51910514
1528,0.35160762,0.0,0.16052592,5.3722034,0.009850976,0.0,0.01585999,0.51910585
1529,0.62156796,0.0,0.32209042,5.3722,0.008007621,0.0,0.01682416,0.51910585
1530,0.1960632,0.0,0.18845612,5.3722014,0.009518522,0.0,0.015821368,0.51910585
1531,0.25990516,0.0,0.24016696,5.372203,0.009585511,0.0,0.0139557505,0.51910585
1532,0.46221423,0.0,0.30099973,5.3722034,0.008350838,0.0,0.015259743,0.51910585
1533,0.22202724,0.0,0.21180974,5.3722043,0.008903332,0.0,0.013779752,0.5191063
1534,0.6493188,0.0,0.1926615,5.3722043,0.01010691,0.0,0.015639864,0.519107
1535,0.96925604,0.0,0.20892417,5.3722053,0.009236368,0.0,0.014691336,0.51910734
1536,1.8338252,0.0,0.38048193,5.3722053,0.009019001,0.0,0.017956018,0.51910764
1537,0.47876537,0.0,0.14866643,5.3722043,0.008296723,0.0,0.015440039,0.51910794
1538,0.31274247,0.0,0.26024732,5.372201,0.008143076,0.0,0.014009813,0.5191082
1539,0.31112787,0.0,0.2069798,5.3721995,0.0091801565,0.0,0.018561065,0.519109
1540,0.316572,0.0,0.21287122,5.3721986,0.009909347,0.0,0.016062642,0.5191099
1541,0.2685437,0.0,0.19487916,5.372196,0.010116039,0.0,0.016806087,0.5191108
1542,0.4903008,0.0,0.22850156,5.3721943,0.00855543,0.0,0.0139782075,0.51911116
1543,0.45783076,0.0,0.21363585,5.372191,0.009996088,0.0,0.014440166,0.5191113
1544,0.4938703,0.0,0.2024658,5.3721886,0.008358456,0.0,0.017447941,0.51911145
1545,0.7707557,0.0,0.14274365,5.3721867,0.009218621,0.0,0.020016365,0.51911175
1546,0.5308407,0.0,0.30897936,5.372187,0.008331301,0.0,0.015058074,0.51911306
1547,0.8591288,0.0,0.22594349,5.372187,0.009443985,0.0,0.014414479,0.519114
1548,0.5079403,0.0,0.20592445,5.3721886,0.0063528433,0.0,0.014230706,0.5191146
1549,0.36781126,0.0,0.17081828,5.37219,0.007589446,0.0,0.016967367,0.51911545
1550,0.7187142,0.0,0.16390319,5.3721905,0.009921375,0.0,0.017294459,0.5191164
1551,0.5256309,0.0,0.24931632,5.372192,0.010308962,0.0,0.016620643,0.5191175
1552,0.37433392,0.0,0.26594394,5.372193,0.01109849,0.0,0.015970252,0.5191183
1553,0.33583513,0.0,0.17279787,5.3721914,0.008824459,0.0,0.015978854,0.5191191
1554,1.407817,0.0,0.20597167,5.3721905,0.00904143,0.0,0.016570492,0.5191198
1555,0.37754107,0.0,0.27339327,5.372191,0.008206233,0.0,0.016809251,0.51912016
1556,0.5134386,0.0,0.37727183,5.372191,0.008946309,0.0,0.016625479,0.5191203
1557,0.74904305,0.0,0.14776929,5.3721914,0.008784068,0.0,0.015195285,0.5191206
1558,0.32458743,0.0,0.24977271,5.3721914,0.009847737,0.0,0.014228556,0.51912105
1559,0.3828411,0.0,0.20077565,5.372191,0.009358035,0.0,0.0125383325,0.51912117
1560,0.5801405,0.0,0.17345455,5.37219,0.009565622,0.0,0.015405835,0.5191212
1561,0.27389187,0.0,0.23326752,5.3721867,0.01086512,0.0,0.014636017,0.519121
1562,0.94611377,0.0,0.14950493,5.3721848,0.010706487,0.0,0.013988274,0.51912034
1563,0.2529166,0.0,0.24958524,5.372183,0.009925442,0.0,0.016302284,0.5191199
1564,0.25846547,0.0,0.23458734,5.3721814,0.009366321,0.0,0.019153941,0.51911974
1565,0.17711288,0.0,0.21649957,5.3721776,0.009614006,0.0,0.014169904,0.5191192
1566,0.6718656,0.0,0.30548435,5.3721747,0.010361801,0.0,0.01744919,0.51911855
1567,0.40467864,0.0,0.1729442,5.3721704,0.009663275,0.0,0.011237752,0.5191181
1568,0.4068366,0.0,0.17175789,5.372168,0.007426722,0.0,0.0155664515,0.51911736
1569,0.4313742,0.0,0.22350676,5.372164,0.00876481,0.0,0.014311858,0.5191169
1570,0.38534388,0.0,0.12568258,5.3721595,0.00853673,0.0,0.015982678,0.51911664
1571,0.3972491,0.0,0.21236795,5.3721547,0.009613007,0.0,0.015979806,0.51911664
1572,0.38504782,0.0,0.12586512,5.3721514,0.010303644,0.0,0.016170014,0.5191163
1573,0.34262437,0.0,0.22545476,5.3721476,0.010379664,0.0,0.017106466,0.519116
1574,0.4985897,0.0,0.26959264,5.3721466,0.008146885,0.0,0.014429468,0.51911575
1575,0.3328945,0.0,0.26639315,5.372144,0.010729409,0.0,0.016878914,0.5191154
1576,0.2780912,0.0,0.21828242,5.3721447,0.010025135,0.0,0.015807731,0.519115
1577,0.45162365,0.0,0.1981431,5.372143,0.011024238,0.0,0.018147627,0.5191144
1578,0.25222775,0.0,0.29270607,5.372143,0.010070022,0.0,0.01578743,0.51911396
1579,0.34306517,0.0,0.2184408,5.3721433,0.00876144,0.0,0.013811786,0.5191133
1580,0.42932865,0.0,0.1558954,5.372144,0.008384183,0.0,0.014210263,0.51911294
1581,0.26645064,0.0,0.22209774,5.372146,0.008344391,0.0,0.017499194,0.5191125
1582,0.42931673,0.0,0.36442068,5.3721495,0.010219438,0.0,0.013999784,0.5191121
1583,0.38123292,0.0,0.21351501,5.3721538,0.010354962,0.0,0.014281191,0.5191113
1584,0.33285487,0.0,0.41924474,5.3721566,0.00870425,0.0,0.0151611725,0.51911056
1585,0.555518,0.0,0.23898408,5.3721604,0.011260536,0.0,0.015152311,0.51911
1586,0.3792525,0.0,0.24226621,5.3721647,0.009583763,0.0,0.015899653,0.5191096
1587,0.29807144,0.0,0.18762533,5.3721676,0.009221671,0.0,0.01489065,0.51910913
1588,0.34467706,0.0,0.15793552,5.3721695,0.01014102,0.0,0.014785041,0.51910913
1589,0.57047284,0.0,0.09981075,5.3721724,0.010640916,0.0,0.014778237,0.519109
1590,0.24636236,0.0,0.1961925,5.3721733,0.009500315,0.0,0.016580194,0.5191086
1591,0.2313181,0.0,0.23476423,5.372174,0.0095825195,0.0,0.01334494,0.5191081
1592,0.55024457,0.0,0.2837632,5.372174,0.0091889985,0.0,0.014741928,0.51910776
1593,0.27872166,0.0,0.12794048,5.372174,0.009844005,0.0,0.015463365,0.51910704
1594,0.58095706,0.0,0.21534012,5.3721743,0.007877832,0.0,0.016835263,0.5191064
1595,0.50859094,0.0,0.17574963,5.3721747,0.010105406,0.0,0.016367096,0.5191054
1596,0.3241504,0.0,0.37562686,5.372175,0.009265734,0.0,0.012678469,0.5191045
1597,0.34234405,0.0,0.16120553,5.3721757,0.007815409,0.0,0.020766214,0.51910394
1598,0.44557622,0.0,0.18456621,5.3721747,0.008027408,0.0,0.013879064,0.51910394
1599,0.23611504,0.0,0.2263584,5.372175,0.0081755,0.0,0.015573059,0.5191036
1600,0.5599789,0.0,0.2565458,5.3721757,0.008980702,0.0,0.01697029,0.5191028
1601,0.42855853,0.0,0.14103533,5.3721766,0.00880061,0.0,0.016397942,0.51910156
1602,0.23430522,0.0,0.2136869,5.372177,0.010217411,0.0,0.011953371,0.5191006
1603,0.24938948,0.0,0.34843346,5.372177,0.008561338,0.0,0.013404496,0.51909995
1604,0.79836524,0.0,0.23401703,5.3721757,0.010256219,0.0,0.013740141,0.51909953
1605,0.22543736,0.0,0.18945031,5.372174,0.007054259,0.0,0.013206538,0.51909894
1606,0.39469677,0.0,0.57096714,5.372173,0.0076917643,0.0,0.015079093,0.5190983
1607,0.40040833,0.0,0.23219313,5.3721733,0.009835395,0.0,0.017608512,0.5190974
1608,0.375196,0.0,0.47136128,5.3721757,0.0088050105,0.0,0.017859459,0.5190971
1609,0.39446434,0.0,0.1768466,5.372177,0.008611448,0.0,0.019882029,0.5190962
1610,0.43272448,0.0,0.274422,5.3721776,0.0102233095,0.0,0.013205749,0.51909536
1611,0.4436537,0.0,0.1202613,5.3721795,0.007913467,0.0,0.01735114,0.5190944
1612,0.3926705,0.0,0.337119,5.3721814,0.008676518,0.0,0.015052818,0.51909363
1613,0.33336842,0.0,0.22953631,5.3721833,0.010392538,0.0,0.015122913,0.519093
1614,0.3195964,0.0,0.1846183,5.3721848,0.011207736,0.0,0.014825104,0.5190926
1615,0.32377145,0.0,0.22554244,5.372184,0.009584745,0.0,0.01579159,0.51909226
1616,0.26290408,0.0,0.30089095,5.3721824,0.009115924,0.0,0.016475044,0.51909125
1617,0.26308563,0.0,0.36653656,5.372178,0.0096816495,0.0,0.014460659,0.5190901
1618,0.43538684,0.0,0.29938972,5.3721776,0.011057173,0.0,0.014558409,0.5190891
1619,0.21129534,0.0,0.26729617,5.3721776,0.008651219,0.0,0.01765243,0.5190883
1620,0.31569412,0.0,0.1630117,5.372176,0.0104168765,0.0,0.016592212,0.51908785
1621,0.7218622,0.0,0.1747716,5.372174,0.009520067,0.0,0.012632065,0.5190877
1622,0.28565598,0.0,0.22244002,5.372173,0.00684746,0.0,0.017398529,0.51908773
1623,1.9019295,0.0,0.16491736,5.372173,0.008825493,0.0,0.0120716635,0.51908785
1624,0.4723359,0.0,0.13632303,5.372173,0.011208158,0.0,0.016982313,0.5190877
1625,0.6723641,0.0,0.15693013,5.372172,0.010322205,0.0,0.0155991465,0.51908773
1626,0.29825506,0.0,0.22446355,5.37217,0.00850146,0.0,0.013904432,0.51908743
1627,0.4064583,0.0,0.14590612,5.3721685,0.010244264,0.0,0.019231146,0.5190871
1628,0.30300036,0.0,0.21584557,5.372168,0.009025156,0.0,0.013703855,0.51908684
1629,0.26053318,0.0,0.14857762,5.3721666,0.00891839,0.0,0.013253902,0.51908684
1630,0.71050346,0.0,0.16269888,5.3721657,0.007677323,0.0,0.015522638,0.51908696
1631,0.49329484,0.0,0.23484643,5.372164,0.0077736406,0.0,0.019427253,0.5190868
1632,0.49350092,0.0,0.19164106,5.372162,0.008800723,0.0,0.014586345,0.5190868
1633,0.73672837,0.0,0.19358519,5.3721604,0.007832586,0.0,0.013824579,0.51908654
1634,0.46909276,0.0,0.1902924,5.372162,0.0093176095,0.0,0.0141620645,0.51908624
1635,0.45273873,0.0,0.19501835,5.372162,0.006760851,0.0,0.017064981,0.51908606
1636,0.34150484,0.0,0.4029826,5.3721633,0.010030862,0.0,0.015978243,0.5190856
1637,0.36057892,0.0,0.23476775,5.3721633,0.009253015,0.0,0.014196535,0.51908475
1638,0.44932947,0.0,0.18494374,5.3721647,0.011547587,0.0,0.0152716795,0.5190839
1639,0.4614877,0.0,0.30444348,5.3721657,0.007270579,0.0,0.01460156,0.5190835
1640,0.49526054,0.0,0.16692032,5.372166,0.00710678,0.0,0.012720465,0.51908314
1641,0.4609054,0.0,0.17841657,5.372166,0.008989301,0.0,0.015235846,0.51908296
1642,0.3162912,0.0,0.30548885,5.3721676,0.011634123,0.0,0.016970625,0.51908296
1643,0.27914503,0.0,0.20516191,5.372168,0.010489802,0.0,0.014968877,0.51908267
1644,0.40753448,0.0,0.278172,5.3721685,0.009381567,0.0,0.017911978,0.5190824
1645,0.40589646,0.0,0.30212444,5.3721685,0.010966597,0.0,0.01540854,0.5190821
1646,0.47073805,0.0,0.22413555,5.372169,0.008562139,0.0,0.013453995,0.51908207
1647,0.25746492,0.0,0.5099365,5.372167,0.012778623,0.0,0.01615709,0.51908225
1648,0.4947492,0.0,0.115479805,5.3721666,0.008373349,0.0,0.015190536,0.5190821
1649,0.36088732,0.0,0.18953481,5.372165,0.007884309,0.0,0.015433361,0.519082
1650,0.23322004,0.0,0.17834514,5.3721642,0.008197039,0.0,0.0146733895,0.5190824
1651,0.44347897,0.0,0.18610054,5.372162,0.008646708,0.0,0.017360684,0.5190826
1652,0.3976761,0.0,0.1604755,5.372158,0.011317084,0.0,0.015525559,0.5190832
1653,0.53828645,0.0,0.22500415,5.3721547,0.007842872,0.0,0.015128579,0.5190841
1654,0.4562561,0.0,0.2650227,5.3721514,0.008594531,0.0,0.018890088,0.5190845
1655,0.7437455,0.0,0.28412378,5.372148,0.012045389,0.0,0.011335505,0.5190845
1656,0.37079033,0.0,0.21478343,5.3721457,0.010623013,0.0,0.014138156,0.5190848
1657,0.17254381,0.0,0.36364976,5.372144,0.009580987,0.0,0.014876348,0.5190847
1658,0.48714262,0.0,0.26076445,5.372143,0.010161432,0.0,0.013378507,0.51908433
1659,0.3969505,0.0,0.21961552,5.3721423,0.0094381375,0.0,0.013047585,0.51908404
1660,0.5119517,0.0,0.28566775,5.372142,0.009585983,0.0,0.015851876,0.51908374
1661,0.5437575,0.0,0.21669693,5.3721414,0.008425046,0.0,0.016401017,0.5190832
1662,0.5218502,0.0,0.14339568,5.372143,0.010053878,0.0,0.015438924,0.51908284
1663,0.43437818,0.0,0.215392,5.3721433,0.009218988,0.0,0.01588096,0.5190829
1664,0.31592405,0.0,0.3961773,5.372145,0.0077376207,0.0,0.018551683,0.51908314
1665,0.6277819,0.0,0.19664769,5.372146,0.007067068,0.0,0.01268817,0.51908314
1666,0.70443016,0.0,0.13661397,5.3721476,0.009666944,0.0,0.014950165,0.51908386
1667,0.34996125,0.0,0.22837618,5.3721504,0.009155817,0.0,0.014996909,0.5190845
1668,0.25958318,0.0,0.25021666,5.372153,0.008966574,0.0,0.013592878,0.51908547
1669,0.3795223,0.0,0.24786574,5.3721547,0.008220523,0.0,0.01945122,0.51908666
1670,0.78236675,0.0,0.2378735,5.372156,0.009550472,0.0,0.016284503,0.51908743
1671,0.48663244,0.0,0.18922788,5.3721585,0.010354156,0.0,0.016340446,0.5190881
1672,0.3516122,0.0,0.14800972,5.37216,0.008107286,0.0,0.016539603,0.51908886
1673,0.67289495,0.0,0.24959086,5.37216,0.009942466,0.0,0.014564087,0.51909024
1674,0.3262926,0.0,0.30991048,5.372158,0.010128575,0.0,0.016009746,0.5190916
1675,0.2602558,0.0,0.12766354,5.372158,0.008891775,0.0,0.014151987,0.5190928
1676,0.3661721,0.0,0.18151097,5.3721576,0.0076552755,0.0,0.016780738,0.51909345
1677,0.2678618,0.0,0.15689144,5.3721566,0.009359026,0.0,0.013606231,0.51909375
1678,0.29419336,0.0,0.22534163,5.3721557,0.009244479,0.0,0.016099894,0.51909363
1679,0.6150946,0.0,0.21088748,5.3721538,0.008616147,0.0,0.015130688,0.5190935
1680,0.28522557,0.0,0.3380914,5.372152,0.010238731,0.0,0.016134258,0.51909316
1681,0.40294912,0.0,0.2075468,5.372152,0.0079469215,0.0,0.014774971,0.51909256
1682,0.60880244,0.0,0.22767352,5.3721523,0.0070327423,0.0,0.016849674,0.51909125
1683,0.36647177,0.0,0.16333565,5.372153,0.011135691,0.0,0.015860107,0.5190902
1684,0.3508233,0.0,0.15138122,5.3721533,0.01079091,0.0,0.012727724,0.51908916
1685,0.666215,0.0,0.1836713,5.372154,0.010503215,0.0,0.015689809,0.5190884
1686,0.27515784,0.0,0.18548563,5.372156,0.008455142,0.0,0.011875204,0.51908803
1687,0.23927344,0.0,0.21213354,5.372157,0.009501162,0.0,0.0131751485,0.51908785
1688,0.36913326,0.0,0.21674737,5.372159,0.008621192,0.0,0.013149274,0.5190876
1689,0.3925387,0.0,0.28489825,5.37216,0.009504191,0.0,0.014382617,0.51908714
1690,0.36227986,0.0,0.14580552,5.3721595,0.009410521,0.0,0.013839094,0.51908636
1691,0.27664906,0.0,0.24485269,5.3721585,0.008974011,0.0,0.013216655,0.51908565
1692,0.5875313,0.0,0.31354493,5.3721566,0.008728593,0.0,0.016231779,0.5190852
1693,0.26955223,0.0,0.34127235,5.3721547,0.008794304,0.0,0.015750995,0.5190849
1694,0.5191511,0.0,0.21917452,5.3721514,0.00928815,0.0,0.013679521,0.51908463
1695,0.74660015,0.0,0.12098134,5.3721476,0.0080553135,0.0,0.015976973,0.51908445
1696,0.39841843,0.0,0.21607096,5.3721423,0.009387878,0.0,0.016007435,0.5190839
1697,0.21532074,0.0,0.18630064,5.3721375,0.0073913797,0.0,0.016043304,0.51908374
1698,0.8061906,0.0,0.1974013,5.3721337,0.009553783,0.0,0.01794324,0.5190839
1699,0.2088027,0.0,0.20831299,5.3721285,0.0072401394,0.0,0.015347162,0.51908404
1700,0.57521516,0.0,0.31878218,5.3721213,0.009681918,0.0,0.016829364,0.519084
1701,0.31450462,0.0,0.27563843,5.3721166,0.0070975586,0.0,0.015232736,0.51908404
1702,0.31826952,0.0,0.3816593,5.3721123,0.008475393,0.0,0.013871694,0.51908404
1703,0.3255724,0.0,0.41960418,5.372108,0.0080972565,0.0,0.015388409,0.51908404
1704,0.4969033,0.0,0.15155923,5.372106,0.010250473,0.0,0.0139800655,0.5190836
1705,0.2874087,0.0,0.16715306,5.3721027,0.008517302,0.0,0.014453384,0.5190835
1706,0.40347087,0.0,0.24799994,5.3720994,0.008613784,0.0,0.015801676,0.51908326
1707,0.5507261,0.0,0.3274222,5.372099,0.00845839,0.0,0.012225694,0.519083
1708,0.3166415,0.0,0.13656084,5.372098,0.009936288,0.0,0.012409721,0.51908314
1709,0.23428911,0.0,0.17723383,5.372097,0.010676039,0.0,0.014295589,0.51908344
1710,0.484836,0.0,0.19191916,5.372095,0.008939496,0.0,0.012373981,0.51908386
1711,0.29618567,0.0,0.23709397,5.3720927,0.0097880615,0.0,0.014901288,0.51908404
1712,0.30756137,0.0,0.2744244,5.3720903,0.010967409,0.0,0.01799435,0.51908386
1713,0.2385453,0.0,0.30767247,5.372086,0.009147489,0.0,0.016586257,0.5190838
1714,0.41767564,0.0,0.12927808,5.3720818,0.009520795,0.0,0.01675306,0.51908374
1715,0.44197294,0.0,0.2179109,5.3720775,0.008719736,0.0,0.018469496,0.51908296
1716,0.4688715,0.0,0.2171643,5.3720746,0.009937814,0.0,0.014600402,0.519082
1717,0.26604182,0.0,0.30137038,5.3720717,0.0096888095,0.0,0.013792434,0.51908135
1718,0.63870114,0.0,0.2334139,5.372069,0.010196809,0.0,0.014153417,0.51908046
1719,0.38098937,0.0,0.22698142,5.3720646,0.00934245,0.0,0.014732327,0.5190797
1720,0.5594543,0.0,0.2558702,5.37206,0.00866755,0.0,0.014586429,0.5190791
1721,0.19964212,0.0,0.19009222,5.372058,0.008716675,0.0,0.013696794,0.51907873
1722,0.46571583,0.0,0.23505343,5.372056,0.011802739,0.0,0.012678391,0.5190787
1723,0.43269855,0.0,0.3163639,5.3720555,0.0075842873,0.0,0.015722727,0.5190786
1724,0.19102235,0.0,0.31979588,5.372055,0.008212882,0.0,0.015332674,0.5190777
1725,0.52951086,0.0,0.22566414,5.372055,0.011493181,0.0,0.013066105,0.51907676
1726,0.4694325,0.0,0.13484378,5.3720536,0.009033563,0.0,0.016728476,0.5190759
1727,0.61633307,0.0,0.16722588,5.3720536,0.009905553,0.0,0.016063405,0.5190751
1728,0.66133946,0.0,0.29710993,5.372054,0.009375855,0.0,0.016876888,0.51907414
1729,0.49472776,0.0,0.24886681,5.3720565,0.009017891,0.0,0.015164436,0.519073
1730,0.35967854,0.0,0.1731538,5.37206,0.008767139,0.0,0.017179523,0.5190722
1731,0.32146803,0.0,0.22961953,5.3720617,0.009836826,0.0,0.017772106,0.5190715
1732,0.3245707,0.0,0.1883707,5.3720627,0.007946681,0.0,0.014537506,0.51907116
1733,0.5920014,0.0,0.2175169,5.372065,0.00983502,0.0,0.013485941,0.5190706
1734,0.42391795,0.0,0.18888694,5.372067,0.010702084,0.0,0.014307852,0.5190703
1735,0.9423942,0.0,0.23441102,5.37207,0.01034643,0.0,0.017389048,0.5190696
1736,0.39816093,0.0,0.27295437,5.3720713,0.009268715,0.0,0.01660948,0.519069
1737,0.42670956,0.0,0.24916716,5.3720717,0.01100503,0.0,0.015014204,0.51906806
1738,0.8129797,0.0,0.19160001,5.3720737,0.010740673,0.0,0.014802386,0.5190674
1739,0.30667284,0.0,0.20948038,5.3720746,0.007508441,0.0,0.020241925,0.51906747
1740,0.44001365,0.0,0.2394525,5.3720765,0.011052704,0.0,0.013664995,0.51906794
1741,0.18352741,0.0,0.20038757,5.372077,0.0076622907,0.0,0.01595441,0.51906854
1742,0.53176427,0.0,0.24301857,5.372081,0.008786673,0.0,0.014137723,0.51906884
1743,0.31210226,0.0,0.2633522,5.372082,0.009350464,0.0,0.012622851,0.519069
1744,0.8079471,0.0,0.26146433,5.3720837,0.009625131,0.0,0.014907494,0.5190694
1745,0.2808486,0.0,0.17072077,5.3720856,0.009368738,0.0,0.017026974,0.5190695
1746,0.3377305,0.0,0.3738863,5.3720856,0.010022491,0.0,0.015023858,0.51906973
1747,0.6594777,0.0,0.4234427,5.3720884,0.008497711,0.0,0.016550897,0.51906955
1748,0.22788617,0.0,0.23360398,5.3720903,0.012048162,0.0,0.016418817,0.51906985
1749,0.44628626,0.0,0.34269956,5.372092,0.010295733,0.0,0.014625107,0.51907
1750,0.78353053,0.0,0.1464497,5.3720922,0.009786627,0.0,0.018289497,0.5190699
1751,0.29478273,0.0,0.4521724,5.3720927,0.00962189,0.0,0.015596557,0.5190703
1752,0.5596222,0.0,0.24435407,5.3720937,0.009731811,0.0,0.013285959,0.5190711
1753,0.2909462,0.0,0.23362695,5.3720956,0.009375021,0.0,0.015698677,0.519072
1754,0.41015443,0.0,0.21609634,5.3720984,0.009222338,0.0,0.01658457,0.51907265
1755,0.33127812,0.0,0.1974632,5.3721023,0.008542528,0.0,0.019492835,0.51907295
1756,0.33497885,0.0,0.19029415,5.372103,0.0071078637,0.0,0.011276848,0.51907283
1757,0.41119307,0.0,0.15405348,5.3721056,0.009302868,0.0,0.017122969,0.51907283
1758,0.43967402,0.0,0.23738822,5.3721056,0.008644967,0.0,0.013750264,0.5190724
1759,0.46102074,0.0,0.18189557,5.3721075,0.007892357,0.0,0.01775372,0.51907194
1760,0.21894555,0.0,0.30611664,5.3721085,0.0113691855,0.0,0.013402266,0.51907176
1761,0.25024408,0.0,0.2903399,5.372107,0.008577599,0.0,0.015469529,0.5190715
1762,0.35596198,0.0,0.11959189,5.372108,0.007750381,0.0,0.0169312,0.519071
1763,0.1775512,0.0,0.24276516,5.372109,0.009923592,0.0,0.016663477,0.5190706
1764,0.45681995,0.0,0.16393378,5.372109,0.008099723,0.0,0.018033346,0.5190703
1765,0.23804967,0.0,0.26115423,5.3721094,0.008555444,0.0,0.01206619,0.5190695
1766,0.44001418,0.0,0.1840587,5.3721104,0.00962389,0.0,0.014521252,0.5190691
1767,0.39264086,0.0,0.67852193,5.3721123,0.009273833,0.0,0.015685085,0.51906896
1768,0.3186854,0.0,0.2334764,5.372109,0.007969411,0.0,0.0122030135,0.5190691
1769,0.35141316,0.0,0.1295498,5.3721075,0.009752236,0.0,0.011906526,0.5190689
1770,0.52843004,0.0,0.16330077,5.3721056,0.007861696,0.0,0.015152007,0.51906943
1771,0.36883438,0.0,0.13544473,5.3721046,0.009596385,0.0,0.014242546,0.5190697
1772,0.34812132,0.0,0.22907706,5.372103,0.00827032,0.0,0.015817821,0.51907027
1773,0.29353318,0.0,0.22246009,5.3721004,0.009674216,0.0,0.013492862,0.5190712
1774,0.27402154,0.0,0.15577397,5.3720975,0.01031538,0.0,0.01311748,0.51907176
1775,0.5911562,0.0,0.25876015,5.372094,0.0076450356,0.0,0.014885926,0.5190717
1776,0.5772961,0.0,0.1189347,5.3720922,0.008389253,0.0,0.015255528,0.51907206
1777,0.3760944,0.0,0.18833224,5.372092,0.009966965,0.0,0.017464753,0.5190726
1778,0.35167733,0.0,0.32598788,5.372091,0.0103032645,0.0,0.014614851,0.51907325
1779,0.61534226,0.0,0.1820284,5.372091,0.008638883,0.0,0.013341085,0.5190737
1780,0.3150787,0.0,0.18367133,5.37209,0.008342235,0.0,0.01378786,0.51907367
1781,0.4078051,0.0,0.17647466,5.3720894,0.009022236,0.0,0.015913073,0.51907337
1782,0.53374547,0.0,0.3515446,5.372088,0.00950096,0.0,0.013445755,0.5190732
1783,0.77853495,0.0,0.15127267,5.372087,0.008879878,0.0,0.015081095,0.5190728
1784,0.36701262,0.0,0.23014508,5.372086,0.00884898,0.0,0.0154746305,0.51907253
1785,0.6929682,0.0,0.09077255,5.3720837,0.007205843,0.0,0.014087958,0.5190725
1786,0.3729555,0.0,0.16054899,5.372081,0.010758578,0.0,0.018320927,0.5190724
1787,0.3258587,0.0,0.34275326,5.372079,0.010061307,0.0,0.0151466075,0.51907253
1788,0.34494317,0.0,0.16982132,5.3720818,0.011240038,0.0,0.014352974,0.5190728
1789,0.24612585,0.0,0.21511261,5.372083,0.008182544,0.0,0.01497915,0.5190732
1790,0.34725717,0.0,0.12526704,5.3720837,0.008940777,0.0,0.018268697,0.5190736
1791,0.21379906,0.0,0.25221577,5.3720837,0.009135675,0.0,0.014752495,0.51907384
1792,0.52223885,0.0,0.2516786,5.3720803,0.010899055,0.0,0.013295761,0.5190737
1793,0.32764903,0.0,0.258608,5.3720813,0.0094091315,0.0,0.013486835,0.5190734
1794,0.3876513,0.0,0.2561591,5.372083,0.011324566,0.0,0.014820851,0.5190732
1795,0.4550904,0.0,0.18913203,5.372084,0.008219466,0.0,0.012018566,0.51907325
1796,0.37526095,0.0,0.14672683,5.3720856,0.009397404,0.0,0.010499329,0.51907295
1797,0.38027403,0.0,0.18858296,5.3720865,0.009382457,0.0,0.015154962,0.5190728
1798,0.5348114,0.0,0.2828081,5.3720894,0.01126292,0.0,0.015306719,0.5190723
1799,0.42801052,0.0,0.4154608,5.3720894,0.007033539,0.0,0.01960149,0.51907194
1800,0.3780796,0.0,0.19855085,5.3720903,0.007770545,0.0,0.0194462,0.5190718
1801,0.25216097,0.0,0.16031393,5.3720913,0.008260715,0.0,0.012293389,0.51907206
1802,0.34784985,0.0,0.20576666,5.3720927,0.006727122,0.0,0.014132036,0.5190721
1803,0.27317163,0.0,0.36611107,5.372096,0.008395999,0.0,0.017639136,0.51907206
1804,0.5052621,0.0,0.17957602,5.372099,0.008354625,0.0,0.015949031,0.51907176
1805,0.26862714,0.0,0.38520613,5.3721037,0.0077611147,0.0,0.013078407,0.5190713
1806,0.4816571,0.0,0.3642364,5.3721066,0.009597776,0.0,0.015024191,0.5190708
1807,0.30546537,0.0,0.20843382,5.3721094,0.008887749,0.0,0.012666935,0.51907045
1808,0.58635336,0.0,0.1225099,5.37211,0.009834001,0.0,0.013486318,0.5190701
1809,1.3818318,0.0,0.27804312,5.3721104,0.009789039,0.0,0.017790526,0.5190695
1810,0.26136687,0.0,0.19283247,5.372112,0.010205737,0.0,0.015644308,0.51906973
1811,0.2581902,0.0,0.3241073,5.372113,0.010385777,0.0,0.016498765,0.51906997
1812,0.48322678,0.0,0.21065627,5.372116,0.00875124,0.0,0.021132333,0.51907015
1813,0.2526114,0.0,0.1445615,5.372118,0.009387096,0.0,0.013581098,0.51906997
1814,0.49964458,0.0,0.39579827,5.372118,0.01002409,0.0,0.01440471,0.51907
1815,0.4179006,0.0,0.32600978,5.37212,0.008841711,0.0,0.018126508,0.51906985
1816,0.61003435,0.0,0.19017048,5.3721223,0.0091485875,0.0,0.013334537,0.5190694
1817,0.34492865,0.0,0.4025089,5.3721266,0.00920584,0.0,0.015056336,0.51906884
1818,0.4137842,0.0,0.15081282,5.3721304,0.008487018,0.0,0.013940387,0.5190683
1819,0.904135,0.0,0.17618644,5.3721323,0.0068996777,0.0,0.015038447,0.5190677
1820,0.40898323,0.0,0.19005911,5.3721333,0.009020221,0.0,0.013181085,0.519067
1821,0.279376,0.0,0.26514527,5.372137,0.009347647,0.0,0.014730044,0.51906615
1822,0.6151439,0.0,0.25223616,5.3721423,0.010626521,0.0,0.014548445,0.5190654
1823,0.66006494,0.0,0.2505212,5.372148,0.011491119,0.0,0.011324821,0.51906455
1824,0.3014001,0.0,0.18401827,5.372154,0.0100284945,0.0,0.016524138,0.5190637
1825,0.21517791,0.0,0.30496937,5.37216,0.009528246,0.0,0.015798947,0.51906294
1826,0.21885113,0.0,0.35037768,5.3721666,0.008561038,0.0,0.014829357,0.51906234
1827,0.60895294,0.0,0.15448849,5.3721766,0.010380662,0.0,0.013786721,0.51906216
1828,0.7181072,0.0,0.25367877,5.372185,0.008173324,0.0,0.014265947,0.51906204
1829,0.5615581,0.0,0.15269531,5.372191,0.010912816,0.0,0.014741187,0.519062
1830,0.39600348,0.0,0.35003927,5.372196,0.007984619,0.0,0.013433178,0.51906186
1831,0.4917884,0.0,0.35125983,5.3722,0.00918785,0.0,0.015343301,0.51906174
1832,0.3450059,0.0,0.14690408,5.3722105,0.01045717,0.0,0.014486832,0.5190615
1833,0.4427291,0.0,0.20575039,5.372219,0.007399449,0.0,0.017004414,0.5190614
1834,0.37261307,0.0,0.1429577,5.3722296,0.008638922,0.0,0.019908492,0.5190611
1835,0.47340146,0.0,0.18092646,5.372238,0.011271558,0.0,0.01594865,0.5190605
1836,0.4052373,0.0,0.16809756,5.372247,0.010272162,0.0,0.016103508,0.5190601
1837,0.5175078,0.0,0.16598791,5.372256,0.008125747,0.0,0.0140690515,0.5190597
1838,0.44053984,0.0,0.31457442,5.3722634,0.008799011,0.0,0.017136093,0.51905906
1839,0.15731959,0.0,0.2741617,5.372273,0.0074449144,0.0,0.01274715,0.51905835
1840,0.34272322,0.0,0.17059779,5.372281,0.0064348993,0.0,0.018357992,0.519058
1841,0.34403583,0.0,0.17836876,5.3722863,0.00831694,0.0,0.017755842,0.5190574
1842,0.4050239,0.0,0.22733603,5.3722916,0.009381911,0.0,0.019432634,0.51905686
1843,0.2758692,0.0,0.22094658,5.3722963,0.011806229,0.0,0.016975392,0.5190567
1844,0.46924528,0.0,0.29042807,5.3723006,0.007863451,0.0,0.014954868,0.5190569
1845,0.32284716,0.0,0.20569068,5.3723073,0.011077709,0.0,0.015527208,0.5190578
1846,0.2500206,0.0,0.21471448,5.3723116,0.0082721505,0.0,0.015693542,0.51905847
1847,0.47542796,0.0,0.19233012,5.372316,0.009379862,0.0,0.018061763,0.5190591
1848,0.44190487,0.0,0.28401914,5.3723197,0.012243206,0.0,0.016151687,0.5190599
1849,0.48315808,0.0,0.24199978,5.3723197,0.0116924755,0.0,0.015462212,0.51906055
1850,0.54614407,0.0,0.25775254,5.372319,0.009283153,0.0,0.015707128,0.5190612
1851,0.39826792,0.0,0.19311312,5.372318,0.008465023,0.0,0.016291143,0.5190615
1852,0.24023093,0.0,0.27313742,5.3723164,0.0068160747,0.0,0.014529331,0.51906186
1853,0.3957559,0.0,0.18583314,5.3723164,0.00950996,0.0,0.014958657,0.5190622
1854,0.2949154,0.0,0.18884869,5.3723164,0.0078083705,0.0,0.0152496,0.5190623
1855,0.5716014,0.0,0.24268566,5.3723154,0.0075336983,0.0,0.016580235,0.51906264
1856,0.5507546,0.0,0.2325748,5.372315,0.010224385,0.0,0.01584287,0.5190629
1857,0.5431703,0.0,0.3604827,5.3723135,0.009479958,0.0,0.016055759,0.5190632
1858,0.7569877,0.0,0.23422159,5.3723116,0.0112498365,0.0,0.016572602,0.51906335
1859,0.25100815,0.0,0.22536026,5.372308,0.010230167,0.0,0.015815035,0.5190633
1860,0.6017714,0.0,0.2178803,5.372304,0.009075742,0.0,0.013468464,0.5190633
1861,0.41331714,0.0,0.18088752,5.372299,0.008745799,0.0,0.012624049,0.51906335
1862,0.29196623,0.0,0.17684045,5.3722944,0.007979212,0.0,0.017539043,0.51906353
1863,0.2023826,0.0,0.16334656,5.3722906,0.008282997,0.0,0.012691777,0.51906395
1864,0.6427136,0.0,0.20112917,5.372289,0.009562308,0.0,0.014270773,0.5190643
1865,0.17759705,0.0,0.35327592,5.372287,0.010522184,0.0,0.011912034,0.51906437
1866,0.82540727,0.0,0.1865878,5.3722863,0.0084782215,0.0,0.016849337,0.5190639
1867,0.71265465,0.0,0.20828737,5.372287,0.00723858,0.0,0.013814838,0.51906335
1868,0.44338086,0.0,0.12506399,5.3722887,0.008034468,0.0,0.012428542,0.5190632
1869,0.32032442,0.0,0.19131868,5.3722906,0.007635055,0.0,0.01338445,0.5190629
1870,0.7603533,0.0,0.17232127,5.372293,0.008664209,0.0,0.016822401,0.51906294
1871,0.26390284,0.0,0.15137868,5.372295,0.009813273,0.0,0.012207747,0.5190628
1872,0.5956122,0.0,0.22877692,5.372297,0.009236579,0.0,0.012887805,0.5190629
1873,0.2790129,0.0,0.38509345,5.372299,0.009248731,0.0,0.014163898,0.51906264
1874,0.5487712,0.0,0.4305959,5.3723,0.009295459,0.0,0.015532318,0.5190623
1875,0.23786199,0.0,0.18565488,5.3723035,0.00960828,0.0,0.016107893,0.5190621
1876,0.22202231,0.0,0.116646595,5.372307,0.008994958,0.0,0.014704555,0.519062
1877,0.27629894,0.0,0.30620515,5.3723097,0.008874666,0.0,0.01850465,0.51906174
1878,0.6092498,0.0,0.28508595,5.3723106,0.008201457,0.0,0.014966455,0.5190611
1879,0.2781334,0.0,0.2280319,5.3723106,0.009920983,0.0,0.014169033,0.51906043
1880,0.45675883,0.0,0.1607437,5.37231,0.008620525,0.0,0.015981738,0.5190604
1881,0.36553624,0.0,0.22984892,5.37231,0.007880125,0.0,0.017981654,0.51906073
1882,0.8441579,0.0,0.20312095,5.3723097,0.00830088,0.0,0.016175967,0.5190606
1883,0.5992239,0.0,0.19876087,5.3723087,0.008247311,0.0,0.016755618,0.51906043
1884,0.49759674,0.0,0.17530018,5.3723087,0.00932477,0.0,0.013254733,0.51906073
1885,0.3710242,0.0,0.20501018,5.3723083,0.008638709,0.0,0.01460631,0.51906115
1886,0.42778116,0.0,0.20764588,5.372307,0.007318563,0.0,0.01605211,0.5190617
1887,0.38539398,0.0,0.2600004,5.3723054,0.006552898,0.0,0.014568236,0.51906204
1888,1.0005147,0.0,0.13637182,5.3723035,0.011517357,0.0,0.02125629,0.5190626
1889,0.6354995,0.0,0.2178322,5.372301,0.007237507,0.0,0.014634708,0.51906264
1890,0.19168179,0.0,0.28487515,5.3722982,0.00793496,0.0,0.014597053,0.5190625
1891,0.46705824,0.0,0.18288457,5.3722973,0.01010432,0.0,0.017074836,0.5190628
1892,0.43334472,0.0,0.16575006,5.3722944,0.009360218,0.0,0.015117906,0.51906335
1893,0.2752962,0.0,0.27873936,5.372291,0.007289265,0.0,0.0158635,0.51906365
1894,0.38471365,0.0,0.18000363,5.3722897,0.009030958,0.0,0.01499103,0.51906395
1895,0.3787171,0.0,0.13482337,5.372289,0.009043745,0.0,0.0141921565,0.51906365
1896,0.6219896,0.0,0.28306904,5.3722873,0.008877288,0.0,0.014503501,0.5190632
1897,0.56567067,0.0,0.23912546,5.3722873,0.008502121,0.0,0.017481215,0.51906234
1898,0.3068146,0.0,0.24505885,5.3722863,0.011545763,0.0,0.01371018,0.51906204
1899,0.3240695,0.0,0.1916558,5.3722863,0.009477049,0.0,0.014471107,0.51906174
1900,0.40795666,0.0,0.26991275,5.372287,0.010619602,0.0,0.014374742,0.51906085
1901,0.44143867,0.0,0.21194962,5.3722844,0.009660326,0.0,0.014654659,0.5190604
1902,0.4865305,0.0,0.23856845,5.3722825,0.008882093,0.0,0.013245141,0.5190599
1903,0.49222383,0.0,0.17711444,5.3722816,0.007708325,0.0,0.014735947,0.5190598
1904,0.61326724,0.0,0.4585938,5.37228,0.010379797,0.0,0.016833317,0.5190595
1905,0.3519202,0.0,0.14046218,5.3722773,0.009029991,0.0,0.014703326,0.51905966
1906,0.31925863,0.0,0.25390494,5.3722754,0.009745083,0.0,0.017755799,0.5190597
1907,0.21929306,0.0,0.23424095,5.372271,0.00858087,0.0,0.019646002,0.5190598
1908,0.53462195,0.0,0.15087584,5.3722677,0.008916991,0.0,0.018417798,0.5190591
1909,0.37141144,0.0,0.17356224,5.3722634,0.009586087,0.0,0.015275456,0.51905835
1910,0.58922696,0.0,1.2422116,5.3722596,0.010136608,0.0,0.017480474,0.5190579
1911,0.6031686,0.0,0.20770662,5.372259,0.008510603,0.0,0.013444232,0.51905775
1912,0.3360194,0.0,0.19697098,5.372258,0.007503164,0.0,0.012386721,0.51905763
1913,0.38617566,0.0,0.20267619,5.372258,0.009384245,0.0,0.018744629,0.5190576
1914,0.43008232,0.0,0.13711369,5.372256,0.009202211,0.0,0.015890054,0.5190574
1915,0.22811045,0.0,0.18523444,5.3722544,0.009873118,0.0,0.01482511,0.5190574
1916,0.39253208,0.0,0.17519054,5.372251,0.008697201,0.0,0.014898999,0.5190574
1917,0.4265446,0.0,0.44254786,5.372249,0.008618877,0.0,0.013766901,0.5190575
1918,0.40483323,0.0,0.1905365,5.372247,0.008610766,0.0,0.01716061,0.51905787
1919,0.26885197,0.0,0.16403297,5.3722467,0.009671054,0.0,0.016343309,0.51905847
1920,0.24759258,0.0,0.23757738,5.3722453,0.008756283,0.0,0.017652366,0.519059
1921,0.45314723,0.0,0.19500566,5.3722467,0.008206158,0.0,0.0126532875,0.51905954
1922,0.35429773,0.0,0.1685675,5.3722486,0.009685881,0.0,0.017462417,0.5190601
1923,0.33214068,0.0,0.12894973,5.37225,0.008319614,0.0,0.013363254,0.5190607
1924,0.36878803,0.0,0.21860783,5.3722525,0.0089250645,0.0,0.017218087,0.5190611
1925,0.27402657,0.0,0.12689182,5.372254,0.009380026,0.0,0.017455963,0.5190612
1926,0.533987,0.0,0.2329576,5.372255,0.008173384,0.0,0.017040139,0.5190615
1927,0.3082649,0.0,0.15753143,5.3722563,0.010487395,0.0,0.018376539,0.51906174
1928,0.35507253,0.0,0.16541573,5.372257,0.008896366,0.0,0.013991304,0.5190616
1929,0.39761597,0.0,0.17693914,5.372258,0.008903177,0.0,0.013163227,0.519061
1930,0.37823486,0.0,0.20084228,5.372258,0.00946319,0.0,0.015693285,0.51906025
1931,0.40860155,0.0,0.16356178,5.372258,0.009129408,0.0,0.018853625,0.51905966
1932,0.20729561,0.0,0.20259643,5.3722587,0.008343598,0.0,0.013962403,0.5190593
1933,0.5324103,0.0,0.21887593,5.3722577,0.008179659,0.0,0.013389275,0.519059
1934,0.76635194,0.0,0.17107405,5.3722563,0.0091825845,0.0,0.01602892,0.5190586
1935,0.7326204,0.0,0.36014748,5.3722553,0.0110306805,0.0,0.015962604,0.5190578
1936,1.259164,0.0,0.20013532,5.372259,0.011214625,0.0,0.013641601,0.51905704
1937,0.3037056,0.0,0.20657285,5.3722606,0.008933634,0.0,0.01386245,0.51905584
1938,0.6604073,0.0,0.2989883,5.372262,0.00976682,0.0,0.01952175,0.5190542
1939,0.37326938,0.0,0.40348503,5.3722625,0.008224441,0.0,0.016285464,0.5190524
1940,0.2991214,0.0,0.24700095,5.37226,0.009506653,0.0,0.014926807,0.51905036
1941,0.39217418,0.0,0.18393612,5.372258,0.0070944806,0.0,0.01742824,0.51904887
1942,0.3124235,0.0,0.28299272,5.3722563,0.008416836,0.0,0.01811415,0.51904726
1943,0.21193385,0.0,0.19158544,5.372256,0.009587592,0.0,0.018151084,0.519046
1944,0.35410082,0.0,0.20377159,5.372256,0.009928845,0.0,0.014609834,0.5190447
1945,0.42369968,0.0,0.30220738,5.3722563,0.00716579,0.0,0.015724793,0.51904374
1946,0.29239076,0.0,0.20805533,5.372261,0.010710089,0.0,0.013042095,0.51904255
1947,0.42471066,0.0,0.41921675,5.3722644,0.007904169,0.0,0.017375367,0.51904196
1948,0.4125285,0.0,0.15704267,5.3722687,0.008243117,0.0,0.013477389,0.5190414
1949,0.28953412,0.0,0.27646583,5.372273,0.009848348,0.0,0.017828284,0.5190409
1950,0.33802804,0.0,0.56834185,5.3722773,0.0104833655,0.0,0.015094314,0.51904035
1951,0.32447922,0.0,0.31891134,5.372281,0.010767488,0.0,0.017109446,0.51903963
1952,0.51895165,0.0,0.20810567,5.3722825,0.00899741,0.0,0.014152643,0.51903903
1953,0.52226377,0.0,0.19471529,5.372284,0.007624083,0.0,0.013819626,0.51903814
1954,0.29148883,0.0,0.27384815,5.372283,0.009430345,0.0,0.014670633,0.51903737
1955,0.3557262,0.0,0.17448446,5.3722825,0.00950083,0.0,0.014115089,0.51903665
1956,0.4093406,0.0,0.23699458,5.3722825,0.008891381,0.0,0.017264986,0.5190358
1957,0.6962642,0.0,0.22424312,5.3722835,0.008405363,0.0,0.013206389,0.51903504
1958,0.27056727,0.0,0.20850667,5.372285,0.01095076,0.0,0.01653488,0.5190343
1959,0.40257624,0.0,0.25660774,5.3722878,0.009054365,0.0,0.015238669,0.5190335
1960,0.22892952,0.0,0.19709682,5.3722906,0.0085125165,0.0,0.013355505,0.51903284
1961,1.1620507,0.0,0.22987296,5.3722925,0.007603361,0.0,0.012689984,0.5190319
1962,0.47675118,0.0,0.21678403,5.3722954,0.009433193,0.0,0.01328617,0.5190312
1963,0.50367,0.0,0.2011478,5.372298,0.009051931,0.0,0.013583226,0.5190308
1964,0.35849497,0.0,0.46945116,5.3723006,0.010312509,0.0,0.012374378,0.5190307
1965,0.2904823,0.0,0.24884963,5.372302,0.008509494,0.0,0.01553894,0.5190304
1966,0.3217364,0.0,0.24042565,5.372301,0.008705675,0.0,0.014965334,0.51903003
1967,0.52145094,0.0,0.2613002,5.3723035,0.007676578,0.0,0.016794851,0.5190296
1968,0.43599278,0.0,0.22232819,5.372304,0.008586651,0.0,0.01398629,0.51902926
1969,0.6967173,0.0,0.2865797,5.372306,0.0067889853,0.0,0.01648905,0.51902944
1970,0.34616715,0.0,0.18549302,5.37231,0.009815259,0.0,0.01675408,0.5190296
1971,0.3766228,0.0,0.13005418,5.3723125,0.0119737545,0.0,0.014258683,0.51902986
1972,0.49264154,0.0,0.15407921,5.372315,0.010109386,0.0,0.016222395,0.51903003
1973,0.3430253,0.0,0.17452791,5.3723173,0.010306839,0.0,0.016484946,0.5190307
1974,0.32673994,0.0,0.36141184,5.3723197,0.009848593,0.0,0.016184142,0.51903087
1975,1.26752,0.0,0.25087076,5.3723254,0.008877075,0.0,0.015067506,0.51903135
1976,0.34837267,0.0,0.33275297,5.3723297,0.008988213,0.0,0.015991222,0.51903176
1977,0.45336574,0.0,0.19663636,5.3723354,0.010742763,0.0,0.015348668,0.5190321
1978,0.73526365,0.0,0.18740818,5.372338,0.0089174155,0.0,0.014473627,0.5190329
1979,0.8475167,0.0,0.27334347,5.3723407,0.009806527,0.0,0.014039674,0.5190336
1980,0.40683216,0.0,0.3445251,5.372344,0.010465397,0.0,0.016589059,0.5190345
1981,0.47363314,0.0,0.2691737,5.372346,0.007663328,0.0,0.016947411,0.51903486
1982,0.41822344,0.0,0.26978955,5.3723493,0.007785127,0.0,0.013875971,0.51903534
1983,0.32352978,0.0,0.13864645,5.3723536,0.00803209,0.0,0.017499905,0.51903546
1984,0.5342583,0.0,0.1748253,5.372356,0.008605983,0.0,0.016608467,0.51903504
1985,0.30744454,0.0,0.1837193,5.372359,0.007877212,0.0,0.0131633105,0.519035
1986,0.37718093,0.0,0.19389592,5.3723617,0.009818933,0.0,0.01350189,0.5190349
1987,0.57498604,0.0,0.20613861,5.372364,0.009433964,0.0,0.014449735,0.51903445
1988,0.2565633,0.0,0.373339,5.372367,0.00812617,0.0,0.015157923,0.51903397
1989,0.97010183,0.0,0.27376664,5.3723693,0.012500304,0.0,0.014439822,0.51903313
1990,0.81485105,0.0,0.19194056,5.372372,0.008415163,0.0,0.016694734,0.5190323
1991,0.49545637,0.0,0.27291128,5.3723726,0.0077532497,0.0,0.0155419335,0.51903117
1992,0.3319828,0.0,0.17177632,5.3723755,0.009023792,0.0,0.014243813,0.5190306
1993,0.58013326,0.0,0.16488385,5.3723774,0.009808009,0.0,0.012413774,0.5190299
1994,0.52788615,0.0,0.23879889,5.372378,0.007597022,0.0,0.01370018,0.5190289
1995,0.38897648,0.0,0.1757895,5.37238,0.0100407945,0.0,0.01310717,0.51902777
1996,0.25450438,0.0,0.24184857,5.372381,0.007866556,0.0,0.015191543,0.51902676
1997,0.20565987,0.0,0.16192378,5.3723817,0.008975606,0.0,0.021912375,0.5190257
1998,0.8273794,0.0,0.15494876,5.372382,0.011023032,0.0,0.014224492,0.51902455
1999,0.47576433,0.0,0.31220677,5.3723826,0.0080372095,0.0,0.017515767,0.5190238
2000,0.5188274,0.0,0.242409,5.3723836,0.009050089,0.0,0.017116114,0.5190224
2001,0.47866043,0.0,0.21662605,5.372385,0.009529263,0.0,0.014071454,0.51902103
2002,0.45393348,0.0,0.2060029,5.372386,0.0090142805,0.0,0.01705309,0.5190198
2003,0.36104327,0.0,0.17168678,5.372384,0.010484997,0.0,0.018339362,0.5190183
2004,0.45383292,0.0,0.62534004,5.3723845,0.008445514,0.0,0.01979899,0.51901704
2005,0.24848424,0.0,0.20991018,5.3723874,0.011036378,0.0,0.012913308,0.5190161
2006,0.38622153,0.0,0.14784117,5.3723903,0.0091855675,0.0,0.013173913,0.51901543
2007,0.52075464,0.0,0.24704796,5.372392,0.0089780595,0.0,0.017480955,0.51901466
2008,0.5649197,0.0,0.16864796,5.3723946,0.01044646,0.0,0.015021118,0.5190141
2009,0.38833916,0.0,0.2077637,5.372396,0.008986627,0.0,0.01733535,0.5190134
2010,0.46911007,0.0,0.20617308,5.3723974,0.008032765,0.0,0.017857395,0.5190127
2011,0.46349046,0.0,0.31944332,5.3723993,0.009581352,0.0,0.017505866,0.51901186
2012,0.44439113,0.0,0.20927262,5.3723993,0.010169786,0.0,0.013727787,0.51901066
2013,0.37409708,0.0,0.22026332,5.3724008,0.010731248,0.0,0.014553015,0.51901
2014,0.28776798,0.0,0.29678085,5.3724008,0.00879777,0.0,0.015109202,0.51900965
2015,0.30911362,0.0,0.2600849,5.372403,0.008497871,0.0,0.015723564,0.519009
2016,0.4343089,0.0,0.24927674,5.372407,0.009220714,0.0,0.014607009,0.5190086
2017,0.8675164,0.0,0.45421457,5.372411,0.010535594,0.0,0.018510208,0.51900816
2018,0.72777134,0.0,0.19366702,5.3724155,0.010131638,0.0,0.014356414,0.519008
2019,0.96418333,0.0,0.24794753,5.3724213,0.0098105,0.0,0.014820579,0.51900774
2020,0.5635909,0.0,0.17327675,5.3724256,0.009896116,0.0,0.016545577,0.5190073
2021,0.30934152,0.0,0.19698347,5.37243,0.010204745,0.0,0.014243474,0.51900667
2022,0.34804234,0.0,0.45322087,5.3724318,0.008506194,0.0,0.014448912,0.51900566
2023,0.51967657,0.0,0.21780896,5.372434,0.008498054,0.0,0.017749555,0.5190047
2024,0.46223956,0.0,0.13205132,5.3724356,0.010939058,0.0,0.0152875595,0.5190042
2025,0.35801914,0.0,0.2673777,5.3724375,0.00760098,0.0,0.014346001,0.51900375
2026,0.694605,0.0,0.17316233,5.3724384,0.0085296845,0.0,0.016109522,0.5190029
2027,0.29073367,0.0,0.3634471,5.3724422,0.009854009,0.0,0.0144996215,0.5190019
2028,0.45589858,0.0,0.20096274,5.3724456,0.010909217,0.0,0.014795085,0.5190011
2029,0.33902356,0.0,0.21755986,5.3724484,0.00805206,0.0,0.015834857,0.51900005
2030,0.3636362,0.0,0.16680543,5.372452,0.011069829,0.0,0.0146157425,0.51899916
2031,0.17806588,0.0,0.16740015,5.3724556,0.009389195,0.0,0.013550261,0.51899815
2032,0.2554539,0.0,0.26312467,5.3724594,0.00965858,0.0,0.014266123,0.51899713
2033,0.48149905,0.0,0.23176664,5.372463,0.008728452,0.0,0.014129573,0.5189963
2034,0.39092404,0.0,0.3029603,5.372468,0.007895595,0.0,0.016376158,0.51899576
2035,0.38824353,0.0,0.26720992,5.37247,0.007460127,0.0,0.014419891,0.51899505
2036,0.5026345,0.0,0.31586838,5.372471,0.009409359,0.0,0.0149838375,0.5189946
2037,0.26061502,0.0,0.23541106,5.3724723,0.0101386905,0.0,0.014859863,0.5189942
2038,0.22888586,0.0,0.2402769,5.3724737,0.008010614,0.0,0.015131375,0.51899385
2039,0.40873504,0.0,0.26227862,5.3724756,0.009006838,0.0,0.013917747,0.5189935
2040,0.2513147,0.0,0.32082987,5.3724794,0.009064762,0.0,0.01338724,0.5189931
2041,0.36553168,0.0,0.25962344,5.3724866,0.008862319,0.0,0.017240599,0.5189928
2042,0.44490635,0.0,0.20855097,5.372492,0.009368781,0.0,0.014869772,0.5189919
2043,0.31319213,0.0,0.3739853,5.3724957,0.008918126,0.0,0.011725784,0.518991
2044,0.35466278,0.0,0.22955418,5.3725,0.008911371,0.0,0.013046179,0.5189904
2045,0.4578854,0.0,0.34966534,5.372503,0.010128373,0.0,0.014799781,0.51898986
2046,0.41383287,0.0,0.28267476,5.3724995,0.0077347173,0.0,0.016343456,0.51898956
2047,0.3706138,0.0,0.38972715,5.3724937,0.010244144,0.0,0.013528727,0.51898926
2048,0.18440203,0.0,0.18142447,5.3724885,0.008389311,0.0,0.013531123,0.51898897
2049,0.5315218,0.0,0.1724195,5.3724833,0.008535262,0.0,0.015617723,0.51898867
2050,0.6753147,0.0,0.28022635,5.372477,0.00857804,0.0,0.014963956,0.51898843
2051,0.5392848,0.0,0.21741033,5.3724685,0.008763276,0.0,0.014364143,0.51898766
2052,0.45450428,0.0,0.22147515,5.372462,0.0082121035,0.0,0.013369207,0.5189869
2053,0.40527546,0.0,0.14740847,5.3724556,0.010720306,0.0,0.015823744,0.518986
2054,0.8190587,0.0,0.46418568,5.3724484,0.010317183,0.0,0.015523963,0.51898515
2055,0.4014667,0.0,0.27526796,5.372443,0.008731337,0.0,0.017095052,0.518984
2056,0.42595148,0.0,0.15468813,5.372438,0.008304674,0.0,0.016298234,0.51898307
2057,0.8233058,0.0,0.19809398,5.372431,0.010002453,0.0,0.015664808,0.5189821
2058,0.41191515,0.0,0.151549,5.3724256,0.010690684,0.0,0.014994436,0.51898146
2059,0.26415557,0.0,0.14449698,5.3724217,0.0103389975,0.0,0.016803201,0.51898104
2060,0.36809015,0.0,0.5123466,5.3724174,0.0087001305,0.0,0.0144174695,0.51898056
2061,0.5320541,0.0,0.16018835,5.3724213,0.009382483,0.0,0.01160716,0.5189803
2062,0.7423193,0.0,0.20648737,5.3724236,0.010566218,0.0,0.014769719,0.5189797
2063,0.32180074,0.0,0.2747468,5.3724284,0.00931128,0.0,0.013654463,0.5189789
2064,0.28828692,0.0,0.21495321,5.372434,0.008614493,0.0,0.012401405,0.5189778
2065,0.26648036,0.0,0.21383068,5.372439,0.008498897,0.0,0.013274657,0.51897675
2066,0.3465007,0.0,0.2038685,5.3724427,0.007997399,0.0,0.013585766,0.51897544
2067,0.35839453,0.0,0.25528485,5.372447,0.009539647,0.0,0.0152401365,0.5189746
2068,0.33666342,0.0,0.21961784,5.372452,0.007348761,0.0,0.016894327,0.5189739
2069,0.49777249,0.0,0.20658581,5.372459,0.0098071145,0.0,0.0139596425,0.5189732
2070,0.30377597,0.0,0.18163511,5.3724637,0.009303035,0.0,0.014072938,0.5189724
2071,0.23798701,0.0,0.19506516,5.372466,0.00814984,0.0,0.0139951985,0.5189719
2072,0.28914347,0.0,0.20870535,5.3724685,0.008199789,0.0,0.018326407,0.5189713
2073,0.3567791,0.0,0.23779827,5.372469,0.01015279,0.0,0.014183455,0.51897126
2074,0.5836872,0.0,0.1859883,5.3724694,0.009229319,0.0,0.01836441,0.51897097
2075,0.27265614,0.0,0.26918104,5.3724704,0.00891681,0.0,0.018367851,0.5189707
2076,0.32533273,0.0,0.12684092,5.3724713,0.0077373674,0.0,0.01654427,0.5189708
2077,0.32703236,0.0,0.16364683,5.3724723,0.009024578,0.0,0.013743882,0.51897097
2078,0.2098504,0.0,0.19583294,5.3724737,0.010918947,0.0,0.015932528,0.5189713
2079,0.4602594,0.0,0.22911602,5.3724737,0.010302802,0.0,0.013119475,0.51897174
2080,0.373775,0.0,0.17602105,5.3724766,0.009984428,0.0,0.014652336,0.5189719
2081,0.45394516,0.0,0.3293288,5.3724766,0.009727949,0.0,0.016070835,0.518972
2082,0.38089296,0.0,0.20467386,5.372478,0.00894895,0.0,0.015267405,0.51897234
2083,0.37145382,0.0,0.28696948,5.372479,0.009908304,0.0,0.013644256,0.5189723
2084,0.41957495,0.0,0.2932128,5.3724785,0.0079399245,0.0,0.013981598,0.518972
2085,0.38847342,0.0,0.19354315,5.372481,0.0111944275,0.0,0.0146992635,0.51897186
2086,0.49330655,0.0,0.35565552,5.372482,0.008483894,0.0,0.015454057,0.5189718
2087,0.27071378,0.0,0.23044886,5.3724837,0.009295933,0.0,0.018042168,0.5189718
2088,0.21908395,0.0,0.17578293,5.372486,0.009783451,0.0,0.013757271,0.5189717
2089,0.5405365,0.0,0.20660506,5.372486,0.009852419,0.0,0.015470401,0.5189721
2090,0.29883063,0.0,0.21814075,5.372486,0.010173832,0.0,0.014703562,0.5189724
2091,0.6508503,0.0,0.16133441,5.372485,0.012262945,0.0,0.014984221,0.5189725
2092,0.5591913,0.0,0.18339145,5.372485,0.009702243,0.0,0.014250509,0.5189726
2093,0.40507364,0.0,0.15444063,5.3724847,0.008495754,0.0,0.018037342,0.5189723
2094,0.39824322,0.0,0.16205792,5.3724847,0.008489608,0.0,0.01395454,0.5189721
2095,0.435537,0.0,0.38423762,5.3724837,0.009713247,0.0,0.015261889,0.51897186
2096,0.24125072,0.0,0.17403866,5.372486,0.008938244,0.0,0.016601123,0.5189718
2097,0.40562862,0.0,0.2580829,5.3724866,0.007286555,0.0,0.012724135,0.5189719
2098,0.7893021,0.0,0.24597187,5.372489,0.008635875,0.0,0.018282294,0.51897216
2099,0.32645062,0.0,0.23874743,5.372492,0.010243446,0.0,0.0177784,0.5189724
2100,0.57295686,0.0,0.25358292,5.372494,0.010383869,0.0,0.014442015,0.51897275
2101,0.39192685,0.0,0.22593434,5.372497,0.009701887,0.0,0.012349225,0.51897305
2102,0.26289806,0.0,0.2616032,5.372498,0.008687305,0.0,0.01543698,0.51897335
2103,0.25746828,0.0,0.27910265,5.3724995,0.009999119,0.0,0.013322023,0.5189738
2104,0.432079,0.0,0.18932416,5.3724995,0.008486043,0.0,0.012615187,0.5189741
2105,0.54431564,0.0,0.26165462,5.372501,0.01018858,0.0,0.015326254,0.5189744
2106,0.5391837,0.0,0.153645,5.3725066,0.011740651,0.0,0.0141420225,0.51897484
2107,0.37489453,0.0,0.29345256,5.372511,0.010484922,0.0,0.015753381,0.518975
2108,0.44778496,0.0,0.12292067,5.372512,0.009029742,0.0,0.010118717,0.5189752
2109,0.4482517,0.0,0.16166379,5.372514,0.008858575,0.0,0.018097185,0.5189753
2110,0.3097741,0.0,0.3514668,5.372513,0.007796178,0.0,0.012854609,0.51897526
2111,0.38567692,0.0,0.15775816,5.3725114,0.008889262,0.0,0.01482239,0.5189756
2112,0.4392576,0.0,0.4504091,5.3725114,0.009466563,0.0,0.013219474,0.51897603
2113,0.70027906,0.0,0.17696863,5.372511,0.007968068,0.0,0.013776355,0.518977
2114,0.27148184,0.0,0.18342689,5.37251,0.009630211,0.0,0.018340793,0.51897794
2115,0.3288378,0.0,0.2022314,5.3725085,0.009503114,0.0,0.018627508,0.5189795
2116,0.7248678,0.0,0.22967795,5.372507,0.010105783,0.0,0.012532146,0.51898056
2117,0.47904053,0.0,0.14461356,5.372508,0.008232261,0.0,0.015942222,0.5189815
2118,0.23290078,0.0,0.20840272,5.372508,0.009323194,0.0,0.012727101,0.5189822
2119,0.51170725,0.0,0.29917756,5.372508,0.010873059,0.0,0.013981887,0.51898247
2120,0.8040377,0.0,0.17901798,5.37251,0.007477765,0.0,0.015520069,0.5189829
2121,0.48597383,0.0,0.1413724,5.3725133,0.009770532,0.0,0.017040377,0.51898336
2122,0.3282252,0.0,0.25205016,5.3725157,0.008418006,0.0,0.0153551875,0.51898354
2123,0.26894343,0.0,0.14453205,5.372521,0.010328457,0.0,0.016081953,0.51898354
2124,0.5551194,0.0,0.29442066,5.3725233,0.009082814,0.0,0.013952741,0.5189835
2125,0.43783596,0.0,0.18154301,5.372527,0.0090402765,0.0,0.013070899,0.51898295
2126,0.2125038,0.0,0.1684522,5.37253,0.008944868,0.0,0.014285265,0.5189821
2127,0.41683322,0.0,0.16579024,5.3725343,0.00754996,0.0,0.013160514,0.51898164
2128,0.34730038,0.0,0.15630259,5.37254,0.0092181675,0.0,0.012493274,0.51898104
2129,0.4075469,0.0,0.3473668,5.372545,0.0087148575,0.0,0.014077632,0.5189805
2130,0.18232669,0.0,0.1953934,5.3725486,0.009247698,0.0,0.01680596,0.51898015
2131,0.2401646,0.0,0.17909761,5.3725533,0.008854566,0.0,0.016850442,0.5189796
2132,0.33222342,0.0,0.38860604,5.372555,0.009344606,0.0,0.013378729,0.5189791
2133,0.3463935,0.0,0.21068113,5.3725557,0.010696497,0.0,0.014858682,0.5189784
2134,0.98719376,0.0,0.31307417,5.3725543,0.01066629,0.0,0.016785324,0.51897806
2135,0.5350463,0.0,0.15791325,5.372553,0.007457836,0.0,0.015126514,0.51897776
2136,0.28265455,0.0,0.25493348,5.3725524,0.00923443,0.0,0.014751499,0.51897794
2137,0.23124503,0.0,0.16326351,5.3725524,0.0077882763,0.0,0.015531992,0.518978
2138,0.35598043,0.0,0.2287684,5.372551,0.007937846,0.0,0.014946304,0.51897824
2139,0.55085194,0.0,0.18465085,5.3725495,0.010161871,0.0,0.013711643,0.51897836
2140,0.22749972,0.0,0.23760848,5.372549,0.007474982,0.0,0.013745067,0.5189784
2141,0.34412545,0.0,0.22875737,5.3725486,0.0088778455,0.0,0.018141696,0.5189785
2142,0.2063848,0.0,0.34239808,5.3725486,0.010806537,0.0,0.017086063,0.51897866
2143,0.31621578,0.0,0.28605005,5.372548,0.011170242,0.0,0.017685235,0.51897794
2144,0.22115493,0.0,0.29445437,5.372549,0.0110386,0.0,0.0114091085,0.5189778
2145,0.3864772,0.0,0.13373105,5.372547,0.007591211,0.0,0.016638804,0.51897794
2146,0.6307299,0.0,0.13248,5.372544,0.00864722,0.0,0.017112322,0.5189784
2147,0.29565248,0.0,0.187869,5.3725395,0.009368101,0.0,0.014420284,0.51897895
2148,0.4463716,0.0,0.26694974,5.372536,0.011542458,0.0,0.015184979,0.5189792
2149,0.44938743,0.0,0.26824284,5.3725348,0.011023269,0.0,0.014227036,0.5189795
2150,0.2429453,0.0,0.37991014,5.3725343,0.00763743,0.0,0.01386645,0.5189801
2151,0.29216433,0.0,0.38589817,5.3725333,0.007832787,0.0,0.015566667,0.5189804
2152,0.7816109,0.0,0.19886334,5.3725348,0.0073618614,0.0,0.011674954,0.5189805
2153,1.0961611,0.0,0.21224603,5.372538,0.011579806,0.0,0.0149252005,0.5189807
2154,0.24704482,0.0,0.24177858,5.3725405,0.009071048,0.0,0.015496473,0.5189807
2155,0.680668,0.0,0.24227826,5.372542,0.0103262495,0.0,0.014237587,0.51898056
2156,0.17920175,0.0,0.16515608,5.3725433,0.007662853,0.0,0.016969351,0.5189804
2157,0.7502926,0.0,0.24239628,5.372545,0.01203839,0.0,0.013664568,0.51897967
2158,0.4756446,0.0,0.28113303,5.3725452,0.008172995,0.0,0.016121918,0.51897895
2159,0.48200956,0.0,0.20580377,5.3725486,0.008398799,0.0,0.019560061,0.51897824
2160,0.31873044,0.0,0.17485194,5.37255,0.010270826,0.0,0.018730693,0.51897806
2161,0.31982857,0.0,0.1767037,5.372551,0.01010478,0.0,0.014727612,0.51897836
2162,0.21722475,0.0,0.2625722,5.3725505,0.009402918,0.0,0.0173723,0.518979
2163,0.42112342,0.0,0.24244033,5.3725505,0.0077129416,0.0,0.017542332,0.5189795
2164,0.20361327,0.0,0.22504583,5.3725495,0.009784179,0.0,0.01602034,0.5189801
2165,0.8909891,0.0,0.16755922,5.372548,0.009368605,0.0,0.014360132,0.5189808
2166,0.31662655,0.0,0.21383671,5.3725452,0.010928443,0.0,0.01763662,0.51898134
2167,0.22255065,0.0,0.19967927,5.3725452,0.007834664,0.0,0.017565291,0.5189816
2168,0.47706065,0.0,0.25436217,5.372544,0.010782266,0.0,0.01755,0.5189811
2169,0.30546188,0.0,0.22134112,5.372542,0.00996207,0.0,0.01637038,0.51898056
2170,0.5549749,0.0,0.13228358,5.3725386,0.009278536,0.0,0.0125491535,0.51898026
2171,0.27686873,0.0,0.21606952,5.3725367,0.008177247,0.0,0.016622575,0.51898
2172,0.42680958,0.0,0.14545923,5.372535,0.009667312,0.0,0.013085517,0.51898026
2173,0.38544074,0.0,0.17954864,5.372533,0.0072563505,0.0,0.014799722,0.518981
2174,0.452109,0.0,0.18534184,5.372531,0.008405842,0.0,0.015132312,0.5189815
2175,0.4751674,0.0,0.32245526,5.372529,0.009261295,0.0,0.017675359,0.5189817
2176,0.41164142,0.0,0.17672674,5.372526,0.009894005,0.0,0.013776852,0.51898205
2177,0.6108461,0.0,0.14922751,5.372526,0.008757912,0.0,0.015556545,0.5189822
2178,0.42182675,0.0,0.1250769,5.3725257,0.008836489,0.0,0.016594592,0.51898247
2179,0.31622273,0.0,0.25398985,5.372525,0.009887519,0.0,0.015732128,0.5189827
2180,0.53219384,0.0,0.1374965,5.3725247,0.011340116,0.0,0.015051523,0.51898265
2181,0.61498934,0.0,0.82718396,5.372523,0.010190058,0.0,0.015258398,0.5189833
2182,0.42283258,0.0,0.14216805,5.372522,0.010673229,0.0,0.016904347,0.5189845
2183,0.5133792,0.0,0.21505216,5.3725185,0.009882155,0.0,0.014753819,0.5189863
2184,0.6037721,0.0,0.22058994,5.372515,0.008596572,0.0,0.017124627,0.5189886
2185,0.29339033,0.0,0.18531698,5.3725114,0.0086778775,0.0,0.01463562,0.5189904
2186,0.28240496,0.0,0.25802785,5.372507,0.0067752753,0.0,0.014521767,0.5189919
2187,0.33062902,0.0,0.46110132,5.3725033,0.010866625,0.0,0.01522362,0.518993
2188,0.3016152,0.0,0.17555384,5.3725004,0.010623756,0.0,0.011493575,0.51899445
2189,0.29144463,0.0,0.24194662,5.372498,0.008216009,0.0,0.013043402,0.51899576
2190,0.26452276,0.0,0.35889485,5.3724957,0.007682278,0.0,0.014673636,0.51899666
2191,0.3882701,0.0,0.26048872,5.3724947,0.0113359485,0.0,0.013566406,0.5189977
2192,0.549415,0.0,0.13372438,5.3724976,0.008782114,0.0,0.017129533,0.51899844
2193,0.19351248,0.0,0.2968706,5.3725004,0.008897123,0.0,0.01348263,0.51899874
2194,0.38209343,0.0,0.2892812,5.372504,0.008062224,0.0,0.018270409,0.5189991
2195,0.33533764,0.0,0.20600651,5.3725104,0.008104892,0.0,0.014868157,0.51899904
2196,0.33888188,0.0,0.26651296,5.372516,0.009947058,0.0,0.014347209,0.51899916
2197,0.38746163,0.0,0.17663315,5.372521,0.009443677,0.0,0.016266359,0.5189993
2198,0.37648383,0.0,0.34590024,5.3725247,0.008867777,0.0,0.016387956,0.5189993
2199,0.5787601,0.0,0.27698824,5.3725286,0.0082929665,0.0,0.017420828,0.5189995
2200,0.7184802,0.0,0.22438966,5.37253,0.008720072,0.0,0.015833149,0.5190006
2201,0.6589685,0.0,0.1704201,5.3725324,0.010240674,0.0,0.01608559,0.519001
2202,0.6934346,0.0,0.18971135,5.372535,0.00866606,0.0,0.012589431,0.5190016
2203,0.40913785,0.0,0.12703499,5.372538,0.009778736,0.0,0.014751683,0.5190019
2204,0.45302275,0.0,0.21784669,5.3725405,0.009939303,0.0,0.016499747,0.5190018
2205,0.2789122,0.0,0.1992107,5.372543,0.010526738,0.0,0.014072289,0.51900125
2206,0.2729302,0.0,0.25001687,5.372545,0.0096064685,0.0,0.014037897,0.5190007
2207,0.2694786,0.0,0.28505564,5.372547,0.010262219,0.0,0.015182881,0.5190001
2208,0.34852144,0.0,0.16891748,5.372552,0.010685583,0.0,0.017518094,0.51899946
2209,0.47909245,0.0,0.20419988,5.372555,0.008721462,0.0,0.01594788,0.51899856
2210,0.3116171,0.0,0.22983482,5.3725576,0.011403348,0.0,0.01484316,0.5189976
2211,0.5918965,0.0,0.0986988,5.3725605,0.009407765,0.0,0.0153277,0.5189968
2212,0.45242083,0.0,0.1961161,5.3725634,0.008963619,0.0,0.015101159,0.5189958
2213,0.5167496,0.0,0.24095894,5.372565,0.009049078,0.0,0.015854044,0.51899475
2214,0.58242625,0.0,0.20755,5.372567,0.008227821,0.0,0.014676545,0.51899415
2215,0.17840332,0.0,0.29244378,5.372569,0.008832043,0.0,0.015256312,0.5189941
2216,0.42478105,0.0,0.3335168,5.3725686,0.008962052,0.0,0.01249655,0.5189938
2217,0.47647625,0.0,0.16247812,5.3725653,0.007575532,0.0,0.017382186,0.51899385
2218,0.78458935,0.0,0.33849615,5.372562,0.009210235,0.0,0.017545639,0.51899356
2219,0.48494285,0.0,0.14717428,5.3725595,0.00860243,0.0,0.013133552,0.5189934
2220,0.20186067,0.0,0.34292573,5.3725576,0.008932376,0.0,0.016407296,0.5189936
2221,0.20206499,0.0,0.20571862,5.3725553,0.008400325,0.0,0.018309753,0.51899356
2222,0.2501087,0.0,0.20149009,5.372551,0.007730811,0.0,0.015818233,0.5189934
2223,0.6509597,0.0,0.34268335,5.372545,0.009113167,0.0,0.016458724,0.5189931
2224,0.2091626,0.0,0.2579245,5.372541,0.008785868,0.0,0.01320746,0.518993
2225,0.5355569,0.0,0.34624162,5.372535,0.008907763,0.0,0.018323652,0.51899296
2226,0.40613797,0.0,0.3076261,5.372531,0.009534022,0.0,0.015771832,0.518993
2227,0.22828534,0.0,0.17009011,5.372528,0.008041578,0.0,0.01289088,0.5189931
2228,0.73672116,0.0,0.19389792,5.372525,0.008837652,0.0,0.014075969,0.518993
2229,0.3086978,0.0,0.2324686,5.372522,0.009600634,0.0,0.014223898,0.518993
2230,0.4500765,0.0,0.17311558,5.372518,0.008650566,0.0,0.017020917,0.5189929
2231,0.39132002,0.0,0.15417556,5.372516,0.009616005,0.0,0.017488806,0.5189943
2232,0.77332413,0.0,0.1600522,5.3725133,0.010750107,0.0,0.019127069,0.518996
2233,0.19629927,0.0,0.22846831,5.372512,0.010170758,0.0,0.014648698,0.5189974
2234,0.40935123,0.0,0.22549254,5.3725085,0.0102178585,0.0,0.015410396,0.51899856
2235,0.23430803,0.0,0.179297,5.3725076,0.0107166,0.0,0.014986143,0.51899976
2236,0.5904763,0.0,0.117896065,5.3725057,0.009916289,0.0,0.018200811,0.51900023
2237,0.7188861,0.0,0.23547584,5.372504,0.010595829,0.0,0.014637718,0.51900065
2238,0.5732722,0.0,0.15772443,5.3725033,0.009625819,0.0,0.011737022,0.5190007
2239,0.20622604,0.0,0.2808491,5.372503,0.008679967,0.0,0.018057803,0.519001
2240,0.4998512,0.0,0.25586385,5.3725023,0.008597173,0.0,0.01578984,0.51900154
2241,0.49623647,0.0,0.4421285,5.3725004,0.009883616,0.0,0.016223345,0.51900244
2242,0.57190484,0.0,0.13135022,5.3724976,0.008204113,0.0,0.012883766,0.51900333
2243,0.30062026,0.0,0.4945943,5.372495,0.009335774,0.0,0.013832267,0.5190038
2244,0.1920026,0.0,0.25187564,5.3724947,0.0074813743,0.0,0.02060592,0.519004
2245,0.6622866,0.0,0.1852017,5.3724947,0.008863492,0.0,0.015349972,0.5190047
2246,0.6355389,0.0,0.2339746,5.372495,0.009308074,0.0,0.011907099,0.51900566
2247,0.4361094,0.0,0.24227892,5.372495,0.009321088,0.0,0.015924081,0.5190067
2248,0.31723806,0.0,0.17488924,5.3724957,0.009692564,0.0,0.013966205,0.51900744
2249,0.21376811,0.0,0.1954592,5.372496,0.0081293825,0.0,0.015483637,0.5190078
2250,0.6046109,0.0,0.23223588,5.3724976,0.009015957,0.0,0.01811033,0.5190081
2251,0.5123994,0.0,0.37775058,5.372499,0.009271194,0.0,0.016919035,0.51900864
2252,0.40036717,0.0,0.27059832,5.3724995,0.00913544,0.0,0.012714096,0.5190095
2253,0.23949839,0.0,0.2708186,5.372497,0.008071243,0.0,0.012665583,0.5190103
2254,0.69927555,0.0,0.23295963,5.372496,0.0081850765,0.0,0.014362696,0.519011
2255,0.34546223,0.0,0.23345311,5.3724976,0.008735045,0.0,0.013348925,0.5190114
2256,0.29725963,0.0,0.24121492,5.372501,0.00883316,0.0,0.01735129,0.5190118
2257,0.38328508,0.0,0.17890012,5.372504,0.00755489,0.0,0.019668877,0.5190126
2258,0.29014918,0.0,0.22826973,5.372508,0.0087788645,0.0,0.016957095,0.5190133
2259,0.48223907,0.0,0.24395047,5.3725095,0.0086426465,0.0,0.015410912,0.51901406
2260,0.3111628,0.0,0.3582385,5.372514,0.007822564,0.0,0.01453213,0.51901454
2261,0.32353354,0.0,0.29530385,5.3725166,0.009118694,0.0,0.01540181,0.5190147
2262,0.2992277,0.0,0.21121034,5.37252,0.008628725,0.0,0.012940067,0.51901525
2263,0.2869248,0.0,0.22374415,5.372522,0.008062983,0.0,0.012932295,0.5190158
2264,0.4319191,0.0,0.2645822,5.3725247,0.008102538,0.0,0.012476487,0.51901627
2265,0.18357949,0.0,0.34484196,5.3725276,0.008956513,0.0,0.01632681,0.51901674
2266,0.41072124,0.0,0.24788103,5.372531,0.007470323,0.0,0.018507518,0.51901704
2267,0.472763,0.0,0.10097391,5.3725333,0.010657175,0.0,0.016399486,0.51901704
2268,0.17588243,0.0,0.30160066,5.372535,0.009492044,0.0,0.013288784,0.51901776
2269,0.3067797,0.0,0.19016308,5.372538,0.009521803,0.0,0.016515132,0.5190183
2270,0.6206651,0.0,0.22222951,5.3725386,0.009663579,0.0,0.0154462205,0.51901907
2271,0.36600044,0.0,0.1711561,5.3725386,0.009860999,0.0,0.016018491,0.5190197
2272,0.22064511,0.0,0.27148148,5.372539,0.0089195445,0.0,0.012901897,0.51901984
2273,0.6481892,0.0,0.24585448,5.372538,0.007274103,0.0,0.016088307,0.51902044
2274,0.3588125,0.0,0.27352557,5.3725376,0.009513398,0.0,0.018360896,0.5190211
2275,0.42726305,0.0,0.32862294,5.37254,0.009519471,0.0,0.016061163,0.51902103
2276,0.259963,0.0,0.20504986,5.372542,0.010481935,0.0,0.013363325,0.5190214
2277,0.2853853,0.0,0.2823442,5.3725433,0.008661552,0.0,0.0182538,0.5190217
2278,0.6982814,0.0,0.20265843,5.372545,0.010787378,0.0,0.016025744,0.51902145
2279,0.36011755,0.0,0.2507243,5.3725452,0.009703404,0.0,0.013768669,0.51902133
2280,0.58591163,0.0,0.12901609,5.3725443,0.00807849,0.0,0.013959275,0.51902115
2281,0.33177492,0.0,0.1569921,5.3725424,0.008532643,0.0,0.0148002785,0.51902044
2282,0.35139626,0.0,0.2134712,5.3725395,0.009337458,0.0,0.0163761,0.51901925
2283,0.2355717,0.0,0.16398078,5.372538,0.008686035,0.0,0.013408512,0.5190181
2284,0.270642,0.0,0.35624978,5.3725367,0.00944785,0.0,0.015238452,0.51901644
2285,0.26058796,0.0,0.13591656,5.372534,0.0075845243,0.0,0.018887632,0.5190146
2286,0.41616568,0.0,0.17388916,5.3725305,0.0067756,0.0,0.015083748,0.5190127
2287,0.28114596,0.0,0.19983196,5.372529,0.008952476,0.0,0.015255266,0.5190112
2288,0.5138804,0.0,0.13081461,5.372526,0.010020979,0.0,0.016866026,0.51901007
2289,0.43855867,0.0,0.3356787,5.372523,0.007956248,0.0,0.0144144315,0.51900893
2290,0.6620944,0.0,0.18362394,5.372522,0.0104025975,0.0,0.0152505115,0.5190079
2291,0.52337396,0.0,0.3093519,5.372522,0.008824974,0.0,0.01746818,0.5190067
2292,0.2924996,0.0,0.15322793,5.372522,0.008284758,0.0,0.016099956,0.51900566
2293,0.16179042,0.0,0.41528368,5.3725214,0.0076334532,0.0,0.015413431,0.51900506
2294,0.35054007,0.0,0.2809497,5.372518,0.0087039545,0.0,0.017967856,0.5190045
2295,0.24065392,0.0,0.24684751,5.3725166,0.00797773,0.0,0.016911369,0.51900405
2296,0.44887033,0.0,0.22220503,5.3725147,0.009452386,0.0,0.016856987,0.5190037
2297,0.49429163,0.0,0.43874028,5.3725123,0.009162664,0.0,0.018353531,0.5190038
2298,0.2218536,0.0,0.23036706,5.372507,0.009156061,0.0,0.018112695,0.51900417
2299,0.40539718,0.0,0.17835447,5.3725004,0.008412732,0.0,0.014253025,0.5190047
2300,0.28394076,0.0,0.17514801,5.372495,0.008999715,0.0,0.012526611,0.5190051
2301,0.36654988,0.0,0.34995526,5.3724904,0.0071449615,0.0,0.013725499,0.5190056
2302,0.5000331,0.0,0.329898,5.3724866,0.007143258,0.0,0.016855588,0.51900566
2303,0.57399833,0.0,0.25597727,5.3724833,0.0102068,0.0,0.015265822,0.51900566
2304,0.42556354,0.0,0.39416334,5.37248,0.0087195225,0.0,0.01642715,0.5190056
2305,0.51970875,0.0,0.30558547,5.372476,0.010365451,0.0,0.013214939,0.51900566
2306,0.63885707,0.0,0.19007209,5.3724732,0.010040482,0.0,0.015811201,0.51900566
2307,0.30562684,0.0,0.22149082,5.372469,0.009591535,0.0,0.013485156,0.51900595
2308,0.59532756,0.0,0.30568925,5.3724656,0.007495228,0.0,0.017255073,0.5190062
2309,0.22644329,0.0,0.23050371,5.3724647,0.009346614,0.0,0.016411735,0.51900655
2310,0.3490038,0.0,0.2264603,5.3724647,0.0069126775,0.0,0.015771603,0.51900643
2311,0.343469,0.0,0.23629934,5.3724627,0.008589837,0.0,0.014562409,0.51900595
2312,0.54533464,0.0,0.21070953,5.3724613,0.01033097,0.0,0.015842276,0.5190055
2313,0.76734006,0.0,0.13291295,5.3724594,0.009972656,0.0,0.013825457,0.5190049
2314,0.45341143,0.0,0.2281736,5.372457,0.009286236,0.0,0.018719487,0.5190044
2315,0.2721545,0.0,0.14484504,5.372455,0.0075624185,0.0,0.01863138,0.5190037
2316,0.25389048,0.0,0.118030325,5.372454,0.008921556,0.0,0.015903046,0.5190027
2317,0.31810984,0.0,0.2999059,5.372453,0.009371352,0.0,0.0141896205,0.51900136
2318,0.6413275,0.0,0.25714627,5.3724513,0.009196064,0.0,0.014539789,0.5190007
2319,0.44576174,0.0,0.18333763,5.3724504,0.008714719,0.0,0.016942488,0.5189999
2320,0.73298365,0.0,0.2526941,5.3724475,0.008399164,0.0,0.016578203,0.5189996
2321,0.57105106,0.0,0.226169,5.3724456,0.00720404,0.0,0.017943192,0.5189992
2322,0.5041708,0.0,0.1941603,5.3724456,0.009265221,0.0,0.015982857,0.5189995
2323,0.2754778,0.0,0.15340815,5.372447,0.008126226,0.0,0.014472549,0.51900005
2324,0.46698928,0.0,0.1449703,5.3724475,0.009597983,0.0,0.017745296,0.51900077
2325,1.3056883,0.0,0.30491644,5.372448,0.009805979,0.0,0.013220647,0.51900136
2326,0.30179363,0.0,0.33268067,5.3724484,0.009720196,0.0,0.016416453,0.5190017
2327,0.33598793,0.0,0.16693775,5.37245,0.007839198,0.0,0.01514222,0.5190019
2328,0.3742685,0.0,0.12696034,5.3724513,0.008966346,0.0,0.016730716,0.5190019
2329,0.43737847,0.0,0.40027088,5.372452,0.012065658,0.0,0.0122702485,0.519002
2330,0.3378978,0.0,0.10632685,5.3724556,0.010675191,0.0,0.014536658,0.5190021
2331,0.27219164,0.0,0.23404972,5.372459,0.00763064,0.0,0.016325912,0.5190024
2332,0.21140967,0.0,0.38655064,5.372462,0.009828393,0.0,0.014012434,0.5190026
2333,0.8557435,0.0,0.20913891,5.372464,0.009515742,0.0,0.016861198,0.51900315
2334,0.20225997,0.0,0.2323389,5.372465,0.006844093,0.0,0.01623736,0.5190036
2335,0.6075857,0.0,0.19907977,5.372467,0.010718729,0.0,0.013559033,0.5190043
2336,0.75561506,0.0,0.43813276,5.372469,0.008625501,0.0,0.014221204,0.51900506
2337,0.76201916,0.0,0.18689217,5.3724732,0.0062927203,0.0,0.013267391,0.51900566
2338,0.3620569,0.0,0.15295914,5.372476,0.008684688,0.0,0.014416255,0.51900643
2339,0.27842396,0.0,0.13467611,5.3724804,0.008062111,0.0,0.01487727,0.5190072
2340,0.18213372,0.0,0.20604137,5.3724823,0.009961393,0.0,0.015787099,0.51900834
2341,0.28584537,0.0,0.34426504,5.372485,0.009408014,0.0,0.015591127,0.5190097
2342,0.44618338,0.0,0.15121952,5.3724895,0.0108214775,0.0,0.016660366,0.51901114
2343,0.52823687,0.0,0.23512706,5.3724914,0.006943078,0.0,0.016721908,0.5190126
2344,0.36172247,0.0,0.26579884,5.372494,0.007875528,0.0,0.010993335,0.5190142
2345,0.6370006,0.0,0.18923569,5.3724966,0.009685057,0.0,0.014230188,0.51901585
2346,0.18737462,0.0,0.22920871,5.3724995,0.009013447,0.0,0.014910392,0.5190169
2347,0.5200698,0.0,0.14604919,5.3725038,0.009066086,0.0,0.012691506,0.51901823
2348,0.3536099,0.0,0.24301794,5.3725076,0.0076120514,0.0,0.019153634,0.51901925
2349,0.56485265,0.0,0.22632964,5.3725085,0.009023162,0.0,0.014723902,0.5190199
2350,0.40966102,0.0,0.17868766,5.3725095,0.00932012,0.0,0.0152646275,0.519021
2351,0.33590645,0.0,0.22168036,5.372511,0.0096918885,0.0,0.014439141,0.519022
2352,0.7730092,0.0,0.17573585,5.3725123,0.008655269,0.0,0.01536787,0.51902264
2353,0.34889805,0.0,0.18124215,5.3725114,0.009729058,0.0,0.0137508605,0.5190235
2354,0.43291956,0.0,0.3092235,5.372512,0.008508305,0.0,0.0140110925,0.5190244
2355,0.1995857,0.0,0.29693475,5.372508,0.0110629145,0.0,0.013214114,0.51902527
2356,0.41604686,0.0,0.24407727,5.372505,0.0085276,0.0,0.013187711,0.51902574
2357,0.70185155,0.0,0.19157548,5.3725023,0.009176745,0.0,0.01786125,0.51902664
2358,0.2476959,0.0,0.18932682,5.3724995,0.010913388,0.0,0.012832312,0.5190276
2359,0.2020799,0.0,0.15565862,5.3724957,0.00831595,0.0,0.016177176,0.5190281
2360,0.5282471,0.0,0.26892617,5.3724914,0.007827759,0.0,0.014542551,0.5190284
2361,0.15386072,0.0,0.18254405,5.372488,0.011503082,0.0,0.017480092,0.5190286
2362,0.40077677,0.0,0.26209748,5.372485,0.008669114,0.0,0.013849393,0.5190286
2363,0.34193885,0.0,0.3388459,5.3724813,0.0077824276,0.0,0.014746415,0.5190284
2364,0.5397512,0.0,0.23863791,5.3724775,0.008739403,0.0,0.016340649,0.5190282
2365,0.61347854,0.0,0.18326622,5.372474,0.010177702,0.0,0.015502857,0.5190273
2366,0.30333596,0.0,0.20358059,5.3724713,0.008157718,0.0,0.01377196,0.51902634
2367,0.2997223,0.0,0.38222802,5.372469,0.009493157,0.0,0.012392719,0.5190253
2368,0.32859066,0.0,0.18503812,5.3724666,0.011206795,0.0,0.017690329,0.51902425
2369,0.31527743,0.0,0.17430931,5.3724647,0.008090886,0.0,0.014543034,0.5190232
2370,0.41278443,0.0,0.22009696,5.372462,0.009927498,0.0,0.016358254,0.51902187
2371,0.19191006,0.0,0.17156996,5.3724575,0.0107667865,0.0,0.013150012,0.51902086
2372,0.44310358,0.0,0.19708261,5.372455,0.009845287,0.0,0.015560009,0.51902014
2373,0.21914355,0.0,0.23497234,5.3724546,0.007708882,0.0,0.014634908,0.5190192
2374,0.64985526,0.0,0.1790035,5.372454,0.008993748,0.0,0.01569866,0.5190185
2375,0.4205848,0.0,0.16730317,5.372453,0.009697608,0.0,0.016118413,0.5190179
2376,0.5408279,0.0,0.31964615,5.3724527,0.00781509,0.0,0.013489617,0.5190173
2377,0.51020616,0.0,0.1300567,5.3724513,0.009377229,0.0,0.017351178,0.5190171
2378,0.24964955,0.0,0.18282583,5.37245,0.008956399,0.0,0.012843699,0.5190165
2379,0.21729523,0.0,0.13476162,5.3724494,0.010619326,0.0,0.014129565,0.519016
2380,0.47903168,0.0,0.53981185,5.372449,0.008235605,0.0,0.014587754,0.51901555
2381,0.38498273,0.0,0.1313204,5.37245,0.008886863,0.0,0.015325811,0.51901484
2382,0.31616262,0.0,0.18324274,5.3724513,0.009283516,0.0,0.014084531,0.5190147
2383,0.32511458,0.0,0.20244369,5.372452,0.010843481,0.0,0.015644561,0.5190146
2384,0.48937905,0.0,0.24224497,5.372452,0.008089336,0.0,0.01568876,0.51901484
2385,0.28136313,0.0,0.14711097,5.372453,0.009909014,0.0,0.014960207,0.5190144
2386,0.27622563,0.0,0.20386145,5.3724546,0.009243324,0.0,0.013867939,0.5190146
2387,0.40763083,0.0,0.28276765,5.3724566,0.008609271,0.0,0.016157724,0.5190149
2388,0.18716767,0.0,0.19072475,5.3724604,0.009932763,0.0,0.012946322,0.51901525
2389,0.40945145,0.0,0.23008779,5.3724647,0.008618165,0.0,0.014794293,0.5190157
2390,0.32835495,0.0,0.14886326,5.372469,0.008567845,0.0,0.017865611,0.51901597
2391,0.6333277,0.0,0.25512537,5.3724732,0.009329397,0.0,0.014972541,0.5190165
2392,0.29228753,0.0,0.292029,5.3724766,0.009494041,0.0,0.017899865,0.5190174
2393,0.24855141,0.0,0.24488714,5.372476,0.0081083,0.0,0.01569259,0.51901805
2394,0.54078704,0.0,0.2148666,5.372474,0.009543117,0.0,0.015355756,0.51901865
2395,0.33203208,0.0,0.10339112,5.3724723,0.009700183,0.0,0.017507505,0.51901925
2396,0.36787933,0.0,0.2035968,5.3724704,0.0082029095,0.0,0.0158289,0.51901996
2397,0.29195297,0.0,0.37014067,5.372468,0.009880597,0.0,0.015261477,0.5190205
2398,0.23144656,0.0,0.24891037,5.3724656,0.008763732,0.0,0.013831178,0.5190209
2399,0.3254536,0.0,0.20350079,5.372466,0.009516529,0.0,0.017018292,0.51902115
2400,0.25852945,0.0,0.22724986,5.3724647,0.0075181657,0.0,0.015348991,0.5190214
2401,0.42082998,0.0,0.450448,5.372464,0.009970469,0.0,0.013677129,0.5190217
2402,0.61157024,0.0,0.20139906,5.3724627,0.008021592,0.0,0.014222578,0.5190217
2403,0.15600762,0.0,0.28605685,5.372461,0.008158793,0.0,0.0122161815,0.5190219
2404,0.44151655,0.0,0.19610244,5.3724613,0.0071062585,0.0,0.01679026,0.51902235
2405,0.3556866,0.0,0.34968895,5.3724604,0.008093253,0.0,0.017255744,0.5190227
2406,0.4136415,0.0,0.32424647,5.3724604,0.009513653,0.0,0.013654129,0.5190232
2407,0.29123518,0.0,0.16296323,5.3724604,0.007442143,0.0,0.018221987,0.5190236
2408,0.35332793,0.0,0.29074237,5.3724613,0.008133902,0.0,0.016040504,0.51902354
2409,0.43686777,0.0,0.22408436,5.372461,0.008918828,0.0,0.016115759,0.5190241
2410,0.5044725,0.0,0.24080198,5.3724613,0.008521273,0.0,0.014114865,0.5190245
2411,0.3107639,0.0,0.1755712,5.372462,0.009130972,0.0,0.013632795,0.5190252
2412,0.4873747,0.0,0.17880835,5.372462,0.009221295,0.0,0.015643256,0.519026
2413,0.3774225,0.0,0.25526676,5.3724623,0.010539931,0.0,0.014660878,0.5190265
2414,0.489361,0.0,0.24841297,5.372463,0.00861861,0.0,0.015005497,0.51902694
2415,0.5540629,0.0,0.17672172,5.372464,0.009604106,0.0,0.014504302,0.5190274
2416,0.6238391,0.0,0.31563407,5.3724666,0.010989071,0.0,0.013566279,0.5190278
2417,0.616002,0.0,0.13429937,5.3724694,0.009307403,0.0,0.012720442,0.5190282
2418,0.36497635,0.0,0.15922815,5.372473,0.009609005,0.0,0.015495264,0.51902854
2419,0.39514953,0.0,0.23878747,5.372476,0.007905951,0.0,0.015407954,0.51902837
2420,0.6869132,0.0,0.18684202,5.3724785,0.009075333,0.0,0.013207844,0.5190285
2421,0.40870318,0.0,0.20032236,5.372482,0.009751356,0.0,0.015391003,0.5190289
2422,0.20375812,0.0,0.1552447,5.3724837,0.008274018,0.0,0.014722392,0.51902884
2423,0.8519914,0.0,0.16509885,5.372486,0.009505019,0.0,0.014507541,0.5190289
2424,0.70679814,0.0,0.2105949,5.3724866,0.007984709,0.0,0.014285324,0.51902866
2425,0.4608745,0.0,0.20299564,5.3724875,0.011321502,0.0,0.016462434,0.5190289
2426,0.49935827,0.0,0.1180666,5.372488,0.0095768,0.0,0.013815009,0.5190287
2427,0.30333713,0.0,0.21874543,5.3724885,0.007336039,0.0,0.015130233,0.51902866
2428,0.6212331,0.0,0.24282856,5.3724923,0.009724928,0.0,0.017313708,0.5190285
2429,0.3685767,0.0,0.20392455,5.3724947,0.009602708,0.0,0.0143352,0.5190286
2430,0.3037822,0.0,0.14570658,5.3724966,0.007231288,0.0,0.01726237,0.51902854
2431,0.2702566,0.0,0.18473546,5.3724966,0.009571057,0.0,0.016247489,0.51902884
2432,0.22722462,0.0,0.18737905,5.3724985,0.009674328,0.0,0.01646943,0.5190291
2433,0.49045032,0.0,0.3748244,5.372501,0.009462712,0.0,0.012739112,0.51902914
2434,0.5423866,0.0,0.2612952,5.372505,0.010199356,0.0,0.017910857,0.51902884
2435,0.5970396,0.0,0.2905735,5.3725104,0.010396592,0.0,0.016161546,0.51902884
2436,0.44903857,0.0,0.19832462,5.3725123,0.011207529,0.0,0.014123529,0.5190289
2437,0.5576485,0.0,0.17182617,5.3725147,0.008657671,0.0,0.014556022,0.519029
2438,0.88190883,0.0,0.34072182,5.372517,0.009348867,0.0,0.017470766,0.519029
2439,0.63176197,0.0,0.14618127,5.3725195,0.009565826,0.0,0.016266614,0.5190293
2440,0.27642485,0.0,0.1067683,5.3725224,0.0077803195,0.0,0.014363505,0.5190295
2441,0.2613853,0.0,0.26438466,5.3725247,0.009624972,0.0,0.014898432,0.5190303
2442,0.6923788,0.0,0.24255894,5.3725266,0.011875455,0.0,0.015050767,0.5190313
2443,0.601153,0.0,0.14354677,5.3725286,0.0064329198,0.0,0.015473382,0.51903176
2444,0.18768278,0.0,0.23900989,5.372531,0.0076237703,0.0,0.012826335,0.5190326
2445,0.55046856,0.0,0.16657051,5.3725343,0.010776163,0.0,0.016456239,0.51903296
2446,0.42971674,0.0,0.34686962,5.3725357,0.009641367,0.0,0.016654711,0.519033
2447,0.9356717,0.0,0.19368605,5.3725386,0.009851436,0.0,0.017790182,0.5190329
2448,0.3827309,0.0,0.36008513,5.3725395,0.008702148,0.0,0.01499052,0.5190326
2449,0.41384804,0.0,0.27893764,5.372547,0.0093791485,0.0,0.015743513,0.51903254
2450,0.61990774,0.0,0.43211356,5.372553,0.00870986,0.0,0.013891154,0.5190326
2451,0.42554417,0.0,0.2219019,5.372561,0.009238243,0.0,0.014031951,0.5190327
2452,0.46072385,0.0,0.19713299,5.3725677,0.0087132035,0.0,0.011025819,0.5190329
2453,0.37422296,0.0,0.24502996,5.3725743,0.009121095,0.0,0.014237675,0.5190333
2454,0.1868719,0.0,0.17752075,5.372582,0.009156368,0.0,0.011569662,0.5190337
2455,0.29044384,0.0,0.14178649,5.3725886,0.008373247,0.0,0.014643945,0.51903397
2456,0.4474222,0.0,0.29185972,5.3725953,0.012139736,0.0,0.015812404,0.5190344
2457,0.38888767,0.0,0.16609451,5.372601,0.0096796565,0.0,0.014786821,0.5190343
2458,0.3768168,0.0,0.16580823,5.3726053,0.010686649,0.0,0.015906094,0.51903415
2459,0.42875573,0.0,0.2749825,5.3726087,0.008635791,0.0,0.015159989,0.5190339
2460,0.26639983,0.0,0.18526135,5.37261,0.009618348,0.0,0.013939675,0.51903343
2461,0.4650034,0.0,0.14635213,5.3726125,0.010605252,0.0,0.01620012,0.519033
2462,0.51691556,0.0,0.16474438,5.3726125,0.009030423,0.0,0.015559931,0.51903254
2463,0.35699973,0.0,0.19349438,5.3726115,0.008901666,0.0,0.011475212,0.51903224
2464,0.3661052,0.0,0.2524116,5.372612,0.013131129,0.0,0.014832227,0.51903194
2465,0.31293187,0.0,0.13816312,5.3726125,0.0111563215,0.0,0.017103402,0.5190319
2466,0.39490604,0.0,0.32810596,5.3726115,0.008143461,0.0,0.012761568,0.5190319
2467,0.4934763,0.0,0.17472728,5.3726106,0.008447057,0.0,0.014439844,0.51903176
2468,0.24271572,0.0,0.1956142,5.372608,0.009098425,0.0,0.016599514,0.5190313
2469,0.25066796,0.0,0.19029136,5.372607,0.007720854,0.0,0.013022947,0.5190307
2470,0.31580427,0.0,0.108841635,5.3726077,0.008062042,0.0,0.014285933,0.5190303
2471,0.24487564,0.0,0.31959206,5.3726068,0.009441048,0.0,0.018241717,0.51902974
2472,0.20099084,0.0,0.14690611,5.3726053,0.008536515,0.0,0.015996395,0.51902926
2473,0.5159706,0.0,0.24043372,5.372604,0.010088716,0.0,0.015340013,0.5190287
2474,0.622898,0.0,0.2715579,5.372604,0.008461232,0.0,0.015195109,0.51902807
2475,0.5907832,0.0,0.17761289,5.372603,0.00902218,0.0,0.013834463,0.51902735
2476,0.3076928,0.0,0.20541698,5.3726006,0.009478651,0.0,0.016060863,0.51902634
2477,0.39451694,0.0,0.22537145,5.3725977,0.010626389,0.0,0.01639716,0.5190253
2478,0.7618501,0.0,0.2275133,5.3725944,0.009742081,0.0,0.013458723,0.51902413
2479,0.38923496,0.0,0.24176835,5.37259,0.00885119,0.0,0.01685674,0.519023
2480,0.16541375,0.0,0.13573381,5.3725853,0.009958753,0.0,0.017387412,0.51902175
2481,0.5580228,0.0,0.25720894,5.372581,0.0089320345,0.0,0.018208299,0.51902103
2482,0.29587248,0.0,0.19539095,5.3725777,0.008426118,0.0,0.014051685,0.5190206
2483,0.38334996,0.0,0.2033645,5.3725734,0.007829687,0.0,0.013943737,0.51902026
2484,0.30020902,0.0,0.20249519,5.372568,0.008747509,0.0,0.016252497,0.5190199
2485,0.3737443,0.0,0.22895144,5.3725634,0.00748319,0.0,0.013646983,0.5190198
2486,0.3820008,0.0,0.19689813,5.3725595,0.009104228,0.0,0.015053736,0.5190195
2487,0.5186111,0.0,0.1760256,5.372553,0.008230003,0.0,0.015892757,0.51901907
2488,0.8476768,0.0,0.31856617,5.372547,0.01023352,0.0,0.01720278,0.5190187
2489,0.32421663,0.0,0.15382193,5.3725414,0.01006731,0.0,0.014291485,0.5190182
2490,0.49608946,0.0,0.14767313,5.372536,0.010220905,0.0,0.015089212,0.51901746
2491,0.9719111,0.0,0.26568902,5.372532,0.009406409,0.0,0.014727314,0.5190169
2492,0.79417205,0.0,0.17447397,5.3725305,0.0065328064,0.0,0.01663341,0.5190167
2493,0.28310752,0.0,0.27844405,5.372526,0.008846347,0.0,0.018162087,0.519017
2494,0.45615068,0.0,0.15635166,5.3725224,0.008419357,0.0,0.016793678,0.5190178
2495,0.44390324,0.0,0.22919403,5.3725195,0.0109639065,0.0,0.015800467,0.5190187
2496,0.3609105,0.0,0.16533548,5.3725157,0.009473149,0.0,0.012890867,0.5190202
2497,0.30956942,0.0,0.25021064,5.3725123,0.00853598,0.0,0.014136789,0.5190214
2498,0.6956259,0.0,0.1838187,5.372511,0.011123324,0.0,0.016631253,0.519022
2499,0.45974156,0.0,0.29369637,5.372511,0.008622589,0.0,0.013875459,0.51902235
2500,0.4486881,0.0,0.2910114,5.37251,0.010990927,0.0,0.018146673,0.51902235
2501,0.32983705,0.0,0.123247705,5.372508,0.008146133,0.0,0.014439897,0.5190221
2502,0.38716975,0.0,0.21369487,5.3725057,0.009566654,0.0,0.015418418,0.519022
2503,0.41340593,0.0,0.24796073,5.3725023,0.0073381457,0.0,0.016635913,0.5190216
2504,0.4289472,0.0,0.16228585,5.372499,0.010111398,0.0,0.017730748,0.5190215
2505,0.4557831,0.0,0.43565336,5.372496,0.009920325,0.0,0.014256311,0.5190214
2506,0.34956995,0.0,0.1797069,5.372493,0.008336357,0.0,0.015358245,0.5190213
2507,0.38776016,0.0,0.15475371,5.37249,0.0079288,0.0,0.016264986,0.5190209
2508,0.43230277,0.0,0.17439936,5.372487,0.009212315,0.0,0.017911939,0.5190208
2509,0.22466154,0.0,0.31348354,5.3724856,0.0076636095,0.0,0.014052017,0.51902056
2510,0.8073849,0.0,0.13793765,5.372482,0.008222337,0.0,0.016322125,0.51902056
2511,0.5643499,0.0,0.23429118,5.3724775,0.008770313,0.0,0.014656242,0.51902056
2512,0.46634164,0.0,0.31921223,5.3724747,0.008600362,0.0,0.01407874,0.5190201
2513,0.30160797,0.0,0.12809595,5.3724713,0.009703129,0.0,0.012618274,0.51901954
2514,0.6755195,0.0,0.2198567,5.3724666,0.008554094,0.0,0.013693367,0.5190187
2515,0.14775145,0.0,0.2679432,5.3724623,0.006852632,0.0,0.016534764,0.51901776
2516,0.4445168,0.0,0.2393564,5.372458,0.008517198,0.0,0.016124396,0.51901686
2517,0.33392486,0.0,0.35677877,5.3724537,0.007204189,0.0,0.018321043,0.51901585
2518,0.2814862,0.0,0.20856309,5.37245,0.009827199,0.0,0.015232215,0.51901466
2519,0.6582788,0.0,0.2289455,5.372445,0.010837747,0.0,0.01681532,0.5190135
2520,0.5368253,0.0,0.20239425,5.37244,0.008442891,0.0,0.013155014,0.51901215
2521,0.38359672,0.0,0.19860846,5.372434,0.010371208,0.0,0.014531214,0.51901126
2522,0.31055948,0.0,0.12474047,5.372429,0.008715244,0.0,0.014796154,0.51901054
2523,0.3521614,0.0,0.2775351,5.3724246,0.0077211945,0.0,0.015992818,0.5190098
2524,0.44884655,0.0,0.2406926,5.372418,0.0071493736,0.0,0.014791964,0.51900977
2525,0.5085837,0.0,0.18779594,5.372412,0.009671312,0.0,0.01397352,0.5190103
2526,0.3065949,0.0,0.22735095,5.3724036,0.008319641,0.0,0.017279819,0.5190106
2527,0.49679863,0.0,0.15748659,5.3723965,0.008839964,0.0,0.016292099,0.51901126
2528,0.28259608,0.0,0.19331497,5.3723907,0.009375698,0.0,0.014824868,0.51901156
2529,0.3133441,0.0,0.21553469,5.3723874,0.009272847,0.0,0.016971484,0.5190116
2530,0.21216804,0.0,0.24446988,5.3723855,0.0077441162,0.0,0.018595986,0.5190118
2531,0.5663812,0.0,0.23559491,5.3723836,0.010011285,0.0,0.015999787,0.5190117
2532,0.18683136,0.0,0.1923171,5.372382,0.0077247648,0.0,0.01924076,0.51901174
2533,0.4310287,0.0,0.24175262,5.3723803,0.011555404,0.0,0.014503864,0.51901144
2534,0.35833576,0.0,0.18779522,5.3723807,0.008145639,0.0,0.013623231,0.5190107
2535,0.97187376,0.0,0.16042085,5.3723817,0.011046992,0.0,0.015555327,0.51900953
2536,0.30711374,0.0,0.27286303,5.3723817,0.009532791,0.0,0.016283741,0.51900834
2537,0.28906304,0.0,0.19095378,5.372382,0.009480471,0.0,0.01771157,0.5190075
2538,0.34690708,0.0,0.22367382,5.372383,0.010068333,0.0,0.015983047,0.5190068
2539,1.0586027,0.0,0.26418492,5.372383,0.014402007,0.0,0.013916341,0.5190063
2540,0.2403424,0.0,0.18238635,5.372386,0.009274264,0.0,0.015938947,0.519006
2541,1.0004754,0.0,0.19885333,5.3723865,0.008938129,0.0,0.014381195,0.51900595
2542,0.40416336,0.0,0.2212759,5.3723865,0.009652781,0.0,0.018315552,0.519006
2543,0.26480082,0.0,0.19440602,5.3723855,0.006527851,0.0,0.014976596,0.51900655
2544,0.15840572,0.0,0.13714637,5.372385,0.008264455,0.0,0.0148166,0.5190071
2545,0.28512943,0.0,0.22334518,5.3723865,0.009296015,0.0,0.014081274,0.5190078
2546,0.82773376,0.0,0.18936998,5.372388,0.0076665934,0.0,0.014698142,0.51900905
2547,0.30745926,0.0,0.16381511,5.37239,0.008351864,0.0,0.017607415,0.51901025
2548,0.77723885,0.0,0.24813083,5.37239,0.008378562,0.0,0.015300901,0.51901174
2549,0.20598598,0.0,0.18503904,5.3723907,0.008487362,0.0,0.015459481,0.5190129
2550,0.36082095,0.0,0.3303047,5.372392,0.009184385,0.0,0.01660636,0.5190142
2551,0.41169697,0.0,0.17190595,5.372393,0.005598163,0.0,0.015419397,0.519015
2552,0.2070602,0.0,0.18617925,5.3723946,0.009304244,0.0,0.015005351,0.51901615
2553,0.56533426,0.0,0.18198569,5.372396,0.007318451,0.0,0.014070111,0.5190168
2554,0.48723114,0.0,0.2511552,5.372398,0.009013861,0.0,0.014421789,0.51901716
2555,0.68686885,0.0,0.20280996,5.3724,0.008202796,0.0,0.018421967,0.51901704
2556,0.25550622,0.0,0.26609197,5.372403,0.010114893,0.0,0.017795084,0.51901656
2557,0.2915075,0.0,0.21712095,5.3724046,0.009454397,0.0,0.010867323,0.5190158
2558,0.41488424,0.0,0.3268482,5.3724065,0.008110674,0.0,0.0131403105,0.51901513
2559,0.52071816,0.0,0.12173355,5.372407,0.008160492,0.0,0.018083833,0.5190145
2560,0.55682486,0.0,0.2649502,5.3724074,0.009207047,0.0,0.01616926,0.5190144
2561,0.41918257,0.0,0.2866204,5.3724055,0.008734936,0.0,0.014516842,0.5190144
2562,0.64407945,0.0,0.282714,5.3724036,0.010040747,0.0,0.01573107,0.5190147
2563,0.3286674,0.0,0.17318286,5.3724008,0.009285772,0.0,0.013630761,0.5190151
2564,0.6502831,0.0,0.28995866,5.3723984,0.012402143,0.0,0.016939223,0.51901543
2565,0.59597284,0.0,0.28192583,5.372396,0.010022781,0.0,0.016024137,0.5190155
2566,0.37557834,0.0,0.45451692,5.372395,0.011495361,0.0,0.01531713,0.51901567
2567,0.48127544,0.0,0.45196372,5.3723917,0.010936267,0.0,0.016256452,0.51901585
2568,0.42031845,0.0,0.28550303,5.372393,0.011025551,0.0,0.017721292,0.51901597
2569,0.23199211,0.0,0.22184318,5.372394,0.008805052,0.0,0.0168499,0.5190157
2570,0.56269485,0.0,0.24279809,5.372394,0.008458848,0.0,0.013035984,0.51901567
2571,0.5576567,0.0,0.16664286,5.372394,0.009916949,0.0,0.01316235,0.51901543
2572,0.55941516,0.0,0.33455002,5.372394,0.008252616,0.0,0.017377362,0.51901484
2573,0.27250046,0.0,0.33983958,5.3723936,0.010043998,0.0,0.012542421,0.5190142
2574,0.38339993,0.0,0.20123184,5.3723927,0.010217345,0.0,0.016023796,0.5190132
2575,0.22481392,0.0,0.19203456,5.3723907,0.009065596,0.0,0.015557246,0.5190126
2576,0.35327995,0.0,0.15986285,5.372389,0.009190811,0.0,0.013820025,0.5190116
2577,0.6383314,0.0,0.22950149,5.372387,0.008431627,0.0,0.015937325,0.51901066
2578,0.38003737,0.0,0.1737378,5.3723884,0.00928733,0.0,0.016097302,0.5190102
2579,0.4971555,0.0,0.24111466,5.3723907,0.011505402,0.0,0.016605785,0.5190101
2580,0.41682953,0.0,0.2061821,5.3723917,0.009317692,0.0,0.019473707,0.51901025
2581,0.5687935,0.0,0.17508592,5.3723936,0.008519657,0.0,0.015933322,0.5190103
2582,0.3007313,0.0,0.16004738,5.372395,0.0095091,0.0,0.018049318,0.5190108
2583,0.6346798,0.0,0.23858002,5.372395,0.0067414157,0.0,0.01234338,0.51901114
2584,0.31312227,0.0,0.18904021,5.372395,0.008672662,0.0,0.017961588,0.5190115
2585,0.31346005,0.0,0.18244599,5.3723936,0.008578428,0.0,0.0146899205,0.51901186
2586,0.8695162,0.0,0.1502677,5.3723936,0.0089218225,0.0,0.013936319,0.51901215
2587,0.3318164,0.0,0.30424953,5.372393,0.008568859,0.0,0.017252453,0.51901203
2588,0.5729018,0.0,0.14816365,5.372395,0.008242328,0.0,0.01641039,0.51901174
2589,0.43112934,0.0,0.19104448,5.372396,0.009451049,0.0,0.018320838,0.5190112
2590,0.29973492,0.0,0.23807062,5.372398,0.008228696,0.0,0.014713947,0.5190107
2591,0.35114083,0.0,0.30548087,5.372398,0.007357436,0.0,0.012709026,0.51901066
2592,0.41450676,0.0,0.18672116,5.3723993,0.009924022,0.0,0.01592132,0.51901
2593,0.4290036,0.0,0.25479504,5.3724008,0.009435795,0.0,0.013256331,0.51900923
2594,0.30045873,0.0,0.16581975,5.3724017,0.008898514,0.0,0.013810196,0.5190087
2595,1.0983325,0.0,0.24214272,5.372403,0.008599396,0.0,0.014190528,0.51900846
2596,0.49542147,0.0,0.32280248,5.372404,0.010274198,0.0,0.015539409,0.51900864
2597,0.2575503,0.0,0.18186013,5.3724084,0.0091178985,0.0,0.013529845,0.5190087
2598,0.32041886,0.0,0.32645273,5.3724103,0.011473598,0.0,0.016355013,0.5190084
2599,0.5541902,0.0,0.10763388,5.372413,0.010442587,0.0,0.012718226,0.5190084
2600,0.32620183,0.0,0.18430269,5.372416,0.009604618,0.0,0.010685127,0.5190083
2601,0.37733907,0.0,0.394967,5.3724184,0.008392791,0.0,0.016093872,0.5190078
2602,0.33855116,0.0,0.14518322,5.3724213,0.009288935,0.0,0.016531032,0.5190074
2603,0.5878185,0.0,0.22776422,5.3724236,0.008583028,0.0,0.012595961,0.519007
2604,0.58901113,0.0,0.1367849,5.3724246,0.0093715,0.0,0.018533465,0.5190067
2605,0.55961436,0.0,0.222708,5.3724265,0.009395255,0.0,0.012798331,0.5190066
2606,0.27536374,0.0,0.1724884,5.372427,0.008536276,0.0,0.0146005405,0.51900643
2607,0.26434582,0.0,0.16799396,5.37243,0.0103339795,0.0,0.015459446,0.5190059
2608,0.7650383,0.0,0.25835824,5.372431,0.009381853,0.0,0.013970293,0.51900524
2609,0.3093785,0.0,0.18846528,5.3724303,0.010108656,0.0,0.01353134,0.5190046
2610,0.2957149,0.0,0.16468015,5.3724313,0.007548676,0.0,0.01602354,0.5190042
2611,0.25873947,0.0,0.19648433,5.3724318,0.008730646,0.0,0.014834534,0.51900405
2612,0.21539058,0.0,0.18230714,5.372434,0.009952035,0.0,0.013354221,0.5190037
2613,0.4141306,0.0,0.19578521,5.372437,0.009828021,0.0,0.019116122,0.5190035
2614,0.45523685,0.0,0.3422738,5.3724384,0.010078443,0.0,0.01629974,0.5190036
2615,0.50769633,0.0,0.23299101,5.3724365,0.008923555,0.0,0.017081186,0.519004
2616,0.41962886,0.0,0.3086073,5.3724365,0.009599131,0.0,0.01584021,0.519004
2617,0.776162,0.0,0.19933185,5.372438,0.0081871655,0.0,0.015819887,0.519004
2618,0.5399543,0.0,0.35038033,5.3724384,0.007927467,0.0,0.016888965,0.51900357
2619,0.6787998,0.0,0.22198565,5.3724384,0.0105657065,0.0,0.016067008,0.51900303
2620,0.37327754,0.0,0.2726908,5.3724384,0.009737607,0.0,0.017161978,0.51900244
2621,0.42905256,0.0,0.23585837,5.372437,0.008094064,0.0,0.017377518,0.5190015
2622,0.3801205,0.0,0.24402785,5.372435,0.010535187,0.0,0.014885466,0.5190008
2623,0.35627457,0.0,0.14436884,5.372434,0.01049273,0.0,0.013389539,0.51900065
2624,0.5263242,0.0,0.21599741,5.372434,0.009330547,0.0,0.015501888,0.5190005
2625,0.46063802,0.0,0.16265094,5.372436,0.009879296,0.0,0.01816014,0.51899993
2626,0.3526627,0.0,0.25393218,5.3724384,0.008901933,0.0,0.018216863,0.5189994
2627,0.63510764,0.0,0.16689323,5.3724394,0.008194942,0.0,0.01744086,0.5189989
2628,0.48148406,0.0,0.25601208,5.3724413,0.009559363,0.0,0.015710184,0.51899874
2629,0.19236644,0.0,0.20314574,5.3724422,0.00826289,0.0,0.014760838,0.51899856
2630,0.26318923,0.0,0.19837089,5.3724437,0.009384128,0.0,0.014264753,0.5189982
2631,0.3534568,0.0,0.29186606,5.3724456,0.008086886,0.0,0.01654369,0.5189976
2632,0.30508906,0.0,0.19067536,5.3724475,0.0079725,0.0,0.014325977,0.5189974
2633,0.52621955,0.0,0.21716541,5.3724484,0.0090174405,0.0,0.020535318,0.5189969
2634,0.513586,0.0,0.21956798,5.372449,0.009305984,0.0,0.013738245,0.5189969
2635,0.30285746,0.0,0.567435,5.3724504,0.011248729,0.0,0.015436422,0.51899695
2636,0.5991329,0.0,0.35426778,5.3724537,0.010709693,0.0,0.017274372,0.51899713
2637,0.4580415,0.0,0.21294184,5.372459,0.008976462,0.0,0.016113168,0.51899725
2638,0.4716384,0.0,0.42797995,5.3724613,0.008594252,0.0,0.015520943,0.51899767
2639,0.37744337,0.0,0.3674503,5.372467,0.009408355,0.0,0.01825735,0.51899797
2640,0.55297613,0.0,0.3942969,5.3724732,0.0077169426,0.0,0.018210981,0.5189981
2641,0.32553807,0.0,0.19767061,5.3724804,0.009790251,0.0,0.018950058,0.5189985
2642,0.43240198,0.0,0.38276798,5.3724885,0.008255588,0.0,0.015075625,0.51899874
2643,0.6307422,0.0,0.17442882,5.372495,0.010732645,0.0,0.01327596,0.5189986
2644,0.4707791,0.0,0.1875078,5.3725014,0.008645556,0.0,0.017653871,0.5189982
2645,0.4516921,0.0,0.2173447,5.3725066,0.0075361296,0.0,0.012896483,0.51899767
2646,0.37264568,0.0,0.21565166,5.372511,0.0099729365,0.0,0.015060078,0.5189972
2647,0.66065425,0.0,0.22981769,5.372516,0.008737992,0.0,0.0143993255,0.51899683
2648,0.41367966,0.0,0.27298516,5.3725204,0.00856638,0.0,0.014617033,0.51899654
2649,0.37902394,0.0,0.10192736,5.3725243,0.009766068,0.0,0.015609999,0.5189962
2650,0.40074492,0.0,0.21404357,5.3725276,0.009593885,0.0,0.016045377,0.5189956
2651,0.68073696,0.0,0.38183716,5.3725305,0.008699605,0.0,0.015609716,0.5189946
2652,0.5393022,0.0,0.13452673,5.372531,0.0077483156,0.0,0.016326964,0.5189939
2653,0.36310446,0.0,0.27546751,5.372531,0.009040682,0.0,0.014452038,0.51899296
2654,0.45884812,0.0,0.33750132,5.372532,0.007888059,0.0,0.01981955,0.5189919
2655,0.36972752,0.0,0.19522452,5.372534,0.011223647,0.0,0.017093947,0.51899105
2656,0.2591575,0.0,0.20940347,5.3725367,0.01142293,0.0,0.016684566,0.51899046
2657,0.3595664,0.0,0.1848808,5.372538,0.011264613,0.0,0.0127157,0.5189903
2658,0.25315234,0.0,0.346477,5.3725395,0.012261392,0.0,0.013806957,0.5189901
2659,0.5660629,0.0,0.20137303,5.3725405,0.008725415,0.0,0.014404905,0.5189898
2660,0.27358052,0.0,0.50428313,5.3725405,0.011378839,0.0,0.017807454,0.51898944
2661,0.3479591,0.0,0.23251475,5.3725414,0.0085553555,0.0,0.018839518,0.51898944
2662,0.3195607,0.0,0.19604729,5.3725414,0.010706327,0.0,0.016121639,0.5189898
2663,0.74071497,0.0,0.1883485,5.372541,0.009941575,0.0,0.016090369,0.51898986
2664,0.30778196,0.0,0.17713232,5.37254,0.011838111,0.0,0.016460028,0.5189902
2665,0.602145,0.0,0.21299794,5.3725395,0.0092054205,0.0,0.01383694,0.51899
2666,0.48048154,0.0,0.19406965,5.372539,0.007924301,0.0,0.013700652,0.51899034
2667,0.28199047,0.0,0.2726776,5.3725386,0.010919001,0.0,0.014361176,0.518991
2668,0.8295714,0.0,0.18709813,5.372538,0.009680256,0.0,0.013982339,0.5189916
2669,0.43357936,0.0,0.27130765,5.3725386,0.008065496,0.0,0.016175672,0.51899236
2670,0.3444154,0.0,0.16573058,5.3725386,0.010368588,0.0,0.013437199,0.5189931
2671,0.4745816,0.0,0.33285496,5.3725367,0.010671464,0.0,0.013755765,0.51899356
2672,0.4622574,0.0,0.17039111,5.3725376,0.008023004,0.0,0.014236324,0.5189941
2673,0.47899723,0.0,0.3030189,5.3725386,0.010338073,0.0,0.014446033,0.5189948
2674,0.57442135,0.0,0.41820672,5.372543,0.0101303905,0.0,0.016958874,0.5189952
2675,0.5513008,0.0,0.2403122,5.372544,0.010880752,0.0,0.01467282,0.51899546
2676,0.44166064,0.0,0.10937245,5.3725443,0.010032969,0.0,0.013657945,0.5189956
2677,0.3408879,0.0,0.15493374,5.3725443,0.010112982,0.0,0.015163716,0.518996
2678,0.42225605,0.0,0.23897372,5.372545,0.008045429,0.0,0.014917816,0.5189968
2679,0.6325769,0.0,0.21982247,5.372543,0.0076810094,0.0,0.018355964,0.51899755
2680,0.35940677,0.0,0.28797874,5.372542,0.010110974,0.0,0.017432261,0.51899856
2681,0.37138724,0.0,0.25928646,5.3725414,0.008347683,0.0,0.015788404,0.51899964
2682,0.42116153,0.0,0.20224261,5.3725414,0.009711513,0.0,0.013802261,0.5190008
2683,0.50304353,0.0,0.33570424,5.3725395,0.008738022,0.0,0.015488338,0.5190023
2684,0.43004227,0.0,0.18582307,5.3725367,0.008714521,0.0,0.01464582,0.5190039
2685,0.9308166,0.0,0.19433025,5.3725333,0.00937314,0.0,0.01485759,0.5190051
2686,0.40068632,0.0,0.33379483,5.372532,0.011941312,0.0,0.014715475,0.51900655
2687,0.44637862,0.0,0.2074905,5.37253,0.008171776,0.0,0.0156699,0.51900727
2688,0.29594618,0.0,0.2504416,5.372527,0.009752838,0.0,0.018135134,0.51900786
2689,0.6193222,0.0,0.18317369,5.3725266,0.009616183,0.0,0.017756782,0.51900864
2690,0.34099677,0.0,0.15481612,5.372527,0.008769483,0.0,0.01410746,0.51900995
2691,0.44302818,0.0,0.3359373,5.3725266,0.010702649,0.0,0.018543933,0.51901096
2692,0.7430261,0.0,0.2919255,5.372527,0.008022866,0.0,0.01496312,0.5190117
2693,0.9376561,0.0,0.28408107,5.3725286,0.009757945,0.0,0.015774315,0.5190122
2694,0.33480197,0.0,0.2512615,5.372527,0.009076509,0.0,0.014046957,0.5190126
2695,0.3961326,0.0,0.22846572,5.3725276,0.010332514,0.0,0.013766356,0.5190127
2696,0.62349594,0.0,0.13955119,5.372529,0.011780405,0.0,0.015263559,0.5190131
2697,0.6550546,0.0,0.19846597,5.37253,0.008687544,0.0,0.018909123,0.5190134
2698,0.28134754,0.0,0.22135761,5.3725305,0.00795961,0.0,0.015136773,0.5190145
2699,0.33510724,0.0,0.14173613,5.372531,0.009919784,0.0,0.014992918,0.5190156
2700,0.2873357,0.0,0.26139033,5.3725305,0.011552927,0.0,0.014998698,0.51901656
2701,0.4105006,0.0,0.23623931,5.37253,0.008937012,0.0,0.012075533,0.5190172
2702,0.2622265,0.0,0.14302641,5.372531,0.009439094,0.0,0.015869154,0.51901764
2703,0.34938532,0.0,0.14945325,5.3725314,0.008051848,0.0,0.013307353,0.5190182
2704,0.21874195,0.0,0.21593505,5.3725333,0.009334644,0.0,0.014834307,0.5190186
2705,0.31416652,0.0,0.16297753,5.372533,0.011148517,0.0,0.014680691,0.51901895
2706,0.33066738,0.0,0.25028363,5.3725343,0.0085453475,0.0,0.01469424,0.51901895
2707,0.6352054,0.0,0.23782025,5.3725357,0.0075116768,0.0,0.015361908,0.5190189
2708,0.4331047,0.0,0.18544134,5.372539,0.009568791,0.0,0.0162909,0.51901895
2709,0.28946644,0.0,0.18968649,5.3725405,0.007987346,0.0,0.015537129,0.51901853
2710,0.3696214,0.0,0.19950512,5.372544,0.009160164,0.0,0.014572342,0.5190181
2711,0.38635772,0.0,0.3715453,5.3725457,0.010916885,0.0,0.016038008,0.5190178
2712,0.26479614,0.0,0.3208214,5.372543,0.009386112,0.0,0.020196851,0.5190177
2713,0.9932059,0.0,0.22579244,5.3725414,0.011857915,0.0,0.014828053,0.51901823
2714,0.66288686,0.0,0.23024842,5.3725395,0.00818527,0.0,0.014719047,0.5190189
2715,0.27437466,0.0,0.14599006,5.3725367,0.010217405,0.0,0.012986611,0.5190193
2716,0.36300847,0.0,0.14146204,5.3725333,0.010173708,0.0,0.017486457,0.5190198
2717,0.26324707,0.0,0.20091198,5.3725295,0.009577605,0.0,0.012729141,0.5190202
2718,0.3738385,0.0,0.19675131,5.372526,0.010300427,0.0,0.01525629,0.5190203
2719,0.30375123,0.0,0.0997591,5.372524,0.0102295,0.0,0.016064322,0.51902
2720,0.32244012,0.0,0.19194141,5.372521,0.009219103,0.0,0.0151401665,0.5190193
2721,0.29937607,0.0,0.20514518,5.3725176,0.007393667,0.0,0.016601618,0.5190188
2722,0.512586,0.0,0.3110883,5.3725166,0.008755745,0.0,0.016130833,0.5190182
2723,0.28448457,0.0,0.23784791,5.372516,0.01012672,0.0,0.017296834,0.51901793
2724,0.3292554,0.0,0.24914704,5.3725166,0.009723021,0.0,0.012269957,0.5190182
2725,0.38839424,0.0,0.22997765,5.3725166,0.0067259343,0.0,0.01847207,0.5190183
2726,0.39979088,0.0,0.23204038,5.3725166,0.011918064,0.0,0.013407538,0.51901895
2727,0.60004485,0.0,0.17730284,5.372516,0.009240637,0.0,0.016704911,0.5190198
2728,1.1552862,0.0,0.18741998,5.372515,0.0089652715,0.0,0.016206859,0.51902074
2729,0.3127846,0.0,0.21348427,5.372515,0.009263779,0.0,0.017205093,0.51902145
2730,0.25802886,0.0,0.19300951,5.3725142,0.009190177,0.0,0.015684288,0.5190214
2731,0.17130904,0.0,0.17368194,5.3725133,0.0076163975,0.0,0.016796751,0.5190211
2732,0.24278195,0.0,0.20208965,5.3725095,0.010139955,0.0,0.014772135,0.51902074
2733,0.49082497,0.0,0.15414602,5.3725076,0.0103958,0.0,0.01642783,0.51902026
2734,0.6770048,0.0,0.14412396,5.3725057,0.0105377305,0.0,0.015704788,0.51901937
2735,0.53498656,0.0,0.2140328,5.372504,0.007251451,0.0,0.014053693,0.5190187
2736,0.2793865,0.0,0.17154768,5.3725033,0.009778994,0.0,0.019790167,0.519018
2737,0.31482354,0.0,0.14541672,5.3725033,0.009873414,0.0,0.014299656,0.519017
2738,0.28528634,0.0,0.2658535,5.3725014,0.0081557995,0.0,0.013478328,0.51901597
2739,0.2749867,0.0,0.2273696,5.3724995,0.011347404,0.0,0.01737899,0.5190149
2740,0.5222432,0.0,0.23871094,5.3724995,0.007968224,0.0,0.014758143,0.5190139
2741,0.48739496,0.0,0.17988457,5.372497,0.008570217,0.0,0.01676755,0.519013
2742,0.4952613,0.0,0.14962019,5.3724947,0.0069770603,0.0,0.016181631,0.5190116
2743,0.4636976,0.0,0.14810023,5.372493,0.010687012,0.0,0.016629422,0.5190111
2744,0.2786959,0.0,0.27815765,5.37249,0.0095863305,0.0,0.017491689,0.5190107
2745,0.31828153,0.0,0.15501863,5.37249,0.009589599,0.0,0.015373413,0.5190105
2746,0.49370593,0.0,0.24336153,5.372491,0.008091311,0.0,0.0137832,0.51901
2747,0.28555807,0.0,0.21847713,5.372495,0.011030481,0.0,0.019363923,0.5190097
2748,0.45754856,0.0,0.16797379,5.3724985,0.008034293,0.0,0.016734703,0.5190094
2749,0.8055098,0.0,0.26460487,5.3725023,0.0104412725,0.0,0.014708613,0.51900935
2750,0.4154984,0.0,0.21279529,5.3725057,0.009484887,0.0,0.014441595,0.5190097
2751,0.48415783,0.0,0.19842355,5.3725104,0.010594454,0.0,0.015295307,0.51901
2752,0.5086254,0.0,0.2459013,5.372513,0.00938103,0.0,0.015523048,0.51901025
2753,0.481442,0.0,0.352519,5.3725133,0.008815658,0.0,0.0135012595,0.5190104
2754,0.24143937,0.0,0.2030619,5.372514,0.010978198,0.0,0.012361963,0.51901025
2755,0.49646205,0.0,0.27520192,5.3725166,0.010357615,0.0,0.014958638,0.5190097
2756,0.2176753,0.0,0.25931734,5.372518,0.009734189,0.0,0.0144979395,0.51900923
2757,0.5559038,0.0,0.2565649,5.3725166,0.008881985,0.0,0.017026639,0.5190085
2758,0.24154006,0.0,0.2476558,5.372514,0.008375064,0.0,0.014522137,0.51900804
2759,0.34127426,0.0,0.27581507,5.372511,0.008731315,0.0,0.019802699,0.5190076
2760,0.6913325,0.0,0.1551514,5.372508,0.009051502,0.0,0.019670436,0.51900727
2761,0.35286194,0.0,0.25314692,5.3725057,0.009144812,0.0,0.017546883,0.5190071
2762,0.52994287,0.0,0.11242505,5.372506,0.008349788,0.0,0.018632043,0.51900697
2763,0.29950377,0.0,0.3179498,5.3725066,0.009091246,0.0,0.014698406,0.51900715
2764,0.57232106,0.0,0.14226109,5.372506,0.0071394895,0.0,0.015094448,0.51900697
2765,0.34461907,0.0,0.11518334,5.3725066,0.008014321,0.0,0.0134309195,0.51900685
2766,0.29680592,0.0,0.2287871,5.372507,0.008400733,0.0,0.016568191,0.5190067
2767,0.42793238,0.0,0.18472534,5.372506,0.00798613,0.0,0.019026496,0.5190066
2768,0.4402187,0.0,0.16117153,5.372505,0.010369953,0.0,0.013981354,0.5190066
2769,0.2428744,0.0,0.13132858,5.3725038,0.009471498,0.0,0.015268443,0.5190063
2770,0.18175478,0.0,0.24556264,5.3725033,0.008247218,0.0,0.0133758085,0.5190065
2771,0.23002654,0.0,0.2299565,5.372501,0.007826271,0.0,0.012313214,0.5190068
2772,0.40428752,0.0,0.2252017,5.3724995,0.009131479,0.0,0.014100505,0.5190072
2773,0.92357975,0.0,0.15633158,5.3725004,0.009533335,0.0,0.016054437,0.5190074
2774,0.39280328,0.0,0.14496285,5.372503,0.0073621175,0.0,0.01472244,0.51900774
2775,0.2236024,0.0,0.1683339,5.372503,0.010240121,0.0,0.014524538,0.5190077
2776,0.5761426,0.0,0.16452502,5.3725038,0.008061132,0.0,0.015023263,0.5190075
2777,0.44311202,0.0,0.25005984,5.3725038,0.008171519,0.0,0.014076037,0.5190068
2778,0.28129533,0.0,0.216174,5.3725038,0.008368166,0.0,0.015376905,0.5190061
2779,0.2501313,0.0,0.15869215,5.3725033,0.0088636475,0.0,0.014997025,0.5190054
2780,0.17607513,0.0,0.29981047,5.3725023,0.010495965,0.0,0.015140023,0.5190049
2781,0.4518533,0.0,0.18938456,5.3725038,0.009936821,0.0,0.01443411,0.51900417
2782,0.8339496,0.0,0.30228275,5.3725057,0.010128218,0.0,0.013993753,0.5190037
2783,1.0077269,0.0,0.115824856,5.372508,0.00870401,0.0,0.015501751,0.5190029
2784,0.32913297,0.0,0.14678633,5.3725104,0.008765798,0.0,0.019858658,0.5190021
2785,0.40653098,0.0,0.4236916,5.3725123,0.010146006,0.0,0.016445423,0.5190013
2786,0.20136662,0.0,0.21023713,5.37251,0.009979723,0.0,0.013372747,0.5190004
2787,1.5010906,0.0,0.4050631,5.372508,0.0108702,0.0,0.012804914,0.51899976
2788,0.31510678,0.0,0.21492927,5.372506,0.010221582,0.0,0.018847823,0.5189991
2789,0.36698607,0.0,0.20493914,5.3725047,0.008344664,0.0,0.01431002,0.5189986
2790,0.25455037,0.0,0.18154682,5.3725038,0.0073437486,0.0,0.014118317,0.518998
2791,0.3673233,0.0,0.20162275,5.372502,0.008967429,0.0,0.015405711,0.5189974
2792,0.17719522,0.0,0.29621026,5.3724995,0.009361962,0.0,0.013658173,0.51899666
2793,0.1874377,0.0,0.22879848,5.3724947,0.009224688,0.0,0.016559087,0.51899624
2794,0.91406816,0.0,0.18623568,5.372489,0.011296356,0.0,0.0142363915,0.5189956
2795,0.51835114,0.0,0.5019214,5.372485,0.011073564,0.0,0.012110566,0.5189953
2796,0.26226437,0.0,0.24730757,5.3724847,0.007979376,0.0,0.0151534695,0.5189951
2797,0.34618017,0.0,0.13042022,5.372484,0.009476024,0.0,0.012849348,0.51899505
2798,0.32719767,0.0,0.30514064,5.3724847,0.009981729,0.0,0.012225202,0.5189949
2799,0.4338278,0.0,0.2788489,5.372488,0.009273337,0.0,0.01081819,0.51899487
2800,0.34509403,0.0,0.15278941,5.372491,0.010500538,0.0,0.014992349,0.5189947
2801,0.4357791,0.0,0.19543615,5.3724937,0.008845677,0.0,0.014380285,0.5189944
2802,0.30227536,0.0,0.15189599,5.372495,0.010808427,0.0,0.013766475,0.5189942
2803,0.44714049,0.0,0.15492375,5.3724957,0.008971643,0.0,0.014496293,0.51899415
2804,0.18401681,0.0,0.18914536,5.3724966,0.009265977,0.0,0.01472969,0.5189942
2805,0.46274287,0.0,0.17029765,5.3724976,0.009468298,0.0,0.013881737,0.5189946
2806,0.5870088,0.0,0.25535688,5.372497,0.008758361,0.0,0.018469125,0.51899457
2807,0.2453975,0.0,0.1500641,5.372496,0.009784718,0.0,0.016116044,0.51899433
2808,0.27779496,0.0,0.18249759,5.372496,0.008300449,0.0,0.017514212,0.5189949
2809,0.2737024,0.0,0.17945828,5.372495,0.006941598,0.0,0.015014816,0.51899594
2810,0.48685727,0.0,0.2182406,5.372495,0.008684047,0.0,0.017005185,0.51899654
2811,0.39834315,0.0,0.1989274,5.3724947,0.009671114,0.0,0.016304515,0.51899695
2812,0.60061204,0.0,0.14424455,5.3724937,0.00858962,0.0,0.017434571,0.51899743
2813,0.4387655,0.0,0.3001567,5.3724914,0.008607827,0.0,0.013617703,0.5189975
2814,0.5639366,0.0,0.31814507,5.3724933,0.0078011244,0.0,0.018290557,0.518998
2815,0.3854889,0.0,0.1421056,5.372495,0.00786872,0.0,0.015463729,0.518999
2816,0.48452452,0.0,0.31575522,5.3724966,0.010805098,0.0,0.018588178,0.51899964
2817,0.48060444,0.0,0.15271981,5.3724995,0.009759851,0.0,0.015116995,0.51900125
2818,0.22274254,0.0,0.19655257,5.372503,0.010012295,0.0,0.017631166,0.51900274
2819,0.5618252,0.0,0.22942838,5.3725038,0.009409573,0.0,0.015625257,0.51900446
2820,0.35150102,0.0,0.30922717,5.3725038,0.008881819,0.0,0.016112467,0.5190056
2821,0.31422627,0.0,0.13170238,5.372506,0.008545313,0.0,0.015560234,0.51900756
2822,0.28324383,0.0,0.20833269,5.372508,0.009905775,0.0,0.015537839,0.5190095
2823,0.82645077,0.0,0.144994,5.372509,0.008912658,0.0,0.014738824,0.519011
2824,0.19551614,0.0,0.22888125,5.3725095,0.0078964075,0.0,0.018143637,0.51901215
2825,0.51761705,0.0,0.16880062,5.372509,0.008939531,0.0,0.015271562,0.5190132
2826,0.5943234,0.0,0.21577528,5.372508,0.011210131,0.0,0.013366821,0.5190141
2827,0.6166012,0.0,0.19977994,5.3725085,0.008983381,0.0,0.014806204,0.5190148
2828,0.4506258,0.0,0.15276931,5.372508,0.010888229,0.0,0.018002957,0.51901484
2829,0.37233365,0.0,0.23179176,5.372507,0.0085307555,0.0,0.016083008,0.519015
2830,0.33098695,0.0,0.28550696,5.372505,0.008086212,0.0,0.01442637,0.5190149
2831,0.35356975,0.0,0.17489241,5.3725066,0.009913528,0.0,0.014981575,0.5190148
2832,0.2865375,0.0,0.20497604,5.372508,0.010105534,0.0,0.014873584,0.5190152
2833,0.13039398,0.0,0.15212451,5.372508,0.008277797,0.0,0.01740033,0.5190155
2834,0.3111559,0.0,0.15757675,5.372509,0.008141132,0.0,0.015667051,0.51901585
2835,0.3439747,0.0,0.19968508,5.3725095,0.008710899,0.0,0.015088983,0.5190157
2836,0.38656595,0.0,0.12114098,5.372511,0.009048369,0.0,0.015191587,0.5190158
2837,0.28158787,0.0,0.3418287,5.372512,0.010389427,0.0,0.013297735,0.51901597
2838,0.8038116,0.0,0.19276512,5.372513,0.008583598,0.0,0.015588408,0.519016
2839,0.3767121,0.0,0.17747232,5.372515,0.010304613,0.0,0.016478471,0.51901597
2840,0.2616387,0.0,0.19004594,5.3725176,0.008703169,0.0,0.014939268,0.5190158
2841,0.1989962,0.0,0.38290447,5.3725195,0.009193293,0.0,0.015920965,0.5190156
2842,0.35481325,0.0,0.14630169,5.3725214,0.008143285,0.0,0.01762677,0.5190156
2843,0.43483475,0.0,0.19048513,5.372523,0.0113575375,0.0,0.015716434,0.51901555
2844,0.32792413,0.0,0.269192,5.3725224,0.011635183,0.0,0.013733479,0.5190165
2845,0.28658226,0.0,0.22402248,5.3725214,0.008428556,0.0,0.015786892,0.51901764
2846,0.46466678,0.0,0.21648489,5.37252,0.0094783455,0.0,0.015189042,0.51901865
2847,0.2387539,0.0,0.22315651,5.3725176,0.010195888,0.0,0.015852174,0.51901925
2848,0.44506165,0.0,0.108074345,5.3725166,0.010093336,0.0,0.015113287,0.51902
2849,0.494512,0.0,0.14332725,5.3725166,0.009455742,0.0,0.016755467,0.5190208
2850,0.34567955,0.0,0.12354373,5.3725166,0.011049346,0.0,0.013079109,0.519022
2851,0.39503908,0.0,0.3223938,5.3725166,0.007438219,0.0,0.01450323,0.51902294
2852,0.22771746,0.0,0.25453565,5.372515,0.0102050565,0.0,0.0140414545,0.5190239
2853,0.56990224,0.0,0.19024388,5.3725133,0.008118494,0.0,0.0141902,0.519025
2854,0.9196425,0.0,0.126984,5.3725123,0.009699958,0.0,0.016026597,0.51902604
2855,0.54777306,0.0,0.16122726,5.3725114,0.007400058,0.0,0.014145128,0.51902694
2856,0.48646164,0.0,0.23223457,5.37251,0.008055667,0.0,0.014861817,0.51902807
2857,0.6348216,0.0,0.19588275,5.372509,0.009625343,0.0,0.013390911,0.519029
2858,0.31780577,0.0,0.16070838,5.372508,0.00940429,0.0,0.014096146,0.5190298
2859,0.59479344,0.0,0.16536811,5.372508,0.010857006,0.0,0.0163487,0.5190302
2860,0.24380168,0.0,0.15776654,5.3725047,0.009065544,0.0,0.016923942,0.5190305
2861,0.37277147,0.0,0.1953126,5.3725033,0.008069119,0.0,0.014240392,0.51903063
2862,0.39421883,0.0,0.16211069,5.3725014,0.008021906,0.0,0.0142081985,0.519031
2863,0.28728545,0.0,0.17100793,5.372501,0.010151868,0.0,0.013391168,0.5190314
2864,0.49662507,0.0,0.23407398,5.3724995,0.008376877,0.0,0.016137742,0.519032
2865,0.23817532,0.0,0.16289373,5.3724985,0.007095354,0.0,0.020162081,0.5190327
2866,0.41658974,0.0,0.12784834,5.372497,0.0088409865,0.0,0.015762612,0.5190335
2867,0.42768225,0.0,0.18829298,5.3724957,0.0097107235,0.0,0.018237915,0.5190343
2868,0.21222073,0.0,0.23503184,5.372495,0.010108356,0.0,0.014333181,0.5190352
2869,0.41083437,0.0,0.18848805,5.372495,0.009329284,0.0,0.0148409605,0.519036
2870,0.16244455,0.0,0.23438898,5.3724933,0.008580642,0.0,0.016422478,0.5190361
2871,0.5949057,0.0,0.15957706,5.3724914,0.008531282,0.0,0.014970318,0.5190361
2872,0.5385043,0.0,0.28150758,5.372488,0.008627338,0.0,0.013153794,0.5190359
2873,0.33577612,0.0,0.15721896,5.372486,0.008865003,0.0,0.015398868,0.51903546
2874,0.30228624,0.0,0.22254641,5.372484,0.010811928,0.0,0.013944982,0.5190345
2875,0.23251331,0.0,0.309692,5.3724813,0.008257489,0.0,0.013255726,0.51903397
2876,0.22803767,0.0,0.22061099,5.3724804,0.010007093,0.0,0.013541324,0.5190333
2877,0.51257324,0.0,0.2475637,5.3724794,0.008941345,0.0,0.0172806,0.5190331
2878,0.30382648,0.0,0.20856924,5.3724804,0.007678573,0.0,0.016002199,0.51903284
2879,0.30819094,0.0,0.29332706,5.3724804,0.007613859,0.0,0.015895845,0.51903254
2880,1.1315689,0.0,0.16690901,5.372482,0.007147086,0.0,0.014071451,0.51903254
2881,0.810564,0.0,0.19880915,5.3724823,0.008213289,0.0,0.013654938,0.5190325
2882,0.35594982,0.0,0.2501118,5.3724837,0.010179654,0.0,0.016718347,0.51903236
2883,0.54857844,0.0,0.44042817,5.372486,0.0102483705,0.0,0.017319364,0.51903176
2884,0.29663697,0.0,0.13208316,5.3724885,0.009332544,0.0,0.014787387,0.51903164
2885,0.6125918,0.0,0.1802036,5.3724895,0.010316087,0.0,0.017343966,0.5190314
2886,0.55395937,0.0,0.26148543,5.372489,0.006786118,0.0,0.014932309,0.5190311
2887,0.39551815,0.0,0.40362248,5.372489,0.0074848146,0.0,0.013967843,0.51903075
2888,0.4458134,0.0,0.17725042,5.3724856,0.008601395,0.0,0.018036284,0.51903087
2889,0.34293467,0.0,0.14358392,5.3724837,0.007165024,0.0,0.012571381,0.51903135
2890,0.43857542,0.0,0.21274364,5.372481,0.007622157,0.0,0.014081602,0.5190316
2891,0.76960003,0.0,0.17316623,5.3724766,0.009063689,0.0,0.015109474,0.5190319
2892,0.35383943,0.0,0.17232294,5.372473,0.0077603506,0.0,0.014429968,0.51903194
2893,0.23131502,0.0,0.20181727,5.3724675,0.010578465,0.0,0.017187407,0.5190318
2894,0.37578383,0.0,0.19592792,5.3724647,0.009720098,0.0,0.014045999,0.51903176
2895,0.40962473,0.0,0.21158892,5.372462,0.009743794,0.0,0.015978476,0.51903164
2896,0.31408677,0.0,0.27501896,5.3724594,0.00784677,0.0,0.012942453,0.51903164
2897,0.23221694,0.0,0.30841494,5.3724585,0.011250326,0.0,0.012934877,0.51903147
2898,0.24486457,0.0,0.29436526,5.3724585,0.010073773,0.0,0.017065514,0.51903147
2899,0.28931046,0.0,0.19631924,5.372459,0.00931858,0.0,0.015246371,0.5190315
2900,1.4294581,0.0,0.13485952,5.37246,0.011479943,0.0,0.014601449,0.5190319
2901,0.4361178,0.0,0.17147197,5.3724604,0.010484753,0.0,0.017751593,0.5190325
2902,0.55193764,0.0,0.23920926,5.3724613,0.010676859,0.0,0.01746642,0.51903284
2903,0.18889266,0.0,0.3350872,5.372461,0.009609381,0.0,0.015942402,0.5190333
2904,0.5588238,0.0,0.18012938,5.3724604,0.009284488,0.0,0.014666239,0.5190341
2905,0.43833244,0.0,0.1971416,5.37246,0.009385506,0.0,0.016907077,0.51903427
2906,0.34802404,0.0,0.20373845,5.3724594,0.008378362,0.0,0.014705703,0.51903516
2907,0.54252726,0.0,0.3395875,5.3724566,0.010634805,0.0,0.01606984,0.5190358
2908,0.35934764,0.0,0.1788747,5.372454,0.008754257,0.0,0.014990609,0.5190362
2909,0.2538751,0.0,0.17753887,5.3724523,0.009683331,0.0,0.016443176,0.51903653
2910,0.37091488,0.0,0.2629974,5.3724494,0.007578897,0.0,0.014683051,0.5190372
2911,0.8255897,0.0,0.13017431,5.372445,0.0068591377,0.0,0.01544071,0.51903844
2912,0.39609995,0.0,0.17224589,5.37244,0.010743176,0.0,0.014779437,0.5190397
2913,0.5146044,0.0,0.2590902,5.372437,0.009359381,0.0,0.012240513,0.519041
2914,0.3030314,0.0,0.20764937,5.3724318,0.008282497,0.0,0.01575899,0.51904196
2915,0.29735413,0.0,0.23050629,5.3724275,0.010771741,0.0,0.016595371,0.5190424
2916,0.23780452,0.0,0.17630842,5.3724236,0.008485834,0.0,0.014961919,0.519043
2917,1.1859362,0.0,0.11748824,5.372421,0.0075856163,0.0,0.013570579,0.51904356
2918,0.25072113,0.0,0.315049,5.3724184,0.008103322,0.0,0.015512914,0.5190436
2919,0.3730985,0.0,0.16836447,5.3724165,0.010807204,0.0,0.016281132,0.5190439
2920,0.526909,0.0,0.2515347,5.372414,0.00856021,0.0,0.016016185,0.519044
2921,0.38285434,0.0,0.13325188,5.3724113,0.010750863,0.0,0.018456303,0.51904404
2922,0.63673574,0.0,0.28934678,5.3724084,0.008902455,0.0,0.018152732,0.5190443
2923,0.22146101,0.0,0.22963168,5.372408,0.008474356,0.0,0.014810868,0.51904446
2924,0.59770507,0.0,0.22107969,5.3724093,0.012035298,0.0,0.017801456,0.51904476
2925,0.5867038,0.0,0.28073642,5.3724127,0.007264683,0.0,0.015391389,0.5190445
2926,0.8730943,0.0,0.20144315,5.372414,0.0088410955,0.0,0.01611401,0.5190443
2927,0.25315538,0.0,0.16446154,5.372416,0.009667313,0.0,0.0128663285,0.51904404
2928,0.4789753,0.0,0.3374799,5.372418,0.009399146,0.0,0.013288785,0.51904374
2929,0.39891833,0.0,0.1393572,5.3724184,0.009867849,0.0,0.015133548,0.51904386
2930,0.6999641,0.0,0.1879315,5.3724194,0.010781652,0.0,0.013971545,0.51904374
2931,0.25286946,0.0,0.24035256,5.3724213,0.008062937,0.0,0.01992709,0.5190436
2932,0.2507931,0.0,0.25874832,5.372421,0.00941806,0.0,0.013570452,0.51904404
2933,0.4222054,0.0,0.1225578,5.37242,0.009596376,0.0,0.014085383,0.5190444
2934,0.21364821,0.0,0.35224608,5.3724174,0.009145601,0.0,0.021349665,0.5190449
2935,0.42574063,0.0,0.1250185,5.372417,0.009473497,0.0,0.015579669,0.5190449
2936,0.2394201,0.0,0.2580432,5.3724165,0.008641254,0.0,0.015684072,0.5190449
2937,0.20810756,0.0,0.2003807,5.372417,0.008660835,0.0,0.012822946,0.51904505
2938,0.3919745,0.0,0.20336951,5.3724184,0.0091244755,0.0,0.015584124,0.5190452
2939,0.25146344,0.0,0.22542329,5.372419,0.008706743,0.0,0.012975535,0.51904535
2940,0.26073113,0.0,0.127515,5.3724184,0.00815963,0.0,0.014017932,0.5190454
2941,0.546416,0.0,0.24697062,5.372418,0.009071108,0.0,0.014523514,0.51904565
2942,0.44658247,0.0,0.30625743,5.3724174,0.008838377,0.0,0.01613145,0.5190457
2943,0.17748015,0.0,0.14481537,5.3724174,0.0097997235,0.0,0.0143920835,0.5190458
2944,0.6178793,0.0,0.10140636,5.3724174,0.008306796,0.0,0.016313381,0.51904607
2945,0.17617504,0.0,0.29575986,5.372418,0.009222638,0.0,0.014198282,0.5190462
2946,0.6392167,0.0,0.28358668,5.3724174,0.0090624485,0.0,0.015270199,0.51904637
2947,0.2474886,0.0,0.17709656,5.372417,0.009466874,0.0,0.015645841,0.5190462
2948,0.86688,0.0,0.21377543,5.3724165,0.010218344,0.0,0.015451012,0.51904684
2949,0.6327776,0.0,0.15464185,5.3724155,0.011437008,0.0,0.017686032,0.51904774
2950,0.4230944,0.0,0.25273618,5.3724146,0.009107498,0.0,0.016780246,0.5190487
2951,0.4341489,0.0,0.15731384,5.3724127,0.006097445,0.0,0.016483882,0.51904947
2952,0.19732866,0.0,0.13256374,5.3724113,0.009396871,0.0,0.013929312,0.51905
2953,0.6253121,0.0,0.33370903,5.372411,0.009993581,0.0,0.01778168,0.51905036
2954,0.67977417,0.0,0.30230004,5.372409,0.00964387,0.0,0.017509362,0.5190509
2955,0.46840453,0.0,0.34100235,5.372409,0.009338092,0.0,0.01529623,0.51905143
2956,0.42177197,0.0,0.13519563,5.372407,0.010013565,0.0,0.014243109,0.519052
2957,0.35204715,0.0,0.24341215,5.372403,0.009133186,0.0,0.01353541,0.5190522
2958,0.3059588,0.0,0.2802489,5.372403,0.009646571,0.0,0.014643589,0.51905274
2959,0.7414987,0.0,0.32630265,5.372402,0.009266527,0.0,0.01947733,0.51905376
2960,0.57147187,0.0,0.15467827,5.3724008,0.009481678,0.0,0.014538594,0.51905483
2961,0.74504673,0.0,0.44710103,5.3723993,0.0102198515,0.0,0.01465347,0.5190557
2962,0.42860222,0.0,0.23942898,5.3723993,0.00915724,0.0,0.017299628,0.51905644
2963,0.8248369,0.0,0.23104376,5.3723993,0.008603162,0.0,0.017161507,0.5190568
2964,0.24794224,0.0,0.1737361,5.372402,0.009191682,0.0,0.016242608,0.5190575
2965,0.35930496,0.0,0.19462776,5.372403,0.010101011,0.0,0.016808055,0.51905835
2966,0.32420826,0.0,0.2687733,5.3724046,0.01042993,0.0,0.016332027,0.51905894
2967,0.27910304,0.0,0.17719184,5.372407,0.008624179,0.0,0.012755612,0.5190598
2968,0.66055477,0.0,0.20955923,5.372408,0.008193212,0.0,0.014900032,0.5190605
2969,0.6390564,0.0,0.24524447,5.3724103,0.009395227,0.0,0.017371224,0.51906115
2970,0.25244915,0.0,0.18079144,5.372411,0.011420567,0.0,0.015018057,0.5190617
2971,0.3548727,0.0,0.1377279,5.3724117,0.0076949066,0.0,0.016766502,0.51906174
2972,0.40979528,0.0,0.20574039,5.3724113,0.008300106,0.0,0.012754382,0.5190616
2973,0.31086287,0.0,0.33080372,5.3724117,0.007845666,0.0,0.016022742,0.5190614
2974,0.25988373,0.0,0.1839564,5.3724136,0.008443599,0.0,0.021246923,0.51906174
2975,0.40812162,0.0,0.15006183,5.3724165,0.0069716484,0.0,0.014014454,0.51906246
2976,0.5545335,0.0,0.1518115,5.372419,0.010357704,0.0,0.01509364,0.51906306
2977,0.3121154,0.0,0.41866446,5.3724213,0.0093886955,0.0,0.018480305,0.5190636
2978,0.60175866,0.0,0.21220958,5.3724236,0.008461395,0.0,0.018150028,0.519064
2979,0.327781,0.0,0.1636447,5.3724275,0.008759151,0.0,0.016076747,0.51906437
2980,0.38610867,0.0,0.46932462,5.372429,0.008989124,0.0,0.014633939,0.51906455
2981,0.4926356,0.0,0.17286602,5.372429,0.0091532385,0.0,0.016768157,0.51906455
2982,0.41955483,0.0,0.12959638,5.372429,0.0097480705,0.0,0.014701868,0.5190647
2983,0.4354675,0.0,0.3392571,5.372428,0.009448767,0.0,0.016611556,0.519065
2984,0.34299782,0.0,0.16934966,5.3724265,0.008576528,0.0,0.014847159,0.5190655
2985,0.30600312,0.0,0.20312268,5.3724246,0.009752889,0.0,0.016312188,0.519066
2986,0.20201932,0.0,0.23120514,5.3724213,0.009952439,0.0,0.013865744,0.51906586
2987,0.37034586,0.0,0.2290545,5.3724165,0.008593873,0.0,0.013361532,0.51906586
2988,0.20971805,0.0,0.1958823,5.372412,0.008219353,0.0,0.012867679,0.5190658
2989,0.32860965,0.0,0.20848596,5.3724074,0.009144455,0.0,0.013199403,0.51906574
2990,0.5099,0.0,0.13880356,5.372401,0.009521289,0.0,0.01391319,0.51906556
2991,0.36081538,0.0,0.36129645,5.372397,0.010118986,0.0,0.01249459,0.5190655
2992,1.0505229,0.0,0.17903858,5.3723907,0.009121492,0.0,0.01883804,0.5190652
2993,0.58849245,0.0,0.4718347,5.3723865,0.011052181,0.0,0.01743031,0.51906496
2994,0.53696316,0.0,0.19568287,5.3723836,0.008640054,0.0,0.0137573825,0.5190649
2995,0.45190606,0.0,0.34067762,5.3723817,0.009505021,0.0,0.014019259,0.51906496
2996,0.6976733,0.0,0.1384283,5.3723783,0.01045658,0.0,0.016956529,0.519065
2997,0.5669273,0.0,0.20767249,5.3723764,0.00801197,0.0,0.0154139185,0.5190649
2998,0.5247482,0.0,0.21324734,5.372373,0.0090914415,0.0,0.01788259,0.5190652
2999,0.5775784,0.0,0.34227133,5.37237,0.0101572,0.0,0.016209511,0.5190655
3000,0.40810752,0.0,0.201353,5.372367,0.009946008,0.0,0.012387244,0.51906526
3001,0.34984356,0.0,0.188489,5.372365,0.00946151,0.0,0.017736956,0.519065
3002,0.39907116,0.0,0.19853781,5.3723626,0.00847229,0.0,0.0142837735,0.519065
3003,0.22129777,0.0,0.1680087,5.3723607,0.009825756,0.0,0.012901696,0.519065
3004,0.54277354,0.0,0.23739068,5.3723574,0.008197883,0.0,0.015697874,0.51906496
3005,0.47351107,0.0,0.20017199,5.372356,0.010695804,0.0,0.014292203,0.5190643
3006,0.61746365,0.0,0.13551125,5.372353,0.007890212,0.0,0.014512945,0.51906383
3007,0.52133423,0.0,0.16877967,5.3723497,0.009226178,0.0,0.016693551,0.5190628
3008,0.24508373,0.0,0.15269068,5.372346,0.010401661,0.0,0.015215123,0.5190619
3009,0.46258765,0.0,0.19278929,5.372344,0.010101004,0.0,0.017783348,0.5190611
3010,0.58392537,0.0,0.2645676,5.3723416,0.012333641,0.0,0.018843064,0.519061
3011,0.47407702,0.0,0.2695991,5.372342,0.010228798,0.0,0.013497584,0.51906204
3012,0.47531924,0.0,0.20185241,5.3723426,0.011883591,0.0,0.015446447,0.5190631
3013,0.41298005,0.0,0.19011539,5.3723426,0.008982031,0.0,0.01731692,0.5190638
3014,0.23671006,0.0,0.30129537,5.3723435,0.0094093345,0.0,0.016374663,0.5190644
3015,0.8810053,0.0,0.22839227,5.372343,0.008256795,0.0,0.014307879,0.5190648
3016,0.4363867,0.0,0.2054263,5.3723416,0.0071801147,0.0,0.012943102,0.5190649
3017,0.5605485,0.0,0.25383416,5.372341,0.0077505494,0.0,0.014266409,0.51906496
3018,0.93180144,0.0,0.25624654,5.372341,0.011331816,0.0,0.016810274,0.5190652
3019,0.74319476,0.0,0.27093858,5.37234,0.010168082,0.0,0.013771442,0.51906574
3020,0.26419297,0.0,0.21953262,5.3723373,0.010686871,0.0,0.01860354,0.51906615
3021,0.31365752,0.0,0.11725251,5.3723345,0.008769196,0.0,0.013825775,0.51906717
3022,0.42193186,0.0,0.24087143,5.3723326,0.009988648,0.0,0.013230712,0.51906806
3023,0.4705698,0.0,0.23298168,5.3723307,0.0078064473,0.0,0.018783128,0.5190688
3024,0.36633098,0.0,0.16080718,5.372329,0.009611322,0.0,0.013090681,0.5190695
3025,0.38483462,0.0,0.27400824,5.372328,0.010659525,0.0,0.015894359,0.51907027
3026,0.3718408,0.0,0.19746296,5.3723254,0.009562706,0.0,0.017274974,0.5190715
3027,0.3967281,0.0,0.29520217,5.372323,0.010040652,0.0,0.014918184,0.51907265
3028,0.43642095,0.0,0.11489944,5.372323,0.00949977,0.0,0.014313464,0.5190738
3029,0.4161079,0.0,0.23217168,5.3723207,0.0078121466,0.0,0.014608242,0.51907474
3030,0.43517768,0.0,0.1907757,5.37232,0.01183244,0.0,0.01574707,0.51907563
3031,0.30831847,0.0,0.20003392,5.3723197,0.009030166,0.0,0.015012925,0.51907665
3032,0.41721585,0.0,0.13057604,5.3723197,0.0099147335,0.0,0.016255787,0.51907766
3033,0.6114493,0.0,0.25090045,5.3723197,0.010319274,0.0,0.013754554,0.5190789
3034,0.4605945,0.0,0.17641349,5.372319,0.008428527,0.0,0.013147761,0.51908
3035,0.64397454,0.0,0.2478622,5.372321,0.007978789,0.0,0.012890567,0.5190809
3036,0.45417073,0.0,0.17175418,5.3723207,0.007457907,0.0,0.01711795,0.51908135
3037,0.3081564,0.0,0.13689312,5.37232,0.009820124,0.0,0.0155669255,0.51908183
3038,0.35046682,0.0,0.23807675,5.3723207,0.008416187,0.0,0.016460543,0.51908153
3039,0.5222616,0.0,0.28982973,5.37232,0.010070117,0.0,0.016488606,0.5190812
3040,0.74526066,0.0,0.20340277,5.372318,0.009551864,0.0,0.01566354,0.5190806
3041,0.24073048,0.0,0.08765154,5.372316,0.0074318033,0.0,0.014340427,0.5190802
3042,0.2741092,0.0,0.25236297,5.3723125,0.011008711,0.0,0.014638038,0.5190799
3043,0.8610684,0.0,0.2549914,5.3723106,0.0086134365,0.0,0.013763462,0.5190804
3044,0.4384968,0.0,0.34319642,5.3723087,0.010006296,0.0,0.01655007,0.5190804
3045,0.3736185,0.0,0.17322384,5.372308,0.009200661,0.0,0.01564068,0.51908016
3046,0.43095914,0.0,0.243364,5.372305,0.010801108,0.0,0.015410971,0.51908
3047,0.37450853,0.0,0.26442525,5.3723035,0.009244658,0.0,0.013890148,0.51907986
3048,0.57990575,0.0,0.17231032,5.3723025,0.0071777706,0.0,0.015203421,0.51907974
3049,0.7268286,0.0,0.45875737,5.3723016,0.0081937965,0.0,0.01389644,0.5190796
3050,0.58552957,0.0,0.20408212,5.372302,0.0101686,0.0,0.015184204,0.5190795
3051,0.36385044,0.0,0.22118291,5.3723025,0.00914141,0.0,0.015170892,0.5190793
3052,0.33682472,0.0,0.1991702,5.3723035,0.011431548,0.0,0.014994448,0.5190793
3053,0.23273805,0.0,0.17159109,5.372303,0.007865687,0.0,0.014778274,0.51907927
3054,0.27026844,0.0,0.17389119,5.3723035,0.010346632,0.0,0.014854098,0.51907897
3055,0.4459573,0.0,0.21218872,5.372303,0.009499978,0.0,0.01625894,0.51907873
3056,0.42969257,0.0,0.12566133,5.3723016,0.008332272,0.0,0.014881896,0.5190783
3057,0.90465945,0.0,0.2184455,5.372301,0.0084585715,0.0,0.012234836,0.5190782
3058,0.48125687,0.0,0.2802746,5.3723,0.009710249,0.0,0.012215889,0.51907796
3059,0.26965615,0.0,0.26766446,5.372298,0.008696501,0.0,0.0131928865,0.5190777
3060,0.16358592,0.0,0.104829915,5.372296,0.008979906,0.0,0.013833841,0.519078
3061,0.24233235,0.0,0.22857663,5.3722944,0.009415565,0.0,0.016677639,0.5190781
3062,0.40365633,0.0,0.14437531,5.372292,0.00983287,0.0,0.015675506,0.51907766
3063,0.40125114,0.0,0.21656553,5.372291,0.0102416705,0.0,0.012884916,0.51907754
3064,0.48539454,0.0,0.2637582,5.372291,0.009483516,0.0,0.01692996,0.5190778
3065,0.26502174,0.0,0.12801352,5.3722906,0.008624728,0.0,0.01737824,0.5190781
3066,0.9567161,0.0,0.2429846,5.3722916,0.007842474,0.0,0.014588485,0.5190792
3067,0.39081675,0.0,0.19084844,5.372291,0.008548048,0.0,0.013393954,0.5190803
3068,0.5001174,0.0,0.12997754,5.372294,0.0077624843,0.0,0.015061809,0.5190818
3069,0.44822034,0.0,0.2799112,5.372295,0.009777701,0.0,0.015022837,0.519083
3070,0.40916973,0.0,0.1830671,5.3722963,0.009088575,0.0,0.016159859,0.51908386
3071,0.37445346,0.0,0.19186576,5.3723,0.010556609,0.0,0.01689587,0.51908463
3072,0.2562354,0.0,0.22736642,5.372304,0.008552475,0.0,0.014350675,0.5190853
3073,0.94010705,0.0,0.20092504,5.3723073,0.009328544,0.0,0.014163772,0.51908624
3074,0.48488572,0.0,0.3501784,5.37231,0.011096288,0.0,0.013371895,0.51908684
3075,0.6341451,0.0,0.14056772,5.372309,0.008553594,0.0,0.015188431,0.51908726
3076,0.2850203,0.0,0.22972581,5.3723087,0.012842076,0.0,0.017880764,0.5190875
3077,0.50557,0.0,0.29637614,5.3723083,0.00893828,0.0,0.014158483,0.5190876
3078,0.6083368,0.0,0.17289066,5.3723063,0.0076151793,0.0,0.015520094,0.5190878
3079,0.30053124,0.0,0.2875798,5.372305,0.009494913,0.0,0.012907543,0.51908803
3080,0.5366608,0.0,0.3414488,5.372306,0.008601392,0.0,0.017217238,0.5190884
3081,0.33701113,0.0,0.32306746,5.3723073,0.008705859,0.0,0.015767762,0.5190891
3082,0.22698888,0.0,0.3918031,5.3723087,0.008242458,0.0,0.015016921,0.5190895
3083,0.27467358,0.0,0.10969334,5.372313,0.008022184,0.0,0.015285545,0.51909
3084,0.46179655,0.0,0.26833344,5.3723164,0.009245503,0.0,0.014375876,0.5190904
3085,0.77538186,0.0,0.14145999,5.3723207,0.009993232,0.0,0.013747261,0.5190905
3086,0.29674795,0.0,0.2719447,5.372325,0.010694365,0.0,0.018583681,0.5190905
3087,0.6901362,0.0,0.39309138,5.3723288,0.009768029,0.0,0.014997766,0.5190904
3088,0.34994915,0.0,0.260689,5.3723345,0.007727204,0.0,0.014510033,0.51909006
3089,0.2831634,0.0,0.22129835,5.372341,0.009456229,0.0,0.015480571,0.5190897
3090,0.28208762,0.0,0.21608256,5.372347,0.0111045735,0.0,0.015945088,0.5190892
3091,0.863203,0.0,0.19092199,5.37235,0.008562485,0.0,0.013743897,0.5190885
3092,0.23322015,0.0,0.367172,5.372352,0.008416387,0.0,0.01471616,0.51908785
3093,0.24436018,0.0,0.2210212,5.372356,0.009758952,0.0,0.019814411,0.5190874
3094,0.32892466,0.0,0.09186789,5.3723583,0.0080505125,0.0,0.0124764275,0.51908684
3095,0.6478862,0.0,0.15145795,5.3723617,0.008683372,0.0,0.01507203,0.51908624
3096,0.3135692,0.0,0.17442851,5.372365,0.008995678,0.0,0.01400982,0.5190859
3097,0.75191456,0.0,0.18461445,5.372368,0.008054227,0.0,0.012358254,0.5190855
3098,0.94971454,0.0,0.13790609,5.37237,0.009242084,0.0,0.015371445,0.51908517
3099,0.7036436,0.0,0.24758387,5.3723707,0.00927108,0.0,0.012255785,0.51908505
3100,0.3793567,0.0,0.20459025,5.372372,0.009308605,0.0,0.017302383,0.51908493
3101,0.6787552,0.0,0.15337853,5.372375,0.009992341,0.0,0.01460669,0.51908505
3102,0.27855057,0.0,0.2076975,5.372377,0.009165754,0.0,0.016682854,0.51908505
3103,0.25718102,0.0,0.16462946,5.372379,0.009912403,0.0,0.015705252,0.5190852
3104,0.5077337,0.0,0.27788806,5.3723803,0.009304141,0.0,0.013406801,0.51908535
3105,0.41881984,0.0,0.16868812,5.372381,0.008781366,0.0,0.014525585,0.51908547
3106,0.33748934,0.0,0.3307605,5.3723817,0.0075837774,0.0,0.013113091,0.5190857
3107,0.36168,0.0,0.21667622,5.3723817,0.009490183,0.0,0.017034633,0.51908594
3108,0.6478116,0.0,0.28580406,5.372382,0.00895143,0.0,0.0133416075,0.5190855
3109,0.96892816,0.0,0.16315946,5.372383,0.008995285,0.0,0.017307071,0.5190849
3110,0.46748066,0.0,0.21447,5.3723845,0.009483314,0.0,0.016572729,0.5190837
3111,0.68274796,0.0,0.22916198,5.3723845,0.00853611,0.0,0.016586145,0.5190828
3112,0.24408934,0.0,0.20196314,5.3723855,0.0091174,0.0,0.014682455,0.5190824
3113,0.34396985,0.0,0.28045323,5.372385,0.008153081,0.0,0.015446428,0.5190824
3114,0.24212691,0.0,0.3157277,5.3723865,0.007365523,0.0,0.018635077,0.5190827
3115,0.55143034,0.0,0.18819474,5.3723874,0.011089669,0.0,0.017912114,0.519084
3116,0.83314764,0.0,0.19669247,5.3723874,0.010387249,0.0,0.013633405,0.51908505
3117,0.4707049,0.0,0.21824713,5.3723874,0.009110306,0.0,0.013568913,0.5190865
3118,0.35711816,0.0,0.334189,5.3723865,0.010158437,0.0,0.015549789,0.51908803
3119,0.44018087,0.0,0.22157605,5.3723855,0.010090794,0.0,0.015601759,0.5190895
3120,0.47705263,0.0,0.2997408,5.3723836,0.011043945,0.0,0.01656433,0.5190909
3121,0.3767472,0.0,0.24238262,5.372382,0.010417552,0.0,0.01726202,0.51909167
3122,0.23133305,0.0,0.3009422,5.3723783,0.00882512,0.0,0.018726533,0.51909256
3123,0.35552233,0.0,0.1502706,5.372375,0.009383006,0.0,0.013817482,0.5190934
3124,0.38253334,0.0,0.13939299,5.3723702,0.010487578,0.0,0.014190543,0.51909393
3125,0.3718436,0.0,0.14181279,5.3723674,0.007635324,0.0,0.017303308,0.51909477
3126,0.35097164,0.0,0.177399,5.3723645,0.0105435895,0.0,0.015959322,0.5190956
3127,0.28915375,0.0,0.32067317,5.3723626,0.010376847,0.0,0.015859215,0.5190963
3128,0.6994819,0.0,0.19410756,5.3723607,0.012630648,0.0,0.015486234,0.5190968
3129,0.40455478,0.0,0.2465844,5.3723598,0.008709565,0.0,0.013917067,0.5190975
3130,0.2928503,0.0,0.17964949,5.3723598,0.0086932955,0.0,0.015556843,0.5190983
3131,0.358641,0.0,0.35421488,5.37236,0.008416073,0.0,0.015008454,0.5190992
3132,0.41592193,0.0,0.15074046,5.37236,0.009458894,0.0,0.014567383,0.5190996
3133,0.34856325,0.0,0.2780066,5.372361,0.00829847,0.0,0.018887086,0.5191002
3134,0.4024332,0.0,0.15767393,5.3723607,0.008124338,0.0,0.015057121,0.51910084
3135,0.3761677,0.0,0.22208774,5.372361,0.009018983,0.0,0.016700514,0.5191015
3136,0.61073554,0.0,0.27237767,5.3723607,0.008165582,0.0,0.016716706,0.51910156
3137,0.37081218,0.0,0.21919778,5.3723598,0.009827157,0.0,0.017156756,0.5191018
3138,0.69519085,0.0,0.24393281,5.372361,0.008568317,0.0,0.01264572,0.5191025
3139,0.3174307,0.0,0.16319577,5.372363,0.009029556,0.0,0.015250365,0.51910263
3140,0.85849994,0.0,0.28478974,5.3723645,0.008149433,0.0,0.014627092,0.5191032
3141,0.19801034,0.0,0.14485331,5.3723645,0.008955142,0.0,0.014620761,0.5191037
3142,0.39719847,0.0,0.25061253,5.3723645,0.008486836,0.0,0.01440144,0.5191044
3143,0.31070244,0.0,0.18579324,5.3723664,0.009678396,0.0,0.015703207,0.5191045
3144,0.23856312,0.0,0.36981052,5.372367,0.009535015,0.0,0.015981292,0.51910496
3145,0.5654788,0.0,0.14362688,5.372365,0.008727856,0.0,0.012746398,0.5191054
3146,0.359988,0.0,0.3893645,5.3723655,0.011559176,0.0,0.016288586,0.51910585
3147,0.280294,0.0,0.14630912,5.3723617,0.009602323,0.0,0.019318722,0.5191058
3148,0.2862392,0.0,0.13216263,5.372359,0.009888746,0.0,0.014722429,0.5191064
3149,0.2482445,0.0,0.26581466,5.3723564,0.008524343,0.0,0.014220513,0.5191067
3150,0.3693105,0.0,0.40600446,5.372356,0.008949387,0.0,0.016693112,0.5191072
3151,0.2405513,0.0,0.35769948,5.3723555,0.009290721,0.0,0.014251474,0.51910836
3152,0.35139337,0.0,0.16712715,5.372356,0.008631162,0.0,0.0116393315,0.51910967
3153,0.17440695,0.0,0.12875856,5.372357,0.009226176,0.0,0.016417842,0.51911044
3154,0.46962216,0.0,0.14857224,5.3723574,0.00894323,0.0,0.015077455,0.5191112
3155,0.3434831,0.0,0.21467562,5.372358,0.008140421,0.0,0.014545047,0.5191123
3156,0.5313309,0.0,0.24353358,5.3723607,0.007922306,0.0,0.014026309,0.519113
3157,0.9030714,0.0,0.23143019,5.37236,0.010401688,0.0,0.013920191,0.5191136
3158,0.43024483,0.0,0.122940265,5.3723607,0.009108666,0.0,0.015349751,0.5191141
3159,0.41068327,0.0,0.2152008,5.37236,0.008150186,0.0,0.013528267,0.5191145
3160,0.4315398,0.0,0.24649607,5.372359,0.009136143,0.0,0.014769252,0.51911473
3161,0.55570847,0.0,0.17234224,5.3723555,0.0075427825,0.0,0.016552508,0.5191151
3162,0.41992164,0.0,0.16732629,5.372352,0.008153639,0.0,0.014668586,0.5191151
3163,0.42865765,0.0,0.37295276,5.37235,0.00971579,0.0,0.012811575,0.5191151
3164,0.38350517,0.0,0.13241178,5.3723493,0.0104278885,0.0,0.018108953,0.5191151
3165,0.38266498,0.0,0.18629268,5.372347,0.008552539,0.0,0.015182422,0.5191152
3166,0.27059105,0.0,0.27097285,5.3723454,0.009930256,0.0,0.015097023,0.5191156
3167,0.4226343,0.0,0.15311216,5.372343,0.009558363,0.0,0.013748613,0.51911604
3168,0.21504678,0.0,0.35184458,5.3723383,0.008385211,0.0,0.016251063,0.5191164
3169,0.25690988,0.0,0.3414975,5.3723383,0.007995319,0.0,0.014070789,0.51911664
3170,0.4472906,0.0,0.1681876,5.3723383,0.009836477,0.0,0.01628843,0.5191168
3171,0.5950616,0.0,0.22957876,5.3723373,0.010343967,0.0,0.015814204,0.5191164
3172,0.6287008,0.0,0.13045825,5.372337,0.009365002,0.0,0.015814995,0.51911587
3173,0.3959969,0.0,0.30388477,5.3723364,0.010375038,0.0,0.016410347,0.51911527
3174,0.29407933,0.0,0.20631231,5.372336,0.01029983,0.0,0.01800702,0.5191155
3175,0.8177166,0.0,0.24038954,5.372335,0.009942253,0.0,0.010992521,0.5191156
3176,0.7634912,0.0,0.20941257,5.372334,0.010943717,0.0,0.015072353,0.5191156
3177,0.2998984,0.0,0.17764121,5.3723326,0.00923892,0.0,0.0157338,0.51911575
3178,0.3392909,0.0,0.34111756,5.3723316,0.011136541,0.0,0.015759876,0.51911616
3179,0.4700951,0.0,0.14858265,5.37233,0.008664012,0.0,0.013671698,0.5191162
3180,0.5986287,0.0,0.27703726,5.3723273,0.01055365,0.0,0.013400942,0.5191159
3181,0.68468916,0.0,0.28081164,5.3723264,0.009630753,0.0,0.017766591,0.5191156
3182,0.38697058,0.0,0.25443688,5.372326,0.008483784,0.0,0.014807232,0.51911545
3183,0.24327387,0.0,0.22842258,5.3723273,0.009281325,0.0,0.01076859,0.5191151
3184,0.3560191,0.0,0.18176337,5.3723283,0.008677059,0.0,0.013268726,0.5191146
3185,0.254726,0.0,0.25863823,5.3723288,0.009668777,0.0,0.012786363,0.519114
3186,0.49857476,0.0,0.19603606,5.3723297,0.009758621,0.0,0.014419939,0.5191134
3187,0.292391,0.0,0.12515327,5.372331,0.009427348,0.0,0.014764863,0.5191128
3188,0.17874017,0.0,0.14159049,5.372331,0.010728849,0.0,0.014169591,0.5191122
3189,0.7817004,0.0,0.20099893,5.3723326,0.010707648,0.0,0.017323302,0.51911175
3190,0.31080872,0.0,0.38534918,5.3723335,0.009379404,0.0,0.017647102,0.51911116
3191,0.40387514,0.0,0.25495106,5.372332,0.011906304,0.0,0.017040381,0.519111
3192,0.22948135,0.0,0.21868132,5.3723316,0.009187762,0.0,0.012088657,0.51911026
3193,0.36838293,0.0,0.2763913,5.37233,0.008039907,0.0,0.016136177,0.51910996
3194,0.773444,0.0,0.11146184,5.372329,0.008772722,0.0,0.018323787,0.5191099
3195,0.4949778,0.0,0.17579453,5.372328,0.009652576,0.0,0.014053252,0.5191099
3196,0.4738582,0.0,0.14563745,5.372325,0.0086830845,0.0,0.017153624,0.51911
3197,0.74959457,0.0,0.495165,5.3723226,0.009067073,0.0,0.013977752,0.5191108
3198,0.30003327,0.0,0.110589236,5.3723283,0.008519738,0.0,0.017500287,0.5191118
3199,0.53614134,0.0,0.29958275,5.3723326,0.009704871,0.0,0.013811041,0.5191129
3200,0.5377964,0.0,0.28454006,5.372334,0.009260692,0.0,0.014060666,0.5191145
3201,0.20508273,0.0,0.17394494,5.372336,0.0086674355,0.0,0.014804066,0.51911616
3202,0.3116049,0.0,0.49646723,5.3723373,0.010230795,0.0,0.017408159,0.5191176
3203,0.6322924,0.0,0.37401092,5.3723416,0.009848934,0.0,0.0146546075,0.5191191
3204,0.4569154,0.0,0.21963501,5.3723464,0.008950478,0.0,0.015202751,0.51912045
3205,0.6797574,0.0,0.3862024,5.3723526,0.010981775,0.0,0.015988857,0.5191224
3206,0.26637274,0.0,0.30851582,5.3723626,0.009835738,0.0,0.01826053,0.5191241
3207,0.45073223,0.0,0.14122644,5.3723736,0.009965665,0.0,0.01636395,0.5191261
3208,0.29394782,0.0,0.25983393,5.3723855,0.008542605,0.0,0.013803242,0.5191277
3209,0.31448922,0.0,0.50339645,5.3723965,0.008126587,0.0,0.0120886145,0.51912904
3210,0.41132194,0.0,0.19821507,5.372407,0.008367956,0.0,0.016452206,0.5191303
3211,0.27049464,0.0,0.15554702,5.3724146,0.007800881,0.0,0.014384779,0.51913106
3212,0.68900347,0.0,0.2146954,5.3724213,0.00949039,0.0,0.02105332,0.51913166
3213,0.37210163,0.0,0.39530402,5.37243,0.009617279,0.0,0.016881092,0.5191331
3214,0.2573656,0.0,0.20472892,5.372437,0.009167379,0.0,0.014007414,0.5191343
3215,0.34670612,0.0,0.18702486,5.372442,0.009804996,0.0,0.013588436,0.51913536
3216,0.6538992,0.0,0.2796921,5.3724465,0.010633839,0.0,0.017912203,0.519136
3217,0.2642975,0.0,0.43003026,5.3724513,0.00953417,0.0,0.015889553,0.5191363
3218,0.7118983,0.0,0.1840544,5.3724566,0.009130688,0.0,0.017913347,0.51913685
3219,1.157955,0.0,0.1675749,5.3724604,0.007643552,0.0,0.016565425,0.51913685
3220,0.32234475,0.0,0.110875435,5.372466,0.009639854,0.0,0.014390718,0.5191365
3221,0.29433885,0.0,0.22412907,5.372471,0.010213378,0.0,0.018222626,0.51913625
3222,0.6111494,0.0,0.25556132,5.372477,0.008191761,0.0,0.012985748,0.5191365
3223,0.41465622,0.0,0.2619442,5.3724837,0.010329175,0.0,0.01442213,0.51913685
3224,0.3600568,0.0,0.18411642,5.372491,0.011213902,0.0,0.016269125,0.51913697
3225,0.9943699,0.0,0.14505811,5.372497,0.009176923,0.0,0.015553882,0.519137
3226,0.3287113,0.0,0.29591578,5.3725033,0.011420642,0.0,0.014544446,0.51913726
3227,0.49993092,0.0,0.14454359,5.372508,0.008792222,0.0,0.013120106,0.519138
3228,0.1923229,0.0,0.2443653,5.3725123,0.011193904,0.0,0.01964558,0.51913846
3229,0.4203506,0.0,0.24217589,5.3725166,0.009669232,0.0,0.016310927,0.5191389
3230,0.5869921,0.0,0.25087547,5.372521,0.009933155,0.0,0.01930955,0.51913875
3231,0.31089473,0.0,0.46446303,5.3725247,0.0092867315,0.0,0.01620439,0.5191392
3232,0.52414197,0.0,0.25275618,5.37253,0.008888122,0.0,0.013975738,0.51913977
3233,0.4579268,0.0,0.25815085,5.3725343,0.010925411,0.0,0.013966884,0.5191401
3234,0.4847256,0.0,0.23690477,5.3725386,0.0074331914,0.0,0.015215308,0.51914054
3235,0.3288065,0.0,0.28840098,5.372541,0.009162197,0.0,0.014237554,0.51914084
3236,0.6285904,0.0,0.2200322,5.372543,0.00995546,0.0,0.016646333,0.51914096
3237,0.3893393,0.0,0.22196245,5.372545,0.009770954,0.0,0.016380765,0.5191415
3238,0.4692019,0.0,0.288116,5.372547,0.008341505,0.0,0.01368108,0.51914203
3239,0.4168025,0.0,0.16885209,5.372547,0.0104859965,0.0,0.015481748,0.5191423
3240,0.31501558,0.0,0.22035609,5.3725476,0.009702845,0.0,0.013287171,0.5191427
3241,0.7939682,0.0,0.2754648,5.372548,0.009271603,0.0,0.013813627,0.51914257
3242,0.2522134,0.0,0.32238755,5.372551,0.009145352,0.0,0.015644653,0.51914245
3243,0.5369039,0.0,0.18072028,5.372553,0.010355083,0.0,0.01603789,0.5191422
3244,0.48854712,0.0,0.22320768,5.3725543,0.0082261,0.0,0.013678709,0.519142
3245,0.48115635,0.0,0.21785562,5.372555,0.008959687,0.0,0.017555883,0.51914185
3246,0.34742746,0.0,0.33681917,5.3725533,0.007481208,0.0,0.014436741,0.5191423
3247,0.3446752,0.0,0.20612128,5.372554,0.011779079,0.0,0.012642654,0.5191427
3248,0.2297536,0.0,0.35711116,5.372554,0.008662145,0.0,0.015384881,0.51914275
3249,0.21745892,0.0,0.18674877,5.372556,0.010618107,0.0,0.01722401,0.51914287
3250,0.26192927,0.0,0.34320435,5.3725576,0.007961128,0.0,0.0127220545,0.5191431
3251,0.4800032,0.0,0.23175377,5.3725576,0.01055107,0.0,0.015167007,0.51914316
3252,0.41093227,0.0,0.2799997,5.372556,0.010792426,0.0,0.018292958,0.51914304
3253,0.41793898,0.0,0.19354174,5.372556,0.008695195,0.0,0.017221807,0.5191427
3254,0.39187813,0.0,0.3607961,5.372556,0.008431531,0.0,0.015808415,0.5191425
3255,0.6447407,0.0,0.20542502,5.372556,0.009375168,0.0,0.021834873,0.51914257
3256,0.53779775,0.0,0.26628166,5.3725567,0.009111492,0.0,0.015043376,0.5191429
3257,0.526921,0.0,0.20390303,5.3725576,0.008864115,0.0,0.014833105,0.5191435
3258,0.4359534,0.0,0.18099578,5.372557,0.009866794,0.0,0.01541933,0.519144
3259,0.44528547,0.0,0.4657622,5.372559,0.008889409,0.0,0.014363763,0.51914454
3260,0.80370116,0.0,0.18413325,5.372561,0.009678507,0.0,0.012890344,0.51914465
3261,0.23394445,0.0,0.28001374,5.3725634,0.007142656,0.0,0.014136627,0.51914495
3262,0.7215625,0.0,0.16703162,5.3725643,0.009710407,0.0,0.016068427,0.5191453
3263,0.494812,0.0,0.11767883,5.3725643,0.009617048,0.0,0.01647767,0.51914567
3264,0.29390958,0.0,0.11827772,5.372564,0.007998422,0.0,0.01675792,0.51914567
3265,0.48777917,0.0,0.3570671,5.3725634,0.007866954,0.0,0.016660115,0.51914555
3266,0.38435513,0.0,0.22904104,5.372564,0.010533895,0.0,0.012977509,0.51914495
3267,0.66546184,0.0,0.19001637,5.372565,0.008453203,0.0,0.01618704,0.519144
3268,0.6772156,0.0,0.20619275,5.3725653,0.009097505,0.0,0.016190892,0.51914334
3269,0.28913003,0.0,0.13155566,5.372566,0.008810459,0.0,0.01468124,0.51914287
3270,0.3096334,0.0,0.097027406,5.3725657,0.0076495428,0.0,0.013890945,0.5191425
3271,0.36061645,0.0,0.15752083,5.3725667,0.010360668,0.0,0.01764001,0.5191423
3272,0.36744034,0.0,0.17942768,5.372566,0.010452696,0.0,0.0134715,0.5191427
3273,0.27005622,0.0,0.1483886,5.3725657,0.008432191,0.0,0.015948176,0.51914287
3274,0.30952123,0.0,0.16927674,5.3725657,0.008822625,0.0,0.016845185,0.51914346
3275,0.5381688,0.0,0.29197204,5.372566,0.009140139,0.0,0.014292163,0.5191447
3276,0.23410068,0.0,0.17576449,5.3725643,0.008221524,0.0,0.011721718,0.5191459
3277,0.48408973,0.0,0.2620795,5.372563,0.010021312,0.0,0.019048847,0.519147
3278,0.26530454,0.0,0.13829121,5.3725605,0.008426772,0.0,0.015413799,0.5191475
3279,1.0611585,0.0,0.43692058,5.372558,0.008610208,0.0,0.011952362,0.5191482
3280,0.560814,0.0,0.30831203,5.3725605,0.009275999,0.0,0.018475208,0.5191485
3281,0.45291698,0.0,0.29471913,5.37256,0.009531441,0.0,0.015255206,0.5191492
3282,0.27751347,0.0,0.16765532,5.37256,0.012324655,0.0,0.013219025,0.51915
3283,0.32339707,0.0,0.10318212,5.3725595,0.009173793,0.0,0.0149474945,0.51915056
3284,0.522348,0.0,0.19475575,5.372558,0.009278387,0.0,0.015638165,0.51915103
3285,1.0077538,0.0,0.12138543,5.372557,0.010065092,0.0,0.013820188,0.5191516
3286,0.5940324,0.0,0.18995279,5.372556,0.008761699,0.0,0.017272621,0.519152
3287,0.44361398,0.0,0.22795728,5.3725533,0.007386308,0.0,0.014765971,0.51915264
3288,0.6078071,0.0,0.20096564,5.372553,0.008493718,0.0,0.014473241,0.51915306
3289,0.31753233,0.0,0.18467037,5.3725495,0.00745055,0.0,0.017333996,0.5191537
3290,0.667786,0.0,0.20300181,5.3725486,0.00875852,0.0,0.015588862,0.51915413
3291,0.29155806,0.0,0.21224047,5.3725486,0.01013533,0.0,0.013480353,0.51915455
3292,0.28659546,0.0,0.25855368,5.372551,0.008351536,0.0,0.013844685,0.5191548
3293,0.4838747,0.0,0.22628549,5.3725524,0.00801831,0.0,0.01517348,0.5191548
3294,0.604049,0.0,0.30727795,5.372556,0.0064359424,0.0,0.019551162,0.5191551
3295,0.5218975,0.0,0.18034208,5.3725586,0.009710977,0.0,0.01552809,0.51915544
3296,0.32496452,0.0,0.19090042,5.3725615,0.009650631,0.0,0.0130201485,0.51915556
3297,0.35820714,0.0,0.36061752,5.3725634,0.010200456,0.0,0.014238972,0.51915574
3298,0.3927848,0.0,0.22234339,5.3725643,0.007168199,0.0,0.017860819,0.51915586
3299,0.70627415,0.0,0.17409424,5.372563,0.0109788375,0.0,0.0143222315,0.5191559
3300,0.51864284,0.0,0.12364342,5.3725605,0.007647813,0.0,0.011451406,0.5191557
3301,0.37050164,0.0,0.20008448,5.372557,0.009811714,0.0,0.014472532,0.51915544
3302,0.4243023,0.0,0.2887445,5.3725553,0.009301547,0.0,0.017690968,0.51915544
3303,0.40052298,0.0,0.18558685,5.372551,0.009440899,0.0,0.013775242,0.5191554
3304,0.40359017,0.0,0.22374041,5.37255,0.008959293,0.0,0.016398946,0.51915526
3305,0.2939312,0.0,0.24857467,5.3725457,0.007900222,0.0,0.01613768,0.5191555
3306,0.50454664,0.0,0.1786871,5.372543,0.007808408,0.0,0.0130966185,0.5191557
3307,0.4238011,0.0,0.3378244,5.372539,0.010536463,0.0,0.016682357,0.51915586
3308,0.3787809,0.0,0.22969016,5.3725348,0.008309758,0.0,0.0149626,0.51915675
3309,0.23844595,0.0,0.11487507,5.3725314,0.0073753647,0.0,0.01488295,0.5191573
3310,0.2891867,0.0,0.20810167,5.3725295,0.008701726,0.0,0.015374247,0.51915777
3311,0.3162465,0.0,0.1422046,5.3725295,0.0074535357,0.0,0.013428123,0.519158
3312,0.6137602,0.0,0.22171357,5.372529,0.009864694,0.0,0.020003235,0.5191585
3313,0.24893528,0.0,0.23442157,5.37253,0.008328002,0.0,0.014326812,0.5191594
3314,0.5002629,0.0,0.2709644,5.3725314,0.009195937,0.0,0.011395625,0.5191603
3315,0.3560349,0.0,0.23690441,5.3725333,0.006742901,0.0,0.016275397,0.5191608
3316,0.29840568,0.0,0.2552471,5.372536,0.0116540305,0.0,0.016649155,0.5191609
3317,0.62308127,0.0,0.23343164,5.3725395,0.009624258,0.0,0.013993029,0.5191611
3318,0.6191828,0.0,0.14984931,5.3725414,0.007820942,0.0,0.01465371,0.51916105
3319,0.4538822,0.0,0.24996795,5.3725433,0.008477469,0.0,0.014270995,0.51916087
3320,0.21966192,0.0,0.10679311,5.3725424,0.008361041,0.0,0.017219301,0.5191612
3321,0.5049159,0.0,0.19390243,5.3725414,0.008943538,0.0,0.017654123,0.5191612
3322,0.42006472,0.0,0.15335038,5.3725405,0.010234743,0.0,0.017298022,0.5191606
3323,0.26143104,0.0,0.18500714,5.3725386,0.010442292,0.0,0.016924247,0.5191601
3324,0.7548201,0.0,0.20629065,5.372538,0.009666006,0.0,0.014351897,0.5191596
3325,0.25459257,0.0,0.1572489,5.3725386,0.010048673,0.0,0.017356377,0.5191591
3326,0.49288768,0.0,0.2919043,5.372537,0.010022697,0.0,0.014737381,0.51915866
3327,0.36399868,0.0,0.21247941,5.372536,0.009310673,0.0,0.015034457,0.51915836
3328,0.34522447,0.0,0.1762306,5.3725348,0.011205761,0.0,0.01627538,0.519158
3329,0.2729086,0.0,0.17957339,5.3725324,0.0075555877,0.0,0.013817678,0.51915807
3330,0.2352805,0.0,0.35536626,5.372531,0.0069432207,0.0,0.013122332,0.519158
3331,0.8322179,0.0,0.18349701,5.372529,0.010447886,0.0,0.014990588,0.5191578
3332,0.4024479,0.0,0.07888592,5.372525,0.00846767,0.0,0.016283184,0.5191574
3333,0.77017236,0.0,0.3594966,5.372523,0.011505853,0.0,0.016797062,0.519157
3334,0.43225288,0.0,0.17655642,5.3725185,0.009545828,0.0,0.0131361345,0.51915646
3335,0.32594842,0.0,0.16127142,5.372515,0.008000548,0.0,0.016662035,0.5191558
3336,0.3703968,0.0,0.20936272,5.372512,0.009140152,0.0,0.01608674,0.5191555
3337,0.2517771,0.0,0.18633343,5.372509,0.008349279,0.0,0.01584601,0.51915544
3338,0.35238913,0.0,0.4138075,5.372506,0.009947177,0.0,0.015364932,0.51915544
3339,0.34396163,0.0,0.116010934,5.372505,0.0084813,0.0,0.015526179,0.51915514
3340,0.42200065,0.0,0.22790416,5.3725057,0.009355826,0.0,0.015132303,0.51915467
3341,0.45881182,0.0,0.23933204,5.3725057,0.007596722,0.0,0.011374551,0.5191543
3342,0.37730798,0.0,0.19521011,5.3725066,0.0090417005,0.0,0.02037216,0.5191538
3343,0.30867124,0.0,0.22896253,5.3725066,0.008151061,0.0,0.01866489,0.51915354
3344,0.5606331,0.0,0.13537464,5.372508,0.009477178,0.0,0.015949745,0.5191534
3345,0.35329464,0.0,0.19585834,5.372509,0.0093476735,0.0,0.01381965,0.51915324
3346,0.28765017,0.0,0.26958835,5.372511,0.008787322,0.0,0.013423076,0.5191533
3347,0.45414528,0.0,0.27497855,5.3725123,0.009535168,0.0,0.01422991,0.51915365
3348,0.4078195,0.0,0.21603444,5.372516,0.008248845,0.0,0.016438555,0.51915395
3349,0.37102276,0.0,0.23561303,5.3725176,0.010695654,0.0,0.016492702,0.5191543
3350,0.3044639,0.0,0.20877455,5.3725185,0.009420565,0.0,0.01838663,0.51915497
3351,0.67707014,0.0,0.2136827,5.372523,0.008786674,0.0,0.014525154,0.5191557
3352,0.41259953,0.0,0.21676111,5.3725266,0.009297806,0.0,0.013701278,0.51915646
3353,0.4754773,0.0,0.2796583,5.372529,0.009164289,0.0,0.013632464,0.51915735
3354,0.21690352,0.0,0.19625817,5.372531,0.010045712,0.0,0.015332599,0.51915824
3355,0.28001606,0.0,0.1622692,5.372534,0.009437387,0.0,0.014225121,0.5191592
3356,0.8811745,0.0,0.17889008,5.372536,0.00863521,0.0,0.017940467,0.51916033
3357,0.40968192,0.0,0.2001323,5.3725386,0.008800482,0.0,0.014537011,0.51916164
3358,0.35107347,0.0,0.18429841,5.37254,0.009958014,0.0,0.014794419,0.5191631
3359,0.34421477,0.0,0.1595427,5.372541,0.008714002,0.0,0.02282507,0.51916444
3360,0.31526238,0.0,0.24663223,5.3725414,0.008524269,0.0,0.013318996,0.5191652
3361,0.84419817,0.0,0.32714835,5.372546,0.00955503,0.0,0.016136942,0.5191659
3362,0.27615234,0.0,0.21999751,5.372552,0.00813063,0.0,0.013921246,0.5191668
3363,0.5416554,0.0,0.2620144,5.3725586,0.008884362,0.0,0.013599569,0.5191671
3364,0.5464151,0.0,0.15165056,5.3725643,0.00829245,0.0,0.016954277,0.51916736
3365,0.4212626,0.0,0.20850281,5.3725677,0.0077435663,0.0,0.01402166,0.5191667
3366,0.3351926,0.0,0.15737794,5.37257,0.008735319,0.0,0.013530572,0.519166
3367,0.6900469,0.0,0.23962025,5.3725734,0.008674052,0.0,0.013680924,0.5191651
3368,0.293767,0.0,0.1629234,5.3725758,0.008320835,0.0,0.01644036,0.5191643
3369,0.38244122,0.0,0.12010758,5.3725767,0.009791831,0.0,0.015320279,0.5191634
3370,0.4131392,0.0,0.12022384,5.3725777,0.0098607205,0.0,0.016850242,0.5191628
3371,0.54201394,0.0,0.18150197,5.372578,0.009283954,0.0,0.016214443,0.51916206
3372,0.28101414,0.0,0.1653864,5.372578,0.0078975,0.0,0.014907067,0.5191614
3373,0.5245072,0.0,0.19945437,5.372577,0.009564242,0.0,0.011931416,0.5191606
3374,0.40315223,0.0,0.34431547,5.372575,0.010551832,0.0,0.012080419,0.5191599
3375,0.2970732,0.0,0.23007698,5.3725734,0.009884301,0.0,0.014344018,0.5191591
3376,0.4383764,0.0,0.24071097,5.37257,0.00790049,0.0,0.015442653,0.51915824
3377,0.5763547,0.0,0.21436463,5.372569,0.009090952,0.0,0.011928169,0.5191576
3378,0.33061692,0.0,0.17670038,5.372568,0.008742817,0.0,0.016107423,0.5191569
3379,0.33503515,0.0,0.16390681,5.3725667,0.009731625,0.0,0.016680969,0.5191564
3380,0.5591828,0.0,0.19571212,5.372565,0.010315147,0.0,0.013024736,0.5191558
3381,0.48193276,0.0,0.16276768,5.372562,0.009651603,0.0,0.017040364,0.51915544
3382,0.3548077,0.0,0.17215915,5.3725586,0.008452524,0.0,0.014746098,0.5191554
3383,0.86119676,0.0,0.14622492,5.3725553,0.008450506,0.0,0.012733918,0.5191557
3384,0.5403221,0.0,0.15814689,5.372551,0.008855149,0.0,0.014161782,0.51915604
3385,0.40590546,0.0,0.45667887,5.372546,0.008074222,0.0,0.016251478,0.51915675
3386,0.24420223,0.0,0.20419061,5.3725414,0.008580547,0.0,0.014807623,0.5191574
3387,0.41116604,0.0,0.33746076,5.3725367,0.009563381,0.0,0.016659286,0.5191581
3388,0.15490715,0.0,0.2654275,5.3725343,0.009870294,0.0,0.01840989,0.51915866
3389,0.56082714,0.0,0.10985143,5.372535,0.0087114405,0.0,0.016079996,0.51915854
3390,0.4817541,0.0,0.1881103,5.372536,0.009511827,0.0,0.01664806,0.51915824
3391,0.2637046,0.0,0.1555019,5.3725376,0.011753837,0.0,0.016596187,0.51915824
3392,0.39042398,0.0,0.12960081,5.3725405,0.008517917,0.0,0.017839095,0.5191579
3393,0.33241445,0.0,0.30886376,5.3725414,0.0089712925,0.0,0.015176691,0.5191576
3394,0.78721493,0.0,0.11574994,5.372546,0.008685005,0.0,0.013408419,0.5191574
3395,0.46706802,0.0,0.25392237,5.372549,0.008872956,0.0,0.014380226,0.51915765
3396,0.7418054,0.0,0.2087902,5.372553,0.008403674,0.0,0.017545782,0.5191581
3397,0.23852077,0.0,0.15688623,5.372556,0.009384674,0.0,0.014856935,0.51915807
3398,0.4525771,0.0,0.17881413,5.3725586,0.0073659234,0.0,0.01994865,0.519158
3399,0.47040617,0.0,0.1363853,5.3725586,0.008445913,0.0,0.015240849,0.51915854
3400,0.46520615,0.0,0.1383152,5.372559,0.0095744245,0.0,0.013893079,0.5191588
3401,0.30289203,0.0,0.19536069,5.372559,0.0094667105,0.0,0.014187203,0.5191594
3402,0.26337478,0.0,0.16071716,5.3725576,0.007650718,0.0,0.016820708,0.51916015
3403,0.37301803,0.0,0.19153732,5.3725557,0.00884078,0.0,0.011729277,0.5191609
3404,0.2680527,0.0,0.2970282,5.3725533,0.0077371886,0.0,0.016167162,0.5191614
3405,0.2311152,0.0,0.1697639,5.37255,0.008685702,0.0,0.016692627,0.51916164
3406,0.27936894,0.0,0.16623344,5.372546,0.0085939355,0.0,0.013870787,0.5191617
3407,0.5255444,0.0,0.20511796,5.372543,0.009110911,0.0,0.01444312,0.51916194
3408,0.5966746,0.0,0.1734914,5.3725395,0.008438512,0.0,0.014629036,0.5191617
3409,0.40971652,0.0,0.22638978,5.372536,0.009683281,0.0,0.01390712,0.51916116
3410,0.21126498,0.0,0.16553232,5.372531,0.009742041,0.0,0.0113427965,0.51916033
3411,0.30689082,0.0,0.14045976,5.3725266,0.008068878,0.0,0.017555147,0.51915944
3412,0.4500264,0.0,0.17935953,5.372522,0.011224101,0.0,0.015488389,0.5191591
3413,0.23596592,0.0,0.1405286,5.37252,0.0103042545,0.0,0.015057996,0.5191584
3414,0.43930686,0.0,0.17868742,5.3725166,0.008881185,0.0,0.0130715035,0.5191581
3415,0.54237837,0.0,0.1880472,5.372514,0.009849749,0.0,0.018731441,0.519158
3416,0.56431466,0.0,0.23218688,5.3725114,0.007953669,0.0,0.01621614,0.51915807
3417,0.2999621,0.0,0.14902495,5.372508,0.0091356225,0.0,0.014631321,0.5191579
3418,0.207773,0.0,0.17221484,5.372506,0.012098624,0.0,0.013631163,0.5191576
3419,0.72395194,0.0,0.1635622,5.372503,0.010051377,0.0,0.016403018,0.519157
3420,0.3005617,0.0,0.2452915,5.3724995,0.010732801,0.0,0.0141325705,0.5191565
3421,0.2794306,0.0,0.20072637,5.372495,0.009367073,0.0,0.017154716,0.51915586
3422,0.5978364,0.0,0.21503474,5.3724904,0.009132571,0.0,0.011895387,0.51915544
3423,0.33359483,0.0,0.2991822,5.372486,0.00943468,0.0,0.017105786,0.51915514
3424,0.3973174,0.0,0.15043306,5.3724856,0.00888855,0.0,0.016518403,0.5191552
3425,0.4166304,0.0,0.20671657,5.372484,0.008933282,0.0,0.018179944,0.5191547
3426,0.62557596,0.0,0.23809017,5.372481,0.010118981,0.0,0.015593316,0.5191549
3427,0.6549026,0.0,0.20887272,5.372479,0.0077209645,0.0,0.017480852,0.5191552
3428,0.40688908,0.0,0.22867908,5.3724756,0.00980655,0.0,0.01253729,0.519156
3429,0.87702066,0.0,0.23862743,5.3724732,0.009470731,0.0,0.01631514,0.5191567
3430,0.18745483,0.0,0.12929483,5.372472,0.0076605617,0.0,0.01571188,0.5191577
3431,0.37555638,0.0,0.20622437,5.3724704,0.010242334,0.0,0.018224811,0.5191581
3432,0.55635417,0.0,0.3134852,5.37247,0.0098623745,0.0,0.015122844,0.51915896
3433,0.46462458,0.0,0.19082783,5.37247,0.0097330855,0.0,0.01569299,0.5191596
3434,0.29195276,0.0,0.11852902,5.372469,0.0124490205,0.0,0.018546246,0.5191601
3435,0.58895826,0.0,0.12437277,5.3724675,0.008597894,0.0,0.015626885,0.51916015
3436,0.3564328,0.0,0.22121695,5.3724666,0.009484259,0.0,0.01754677,0.51916003
3437,0.8154373,0.0,0.3546155,5.372465,0.0071687833,0.0,0.013528878,0.5191601
3438,0.4211126,0.0,0.22177838,5.3724627,0.009065409,0.0,0.01513922,0.51916
3439,0.44950485,0.0,0.18349834,5.3724613,0.009413053,0.0,0.015346014,0.5191604
3440,0.39452296,0.0,0.1932733,5.3724623,0.010952743,0.0,0.016521253,0.5191604
3441,0.47955704,0.0,0.35889474,5.3724623,0.010776275,0.0,0.017010927,0.5191603
3442,0.4732215,0.0,0.122386694,5.3724623,0.012856764,0.0,0.017951632,0.51916015
3443,0.28908283,0.0,0.14893116,5.3724623,0.008090201,0.0,0.015244674,0.51916033
3444,0.35753757,0.0,0.2282044,5.372461,0.008132909,0.0,0.015361086,0.51916045
3445,0.6695789,0.0,0.23517977,5.3724585,0.007969583,0.0,0.0149223935,0.51916045
3446,0.42687592,0.0,0.1707614,5.372458,0.013139061,0.0,0.015153873,0.51916045
3447,0.47349724,0.0,0.13944802,5.372456,0.008956384,0.0,0.012007006,0.5191611
3448,0.65036225,0.0,0.47413343,5.3724546,0.008987386,0.0,0.015469331,0.5191614
3449,0.38437834,0.0,0.110367805,5.3724556,0.00759148,0.0,0.017153328,0.5191625
3450,0.42392063,0.0,0.16525342,5.372456,0.009996723,0.0,0.013649471,0.5191632
3451,0.3017385,0.0,0.21233974,5.3724556,0.010227534,0.0,0.017652888,0.5191642
3452,0.19198453,0.0,0.15469751,5.372456,0.008551626,0.0,0.015553955,0.5191652
3453,0.40780458,0.0,0.2222538,5.372456,0.00929543,0.0,0.011786045,0.51916647
3454,0.50967324,0.0,0.11461422,5.3724556,0.008653521,0.0,0.014907611,0.5191671
3455,0.6414188,0.0,0.224928,5.3724556,0.010541362,0.0,0.014718087,0.5191677
3456,0.27511674,0.0,0.21367632,5.3724556,0.008068813,0.0,0.012696285,0.5191676
3457,0.55007845,0.0,0.5908101,5.3724546,0.008659007,0.0,0.014776327,0.51916784
3458,0.34609392,0.0,0.13594462,5.3724556,0.010401822,0.0,0.014094854,0.5191679
3459,0.31055698,0.0,0.31231445,5.372456,0.008241612,0.0,0.016388288,0.51916796
3460,0.41412127,0.0,0.2812976,5.372458,0.008467235,0.0,0.0149267195,0.51916766
3461,0.3451163,0.0,0.28144753,5.3724637,0.007813356,0.0,0.012158721,0.51916707
3462,0.24183767,0.0,0.24739546,5.372468,0.009496462,0.0,0.0129606025,0.5191663
3463,0.30675533,0.0,0.19954176,5.3724713,0.010023727,0.0,0.0133595215,0.51916534
3464,0.23981656,0.0,0.15152691,5.372474,0.010990766,0.0,0.013293366,0.5191646
3465,0.24778461,0.0,0.24376562,5.372476,0.010756125,0.0,0.016910817,0.5191636
3466,0.64475083,0.0,0.31215456,5.3724785,0.0076636304,0.0,0.013970548,0.51916325
3467,0.5702049,0.0,0.1907495,5.372479,0.008527798,0.0,0.014966223,0.51916313
3468,0.3215772,0.0,0.24984547,5.3724813,0.009177036,0.0,0.011365528,0.5191636
3469,0.22036816,0.0,0.22388959,5.3724833,0.008439589,0.0,0.017149929,0.519164
3470,0.37533313,0.0,0.13149376,5.372486,0.010895648,0.0,0.016421333,0.5191648
3471,0.6063438,0.0,0.3521581,5.3724875,0.008408788,0.0,0.012999029,0.5191654
3472,0.55385166,0.0,0.18591113,5.372488,0.0103415,0.0,0.013268825,0.51916564
3473,0.4366353,0.0,0.28439343,5.3724875,0.00996974,0.0,0.013680401,0.5191654
3474,0.7644149,0.0,0.20139492,5.3724895,0.008094102,0.0,0.012327698,0.5191654
3475,0.30434397,0.0,0.30900744,5.3724923,0.008669365,0.0,0.01605152,0.5191652
3476,0.33579192,0.0,0.2439965,5.3724947,0.0074111684,0.0,0.01865238,0.51916516
3477,0.37772635,0.0,0.16205902,5.372497,0.010622444,0.0,0.013216229,0.5191649
3478,0.710137,0.0,0.18237975,5.3724985,0.010239658,0.0,0.015448576,0.5191648
3479,0.35324338,0.0,0.44180432,5.3724995,0.011896042,0.0,0.016476072,0.5191654
3480,0.21620867,0.0,0.30611736,5.3724985,0.012476527,0.0,0.016151534,0.51916593
3481,0.54325587,0.0,0.18722713,5.372499,0.009219516,0.0,0.01568534,0.5191663
3482,0.48240957,0.0,0.17756285,5.372499,0.00697178,0.0,0.013352495,0.5191662
3483,0.6556933,0.0,0.23032056,5.372498,0.009596717,0.0,0.01988787,0.51916605
3484,0.5495561,0.0,0.15754414,5.3724976,0.009976126,0.0,0.011327547,0.5191663
3485,0.389557,0.0,0.24522573,5.3724966,0.009308468,0.0,0.015270386,0.51916695
3486,0.18255226,0.0,0.25422505,5.372497,0.008288796,0.0,0.011699865,0.5191675
3487,0.47726312,0.0,0.22194241,5.372497,0.010039885,0.0,0.014085085,0.5191685
3488,0.45163915,0.0,0.21925779,5.3724995,0.0077989423,0.0,0.0145462155,0.5191691
3489,0.47847944,0.0,0.20010729,5.3725014,0.00864131,0.0,0.013463038,0.5191696
3490,0.65385693,0.0,0.15862267,5.3725014,0.009764007,0.0,0.013997253,0.5191706
3491,0.5316759,0.0,0.20375435,5.372503,0.008123001,0.0,0.01610448,0.5191712
3492,0.46045977,0.0,0.12869245,5.3725038,0.009392803,0.0,0.015057335,0.5191714
3493,0.4639697,0.0,0.22651026,5.3725057,0.009220835,0.0,0.018057203,0.5191713
3494,0.33648348,0.0,0.19723932,5.3725085,0.0077633075,0.0,0.01343331,0.5191711
3495,0.27895394,0.0,0.22201231,5.3725104,0.008382686,0.0,0.01288168,0.51917076
3496,0.30216438,0.0,0.14991096,5.3725142,0.007839084,0.0,0.016979381,0.51917064
3497,0.28438568,0.0,0.36851105,5.3725176,0.010736157,0.0,0.014393066,0.5191705
3498,0.5046862,0.0,0.21286418,5.3725224,0.008961475,0.0,0.016407866,0.51917017
3499,0.39475223,0.0,0.1534941,5.372527,0.010980523,0.0,0.019466022,0.51916957
3500,0.45063993,0.0,0.23833412,5.37253,0.010336548,0.0,0.0160791,0.5191683
3501,0.37946686,0.0,0.17084226,5.372532,0.0105503155,0.0,0.015682852,0.51916665
3502,0.18739556,0.0,0.46862346,5.372533,0.0087667685,0.0,0.013513621,0.5191652
3503,0.327331,0.0,0.17940605,5.372537,0.00864653,0.0,0.0146796135,0.519164
3504,0.55751437,0.0,0.24365844,5.3725405,0.00971272,0.0,0.014414726,0.5191625
3505,0.5004971,0.0,0.2047346,5.372544,0.010505487,0.0,0.018014424,0.5191608
3506,0.31184918,0.0,0.21400425,5.3725486,0.009311048,0.0,0.016406573,0.5191596
3507,0.36411095,0.0,0.13805616,5.3725524,0.009491365,0.0,0.017740263,0.5191586
3508,0.35238966,0.0,0.28550085,5.372556,0.009063823,0.0,0.013645288,0.51915747
3509,0.16985321,0.0,0.1525226,5.3725605,0.009689648,0.0,0.01627095,0.5191565
3510,0.27784678,0.0,0.31070977,5.3725653,0.009505838,0.0,0.017928,0.5191558
3511,0.41502497,0.0,0.20463705,5.372568,0.007747843,0.0,0.014443816,0.5191558
3512,0.3676368,0.0,0.2153929,5.3725705,0.008408119,0.0,0.016777275,0.5191554
3513,0.5947424,0.0,0.19585556,5.372572,0.01038065,0.0,0.016894545,0.51915574
3514,0.37894267,0.0,0.16060205,5.3725724,0.008169171,0.0,0.018262591,0.5191565
3515,0.4986235,0.0,0.16076791,5.3725724,0.008141252,0.0,0.01336968,0.51915675
3516,0.4070336,0.0,0.22992945,5.3725715,0.012484293,0.0,0.013436178,0.5191575
3517,0.3513089,0.0,0.32492766,5.3725724,0.008196912,0.0,0.013934036,0.5191581
3518,0.6002271,0.0,0.101552196,5.3725724,0.009476502,0.0,0.013559615,0.51915866
3519,0.47214684,0.0,0.24209343,5.372572,0.011212255,0.0,0.015668562,0.5191592
3520,0.23193248,0.0,0.20334646,5.372572,0.009967923,0.0,0.013639953,0.51915973
3521,0.5183113,0.0,0.2234118,5.3725724,0.008346165,0.0,0.014593386,0.5191603
3522,0.7318094,0.0,0.17623629,5.372571,0.007777456,0.0,0.016123194,0.5191607
3523,0.7056236,0.0,0.1931705,5.3725705,0.01014268,0.0,0.015353584,0.5191613
3524,0.23327057,0.0,0.26816875,5.3725677,0.009169776,0.0,0.015076202,0.51916194
3525,0.7708386,0.0,0.15153322,5.372565,0.012383204,0.0,0.016231421,0.51916265
3526,0.28765255,0.0,0.2098246,5.3725624,0.011136579,0.0,0.015617065,0.51916355
3527,0.42824936,0.0,0.17873557,5.372558,0.011881465,0.0,0.0153530715,0.519164
3528,0.5123461,0.0,0.33491603,5.372554,0.011560024,0.0,0.013740173,0.51916456
3529,0.4828371,0.0,0.32186592,5.3725514,0.007992081,0.0,0.012888768,0.5191647
3530,0.27579156,0.0,0.24405016,5.3725505,0.011794924,0.0,0.016996993,0.51916486
3531,0.35243005,0.0,0.18245679,5.37255,0.009111479,0.0,0.018587762,0.5191654
3532,0.61798316,0.0,0.30841157,5.372551,0.0070586866,0.0,0.012708432,0.51916593
3533,0.3025059,0.0,0.24143577,5.3725495,0.009953141,0.0,0.015781563,0.5191667
3534,0.87159467,0.0,0.18528324,5.3725505,0.008545356,0.0,0.016336536,0.51916736
3535,0.6052468,0.0,0.30215466,5.372551,0.009311659,0.0,0.013935934,0.5191675
3536,0.24420556,0.0,0.20242271,5.3725514,0.010246009,0.0,0.015956197,0.51916766
3537,0.3896911,0.0,0.21035257,5.3725524,0.009496491,0.0,0.015345329,0.5191678
3538,0.5223829,0.0,0.17173351,5.372554,0.008134432,0.0,0.014373512,0.51916754
3539,0.34477136,0.0,0.24672444,5.372556,0.009415138,0.0,0.018873403,0.51916814
3540,0.40240774,0.0,0.3128141,5.372559,0.009301801,0.0,0.016114302,0.5191688
3541,0.7667333,0.0,0.22559956,5.3725605,0.009010483,0.0,0.01321956,0.51916945
3542,0.46469995,0.0,0.1532385,5.3725605,0.0095568495,0.0,0.01601429,0.5191701
3543,0.36344144,0.0,0.30395424,5.3725615,0.009097982,0.0,0.0141848335,0.5191707
3544,0.37416342,0.0,0.19267547,5.372562,0.009898081,0.0,0.014903226,0.51917136
3545,0.34492058,0.0,0.19468065,5.3725615,0.011551368,0.0,0.015479151,0.5191722
3546,0.5969453,0.0,0.14545196,5.372561,0.007951239,0.0,0.014554632,0.51917285
3547,0.5657615,0.0,0.2449717,5.3725605,0.0089470465,0.0,0.016522445,0.5191737
3548,0.32276773,0.0,0.21804005,5.3725586,0.008212145,0.0,0.017054625,0.51917416
3549,0.5647218,0.0,0.22519356,5.372558,0.010663891,0.0,0.017288502,0.51917434
3550,0.6475241,0.0,0.22805497,5.372556,0.008848548,0.0,0.015323749,0.51917464
3551,0.3556197,0.0,0.20381048,5.372555,0.0092576,0.0,0.015915334,0.5191748
3552,0.48894614,0.0,0.28457156,5.372552,0.010155521,0.0,0.01494472,0.5191748
3553,0.38635662,0.0,0.24986008,5.3725514,0.008124055,0.0,0.017257767,0.5191747
3554,0.54814667,0.0,0.25777802,5.3725514,0.009097647,0.0,0.015999625,0.5191748
3555,0.27035713,0.0,0.22181986,5.3725514,0.0091670975,0.0,0.0125642745,0.519175
3556,0.39593473,0.0,0.38357317,5.3725553,0.007960377,0.0,0.017022869,0.51917523
3557,0.35187095,0.0,0.2106937,5.3725567,0.0103551345,0.0,0.016553668,0.5191755
3558,0.693241,0.0,0.20961635,5.372559,0.009077092,0.0,0.014243546,0.51917577
3559,0.6641494,0.0,0.21073781,5.3725605,0.010476193,0.0,0.015687756,0.51917624
3560,0.42059794,0.0,0.30025938,5.3725605,0.009153925,0.0,0.018868763,0.51917696
3561,0.3897764,0.0,0.19960043,5.3725624,0.008384882,0.0,0.016432874,0.5191776
3562,0.3761356,0.0,0.19414006,5.372564,0.0072588488,0.0,0.018093243,0.51917833
3563,0.6207884,0.0,0.19817378,5.3725653,0.008081488,0.0,0.017675577,0.51917917
3564,0.53116435,0.0,0.26322812,5.372566,0.0075709447,0.0,0.014538329,0.51918006
3565,0.24332857,0.0,0.2306317,5.372567,0.008034441,0.0,0.01250393,0.5191804
3566,0.43454197,0.0,0.13973457,5.3725657,0.00982816,0.0,0.017721621,0.51918083
3567,0.30158925,0.0,0.23883043,5.372565,0.008374742,0.0,0.013045857,0.5191809
3568,0.3701172,0.0,0.23952784,5.372562,0.00856481,0.0,0.017929563,0.5191808
3569,0.55098265,0.0,0.21233992,5.3725605,0.0096645765,0.0,0.0139577715,0.51918113
3570,0.35543737,0.0,0.1537205,5.37256,0.008274488,0.0,0.015693901,0.51918143
3571,0.53878355,0.0,0.22866851,5.372557,0.010778059,0.0,0.016631681,0.5191816
3572,0.26087004,0.0,0.25025547,5.372556,0.010026617,0.0,0.015318656,0.5191817
3573,0.548705,0.0,0.22468849,5.3725533,0.009256999,0.0,0.014760309,0.5191821
3574,0.385131,0.0,0.30325124,5.3725543,0.008028284,0.0,0.016530866,0.5191826
3575,0.23282155,0.0,0.19004984,5.3725543,0.008509962,0.0,0.013403559,0.5191829
3576,0.40332663,0.0,0.35055074,5.372555,0.00911309,0.0,0.014314444,0.5191826
3577,0.39508373,0.0,0.1492663,5.372553,0.00874523,0.0,0.013139061,0.51918274
3578,0.15196624,0.0,0.14055078,5.3725514,0.011156327,0.0,0.015488723,0.5191826
3579,0.718014,0.0,0.20668605,5.37255,0.009615368,0.0,0.017569005,0.5191823
3580,0.47609547,0.0,0.12875436,5.3725476,0.009273547,0.0,0.01320247,0.5191819
3581,0.38686222,0.0,0.11428806,5.372547,0.010227268,0.0,0.017533528,0.5191814
3582,0.60627836,0.0,0.2052321,5.372545,0.009398624,0.0,0.016439592,0.5191809
3583,0.7223712,0.0,0.14086026,5.3725443,0.010150495,0.0,0.015131412,0.51918036
3584,0.23306632,0.0,0.1580704,5.372543,0.008820986,0.0,0.016468924,0.51917994
3585,0.41569042,0.0,0.14065884,5.372543,0.00967612,0.0,0.016609777,0.5191794
3586,0.6059621,0.0,0.17779756,5.3725443,0.008861354,0.0,0.015014769,0.5191793
3587,0.5546413,0.0,0.27080452,5.3725457,0.0076075317,0.0,0.015849326,0.519179
3588,0.3863041,0.0,0.2697113,5.372544,0.01015501,0.0,0.013937598,0.519179
3589,0.42982918,0.0,0.19209638,5.372542,0.011351145,0.0,0.016542723,0.51917905
3590,0.20528054,0.0,0.124572925,5.37254,0.009881347,0.0,0.015040362,0.5191793
3591,0.21095711,0.0,0.22284357,5.372537,0.009995848,0.0,0.01290528,0.5191794
3592,0.28757653,0.0,0.20734684,5.3725348,0.00969303,0.0,0.016915154,0.5191796
3593,0.39813548,0.0,0.21897544,5.3725343,0.009425623,0.0,0.012669749,0.5191798
3594,0.27491587,0.0,0.3225449,5.3725333,0.0076121464,0.0,0.012978113,0.51917994
3595,0.3767369,0.0,0.23923455,5.3725314,0.007820326,0.0,0.014088855,0.51918024
3596,0.27555192,0.0,0.2049712,5.37253,0.008808407,0.0,0.015937133,0.5191803
3597,0.2867544,0.0,0.15690316,5.372528,0.008927249,0.0,0.018380089,0.51917994
3598,0.522521,0.0,0.26260749,5.3725257,0.009061974,0.0,0.019383827,0.51917946
3599,0.7272531,0.0,0.17625631,5.372524,0.01044343,0.0,0.013576533,0.519179
3600,0.76757634,0.0,0.16391918,5.3725224,0.009584143,0.0,0.015332809,0.5191786
3601,0.26340258,0.0,0.27096087,5.372521,0.009529597,0.0,0.014432761,0.5191788
3602,0.20862298,0.0,0.23665039,5.372518,0.010739365,0.0,0.017130528,0.5191794
3603,0.53752077,0.0,0.17225268,5.3725166,0.009869374,0.0,0.015196437,0.5191798
3604,0.21051167,0.0,0.2693332,5.372514,0.009001958,0.0,0.017233368,0.5191805
3605,0.49470222,0.0,0.23143607,5.3725104,0.009712303,0.0,0.013989149,0.5191809
3606,0.51544356,0.0,0.1561764,5.3725076,0.0070690825,0.0,0.015709637,0.519181
3607,0.5301092,0.0,0.1312943,5.372505,0.010237526,0.0,0.016460568,0.51918066
3608,0.54393196,0.0,0.37326056,5.372502,0.0089941835,0.0,0.013428793,0.51918006
3609,0.59408164,0.0,0.117957436,5.3724995,0.008939329,0.0,0.014586326,0.5191794
3610,0.5737323,0.0,0.15748422,5.3724985,0.0073382263,0.0,0.0155398445,0.51917917
3611,0.3265463,0.0,0.29298705,5.3724995,0.009795032,0.0,0.013270305,0.5191788
3612,0.21536534,0.0,0.22491188,5.372499,0.008511485,0.0,0.016954778,0.51917833
3613,0.5786435,0.0,0.22611701,5.372497,0.008169286,0.0,0.014185223,0.51917845
3614,0.32358178,0.0,0.23434436,5.372494,0.00965848,0.0,0.019416384,0.5191787
3615,0.8922101,0.0,0.19660747,5.372491,0.0075131096,0.0,0.011964305,0.51917875
3616,0.36472768,0.0,0.18402962,5.372489,0.009945667,0.0,0.012872028,0.5191788
3617,1.0064263,0.0,0.23090866,5.3724875,0.009165081,0.0,0.015141533,0.51917887
3618,0.5353322,0.0,0.2268557,5.3724875,0.010486591,0.0,0.018050961,0.5191791
3619,0.33844605,0.0,0.22996144,5.3724856,0.010576498,0.0,0.014914773,0.5191793
3620,0.7098873,0.0,0.19786362,5.3724837,0.008425571,0.0,0.0152681405,0.5191796
3621,0.78889185,0.0,0.24554412,5.372482,0.009529555,0.0,0.017321173,0.5191794
3622,0.64323485,0.0,0.12868315,5.3724813,0.009840249,0.0,0.015855456,0.5191793
3623,0.2712271,0.0,0.18531887,5.3724785,0.0092060445,0.0,0.0158676,0.519179
3624,0.5621576,0.0,0.1928901,5.372477,0.009987051,0.0,0.0167853,0.5191785
3625,0.2508635,0.0,0.16034852,5.372475,0.010770566,0.0,0.015158837,0.5191782
3626,0.22027983,0.0,0.21254818,5.3724737,0.011010142,0.0,0.01345517,0.5191782
3627,0.6796298,0.0,0.23413025,5.3724732,0.009818688,0.0,0.013247694,0.51917833
3628,0.3634484,0.0,0.22969404,5.372472,0.007798611,0.0,0.014279418,0.5191785
3629,0.47011292,0.0,0.18734565,5.3724704,0.009439489,0.0,0.01820014,0.5191788
3630,0.25660068,0.0,0.122736044,5.3724694,0.0076740533,0.0,0.012874723,0.51917917
3631,0.44890583,0.0,0.16428109,5.372469,0.007813958,0.0,0.012814731,0.5191796
3632,0.28640762,0.0,0.21991909,5.3724675,0.007955322,0.0,0.017435698,0.51917994
3633,0.31303826,0.0,0.29919505,5.372466,0.010013077,0.0,0.014953598,0.5191802
3634,0.4858096,0.0,0.32654008,5.3724656,0.009344301,0.0,0.016421199,0.5191803
3635,0.32062492,0.0,0.24686971,5.372464,0.011581001,0.0,0.016402982,0.5191805
3636,0.46267828,0.0,0.27027285,5.3724647,0.008234349,0.0,0.01656508,0.51918054
3637,0.37849915,0.0,0.24477805,5.372469,0.008454545,0.0,0.013413442,0.51918054
3638,0.45896113,0.0,0.30268434,5.3724732,0.007749977,0.0,0.01955591,0.5191807
3639,0.48547614,0.0,0.33439764,5.372477,0.011674979,0.0,0.013551101,0.5191813
3640,0.7332863,0.0,0.24813257,5.3724804,0.008498556,0.0,0.015345024,0.51918197
3641,0.1959952,0.0,0.21923746,5.3724847,0.010054803,0.0,0.013518056,0.5191825
3642,0.70006746,0.0,0.31554955,5.3724885,0.011828942,0.0,0.015681941,0.5191831
3643,0.3773777,0.0,0.17696534,5.3724966,0.008008655,0.0,0.015762068,0.51918393
3644,0.27599975,0.0,0.2020147,5.372504,0.010612194,0.0,0.021091023,0.5191848
3645,0.32167536,0.0,0.38195565,5.37251,0.0085562095,0.0,0.012712867,0.519186
3646,0.24741854,0.0,0.18371914,5.372515,0.008320338,0.0,0.014991714,0.51918703
3647,0.5655863,0.0,0.29057732,5.37252,0.010092182,0.0,0.014640794,0.5191881
3648,0.8491561,0.0,0.217045,5.3725224,0.012165742,0.0,0.01461151,0.51918894
3649,0.3760254,0.0,0.20993084,5.3725233,0.008475317,0.0,0.022419544,0.5191897
3650,0.42499113,0.0,0.21578513,5.372524,0.007786618,0.0,0.014317428,0.51919013
3651,0.42219466,0.0,0.18079576,5.372525,0.007918211,0.0,0.015593191,0.51919055
3652,0.4801466,0.0,0.20788006,5.3725257,0.008499022,0.0,0.014224415,0.5191908
3653,0.3525789,0.0,0.20215967,5.3725257,0.009937206,0.0,0.014338794,0.51919115
3654,0.54492235,0.0,0.1545185,5.3725247,0.008200554,0.0,0.01651792,0.51919156
3655,0.33653843,0.0,0.22943437,5.372525,0.0073387465,0.0,0.016734416,0.5191919
3656,0.3864388,0.0,0.2310449,5.3725247,0.007857993,0.0,0.016589288,0.51919246
3657,0.54591984,0.0,0.2634009,5.372523,0.010452157,0.0,0.012850279,0.5191927
3658,0.26938042,0.0,0.14075944,5.37252,0.0075259097,0.0,0.014353027,0.5191927
3659,0.7188055,0.0,0.21335404,5.3725176,0.009847034,0.0,0.013898233,0.51919264
3660,0.83006406,0.0,0.16182646,5.372514,0.008270325,0.0,0.015497732,0.5191928
3661,0.49044925,0.0,0.22196756,5.3725104,0.009907258,0.0,0.010859032,0.51919246
3662,0.39464703,0.0,0.24613465,5.3725057,0.009362252,0.0,0.014295672,0.5191918
3663,0.44438687,0.0,0.16367126,5.3725038,0.00954092,0.0,0.016966904,0.519191
3664,0.85027665,0.0,0.23426653,5.3725014,0.008814509,0.0,0.014750525,0.51919055
3665,0.33112246,0.0,0.5397412,5.3725,0.0076754107,0.0,0.01791367,0.51919025
3666,0.37379265,0.0,0.31625903,5.3725014,0.011983144,0.0,0.014801168,0.5191897
3667,0.32930267,0.0,0.23971455,5.3725033,0.008748591,0.0,0.012529797,0.5191894
3668,0.36973402,0.0,0.115960255,5.3725038,0.008816724,0.0,0.013747142,0.5191897
3669,0.40969136,0.0,0.36731493,5.3725057,0.011447722,0.0,0.014180673,0.5191902
3670,0.3330106,0.0,0.24181964,5.3725057,0.010126188,0.0,0.016500562,0.5191903
3671,0.6504419,0.0,0.22106905,5.372506,0.012090055,0.0,0.0144917825,0.51919055
3672,0.38964722,0.0,0.2562102,5.372508,0.01030121,0.0,0.014883791,0.51919025
3673,0.31274083,0.0,0.18891886,5.372511,0.008696917,0.0,0.015839871,0.5191896
3674,0.31152678,0.0,0.21468765,5.3725142,0.010065871,0.0,0.013935641,0.5191893
3675,0.63914067,0.0,0.17490736,5.3725195,0.008480519,0.0,0.01185469,0.51918906
3676,0.5641201,0.0,0.38449818,5.3725224,0.010302561,0.0,0.016161863,0.5191889
3677,0.44910654,0.0,0.14871423,5.372525,0.0076226806,0.0,0.016464327,0.519189
3678,0.45035926,0.0,0.15929405,5.3725276,0.01027609,0.0,0.015834713,0.5191894
3679,0.49264038,0.0,0.20515047,5.37253,0.009424332,0.0,0.016488116,0.5191897
3680,0.41583195,0.0,0.16642118,5.3725305,0.011241591,0.0,0.013955118,0.51919025
3681,0.6902106,0.0,0.3064552,5.372532,0.010597026,0.0,0.013718055,0.51919067
3682,0.21244991,0.0,0.25079197,5.3725305,0.010855802,0.0,0.014576489,0.51919043
3683,0.3614478,0.0,0.26543453,5.3725295,0.007703708,0.0,0.013751865,0.5191905
3684,0.7539878,0.0,0.27199084,5.372531,0.007926043,0.0,0.015845696,0.5191906
3685,0.48152268,0.0,0.22741982,5.3725314,0.010568004,0.0,0.015829949,0.5191909
3686,0.69717866,0.0,0.1240096,5.3725314,0.00937712,0.0,0.014276628,0.5191915
3687,0.6797367,0.0,0.1250159,5.372531,0.010000876,0.0,0.013001631,0.5191921
3688,0.28907317,0.0,0.15263036,5.37253,0.009853883,0.0,0.011638182,0.51919276
3689,0.41036043,0.0,0.13220613,5.37253,0.010443001,0.0,0.017550923,0.5191932
3690,0.36857134,0.0,0.25187013,5.37253,0.008882214,0.0,0.012975673,0.5191933
3691,0.2582008,0.0,0.17004758,5.37253,0.008557674,0.0,0.020048458,0.51919407
3692,0.50069296,0.0,0.3369233,5.3725305,0.008531656,0.0,0.01665072,0.5191947
3693,0.4104386,0.0,0.12690187,5.372529,0.009503536,0.0,0.013120835,0.51919514
3694,0.20438688,0.0,0.21805501,5.3725266,0.00936922,0.0,0.01687799,0.5191951
3695,0.6466315,0.0,0.19414131,5.372526,0.009049818,0.0,0.020459704,0.5191952
3696,0.47639292,0.0,0.25725338,5.372526,0.010367825,0.0,0.016504213,0.51919514
3697,0.3447566,0.0,0.114184536,5.3725276,0.009039454,0.0,0.012083407,0.5191946
3698,0.33303124,0.0,0.22435184,5.372528,0.008223124,0.0,0.01314555,0.5191938
3699,0.6354508,0.0,0.16836679,5.3725276,0.010741712,0.0,0.014066352,0.51919353
3700,0.649677,0.0,0.21255492,5.3725266,0.007603944,0.0,0.015657362,0.51919305
3701,0.47185624,0.0,0.19719988,5.3725257,0.008993539,0.0,0.017019834,0.51919276
3702,0.363654,0.0,0.1644937,5.3725257,0.008228047,0.0,0.012539457,0.51919246
3703,0.6631382,0.0,0.21926832,5.3725257,0.010011633,0.0,0.018646058,0.51919264
3704,0.1840789,0.0,0.19948672,5.3725257,0.00935935,0.0,0.015049286,0.51919264
3705,0.46737456,0.0,0.19461359,5.372525,0.0094928,0.0,0.014994045,0.5191924
3706,0.38597557,0.0,0.19675371,5.3725243,0.007876534,0.0,0.014358394,0.51919234
3707,0.46344355,0.0,0.22726017,5.3725214,0.009623839,0.0,0.013630633,0.51919246
3708,0.42229843,0.0,0.22530286,5.3725166,0.009538393,0.0,0.014957055,0.5191923
3709,0.36045167,0.0,0.16456158,5.3725114,0.008977088,0.0,0.0116311405,0.5191916
3710,0.8765242,0.0,0.266164,5.372505,0.00903892,0.0,0.014396308,0.5191912
3711,0.35609502,0.0,0.24170259,5.372501,0.009333923,0.0,0.014476104,0.51919067
3712,0.66153383,0.0,0.14785127,5.3724966,0.008823015,0.0,0.014821073,0.51919013
3713,0.39766672,0.0,0.20755327,5.3724937,0.007574541,0.0,0.01623857,0.51918924
3714,0.22141238,0.0,0.22613795,5.372491,0.009578118,0.0,0.012931793,0.51918834
3715,0.30224186,0.0,0.2501684,5.372487,0.007701134,0.0,0.013415866,0.51918745
3716,0.51679033,0.0,0.123809405,5.372485,0.00843114,0.0,0.012908355,0.5191868
3717,0.3375969,0.0,0.19961266,5.372482,0.008603839,0.0,0.01556744,0.51918656
3718,0.8010762,0.0,0.28045347,5.372478,0.008861307,0.0,0.017122857,0.51918656
3719,0.4353166,0.0,0.18177274,5.372473,0.008869023,0.0,0.022611355,0.51918626
3720,0.33448267,0.0,0.20463923,5.372467,0.010574175,0.0,0.0121807335,0.519186
3721,0.45536655,0.0,0.17035803,5.3724627,0.010753677,0.0,0.0120469695,0.51918566
3722,0.6043659,0.0,0.23680168,5.3724604,0.008465681,0.0,0.015925823,0.5191851
3723,0.34894496,0.0,0.10091914,5.372457,0.009970916,0.0,0.016174888,0.5191845
3724,0.4242408,0.0,0.22199692,5.3724546,0.009163617,0.0,0.017793894,0.5191842
3725,0.30094975,0.0,0.16731624,5.3724523,0.008980895,0.0,0.01514158,0.5191837
3726,0.35427558,0.0,0.19194448,5.3724504,0.009176655,0.0,0.014918403,0.51918375
3727,0.5590767,0.0,0.14182106,5.3724465,0.010120134,0.0,0.014445777,0.5191841
3728,0.16576844,0.0,0.24099736,5.3724427,0.009338125,0.0,0.016303757,0.5191844
3729,0.5172808,0.0,0.21075454,5.3724403,0.0075713866,0.0,0.013203081,0.51918525
3730,0.30604148,0.0,0.18264882,5.3724365,0.011311448,0.0,0.014470397,0.5191856
3731,0.23819388,0.0,0.28974235,5.372435,0.007904685,0.0,0.016110621,0.5191863
3732,0.43772143,0.0,0.1849125,5.3724346,0.009171773,0.0,0.014777824,0.51918656
3733,0.48886308,0.0,0.19612451,5.3724346,0.010321933,0.0,0.014653907,0.51918703
3734,0.93929505,0.0,0.37717235,5.3724337,0.010103127,0.0,0.015279958,0.5191876
3735,0.40625292,0.0,0.2868344,5.3724346,0.008415462,0.0,0.014931345,0.51918817
3736,0.6546471,0.0,0.14787857,5.3724375,0.0091516925,0.0,0.013312562,0.51918834
3737,0.6684869,0.0,0.21742438,5.3724384,0.011048237,0.0,0.015015622,0.5191885
3738,0.45990074,0.0,0.23532823,5.37244,0.008977899,0.0,0.015370162,0.5191889
3739,0.18941301,0.0,0.16237088,5.372442,0.009000932,0.0,0.015930036,0.5191888
3740,0.31600434,0.0,0.2087373,5.3724427,0.0071649076,0.0,0.017083306,0.5191888
3741,0.29132926,0.0,0.18182167,5.372443,0.009153201,0.0,0.015433067,0.51918876
3742,0.36010477,0.0,0.21743493,5.372445,0.008686823,0.0,0.014887787,0.51918864
3743,0.3593998,0.0,0.31756803,5.3724446,0.009684446,0.0,0.013313668,0.5191889
3744,0.21996602,0.0,0.25910208,5.3724427,0.007975747,0.0,0.015135806,0.51918924
3745,0.6146857,0.0,0.23771487,5.3724456,0.010143157,0.0,0.013434814,0.51918936
3746,0.8369658,0.0,0.14187321,5.372447,0.009380969,0.0,0.015469078,0.51918894
3747,0.60891044,0.0,0.37677285,5.372447,0.009215465,0.0,0.014405254,0.5191888
3748,0.26300606,0.0,0.39356917,5.3724484,0.009785706,0.0,0.014361774,0.5191886
3749,0.55895793,0.0,0.16106196,5.3724513,0.009650278,0.0,0.016387573,0.5191884
3750,0.36422265,0.0,0.22106992,5.372453,0.008134336,0.0,0.01592331,0.51918817
3751,0.4858587,0.0,0.1558202,5.3724556,0.0086905975,0.0,0.014775553,0.5191883
3752,0.3464585,0.0,0.17585249,5.372457,0.010331333,0.0,0.013987529,0.51918876
3753,0.58842176,0.0,0.36129487,5.372459,0.008495137,0.0,0.016235337,0.51918906
3754,0.35302848,0.0,0.17078221,5.372464,0.009514603,0.0,0.015835753,0.5191895
3755,0.29816306,0.0,0.27519542,5.372469,0.009708679,0.0,0.013077509,0.5191898
3756,0.34113216,0.0,0.24962497,5.3724732,0.008697404,0.0,0.013605637,0.5191899
3757,0.24011712,0.0,0.1286311,5.372475,0.007929279,0.0,0.015876515,0.51919025
3758,0.55620164,0.0,0.15968041,5.3724756,0.010620935,0.0,0.015204926,0.51919025
3759,0.66625816,0.0,0.18781546,5.372476,0.009170818,0.0,0.014981924,0.5191898
3760,0.5990769,0.0,0.18013142,5.3724775,0.009613017,0.0,0.01863901,0.5191895
3761,0.23874132,0.0,0.22866814,5.372477,0.010011784,0.0,0.017513465,0.5191892
3762,0.5268929,0.0,0.21225111,5.372477,0.0094366465,0.0,0.014545412,0.5191889
3763,1.9104848,0.0,0.2126412,5.3724766,0.010542518,0.0,0.012017872,0.51918846
3764,0.31053826,0.0,0.24697606,5.3724775,0.0085669,0.0,0.014704596,0.5191882
3765,0.3755834,0.0,0.29840946,5.372478,0.009618792,0.0,0.015632115,0.51918817
3766,0.3637691,0.0,0.15516682,5.3724794,0.009488359,0.0,0.016976457,0.5191882
3767,0.4118125,0.0,0.16995022,5.3724794,0.009031728,0.0,0.014037857,0.51918805
3768,0.771468,0.0,0.2167282,5.372479,0.011710993,0.0,0.015903914,0.5191881
3769,0.19806586,0.0,0.2213756,5.372478,0.010411314,0.0,0.0129741635,0.5191882
3770,0.34651408,0.0,0.14671203,5.3724775,0.007096504,0.0,0.013653924,0.5191883
3771,0.263739,0.0,0.35309166,5.3724756,0.008709922,0.0,0.015973426,0.51918846
3772,0.49380594,0.0,0.19334713,5.372473,0.010127652,0.0,0.01678804,0.5191879
3773,0.32994062,0.0,0.28123683,5.3724704,0.011574118,0.0,0.013004148,0.51918757
3774,0.28737468,0.0,0.18000415,5.3724675,0.010061386,0.0,0.015989786,0.51918703
3775,0.2194393,0.0,0.17393005,5.3724647,0.009201258,0.0,0.01681436,0.5191866
3776,0.53954506,0.0,0.25483626,5.3724627,0.008673342,0.0,0.01702065,0.51918656
3777,0.5294394,0.0,0.26216316,5.372461,0.008536878,0.0,0.015142867,0.519187
3778,0.2799955,0.0,0.22336419,5.372458,0.010117318,0.0,0.017296318,0.51918685
3779,0.5184677,0.0,0.23049782,5.372456,0.007530205,0.0,0.014129696,0.51918674
3780,0.39395672,0.0,0.39091334,5.372454,0.00937933,0.0,0.012545989,0.5191864
3781,0.39598757,0.0,0.18782754,5.372455,0.009308595,0.0,0.016948914,0.51918536
3782,0.28293133,0.0,0.14103612,5.3724556,0.010976455,0.0,0.015400091,0.51918447
3783,0.29768798,0.0,0.273543,5.3724546,0.00836372,0.0,0.014294858,0.51918334
3784,0.2662697,0.0,0.30861434,5.3724527,0.008601303,0.0,0.018070048,0.51918286
3785,0.4140379,0.0,0.2389769,5.3724537,0.010663906,0.0,0.015387953,0.5191817
3786,0.6319771,0.0,0.15571044,5.3724537,0.01011258,0.0,0.01429461,0.5191805
3787,0.4739103,0.0,0.23377919,5.3724523,0.009766615,0.0,0.018158292,0.51917905
3788,0.4265499,0.0,0.23382759,5.3724513,0.010093008,0.0,0.016097559,0.5191782
3789,0.3560068,0.0,0.14299868,5.372451,0.009852295,0.0,0.014535453,0.51917744
3790,0.38315538,0.0,0.12115598,5.3724513,0.009268603,0.0,0.016481835,0.5191763
3791,0.61334854,0.0,0.40285847,5.37245,0.0090613235,0.0,0.015469876,0.51917505
3792,0.5517251,0.0,0.15297048,5.372451,0.008439928,0.0,0.015129366,0.5191738
3793,0.4675105,0.0,0.16267043,5.3724504,0.010110002,0.0,0.013134108,0.5191728
3794,0.45677754,0.0,0.22732589,5.37245,0.008475775,0.0,0.014211219,0.519172
3795,0.29698288,0.0,0.16298276,5.37245,0.010000608,0.0,0.015164212,0.5191718
3796,0.29244652,0.0,0.16554818,5.372448,0.008849269,0.0,0.018501222,0.5191719
3797,0.5168952,0.0,0.3343009,5.3724475,0.007990472,0.0,0.016349388,0.5191719
3798,0.55455476,0.0,0.16732198,5.372451,0.008941099,0.0,0.011318401,0.51917183
3799,0.41004297,0.0,0.34968948,5.3724527,0.0083045885,0.0,0.017946832,0.51917183
3800,0.43759036,0.0,0.3116373,5.372455,0.011081307,0.0,0.016384037,0.51917166
3801,0.27501178,0.0,0.3093266,5.3724585,0.009108722,0.0,0.01629279,0.5191711
3802,1.2295688,0.0,0.70964664,5.3724604,0.009253992,0.0,0.014935596,0.51917046
3803,0.20089115,0.0,0.1324211,5.372459,0.009002315,0.0,0.017899258,0.51917
3804,0.74991477,0.0,0.22098306,5.372457,0.008091789,0.0,0.01610291,0.5191695
3805,0.6375101,0.0,0.23853646,5.372456,0.008854591,0.0,0.015979549,0.5191692
3806,0.55720705,0.0,0.119750224,5.3724566,0.009597188,0.0,0.014535981,0.5191687
3807,0.31576765,0.0,0.16670896,5.3724575,0.007804743,0.0,0.015429248,0.5191685
3808,0.43439585,0.0,0.21272361,5.3724594,0.010218183,0.0,0.014514674,0.5191686
3809,0.61963594,0.0,0.18378368,5.372461,0.010748974,0.0,0.017644232,0.51916885
3810,0.3760226,0.0,0.26201704,5.3724613,0.00826126,0.0,0.018828446,0.5191697
3811,0.36017668,0.0,0.30928105,5.3724613,0.008128933,0.0,0.012953133,0.5191702
3812,0.35078302,0.0,0.3682558,5.372462,0.007872033,0.0,0.01616837,0.5191705
3813,0.21875784,0.0,0.13834439,5.3724604,0.009588001,0.0,0.01526127,0.5191707
3814,0.3506829,0.0,0.15166558,5.372459,0.008853112,0.0,0.01580572,0.51917106
3815,0.25167307,0.0,0.44777623,5.372457,0.009628435,0.0,0.015816161,0.5191713
3816,0.2626646,0.0,0.20037013,5.3724513,0.009760782,0.0,0.015162002,0.5191719
3817,0.22904985,0.0,0.2175565,5.372446,0.010271503,0.0,0.014913235,0.5191723
3818,0.27151003,0.0,0.20097455,5.3724403,0.008993332,0.0,0.01656173,0.5191731
3819,0.77705026,0.0,0.1861642,5.3724356,0.00879348,0.0,0.014703394,0.5191739
3820,0.26544037,0.0,0.26963875,5.37243,0.009634696,0.0,0.015673855,0.51917535
3821,0.45121783,0.0,0.27270842,5.3724256,0.0096507715,0.0,0.017611189,0.51917666
3822,0.18510872,0.0,0.19335693,5.372422,0.010602828,0.0,0.013717246,0.5191788
3823,0.448777,0.0,0.17953603,5.3724213,0.0064897626,0.0,0.015762923,0.5191805
3824,0.35289267,0.0,0.1999324,5.3724217,0.010210067,0.0,0.0145658925,0.51918197
3825,0.28866917,0.0,0.19863261,5.3724203,0.008765465,0.0,0.015776357,0.5191832
3826,0.3384985,0.0,0.23211765,5.372419,0.008499388,0.0,0.015381281,0.5191846
3827,0.6260529,0.0,0.24872892,5.372417,0.008250321,0.0,0.013657834,0.5191859
3828,0.31511578,0.0,0.26968724,5.3724155,0.008286543,0.0,0.016239299,0.51918674
3829,0.49735418,0.0,0.22769529,5.372414,0.00748008,0.0,0.013811094,0.51918715
3830,0.37717143,0.0,0.33141974,5.3724146,0.010430573,0.0,0.013100206,0.5191877
3831,0.3240644,0.0,0.18696553,5.3724155,0.008957914,0.0,0.013361823,0.51918834
3832,0.6124963,0.0,0.19510688,5.3724155,0.011169439,0.0,0.016347654,0.5191888
3833,0.5089479,0.0,0.18819979,5.372416,0.009364592,0.0,0.014108975,0.51918894
3834,0.3254581,0.0,0.17493246,5.3724155,0.00838296,0.0,0.01602642,0.5191887
3835,0.46859357,0.0,0.272818,5.372414,0.010252518,0.0,0.015471163,0.5191884
3836,0.27124566,0.0,0.32316294,5.372412,0.009370414,0.0,0.014631487,0.5191883
3837,0.32590154,0.0,0.11755564,5.3724093,0.008282344,0.0,0.015661193,0.51918817
3838,0.32896626,0.0,0.23949867,5.3724055,0.010787574,0.0,0.011854756,0.5191882
3839,0.30863324,0.0,0.18003547,5.3724046,0.008424634,0.0,0.014136958,0.51918834
3840,0.3823637,0.0,0.13517775,5.3724036,0.010224609,0.0,0.016637756,0.51918805
3841,0.1667212,0.0,0.14886542,5.372403,0.00971556,0.0,0.017668799,0.51918733
3842,0.49256277,0.0,0.49513584,5.3724036,0.009050816,0.0,0.01674097,0.5191863
3843,0.3913968,0.0,0.25086096,5.372402,0.007990375,0.0,0.01309643,0.51918536
3844,0.35733712,0.0,0.27804604,5.3724017,0.008382843,0.0,0.015506264,0.5191848
3845,0.25786194,0.0,0.09813176,5.3724,0.00763985,0.0,0.012984798,0.5191841
3846,0.7229381,0.0,0.2015368,5.3723984,0.010785687,0.0,0.016948534,0.51918375
3847,0.4141909,0.0,0.26537976,5.372396,0.008730725,0.0,0.0153418975,0.5191837
3848,0.46114343,0.0,0.13824223,5.372395,0.0070915683,0.0,0.012488759,0.51918334
3849,0.5282139,0.0,0.41063043,5.3723917,0.00986849,0.0,0.017855842,0.519183
3850,0.24195585,0.0,0.16939452,5.372388,0.008092308,0.0,0.014509475,0.519183
3851,0.38033664,0.0,0.18205816,5.3723845,0.009369152,0.0,0.014352945,0.519183
3852,0.21768458,0.0,0.20707749,5.372383,0.00917507,0.0,0.01661564,0.5191829
3853,0.36530352,0.0,0.29321373,5.3723826,0.009349773,0.0,0.016187731,0.5191827
3854,0.27685538,0.0,0.2035518,5.3723803,0.009294231,0.0,0.01510425,0.51918256
3855,0.60642034,0.0,0.22353025,5.372378,0.009687986,0.0,0.015309458,0.51918244
3856,0.2944585,0.0,0.2963447,5.372375,0.00909552,0.0,0.013478515,0.5191826
3857,0.2849237,0.0,0.15129597,5.372373,0.009523473,0.0,0.013176924,0.5191828
3858,0.4464958,0.0,0.22445837,5.372371,0.00688285,0.0,0.017621014,0.5191829
3859,0.23227634,0.0,0.22510272,5.372369,0.008658131,0.0,0.014400401,0.51918244
3860,0.36702695,0.0,0.34259465,5.3723683,0.008082605,0.0,0.013968075,0.5191819
3861,0.5346577,0.0,0.36441928,5.3723664,0.008349157,0.0,0.013068461,0.5191815
3862,0.39863285,0.0,0.15220888,5.372369,0.011223082,0.0,0.012861851,0.519181
3863,0.33291194,0.0,0.23901758,5.372369,0.007143403,0.0,0.01927105,0.5191808
3864,0.23953761,0.0,0.22931136,5.3723702,0.010265919,0.0,0.016006429,0.5191805
3865,0.16622618,0.0,0.11733128,5.3723707,0.008578687,0.0,0.01482198,0.5191802
3866,0.30296132,0.0,0.3254792,5.372373,0.009132464,0.0,0.014006309,0.5191805
3867,0.22684532,0.0,0.19837117,5.3723745,0.010596765,0.0,0.015170416,0.51918054
3868,0.59156716,0.0,0.15912129,5.3723774,0.008385769,0.0,0.01810114,0.5191804
3869,0.22197342,0.0,0.21299879,5.372381,0.007112826,0.0,0.015337651,0.5191807
3870,0.3320523,0.0,0.21462417,5.3723855,0.010093776,0.0,0.011720283,0.51918113
3871,1.0139914,0.0,0.15970993,5.3723893,0.007167326,0.0,0.013933585,0.51918155
3872,0.5124001,0.0,0.19135542,5.3723936,0.010735627,0.0,0.01479422,0.5191819
3873,0.41963843,0.0,0.18301749,5.372397,0.0069099106,0.0,0.017605243,0.519182
3874,0.30652004,0.0,0.15754779,5.3724027,0.010483037,0.0,0.014516744,0.51918226
3875,0.41223493,0.0,0.25193274,5.372408,0.0085453335,0.0,0.015493282,0.5191824
3876,0.40244246,0.0,0.28017673,5.372414,0.009399208,0.0,0.011958825,0.51918226
3877,0.60640335,0.0,0.33154017,5.3724213,0.0108315535,0.0,0.0134205725,0.5191819
3878,0.48150593,0.0,0.19969061,5.3724236,0.0077249166,0.0,0.014568676,0.51918155
3879,0.5039003,0.0,0.19167495,5.3724284,0.009568102,0.0,0.014089045,0.5191812
3880,0.30935267,0.0,0.25029495,5.3724337,0.0086214505,0.0,0.015736734,0.51918197
3881,0.29858568,0.0,0.20226236,5.3724375,0.008297088,0.0,0.016246438,0.5191824
3882,0.4424732,0.0,0.34347034,5.3724403,0.009254685,0.0,0.015894009,0.5191828
3883,0.218545,0.0,0.11067718,5.372439,0.011030753,0.0,0.012307436,0.5191828
3884,0.4403305,0.0,0.15435456,5.3724375,0.0072530415,0.0,0.013731999,0.5191826
3885,0.45812306,0.0,0.3001424,5.372434,0.008057307,0.0,0.014642791,0.5191823
3886,0.4844337,0.0,0.19415362,5.372434,0.009688715,0.0,0.015592106,0.5191822
3887,0.7448993,0.0,0.22722302,5.3724346,0.010415312,0.0,0.015131812,0.5191817
3888,0.20841326,0.0,0.38886428,5.3724365,0.008769248,0.0,0.015052997,0.5191811
3889,0.17059991,0.0,0.16205709,5.3724365,0.0070383125,0.0,0.021455796,0.5191801
3890,0.30940264,0.0,0.12914115,5.3724375,0.008400663,0.0,0.012863634,0.5191793
3891,0.35816807,0.0,0.27724484,5.3724375,0.008726867,0.0,0.016328689,0.5191781
3892,0.39609894,0.0,0.19218597,5.3724375,0.011597153,0.0,0.016182058,0.51917684
3893,0.45454246,0.0,0.2664708,5.3724403,0.008366443,0.0,0.014177639,0.5191757
3894,0.476417,0.0,0.19752024,5.3724394,0.009490559,0.0,0.01535159,0.5191748
3895,0.31306654,0.0,0.2016381,5.3724384,0.008027561,0.0,0.018187176,0.5191743
3896,0.34864274,0.0,0.44830573,5.3724384,0.010605118,0.0,0.011632229,0.51917344
3897,0.4318312,0.0,0.26092526,5.3724375,0.011066024,0.0,0.01764353,0.5191728
3898,0.29184625,0.0,0.2069593,5.372436,0.009393095,0.0,0.016045712,0.5191724
3899,0.82682365,0.0,0.12825921,5.3724356,0.010925488,0.0,0.016478874,0.51917166
3900,0.39170218,0.0,0.17539348,5.372434,0.012094033,0.0,0.016469683,0.5191708
3901,0.13651298,0.0,0.14195478,5.372434,0.010143541,0.0,0.014661793,0.51917005
3902,0.25501788,0.0,0.2691414,5.372433,0.008275478,0.0,0.012160129,0.51916987
3903,0.34897387,0.0,0.14488329,5.3724313,0.01084778,0.0,0.015458654,0.51916957
3904,0.4111096,0.0,0.23251203,5.37243,0.008896636,0.0,0.01566995,0.5191703
3905,0.24457887,0.0,0.16310059,5.37243,0.007852583,0.0,0.018810345,0.51917106
3906,0.60779685,0.0,0.35048842,5.372429,0.008533596,0.0,0.012229417,0.5191714
3907,0.47937295,0.0,0.23890376,5.3724294,0.01003272,0.0,0.015200379,0.5191717
3908,1.2250693,0.0,0.2678338,5.3724318,0.010003995,0.0,0.0152687775,0.51917213
3909,0.8384334,0.0,0.26503557,5.372436,0.007322062,0.0,0.01578732,0.5191723
3910,0.5735175,0.0,0.29934698,5.3724375,0.009880279,0.0,0.014315957,0.51917255
3911,0.31012836,0.0,0.14682838,5.3724422,0.007711568,0.0,0.01342885,0.5191723
3912,0.3621005,0.0,0.2234562,5.372445,0.008926237,0.0,0.015810795,0.51917243
3913,0.38153756,0.0,0.18316717,5.372451,0.009633022,0.0,0.014986442,0.5191724
3914,0.5472312,0.0,0.21583118,5.372456,0.008552972,0.0,0.017795151,0.5191723
3915,0.5638514,0.0,0.13813835,5.3724604,0.0105939945,0.0,0.013311025,0.5191723
3916,0.23871626,0.0,0.16029319,5.372465,0.010383259,0.0,0.014877962,0.51917225
3917,0.5610073,0.0,0.22556144,5.3724694,0.009984534,0.0,0.013975942,0.51917243
3918,0.88053894,0.0,0.20387799,5.3724737,0.009184247,0.0,0.017182447,0.51917267
3919,0.627445,0.0,0.23080267,5.372478,0.009864619,0.0,0.017031025,0.51917243
3920,0.442145,0.0,0.29569456,5.372482,0.008879717,0.0,0.016357433,0.51917255
3921,0.3905517,0.0,0.21930276,5.3724813,0.0096563,0.0,0.015928164,0.5191723
3922,0.18306848,0.0,0.22525904,5.372478,0.008552374,0.0,0.014448122,0.5191722
3923,0.27757466,0.0,0.1133427,5.372477,0.00784852,0.0,0.012023338,0.519172
3924,0.29804894,0.0,0.23581849,5.372474,0.0093624545,0.0,0.01866512,0.5191723
3925,0.4530807,0.0,0.1619461,5.372473,0.007834298,0.0,0.013612346,0.5191724
3926,0.35905612,0.0,0.18047437,5.3724704,0.009339142,0.0,0.015506266,0.5191726
3927,0.44800776,0.0,0.14261429,5.372469,0.008445202,0.0,0.01511997,0.5191736
3928,0.21192029,0.0,0.24677688,5.3724675,0.00883244,0.0,0.014266135,0.5191743
3929,0.7502895,0.0,0.14669697,5.3724647,0.009903519,0.0,0.015016433,0.51917505
3930,0.3052355,0.0,0.2379376,5.372463,0.0079476815,0.0,0.015563381,0.51917577
3931,0.46675608,0.0,0.24281855,5.3724613,0.008972249,0.0,0.015032673,0.51917666
3932,0.3812882,0.0,0.20464253,5.3724604,0.008658114,0.0,0.016159622,0.5191777
3933,0.3079415,0.0,0.2375857,5.3724575,0.0076842355,0.0,0.015792515,0.5191782
3934,0.24867761,0.0,0.20416446,5.372455,0.0076793274,0.0,0.016654046,0.5191785
3935,0.7418374,0.0,0.14029884,5.3724513,0.008646845,0.0,0.01585465,0.51917875
3936,0.4489233,0.0,0.2388418,5.3724475,0.008061043,0.0,0.0133550195,0.5191788
3937,0.2595199,0.0,0.17727304,5.3724427,0.007619312,0.0,0.013657722,0.519179
3938,0.4347103,0.0,0.18262236,5.3724384,0.008770424,0.0,0.016183477,0.5191788
3939,0.88975674,0.0,0.2589437,5.3724356,0.00817129,0.0,0.016202766,0.5191787
3940,0.28782347,0.0,0.21518065,5.3724318,0.008567896,0.0,0.01863433,0.5191791
3941,0.72240514,0.0,0.19092137,5.372427,0.007859429,0.0,0.0148508875,0.51917994
3942,0.39290744,0.0,0.2594765,5.3724213,0.0103378175,0.0,0.015902951,0.5191802
3943,0.40396765,0.0,0.22195496,5.372414,0.01085637,0.0,0.01701152,0.5191801
3944,0.23101546,0.0,0.26681435,5.3724065,0.010092199,0.0,0.014807845,0.51918066
3945,0.365774,0.0,0.20962465,5.3723993,0.009335501,0.0,0.016874488,0.519181
3946,0.33565357,0.0,0.15776303,5.372394,0.008402486,0.0,0.017368296,0.51918125
3947,0.4992583,0.0,0.14783095,5.3723865,0.008750695,0.0,0.01691835,0.51918125
3948,0.38280305,0.0,0.24383664,5.37238,0.009800456,0.0,0.014748044,0.519181
3949,0.70790523,0.0,0.19981202,5.3723707,0.011080245,0.0,0.011893741,0.5191806
3950,0.6640066,0.0,0.15800911,5.3723617,0.010211302,0.0,0.012042132,0.5191801
3951,0.5025724,0.0,0.28126204,5.3723526,0.009136069,0.0,0.015725529,0.51917994
3952,0.24784394,0.0,0.227943,5.372347,0.008274789,0.0,0.01733632,0.5191794
3953,0.6240085,0.0,0.12805118,5.3723416,0.009354558,0.0,0.013948982,0.51917917
3954,0.3972417,0.0,0.2515875,5.372336,0.0070584733,0.0,0.017399682,0.51917875
3955,0.28617638,0.0,0.13605894,5.3723316,0.008523071,0.0,0.017119355,0.5191782
3956,0.38756084,0.0,0.38230926,5.372327,0.007950381,0.0,0.017260682,0.5191776
3957,0.74310493,0.0,0.13686451,5.372322,0.009893845,0.0,0.016169723,0.51917696
3958,0.30138597,0.0,0.14318608,5.372319,0.00932589,0.0,0.016625028,0.5191766
3959,0.3998593,0.0,0.21917775,5.372314,0.008961257,0.0,0.015184927,0.51917607
3960,0.26331976,0.0,0.28593382,5.3723106,0.009122008,0.0,0.014298536,0.5191754
3961,0.34958923,0.0,0.3698082,5.372306,0.01061678,0.0,0.01520779,0.5191749
3962,0.18829972,0.0,0.2612957,5.372303,0.009905277,0.0,0.017497685,0.51917446
3963,0.28958827,0.0,0.39423907,5.372299,0.011571529,0.0,0.016187925,0.5191744
3964,0.35232005,0.0,0.3571581,5.3722982,0.008798888,0.0,0.014787542,0.5191744
3965,0.3017654,0.0,0.45525062,5.3722982,0.01099372,0.0,0.017504608,0.5191745
3966,0.1961587,0.0,0.18248384,5.3722963,0.008086956,0.0,0.014826936,0.51917535
3967,0.28048703,0.0,0.17100461,5.372295,0.007724999,0.0,0.015975025,0.5191763
3968,0.53178513,0.0,0.32733658,5.3722925,0.010513369,0.0,0.01656152,0.5191772
3969,0.45562762,0.0,0.1725315,5.372295,0.0087173125,0.0,0.013335969,0.51917845
3970,0.3203759,0.0,0.17635062,5.3722987,0.008214242,0.0,0.01405707,0.5191798
3971,0.25641227,0.0,0.45021957,5.372301,0.008641931,0.0,0.012252042,0.5191808
3972,0.3839143,0.0,0.21421187,5.3723035,0.008665072,0.0,0.01604456,0.5191818
3973,0.45825753,0.0,0.24189046,5.372304,0.012387734,0.0,0.014129855,0.5191826
3974,0.2988736,0.0,0.28989008,5.372307,0.009732385,0.0,0.017310005,0.5191831
3975,0.37638173,0.0,0.2516781,5.372309,0.01065659,0.0,0.014636937,0.5191837
3976,0.354716,0.0,0.23083605,5.3723125,0.009931377,0.0,0.016537962,0.5191844
3977,0.34926903,0.0,0.21226123,5.372316,0.008725209,0.0,0.011870114,0.51918525
3978,0.56836855,0.0,0.18157414,5.372318,0.009334988,0.0,0.014566034,0.5191859
3979,0.6267016,0.0,0.21487771,5.372321,0.009592114,0.0,0.01726987,0.51918644
3980,0.66268456,0.0,0.40422258,5.3723245,0.008811347,0.0,0.014189193,0.5191867
3981,0.30407217,0.0,0.17805432,5.3723254,0.010628455,0.0,0.014465914,0.5191873
3982,0.402199,0.0,0.18619531,5.372328,0.008774242,0.0,0.015561905,0.51918787
3983,0.4056351,0.0,0.24298882,5.3723297,0.009160568,0.0,0.014946086,0.5191882
3984,0.56280863,0.0,0.2484951,5.3723335,0.009082358,0.0,0.015398987,0.51918846
3985,0.44814578,0.0,0.31358126,5.3723364,0.011069612,0.0,0.016520133,0.51918894
3986,0.5112932,0.0,0.25239593,5.3723407,0.009474764,0.0,0.01754053,0.5191895
3987,0.33684975,0.0,0.2247744,5.3723454,0.008910166,0.0,0.015924644,0.51918983
3988,0.26927808,0.0,0.22153635,5.3723474,0.007962945,0.0,0.014342379,0.5191905
3989,0.6283342,0.0,0.17036358,5.3723507,0.009373195,0.0,0.017273499,0.51919144
3990,0.3872705,0.0,0.27175117,5.372354,0.009240106,0.0,0.01526057,0.51919216
3991,0.3303042,0.0,0.1708158,5.3723574,0.009511933,0.0,0.013888998,0.5191928
3992,0.5381186,0.0,0.14232953,5.37236,0.0107510965,0.0,0.015318857,0.519193
3993,0.48018157,0.0,0.15299949,5.3723607,0.009271961,0.0,0.013911667,0.5191933
3994,0.7326202,0.0,0.2238506,5.372362,0.00917458,0.0,0.013004248,0.51919353
3995,0.78633934,0.0,0.36190763,5.372362,0.008155673,0.0,0.013273459,0.51919353
3996,0.40216538,0.0,0.19690056,5.3723674,0.009590561,0.0,0.011727181,0.5191939
3997,0.46278715,0.0,0.2802207,5.372373,0.01088466,0.0,0.012975136,0.51919436
3998,0.22113614,0.0,0.2793778,5.372377,0.008510462,0.0,0.014995949,0.5191947
3999,0.67314523,0.0,0.2214164,5.372381,0.008773978,0.0,0.014876592,0.5191951
4000,0.6076878,0.0,0.3142252,5.372384,0.009682592,0.0,0.013302291,0.51919514
4001,0.5173963,0.0,0.26491398,5.3723865,0.008554935,0.0,0.014348233,0.5191948
4002,0.7788957,0.0,0.16737887,5.37239,0.010705149,0.0,0.012650362,0.51919466
4003,0.49958855,0.0,0.45275947,5.3723907,0.007817735,0.0,0.014409438,0.5191946
4004,0.35878858,0.0,0.28322464,5.37239,0.009652714,0.0,0.015995815,0.51919436
4005,0.8004705,0.0,0.39296183,5.372391,0.010240445,0.0,0.018585622,0.51919436
4006,0.556588,0.0,0.23052602,5.3723927,0.009543788,0.0,0.014356378,0.51919407
4007,0.23539339,0.0,0.21906401,5.372392,0.0101650255,0.0,0.014663835,0.51919353
4008,0.36944124,0.0,0.30108675,5.3723907,0.009376703,0.0,0.017345622,0.51919276
4009,0.43460634,0.0,0.27500296,5.3723893,0.007961243,0.0,0.014845715,0.5191924
4010,0.38237327,0.0,0.21691275,5.3723865,0.00939238,0.0,0.015553373,0.5191922
4011,0.27585036,0.0,0.21691512,5.3723855,0.009015661,0.0,0.017936967,0.51919204
4012,0.81872433,0.0,0.21484146,5.3723826,0.008413991,0.0,0.014288884,0.5191917
4013,0.91079473,0.0,0.19390672,5.3723817,0.008190597,0.0,0.015393205,0.51919156
4014,0.24414232,0.0,0.23283863,5.372378,0.008360486,0.0,0.017918702,0.5191919
4015,0.29579917,0.0,0.22870703,5.372376,0.010367309,0.0,0.012839934,0.5191928
4016,0.35375088,0.0,0.1310635,5.372373,0.009853398,0.0,0.016148675,0.51919353
4017,0.32689697,0.0,0.17491673,5.372371,0.008356262,0.0,0.012513931,0.51919377
4018,0.26872155,0.0,0.22349848,5.3723702,0.008845612,0.0,0.0141210975,0.5191941
4019,0.5207965,0.0,0.36146885,5.3723717,0.010455216,0.0,0.014482565,0.5191946
4020,0.36200458,0.0,0.280929,5.3723726,0.009132696,0.0,0.013975141,0.5191948
4021,0.5313437,0.0,0.23491572,5.372375,0.008657275,0.0,0.019313782,0.5191946
4022,0.36746046,0.0,0.19141631,5.3723774,0.009200599,0.0,0.013760229,0.51919425
4023,0.24445675,0.0,0.19802968,5.372379,0.009329646,0.0,0.016513841,0.5191938
4024,0.1751949,0.0,0.10444301,5.3723807,0.009146919,0.0,0.01602955,0.51919353
4025,0.21577984,0.0,0.21180439,5.372381,0.009425983,0.0,0.014692978,0.5191932
4026,0.77652615,0.0,0.21494688,5.372382,0.006427706,0.0,0.015283786,0.519193
4027,0.383735,0.0,0.27877098,5.372382,0.009555487,0.0,0.017051075,0.5191929
4028,0.8135625,0.0,0.17347124,5.3723817,0.009791387,0.0,0.014706957,0.5191929
4029,0.3761413,0.0,0.3045839,5.3723803,0.007579988,0.0,0.013756165,0.51919276
4030,0.2711648,0.0,0.25360492,5.3723774,0.010987094,0.0,0.01691643,0.51919246
4031,0.37036166,0.0,0.1773266,5.3723764,0.009506903,0.0,0.014850729,0.51919246
4032,0.38470766,0.0,0.24221127,5.372373,0.008798252,0.0,0.013489643,0.51919174
4033,0.19538821,0.0,0.44416985,5.372371,0.010116701,0.0,0.01486558,0.51919127
4034,0.2423697,0.0,0.30076835,5.372372,0.008451245,0.0,0.013917332,0.51919055
4035,0.86765325,0.0,0.33286896,5.372374,0.009780597,0.0,0.01503605,0.51919
4036,0.49026603,0.0,0.24095042,5.372376,0.011368897,0.0,0.014797007,0.5191891
4037,0.5353391,0.0,0.22410716,5.3723774,0.010159457,0.0,0.013296744,0.51918834
4038,0.5940094,0.0,0.15821354,5.3723817,0.01042529,0.0,0.014060868,0.51918757
4039,0.25203755,0.0,0.20969425,5.3723836,0.011606286,0.0,0.015106631,0.51918626
4040,0.36595583,0.0,0.16238324,5.372385,0.007581803,0.0,0.015185982,0.5191848
4041,0.6070807,0.0,0.25671226,5.372387,0.010770361,0.0,0.016322643,0.5191837
4042,0.3304034,0.0,0.21708733,5.3723865,0.009541079,0.0,0.017774278,0.5191826
4043,0.46825248,0.0,0.22947855,5.3723865,0.010801023,0.0,0.015568145,0.5191824
4044,0.51116127,0.0,0.23976536,5.372386,0.010596933,0.0,0.011585975,0.519182
4045,0.75140584,0.0,0.31601313,5.3723865,0.0081190355,0.0,0.017657965,0.51918185
4046,0.32114518,0.0,0.16852014,5.3723845,0.011086775,0.0,0.014422679,0.51918185
4047,0.29708287,0.0,0.18895344,5.3723817,0.009613406,0.0,0.012148744,0.5191817
4048,0.35723257,0.0,0.15833037,5.372379,0.01068349,0.0,0.01621124,0.51918155
4049,0.43670008,0.0,0.23244476,5.3723755,0.009456081,0.0,0.017289175,0.51918155
4050,0.20785706,0.0,0.2792483,5.3723736,0.009551739,0.0,0.014982959,0.51918155
4051,0.42921424,0.0,0.15216032,5.3723736,0.009636375,0.0,0.013781266,0.51918155
4052,0.56745225,0.0,0.19607155,5.3723755,0.008101014,0.0,0.012980187,0.51918185
4053,0.3015478,0.0,0.17559123,5.372376,0.008962151,0.0,0.013867038,0.5191818
4054,0.3016597,0.0,0.16068883,5.3723774,0.008568966,0.0,0.015001409,0.51918155
4055,0.35563916,0.0,0.35106042,5.3723783,0.009571889,0.0,0.015550904,0.5191812
4056,0.19686629,0.0,0.4222307,5.372384,0.009912415,0.0,0.014848685,0.51918095
4057,0.25993735,0.0,0.15902598,5.3723907,0.011021889,0.0,0.01592034,0.519181
4058,0.3291022,0.0,0.31665236,5.3723974,0.009185475,0.0,0.016338337,0.5191805
4059,0.21112663,0.0,0.29667786,5.372404,0.007394833,0.0,0.016724478,0.5191803
4060,0.5423942,0.0,0.21300888,5.372412,0.010754305,0.0,0.012308483,0.5191807
4061,0.20879829,0.0,0.23674014,5.372417,0.009801591,0.0,0.01624739,0.5191811
4062,0.42709202,0.0,0.21904884,5.372424,0.009627085,0.0,0.016372263,0.51918143
4063,0.6602234,0.0,0.1750922,5.37243,0.0076755458,0.0,0.016484138,0.5191819
4064,0.4883766,0.0,0.17778143,5.3724346,0.00975435,0.0,0.014720132,0.5191825
4065,0.6000783,0.0,0.22404626,5.3724384,0.009086536,0.0,0.011623907,0.51918316
4066,0.43925422,0.0,0.19878812,5.3724413,0.009233976,0.0,0.016130775,0.5191836
4067,0.75309885,0.0,0.2504518,5.3724456,0.010549055,0.0,0.014769786,0.5191838
4068,0.69217,0.0,0.25738728,5.3724494,0.010561827,0.0,0.014569288,0.5191848
4069,0.29077289,0.0,0.2724236,5.3724523,0.007982459,0.0,0.016164336,0.5191862
4070,0.34196472,0.0,0.24221636,5.3724575,0.008335217,0.0,0.013527715,0.5191877
4071,0.39492956,0.0,0.18712458,5.3724623,0.010158616,0.0,0.01561612,0.5191892
4072,0.58479553,0.0,0.17792779,5.372465,0.010455268,0.0,0.013974231,0.5191905
4073,0.4006744,0.0,0.2874105,5.3724704,0.007613076,0.0,0.013204589,0.51919156
4074,0.5645128,0.0,0.24014507,5.3724747,0.008754583,0.0,0.013794951,0.51919204
4075,0.25590098,0.0,0.20617776,5.372479,0.008005332,0.0,0.014291806,0.51919246
4076,0.29028443,0.0,0.25098228,5.3724837,0.0075799823,0.0,0.014456664,0.5191926
4077,0.64543366,0.0,0.39711982,5.372489,0.013581881,0.0,0.016860811,0.5191927
4078,0.8249708,0.0,0.22747828,5.372499,0.008771489,0.0,0.016607534,0.5191926
4079,0.7529019,0.0,0.15259454,5.372507,0.00878473,0.0,0.017923567,0.5191934
4080,0.41881853,0.0,0.20157532,5.372513,0.008852353,0.0,0.012767558,0.5191948
4081,0.5719707,0.0,0.1854637,5.372519,0.011119637,0.0,0.015235188,0.5191958
4082,0.3084267,0.0,0.24088234,5.3725233,0.008028161,0.0,0.0148940515,0.5191968
4083,0.3717209,0.0,0.2097591,5.372528,0.008453551,0.0,0.017145595,0.5191979
4084,0.39868322,0.0,0.28032452,5.3725324,0.0093664825,0.0,0.015372279,0.51919866
4085,0.2769695,0.0,0.19186576,5.372536,0.008928183,0.0,0.014758384,0.51919943
4086,0.41620478,0.0,0.1715239,5.3725395,0.008255338,0.0,0.013943767,0.5192002
4087,0.36553445,0.0,0.27210465,5.372543,0.011108259,0.0,0.014063154,0.51920116
4088,0.8255284,0.0,0.14650902,5.372544,0.011020602,0.0,0.016784597,0.5192017
4089,0.266626,0.0,0.32303903,5.3725457,0.008669731,0.0,0.017461192,0.5192027
4090,0.8829055,0.0,0.12687851,5.372548,0.009022313,0.0,0.014239706,0.5192034
4091,0.19807675,0.0,0.15833488,5.3725495,0.009465284,0.0,0.015770195,0.51920456
4092,0.55595624,0.0,0.45084262,5.3725505,0.007895244,0.0,0.015810085,0.5192055
4093,0.3202955,0.0,0.28448904,5.3725514,0.009796334,0.0,0.017824208,0.5192059
4094,0.3660488,0.0,0.20099792,5.3725524,0.009008054,0.0,0.015988443,0.51920676
4095,0.5596637,0.0,0.22714487,5.3725533,0.009927522,0.0,0.012821411,0.51920784
4096,0.18742412,0.0,0.23797777,5.372555,0.01219009,0.0,0.016695015,0.5192084
4097,0.46999303,0.0,0.21592607,5.3725557,0.010623472,0.0,0.014315356,0.5192088
4098,0.47332102,0.0,0.24553548,5.372556,0.011023697,0.0,0.015840633,0.5192093
4099,0.69048184,0.0,0.13124676,5.372553,0.011179554,0.0,0.01620615,0.51920986
4100,0.59073144,0.0,0.2677738,5.372549,0.007761748,0.0,0.012758051,0.5192105
4101,0.4049869,0.0,0.24405694,5.372547,0.009160709,0.0,0.015761565,0.51921093
4102,0.38135678,0.0,0.17541932,5.3725457,0.008259287,0.0,0.01446077,0.5192112
4103,0.4121902,0.0,0.15533698,5.3725424,0.008836327,0.0,0.016584916,0.51921153
4104,0.28205138,0.0,0.20325279,5.3725395,0.0087659415,0.0,0.01770036,0.51921237
4105,0.5357905,0.0,0.14407401,5.3725386,0.008435761,0.0,0.0129374275,0.5192135
4106,0.8077721,0.0,0.5718401,5.3725376,0.0083917435,0.0,0.010952509,0.5192148
4107,0.31156352,0.0,0.2252087,5.3725343,0.010247883,0.0,0.014510679,0.51921576
4108,0.34344834,0.0,0.417999,5.3725314,0.008232134,0.0,0.01270426,0.5192168
4109,0.54997087,0.0,0.23078743,5.3725286,0.009018831,0.0,0.0148418145,0.5192175
4110,0.3401745,0.0,0.29345384,5.3725286,0.009742516,0.0,0.017153027,0.51921827
4111,0.28272152,0.0,0.20771728,5.3725266,0.009737527,0.0,0.019493496,0.5192187
4112,0.3232351,0.0,0.15315501,5.3725247,0.009301122,0.0,0.017008422,0.51921874
4113,0.506291,0.0,0.25261354,5.3725233,0.012432803,0.0,0.017327102,0.5192186
4114,0.28151238,0.0,0.15366748,5.3725195,0.010243661,0.0,0.019013766,0.51921904
4115,0.299601,0.0,0.15703061,5.3725157,0.010207226,0.0,0.0155405365,0.5192196
4116,0.47156483,0.0,0.13060041,5.372511,0.008851422,0.0,0.015422609,0.5192199
4117,0.43911573,0.0,0.18707046,5.372506,0.0083067315,0.0,0.016166545,0.51922035
4118,0.25953376,0.0,0.26336163,5.372501,0.009569234,0.0,0.014921477,0.5192212
4119,0.74963665,0.0,0.19588923,5.3724966,0.0091713015,0.0,0.013830111,0.51922184
4120,0.27383244,0.0,0.26578444,5.3724923,0.0088554425,0.0,0.017509734,0.5192227
4121,0.3113139,0.0,0.15334094,5.372488,0.008711569,0.0,0.013932156,0.51922315
4122,0.2311342,0.0,0.20592597,5.3724837,0.010273507,0.0,0.015119953,0.5192235
4123,0.29118174,0.0,0.30734122,5.3724813,0.008822804,0.0,0.01615991,0.5192239
4124,0.2918449,0.0,0.34868374,5.3724785,0.007303814,0.0,0.018352382,0.5192242
4125,0.41757336,0.0,0.31340054,5.3724747,0.008893143,0.0,0.014535587,0.51922446
4126,0.4285679,0.0,0.2864946,5.372472,0.008378496,0.0,0.015642596,0.51922435
4127,0.5090242,0.0,0.19550084,5.372469,0.00778169,0.0,0.016950697,0.519224
4128,0.32957196,0.0,0.26545843,5.3724666,0.008220027,0.0,0.018361956,0.5192235
4129,0.27711064,0.0,0.18910539,5.372463,0.008974117,0.0,0.016405428,0.5192232
4130,0.4365285,0.0,0.15876113,5.37246,0.0071414425,0.0,0.011933469,0.5192229
4131,1.2945992,0.0,0.30050772,5.372456,0.008626705,0.0,0.0154564185,0.5192226
4132,0.72819704,0.0,0.33473012,5.372454,0.009445949,0.0,0.015360269,0.51922244
4133,0.41615948,0.0,0.24910682,5.372454,0.010706679,0.0,0.0125003075,0.5192225
4134,0.29064116,0.0,0.33388633,5.372456,0.008177085,0.0,0.01387669,0.51922256
4135,0.2547528,0.0,0.18323882,5.372458,0.009593656,0.0,0.018433712,0.5192228
4136,0.2902349,0.0,0.30617267,5.3724604,0.007840666,0.0,0.015851095,0.519223
4137,0.554362,0.0,0.26486796,5.3724613,0.011178804,0.0,0.015227461,0.51922286
4138,0.37239563,0.0,0.23509942,5.372464,0.009698719,0.0,0.017467849,0.5192233
4139,0.43130183,0.0,0.19738065,5.372465,0.008305314,0.0,0.015776949,0.5192235
4140,0.37405437,0.0,0.3462233,5.372469,0.0070155435,0.0,0.014586739,0.51922333
4141,0.3983749,0.0,0.27577654,5.3724723,0.008446952,0.0,0.01543243,0.5192232
4142,0.28562143,0.0,0.25832373,5.3724756,0.009623777,0.0,0.015932903,0.519223
4143,0.772118,0.0,0.222045,5.3724813,0.012211476,0.0,0.014161607,0.51922244
4144,0.69094235,0.0,0.27382886,5.3724866,0.008461453,0.0,0.021818656,0.5192218
4145,0.8317225,0.0,0.1210682,5.3724904,0.011792947,0.0,0.016067613,0.5192209
4146,0.5725488,0.0,0.21229035,5.3724937,0.009526545,0.0,0.016893417,0.5192203
4147,0.37875596,0.0,0.15602912,5.3724947,0.009400087,0.0,0.013433795,0.51921993
4148,0.39066315,0.0,0.15172035,5.372496,0.00979961,0.0,0.019144408,0.5192197
4149,0.30266312,0.0,0.19198385,5.372498,0.009244546,0.0,0.019766882,0.5192197
4150,0.39308172,0.0,0.27143422,5.3725004,0.011503211,0.0,0.016744373,0.51921993
4151,0.3409303,0.0,0.17007728,5.3725047,0.010276899,0.0,0.015042546,0.51922005
4152,0.28131363,0.0,0.24868414,5.3725066,0.007571659,0.0,0.014451117,0.51922
4153,0.4167328,0.0,0.3416391,5.372508,0.0072778426,0.0,0.012872276,0.51921993
4154,0.52985185,0.0,0.330632,5.372512,0.009062361,0.0,0.014750277,0.51922
4155,0.42299366,0.0,0.33936095,5.372515,0.011406724,0.0,0.013084371,0.51922077
4156,0.48735562,0.0,0.26112875,5.372517,0.008447321,0.0,0.017816154,0.51922154
4157,0.6309016,0.0,0.15708275,5.3725204,0.009235047,0.0,0.013480576,0.5192224
4158,0.5970239,0.0,0.2162221,5.372521,0.0075891637,0.0,0.01662256,0.51922256
4159,0.41986263,0.0,0.24520253,5.372525,0.00820646,0.0,0.0159796,0.5192226
4160,0.4003223,0.0,0.16815996,5.372529,0.011048754,0.0,0.015728185,0.519223
4161,0.4654187,0.0,0.17267336,5.372532,0.008601018,0.0,0.013471257,0.5192234
4162,0.5864602,0.0,0.2382648,5.3725343,0.00992697,0.0,0.013996775,0.5192239
4163,0.22825696,0.0,0.15014662,5.3725348,0.008053563,0.0,0.017096628,0.519224
4164,0.24192078,0.0,0.17212257,5.3725357,0.009203523,0.0,0.015346066,0.51922417
4165,0.4696729,0.0,0.2562595,5.372536,0.00843254,0.0,0.014147101,0.51922405
4166,0.44402894,0.0,0.12574811,5.372535,0.009792599,0.0,0.015640818,0.5192241
4167,0.2933519,0.0,0.18262811,5.372536,0.008526667,0.0,0.017131906,0.5192238
4168,0.32385254,0.0,0.15331535,5.372538,0.00993346,0.0,0.014684481,0.5192237
4169,0.6849146,0.0,0.19024917,5.3725376,0.008571019,0.0,0.0154916765,0.51922387
4170,0.60287666,0.0,0.19766937,5.372536,0.008433953,0.0,0.014485072,0.51922387
4171,0.3841581,0.0,0.12678002,5.3725348,0.008037153,0.0,0.0146151045,0.51922387
4172,0.36114913,0.0,0.25299156,5.372533,0.009341482,0.0,0.015401485,0.51922417
4173,0.4710796,0.0,0.31532913,5.372528,0.009017353,0.0,0.017262233,0.5192244
4174,0.6271995,0.0,0.1369341,5.3725243,0.010079026,0.0,0.01488995,0.5192249
4175,0.34526113,0.0,0.22901146,5.3725195,0.011111279,0.0,0.01527008,0.5192253
4176,0.8988181,0.0,0.13925509,5.372515,0.008477144,0.0,0.013856651,0.5192256
4177,0.31679258,0.0,0.16927259,5.3725104,0.008888747,0.0,0.018848564,0.519226
4178,0.33918107,0.0,0.36446285,5.3725066,0.0075064646,0.0,0.015245267,0.51922584
4179,0.26230824,0.0,0.15453878,5.3725023,0.009635055,0.0,0.013797978,0.51922566
4180,0.29223645,0.0,0.15922022,5.372499,0.009431641,0.0,0.013827331,0.51922566
4181,0.71733105,0.0,0.18716055,5.3724947,0.00973702,0.0,0.014933557,0.5192258
4182,0.32204568,0.0,0.3080972,5.372488,0.008822738,0.0,0.014263179,0.5192264
4183,0.27756482,0.0,0.1375737,5.3724823,0.008366698,0.0,0.016558733,0.5192262
4184,0.6398751,0.0,0.33241645,5.372476,0.008789232,0.0,0.01403157,0.51922613
4185,0.47803333,0.0,0.2016454,5.3724713,0.008244245,0.0,0.014932495,0.51922596
4186,0.4710722,0.0,0.1428239,5.372466,0.010545005,0.0,0.015559497,0.5192261
4187,0.32552105,0.0,0.26353404,5.37246,0.009344702,0.0,0.015055029,0.51922613
4188,0.6180238,0.0,0.16571277,5.3724546,0.010913115,0.0,0.014531867,0.519226
4189,0.27039528,0.0,0.2367882,5.3724494,0.009890079,0.0,0.01220254,0.5192258
4190,0.46711507,0.0,0.4237143,5.372446,0.009048809,0.0,0.014123719,0.5192259
4191,0.29216656,0.0,0.23013957,5.372442,0.008838295,0.0,0.016107386,0.5192262
4192,0.23466203,0.0,0.36990598,5.372438,0.009708773,0.0,0.017651506,0.51922673
4193,1.1440879,0.0,0.15180531,5.3724346,0.007728733,0.0,0.019299235,0.5192268
4194,0.307768,0.0,0.2104641,5.372433,0.009311635,0.0,0.013431307,0.5192267
4195,0.5866934,0.0,0.21901622,5.3724313,0.008640183,0.0,0.013661268,0.5192267
4196,0.34873545,0.0,0.21484466,5.3724294,0.009779684,0.0,0.017508192,0.51922643
4197,0.32246342,0.0,0.27535385,5.372426,0.009748481,0.0,0.016482253,0.5192264
4198,0.2932316,0.0,0.16189598,5.3724246,0.008626089,0.0,0.012248776,0.51922625
4199,0.7471888,0.0,0.13104814,5.3724217,0.008649082,0.0,0.014393556,0.5192258
4200,0.22399567,0.0,0.4967292,5.3724184,0.009484226,0.0,0.016411833,0.5192254
4201,0.3859011,0.0,0.17366357,5.3724155,0.00855074,0.0,0.021613318,0.5192251
4202,0.45116493,0.0,0.17388771,5.3724127,0.008861681,0.0,0.016734213,0.5192253
4203,0.31842887,0.0,0.19232154,5.3724117,0.009128151,0.0,0.01791969,0.5192257
4204,0.23608407,0.0,0.15004346,5.372411,0.009824904,0.0,0.015096828,0.51922643
4205,0.26160538,0.0,0.1733194,5.37241,0.00791484,0.0,0.016734371,0.519227
4206,0.54464406,0.0,0.22082694,5.3724093,0.01075018,0.0,0.015070198,0.51922774
4207,0.22403114,0.0,0.15782924,5.3724103,0.009141767,0.0,0.01590242,0.51922846
4208,0.9008738,0.0,0.2446085,5.372412,0.008098229,0.0,0.01567189,0.5192292
4209,0.2890225,0.0,0.35388467,5.372412,0.009237756,0.0,0.015615764,0.5192297
4210,0.30507106,0.0,0.22850862,5.3724136,0.0104440795,0.0,0.015428218,0.51923037
4211,0.47618973,0.0,0.21207283,5.3724155,0.007546191,0.0,0.012467321,0.5192312
4212,0.33463848,0.0,0.43129423,5.3724165,0.009012988,0.0,0.018816195,0.519232
4213,0.31390703,0.0,0.16576333,5.3724165,0.007506638,0.0,0.014378907,0.5192327
4214,0.45557138,0.0,0.22443637,5.372418,0.007813168,0.0,0.01753094,0.519233
4215,0.45731255,0.0,0.28835973,5.372421,0.009699112,0.0,0.016905915,0.51923275
4216,0.35228196,0.0,0.25765726,5.3724236,0.009278089,0.0,0.020854402,0.5192326
4217,0.5376782,0.0,0.22377661,5.3724236,0.0103165945,0.0,0.015457911,0.51923263
4218,0.5747986,0.0,0.14223626,5.3724236,0.009791595,0.0,0.015344861,0.51923233
4219,0.31336507,0.0,0.28053585,5.3724213,0.009122401,0.0,0.01557906,0.5192322
4220,0.30979094,0.0,0.20684929,5.372418,0.008325144,0.0,0.015042552,0.5192325
4221,0.43626165,0.0,0.19176908,5.372412,0.009345639,0.0,0.01647886,0.519233
4222,0.5474147,0.0,0.26040104,5.372408,0.008205893,0.0,0.017976774,0.51923394
4223,0.43992633,0.0,0.26717865,5.372401,0.009014213,0.0,0.016270893,0.5192349
4224,0.4060637,0.0,0.18300642,5.372395,0.009718511,0.0,0.016971152,0.5192355
4225,0.2708937,0.0,0.18207413,5.3723907,0.010106942,0.0,0.014710848,0.51923585
4226,0.73801416,0.0,0.23196928,5.3723865,0.008934143,0.0,0.0118513135,0.5192362
4227,0.3035387,0.0,0.25299284,5.3723817,0.009345708,0.0,0.015023624,0.51923645
4228,0.7161178,0.0,0.22854403,5.3723793,0.010218685,0.0,0.0153701035,0.51923704
4229,0.1677217,0.0,0.20339344,5.372377,0.008759374,0.0,0.016089065,0.5192382
4230,0.6830298,0.0,0.23088597,5.372373,0.0114360815,0.0,0.016553942,0.5192394
4231,0.22528243,0.0,0.18050231,5.3723707,0.009237242,0.0,0.015116551,0.5192406
4232,0.38473395,0.0,0.15507424,5.372368,0.008813971,0.0,0.016457476,0.51924175
4233,0.7192482,0.0,0.17775613,5.3723645,0.009234644,0.0,0.013911301,0.5192431
4234,0.34699786,0.0,0.25978574,5.372362,0.011648482,0.0,0.014770794,0.5192442
4235,0.272196,0.0,0.22203253,5.372359,0.008550489,0.0,0.019575167,0.5192452
4236,0.69697607,0.0,0.33946958,5.372356,0.010043975,0.0,0.016723001,0.51924574
4237,0.5039592,0.0,0.276241,5.3723526,0.009163663,0.0,0.014679901,0.5192464
4238,0.44249037,0.0,0.28481624,5.3723497,0.011530732,0.0,0.012665319,0.51924706
4239,0.5980583,0.0,0.33934432,5.3723464,0.00808225,0.0,0.016820524,0.5192477
4240,0.30946395,0.0,0.17969307,5.3723445,0.0075121205,0.0,0.01634063,0.51924837
4241,0.28706127,0.0,0.26485917,5.3723426,0.008460127,0.0,0.013646709,0.51924866
4242,0.46379656,0.0,0.15554045,5.37234,0.009744141,0.0,0.015101267,0.51924855
4243,0.46891567,0.0,0.21514596,5.3723397,0.011183808,0.0,0.0164795,0.51924884
4244,0.3011142,0.0,0.18407378,5.3723383,0.008800524,0.0,0.013514432,0.5192498
4245,0.8405305,0.0,0.21985547,5.3723373,0.009104591,0.0,0.014325817,0.5192504
4246,0.51059514,0.0,0.17540908,5.3723364,0.012484615,0.0,0.014945254,0.5192512
4247,0.557035,0.0,0.3332814,5.372336,0.010286506,0.0,0.016173143,0.51925194
4248,0.5682799,0.0,0.2564214,5.372335,0.009158966,0.0,0.014346477,0.5192522
4249,0.39824292,0.0,0.17376809,5.372333,0.007394903,0.0,0.015694542,0.5192524
4250,0.21816076,0.0,0.27776402,5.3723297,0.009743232,0.0,0.018601667,0.51925284
4251,0.29466873,0.0,0.15156741,5.372331,0.009195346,0.0,0.018086825,0.5192531
4252,0.40960976,0.0,0.27608058,5.372332,0.011228984,0.0,0.012781774,0.5192537
4253,0.62438095,0.0,0.21678072,5.372334,0.008525329,0.0,0.01607873,0.5192547
4254,0.39002827,0.0,0.21080637,5.3723373,0.010440097,0.0,0.019018093,0.5192555
4255,0.3511883,0.0,0.42938697,5.3723392,0.011989611,0.0,0.015845504,0.519256
4256,0.34376535,0.0,0.17276613,5.372341,0.009981852,0.0,0.018163016,0.5192565
4257,0.29114386,0.0,0.15123482,5.372342,0.009394789,0.0,0.013871108,0.5192566
4258,0.34241036,0.0,0.25474548,5.3723426,0.0077729896,0.0,0.012775722,0.5192572
4259,0.31041157,0.0,0.20286655,5.3723454,0.0077994503,0.0,0.016817687,0.5192581
4260,0.45773104,0.0,0.13304748,5.372347,0.007942786,0.0,0.017003464,0.519259
4261,0.44133386,0.0,0.19363031,5.372347,0.009900573,0.0,0.016174158,0.51925963
4262,0.6741779,0.0,0.29114467,5.372348,0.0140108075,0.0,0.0150566865,0.5192604
4263,0.23518191,0.0,0.3143043,5.372348,0.008848181,0.0,0.01240823,0.51926094
4264,0.61680585,0.0,0.13105576,5.3723474,0.01057766,0.0,0.014475157,0.519262
4265,0.32795063,0.0,0.25972188,5.3723497,0.0082510235,0.0,0.013958655,0.51926273
4266,0.49872175,0.0,0.15321891,5.372352,0.009215215,0.0,0.013886387,0.5192636
4267,0.4326937,0.0,0.23102458,5.3723545,0.009255416,0.0,0.0156669,0.51926434
4268,0.3917627,0.0,0.15017086,5.372359,0.008494548,0.0,0.014720526,0.5192649
4269,0.2961579,0.0,0.28787276,5.372361,0.010386941,0.0,0.014769147,0.5192656
4270,0.42408895,0.0,0.25643647,5.3723626,0.009003565,0.0,0.015914889,0.519267
4271,0.5511802,0.0,0.18518806,5.372363,0.009501601,0.0,0.01575325,0.51926816
4272,0.70456994,0.0,0.14708774,5.372363,0.006891682,0.0,0.016533535,0.51926976
4273,0.18474121,0.0,0.16207524,5.372364,0.01277549,0.0,0.017859345,0.5192709
4274,0.57053137,0.0,0.16380902,5.372364,0.009491704,0.0,0.015188687,0.5192718
4275,0.31935984,0.0,0.21738124,5.372364,0.00912323,0.0,0.017065162,0.5192725
4276,0.2883985,0.0,0.23129837,5.372364,0.009894917,0.0,0.016287524,0.5192732
4277,0.2561597,0.0,0.31032515,5.372365,0.009413825,0.0,0.016275829,0.5192739
4278,0.46402624,0.0,0.24567227,5.3723683,0.011476015,0.0,0.015228512,0.51927465
4279,0.5229617,0.0,0.33003002,5.37237,0.009630255,0.0,0.01564709,0.5192755
4280,0.28060848,0.0,0.19761764,5.372372,0.009947251,0.0,0.015838785,0.5192761
4281,0.2739361,0.0,0.30749047,5.3723745,0.008397041,0.0,0.019346848,0.5192769
4282,0.2249202,0.0,0.27407426,5.372378,0.008498411,0.0,0.01676441,0.5192779
4283,0.36201888,0.0,0.17534196,5.372384,0.01043257,0.0,0.016636582,0.51927865
4284,0.75240666,0.0,0.19355167,5.372389,0.0090887295,0.0,0.017126516,0.5192795
4285,0.55917,0.0,0.18709171,5.372392,0.007855257,0.0,0.014780873,0.51927984
4286,0.4974111,0.0,0.25095394,5.372396,0.010176897,0.0,0.015903609,0.51928014
4287,0.3453458,0.0,0.21157241,5.3724008,0.011147434,0.0,0.014469262,0.51928097
4288,0.35018465,0.0,0.17546186,5.3724055,0.009032902,0.0,0.014115134,0.5192818
4289,0.28784302,0.0,0.2782487,5.3724113,0.007932331,0.0,0.018946607,0.51928264
4290,0.6201246,0.0,0.18466964,5.3724155,0.00996303,0.0,0.01629479,0.5192834
4291,0.49117565,0.0,0.15841338,5.372419,0.008686221,0.0,0.014409289,0.51928353
4292,0.3371191,0.0,0.19276698,5.3724213,0.009411454,0.0,0.016732082,0.51928365
4293,0.31471115,0.0,0.15460491,5.3724227,0.008681761,0.0,0.015713412,0.5192837
4294,0.48121843,0.0,0.19616343,5.3724246,0.011858461,0.0,0.013968965,0.519284
4295,0.26831394,0.0,0.22230762,5.372426,0.008937906,0.0,0.012211566,0.5192849
4296,0.3980324,0.0,0.21470684,5.3724275,0.008359758,0.0,0.016091743,0.5192856
4297,0.52956635,0.0,0.14148667,5.3724313,0.009050813,0.0,0.014322368,0.5192867
4298,0.32291144,0.0,0.24489899,5.372434,0.008308276,0.0,0.0134068625,0.51928777
4299,0.57803094,0.0,0.15497157,5.372438,0.008290808,0.0,0.016112834,0.5192885
4300,0.25073907,0.0,0.18871318,5.3724413,0.0074309167,0.0,0.016367896,0.51928926
4301,0.47496697,0.0,0.19110537,5.3724437,0.009602352,0.0,0.015870968,0.5192901
4302,0.2582131,0.0,0.20459417,5.3724465,0.011839558,0.0,0.019411108,0.5192908
4303,0.33746386,0.0,0.13960175,5.3724475,0.009453981,0.0,0.019344551,0.51929224
4304,0.4215141,0.0,0.13808997,5.3724504,0.008403946,0.0,0.019021671,0.5192933
4305,0.32972142,0.0,0.16833839,5.3724513,0.009242405,0.0,0.016198277,0.5192941
4306,0.45125872,0.0,0.22084029,5.372453,0.00901038,0.0,0.01470957,0.5192954
4307,0.5506452,0.0,0.1433931,5.3724527,0.007952554,0.0,0.017789336,0.5192966
4308,0.18721661,0.0,0.35288683,5.3724537,0.0074832006,0.0,0.014386923,0.5192978
4309,0.67136747,0.0,0.17064804,5.3724537,0.011071836,0.0,0.014268877,0.519299
4310,0.42428374,0.0,0.23461695,5.372455,0.011249522,0.0,0.013125259,0.51930004
4311,0.28917515,0.0,0.14700729,5.372456,0.010338711,0.0,0.01869743,0.5193008
4312,1.0582381,0.0,0.2706302,5.3724585,0.010819062,0.0,0.017135143,0.5193018
4313,0.3484345,0.0,0.1527995,5.3724613,0.007481637,0.0,0.014755614,0.5193025
4314,0.19862477,0.0,0.23778039,5.372464,0.009167131,0.0,0.013005943,0.51930296
4315,0.30885473,0.0,0.1883459,5.3724666,0.009836983,0.0,0.017634384,0.5193039
4316,0.3105711,0.0,0.24715783,5.372468,0.011442817,0.0,0.013821317,0.51930434
4317,0.24346893,0.0,0.23349036,5.3724694,0.010101079,0.0,0.017660465,0.5193043
4318,0.30501238,0.0,0.2857627,5.3724704,0.008994499,0.0,0.014518353,0.5193041
4319,0.5411999,0.0,0.14034319,5.3724723,0.009540912,0.0,0.01885416,0.519304
4320,0.28414336,0.0,0.2238514,5.3724737,0.009546389,0.0,0.015540564,0.51930416
4321,0.5323575,0.0,0.25968796,5.372475,0.008383838,0.0,0.015178856,0.5193041
4322,0.37722608,0.0,0.36384866,5.372477,0.010142215,0.0,0.015349362,0.5193041
4323,0.28960308,0.0,0.19772662,5.372481,0.008748517,0.0,0.016829485,0.51930463
4324,0.2782654,0.0,0.17262983,5.3724833,0.009148385,0.0,0.01893113,0.51930517
4325,0.5136724,0.0,0.24678388,5.372486,0.011018841,0.0,0.016971378,0.51930666
4326,0.18759027,0.0,0.20911577,5.3724885,0.009570777,0.0,0.011087003,0.5193086
4327,0.35047558,0.0,0.31263542,5.37249,0.008865787,0.0,0.016681634,0.51931036
4328,0.43890885,0.0,0.35307765,5.3724923,0.009062466,0.0,0.016502557,0.5193121
4329,0.2714165,0.0,0.31777462,5.372493,0.009032783,0.0,0.011761622,0.5193132
4330,0.49327686,0.0,0.19001128,5.3724904,0.009470749,0.0,0.013671083,0.5193142
4331,1.6271552,0.0,0.24506462,5.372489,0.007754554,0.0,0.014435885,0.51931477
4332,0.5679245,0.0,0.31280854,5.372485,0.008642553,0.0,0.01370548,0.5193152
4333,0.3022644,0.0,0.20867528,5.3724813,0.01077939,0.0,0.016408766,0.519315
4334,0.3529989,0.0,0.17959143,5.3724785,0.009227398,0.0,0.015708048,0.51931447
4335,0.5393358,0.0,0.36904585,5.372475,0.008500036,0.0,0.015798535,0.5193139
4336,0.32789332,0.0,0.13516419,5.3724732,0.010390224,0.0,0.01684297,0.519313
4337,0.3975029,0.0,0.15683106,5.3724723,0.008651851,0.0,0.015134061,0.5193123
4338,0.31950596,0.0,0.16946667,5.3724713,0.009832551,0.0,0.01440508,0.5193117
4339,0.22310425,0.0,0.19188471,5.37247,0.010764869,0.0,0.016542276,0.51931125
4340,0.6957084,0.0,0.16720656,5.372469,0.007739322,0.0,0.016414,0.5193113
4341,0.4439289,0.0,0.1272453,5.372465,0.00949621,0.0,0.015600247,0.5193111
4342,0.30725425,0.0,0.20088093,5.3724627,0.008317126,0.0,0.017048573,0.51931155
4343,0.22142214,0.0,0.11442038,5.3724604,0.007988481,0.0,0.018265601,0.5193122
4344,0.28917876,0.0,0.20362775,5.372459,0.008272965,0.0,0.017449759,0.5193126
4345,0.29169112,0.0,0.18752483,5.372455,0.008678245,0.0,0.013124759,0.5193128
4346,0.68761295,0.0,0.20144397,5.3724513,0.009479819,0.0,0.016438242,0.51931286
4347,0.65711045,0.0,0.25537467,5.3724504,0.010002252,0.0,0.017735625,0.5193135
4348,0.20071867,0.0,0.16588783,5.3724513,0.008800514,0.0,0.014766943,0.5193142
4349,0.44765535,0.0,0.20321713,5.3724537,0.009662201,0.0,0.016706932,0.5193147
4350,0.45513386,0.0,0.28130123,5.3724546,0.009745477,0.0,0.014136155,0.51931477
4351,0.61819327,0.0,0.19014362,5.3724604,0.009350936,0.0,0.015734132,0.5193148
4352,0.36226645,0.0,0.22675425,5.3724647,0.00865747,0.0,0.016673181,0.519315
4353,0.60408795,0.0,0.25520045,5.372469,0.0089269895,0.0,0.016138166,0.51931536
4354,0.38503984,0.0,0.25025174,5.3724732,0.009173628,0.0,0.014287401,0.51931566
4355,0.5231767,0.0,0.15817729,5.3724775,0.00917713,0.0,0.014578563,0.5193159
4356,0.35085666,0.0,0.30916625,5.3724804,0.008111341,0.0,0.013487372,0.51931596
4357,0.35119852,0.0,0.21797581,5.3724833,0.008133221,0.0,0.015102709,0.5193161
4358,0.26884922,0.0,0.15893245,5.372486,0.011674056,0.0,0.015931292,0.5193163
4359,0.36669275,0.0,0.14475848,5.3724866,0.009289667,0.0,0.015591641,0.5193162
4360,0.52225786,0.0,0.19471227,5.372489,0.011502831,0.0,0.015782233,0.51931584
4361,0.5655727,0.0,0.14504674,5.372491,0.009822142,0.0,0.015254004,0.5193155
4362,0.50935465,0.0,0.2401109,5.3724914,0.00972705,0.0,0.013715359,0.51931494
4363,0.35247886,0.0,0.2882431,5.372493,0.009081113,0.0,0.015390043,0.5193142
4364,0.78469604,0.0,0.26670232,5.3724933,0.010630283,0.0,0.015704911,0.5193135
4365,0.2737866,0.0,0.16774647,5.3724914,0.00822998,0.0,0.014576902,0.519313
4366,0.31063378,0.0,0.22895764,5.3724923,0.008739862,0.0,0.014601278,0.51931256
4367,0.42401257,0.0,0.37869328,5.372493,0.011333745,0.0,0.015399368,0.5193121
4368,0.37984642,0.0,0.43141913,5.372493,0.008644657,0.0,0.015320488,0.51931137
4369,0.92900634,0.0,0.22103956,5.372493,0.010793393,0.0,0.015355198,0.5193108
4370,0.3228175,0.0,0.22161561,5.372494,0.008133481,0.0,0.01560195,0.5193101
4371,0.4375963,0.0,0.19364397,5.372492,0.011167486,0.0,0.017888065,0.5193098
4372,0.3118577,0.0,0.29547426,5.3724904,0.009924466,0.0,0.016485501,0.51930934
4373,0.41852495,0.0,0.4191819,5.372491,0.009416158,0.0,0.014192316,0.51930904
4374,0.27865535,0.0,0.23884773,5.3724914,0.009023246,0.0,0.015752092,0.51930875
4375,0.21467529,0.0,0.29480606,5.3724933,0.0103839915,0.0,0.015140004,0.5193089
4376,0.55127305,0.0,0.289712,5.372493,0.008981749,0.0,0.015403163,0.51930964
4377,0.68119794,0.0,0.2037894,5.3724933,0.010182372,0.0,0.015842203,0.51930994
4378,0.29133257,0.0,0.2285715,5.372491,0.007976853,0.0,0.016279938,0.5193104
4379,0.7213399,0.0,0.19381407,5.372489,0.009002369,0.0,0.014938627,0.51931083
4380,0.44393423,0.0,0.45537165,5.3724866,0.009274174,0.0,0.017869726,0.51931137
4381,0.35111952,0.0,0.42421713,5.372485,0.007720737,0.0,0.016271714,0.51931256
4382,0.29341516,0.0,0.2320487,5.3724847,0.010084323,0.0,0.01368406,0.51931363
4383,0.41959965,0.0,0.20188382,5.3724847,0.008598473,0.0,0.01510478,0.5193146
4384,0.45364833,0.0,0.28859922,5.372483,0.009377627,0.0,0.02040126,0.5193154
4385,0.67473686,0.0,0.27443597,5.372484,0.009213316,0.0,0.0154925855,0.51931566
4386,0.5085155,0.0,0.17480738,5.372487,0.0100390725,0.0,0.015835322,0.5193155
4387,0.5211512,0.0,0.2303641,5.37249,0.009826209,0.0,0.016305055,0.5193148
4388,0.38190413,0.0,0.22721656,5.3724923,0.011541509,0.0,0.014965188,0.5193142
4389,0.5122522,0.0,0.1579616,5.3724947,0.008925497,0.0,0.014605461,0.5193132
4390,0.34911165,0.0,0.15916178,5.372497,0.0085173845,0.0,0.016012333,0.51931256
4391,0.5176182,0.0,0.3831492,5.372501,0.010156671,0.0,0.015541663,0.51931185
4392,0.29803833,0.0,0.1611886,5.3725066,0.009292943,0.0,0.013842277,0.51931065
4393,0.4108507,0.0,0.14533009,5.3725123,0.008516418,0.0,0.015669996,0.5193095
4394,0.35231707,0.0,0.1835309,5.372517,0.0078102886,0.0,0.016016867,0.51930827
4395,0.29955563,0.0,0.2739634,5.372522,0.010423086,0.0,0.01941274,0.5193068
4396,0.44695672,0.0,0.18294598,5.3725276,0.009484666,0.0,0.015977569,0.5193057
4397,0.3285887,0.0,0.1238426,5.372532,0.009124175,0.0,0.019338429,0.51930493
4398,0.24292886,0.0,0.17389639,5.3725348,0.010552109,0.0,0.015774738,0.5193039
4399,0.19017448,0.0,0.21280695,5.372536,0.009342106,0.0,0.01583258,0.519303
4400,0.63913214,0.0,0.22403924,5.372538,0.010121519,0.0,0.0145663,0.5193021
4401,0.2991479,0.0,0.17583479,5.3725386,0.009777648,0.0,0.017209485,0.5193014
4402,0.43985832,0.0,0.30811566,5.3725395,0.010456207,0.0,0.01374815,0.5193006
4403,0.35877907,0.0,0.12849525,5.372541,0.007271581,0.0,0.015639784,0.5192996
4404,0.44651985,0.0,0.26152092,5.372543,0.009064753,0.0,0.016946483,0.51929903
4405,0.18829615,0.0,0.2440802,5.3725443,0.011225349,0.0,0.0127580175,0.5192979
4406,0.7045955,0.0,0.14767042,5.372545,0.00820254,0.0,0.015564372,0.51929677
4407,0.23880889,0.0,0.33023793,5.372545,0.0088503,0.0,0.015182063,0.5192957
4408,0.24525002,0.0,0.1820286,5.3725452,0.007730184,0.0,0.014223395,0.5192946
4409,0.42656335,0.0,0.22287484,5.3725457,0.00928599,0.0,0.015788283,0.519293
4410,0.4000371,0.0,0.16719854,5.372547,0.0079142675,0.0,0.01445484,0.5192916
4411,0.27222034,0.0,0.19713588,5.372549,0.009154889,0.0,0.0166984,0.51929
4412,0.8466697,0.0,0.20247415,5.3725514,0.010396568,0.0,0.019162908,0.5192889
4413,0.65756655,0.0,0.16111393,5.3725514,0.008852841,0.0,0.017039638,0.5192882
4414,0.23918054,0.0,0.27443883,5.372552,0.0080083925,0.0,0.014911518,0.51928747
4415,0.5116039,0.0,0.13890542,5.3725514,0.01151801,0.0,0.016573103,0.51928717
4416,0.33695823,0.0,0.18356867,5.372551,0.008797723,0.0,0.015181352,0.5192867
4417,0.6416074,0.0,0.2264714,5.372551,0.008089986,0.0,0.013920151,0.51928633
4418,0.47198728,0.0,0.242275,5.3725514,0.010425466,0.0,0.013920959,0.5192869
4419,0.5280269,0.0,0.12796949,5.3725524,0.008377408,0.0,0.015288357,0.5192873
4420,0.37858123,0.0,0.22474234,5.372553,0.007827416,0.0,0.018810205,0.51928735
4421,0.31849238,0.0,0.29112017,5.372553,0.0106474105,0.0,0.015967846,0.5192866
4422,0.21175192,0.0,0.21216457,5.3725524,0.009644507,0.0,0.014329515,0.519286
4423,0.35814908,0.0,0.26699877,5.3725514,0.008694815,0.0,0.017649828,0.5192855
4424,0.90241474,0.0,0.36260214,5.372554,0.008246533,0.0,0.013681625,0.5192845
4425,0.4273438,0.0,0.16221231,5.372557,0.008374194,0.0,0.014046159,0.51928353
4426,0.2370377,0.0,0.39260554,5.3725595,0.008466445,0.0,0.015900634,0.5192824
4427,0.42611015,0.0,0.28006312,5.3725615,0.0101487,0.0,0.017811893,0.5192814
4428,0.3916209,0.0,0.15286595,5.3725624,0.009306872,0.0,0.01601041,0.5192806
4429,0.76002103,0.0,0.13319753,5.3725634,0.0075435867,0.0,0.014256748,0.51928
4430,0.760842,0.0,0.24220417,5.3725634,0.008599987,0.0,0.014511814,0.5192794
4431,0.4191829,0.0,0.21862972,5.372565,0.009126548,0.0,0.01760584,0.5192788
4432,0.43027538,0.0,0.19557881,5.372566,0.009703441,0.0,0.01644659,0.5192785
4433,0.501967,0.0,0.27554563,5.372567,0.008685601,0.0,0.015078792,0.5192781
4434,0.2258688,0.0,0.24082781,5.3725686,0.009676238,0.0,0.012690654,0.5192789
4435,0.43230692,0.0,0.30053034,5.372569,0.0077129924,0.0,0.016989958,0.5192797
4436,0.54263467,0.0,0.30725953,5.3725705,0.008339997,0.0,0.012557122,0.5192807
4437,0.3484015,0.0,0.18792348,5.3725715,0.0095701385,0.0,0.018165661,0.5192813
4438,0.55932164,0.0,0.12915483,5.3725705,0.008450917,0.0,0.01524255,0.5192819
4439,0.35253957,0.0,0.20432158,5.372569,0.009152038,0.0,0.017318014,0.51928264
4440,0.3412732,0.0,0.17267865,5.3725686,0.008170918,0.0,0.015684763,0.5192836
4441,0.5395667,0.0,0.15075237,5.372568,0.011819907,0.0,0.014408134,0.5192843
4442,0.59615034,0.0,0.23886341,5.372568,0.009541238,0.0,0.018826699,0.51928484
4443,0.46735844,0.0,0.23355551,5.3725667,0.0063861036,0.0,0.017317291,0.5192848
4444,0.5702374,0.0,0.21438678,5.3725653,0.009809684,0.0,0.014586322,0.51928455
4445,0.63999045,0.0,0.23163831,5.372565,0.00889263,0.0,0.015130024,0.51928425
4446,0.41287634,0.0,0.28727922,5.372559,0.0071967863,0.0,0.01596953,0.5192837
4447,0.22814548,0.0,0.17176428,5.3725567,0.009071342,0.0,0.013317971,0.5192838
4448,0.4602273,0.0,0.22678266,5.372555,0.0075578704,0.0,0.015263183,0.519284
4449,0.5923173,0.0,0.34659404,5.3725533,0.007950156,0.0,0.017120365,0.5192842
4450,0.23052876,0.0,0.2716639,5.3725514,0.0085035665,0.0,0.01723793,0.5192838
4451,0.35191992,0.0,0.23311986,5.37255,0.008423491,0.0,0.016415825,0.5192831
4452,0.3669261,0.0,0.23321533,5.372549,0.008100071,0.0,0.013399851,0.5192829
4453,0.30903232,0.0,0.13201587,5.3725505,0.008046617,0.0,0.019054793,0.5192826
4454,0.26372698,0.0,0.16403303,5.372551,0.008097502,0.0,0.015184803,0.51928246
4455,0.4728951,0.0,0.32884645,5.37255,0.008057828,0.0,0.015263736,0.51928216
4456,0.8088336,0.0,0.27537432,5.372548,0.007674025,0.0,0.012231247,0.5192818
4457,0.34587067,0.0,0.16786335,5.372547,0.009487423,0.0,0.016277928,0.51928145
4458,1.027101,0.0,0.2917928,5.372547,0.009569375,0.0,0.01489858,0.5192809
4459,0.24148495,0.0,0.16790381,5.3725486,0.008106111,0.0,0.015335403,0.5192803
4460,0.7745673,0.0,0.24591364,5.372549,0.010008323,0.0,0.016125731,0.5192798
4461,0.30760935,0.0,0.17260064,5.372551,0.010511787,0.0,0.014118683,0.51927936
4462,0.51031554,0.0,0.19624338,5.3725543,0.010772563,0.0,0.01932269,0.51927894
4463,0.6069234,0.0,0.29336974,5.372556,0.008084436,0.0,0.015264444,0.5192786
4464,0.66202706,0.0,0.14935368,5.3725576,0.008944635,0.0,0.014734287,0.5192785
4465,0.4133238,0.0,0.18475246,5.3725595,0.009052809,0.0,0.017840512,0.51927847
4466,0.4206596,0.0,0.13185732,5.3725605,0.010683137,0.0,0.015180961,0.519279
4467,0.18067142,0.0,0.24930789,5.3725605,0.010903415,0.0,0.018771611,0.51927954
4468,0.5060709,0.0,0.14118424,5.3725605,0.0068812156,0.0,0.014499878,0.5192794
4469,0.5765856,0.0,0.22681724,5.372559,0.008810831,0.0,0.014206782,0.51927954
4470,0.45170602,0.0,0.20977066,5.3725567,0.007942296,0.0,0.014794504,0.51927954
4471,0.3935163,0.0,0.19915368,5.372555,0.0071060513,0.0,0.013613312,0.5192795
4472,0.35753325,0.0,0.25641236,5.3725524,0.008760485,0.0,0.017114509,0.5192798
4473,0.36301187,0.0,0.23585992,5.3725505,0.009848878,0.0,0.015126994,0.5192799
4474,0.32798743,0.0,0.25084883,5.3725486,0.009240583,0.0,0.017509928,0.51927996
4475,0.2464725,0.0,0.19621712,5.3725476,0.007836399,0.0,0.016395262,0.51927996
4476,0.27999413,0.0,0.1680296,5.3725443,0.008149314,0.0,0.019699756,0.5192799
4477,0.29433614,0.0,0.18851231,5.3725452,0.010367077,0.0,0.0124429,0.51928014
4478,0.579747,0.0,0.20922136,5.372546,0.008521781,0.0,0.016884387,0.51928025
4479,0.29652205,0.0,0.15231979,5.3725467,0.009859247,0.0,0.0124060195,0.5192807
4480,0.28116262,0.0,0.36740038,5.3725467,0.008779461,0.0,0.014006692,0.51928085
4481,0.27380314,0.0,0.27472085,5.372543,0.008480329,0.0,0.018048052,0.5192811
4482,0.53571343,0.0,0.16615836,5.372537,0.009329645,0.0,0.013474942,0.5192815
4483,0.28217658,0.0,0.30051187,5.3725314,0.0095198555,0.0,0.017239539,0.5192818
4484,0.56304014,0.0,0.22565867,5.372528,0.008171312,0.0,0.013660127,0.5192826
4485,0.67217416,0.0,0.19461969,5.372524,0.010082649,0.0,0.015717324,0.5192831
4486,0.34177873,0.0,0.15191878,5.372518,0.008762151,0.0,0.0143683,0.5192833
4487,0.23347175,0.0,0.31660298,5.372513,0.009458777,0.0,0.013721445,0.5192834
4488,0.23389803,0.0,0.131196,5.372508,0.009598616,0.0,0.016100975,0.51928365
4489,0.29767716,0.0,0.29028243,5.372502,0.010151384,0.0,0.016659122,0.5192841
4490,0.31799814,0.0,0.32824925,5.372495,0.008381078,0.0,0.01446611,0.5192849
4491,0.5408062,0.0,0.14837004,5.372489,0.008583371,0.0,0.017079396,0.5192856
4492,0.2624024,0.0,0.19211629,5.3724823,0.008697736,0.0,0.013632924,0.5192869
4493,0.28345838,0.0,0.14153261,5.372476,0.007842302,0.0,0.01311724,0.51928777
4494,0.22576644,0.0,0.23814236,5.3724704,0.007914782,0.0,0.015418177,0.51928824
4495,0.3440679,0.0,0.30454457,5.3724656,0.009575515,0.0,0.015485609,0.51928866
4496,0.22432889,0.0,0.18631819,5.3724613,0.009904462,0.0,0.014070021,0.51928973
4497,0.35473344,0.0,0.28977808,5.372458,0.009577315,0.0,0.016446106,0.519291
4498,0.3727082,0.0,0.23332669,5.3724566,0.009206328,0.0,0.013840112,0.51929206
4499,0.40395272,0.0,0.12208249,5.372455,0.010765254,0.0,0.016227467,0.5192927
4500,0.56244206,0.0,0.2893769,5.372453,0.009398753,0.0,0.015488811,0.5192933
4501,0.4171391,0.0,0.2068122,5.3724537,0.009966161,0.0,0.01425609,0.5192939
4502,0.40394327,0.0,0.21876721,5.3724546,0.007636471,0.0,0.014956467,0.51929486
4503,0.22273894,0.0,0.31096804,5.372457,0.009121912,0.0,0.016261997,0.5192959
4504,1.186529,0.0,0.18036884,5.3724604,0.0095194755,0.0,0.0149102695,0.5192968
4505,0.39165813,0.0,0.17950588,5.3724623,0.008068388,0.0,0.012484068,0.5192976
4506,0.5168559,0.0,0.2675598,5.372468,0.008970469,0.0,0.015378205,0.5192979
4507,0.46074656,0.0,0.1663275,5.3724732,0.008806688,0.0,0.0142202545,0.5192982
4508,0.36270413,0.0,0.21495758,5.372479,0.013423671,0.0,0.012855689,0.51929814
4509,0.22808418,0.0,0.18151955,5.3724847,0.008971596,0.0,0.0156200025,0.51929796
4510,0.34833682,0.0,0.24307373,5.3724895,0.008430368,0.0,0.016524954,0.51929814
4511,0.2907607,0.0,0.22707666,5.3724947,0.010095379,0.0,0.013723016,0.5192981
4512,0.33642203,0.0,0.35622713,5.3724985,0.008765947,0.0,0.016238164,0.5192979
4513,0.1847471,0.0,0.2512754,5.372503,0.009992334,0.0,0.016562505,0.5192976
4514,0.5508228,0.0,0.24645191,5.372508,0.010984277,0.0,0.015130842,0.5192974
4515,0.50247806,0.0,0.2625088,5.372512,0.008056912,0.0,0.0155856125,0.51929784
4516,0.58684814,0.0,0.24437918,5.3725147,0.009534668,0.0,0.018487288,0.5192982
4517,0.32803363,0.0,0.31118613,5.3725166,0.010217825,0.0,0.014017565,0.51929826
4518,0.51726127,0.0,0.38207254,5.372518,0.010214544,0.0,0.016753204,0.51929814
4519,0.585958,0.0,0.34520134,5.3725214,0.009572319,0.0,0.01412732,0.5192976
4520,0.3854251,0.0,0.28263152,5.3725286,0.009122375,0.0,0.01235999,0.51929706
4521,0.49642476,0.0,0.21917373,5.37254,0.0077739046,0.0,0.013989387,0.51929635
4522,0.737923,0.0,0.28254429,5.3725514,0.009560469,0.0,0.017628565,0.5192956
4523,0.43850386,0.0,0.19169202,5.372563,0.010124575,0.0,0.016836176,0.5192943
4524,0.19131167,0.0,0.28995055,5.3725724,0.009426628,0.0,0.012901511,0.51929325
4525,0.62636447,0.0,0.16660532,5.3725805,0.009154003,0.0,0.0148448525,0.5192923
4526,0.47045475,0.0,0.14101508,5.3725863,0.010215597,0.0,0.014445904,0.5192913
4527,0.16989626,0.0,0.30361602,5.3725924,0.008501308,0.0,0.015804876,0.519291
4528,0.42456838,0.0,0.20494454,5.3725977,0.0088092415,0.0,0.013122863,0.5192905
4529,0.3313412,0.0,0.15234058,5.3726015,0.0070773526,0.0,0.0133849075,0.5192901
4530,0.36500326,0.0,0.32735518,5.3726044,0.008550453,0.0,0.014658337,0.51928943
4531,0.22979511,0.0,0.31059894,5.37261,0.00930739,0.0,0.017347846,0.5192893
4532,0.46386656,0.0,0.33893263,5.372615,0.009121138,0.0,0.014804461,0.51928914
4533,0.65327597,0.0,0.293149,5.3726196,0.009477573,0.0,0.014494241,0.51928914
4534,0.20364489,0.0,0.1962997,5.372625,0.010307504,0.0,0.017551068,0.5192889
4535,0.46156138,0.0,0.17821972,5.3726296,0.011553616,0.0,0.0152853755,0.51928884
4536,0.4104652,0.0,0.1363393,5.3726335,0.0093877,0.0,0.016870566,0.5192884
4537,0.36493403,0.0,0.24176428,5.372636,0.009051236,0.0,0.014047538,0.5192882
4538,0.4180409,0.0,0.39399695,5.3726387,0.0098813055,0.0,0.015096278,0.5192877
4539,0.37466183,0.0,0.23117912,5.372645,0.008380227,0.0,0.013567178,0.51928735
4540,0.32997942,0.0,0.25039354,5.3726497,0.01138876,0.0,0.01457125,0.51928705
4541,0.3769329,0.0,0.34410226,5.3726535,0.008837884,0.0,0.01564069,0.5192867
4542,0.5253713,0.0,0.29517135,5.372658,0.00796521,0.0,0.0136041725,0.51928645
4543,0.4190538,0.0,0.22554111,5.3726606,0.00906789,0.0,0.015356921,0.5192856
4544,0.41154486,0.0,0.16682975,5.3726645,0.007981392,0.0,0.015736256,0.519285
4545,0.29737034,0.0,0.25180474,5.3726683,0.009643905,0.0,0.014217876,0.51928437
4546,0.35079443,0.0,0.25138357,5.372669,0.007891531,0.0,0.017802201,0.5192836
4547,1.0828221,0.0,0.15358604,5.3726697,0.007131782,0.0,0.015737277,0.51928294
4548,0.4158448,0.0,0.2374101,5.372669,0.007823184,0.0,0.015821464,0.5192821
4549,0.34519577,0.0,0.42708787,5.3726707,0.008550836,0.0,0.016626712,0.5192818
4550,0.668006,0.0,0.5070703,5.372673,0.01122961,0.0,0.017436158,0.5192815
4551,0.5935543,0.0,0.2580644,5.3726826,0.009044175,0.0,0.014202625,0.51928085
4552,0.23258923,0.0,0.2177685,5.372691,0.009569566,0.0,0.013349793,0.51928
4553,0.23309729,0.0,0.1544913,5.3726997,0.009599104,0.0,0.017629925,0.51927906
4554,0.32579535,0.0,0.17334983,5.3727064,0.009215275,0.0,0.015294842,0.51927906
4555,0.29459283,0.0,0.21159567,5.3727126,0.008841439,0.0,0.019385269,0.5192791
4556,0.48648885,0.0,0.20471524,5.372717,0.0071702795,0.0,0.016000614,0.519279
4557,0.29411164,0.0,0.3357505,5.3727207,0.009821012,0.0,0.013930545,0.5192786
4558,0.22038092,0.0,0.22738694,5.3727226,0.0086622145,0.0,0.017020473,0.5192783
4559,0.43092322,0.0,0.26398247,5.3727226,0.009502811,0.0,0.015302871,0.51927876
4560,0.46483183,0.0,0.13834213,5.3727226,0.008087043,0.0,0.013526892,0.5192788
4561,0.36365193,0.0,0.14392044,5.3727217,0.008834825,0.0,0.013947511,0.51927906
4562,0.26709846,0.0,0.21670379,5.372723,0.008009135,0.0,0.015775753,0.5192789
4563,0.45087698,0.0,0.24935593,5.3727245,0.009087944,0.0,0.013035656,0.51927847
4564,0.41826355,0.0,0.16654813,5.372726,0.009673591,0.0,0.014335302,0.51927793
4565,0.32948297,0.0,0.28840148,5.3727255,0.010434134,0.0,0.014910394,0.51927775
4566,0.26852047,0.0,0.34475377,5.3727274,0.010751879,0.0,0.015769284,0.5192777
4567,0.6013604,0.0,0.6158006,5.372731,0.009433487,0.0,0.015157277,0.51927805
4568,0.48371303,0.0,0.22859523,5.372734,0.008744251,0.0,0.014050716,0.5192785
4569,0.25137952,0.0,0.33389586,5.3727365,0.01087519,0.0,0.015599875,0.5192787
4570,0.17616674,0.0,0.2254195,5.3727393,0.01127251,0.0,0.013693295,0.5192789
4571,0.5963081,0.0,0.19534908,5.372743,0.008907898,0.0,0.013193274,0.51927876
4572,0.34686598,0.0,0.22954684,5.3727474,0.008134438,0.0,0.014456581,0.51927876
4573,0.64281595,0.0,0.25835362,5.3727508,0.008448505,0.0,0.018456051,0.5192786
4574,0.5450856,0.0,0.3492723,5.3727508,0.008855305,0.0,0.01185977,0.5192783
4575,0.31982347,0.0,0.3119547,5.3727517,0.007849205,0.0,0.017806705,0.51927817
4576,0.40075675,0.0,0.1451686,5.372753,0.0090473015,0.0,0.015431592,0.51927775
4577,0.58232236,0.0,0.24891144,5.3727536,0.009156768,0.0,0.013989854,0.51927704
4578,0.4321466,0.0,0.24531418,5.3727555,0.010020201,0.0,0.018209089,0.5192763
4579,0.43242303,0.0,0.16822338,5.372757,0.010009496,0.0,0.016591726,0.5192758
4580,0.27215153,0.0,0.20917164,5.372759,0.007483594,0.0,0.015303638,0.5192752
4581,0.739894,0.0,0.1862796,5.3727612,0.0082627935,0.0,0.020586675,0.5192748
4582,0.39267138,0.0,0.30541465,5.372761,0.0093781715,0.0,0.014215704,0.5192744
4583,0.29924387,0.0,0.36100268,5.372761,0.009250658,0.0,0.016638713,0.51927423
4584,0.2489689,0.0,0.19995238,5.372758,0.008551853,0.0,0.014497678,0.5192746
4585,0.20066366,0.0,0.14732333,5.3727565,0.010513672,0.0,0.01835849,0.5192748
4586,0.38613686,0.0,0.1957232,5.3727546,0.009025765,0.0,0.014171901,0.5192745
4587,0.2369847,0.0,0.20200548,5.3727517,0.010516295,0.0,0.015005764,0.5192741
4588,0.4418693,0.0,0.220941,5.3727484,0.009889125,0.0,0.015109138,0.519274
4589,0.2703319,0.0,0.16599587,5.3727465,0.009724467,0.0,0.015228678,0.519274
4590,0.22102758,0.0,0.22829482,5.372744,0.009829843,0.0,0.016504211,0.5192739
4591,0.66068155,0.0,0.14300908,5.372742,0.007099269,0.0,0.015190171,0.5192738
4592,0.43881434,0.0,0.2231911,5.3727407,0.009405205,0.0,0.01864337,0.5192733
4593,0.34336442,0.0,0.1554454,5.372739,0.007856002,0.0,0.015263949,0.51927304
4594,0.42970726,0.0,0.17782187,5.372735,0.010352446,0.0,0.016941812,0.51927274
4595,0.9943001,0.0,0.23598534,5.3727317,0.008929717,0.0,0.017053029,0.51927227
4596,0.3372064,0.0,0.14162016,5.372729,0.009701218,0.0,0.017543247,0.5192721
4597,0.6188858,0.0,0.23228478,5.372726,0.0082182055,0.0,0.017281447,0.5192721
4598,0.5122286,0.0,0.1360853,5.3727236,0.008783568,0.0,0.01690316,0.51927245
4599,0.41688523,0.0,0.2409373,5.3727202,0.007727314,0.0,0.014932595,0.51927257
4600,0.3698849,0.0,0.20515917,5.372718,0.0074715903,0.0,0.013951225,0.51927286
4601,0.21199624,0.0,0.17077976,5.372716,0.010477928,0.0,0.015034519,0.51927376
4602,0.42496443,0.0,0.12672253,5.3727136,0.0070738434,0.0,0.014876537,0.5192743
4603,0.47026396,0.0,0.29623377,5.372711,0.009320249,0.0,0.013144666,0.5192747
4604,0.28896263,0.0,0.17280786,5.37271,0.010501767,0.0,0.017016273,0.51927537
4605,0.4799209,0.0,0.14511532,5.3727093,0.008698719,0.0,0.016235413,0.5192756
4606,0.28281903,0.0,0.21162431,5.3727074,0.008561421,0.0,0.017039811,0.51927555
4607,0.67281973,0.0,0.14797775,5.372704,0.008552111,0.0,0.016553123,0.51927555
4608,0.25764266,0.0,0.52733433,5.3727007,0.008927003,0.0,0.016700739,0.5192752
4609,0.38597772,0.0,0.26930162,5.372696,0.0065799667,0.0,0.016125007,0.51927483
4610,0.335562,0.0,0.17546074,5.3726954,0.009821527,0.0,0.012630096,0.51927406
4611,0.27471626,0.0,0.23162585,5.3726945,0.009005203,0.0,0.018233052,0.5192733
4612,0.4075136,0.0,0.31712127,5.3726907,0.008027038,0.0,0.013452153,0.519273
4613,0.7620355,0.0,0.30083197,5.3726864,0.010477694,0.0,0.013762538,0.51927257
4614,0.2997411,0.0,0.41870412,5.3726835,0.008921183,0.0,0.013055877,0.5192725
4615,0.42220092,0.0,0.16233802,5.3726797,0.008908101,0.0,0.015967576,0.5192723
4616,0.35625616,0.0,0.18904944,5.3726754,0.008014782,0.0,0.013100895,0.5192723
4617,0.42139286,0.0,0.17172278,5.3726716,0.009428367,0.0,0.014367031,0.5192719
4618,0.57916135,0.0,0.26488814,5.3726664,0.009753237,0.0,0.01475914,0.5192711
4619,0.29239804,0.0,0.26903778,5.3726635,0.008464704,0.0,0.017077457,0.5192703
4620,0.32864833,0.0,0.16484955,5.3726583,0.0091840625,0.0,0.014837973,0.51926935
4621,0.38686207,0.0,0.21742083,5.372654,0.011224278,0.0,0.014756546,0.5192684
4622,0.6786211,0.0,0.1698308,5.372648,0.009750318,0.0,0.015964363,0.5192676
4623,0.49950096,0.0,0.14434405,5.372643,0.008506323,0.0,0.016196268,0.5192664
4624,0.20602733,0.0,0.17398085,5.372638,0.008857209,0.0,0.01793363,0.51926535
4625,0.5465401,0.0,0.14588621,5.372634,0.0071345456,0.0,0.016572228,0.5192641
4626,0.44994277,0.0,0.31952506,5.3726287,0.009898464,0.0,0.013786838,0.51926243
4627,1.0159701,0.0,0.14039111,5.3726234,0.009565952,0.0,0.014085166,0.519261
4628,0.82591134,0.0,0.17906608,5.372619,0.008939199,0.0,0.015121533,0.5192594
4629,0.2623679,0.0,0.1930101,5.372616,0.009956618,0.0,0.015144039,0.5192584
4630,0.75139487,0.0,0.17387298,5.3726134,0.008373334,0.0,0.014513891,0.5192577
4631,0.30376068,0.0,0.15398622,5.3726115,0.009185608,0.0,0.014801296,0.5192573
4632,0.42331913,0.0,0.25023636,5.3726087,0.0066513685,0.0,0.014138562,0.5192571
4633,0.42641193,0.0,0.454886,5.372608,0.011361314,0.0,0.013890598,0.51925695
4634,0.6811932,0.0,0.19843857,5.372609,0.009391289,0.0,0.0130675975,0.51925665
4635,0.20816447,0.0,0.2051848,5.3726106,0.009192139,0.0,0.015125526,0.5192559
4636,0.2597049,0.0,0.19573419,5.372612,0.008902613,0.0,0.01485222,0.51925516
4637,0.60429406,0.0,0.2492252,5.3726125,0.009902827,0.0,0.0150899235,0.5192545
4638,0.27594346,0.0,0.16361585,5.3726144,0.010469088,0.0,0.016852958,0.5192537
4639,0.21772335,0.0,0.20660523,5.3726172,0.011944898,0.0,0.012189303,0.5192535
4640,0.275343,0.0,0.24129274,5.372621,0.012589296,0.0,0.014290375,0.5192535
4641,0.25454772,0.0,0.13881186,5.372624,0.009693927,0.0,0.015405958,0.5192533
4642,0.31306097,0.0,0.21423751,5.3726273,0.007842866,0.0,0.012374996,0.51925325
4643,0.65799373,0.0,0.24507321,5.37263,0.009997958,0.0,0.012234972,0.5192532
4644,0.4452804,0.0,0.38424015,5.3726325,0.009169876,0.0,0.013177855,0.5192534
4645,0.3092974,0.0,0.19424331,5.3726363,0.008180536,0.0,0.013059056,0.51925313
4646,0.25196368,0.0,0.37930104,5.372639,0.009668989,0.0,0.015744936,0.5192532
4647,0.33186674,0.0,0.19917484,5.372643,0.009660611,0.0,0.014822063,0.5192537
4648,0.32227543,0.0,0.21515587,5.3726444,0.0091546625,0.0,0.014640403,0.519254
4649,0.31146502,0.0,0.19641802,5.372648,0.00812631,0.0,0.015176375,0.5192541
4650,0.2703033,0.0,0.12033915,5.372651,0.00761485,0.0,0.016862229,0.51925397
4651,0.50123423,0.0,0.17937914,5.3726535,0.0092831645,0.0,0.014177387,0.5192538
4652,0.3649792,0.0,0.1700981,5.372656,0.009830229,0.0,0.01722383,0.51925343
4653,0.5273298,0.0,0.30827025,5.372656,0.008126127,0.0,0.01803217,0.5192531
4654,0.38740042,0.0,0.117850766,5.3726597,0.010931883,0.0,0.015136259,0.51925397
4655,0.44194868,0.0,0.21171106,5.3726635,0.0091432035,0.0,0.015470022,0.5192551
4656,0.4246892,0.0,0.16255441,5.372666,0.011499031,0.0,0.016003933,0.5192555
4657,0.46488875,0.0,0.17158715,5.372668,0.008599261,0.0,0.013724704,0.51925623
4658,0.27103707,0.0,0.23343131,5.372667,0.008666246,0.0,0.013801639,0.5192571
4659,0.425843,0.0,0.25947466,5.3726683,0.0074253124,0.0,0.014472365,0.5192577
4660,0.31471312,0.0,0.22442582,5.372669,0.00904917,0.0,0.013846045,0.51925796
4661,0.42431203,0.0,0.15527004,5.3726707,0.008019174,0.0,0.01431632,0.5192585
4662,0.5223764,0.0,0.17315905,5.372671,0.009045127,0.0,0.015576778,0.51925904
4663,0.33204842,0.0,0.29970503,5.372671,0.008334363,0.0,0.015701536,0.51925987
4664,0.33679238,0.0,0.2801572,5.3726716,0.011206897,0.0,0.014650492,0.51926064
4665,0.39297035,0.0,0.23375337,5.372671,0.009790732,0.0,0.016615797,0.51926106
4666,0.3322193,0.0,0.16510174,5.37267,0.0100170225,0.0,0.018096551,0.5192613
4667,0.29304564,0.0,0.21145518,5.372669,0.010755342,0.0,0.012903091,0.51926154
4668,0.31032214,0.0,0.21306613,5.37267,0.008794252,0.0,0.0155898975,0.51926154
4669,0.8627099,0.0,0.24345149,5.372672,0.010017309,0.0,0.018277206,0.5192617
4670,0.4630645,0.0,0.15213428,5.3726735,0.0074692233,0.0,0.01589903,0.5192617
4671,0.57834685,0.0,0.15938967,5.372676,0.008196799,0.0,0.01378991,0.51926154
4672,0.23846509,0.0,0.2730322,5.3726783,0.007942881,0.0,0.016150028,0.5192616
4673,0.529514,0.0,0.32039195,5.3726816,0.008930388,0.0,0.017704645,0.51926184
4674,0.37784386,0.0,0.33384582,5.3726835,0.008079187,0.0,0.014889939,0.5192618
4675,0.95786613,0.0,0.20615545,5.372684,0.00766926,0.0,0.013582584,0.5192617
4676,0.36210316,0.0,0.1774025,5.372685,0.0095603345,0.0,0.01672934,0.5192615
4677,0.41889176,0.0,0.14761044,5.372686,0.009089944,0.0,0.015009349,0.5192611
4678,0.3975559,0.0,0.2004456,5.3726854,0.007958885,0.0,0.019355264,0.519261
4679,0.29087102,0.0,0.25800273,5.3726845,0.0085416585,0.0,0.015788084,0.5192617
4680,0.3651055,0.0,0.25207934,5.3726826,0.009188172,0.0,0.011702645,0.5192624
4681,0.2957641,0.0,0.23262922,5.3726845,0.010321511,0.0,0.016670758,0.5192626
4682,0.60579664,0.0,0.17584112,5.3726835,0.008802109,0.0,0.01665432,0.5192627
4683,0.2804959,0.0,0.167273,5.372683,0.010598602,0.0,0.014435478,0.51926285
4684,0.6098255,0.0,0.32419774,5.3726826,0.010938649,0.0,0.015169845,0.5192632
4685,0.4710957,0.0,0.20034271,5.372683,0.010230169,0.0,0.013552727,0.5192638
4686,0.36688948,0.0,0.21968627,5.372682,0.0106689315,0.0,0.01504877,0.51926464
4687,0.21053576,0.0,0.14369094,5.372681,0.011596838,0.0,0.016920079,0.5192657
4688,0.40940884,0.0,0.1719346,5.3726788,0.008945579,0.0,0.014640198,0.51926684
4689,0.29122984,0.0,0.22859454,5.372676,0.0080084335,0.0,0.013379321,0.5192687
4690,0.719572,0.0,0.17988743,5.372672,0.008778889,0.0,0.013987278,0.51927036
4691,0.69750196,0.0,0.1996567,5.3726673,0.00949849,0.0,0.016316941,0.5192717
4692,0.5221022,0.0,0.31220502,5.3726635,0.00822952,0.0,0.014645619,0.5192728
4693,0.70466393,0.0,0.16070141,5.3726597,0.011235765,0.0,0.014287362,0.51927406
4694,0.38534647,0.0,0.20963822,5.372656,0.0095876865,0.0,0.012810637,0.5192751
4695,0.60798913,0.0,0.14379823,5.3726535,0.008713554,0.0,0.016160062,0.5192757
4696,0.31815746,0.0,0.15316103,5.3726506,0.00994864,0.0,0.016257748,0.51927644
4697,0.25728205,0.0,0.115670204,5.372648,0.011035996,0.0,0.018499605,0.5192771
4698,0.29493994,0.0,0.27984065,5.372645,0.0085208975,0.0,0.014260012,0.5192777
4699,0.69487894,0.0,0.19683136,5.372642,0.008958752,0.0,0.0134541895,0.51927805
4700,0.49231064,0.0,0.16316886,5.3726387,0.009177721,0.0,0.015316589,0.5192784
4701,0.35577857,0.0,0.18299028,5.3726363,0.009080626,0.0,0.014043488,0.5192786
4702,0.45994064,0.0,0.19647649,5.372634,0.008568021,0.0,0.013739278,0.51927847
4703,1.0088136,0.0,0.20928897,5.3726315,0.008593336,0.0,0.015804783,0.51927817
4704,0.4846344,0.0,0.15631385,5.3726296,0.008094502,0.0,0.017058495,0.51927775
4705,0.32657677,0.0,0.17917266,5.372626,0.0105401445,0.0,0.018138748,0.51927745
4706,0.20959115,0.0,0.17884476,5.3726234,0.008871655,0.0,0.018788625,0.51927686
4707,0.6070225,0.0,0.24644783,5.372621,0.009457304,0.0,0.01631398,0.5192763
4708,0.30744526,0.0,0.1866938,5.372619,0.009556482,0.0,0.013077508,0.51927596
4709,0.25841528,0.0,0.17840607,5.3726163,0.009390086,0.0,0.016776232,0.5192756
4710,0.29481307,0.0,0.17953342,5.372613,0.009753667,0.0,0.013731453,0.5192756
4711,0.3913607,0.0,0.22804406,5.3726096,0.010799238,0.0,0.016967563,0.51927567
4712,0.38454565,0.0,0.19125704,5.372607,0.0074923337,0.0,0.013927539,0.5192757
4713,0.2768195,0.0,0.20012578,5.372604,0.010701997,0.0,0.01902512,0.5192759
4714,0.31986922,0.0,0.20935418,5.3726,0.008752835,0.0,0.013708249,0.51927614
4715,0.23249486,0.0,0.16814616,5.3725986,0.010051181,0.0,0.018015511,0.5192768
4716,0.1991165,0.0,0.10209795,5.372598,0.010987244,0.0,0.013121885,0.51927733
4717,0.22278392,0.0,0.22625467,5.372596,0.01040961,0.0,0.015980957,0.519278
4718,0.3005823,0.0,0.31405577,5.3725963,0.011402923,0.0,0.015562662,0.51927835
4719,0.23261237,0.0,0.24678326,5.3725953,0.008827288,0.0,0.015355605,0.5192788
4720,0.34732518,0.0,0.35977566,5.372594,0.009149033,0.0,0.01587081,0.519279
4721,0.37186113,0.0,0.24669507,5.3725953,0.007835414,0.0,0.014457964,0.5192787
4722,0.77152014,0.0,0.20970273,5.372597,0.008487459,0.0,0.014991442,0.5192787
4723,0.6360543,0.0,0.14694165,5.3725996,0.0082848435,0.0,0.016311008,0.51927817
4724,0.24811652,0.0,0.43378818,5.3726015,0.009820093,0.0,0.012589481,0.5192776
4725,0.5508736,0.0,0.19290012,5.3726068,0.009412995,0.0,0.013450568,0.5192773
4726,0.26048183,0.0,0.18119483,5.372611,0.009787543,0.0,0.014517711,0.5192773
4727,0.28206757,0.0,0.5619075,5.372614,0.009920301,0.0,0.016026577,0.5192773
4728,0.39731067,0.0,0.29616728,5.372614,0.008317167,0.0,0.014786006,0.5192773
4729,0.1707501,0.0,0.2227435,5.372613,0.0133129,0.0,0.0145813925,0.5192776
4730,0.36200747,0.0,0.14539829,5.3726125,0.007403467,0.0,0.014987078,0.519278
4731,0.23737398,0.0,0.19084205,5.372612,0.009718178,0.0,0.01628435,0.5192782
4732,0.3120522,0.0,0.23096088,5.3726115,0.009695132,0.0,0.013847245,0.51927763
4733,0.73158205,0.0,0.14043018,5.372611,0.008811086,0.0,0.01631586,0.519277
4734,0.30378923,0.0,0.31068173,5.372608,0.008752405,0.0,0.016221842,0.5192767
4735,0.37107593,0.0,0.1300612,5.3726068,0.00879265,0.0,0.016195798,0.5192761
4736,0.41661716,0.0,0.29139346,5.372605,0.006990972,0.0,0.016135119,0.5192757
4737,0.30628678,0.0,0.1763872,5.372603,0.009927506,0.0,0.014758823,0.5192754
4738,0.3502753,0.0,0.15717568,5.372602,0.009677206,0.0,0.014750694,0.5192753
4739,0.5272945,0.0,0.55930924,5.3726025,0.010276496,0.0,0.014893341,0.51927495
4740,0.18805175,0.0,0.16184165,5.3726053,0.009451404,0.0,0.014833932,0.51927483
4741,0.34133717,0.0,0.26898974,5.3726106,0.0106151765,0.0,0.016574522,0.5192746
4742,0.6387575,0.0,0.13658535,5.3726134,0.0066966163,0.0,0.017862897,0.5192744
4743,0.63006467,0.0,0.17912036,5.3726172,0.008486871,0.0,0.015145084,0.5192745
4744,0.26680854,0.0,0.29705638,5.3726215,0.010891664,0.0,0.014186593,0.51927495
4745,0.25877604,0.0,0.3671289,5.372626,0.0094776545,0.0,0.017182536,0.5192755
4746,0.5396814,0.0,0.19571997,5.3726325,0.009990014,0.0,0.015779678,0.51927626
4747,0.524216,0.0,0.41783524,5.3726373,0.010266143,0.0,0.014232655,0.5192768
4748,0.56648076,0.0,0.4017536,5.372643,0.009534121,0.0,0.016057957,0.51927716
4749,0.60079956,0.0,0.23658127,5.3726482,0.009174915,0.0,0.016032211,0.51927763
4750,0.3153842,0.0,0.19458711,5.3726525,0.010175412,0.0,0.01365217,0.51927775
4751,0.7290409,0.0,0.23773628,5.372656,0.009594117,0.0,0.0129507845,0.5192781
4752,0.41578552,0.0,0.18424685,5.3726583,0.009368402,0.0,0.013004673,0.519278
4753,0.7594144,0.0,0.1390548,5.3726616,0.00884917,0.0,0.013708958,0.51927793
4754,0.5547296,0.0,0.67941546,5.3726635,0.009609215,0.0,0.012168953,0.51927763
4755,0.6973465,0.0,0.23952577,5.372663,0.008903137,0.0,0.014805007,0.51927733
4756,0.53821874,0.0,0.15917681,5.3726635,0.008700288,0.0,0.016877841,0.5192768
4757,0.41130903,0.0,0.19776817,5.3726635,0.010883493,0.0,0.01610932,0.51927626
4758,0.6997235,0.0,0.2935953,5.3726635,0.009737592,0.0,0.013668761,0.5192757
4759,0.53811324,0.0,0.2236833,5.372664,0.009572822,0.0,0.0149921505,0.51927507
4760,0.51454383,0.0,0.19208908,5.3726616,0.008517265,0.0,0.017584935,0.5192745
4761,0.42174292,0.0,0.2543366,5.3726606,0.009108555,0.0,0.014765144,0.5192742
4762,0.5189717,0.0,0.1739332,5.372659,0.008628082,0.0,0.01641373,0.51927406
4763,0.2874926,0.0,0.11758288,5.3726573,0.009115806,0.0,0.013793919,0.5192735
4764,0.8595545,0.0,0.38644305,5.3726563,0.007817773,0.0,0.014784005,0.51927304
4765,0.20793512,0.0,0.2460729,5.3726563,0.010422611,0.0,0.0124436775,0.5192727
4766,0.4350409,0.0,0.25214422,5.372656,0.011608874,0.0,0.015059801,0.51927245
4767,0.6611839,0.0,0.1309558,5.372656,0.008377723,0.0,0.017205412,0.5192719
4768,1.6180999,0.0,0.3058832,5.372654,0.008553823,0.0,0.016877575,0.51927143
4769,0.31004515,0.0,0.1608855,5.372653,0.008606907,0.0,0.01604116,0.51927114
4770,0.5578978,0.0,0.15100236,5.3726516,0.01007495,0.0,0.012112678,0.51927125
4771,0.59193856,0.0,0.19830868,5.37265,0.010066031,0.0,0.017095793,0.51927143
4772,0.39520186,0.0,0.16161808,5.372648,0.008915201,0.0,0.012862385,0.5192713
4773,0.41637793,0.0,0.19238248,5.372647,0.009616128,0.0,0.016002148,0.51927125
4774,0.25807518,0.0,0.25026998,5.372647,0.008325633,0.0,0.015706835,0.5192712
4775,0.46207237,0.0,0.21957037,5.372648,0.009083777,0.0,0.018975144,0.51927143
4776,0.37933317,0.0,0.11029405,5.3726473,0.009641325,0.0,0.016497536,0.51927215
4777,0.29784787,0.0,0.1734251,5.372646,0.008698744,0.0,0.016339079,0.5192726
4778,0.34983552,0.0,0.12983492,5.3726482,0.008407602,0.0,0.017062765,0.51927304
4779,0.5495768,0.0,0.18391211,5.3726497,0.008575428,0.0,0.01560911,0.5192739
4780,0.30169433,0.0,0.11058306,5.3726516,0.010482789,0.0,0.014224251,0.5192751
4781,0.5543233,0.0,0.17682847,5.372651,0.011117685,0.0,0.015621556,0.5192758
4782,0.2646122,0.0,0.21293257,5.37265,0.0071190204,0.0,0.01391472,0.5192764
4783,0.6549246,0.0,0.21269093,5.3726487,0.008534027,0.0,0.0147431055,0.51927674
4784,0.25562367,0.0,0.22630037,5.372647,0.012262901,0.0,0.016343424,0.51927745
4785,0.5210326,0.0,0.18334898,5.3726444,0.009770909,0.0,0.013168811,0.5192784
4786,0.25200596,0.0,0.23402749,5.372642,0.009268766,0.0,0.016600426,0.51927906
4787,0.25950378,0.0,0.20651637,5.37264,0.009964805,0.0,0.013606344,0.51927966
4788,0.3002266,0.0,0.22577676,5.37264,0.0094198175,0.0,0.014766661,0.51928043
4789,0.33707747,0.0,0.29716718,5.372641,0.009719042,0.0,0.0143943075,0.51928097
4790,0.28759372,0.0,0.25277096,5.3726416,0.00913699,0.0,0.012208792,0.5192815
4791,0.44468075,0.0,0.5318938,5.372644,0.009791632,0.0,0.015546673,0.51928186
4792,0.3447247,0.0,0.14880854,5.372646,0.009756508,0.0,0.015921054,0.5192822
4793,0.5514366,0.0,0.14359173,5.3726473,0.007989955,0.0,0.015378107,0.51928234
4794,0.40453476,0.0,0.17209773,5.3726487,0.0067803934,0.0,0.014712924,0.519283
4795,0.4692964,0.0,0.12775764,5.37265,0.009298357,0.0,0.016872024,0.5192837
4796,0.588203,0.0,0.17436218,5.3726516,0.008377778,0.0,0.016788436,0.51928407
4797,0.4279932,0.0,0.28379375,5.372653,0.009569103,0.0,0.016097456,0.5192845
4798,0.3601144,0.0,0.19770843,5.3726554,0.00867268,0.0,0.014612636,0.51928604
4799,0.48177364,0.0,0.15934996,5.372655,0.009595376,0.0,0.013947551,0.5192875
4800,0.31431964,0.0,0.3595598,5.372658,0.00891539,0.0,0.01652289,0.5192887
4801,0.29550597,0.0,0.24133056,5.37266,0.00882456,0.0,0.019700732,0.51928943
4802,0.7007503,0.0,0.2248864,5.372662,0.009433804,0.0,0.019192629,0.51929045
4803,0.3373349,0.0,0.15618822,5.372666,0.010065105,0.0,0.0143524865,0.5192916
4804,0.3182721,0.0,0.16037926,5.37267,0.01043718,0.0,0.016386738,0.5192927
4805,0.36502367,0.0,0.23931786,5.3726735,0.009460894,0.0,0.019204615,0.51929355
4806,0.39662257,0.0,0.27982116,5.372677,0.008998932,0.0,0.013792382,0.5192948
4807,0.2402729,0.0,0.12781328,5.3726807,0.008314944,0.0,0.016270941,0.51929593
4808,0.45184305,0.0,0.17167667,5.372684,0.008182207,0.0,0.016453601,0.51929694
4809,0.5869888,0.0,0.22652411,5.3726883,0.008035161,0.0,0.013539826,0.519298
4810,0.65565854,0.0,0.20481835,5.3726907,0.010092027,0.0,0.01770919,0.5192985
4811,0.36737242,0.0,0.30074438,5.3726916,0.008291989,0.0,0.012744161,0.51929885
4812,0.5057675,0.0,0.18804434,5.372693,0.010621077,0.0,0.013129244,0.51929885
4813,1.0068157,0.0,0.18854097,5.3726945,0.009100478,0.0,0.018426891,0.51929873
4814,0.29453772,0.0,0.2075296,5.3726935,0.008268826,0.0,0.015618764,0.5192979
4815,0.6596877,0.0,0.17003469,5.372694,0.010068584,0.0,0.011614886,0.519297
4816,0.50764066,0.0,0.21766223,5.372696,0.009779234,0.0,0.015455844,0.519296
4817,0.472298,0.0,0.14614078,5.372697,0.0089557795,0.0,0.015530502,0.5192954
4818,0.32411012,0.0,0.34026557,5.3726974,0.008176218,0.0,0.014252321,0.5192952
4819,1.1209902,0.0,0.19093633,5.3726935,0.0106988745,0.0,0.014603096,0.5192956
4820,0.52599317,0.0,0.25775108,5.37269,0.010450845,0.0,0.012932015,0.5192958
4821,0.28312123,0.0,0.23324466,5.3726864,0.009168375,0.0,0.015965141,0.51929617
4822,0.26316398,0.0,0.15793718,5.3726835,0.009741749,0.0,0.01633539,0.5192971
4823,0.72390133,0.0,0.21111621,5.3726807,0.008545836,0.0,0.013964616,0.5192978
4824,0.5845449,0.0,0.15750016,5.372678,0.009573256,0.0,0.018295025,0.51929826
4825,0.38173988,0.0,0.30307925,5.3726726,0.008437755,0.0,0.01178285,0.5192988
4826,0.46847227,0.0,0.20455919,5.372665,0.009143874,0.0,0.013169399,0.5192994
4827,0.36828795,0.0,0.17442325,5.372657,0.009236339,0.0,0.016728071,0.5193001
4828,0.6668293,0.0,0.18087703,5.372649,0.0086584445,0.0,0.014211008,0.5193006
4829,0.45005417,0.0,0.1938503,5.372643,0.0076725767,0.0,0.014249527,0.51930076
4830,0.3750088,0.0,0.23991631,5.3726363,0.0099282935,0.0,0.018344326,0.5193008
4831,0.340841,0.0,0.23175672,5.372631,0.009585638,0.0,0.01561744,0.5193014
4832,0.32831776,0.0,0.22333457,5.3726263,0.008501668,0.0,0.017641012,0.5193019
4833,0.5940789,0.0,0.22705507,5.372621,0.009282926,0.0,0.015989918,0.5193023
4834,0.321395,0.0,0.38469303,5.372617,0.010740978,0.0,0.017017255,0.5193027
4835,0.7250578,0.0,0.21684095,5.3726134,0.00835887,0.0,0.0144782225,0.51930267
4836,0.5684272,0.0,0.2187881,5.372609,0.009193864,0.0,0.01515004,0.5193022
4837,0.27305296,0.0,0.1594251,5.3726044,0.00936765,0.0,0.015529124,0.51930195
4838,0.19811575,0.0,0.23443195,5.3726,0.008853351,0.0,0.013448092,0.5193017
4839,0.39521992,0.0,0.29494372,5.372596,0.009067368,0.0,0.017895607,0.5193016
4840,0.25520384,0.0,0.23795784,5.372595,0.008341374,0.0,0.015058812,0.5193021
4841,0.29575598,0.0,0.3905848,5.372594,0.0094552785,0.0,0.01565395,0.5193025
4842,0.2672743,0.0,0.27785838,5.372598,0.009480935,0.0,0.015169763,0.51930285
4843,0.422849,0.0,0.21820608,5.3726025,0.009323668,0.0,0.016739374,0.5193033
4844,0.36777207,0.0,0.13,5.3726053,0.009311562,0.0,0.013953042,0.51930386
4845,0.36506143,0.0,0.20684072,5.3726077,0.00848126,0.0,0.017569866,0.5193044
4846,0.5486559,0.0,0.13463147,5.372609,0.010093707,0.0,0.016370643,0.51930475
4847,0.3109098,0.0,0.21879725,5.372611,0.010007787,0.0,0.014368598,0.51930517
4848,0.34990937,0.0,0.21516095,5.3726125,0.009431605,0.0,0.017087542,0.51930577
4849,0.3769862,0.0,0.2982683,5.372614,0.009970403,0.0,0.01655722,0.5193063
4850,0.47991344,0.0,0.17065372,5.3726134,0.0094232485,0.0,0.015168946,0.51930684
4851,0.48260757,0.0,0.12067059,5.3726153,0.010555359,0.0,0.013670094,0.51930773
4852,0.43128055,0.0,0.4453837,5.372617,0.011558137,0.0,0.014992434,0.5193084
4853,0.3443916,0.0,0.123835646,5.372616,0.008635206,0.0,0.011317131,0.51930904
4854,0.9312292,0.0,0.11091663,5.3726153,0.010651804,0.0,0.01449224,0.5193101
4855,0.28283635,0.0,0.15312105,5.372615,0.0074101975,0.0,0.015673291,0.51931036
4856,0.5070399,0.0,0.1060362,5.3726144,0.011042472,0.0,0.014688637,0.5193107
4857,0.25124645,0.0,0.28378165,5.3726134,0.00825221,0.0,0.014102273,0.51931095
4858,0.34472528,0.0,0.18053088,5.372612,0.0072895866,0.0,0.017666038,0.5193108
4859,0.3496787,0.0,0.17502597,5.3726106,0.008346414,0.0,0.01637704,0.5193112
4860,0.48841313,0.0,0.25946853,5.372609,0.008864915,0.0,0.017895533,0.5193117
4861,0.29444578,0.0,0.21982388,5.3726077,0.010626076,0.0,0.013352467,0.51931214
4862,0.7863123,0.0,0.17140852,5.3726063,0.010319578,0.0,0.013224668,0.5193124
4863,0.32783124,0.0,0.21240222,5.372605,0.010579297,0.0,0.017289829,0.5193131
4864,0.543162,0.0,0.6509339,5.3726044,0.009585127,0.0,0.014934985,0.5193136
4865,0.27681008,0.0,0.14105722,5.372602,0.009541109,0.0,0.01621673,0.51931417
4866,0.31499785,0.0,0.27049634,5.3725996,0.008248959,0.0,0.01688553,0.51931435
4867,0.2938399,0.0,0.20677766,5.372597,0.006835635,0.0,0.014461353,0.519315
4868,0.2712321,0.0,0.30019185,5.3725953,0.00940023,0.0,0.014125673,0.5193154
4869,0.3483723,0.0,0.32439384,5.372594,0.008221025,0.0,0.016519828,0.51931584
4870,0.5852346,0.0,0.3333848,5.3725905,0.009647381,0.0,0.013386292,0.5193164
4871,0.6129927,0.0,0.20091224,5.3725905,0.008651432,0.0,0.015850727,0.5193173
4872,0.4604115,0.0,0.14005652,5.3725905,0.009086897,0.0,0.014249392,0.5193185
4873,0.40172014,0.0,0.20330252,5.3725905,0.009704559,0.0,0.011734319,0.51931936
4874,0.16931915,0.0,0.2391873,5.3725905,0.008662689,0.0,0.01427504,0.51932025
4875,0.5572101,0.0,0.2370975,5.3725896,0.011025842,0.0,0.014238972,0.5193208
4876,0.39258227,0.0,0.29878268,5.3725896,0.008957276,0.0,0.016071916,0.51932096
4877,0.3047981,0.0,0.26035866,5.3725896,0.00724561,0.0,0.016182924,0.5193212
4878,0.49443942,0.0,0.12640487,5.372591,0.008704068,0.0,0.015271928,0.51932186
4879,0.607094,0.0,0.19742335,5.3725915,0.009139647,0.0,0.018089643,0.5193224
4880,0.24598077,0.0,0.19681935,5.372591,0.009229754,0.0,0.014952441,0.51932275
4881,0.45324397,0.0,0.1570775,5.372589,0.008368581,0.0,0.014043519,0.51932317
4882,0.30247667,0.0,0.27219436,5.3725867,0.008914068,0.0,0.015719412,0.5193232
4883,0.6708139,0.0,0.15784416,5.372585,0.0110089425,0.0,0.01467281,0.51932317
4884,0.8437163,0.0,0.2605128,5.3725834,0.007772683,0.0,0.013426371,0.51932317
4885,0.7113564,0.0,0.19898091,5.372582,0.007901308,0.0,0.015042868,0.5193235
4886,0.33053848,0.0,0.21607722,5.37258,0.008953897,0.0,0.017959055,0.5193237
4887,0.29550174,0.0,0.34509718,5.3725796,0.012663396,0.0,0.01740738,0.519324
4888,0.49604484,0.0,0.25632176,5.3725815,0.0097400695,0.0,0.018778428,0.5193241
4889,0.40014076,0.0,0.2156576,5.3725824,0.009150343,0.0,0.017194018,0.5193242
4890,0.3189844,0.0,0.16818665,5.372586,0.008272781,0.0,0.016933827,0.5193242
4891,0.24351601,0.0,0.16500932,5.3725867,0.008473106,0.0,0.015167441,0.5193241
4892,0.22350739,0.0,0.33755305,5.3725896,0.010336286,0.0,0.015758045,0.5193237
4893,0.4854948,0.0,0.17067893,5.3725915,0.010536521,0.0,0.016056022,0.5193233
4894,0.38733384,0.0,0.14702623,5.3725924,0.010746376,0.0,0.015431067,0.5193228
4895,0.35486275,0.0,0.19179216,5.3725953,0.010378916,0.0,0.015584537,0.51932216
4896,0.22251816,0.0,0.21808226,5.3725967,0.0104531115,0.0,0.017261285,0.5193215
4897,0.5658769,0.0,0.19387881,5.3725986,0.009091597,0.0,0.01700974,0.5193213
4898,0.41247174,0.0,0.41551343,5.3725996,0.010550824,0.0,0.015869968,0.51932114
4899,0.3766035,0.0,0.3033482,5.372603,0.007398885,0.0,0.014315509,0.5193214
4900,0.39685372,0.0,0.22683136,5.372607,0.00969189,0.0,0.016031828,0.51932216
4901,0.19659333,0.0,0.30295783,5.3726077,0.010275264,0.0,0.015118872,0.51932305
4902,0.6007305,0.0,0.21134576,5.3726096,0.0102185365,0.0,0.017101895,0.51932347
4903,0.24261183,0.0,0.42210564,5.3726096,0.008043421,0.0,0.015542717,0.51932424
4904,0.22209562,0.0,0.18756337,5.372608,0.011551938,0.0,0.017650954,0.51932484
4905,0.36940825,0.0,0.42007846,5.3726068,0.011722048,0.0,0.015420605,0.51932526
4906,0.79450226,0.0,0.16097416,5.372611,0.008994724,0.0,0.017260276,0.51932555
4907,0.2591261,0.0,0.31098464,5.3726144,0.009762886,0.0,0.01582931,0.5193254
4908,0.47151306,0.0,0.16670164,5.372614,0.009735078,0.0,0.016145607,0.5193254
4909,0.21631329,0.0,0.49372482,5.372614,0.007717781,0.0,0.013854725,0.51932544
4910,0.35458657,0.0,0.24892165,5.3726177,0.0088173095,0.0,0.015989434,0.5193253
4911,0.31413117,0.0,0.18741028,5.372621,0.008815675,0.0,0.016907778,0.519325
4912,0.15030047,0.0,0.18663007,5.372623,0.00837385,0.0,0.0111799715,0.51932454
4913,0.6330362,0.0,0.14338465,5.3726254,0.007882219,0.0,0.015659014,0.51932424
4914,0.81051487,0.0,0.20474641,5.372626,0.0085306205,0.0,0.015412425,0.5193236
4915,0.24325582,0.0,0.24615292,5.372626,0.009681189,0.0,0.014013611,0.51932293
4916,0.68848336,0.0,0.098792545,5.3726254,0.009397424,0.0,0.015827535,0.51932245
4917,0.2782994,0.0,0.29686219,5.3726254,0.009462646,0.0,0.01670388,0.5193223
4918,0.33463168,0.0,0.18662882,5.37262,0.010198442,0.0,0.016821852,0.519322
4919,0.6476872,0.0,0.1658752,5.3726153,0.008458271,0.0,0.015926352,0.51932204
4920,0.3735238,0.0,0.23843776,5.3726115,0.009114023,0.0,0.014497505,0.51932204
4921,1.243042,0.0,0.18680216,5.3726077,0.00802011,0.0,0.015297398,0.5193224
4922,0.22685152,0.0,0.18468298,5.3726044,0.008956054,0.0,0.014553422,0.5193224
4923,0.259282,0.0,0.2878824,5.3726006,0.010483137,0.0,0.01603478,0.5193227
4924,0.45724738,0.0,0.26429352,5.3725977,0.00992007,0.0,0.018401464,0.5193228
4925,0.30150187,0.0,0.1930722,5.372594,0.010548509,0.0,0.015203515,0.519323
4926,0.2753208,0.0,0.20970492,5.372591,0.0074767163,0.0,0.0157624,0.51932347
4927,0.20582925,0.0,0.28172818,5.372588,0.008331858,0.0,0.017489132,0.5193241
4928,0.36838052,0.0,0.18321042,5.372586,0.0100893,0.0,0.013184254,0.51932436
4929,0.43171477,0.0,0.26244482,5.3725834,0.008678237,0.0,0.016463785,0.51932484
4930,0.7018339,0.0,0.32739702,5.372581,0.010007679,0.0,0.014346857,0.51932544
4931,0.4588573,0.0,0.21812502,5.3725796,0.009786159,0.0,0.0129020875,0.5193264
4932,0.22416873,0.0,0.16433483,5.3725767,0.008864313,0.0,0.0154449595,0.5193272
4933,0.4012723,0.0,0.15700963,5.3725734,0.00948444,0.0,0.014530329,0.5193284
4934,0.33199677,0.0,0.1492826,5.3725686,0.009986458,0.0,0.015288624,0.51932967
4935,0.81040424,0.0,0.295509,5.372564,0.010629133,0.0,0.014756702,0.5193306
4936,0.57382333,0.0,0.50765914,5.3725605,0.008209539,0.0,0.01761706,0.5193315
4937,0.45567554,0.0,0.18975444,5.372558,0.008932886,0.0,0.01812694,0.51933235
4938,0.7491133,0.0,0.32046923,5.372556,0.009243598,0.0,0.014632225,0.51933277
4939,0.53048074,0.0,0.21892548,5.372553,0.010106845,0.0,0.012852712,0.51933336
4940,0.23762755,0.0,0.30257577,5.3725524,0.0088994065,0.0,0.014765419,0.5193341
4941,0.4301856,0.0,0.27685946,5.372552,0.009513545,0.0,0.014994374,0.51933444
4942,0.38323128,0.0,0.16978696,5.37255,0.007487674,0.0,0.013679577,0.5193344
4943,0.29867116,0.0,0.23583797,5.372548,0.007768373,0.0,0.017024033,0.5193346
4944,0.9172208,0.0,0.220654,5.372545,0.0076229037,0.0,0.0132457,0.5193346
4945,0.43738574,0.0,0.1671917,5.3725405,0.008858684,0.0,0.013712311,0.51933426
4946,0.520064,0.0,0.2247767,5.3725357,0.009955022,0.0,0.015381546,0.5193342
4947,0.4308427,0.0,0.35433966,5.3725324,0.009434998,0.0,0.015720973,0.5193342
4948,0.33846036,0.0,0.14853513,5.3725348,0.008751752,0.0,0.013143191,0.51933396
4949,0.15017,0.0,0.23657687,5.372537,0.008299004,0.0,0.014680487,0.5193336
4950,0.32413077,0.0,0.2143969,5.3725395,0.009262621,0.0,0.014560716,0.51933336
4951,0.5331951,0.0,0.12010243,5.3725414,0.008884667,0.0,0.015988633,0.51933306
4952,0.5412517,0.0,0.18073936,5.3725433,0.008888619,0.0,0.015836531,0.519333
4953,0.32714352,0.0,0.35926116,5.372545,0.0099594,0.0,0.015297671,0.5193324
4954,0.25580496,0.0,0.14337629,5.372547,0.009361838,0.0,0.016520992,0.5193319
4955,0.2888048,0.0,0.27190697,5.3725495,0.011676327,0.0,0.0132341515,0.5193309
4956,0.2251184,0.0,0.17451678,5.372552,0.008244362,0.0,0.01639357,0.5193302
4957,0.58181083,0.0,0.19327947,5.372555,0.008902345,0.0,0.014107824,0.5193295
4958,0.63231134,0.0,0.1727181,5.3725543,0.00805436,0.0,0.015869431,0.51932913
4959,0.28830495,0.0,0.22986081,5.3725524,0.008489864,0.0,0.014900657,0.5193286
4960,0.54755807,0.0,0.25392687,5.372552,0.008567105,0.0,0.016257254,0.5193284
4961,0.47489017,0.0,0.3721488,5.372548,0.009089044,0.0,0.013406296,0.51932865
4962,0.3332123,0.0,0.24828574,5.372545,0.009193181,0.0,0.018366933,0.5193289
4963,0.25111452,0.0,0.20589177,5.3725424,0.009855024,0.0,0.014854939,0.519329
4964,0.33140248,0.0,0.4059423,5.372541,0.009817228,0.0,0.0130738495,0.5193298
4965,0.5911429,0.0,0.3125474,5.3725386,0.0090857195,0.0,0.013421565,0.5193308
4966,0.57076466,0.0,0.23985629,5.372536,0.01052681,0.0,0.01444902,0.5193314
4967,0.43762165,0.0,0.13541895,5.3725343,0.008422559,0.0,0.01433943,0.5193319
4968,0.3946467,0.0,0.18317963,5.3725324,0.008354017,0.0,0.012134698,0.51933163
4969,0.5818412,0.0,0.1087749,5.37253,0.00992893,0.0,0.01440296,0.51933163
4970,0.29004207,0.0,0.15592086,5.372528,0.009051561,0.0,0.014374558,0.51933175
4971,0.3044607,0.0,0.22015418,5.372526,0.009463361,0.0,0.013677464,0.5193318
4972,0.36274222,0.0,0.24575143,5.372524,0.009180399,0.0,0.014241047,0.519332
4973,0.23955314,0.0,0.17186648,5.372521,0.010615398,0.0,0.015114675,0.5193321
4974,0.37207848,0.0,0.26818627,5.372518,0.009255363,0.0,0.015188799,0.5193323
4975,0.2634916,0.0,0.2826602,5.3725185,0.009943922,0.0,0.016934684,0.5193323
4976,0.22868986,0.0,0.22414942,5.3725166,0.007876626,0.0,0.013551986,0.51933193
4977,0.4976838,0.0,0.18529187,5.372515,0.008319801,0.0,0.014656247,0.51933205
4978,0.35324603,0.0,0.34702078,5.372514,0.009764334,0.0,0.015741073,0.5193322
4979,0.25901455,0.0,0.4082132,5.372513,0.010867466,0.0,0.018017953,0.51933193
4980,0.5594295,0.0,0.15109867,5.372516,0.007942303,0.0,0.018736882,0.5193318
4981,0.28888947,0.0,0.272915,5.372518,0.0074266857,0.0,0.016255705,0.51933134
4982,0.33115283,0.0,0.18671882,5.372521,0.007335379,0.0,0.013792397,0.51933146
4983,0.59522647,0.0,0.32113996,5.3725247,0.009158676,0.0,0.017654754,0.51933163
4984,0.23905513,0.0,0.14257975,5.3725286,0.010351825,0.0,0.01469711,0.5193319
4985,0.31279534,0.0,0.19746402,5.3725305,0.008627204,0.0,0.015862962,0.5193323
4986,0.7348495,0.0,0.22761874,5.3725333,0.010953031,0.0,0.013445407,0.5193325
4987,0.3899059,0.0,0.27868637,5.372535,0.00943991,0.0,0.013781851,0.5193325
4988,0.34197617,0.0,0.27083296,5.372538,0.009147802,0.0,0.016795155,0.519333
4989,0.3634531,0.0,0.23299445,5.372543,0.007909502,0.0,0.013776816,0.51933324
4990,0.7492701,0.0,0.1832586,5.372547,0.009190528,0.0,0.016613644,0.519333
4991,0.22312851,0.0,0.30734533,5.3725514,0.007848437,0.0,0.015860094,0.51933277
4992,0.503911,0.0,0.22646627,5.3725576,0.009239643,0.0,0.01626557,0.51933247
4993,0.2791045,0.0,0.1605388,5.3725643,0.00901116,0.0,0.011398893,0.519332
4994,0.48951763,0.0,0.1868384,5.372569,0.01021575,0.0,0.018510722,0.5193315
4995,0.5866366,0.0,0.30957934,5.372575,0.010853267,0.0,0.01344055,0.5193313
4996,0.37657917,0.0,0.34984872,5.3725824,0.01170715,0.0,0.014020787,0.5193311
4997,0.4351715,0.0,0.16376382,5.372589,0.0074154744,0.0,0.017440742,0.519331
4998,0.7952999,0.0,0.3177456,5.3725934,0.009917118,0.0,0.013027113,0.5193308
4999,0.5668083,0.0,0.31138322,5.3726,0.009422381,0.0,0.012106562,0.5193311
5000,0.9176885,0.0,0.18618092,5.3726077,0.010068503,0.0,0.015376739,0.5193317
5001,0.31574354,0.0,0.21703766,5.3726144,0.0093282405,0.0,0.012715915,0.51933193
5002,0.6810056,0.0,0.18163903,5.3726187,0.010015341,0.0,0.014143885,0.5193322
5003,0.80552435,0.0,0.2006544,5.372624,0.008972096,0.0,0.016296946,0.51933235
5004,1.0693506,0.0,0.17652193,5.3726273,0.0074871536,0.0,0.014231672,0.5193323
5005,0.5330582,0.0,0.15210113,5.37263,0.010329609,0.0,0.014898256,0.51933193
5006,0.24642451,0.0,0.22706857,5.3726315,0.007007135,0.0,0.016643267,0.51933146
5007,0.41678172,0.0,0.25240454,5.372632,0.00958881,0.0,0.016116457,0.51933116
5008,0.80686224,0.0,0.1952178,5.372633,0.009116528,0.0,0.0148922885,0.5193307
5009,0.5777831,0.0,0.1419722,5.372634,0.009008957,0.0,0.016999219,0.5193303
5010,0.46914467,0.0,0.22692648,5.372634,0.010551947,0.0,0.0159308,0.51933026
5011,0.68767476,0.0,0.14703506,5.372633,0.009728466,0.0,0.015187996,0.5193303
5012,0.2768284,0.0,0.14162928,5.3726306,0.008676646,0.0,0.016258918,0.5193305
5013,0.51437825,0.0,0.201096,5.372629,0.009089644,0.0,0.01742821,0.51933044
5014,0.37674692,0.0,0.3017274,5.372626,0.008696354,0.0,0.014378027,0.51933026
5015,0.38245752,0.0,0.21797591,5.372623,0.011364958,0.0,0.019762266,0.5193303
5016,0.20682472,0.0,0.22549987,5.372621,0.009846652,0.0,0.01584549,0.5193304
5017,0.38503084,0.0,0.3599242,5.372618,0.0073516658,0.0,0.017049192,0.51933044
5018,0.45438617,0.0,0.30570832,5.3726163,0.010320652,0.0,0.01692975,0.5193305
5019,0.45210454,0.0,0.29062235,5.372613,0.0077715944,0.0,0.017357823,0.5193309
5020,0.12633298,0.0,0.22262502,5.3726106,0.009628679,0.0,0.015938476,0.51933086
5021,0.45695025,0.0,0.1427989,5.372608,0.010578949,0.0,0.016578455,0.5193306
5022,0.4661706,0.0,0.24712351,5.372604,0.008867583,0.0,0.016941171,0.5193306
5023,0.47917324,0.0,0.19826198,5.372601,0.009697454,0.0,0.017137686,0.5193305
5024,0.27937227,0.0,0.18645126,5.3725986,0.010266583,0.0,0.017057123,0.51933056
5025,0.1256412,0.0,0.26683956,5.372596,0.00960505,0.0,0.016095335,0.51933086
5026,0.2772042,0.0,0.15982212,5.3725944,0.008983324,0.0,0.015016842,0.5193312
5027,0.26028123,0.0,0.20268498,5.3725924,0.011773726,0.0,0.013819412,0.5193317
5028,0.16239741,0.0,0.1524312,5.3725905,0.008419979,0.0,0.017832182,0.519332
5029,0.285392,0.0,0.25069997,5.3725886,0.009371434,0.0,0.017279059,0.51933265
5030,0.611342,0.0,0.36491358,5.3725863,0.009291662,0.0,0.015660377,0.5193336
5031,0.24833828,0.0,0.25228405,5.372584,0.008645668,0.0,0.013455367,0.5193345
5032,0.15907235,0.0,0.18303967,5.3725805,0.010104809,0.0,0.016333742,0.519335
5033,0.49154922,0.0,0.1299295,5.3725767,0.0073887026,0.0,0.015957557,0.51933545
5034,0.4878387,0.0,0.24171315,5.372572,0.010217707,0.0,0.016726352,0.51933604
5035,0.26876444,0.0,0.21651118,5.3725667,0.0069053364,0.0,0.016608715,0.51933646
5036,0.544337,0.0,0.23047808,5.372562,0.009112562,0.0,0.015268888,0.5193365
5037,0.3698545,0.0,0.24786375,5.372557,0.009260123,0.0,0.013519351,0.51933646
5038,0.48645005,0.0,0.13347186,5.372554,0.0090997815,0.0,0.014353927,0.5193362
5039,0.29182583,0.0,0.17650655,5.372551,0.008264777,0.0,0.014026833,0.5193361
5040,0.2505389,0.0,0.19169061,5.372547,0.008350087,0.0,0.015177877,0.51933634
5041,0.2367927,0.0,0.24071126,5.372543,0.009237458,0.0,0.013469157,0.5193366
5042,0.28802952,0.0,0.21813078,5.372541,0.0093056485,0.0,0.014959727,0.5193368
5043,0.27336618,0.0,0.20021448,5.3725357,0.010746452,0.0,0.014774406,0.51933736
5044,0.6081474,0.0,0.15768293,5.372533,0.010365628,0.0,0.017872134,0.51933825
5045,0.6246773,0.0,0.20613098,5.3725295,0.008701807,0.0,0.013738158,0.5193392
5046,0.27026305,0.0,0.15369296,5.3725257,0.00972232,0.0,0.013174297,0.5193404
5047,0.41126856,0.0,0.17589928,5.372521,0.00810787,0.0,0.014123733,0.51934165
5048,0.3579564,0.0,0.25211728,5.3725166,0.007905106,0.0,0.0148984585,0.5193431
5049,0.3131404,0.0,0.24316114,5.3725123,0.010695854,0.0,0.014630282,0.51934445
5050,0.26241165,0.0,0.16803314,5.372508,0.0086576715,0.0,0.01494974,0.51934606
5051,0.35830855,0.0,0.2186436,5.3725033,0.008911195,0.0,0.0181467,0.51934683
5052,0.41428328,0.0,0.18676123,5.372498,0.008282229,0.0,0.0137469135,0.5193471
5053,0.27668995,0.0,0.2261506,5.372493,0.008891991,0.0,0.0150679825,0.51934695
5054,0.5287336,0.0,0.41470304,5.3724895,0.008595034,0.0,0.016541105,0.519347
5055,0.5312474,0.0,0.21452007,5.3724875,0.009788302,0.0,0.017128257,0.51934713
5056,0.6371436,0.0,0.18246572,5.372484,0.008472595,0.0,0.015211636,0.5193475
5057,0.45088685,0.0,0.21963173,5.372482,0.008320378,0.0,0.014585947,0.51934737
5058,0.4964555,0.0,0.123799056,5.372479,0.008714018,0.0,0.018165242,0.519347
5059,0.59926826,0.0,0.26344496,5.372476,0.010962826,0.0,0.016358256,0.51934683
5060,0.23704204,0.0,0.15662497,5.372477,0.009644809,0.0,0.013146889,0.5193466
5061,0.5109972,0.0,0.21064745,5.372476,0.009601674,0.0,0.015421772,0.5193465
5062,0.4137362,0.0,0.21422167,5.3724756,0.0079744775,0.0,0.012226684,0.51934594
5063,0.4247217,0.0,0.26753336,5.3724747,0.008756911,0.0,0.016100025,0.5193457
5064,0.44364607,0.0,0.16578275,5.3724737,0.01054247,0.0,0.013567726,0.5193455
5065,0.34253976,0.0,0.15088911,5.3724723,0.009509963,0.0,0.016392795,0.51934564
5066,0.9047271,0.0,0.21864232,5.372471,0.008029175,0.0,0.01732063,0.5193462
5067,0.21578777,0.0,0.25437158,5.372471,0.009841308,0.0,0.018076694,0.51934665
5068,0.5030635,0.0,0.14837417,5.3724713,0.009526779,0.0,0.011659215,0.51934683
5069,0.179955,0.0,0.20152266,5.3724713,0.008845964,0.0,0.01615893,0.51934654
5070,0.43144342,0.0,0.2024396,5.372472,0.010439176,0.0,0.015739761,0.51934636
5071,0.62549263,0.0,0.3026104,5.372471,0.0096781645,0.0,0.0150540555,0.5193467
5072,0.45162815,0.0,0.18981917,5.372469,0.010800003,0.0,0.0138171865,0.5193471
5073,0.28646198,0.0,0.24357292,5.372468,0.011367611,0.0,0.016749803,0.51934737
5074,0.8971808,0.0,0.13122734,5.372466,0.007997855,0.0,0.014444874,0.51934826
5075,0.9559343,0.0,0.29724476,5.3724637,0.009872784,0.0,0.013345418,0.51934886
5076,0.5059472,0.0,0.21271078,5.3724623,0.0095186345,0.0,0.016434697,0.5193496
5077,0.7267972,0.0,0.11617039,5.372462,0.009033205,0.0,0.013633663,0.5193503
5078,0.53234947,0.0,0.25093636,5.372461,0.007233751,0.0,0.013311809,0.51935095
5079,0.657625,0.0,0.20768398,5.3724627,0.009890616,0.0,0.014658967,0.5193515
5080,0.17440334,0.0,0.27122918,5.372464,0.007807078,0.0,0.01501991,0.5193518
5081,0.42463866,0.0,0.14985193,5.372464,0.010155557,0.0,0.014389086,0.5193521
5082,0.55920964,0.0,0.2387566,5.3724637,0.009222463,0.0,0.015879631,0.51935226
5083,0.4044223,0.0,0.39102784,5.3724604,0.009688983,0.0,0.012552059,0.5193526
5084,0.49719945,0.0,0.2852727,5.372459,0.010440729,0.0,0.0158945,0.5193527
5085,0.4825029,0.0,0.27285838,5.372457,0.0069557987,0.0,0.016603587,0.51935256
5086,0.4390922,0.0,0.23799138,5.372456,0.010359094,0.0,0.015914185,0.5193522
5087,0.22291744,0.0,0.18029514,5.3724566,0.0098426165,0.0,0.014661198,0.5193515
5088,0.54315376,0.0,0.17094517,5.372458,0.009363156,0.0,0.016964275,0.51935077
5089,0.5287657,0.0,0.22512016,5.3724585,0.009060447,0.0,0.014232153,0.51935047
5090,0.37233835,0.0,0.24740037,5.3724604,0.010508938,0.0,0.014234154,0.5193503
5091,0.38993135,0.0,0.31565732,5.372461,0.0097002555,0.0,0.016810292,0.51935
5092,0.25105768,0.0,0.31847405,5.3724613,0.008419904,0.0,0.015293215,0.5193499
5093,0.88430697,0.0,0.18757455,5.3724604,0.009829396,0.0,0.0144177275,0.5193495
5094,0.25266883,0.0,0.22073871,5.37246,0.008594463,0.0,0.014959382,0.51934886
5095,0.19792928,0.0,0.2596802,5.3724604,0.01042815,0.0,0.014708784,0.5193483
5096,0.43736628,0.0,0.27729383,5.3724623,0.009507289,0.0,0.015507605,0.51934755
5097,0.40838385,0.0,0.25068426,5.3724637,0.009406714,0.0,0.018708182,0.51934695
5098,0.26964745,0.0,0.22830972,5.3724685,0.009137202,0.0,0.014597185,0.51934636
5099,0.36792216,0.0,0.16262378,5.3724737,0.0066002486,0.0,0.015579452,0.5193459
5100,0.3552212,0.0,0.23533995,5.3724785,0.010242897,0.0,0.018041736,0.5193459
5101,1.0259159,0.0,0.19568287,5.372483,0.010424602,0.0,0.0149449725,0.5193463
5102,0.36627334,0.0,0.21408172,5.372487,0.008710853,0.0,0.012921328,0.51934636
5103,0.30436477,0.0,0.13417315,5.3724914,0.00798555,0.0,0.016977256,0.51934665
5104,0.29507643,0.0,0.27845082,5.372495,0.00854983,0.0,0.01722856,0.5193468
5105,0.5764339,0.0,0.18060678,5.3724995,0.009785799,0.0,0.015428129,0.5193469
5106,0.6543005,0.0,0.20165087,5.372502,0.0077174287,0.0,0.012724311,0.5193473
5107,0.38685942,0.0,0.14957409,5.3725038,0.008723456,0.0,0.013617901,0.5193476
5108,0.9069731,0.0,0.13227251,5.3725047,0.008615454,0.0,0.014010067,0.5193484
5109,0.318035,0.0,0.22230768,5.372504,0.008234267,0.0,0.014039127,0.5193491
5110,0.47574782,0.0,0.24033049,5.3725047,0.009565775,0.0,0.01853866,0.5193502
5111,0.25672135,0.0,0.2332986,5.3725057,0.010875656,0.0,0.01779928,0.51935107
5112,0.38472906,0.0,0.14552552,5.3725066,0.0101466905,0.0,0.018744424,0.51935273
5113,0.4904784,0.0,0.3546731,5.3725076,0.008693488,0.0,0.015211823,0.5193545
5114,0.66793233,0.0,0.2347405,5.37251,0.011373024,0.0,0.015326624,0.5193568
5115,0.3617262,0.0,0.21730092,5.3725123,0.009473518,0.0,0.01442839,0.5193589
5116,0.29159626,0.0,0.25264826,5.372513,0.0085836155,0.0,0.018670244,0.519361
5117,0.33548906,0.0,0.1924413,5.3725123,0.011133467,0.0,0.018949825,0.5193629
5118,0.2604943,0.0,0.2820603,5.372513,0.008843951,0.0,0.015926529,0.5193652
5119,0.2814111,0.0,0.15529637,5.372515,0.007944209,0.0,0.016378699,0.51936775
5120,0.55727994,0.0,0.13409154,5.3725176,0.008487999,0.0,0.016709045,0.5193703
5121,0.59554905,0.0,0.20949468,5.3725185,0.0101972055,0.0,0.016823253,0.5193726
5122,0.48189953,0.0,0.27305678,5.3725176,0.009311983,0.0,0.015693549,0.51937467
5123,0.2128361,0.0,0.19380976,5.372517,0.010074165,0.0,0.019061705,0.5193767
5124,0.34241715,0.0,0.20715627,5.3725185,0.01057118,0.0,0.012899864,0.5193787
5125,0.56533086,0.0,0.19884357,5.37252,0.008111335,0.0,0.014755227,0.5193805
5126,0.24849282,0.0,0.15290627,5.3725195,0.010023072,0.0,0.015687227,0.51938176
5127,0.33687147,0.0,0.19341531,5.3725176,0.010241911,0.0,0.012739644,0.51938283
5128,0.4462676,0.0,0.255752,5.3725166,0.008501416,0.0,0.015798079,0.5193836
5129,0.22365214,0.0,0.20206714,5.3725176,0.0094944835,0.0,0.012389227,0.519385
5130,0.41158545,0.0,0.17061177,5.3725195,0.012661008,0.0,0.015285606,0.5193859
5131,0.2608518,0.0,0.31035575,5.372521,0.007807546,0.0,0.016139446,0.5193871
5132,0.30017245,0.0,0.2570235,5.3725233,0.008447773,0.0,0.013535975,0.5193883
5133,0.37150052,0.0,0.48407415,5.3725257,0.010390706,0.0,0.017596101,0.5193896
5134,0.33949438,0.0,0.104741774,5.3725295,0.009066191,0.0,0.014704555,0.5193909
5135,0.48521608,0.0,0.15858524,5.372531,0.009802272,0.0,0.015530463,0.5193916
5136,0.36399287,0.0,0.16699669,5.372534,0.009133007,0.0,0.012719792,0.5193924
5137,0.4089628,0.0,0.26882666,5.3725357,0.008537333,0.0,0.012927624,0.5193931
5138,0.21674928,0.0,0.24810869,5.372536,0.01077948,0.0,0.013560077,0.5193937
5139,0.54811704,0.0,0.21763399,5.372535,0.0089996625,0.0,0.014049286,0.5193939
5140,0.4643985,0.0,0.2841748,5.3725367,0.007597255,0.0,0.016941248,0.51939434
5141,0.37231845,0.0,0.32472658,5.372535,0.0080951825,0.0,0.012931486,0.5193945
5142,0.34912783,0.0,0.29846287,5.3725376,0.008825943,0.0,0.013154346,0.519395
5143,0.49769855,0.0,0.12944207,5.372539,0.010764917,0.0,0.013878418,0.51939523
5144,0.3774047,0.0,0.19128639,5.3725414,0.008107131,0.0,0.014171762,0.5193952
5145,0.3092664,0.0,0.26897463,5.372542,0.009357286,0.0,0.016873186,0.51939505
5146,0.4765234,0.0,0.20880781,5.372543,0.009514292,0.0,0.02285232,0.5193952
5147,0.27783912,0.0,0.2130699,5.372543,0.009918956,0.0,0.014513461,0.51939505
5148,0.29253194,0.0,0.25368062,5.372545,0.007787676,0.0,0.015254505,0.5193949
5149,0.2900163,0.0,0.1676227,5.3725452,0.007960947,0.0,0.019993592,0.51939464
5150,0.27440417,0.0,0.115425475,5.3725467,0.009672086,0.0,0.019229077,0.5193942
5151,0.45971826,0.0,0.2871368,5.372547,0.010415974,0.0,0.0143095115,0.51939446
5152,0.48717743,0.0,0.2033697,5.372547,0.00859623,0.0,0.019517714,0.51939464
5153,0.38604075,0.0,0.1737271,5.3725467,0.008318145,0.0,0.015381632,0.51939434
5154,0.35232776,0.0,0.3072829,5.3725457,0.010535705,0.0,0.013842722,0.5193941
5155,0.2217899,0.0,0.1377869,5.372545,0.010075895,0.0,0.011838998,0.519394
5156,0.321185,0.0,0.34492227,5.372545,0.0096196,0.0,0.013904733,0.5193936
5157,0.33127713,0.0,0.14760785,5.372542,0.009458428,0.0,0.016994877,0.51939344
5158,0.30748355,0.0,0.1519091,5.372539,0.009196552,0.0,0.015052982,0.5193937
5159,0.63748276,0.0,0.16763294,5.372536,0.009878781,0.0,0.017486168,0.519394
5160,0.46642756,0.0,0.16117361,5.372533,0.00851035,0.0,0.012126233,0.5193939
5161,0.43670058,0.0,0.14483798,5.372529,0.009493071,0.0,0.014874415,0.51939374
5162,0.31059855,0.0,0.15606597,5.3725257,0.009060539,0.0,0.016327657,0.5193932
5163,0.3404254,0.0,0.21781665,5.3725243,0.009094446,0.0,0.013957647,0.51939267
5164,0.3336345,0.0,0.30544484,5.372522,0.009226674,0.0,0.015814623,0.5193919
5165,0.2597434,0.0,0.47826236,5.3725233,0.009395487,0.0,0.015489951,0.51939166
5166,0.22730745,0.0,0.21946137,5.372523,0.008348905,0.0,0.01842911,0.51939154
5167,0.20109197,0.0,0.15599713,5.372523,0.009962592,0.0,0.015857557,0.51939213
5168,0.21592088,0.0,0.17316255,5.372521,0.007880264,0.0,0.015538175,0.51939267
5169,0.6395727,0.0,0.19357553,5.372521,0.008917241,0.0,0.013388017,0.5193927
5170,0.49554667,0.0,0.18454424,5.372519,0.010832013,0.0,0.015053652,0.51939285
5171,0.38161698,0.0,0.12927745,5.3725185,0.010266572,0.0,0.013707174,0.5193929
5172,0.37716073,0.0,0.21561643,5.3725166,0.00885521,0.0,0.014430977,0.51939267
5173,0.4041814,0.0,0.26842365,5.3725133,0.009905023,0.0,0.017823573,0.51939213
5174,0.44308513,0.0,0.16089389,5.3725123,0.009643283,0.0,0.015625399,0.51939136
5175,0.28996646,0.0,0.27136734,5.3725095,0.0092642605,0.0,0.016887285,0.51939094
5176,0.39392322,0.0,0.265481,5.3725076,0.007507477,0.0,0.016323779,0.5193908
5177,0.3331822,0.0,0.20445462,5.372505,0.010221675,0.0,0.014194966,0.5193906
5178,0.3974943,0.0,0.17194854,5.3725038,0.009249136,0.0,0.01302429,0.51939046
5179,0.39643148,0.0,0.24245399,5.372502,0.009406835,0.0,0.016333284,0.51939034
5180,0.13871145,0.0,0.15481608,5.3725,0.0087209465,0.0,0.014137082,0.51939017
5181,1.2170961,0.0,0.30703038,5.3724957,0.00844797,0.0,0.016732251,0.51939094
5182,0.23858497,0.0,0.30693945,5.3724933,0.008048011,0.0,0.017712906,0.51939154
5183,0.33011368,0.0,0.16833693,5.3724904,0.010312057,0.0,0.015537277,0.5193923
5184,0.45213538,0.0,0.20561668,5.372488,0.009287453,0.0,0.016780809,0.5193931
5185,0.29692447,0.0,0.17126633,5.372485,0.008444067,0.0,0.01329243,0.51939386
5186,0.27695104,0.0,0.24814108,5.3724813,0.009362709,0.0,0.01452506,0.51939476
5187,0.34136984,0.0,0.15751795,5.3724775,0.00727099,0.0,0.016503826,0.5193954
5188,0.43529496,0.0,0.26286036,5.3724747,0.009947656,0.0,0.015951207,0.5193963
5189,0.24169837,0.0,0.23366669,5.372473,0.01012506,0.0,0.015516691,0.5193971
5190,0.565611,0.0,0.22128789,5.3724694,0.0106737185,0.0,0.01647768,0.5193976
5191,0.36722285,0.0,0.22149253,5.3724666,0.0076817134,0.0,0.018866507,0.5193978
5192,0.58280194,0.0,0.21464442,5.372463,0.008269703,0.0,0.016673237,0.519398
5193,0.2830852,0.0,0.31883985,5.372461,0.008347372,0.0,0.016790487,0.519398
5194,0.3757996,0.0,0.13180922,5.3724604,0.01049105,0.0,0.014830741,0.51939815
5195,0.49229956,0.0,0.2814131,5.372459,0.009966472,0.0,0.014680903,0.51939833
5196,0.82843506,0.0,0.24528748,5.372462,0.0076607624,0.0,0.015020181,0.51939875
5197,0.6275119,0.0,0.41477463,5.3724647,0.010139917,0.0,0.013916248,0.5193993
5198,0.27016494,0.0,0.11771077,5.372467,0.008992773,0.0,0.016040007,0.5193995
5199,0.19140889,0.0,0.1571938,5.3724694,0.0073474622,0.0,0.016116796,0.5194002
5200,0.51419306,0.0,0.23768058,5.372471,0.008062701,0.0,0.015423278,0.51940036
5201,0.5931773,0.0,0.23549466,5.372473,0.01018127,0.0,0.015589707,0.51940024
5202,0.3511885,0.0,0.116624326,5.3724723,0.011204,0.0,0.01923164,0.51940006
5203,0.22400679,0.0,0.14540292,5.3724723,0.008578677,0.0,0.017056748,0.5194
5204,0.5641081,0.0,0.25242752,5.372472,0.008687704,0.0,0.016568251,0.5193997
5205,0.3487699,0.0,0.20895861,5.37247,0.010622176,0.0,0.016663827,0.51939905
5206,0.21580294,0.0,0.2677614,5.372469,0.009677373,0.0,0.0129964,0.5193983
5207,0.32100493,0.0,0.26131696,5.372468,0.008541577,0.0,0.0149760125,0.51939726
5208,0.46747392,0.0,0.2463658,5.3724675,0.00994601,0.0,0.0151642505,0.51939684
5209,0.34470382,0.0,0.13926749,5.372469,0.008794329,0.0,0.013170867,0.51939654
5210,0.5128262,0.0,0.27147332,5.372469,0.0079633035,0.0,0.016190965,0.5193962
5211,0.2951553,0.0,0.19876494,5.3724704,0.00843787,0.0,0.017480064,0.51939577
5212,0.580807,0.0,0.26189646,5.372472,0.0084031215,0.0,0.015153841,0.5193955
5213,0.23645157,0.0,0.27307892,5.3724737,0.008334829,0.0,0.015116591,0.5193953
5214,0.50654423,0.0,0.23681751,5.372478,0.009270625,0.0,0.0153823355,0.51939595
5215,0.49132672,0.0,0.1975142,5.3724823,0.009037837,0.0,0.015490511,0.5193962
5216,0.49985904,0.0,0.19852331,5.372487,0.01033151,0.0,0.014904723,0.51939666
5217,0.3225701,0.0,0.43317115,5.3724914,0.009340061,0.0,0.018478012,0.51939726
5218,0.23618262,0.0,0.20181453,5.3724985,0.008394242,0.0,0.017977351,0.5193978
5219,0.76284194,0.0,0.27869815,5.3725033,0.010204206,0.0,0.013354928,0.51939857
5220,0.25799567,0.0,0.36547065,5.372509,0.008109332,0.0,0.014432594,0.51939887
5221,0.24338557,0.0,0.55169415,5.3725147,0.008548398,0.0,0.01574496,0.51939934
5222,0.6338664,0.0,0.25638908,5.3725166,0.010732229,0.0,0.012507511,0.5193996
5223,0.24359734,0.0,0.18630472,5.3725176,0.00884085,0.0,0.020621128,0.51940036
5224,0.2668587,0.0,0.259289,5.372519,0.008401479,0.0,0.015121113,0.5194015
5225,0.4562983,0.0,0.19952865,5.372519,0.007628641,0.0,0.013702445,0.5194025
5226,0.32092616,0.0,0.19041157,5.37252,0.008737249,0.0,0.014840397,0.5194042
5227,0.29654542,0.0,0.13115828,5.3725214,0.010390943,0.0,0.016009636,0.5194059
5228,0.33106694,0.0,0.20266405,5.372523,0.007927867,0.0,0.012776666,0.5194074
5229,0.60893786,0.0,0.28232056,5.372524,0.01122927,0.0,0.014088211,0.5194086
5230,0.2502921,0.0,0.32535115,5.3725224,0.009425715,0.0,0.016475946,0.5194098
5231,0.26900575,0.0,0.42178947,5.3725233,0.009037605,0.0,0.014990093,0.51941085
5232,0.36615953,0.0,0.2614706,5.372524,0.010031626,0.0,0.017598052,0.519412
5233,0.7177509,0.0,0.23561043,5.3725243,0.008014699,0.0,0.018664265,0.5194125
5234,0.39041612,0.0,0.18206994,5.3725257,0.011003506,0.0,0.011854532,0.519413
5235,0.3935411,0.0,0.24962279,5.3725266,0.008463461,0.0,0.014790756,0.5194138
5236,0.16153948,0.0,0.28975138,5.3725276,0.009597104,0.0,0.015544619,0.5194145
5237,0.2769265,0.0,0.1827678,5.3725286,0.007876828,0.0,0.016888712,0.51941544
5238,0.2249831,0.0,0.23719479,5.372527,0.0111021,0.0,0.015792897,0.5194164
5239,0.598538,0.0,0.23258612,5.372527,0.009500968,0.0,0.015193113,0.5194174
5240,0.49124822,0.0,0.30282736,5.3725276,0.010710518,0.0,0.01557158,0.5194184
5241,0.23676722,0.0,0.3132043,5.3725314,0.008599964,0.0,0.015781734,0.5194196
5242,0.54789096,0.0,0.26739946,5.372531,0.008423447,0.0,0.012754496,0.51942044
5243,0.28365555,0.0,0.237926,5.3725305,0.010573122,0.0,0.016829748,0.5194212
5244,0.9497695,0.0,0.2056561,5.3725286,0.010649952,0.0,0.016104069,0.5194219
5245,0.314224,0.0,0.17914751,5.372525,0.009138419,0.0,0.016286025,0.51942277
5246,0.6537841,0.0,0.22974235,5.372522,0.009647106,0.0,0.016470786,0.51942396
5247,0.28161845,0.0,0.14773658,5.372518,0.008781547,0.0,0.019148482,0.51942503
5248,0.38277808,0.0,0.21602345,5.3725166,0.008382566,0.0,0.013534044,0.5194261
5249,0.5143239,0.0,0.1812705,5.372515,0.009945953,0.0,0.014696086,0.5194272
5250,0.23975864,0.0,0.24526092,5.3725142,0.009166284,0.0,0.018033538,0.51942813
5251,0.6971939,0.0,0.18507336,5.3725133,0.00933912,0.0,0.011565269,0.51942927
5252,0.23416644,0.0,0.26724127,5.3725123,0.008734429,0.0,0.012517763,0.5194302
5253,0.32463953,0.0,0.17272796,5.372512,0.008804688,0.0,0.013683098,0.5194308
5254,0.3352638,0.0,0.25152233,5.3725114,0.0075452877,0.0,0.016812017,0.51943105
5255,0.48976782,0.0,0.13778077,5.372508,0.008513491,0.0,0.012912639,0.5194312
5256,0.22278668,0.0,0.27254832,5.3725047,0.008162974,0.0,0.013193787,0.5194311
5257,0.38739288,0.0,0.14101589,5.3725047,0.008754518,0.0,0.012744451,0.5194308
5258,0.26880813,0.0,0.19608295,5.3725038,0.010997731,0.0,0.015532626,0.51943046
5259,0.48979717,0.0,0.26458138,5.372503,0.010646259,0.0,0.015520463,0.5194298
5260,0.31011325,0.0,0.19605708,5.372503,0.009190596,0.0,0.015878566,0.51942915
5261,0.4133276,0.0,0.51947874,5.3725023,0.00905726,0.0,0.014074171,0.5194286
5262,0.36653727,0.0,0.20738797,5.372504,0.008632585,0.0,0.014822911,0.51942843
5263,0.38552526,0.0,0.2054836,5.372507,0.009524961,0.0,0.015845744,0.5194283
5264,0.54685456,0.0,0.20781387,5.372509,0.01032867,0.0,0.01422936,0.51942784
5265,0.47424665,0.0,0.19088538,5.372512,0.008644929,0.0,0.01532015,0.5194274
5266,0.25746268,0.0,0.16392882,5.372514,0.008540412,0.0,0.015535323,0.51942766
5267,0.37120354,0.0,0.25684175,5.3725157,0.009552687,0.0,0.01514709,0.51942825
5268,0.22061515,0.0,0.20756482,5.372516,0.009779869,0.0,0.015285512,0.51942855
5269,0.3471747,0.0,0.13826951,5.3725157,0.0076471325,0.0,0.014740975,0.51942885
5270,0.41602737,0.0,0.1530591,5.3725147,0.007711128,0.0,0.015715227,0.519429
5271,0.26660284,0.0,0.30303818,5.372514,0.0071541,0.0,0.012548107,0.519429
5272,0.8755605,0.0,0.18088908,5.372514,0.010606183,0.0,0.013062765,0.51942897
5273,0.43182012,0.0,0.234107,5.3725142,0.011350919,0.0,0.013038648,0.519429
5274,0.78280026,0.0,0.123393394,5.3725123,0.009982927,0.0,0.017188085,0.51942927
5275,0.37441653,0.0,0.1884149,5.37251,0.010152703,0.0,0.014139355,0.51942885
5276,0.44797748,0.0,0.18294136,5.3725076,0.008146702,0.0,0.013260791,0.5194283
5277,0.4078993,0.0,0.26351938,5.372506,0.009540844,0.0,0.017094292,0.5194277
5278,0.3516574,0.0,0.28401557,5.3725038,0.011397634,0.0,0.013016663,0.5194268
5279,0.30356282,0.0,0.22072934,5.3725038,0.00937559,0.0,0.012363015,0.5194259
5280,0.29178,0.0,0.471961,5.3725,0.011053263,0.0,0.0128954165,0.51942503
5281,0.4528573,0.0,0.12853225,5.372497,0.007920036,0.0,0.016853683,0.5194242
5282,0.609629,0.0,0.24772246,5.372494,0.00890792,0.0,0.01567714,0.51942337
5283,0.22018781,0.0,0.2662027,5.3724895,0.010359759,0.0,0.016132789,0.51942265
5284,0.64913297,0.0,0.24298058,5.3724866,0.009121621,0.0,0.017605882,0.51942146
5285,0.4650949,0.0,0.21096972,5.3724847,0.008160767,0.0,0.01483974,0.5194207
5286,0.3251762,0.0,0.3329919,5.3724833,0.009875316,0.0,0.01448241,0.51942015
5287,0.30296746,0.0,0.18165746,5.372485,0.010974337,0.0,0.016906578,0.51941925
5288,0.39629322,0.0,0.22564496,5.3724866,0.009120816,0.0,0.014924383,0.51941854
5289,0.41380498,0.0,0.20475565,5.372487,0.0088497335,0.0,0.014259361,0.51941764
5290,0.45084378,0.0,0.31530622,5.3724885,0.00948391,0.0,0.013333676,0.5194172
5291,0.44205633,0.0,0.33689794,5.372488,0.009073891,0.0,0.015375951,0.5194167
5292,0.2300459,0.0,0.24321593,5.3724885,0.0084588295,0.0,0.01561156,0.51941633
5293,0.68773514,0.0,0.17748083,5.372489,0.011615516,0.0,0.01676714,0.5194162
5294,0.27716595,0.0,0.23065227,5.3724885,0.008306926,0.0,0.01652779,0.5194159
5295,0.38827106,0.0,0.18702751,5.372489,0.0075477217,0.0,0.018035535,0.5194153
5296,0.70518696,0.0,0.18133952,5.3724895,0.010697817,0.0,0.013594231,0.5194147
5297,0.5058145,0.0,0.21460359,5.372489,0.01122056,0.0,0.014880268,0.5194141
5298,0.6443812,0.0,0.24880329,5.3724875,0.0085498635,0.0,0.017143935,0.51941395
5299,0.23124088,0.0,0.25161225,5.372488,0.007964251,0.0,0.016274234,0.51941365
5300,0.2769658,0.0,0.14236514,5.372486,0.009394441,0.0,0.016237374,0.51941335
5301,0.20538563,0.0,0.24913262,5.372485,0.008865893,0.0,0.015173579,0.51941305
5302,0.2274776,0.0,0.49279678,5.372483,0.008332308,0.0,0.016131144,0.5194126
5303,0.24698374,0.0,0.3546477,5.372478,0.009085873,0.0,0.015715899,0.51941246
5304,0.31412396,0.0,0.11311461,5.3724747,0.0072640143,0.0,0.015029465,0.5194122
5305,0.35193163,0.0,0.2706762,5.372472,0.009296528,0.0,0.019211765,0.519412
5306,0.30383787,0.0,0.20117715,5.372469,0.010571695,0.0,0.013173866,0.51941174
5307,0.28629643,0.0,0.43777296,5.3724675,0.007454998,0.0,0.013246731,0.51941144
5308,0.34312916,0.0,0.23241788,5.3724694,0.00795579,0.0,0.016616039,0.5194112
5309,0.25724736,0.0,0.33747014,5.3724713,0.007847044,0.0,0.013815021,0.519411
5310,0.34047034,0.0,0.16231976,5.3724747,0.007791879,0.0,0.0139669,0.51941085
5311,0.48131403,0.0,0.16392118,5.3724775,0.009454596,0.0,0.01261047,0.51941043
5312,0.61304426,0.0,0.29038596,5.37248,0.011225982,0.0,0.013142413,0.5194105
5313,0.3749613,0.0,0.3203629,5.372482,0.009003612,0.0,0.016827073,0.5194102
5314,0.34746197,0.0,0.17616135,5.372487,0.0092468755,0.0,0.015215595,0.51940995
5315,0.32115507,0.0,0.1766022,5.3724914,0.009351409,0.0,0.014886733,0.5194102
5316,0.39349663,0.0,0.63422316,5.372495,0.007311863,0.0,0.013844051,0.5194106
5317,0.36717498,0.0,0.20158821,5.3724937,0.009157007,0.0,0.014854951,0.519411
5318,0.5035892,0.0,0.20715909,5.3724937,0.010723138,0.0,0.017888874,0.51941144
5319,0.26476508,0.0,0.19680414,5.3724933,0.009457759,0.0,0.013361069,0.519412
5320,0.87686414,0.0,0.1629673,5.3724923,0.009958854,0.0,0.01502223,0.5194125
5321,0.29472274,0.0,0.3459527,5.3724904,0.008883989,0.0,0.014104469,0.5194129
5322,0.1471141,0.0,0.19654676,5.3724866,0.008417545,0.0,0.015110774,0.51941293
5323,0.36547795,0.0,0.41944912,5.3724833,0.007913889,0.0,0.014710193,0.51941305
5324,0.4202122,0.0,0.25764558,5.372479,0.009929691,0.0,0.015110763,0.51941305
5325,0.38194,0.0,0.25182366,5.372474,0.008259664,0.0,0.012362255,0.51941305
5326,0.5941961,0.0,0.16885583,5.3724723,0.009431213,0.0,0.015085208,0.51941305
5327,0.31291685,0.0,0.42038935,5.372469,0.008648149,0.0,0.015660366,0.5194125
5328,0.24020079,0.0,0.22339177,5.372466,0.009684516,0.0,0.013742474,0.51941216
5329,0.1529318,0.0,0.24452244,5.3724623,0.009915903,0.0,0.012760911,0.5194116
5330,0.54799664,0.0,0.1932657,5.3724585,0.008633338,0.0,0.016071245,0.5194113
5331,0.2536142,0.0,0.25054878,5.3724546,0.009390808,0.0,0.021216294,0.519411
5332,0.45859724,0.0,0.21241927,5.372449,0.008348938,0.0,0.014946893,0.51941067
5333,0.26438627,0.0,0.27483964,5.3724427,0.009177183,0.0,0.01694525,0.5194103
5334,0.2739369,0.0,0.20755528,5.3724375,0.008316725,0.0,0.016296646,0.5194101
5335,0.4130026,0.0,0.14728573,5.372431,0.008263702,0.0,0.01707915,0.5194099
5336,0.28128323,0.0,0.20602205,5.372424,0.008805912,0.0,0.015681356,0.51940984
5337,0.44333625,0.0,0.24399062,5.372418,0.009075994,0.0,0.018030457,0.51940984
5338,1.1614796,0.0,0.21086067,5.3724127,0.010945427,0.0,0.016084597,0.5194097
5339,0.54340816,0.0,0.24369985,5.372407,0.008722847,0.0,0.013183436,0.5194097
5340,0.56388307,0.0,0.28857803,5.3724,0.007919627,0.0,0.015614378,0.51940936
5341,0.3528129,0.0,0.19155909,5.372393,0.008713112,0.0,0.013853576,0.5194087
5342,0.46365896,0.0,0.32974434,5.3723874,0.009137066,0.0,0.015762208,0.5194079
5343,0.22516537,0.0,0.29412284,5.372384,0.009233012,0.0,0.014167815,0.51940715
5344,0.60646224,0.0,0.32306156,5.3723817,0.008484186,0.0,0.015465074,0.5194068
5345,0.3731459,0.0,0.19422285,5.3723807,0.008856008,0.0,0.015525323,0.5194064
5346,0.38650978,0.0,0.16042574,5.37238,0.010458265,0.0,0.017923778,0.5194054
5347,0.4098301,0.0,0.23663625,5.372381,0.0088049695,0.0,0.014856507,0.51940435
5348,0.28918955,0.0,0.189658,5.3723803,0.008449928,0.0,0.013535117,0.51940304
5349,0.37467784,0.0,0.20931095,5.3723803,0.009737617,0.0,0.018036796,0.5194018
5350,0.34057036,0.0,0.20670085,5.372381,0.008135211,0.0,0.012508116,0.5194004
5351,0.40137658,0.0,0.245224,5.372381,0.0084998,0.0,0.014457533,0.5193991
5352,0.35095903,0.0,0.18457225,5.3723807,0.009673442,0.0,0.014592448,0.5193975
5353,0.71514755,0.0,0.25816658,5.3723793,0.009100741,0.0,0.016029129,0.5193962
5354,0.6726104,0.0,0.2217032,5.372377,0.010202557,0.0,0.0129526835,0.5193951
5355,0.44882378,0.0,0.1986354,5.372375,0.009956601,0.0,0.015473659,0.5193942
5356,0.33290255,0.0,0.17599444,5.372375,0.0102952905,0.0,0.015881926,0.5193939
5357,0.25727147,0.0,0.19658974,5.3723745,0.008775527,0.0,0.01422403,0.519394
5358,0.39863032,0.0,0.3206177,5.3723755,0.008690271,0.0,0.015911853,0.5193937
5359,0.41232613,0.0,0.18159139,5.3723745,0.007149695,0.0,0.0153857265,0.51939344
5360,0.5398904,0.0,0.17988363,5.3723736,0.009655118,0.0,0.014452213,0.5193931
5361,0.42129523,0.0,0.21190266,5.3723736,0.009311335,0.0,0.018446699,0.5193924
5362,0.64195275,0.0,0.17610608,5.372373,0.0076225055,0.0,0.0133290915,0.51939166
5363,0.33078265,0.0,0.29709324,5.3723717,0.0069012544,0.0,0.0168284,0.51939064
5364,0.37961596,0.0,0.2733965,5.372374,0.008679863,0.0,0.013214033,0.51939
5365,0.5124459,0.0,0.2576665,5.372375,0.009969209,0.0,0.012201844,0.51938885
5366,0.33477885,0.0,0.20016493,5.372376,0.009744001,0.0,0.017619412,0.51938826
5367,0.447427,0.0,0.2787669,5.3723764,0.011101345,0.0,0.014820289,0.5193876
5368,0.39010927,0.0,0.20395277,5.3723764,0.0077166087,0.0,0.018328901,0.519387
5369,0.56285584,0.0,0.19944365,5.3723783,0.009639775,0.0,0.018569764,0.51938635
5370,0.2974055,0.0,0.29311773,5.37238,0.008730299,0.0,0.016190007,0.5193858
5371,0.24857895,0.0,0.13843827,5.3723817,0.009270383,0.0,0.014584491,0.5193856
5372,0.57247794,0.0,0.23481219,5.3723865,0.007795754,0.0,0.013755935,0.5193855
5373,0.51735556,0.0,0.24597792,5.372389,0.010695553,0.0,0.018267859,0.51938546
5374,0.33189255,0.0,0.24772553,5.37239,0.01005686,0.0,0.018365145,0.5193859
5375,0.68395144,0.0,0.17524113,5.3723946,0.01047663,0.0,0.013586795,0.5193866
5376,0.45568895,0.0,0.1733809,5.3723974,0.010857532,0.0,0.014121065,0.51938725
5377,0.6315295,0.0,0.27253738,5.372401,0.009272091,0.0,0.013914429,0.519388
5378,0.36601344,0.0,0.21553011,5.3724074,0.009490319,0.0,0.017453719,0.51938844
5379,0.6989398,0.0,0.2530275,5.372414,0.0088040335,0.0,0.014535869,0.51938856
5380,0.48637453,0.0,0.20623353,5.372418,0.008916211,0.0,0.015463212,0.5193884
5381,0.68267727,0.0,0.21246989,5.3724227,0.00813318,0.0,0.015516045,0.51938874
5382,0.47848126,0.0,0.21479575,5.372428,0.007768382,0.0,0.011444992,0.51938903
5383,0.3073834,0.0,0.12809828,5.372432,0.008963766,0.0,0.014255542,0.5193889
5384,0.96276706,0.0,0.23884162,5.3724346,0.009318531,0.0,0.017508643,0.5193888
5385,0.22167815,0.0,0.17182736,5.3724394,0.007957524,0.0,0.01677917,0.51938874
5386,0.4947728,0.0,0.24586755,5.372443,0.008834552,0.0,0.014900686,0.51938885
5387,0.45870748,0.0,0.42992428,5.3724456,0.0075958357,0.0,0.016235987,0.5193891
5388,0.37348372,0.0,0.20917971,5.3724475,0.009599875,0.0,0.013437916,0.5193894
5389,0.3515663,0.0,0.23436001,5.3724484,0.006814892,0.0,0.015402542,0.51938933
5390,0.4242025,0.0,0.33422333,5.3724513,0.0100576095,0.0,0.015834618,0.5193891
5391,0.41648674,0.0,0.15632492,5.372453,0.010268754,0.0,0.015615191,0.5193887
5392,0.27490526,0.0,0.24756747,5.3724575,0.009637674,0.0,0.017749105,0.5193887
5393,0.6749587,0.0,0.16214938,5.372459,0.010767612,0.0,0.014175999,0.5193885
5394,0.374369,0.0,0.2987721,5.372462,0.009490512,0.0,0.013910698,0.5193881
5395,0.2805728,0.0,0.23208812,5.3724647,0.01173504,0.0,0.015312624,0.519388
5396,0.37734655,0.0,0.16384812,5.3724647,0.008377494,0.0,0.01593192,0.5193878
5397,0.22778124,0.0,0.20317645,5.3724637,0.0075499034,0.0,0.016289132,0.51938766
5398,0.65459675,0.0,0.32165748,5.372464,0.010482199,0.0,0.015786523,0.519388
5399,0.4127733,0.0,0.22879058,5.372465,0.009752675,0.0,0.016095348,0.5193883
5400,0.29305962,0.0,0.16672005,5.3724685,0.009678564,0.0,0.015857214,0.51938814
5401,1.0665337,0.0,0.13543326,5.3724713,0.009085466,0.0,0.018600848,0.51938814
5402,0.5809495,0.0,0.23478375,5.3724737,0.01038302,0.0,0.015877387,0.51938784
5403,0.7761245,0.0,0.13195598,5.3724747,0.010001514,0.0,0.015421057,0.51938814
5404,0.4374607,0.0,0.26304287,5.3724766,0.008808382,0.0,0.01750502,0.5193885
5405,0.6720303,0.0,0.22166891,5.3724775,0.0077433228,0.0,0.015713831,0.51938844
5406,0.3979795,0.0,0.25831285,5.3724785,0.012410222,0.0,0.014985101,0.5193884
5407,0.4537381,0.0,0.1364406,5.372482,0.009876109,0.0,0.012932088,0.51938826
5408,0.28018036,0.0,0.12095814,5.372485,0.008228404,0.0,0.017357532,0.5193881
5409,0.9888413,0.0,0.1395192,5.372486,0.009017726,0.0,0.014115528,0.5193875
5410,0.43819362,0.0,0.19992949,5.372488,0.008709192,0.0,0.015550524,0.5193871
5411,0.38335937,0.0,0.21297638,5.372487,0.009024316,0.0,0.016688839,0.5193867
5412,0.3907091,0.0,0.27558863,5.372486,0.007785891,0.0,0.017944895,0.5193862
5413,0.4694879,0.0,0.35389188,5.372482,0.010041483,0.0,0.015706256,0.5193858
5414,0.40438107,0.0,0.24761078,5.372478,0.008335836,0.0,0.014007914,0.51938534
5415,0.48528078,0.0,0.23959656,5.3724747,0.009155487,0.0,0.013685898,0.51938504
5416,0.37014398,0.0,0.18838866,5.3724732,0.009897549,0.0,0.01603842,0.5193848
5417,0.52864355,0.0,0.23002829,5.3724694,0.00865055,0.0,0.014992066,0.5193845
5418,0.2684395,0.0,0.30747938,5.3724656,0.009555279,0.0,0.016630506,0.5193841
5419,0.25926566,0.0,0.26643193,5.3724613,0.00848775,0.0,0.016721994,0.5193838
5420,0.16701926,0.0,0.317042,5.372456,0.00887919,0.0,0.01647916,0.5193835
5421,0.36969218,0.0,0.1655625,5.3724537,0.010807655,0.0,0.017361699,0.5193831
5422,0.29560706,0.0,0.28830498,5.372452,0.009463104,0.0,0.017051654,0.5193831
5423,0.30851158,0.0,0.20307451,5.3724513,0.009971527,0.0,0.017249463,0.5193828
5424,0.27944857,0.0,0.21899438,5.3724484,0.009375051,0.0,0.014687773,0.5193826
5425,0.6681239,0.0,0.28272069,5.372443,0.008655509,0.0,0.014349086,0.5193828
5426,0.5689475,0.0,0.29646745,5.3724384,0.00877232,0.0,0.014470489,0.5193831
5427,0.715138,0.0,0.26617837,5.3724346,0.009714421,0.0,0.014075988,0.5193829
5428,0.24283181,0.0,0.12612481,5.3724318,0.007879276,0.0,0.016650379,0.5193828
5429,0.27284613,0.0,0.28695643,5.37243,0.00779486,0.0,0.0152329225,0.5193828
5430,0.57932895,0.0,0.17535205,5.3724284,0.008991327,0.0,0.012983088,0.51938266
5431,0.18910822,0.0,0.21595208,5.3724275,0.008832539,0.0,0.014953407,0.51938254
5432,0.44876915,0.0,0.17013848,5.372426,0.009147543,0.0,0.013006794,0.5193823
5433,0.2744127,0.0,0.14775716,5.3724256,0.008426553,0.0,0.017581772,0.5193822
5434,0.19539717,0.0,0.18409991,5.372424,0.007917698,0.0,0.016865807,0.51938194
5435,0.434156,0.0,0.37344858,5.372423,0.0074185096,0.0,0.018589923,0.5193822
5436,0.8804537,0.0,0.27218726,5.3724217,0.008249039,0.0,0.014141789,0.51938295
5437,0.26457655,0.0,0.22652073,5.3724213,0.008679804,0.0,0.013421891,0.5193836
5438,0.95601565,0.0,0.11498835,5.3724213,0.008538867,0.0,0.016708156,0.51938397
5439,0.40698674,0.0,0.15169154,5.3724194,0.010067348,0.0,0.016370913,0.51938444
5440,0.4711099,0.0,0.16244271,5.372421,0.008402036,0.0,0.017046716,0.5193847
5441,0.28028116,0.0,0.22965564,5.372421,0.008083372,0.0,0.01316515,0.519385
5442,0.4873574,0.0,0.3175854,5.3724203,0.009977197,0.0,0.015248646,0.5193853
5443,0.40516558,0.0,0.18468608,5.372423,0.009863408,0.0,0.015787004,0.5193855
5444,0.28347108,0.0,0.39394304,5.372426,0.0107517475,0.0,0.015055325,0.5193855
5445,0.19203286,0.0,0.44253922,5.37243,0.007790802,0.0,0.016859867,0.51938546
5446,0.73562676,0.0,0.19010389,5.3724327,0.008819847,0.0,0.016966846,0.5193853
5447,0.2253056,0.0,0.16699673,5.3724356,0.0074593984,0.0,0.016172623,0.5193859
5448,0.17943308,0.0,0.26691613,5.372438,0.008763353,0.0,0.014725338,0.51938635
5449,0.22615623,0.0,0.17740645,5.3724384,0.009660272,0.0,0.016191147,0.51938695
5450,0.21885362,0.0,0.15426245,5.37244,0.00885116,0.0,0.014883185,0.51938754
5451,0.71953136,0.0,0.24269478,5.3724413,0.007788009,0.0,0.015916515,0.51938766
5452,0.64715785,0.0,0.25185832,5.3724427,0.008900557,0.0,0.013235976,0.51938766
5453,0.4564336,0.0,0.22295117,5.372442,0.010247547,0.0,0.014706258,0.5193874
5454,0.603709,0.0,0.36689526,5.37244,0.010704395,0.0,0.016813943,0.5193881
5455,0.3817431,0.0,0.16805945,5.3724394,0.008028629,0.0,0.01397957,0.519389
5456,0.40587625,0.0,0.22703797,5.3724384,0.00941333,0.0,0.015522578,0.51939
5457,0.8758971,0.0,0.17022261,5.372437,0.008980638,0.0,0.017814815,0.51939076
5458,0.2758401,0.0,0.30335888,5.3724346,0.009139284,0.0,0.013049493,0.5193917
5459,0.4004968,0.0,0.277035,5.3724337,0.009164515,0.0,0.012834436,0.51939255
5460,0.4947932,0.0,0.25994164,5.3724327,0.00734536,0.0,0.014193842,0.5193931
5461,0.32567886,0.0,0.17025831,5.3724294,0.01020089,0.0,0.016732613,0.5193936
5462,0.19191884,0.0,0.35111064,5.3724294,0.0090587335,0.0,0.019015038,0.5193945
5463,0.34744766,0.0,0.3103466,5.3724284,0.008725798,0.0,0.013706965,0.519396
5464,0.45107555,0.0,0.20450899,5.3724284,0.010188555,0.0,0.01611772,0.51939726
5465,0.42841262,0.0,0.18005247,5.3724294,0.01014139,0.0,0.017508224,0.5193987
5466,0.24194637,0.0,0.2804314,5.37243,0.009632489,0.0,0.018298805,0.51939964
5467,0.38105097,0.0,0.15565303,5.372428,0.007103485,0.0,0.01815251,0.51940024
5468,0.28990743,0.0,0.24412322,5.372427,0.008476186,0.0,0.015326754,0.5194007
5469,0.4356483,0.0,0.24111205,5.372427,0.010510873,0.0,0.015204561,0.519401
5470,0.3674127,0.0,0.27289262,5.3724256,0.008700989,0.0,0.016780697,0.5194011
5471,0.5676929,0.0,0.30315292,5.372424,0.008357062,0.0,0.01765386,0.51940125
5472,0.4750634,0.0,0.14099275,5.372422,0.009035828,0.0,0.020202834,0.5194014
5473,0.34286666,0.0,0.17158842,5.3724213,0.0102014,0.0,0.014988298,0.5194019
5474,0.389231,0.0,0.17456917,5.372419,0.011165289,0.0,0.015547064,0.51940244
5475,0.5924985,0.0,0.18647707,5.3724174,0.010267592,0.0,0.01397828,0.5194027
5476,0.40809143,0.0,0.15210807,5.3724165,0.011582845,0.0,0.016367855,0.51940316
5477,0.26156655,0.0,0.18052545,5.3724146,0.009149617,0.0,0.012666271,0.5194036
5478,0.45292374,0.0,0.2379036,5.3724136,0.0063452837,0.0,0.015698401,0.5194041
5479,0.34677368,0.0,0.155433,5.372412,0.00878405,0.0,0.017685447,0.5194047
5480,0.31436545,0.0,0.1547761,5.372412,0.0089456085,0.0,0.014509447,0.5194055
5481,0.22601597,0.0,0.17501687,5.3724113,0.006535114,0.0,0.016072273,0.5194062
5482,0.30422416,0.0,0.11589625,5.3724103,0.0106019685,0.0,0.012901375,0.51940674
5483,0.47999525,0.0,0.3614686,5.372408,0.0097622685,0.0,0.014627893,0.5194069
5484,0.45448408,0.0,0.22855291,5.372407,0.010643709,0.0,0.012758624,0.519407
5485,0.30612603,0.0,0.15869801,5.372405,0.010223161,0.0,0.014624999,0.519407
5486,0.6463223,0.0,0.21786179,5.3724036,0.010991181,0.0,0.017231166,0.51940703
5487,0.38531628,0.0,0.16957395,5.3724017,0.009746936,0.0,0.019031053,0.51940715
5488,0.2678625,0.0,0.21514437,5.3723965,0.0085021,0.0,0.016971806,0.51940745
5489,0.30488965,0.0,0.23403297,5.372393,0.012630809,0.0,0.014200467,0.5194077
5490,0.6912733,0.0,0.4109933,5.3723927,0.01186158,0.0,0.013036405,0.51940817
5491,0.30843312,0.0,0.19894327,5.372388,0.010156672,0.0,0.01663354,0.5194087
5492,0.24456409,0.0,0.26267704,5.372385,0.009712705,0.0,0.01730742,0.51940906
5493,0.28701106,0.0,0.33466896,5.372386,0.009807795,0.0,0.016967626,0.5194094
5494,0.38461927,0.0,0.1725209,5.372385,0.009918663,0.0,0.014486089,0.5194097
5495,0.9646004,0.0,0.12874691,5.372384,0.012218813,0.0,0.013440103,0.51940966
5496,0.23347637,0.0,0.24598214,5.3723836,0.007465167,0.0,0.016569415,0.5194098
5497,0.19656658,0.0,0.19440787,5.372382,0.010446879,0.0,0.01482121,0.5194098
5498,0.39402717,0.0,0.18256313,5.3723807,0.011819127,0.0,0.015645068,0.51941025
5499,0.5373935,0.0,0.3032436,5.3723793,0.00884769,0.0,0.014682333,0.51941013
5500,0.46685702,0.0,0.14179456,5.3723764,0.010181961,0.0,0.015530859,0.5194095
5501,0.32440555,0.0,0.28096852,5.3723764,0.009659195,0.0,0.014355258,0.51940864
5502,0.6259946,0.0,0.23582827,5.3723764,0.009625586,0.0,0.015063919,0.51940763
5503,0.41458437,0.0,0.1776292,5.3723774,0.009034504,0.0,0.013399489,0.5194065
5504,0.2829493,0.0,0.17241521,5.372378,0.010171088,0.0,0.016407123,0.5194054
5505,0.15908268,0.0,0.09029438,5.3723783,0.0065770177,0.0,0.015176423,0.5194047
5506,0.4959117,0.0,0.17004697,5.372379,0.00931903,0.0,0.014690168,0.5194041
5507,0.33893913,0.0,0.20786946,5.372378,0.007840913,0.0,0.014686568,0.51940376
5508,0.8622733,0.0,0.15442452,5.372379,0.009078569,0.0,0.013694191,0.5194034
5509,0.27710986,0.0,0.16778737,5.372379,0.009011431,0.0,0.013837616,0.51940316
5510,0.28805912,0.0,0.24388014,5.3723774,0.009523469,0.0,0.016839381,0.519403
5511,0.51090467,0.0,0.305431,5.372377,0.010341806,0.0,0.016971312,0.5194026
5512,0.50046915,0.0,0.30955026,5.3723755,0.009513909,0.0,0.01391199,0.519402
5513,0.2679221,0.0,0.15421441,5.372375,0.010119373,0.0,0.015094703,0.51940167
5514,0.40383732,0.0,0.18602854,5.372373,0.010497219,0.0,0.01421001,0.5194015
5515,0.16651149,0.0,0.12264314,5.3723717,0.00969313,0.0,0.017759904,0.5194012
5516,0.4021974,0.0,0.21401776,5.3723702,0.0065718726,0.0,0.012808639,0.519401
5517,0.32897776,0.0,0.16951132,5.3723717,0.0072721704,0.0,0.018602487,0.5194011
5518,0.74386865,0.0,0.19837017,5.372373,0.006830462,0.0,0.014535125,0.5194014
5519,0.5553308,0.0,0.1502258,5.3723717,0.009277414,0.0,0.014577973,0.51940185
5520,0.24765469,0.0,0.2161989,5.372372,0.007063686,0.0,0.016000435,0.51940227
5521,0.28987905,0.0,0.23826347,5.372373,0.010299876,0.0,0.014054109,0.51940316
5522,0.37184858,0.0,0.14632738,5.3723726,0.008662994,0.0,0.015198907,0.5194035
5523,0.40856498,0.0,0.32309517,5.372373,0.009319193,0.0,0.01579848,0.519404
5524,0.36250654,0.0,0.23565057,5.3723726,0.007896349,0.0,0.01539829,0.5194044
5525,0.35134995,0.0,0.25369444,5.372373,0.008766653,0.0,0.014026802,0.5194046
5526,0.25795352,0.0,0.2864987,5.372373,0.008819077,0.0,0.016624788,0.51940465
5527,0.2880557,0.0,0.2926934,5.3723707,0.008001363,0.0,0.011831929,0.5194048
5528,0.5037081,0.0,0.15719461,5.372369,0.009805078,0.0,0.017487416,0.5194053
5529,0.34805986,0.0,0.12391015,5.372367,0.009978387,0.0,0.014660532,0.51940584
5530,0.42261714,0.0,0.36341536,5.3723645,0.011382067,0.0,0.013028139,0.5194065
5531,0.29538685,0.0,0.32830098,5.3723626,0.009467873,0.0,0.016319102,0.51940703
5532,0.4144328,0.0,0.18004762,5.372363,0.009693149,0.0,0.015111526,0.51940733
5533,0.41175228,0.0,0.2237139,5.372364,0.008179307,0.0,0.016045015,0.5194077
5534,0.48565894,0.0,0.19519952,5.3723664,0.007585832,0.0,0.019419873,0.51940763
5535,0.39221793,0.0,0.1437708,5.372369,0.00837288,0.0,0.014466167,0.5194077
5536,0.35409498,0.0,0.23033205,5.3723717,0.00906971,0.0,0.01555712,0.5194073
5537,0.9203326,0.0,0.1564878,5.3723736,0.010654694,0.0,0.016772253,0.51940674
5538,0.41889068,0.0,0.20215118,5.3723755,0.008525182,0.0,0.015653318,0.5194061
5539,0.2979957,0.0,0.1396531,5.372377,0.010207519,0.0,0.015931634,0.5194054
5540,0.6082306,0.0,0.25534287,5.3723774,0.0077427235,0.0,0.015564304,0.5194052
5541,0.4483308,0.0,0.13380721,5.3723793,0.0079380395,0.0,0.016620098,0.5194047
5542,0.24536572,0.0,0.24197152,5.372381,0.008892778,0.0,0.014657075,0.51940477
5543,0.46035603,0.0,0.32851544,5.3723807,0.00784188,0.0,0.015093632,0.5194047
5544,0.39078522,0.0,0.2266832,5.372381,0.009160396,0.0,0.018014219,0.51940495
5545,0.27751452,0.0,0.1647173,5.372382,0.011039654,0.0,0.017623242,0.5194051
5546,0.37140694,0.0,0.387976,5.372383,0.011557809,0.0,0.017026313,0.51940596
5547,0.46536973,0.0,0.17260236,5.3723865,0.010278219,0.0,0.013124162,0.5194065
5548,0.28536135,0.0,0.25759998,5.3723903,0.0076543097,0.0,0.013502763,0.51940745
5549,0.26230627,0.0,0.40155113,5.372392,0.00930994,0.0,0.017172791,0.519408
5550,0.25916255,0.0,0.27924207,5.3723965,0.010892579,0.0,0.014533241,0.51940876
5551,0.2845314,0.0,0.1547544,5.372404,0.008961875,0.0,0.014711981,0.51940936
5552,0.56105906,0.0,0.69670904,5.3724113,0.008400014,0.0,0.016494047,0.5194094
5553,0.536913,0.0,0.22267522,5.372418,0.008856318,0.0,0.015474677,0.5194095
5554,0.43153334,0.0,0.29869828,5.3724256,0.00845311,0.0,0.017086022,0.5194097
5555,0.17962356,0.0,0.13324542,5.3724318,0.008323449,0.0,0.019610403,0.51941043
5556,0.5589196,0.0,0.24063998,5.372438,0.008200473,0.0,0.018337272,0.5194115
5557,0.28343034,0.0,0.16560878,5.372442,0.008388444,0.0,0.013746165,0.51941264
5558,0.40498248,0.0,0.19837475,5.3724446,0.009661166,0.0,0.013186417,0.5194138
5559,0.23374598,0.0,0.21245325,5.372451,0.0083495295,0.0,0.013532795,0.519415
5560,0.37947133,0.0,0.13715476,5.372454,0.009135367,0.0,0.014654801,0.5194162
5561,0.5095941,0.0,0.2448038,5.372458,0.009211781,0.0,0.0149589935,0.51941776
5562,0.23888762,0.0,0.11372382,5.372461,0.009460492,0.0,0.013775034,0.519419
5563,0.25762045,0.0,0.20774978,5.372463,0.008051718,0.0,0.015325047,0.5194203
5564,0.22635485,0.0,0.23947655,5.372465,0.0078080245,0.0,0.015204315,0.5194217
5565,0.48003194,0.0,0.21974303,5.3724656,0.008677131,0.0,0.016133403,0.5194225
5566,0.46639344,0.0,0.17503175,5.372466,0.009668155,0.0,0.016646959,0.51942325
5567,0.34614223,0.0,0.15728325,5.372467,0.010280457,0.0,0.017969994,0.51942384
5568,0.33871916,0.0,0.14306138,5.372466,0.007465334,0.0,0.013782345,0.51942486
5569,0.571463,0.0,0.16995265,5.3724666,0.0110890595,0.0,0.014397144,0.51942587
5570,0.9367874,0.0,0.20289457,5.372466,0.009562219,0.0,0.018513046,0.5194269
5571,0.4644954,0.0,0.26125878,5.3724647,0.009828172,0.0,0.015326784,0.5194278
5572,0.20261802,0.0,0.19792026,5.372465,0.009001841,0.0,0.015780829,0.51942855
5573,0.3912167,0.0,0.21574576,5.3724656,0.008909203,0.0,0.012035763,0.5194291
5574,0.2576744,0.0,0.2499773,5.3724656,0.009997417,0.0,0.013238662,0.51942974
5575,0.5680713,0.0,0.21513394,5.3724666,0.00903963,0.0,0.016464077,0.51943034
5576,1.4026895,0.0,0.16692278,5.3724675,0.009756934,0.0,0.016584786,0.51943064
5577,0.3609659,0.0,0.29762724,5.3724666,0.008432619,0.0,0.014620134,0.51943105
5578,0.3734083,0.0,0.24923058,5.372468,0.009613133,0.0,0.01837771,0.5194314
5579,0.37154037,0.0,0.19617796,5.372467,0.008653659,0.0,0.014540021,0.5194319
5580,0.29252842,0.0,0.22745954,5.3724666,0.0070730154,0.0,0.015603729,0.5194328
5581,0.41129324,0.0,0.21953061,5.372466,0.011245305,0.0,0.013765384,0.51943356
5582,0.346835,0.0,0.15486887,5.372465,0.0074730627,0.0,0.014099006,0.519434
5583,0.3141896,0.0,0.18267275,5.372465,0.00852007,0.0,0.01438998,0.5194347
5584,0.38832557,0.0,0.22702023,5.3724647,0.010298897,0.0,0.01606119,0.519435
5585,0.29084668,0.0,0.16627067,5.372465,0.0077835084,0.0,0.015765421,0.5194354
5586,0.55765766,0.0,0.19162324,5.372464,0.010705093,0.0,0.014701093,0.51943547
5587,0.4724759,0.0,0.18647563,5.3724623,0.009192265,0.0,0.014064322,0.51943547
5588,0.4540496,0.0,0.15586416,5.3724594,0.0077533983,0.0,0.014685917,0.51943535
5589,0.51193386,0.0,0.21479271,5.372457,0.010217509,0.0,0.014461271,0.51943535
5590,0.39598116,0.0,0.41388598,5.3724556,0.008400122,0.0,0.01503683,0.51943505
5591,0.649182,0.0,0.17478561,5.3724546,0.008940682,0.0,0.013763878,0.51943487
5592,0.3896978,0.0,0.1956183,5.3724527,0.008221544,0.0,0.014294819,0.5194351
5593,0.39689007,0.0,0.1999496,5.3724513,0.008291336,0.0,0.013046489,0.51943535
5594,1.1481416,0.0,0.16173358,5.3724494,0.006801348,0.0,0.014722105,0.5194355
5595,0.80642676,0.0,0.16378032,5.372447,0.010638919,0.0,0.014490333,0.5194357
5596,0.2474942,0.0,0.19509482,5.372445,0.008489876,0.0,0.0147171635,0.5194364
5597,0.3929224,0.0,0.17631009,5.3724427,0.010591374,0.0,0.015193329,0.519437
5598,0.58007324,0.0,0.45541155,5.372441,0.009610131,0.0,0.015928581,0.5194379
5599,0.35102966,0.0,0.22255069,5.3724384,0.0094691245,0.0,0.01424856,0.51943845
5600,0.7920814,0.0,0.24646677,5.372436,0.008714627,0.0,0.015037308,0.51943904
5601,0.5905044,0.0,0.22273117,5.372432,0.010821127,0.0,0.014960777,0.51943946
5602,0.44698706,0.0,0.14139076,5.3724265,0.009610209,0.0,0.015620343,0.5194394
5603,0.5779548,0.0,0.3394767,5.3724213,0.008920537,0.0,0.014797209,0.51943934
5604,0.21827582,0.0,0.19691847,5.3724184,0.008854706,0.0,0.01736892,0.5194394
5605,0.41216645,0.0,0.2137812,5.372416,0.008257992,0.0,0.015066375,0.5194396
5606,0.48262846,0.0,0.20606793,5.372414,0.007930609,0.0,0.013084647,0.5194407
5607,0.755026,0.0,0.24008681,5.3724127,0.009342395,0.0,0.014382738,0.51944166
5608,0.38855082,0.0,0.20110941,5.3724103,0.0076753674,0.0,0.012633411,0.5194422
5609,0.71037805,0.0,0.20118654,5.3724084,0.010133935,0.0,0.017610423,0.5194427
5610,0.21624802,0.0,0.3356963,5.3724065,0.009228224,0.0,0.01510444,0.51944274
5611,0.29720297,0.0,0.1476987,5.372405,0.009688462,0.0,0.015995746,0.51944256
5612,0.39729655,0.0,0.15865731,5.3724036,0.008269712,0.0,0.013847396,0.519442
5613,0.30527264,0.0,0.21577676,5.3724027,0.008412889,0.0,0.013592546,0.5194413
5614,0.41456398,0.0,0.18168972,5.3724036,0.009202212,0.0,0.017357863,0.5194403
5615,0.5896381,0.0,0.13571252,5.3724036,0.010323513,0.0,0.015259208,0.5194395
5616,0.26493213,0.0,0.24463768,5.3724027,0.00927729,0.0,0.014698919,0.51943886
5617,0.8828116,0.0,0.30144396,5.3724027,0.010352025,0.0,0.013225558,0.51943815
5618,0.2887441,0.0,0.15674867,5.3724046,0.009133092,0.0,0.019837333,0.5194377
5619,0.5103994,0.0,0.17434601,5.3724065,0.010588027,0.0,0.012220053,0.5194387
5620,0.7208152,0.0,0.22847025,5.372408,0.009010004,0.0,0.015633425,0.51943976
5621,0.27650037,0.0,0.21266842,5.3724113,0.008702561,0.0,0.017683864,0.5194407
5622,0.42309508,0.0,0.14866085,5.372413,0.009548485,0.0,0.011652816,0.51944137
5623,0.52085334,0.0,0.18164611,5.3724165,0.009682795,0.0,0.014073598,0.519442
5624,0.64377177,0.0,0.23785093,5.372419,0.009970821,0.0,0.012926278,0.5194422
5625,0.32388997,0.0,0.28372028,5.37242,0.010095748,0.0,0.014565734,0.51944274
5626,0.28113705,0.0,0.20915073,5.3724227,0.0095035685,0.0,0.01255272,0.51944304
5627,0.2223018,0.0,0.22634006,5.372424,0.008627457,0.0,0.012341311,0.51944304
5628,0.2712289,0.0,0.31136698,5.3724256,0.008685458,0.0,0.016064482,0.51944333
5629,1.1122984,0.0,0.23568846,5.3724275,0.010041942,0.0,0.014406648,0.51944345
5630,0.41574776,0.0,0.3090404,5.3724303,0.010350896,0.0,0.017200807,0.51944315
5631,0.3285416,0.0,0.23373996,5.3724356,0.009553846,0.0,0.01614957,0.51944304
5632,0.34666002,0.0,0.25864673,5.3724384,0.008132203,0.0,0.014640075,0.5194436
5633,0.24782737,0.0,0.2119389,5.3724403,0.008435792,0.0,0.015240723,0.5194445
5634,0.31829852,0.0,0.24806286,5.372443,0.011235616,0.0,0.014511305,0.5194452
5635,0.6789278,0.0,0.1652971,5.3724465,0.009689107,0.0,0.015721804,0.5194458
5636,0.77104586,0.0,0.16655816,5.37245,0.010731423,0.0,0.014994291,0.51944596
5637,0.3236039,0.0,0.11203139,5.372452,0.007860392,0.0,0.017398676,0.51944625
5638,0.2617374,0.0,0.24961752,5.372455,0.009590021,0.0,0.01388743,0.5194472
5639,0.37811023,0.0,0.36334303,5.37246,0.010290568,0.0,0.017881071,0.5194479
5640,0.35447255,0.0,0.2168337,5.372463,0.009492287,0.0,0.012318469,0.51944876
5641,0.39319494,0.0,0.15450822,5.372468,0.010039252,0.0,0.0126549965,0.5194495
5642,0.32158673,0.0,0.14948215,5.3724704,0.0070785717,0.0,0.016403623,0.51944965
5643,0.41549692,0.0,0.20259196,5.3724723,0.010044056,0.0,0.01472388,0.51945
5644,0.24537101,0.0,0.22598976,5.372474,0.008140119,0.0,0.013384262,0.51945037
5645,0.30214936,0.0,0.12932113,5.372477,0.011168812,0.0,0.015037009,0.51945066
5646,0.19921131,0.0,0.1675186,5.3724794,0.009208304,0.0,0.014584326,0.51945096
5647,0.38894945,0.0,0.1446487,5.37248,0.008415153,0.0,0.014686922,0.51945084
5648,0.43159676,0.0,0.21376453,5.3724804,0.009146094,0.0,0.015873186,0.5194507
5649,0.83577865,0.0,0.14817895,5.37248,0.008760078,0.0,0.01389607,0.51945156
5650,0.46486324,0.0,0.25710064,5.372482,0.008645734,0.0,0.012050446,0.5194522
5651,0.85868603,0.0,0.22347264,5.372485,0.009065616,0.0,0.015580491,0.51945275
5652,0.65474313,0.0,0.40691605,5.3724866,0.008271437,0.0,0.014161119,0.51945364
5653,0.46051627,0.0,0.14544444,5.3724895,0.0108825145,0.0,0.01621384,0.5194543
5654,0.33273426,0.0,0.20875446,5.3724923,0.008632565,0.0,0.016432116,0.51945454
5655,0.41068608,0.0,0.23104265,5.372495,0.009985091,0.0,0.014806708,0.5194546
5656,0.49414164,0.0,0.1803904,5.3724985,0.008032411,0.0,0.017200576,0.519455
5657,0.25627908,0.0,0.16896248,5.3724995,0.008659463,0.0,0.015974095,0.51945543
5658,0.26408735,0.0,0.14184178,5.372501,0.009932676,0.0,0.011899757,0.5194561
5659,0.6102739,0.0,0.17702474,5.3725014,0.010574316,0.0,0.015039708,0.51945716
5660,0.2486367,0.0,0.122404784,5.3725,0.010312666,0.0,0.011820417,0.5194582
5661,0.36600637,0.0,0.14786443,5.372499,0.009433118,0.0,0.016453804,0.5194589
5662,0.3183774,0.0,0.10360009,5.372496,0.008890752,0.0,0.014315037,0.5194596
5663,0.7501252,0.0,0.12978424,5.3724923,0.009293003,0.0,0.017490437,0.51946086
5664,0.55051297,0.0,0.25697815,5.3724885,0.007824508,0.0,0.014835769,0.5194619
5665,0.5557606,0.0,0.34704494,5.372486,0.010676148,0.0,0.013428532,0.5194626
5666,0.33437458,0.0,0.16947001,5.372482,0.007857438,0.0,0.011890215,0.5194633
5667,0.4329699,0.0,0.22250362,5.372478,0.008854839,0.0,0.014399363,0.51946425
5668,0.21599646,0.0,0.16450557,5.3724756,0.008052278,0.0,0.01642165,0.51946545
5669,0.9316431,0.0,0.18579218,5.3724732,0.009746655,0.0,0.016510976,0.51946616
5670,0.3267269,0.0,0.23273481,5.3724713,0.010034278,0.0,0.016440485,0.51946676
5671,0.39875385,0.0,0.16066462,5.372469,0.011058623,0.0,0.014941569,0.5194671
5672,0.43085846,0.0,0.21115422,5.3724666,0.010952071,0.0,0.013106006,0.51946753
5673,0.5916669,0.0,0.1714205,5.3724637,0.009319878,0.0,0.014395271,0.5194679
5674,0.4505565,0.0,0.13690116,5.3724604,0.0091178585,0.0,0.01671037,0.5194684
5675,0.55857193,0.0,0.14985238,5.372457,0.008907276,0.0,0.016368067,0.5194684
5676,0.27602822,0.0,0.17126492,5.372456,0.008702237,0.0,0.016454026,0.5194687
5677,0.29524648,0.0,0.20362234,5.3724546,0.008461519,0.0,0.014031878,0.519469
5678,0.29173595,0.0,0.22673832,5.3724537,0.0094201965,0.0,0.014309816,0.5194692
5679,0.77062905,0.0,0.22743817,5.3724537,0.009589834,0.0,0.013781671,0.51946944
5680,0.4756038,0.0,0.208022,5.3724527,0.010034082,0.0,0.014299525,0.5194695
5681,0.46339393,0.0,0.25001422,5.3724527,0.008340306,0.0,0.0155526325,0.5194699
5682,0.60542226,0.0,0.14902276,5.372452,0.008543423,0.0,0.014823125,0.51947016
5683,0.31404588,0.0,0.25103167,5.372451,0.0130809825,0.0,0.015707484,0.5194702
5684,0.5670487,0.0,0.18128136,5.372453,0.011229415,0.0,0.015674546,0.5194704
5685,0.45646477,0.0,0.14208981,5.3724566,0.00838857,0.0,0.016401706,0.5194707
5686,0.32768807,0.0,0.16473399,5.37246,0.008249631,0.0,0.014057551,0.51947075
5687,0.42811003,0.0,0.2489433,5.3724613,0.010043263,0.0,0.014138199,0.5194705
5688,0.38950303,0.0,0.16521722,5.3724637,0.010146383,0.0,0.020902347,0.5194704
5689,0.40020147,0.0,0.25906563,5.3724647,0.009569331,0.0,0.015042175,0.51947004
5690,0.4586035,0.0,0.16967387,5.372469,0.009202741,0.0,0.015874995,0.5194694
5691,0.39889058,0.0,0.17448653,5.3724723,0.009892559,0.0,0.013792155,0.5194696
5692,0.4997504,0.0,0.12580231,5.3724766,0.010406451,0.0,0.014951457,0.51946986
5693,0.32527027,0.0,0.16824545,5.372479,0.0086632585,0.0,0.016364913,0.51947033
5694,0.50967944,0.0,0.30882388,5.3724813,0.0079184165,0.0,0.015280107,0.5194709
5695,0.22592436,0.0,0.24511622,5.372482,0.010360753,0.0,0.012228615,0.5194717
5696,0.21422437,0.0,0.27306545,5.372482,0.008894398,0.0,0.022153353,0.5194722
5697,0.29139113,0.0,0.2540013,5.3724823,0.011150933,0.0,0.017514566,0.51947266
5698,0.8988552,0.0,0.25325072,5.372482,0.009162753,0.0,0.013870068,0.51947296
5699,0.47515166,0.0,0.15745458,5.3724813,0.008527083,0.0,0.015941054,0.51947314
5700,0.653198,0.0,0.11591375,5.3724804,0.009153492,0.0,0.014353233,0.5194729
5701,0.70640767,0.0,0.2557221,5.372479,0.008803789,0.0,0.0154975075,0.51947296
5702,0.4581604,0.0,0.4912107,5.3724766,0.009790167,0.0,0.012618135,0.51947296
5703,0.5632879,0.0,0.33637434,5.3724756,0.008594177,0.0,0.019286413,0.51947325
5704,0.28268015,0.0,0.5627572,5.372475,0.00979774,0.0,0.01555335,0.5194736
5705,0.31235263,0.0,0.28234887,5.372475,0.0079195555,0.0,0.017308328,0.5194738
5706,0.26174864,0.0,0.14683062,5.3724756,0.008992049,0.0,0.012217777,0.5194735
5707,0.34722048,0.0,0.18609762,5.3724785,0.00996959,0.0,0.013334511,0.5194736
5708,0.27724588,0.0,0.18697901,5.372479,0.01161914,0.0,0.013706456,0.5194736
5709,0.27100536,0.0,0.1576024,5.3724837,0.009793184,0.0,0.018651813,0.5194734
5710,0.63300765,0.0,0.33624837,5.372488,0.0118969595,0.0,0.014159557,0.5194731
5711,0.38430083,0.0,0.3332316,5.3724937,0.009896462,0.0,0.017913325,0.51947314
5712,0.35089716,0.0,0.24975586,5.3724976,0.010313038,0.0,0.014483291,0.519474
5713,0.7324725,0.0,0.17212063,5.372501,0.008387893,0.0,0.017750442,0.51947445
5714,0.5213385,0.0,0.26806757,5.372505,0.009788466,0.0,0.014258982,0.51947504
5715,0.37927136,0.0,0.24356326,5.3725085,0.010517907,0.0,0.016714165,0.5194752
5716,0.25924483,0.0,0.17976126,5.37251,0.008061605,0.0,0.017310968,0.51947534
5717,0.21589379,0.0,0.3054689,5.372513,0.008940763,0.0,0.014100758,0.5194753
5718,0.30041987,0.0,0.1636009,5.3725157,0.009535196,0.0,0.01484988,0.5194753
5719,0.30966905,0.0,0.26765093,5.372516,0.008620402,0.0,0.013261459,0.51947486
5720,0.5962074,0.0,0.24698469,5.3725185,0.009987414,0.0,0.018612083,0.5194739
5721,0.3090927,0.0,0.09632034,5.3725204,0.008430732,0.0,0.014090802,0.519473
5722,0.38033336,0.0,0.22952247,5.372521,0.009818605,0.0,0.013741882,0.5194719
5723,0.88515306,0.0,0.1700393,5.3725214,0.009602232,0.0,0.01828637,0.5194708
5724,0.44388175,0.0,0.18970706,5.372521,0.010610806,0.0,0.016607402,0.5194697
5725,0.33894217,0.0,0.3359981,5.372521,0.00995147,0.0,0.015329219,0.5194686
5726,0.34717834,0.0,0.1946253,5.372522,0.009479057,0.0,0.014560306,0.5194677
5727,0.2370731,0.0,0.20587718,5.372524,0.0117283035,0.0,0.017405525,0.5194669
5728,0.3811747,0.0,0.23645422,5.3725257,0.010219002,0.0,0.015244485,0.5194655
5729,0.20427974,0.0,0.19085735,5.372524,0.010875383,0.0,0.015629768,0.5194641
5730,0.2546418,0.0,0.12440148,5.3725243,0.01016528,0.0,0.01314558,0.5194631
5731,0.41509926,0.0,0.13481517,5.372521,0.008777329,0.0,0.01522589,0.5194617
5732,0.40242043,0.0,0.18756038,5.3725204,0.008475607,0.0,0.015440603,0.51946074
5733,0.33600128,0.0,0.22683725,5.372519,0.008531634,0.0,0.014398638,0.5194598
5734,0.60393506,0.0,0.16921975,5.3725147,0.008995799,0.0,0.017169334,0.51945883
5735,0.43994734,0.0,0.22961095,5.372512,0.011014295,0.0,0.016521866,0.51945776
5736,0.24378748,0.0,0.25227958,5.372508,0.007924659,0.0,0.015564818,0.5194568
5737,0.63543063,0.0,0.25128958,5.3725047,0.01058783,0.0,0.014443398,0.5194558
5738,0.31087586,0.0,0.14194758,5.3725033,0.010104286,0.0,0.013245585,0.51945525
5739,0.41383728,0.0,0.18174715,5.372501,0.009662399,0.0,0.015576353,0.51945424
5740,0.38195908,0.0,0.40437302,5.3725,0.008250478,0.0,0.016978962,0.5194539
5741,0.16093802,0.0,0.117640324,5.372498,0.010917292,0.0,0.014327521,0.5194539
5742,0.23283416,0.0,0.33009592,5.3724966,0.008315355,0.0,0.019497331,0.51945364
5743,0.5895615,0.0,0.17600846,5.3724947,0.009156937,0.0,0.01425528,0.5194533
5744,0.57923114,0.0,0.17542303,5.372493,0.012045846,0.0,0.015546174,0.5194531
5745,0.2722086,0.0,0.14975907,5.3724923,0.00950501,0.0,0.013426222,0.5194531
5746,0.5861003,0.0,0.37298527,5.3724923,0.0069285054,0.0,0.01754953,0.5194528
5747,0.75723815,0.0,0.24359189,5.3724923,0.0076956935,0.0,0.013995511,0.5194527
5748,0.49490574,0.0,0.2603267,5.372491,0.01029346,0.0,0.016554687,0.5194525
5749,0.46146688,0.0,0.20582822,5.3724895,0.010733189,0.0,0.01589715,0.51945233
5750,0.41174135,0.0,0.16444355,5.372489,0.009468012,0.0,0.014933685,0.51945245
5751,0.5817582,0.0,0.21263282,5.372488,0.0085119875,0.0,0.015438954,0.51945245
5752,0.24300177,0.0,0.14969951,5.372489,0.008119065,0.0,0.013419184,0.51945335
5753,0.39347932,0.0,0.32888255,5.372489,0.008022382,0.0,0.01531294,0.5194545
5754,0.2477908,0.0,0.18842258,5.3724875,0.009281014,0.0,0.013333133,0.519455
5755,0.3642937,0.0,0.17010269,5.3724875,0.0075651323,0.0,0.015543072,0.51945555
5756,0.22469036,0.0,0.33342728,5.372487,0.008909617,0.0,0.014830555,0.5194556
5757,0.4053533,0.0,0.20653921,5.372487,0.009925783,0.0,0.01715604,0.5194555
5758,0.2655668,0.0,0.2593396,5.3724866,0.008466824,0.0,0.0144785205,0.5194559
5759,0.24938047,0.0,0.15183559,5.3724875,0.010385767,0.0,0.016082443,0.5194563
5760,0.36412406,0.0,0.2752115,5.3724885,0.0075315135,0.0,0.017328346,0.5194567
5761,0.6306783,0.0,0.15924506,5.3724904,0.008823219,0.0,0.018206,0.51945716
5762,0.2857602,0.0,0.3644824,5.372491,0.008539572,0.0,0.019081092,0.5194573
5763,0.39043003,0.0,0.14634407,5.372493,0.009355013,0.0,0.01724921,0.51945746
5764,0.64760697,0.0,0.2431559,5.372495,0.008851549,0.0,0.017008238,0.51945764
5765,0.5100911,0.0,0.4714777,5.3724995,0.007826052,0.0,0.014981257,0.51945734
5766,0.40499583,0.0,0.21507798,5.372501,0.009397341,0.0,0.01288533,0.519457
5767,0.46353126,0.0,0.28858757,5.372502,0.008280819,0.0,0.014044362,0.51945704
5768,0.8605221,0.0,0.44862986,5.372501,0.009846101,0.0,0.017629616,0.51945657
5769,0.23979281,0.0,0.18702643,5.3725047,0.008283192,0.0,0.0143488,0.51945615
5770,0.49740866,0.0,0.38030514,5.372508,0.009375493,0.0,0.017634332,0.519456
5771,0.5705812,0.0,0.2298497,5.3725085,0.009691735,0.0,0.016505301,0.51945573
5772,1.6811501,0.0,0.15712182,5.3725085,0.009265996,0.0,0.015523736,0.5194555
5773,0.62300146,0.0,0.16585761,5.372508,0.007724779,0.0,0.012853627,0.51945555
5774,0.47870472,0.0,0.17922327,5.3725076,0.009336377,0.0,0.016126426,0.5194558
5775,0.29658952,0.0,0.22487305,5.372506,0.009941448,0.0,0.012710492,0.51945573
5776,0.37878004,0.0,0.24295308,5.3725047,0.007818601,0.0,0.014695512,0.51945555
5777,0.6813302,0.0,0.17899996,5.3725004,0.00890312,0.0,0.016892876,0.5194554
5778,0.42145947,0.0,0.22961381,5.3724966,0.0090613775,0.0,0.021126982,0.5194551
5779,0.24831437,0.0,0.25521988,5.3724914,0.008838239,0.0,0.014200391,0.5194547
5780,0.33555183,0.0,0.17957969,5.372485,0.009630663,0.0,0.014181219,0.5194543
5781,0.48280492,0.0,0.21788672,5.37248,0.008584239,0.0,0.017296523,0.51945406
5782,0.5506056,0.0,0.20401955,5.372474,0.008975285,0.0,0.016072024,0.51945454
5783,0.41453552,0.0,0.17054047,5.3724694,0.009808919,0.0,0.018129809,0.51945484
5784,0.4953912,0.0,0.22850937,5.3724647,0.010414189,0.0,0.014843982,0.5194546
5785,0.785319,0.0,0.19834971,5.3724604,0.008784112,0.0,0.020112842,0.51945424
5786,0.629455,0.0,0.15318815,5.372456,0.008926436,0.0,0.014033887,0.51945424
5787,0.4800999,0.0,0.124835305,5.3724513,0.0073283184,0.0,0.013454364,0.51945364
5788,0.2976504,0.0,0.20090975,5.372447,0.007742295,0.0,0.01705924,0.5194533
5789,0.39755386,0.0,0.23580705,5.3724446,0.009269553,0.0,0.015208696,0.5194524
5790,0.87552744,0.0,0.19088131,5.3724422,0.00932056,0.0,0.016173491,0.51945174
5791,0.2974165,0.0,0.14837088,5.3724384,0.008290132,0.0,0.017475385,0.51945084
5792,0.67275417,0.0,0.20946713,5.372437,0.008521208,0.0,0.017956441,0.51945
5793,0.2605275,0.0,0.26773915,5.372435,0.009574322,0.0,0.014112282,0.51944923
5794,0.19736825,0.0,0.19173965,5.372434,0.0075093,0.0,0.015619055,0.5194484
5795,0.8792974,0.0,0.13798879,5.3724327,0.00775232,0.0,0.017035745,0.5194477
5796,0.26298246,0.0,0.32151192,5.372432,0.009204256,0.0,0.014078565,0.51944685
5797,0.32659823,0.0,0.23470129,5.3724327,0.010258259,0.0,0.017140022,0.51944613
5798,0.3017493,0.0,0.16637743,5.3724337,0.008880805,0.0,0.016621817,0.519446
5799,0.5453021,0.0,0.29666203,5.3724313,0.007880635,0.0,0.013932974,0.5194454
5800,0.41252223,0.0,0.19893514,5.3724294,0.011548204,0.0,0.018145839,0.5194446
5801,0.6370233,0.0,0.15926163,5.3724256,0.010180222,0.0,0.014510896,0.51944333
5802,0.43777126,0.0,0.1714626,5.3724217,0.009315543,0.0,0.015468166,0.51944214
5803,0.3822544,0.0,0.14815812,5.37242,0.009080104,0.0,0.014374803,0.51944137
5804,0.4890448,0.0,0.3752346,5.372419,0.009303618,0.0,0.013434138,0.5194406
5805,0.40832675,0.0,0.18026079,5.3724146,0.0075958045,0.0,0.013319062,0.5194397
5806,0.32000226,0.0,0.14485861,5.372411,0.00961477,0.0,0.0145468395,0.51943904
5807,0.17587808,0.0,0.22440882,5.372408,0.00948205,0.0,0.015515094,0.5194379
5808,0.738197,0.0,0.49651253,5.372404,0.008671094,0.0,0.016961785,0.5194369
5809,0.42739996,0.0,0.2579716,5.3724,0.009452387,0.0,0.01891784,0.51943594
5810,0.4408773,0.0,0.21584429,5.3723965,0.009024765,0.0,0.014661658,0.5194352
5811,0.5937475,0.0,0.24015814,5.372391,0.008551071,0.0,0.015831774,0.51943463
5812,0.53976065,0.0,0.25182116,5.372387,0.008881348,0.0,0.012962821,0.5194341
5813,0.2683192,0.0,0.26308236,5.3723855,0.006954192,0.0,0.019804645,0.5194334
5814,0.59113836,0.0,0.15717772,5.372383,0.006839993,0.0,0.01669035,0.51943314
5815,0.3065026,0.0,0.2958844,5.3723803,0.008505586,0.0,0.017118694,0.5194331
5816,0.2534427,0.0,0.22291994,5.372378,0.008962143,0.0,0.015870657,0.5194325
5817,0.5358336,0.0,0.16368528,5.3723774,0.00981303,0.0,0.013098959,0.519432
5818,0.24007568,0.0,0.28659716,5.372378,0.011883933,0.0,0.016029505,0.5194312
5819,0.43345246,0.0,0.4352384,5.3723783,0.008138045,0.0,0.0163996,0.5194307
5820,0.29862124,0.0,0.26278836,5.3723803,0.009616143,0.0,0.018104613,0.51943046
5821,0.60370237,0.0,0.22422609,5.3723836,0.009178281,0.0,0.013633162,0.5194306
5822,0.32227972,0.0,0.31515172,5.372386,0.011301932,0.0,0.015949355,0.5194306
5823,0.49184522,0.0,0.2579602,5.3723893,0.009491663,0.0,0.018934116,0.5194312
5824,0.2602189,0.0,0.23180631,5.372391,0.010885823,0.0,0.01685907,0.51943105
5825,0.49489546,0.0,0.20380004,5.372394,0.009390022,0.0,0.013133181,0.51943123
5826,0.34323454,0.0,0.18987465,5.372395,0.008045859,0.0,0.011495782,0.5194315
5827,0.33570585,0.0,0.15383428,5.372395,0.008766641,0.0,0.0142539535,0.5194312
5828,0.39033347,0.0,0.29883847,5.3723974,0.0098227095,0.0,0.015842995,0.51943076
5829,0.5078606,0.0,0.24795553,5.3723993,0.00858597,0.0,0.015244004,0.5194302
5830,0.25686458,0.0,0.2609702,5.3724,0.010111052,0.0,0.0148803815,0.5194296
5831,0.39110333,0.0,0.17976682,5.3724027,0.00775417,0.0,0.014955358,0.5194292
5832,0.34454003,0.0,0.21743578,5.3724036,0.008662817,0.0,0.016385961,0.51942885
5833,0.26486778,0.0,0.16237885,5.372405,0.009586288,0.0,0.015640281,0.5194283
5834,0.5534731,0.0,0.22084199,5.3724065,0.008380472,0.0,0.014904451,0.51942784
5835,0.39717415,0.0,0.15833363,5.3724074,0.007382901,0.0,0.016167266,0.51942754
5836,0.4315759,0.0,0.2291393,5.3724093,0.008106135,0.0,0.012672341,0.51942766
5837,0.38166466,0.0,0.3221066,5.372412,0.009512818,0.0,0.01371493,0.5194278
5838,0.2775167,0.0,0.11227106,5.3724165,0.007752471,0.0,0.013438521,0.51942754
5839,0.39400628,0.0,0.2704065,5.3724203,0.008744296,0.0,0.017035998,0.5194268
5840,0.5222711,0.0,0.23879363,5.372424,0.0102015585,0.0,0.014866439,0.5194261
5841,0.37057528,0.0,0.4946734,5.372428,0.01043145,0.0,0.019486602,0.51942587
5842,0.3115401,0.0,0.22763173,5.3724294,0.008339393,0.0,0.014515837,0.51942575
5843,0.4035891,0.0,0.14673321,5.3724294,0.0090784915,0.0,0.01734888,0.5194257
5844,0.3153777,0.0,0.23875892,5.372429,0.008482075,0.0,0.012472417,0.51942575
5845,0.60970944,0.0,0.3280233,5.3724294,0.009230938,0.0,0.013395608,0.5194257
5846,0.5202857,0.0,0.26673588,5.3724284,0.00913238,0.0,0.01719419,0.51942533
5847,0.26563615,0.0,0.25969565,5.3724284,0.01013698,0.0,0.015141794,0.51942515
5848,0.652706,0.0,0.18493302,5.3724284,0.008897445,0.0,0.015487055,0.51942486
5849,0.88435024,0.0,0.1486303,5.3724275,0.009612674,0.0,0.015790178,0.51942456
5850,0.4170748,0.0,0.31836206,5.372427,0.009875244,0.0,0.01359752,0.5194241
5851,0.594395,0.0,0.1450877,5.3724265,0.008899989,0.0,0.014420275,0.5194236
5852,0.87459683,0.0,0.16160998,5.3724265,0.0093857115,0.0,0.012953038,0.519423
5853,0.9958294,0.0,0.14833795,5.3724265,0.010217625,0.0,0.017670035,0.51942223
5854,0.3540698,0.0,0.36912283,5.3724275,0.0076149576,0.0,0.017271848,0.51942176
5855,0.7312225,0.0,0.28004962,5.37243,0.009461263,0.0,0.0155603755,0.5194212
5856,0.4930885,0.0,0.34451827,5.372434,0.008388086,0.0,0.017635789,0.51942056
5857,0.46338075,0.0,0.25025195,5.372437,0.010710538,0.0,0.0151243415,0.51941997
5858,0.4619584,0.0,0.16267183,5.372439,0.009019843,0.0,0.017268468,0.5194193
5859,0.49565038,0.0,0.21799564,5.372441,0.011985787,0.0,0.015340361,0.51941824
5860,0.23658387,0.0,0.172072,5.372442,0.008193504,0.0,0.014100967,0.5194173
5861,0.38812283,0.0,0.27644587,5.372442,0.008318884,0.0,0.014973813,0.51941645
5862,0.19245608,0.0,0.13402472,5.372442,0.008090137,0.0,0.015653564,0.5194159
5863,0.33401534,0.0,0.17979866,5.3724427,0.010191581,0.0,0.015582737,0.51941574
5864,0.20967536,0.0,0.25905615,5.372443,0.009820215,0.0,0.013962309,0.5194158
5865,0.331798,0.0,0.2138337,5.3724446,0.0072978833,0.0,0.013348604,0.5194157
5866,0.6229697,0.0,0.2668516,5.3724465,0.009533372,0.0,0.013730207,0.5194156
5867,0.36236423,0.0,0.19956991,5.37245,0.008358533,0.0,0.01348744,0.5194159
5868,0.35708344,0.0,0.31190613,5.372453,0.0093920445,0.0,0.014822744,0.5194158
5869,0.3490405,0.0,0.17801002,5.3724566,0.00831088,0.0,0.0175559,0.51941574
5870,0.35854635,0.0,0.09538534,5.3724594,0.010871839,0.0,0.015606405,0.5194153
5871,0.25686276,0.0,0.2554864,5.3724627,0.0070519587,0.0,0.016322039,0.51941526
5872,0.5775022,0.0,0.24281962,5.372461,0.009842998,0.0,0.016878441,0.51941514
5873,0.5542384,0.0,0.24788952,5.372459,0.009187599,0.0,0.01658358,0.5194147
5874,0.5513738,0.0,0.30883428,5.3724585,0.009302891,0.0,0.01584485,0.51941484
5875,0.3087775,0.0,0.39528662,5.3724575,0.009750235,0.0,0.015525546,0.519415
5876,0.65314645,0.0,0.19938287,5.3724585,0.009198647,0.0,0.0127932,0.51941514
5877,0.43607572,0.0,0.21826006,5.3724585,0.007658279,0.0,0.018827103,0.519415
5878,0.24302126,0.0,0.35551137,5.3724613,0.010150244,0.0,0.015838377,0.5194152
5879,1.0732344,0.0,0.30708098,5.3724675,0.009114164,0.0,0.014308287,0.5194154
5880,0.5680584,0.0,0.21449868,5.3724723,0.008155914,0.0,0.016397586,0.5194156
5881,0.44933116,0.0,0.48753908,5.3724775,0.010707447,0.0,0.017173061,0.51941574
5882,0.38538623,0.0,0.11005107,5.372485,0.008599693,0.0,0.018632907,0.51941556
5883,0.35275924,0.0,0.36812392,5.3724923,0.00942001,0.0,0.0123294005,0.5194152
5884,0.4394228,0.0,0.17516227,5.3725,0.009021898,0.0,0.018613374,0.5194148
5885,0.4416366,0.0,0.24991447,5.372507,0.009236385,0.0,0.012791606,0.51941484
5886,0.42066202,0.0,0.14235649,5.372514,0.008591105,0.0,0.014783797,0.5194151
5887,0.66968656,0.0,0.12036919,5.3725185,0.008907111,0.0,0.01616868,0.5194151
5888,0.18176007,0.0,0.18600501,5.372524,0.010459211,0.0,0.014421098,0.5194154
5889,0.385972,0.0,0.37642446,5.372528,0.008933008,0.0,0.016687956,0.519416
5890,0.57408565,0.0,0.15470661,5.372537,0.009036985,0.0,0.015405785,0.5194167
5891,0.51127005,0.0,0.16858302,5.372545,0.00860989,0.0,0.015341298,0.5194175
5892,0.28961965,0.0,0.29207662,5.3725514,0.008120335,0.0,0.013979252,0.519418
5893,0.30055827,0.0,0.20485476,5.3725595,0.010039419,0.0,0.017260645,0.5194183
5894,0.23918478,0.0,0.21778736,5.3725657,0.008089483,0.0,0.014902835,0.51941806
5895,0.36660403,0.0,0.25327957,5.372572,0.009995989,0.0,0.015810061,0.51941824
5896,0.37748885,0.0,0.18971388,5.372577,0.0077735274,0.0,0.015065601,0.51941836
5897,0.36539853,0.0,0.17209822,5.372582,0.009008973,0.0,0.017445343,0.51941794
5898,0.7103082,0.0,0.1960587,5.372586,0.010061412,0.0,0.01637268,0.5194175
5899,0.60490555,0.0,0.18131234,5.37259,0.00890197,0.0,0.014157163,0.5194168
5900,0.39710793,0.0,0.25777152,5.3725915,0.007489492,0.0,0.01934163,0.519416
5901,0.33584797,0.0,0.17557515,5.3725924,0.009388245,0.0,0.014938274,0.51941526
5902,0.3573406,0.0,0.26020223,5.3725924,0.00982358,0.0,0.016920375,0.5194151
5903,0.48170182,0.0,0.17795148,5.3725915,0.007466808,0.0,0.015565385,0.5194148
5904,0.46756923,0.0,0.12291622,5.3725905,0.009941887,0.0,0.016542329,0.51941466
5905,0.20879415,0.0,0.25909388,5.372589,0.009578465,0.0,0.01310223,0.51941425
5906,0.30824947,0.0,0.2655546,5.3725834,0.009348236,0.0,0.017445082,0.519414
5907,0.6093139,0.0,0.29504487,5.37258,0.010310012,0.0,0.014970221,0.5194137
5908,0.20115079,0.0,0.19898747,5.37258,0.008479978,0.0,0.018548127,0.5194134
5909,0.76909035,0.0,0.26489466,5.372581,0.009951463,0.0,0.015192492,0.5194124
5910,0.56275487,0.0,0.43121132,5.3725805,0.00986985,0.0,0.012287851,0.51941144
5911,0.3257148,0.0,0.21563217,5.372583,0.007575933,0.0,0.018302476,0.5194104
5912,0.40644813,0.0,0.29484344,5.372584,0.0077648656,0.0,0.015086207,0.5194093
5913,0.32549477,0.0,0.19688319,5.372584,0.010195351,0.0,0.015241315,0.51940876
5914,0.32184246,0.0,0.18380709,5.3725834,0.012501062,0.0,0.01622453,0.5194082
5915,0.3754231,0.0,0.26820183,5.3725824,0.012072424,0.0,0.01829589,0.51940745
5916,0.27361843,0.0,0.27165598,5.372581,0.00886543,0.0,0.016273877,0.5194068
5917,0.4915198,0.0,0.38613865,5.372581,0.008263512,0.0,0.015695041,0.5194067
5918,0.4422644,0.0,0.18907222,5.372584,0.007962942,0.0,0.017331986,0.51940656
5919,0.32590684,0.0,0.29964575,5.3725863,0.008257523,0.0,0.015147851,0.51940644
5920,0.56817585,0.0,0.14569415,5.3725863,0.007928197,0.0,0.01616749,0.51940614
5921,0.44557348,0.0,0.18282856,5.3725863,0.007622283,0.0,0.016443342,0.51940626
5922,0.4621236,0.0,0.25059628,5.3725863,0.009424996,0.0,0.014130686,0.5194065
5923,0.23270877,0.0,0.17160599,5.3725863,0.007862637,0.0,0.012983237,0.5194066
5924,0.47150072,0.0,0.17887375,5.372586,0.009600874,0.0,0.015214849,0.5194067
5925,0.55881673,0.0,0.13233331,5.3725853,0.009113574,0.0,0.01612442,0.51940674
5926,0.3098593,0.0,0.21877588,5.3725824,0.008535459,0.0,0.015158918,0.5194068
5927,0.3614667,0.0,0.22576448,5.372583,0.010689174,0.0,0.017820185,0.5194068
5928,0.59384525,0.0,0.15845208,5.3725796,0.008534037,0.0,0.014495482,0.5194069
5929,0.3035707,0.0,0.2013372,5.3725777,0.008846384,0.0,0.014855375,0.51940715
5930,0.28529283,0.0,0.3435971,5.3725743,0.00855644,0.0,0.013489122,0.5194072
5931,0.4281726,0.0,0.18142499,5.372572,0.009847797,0.0,0.0144914435,0.5194075
5932,0.4884869,0.0,0.15987767,5.372569,0.0086463755,0.0,0.01648107,0.5194079
5933,0.71111107,0.0,0.1881502,5.3725653,0.008531056,0.0,0.015352272,0.5194084
5934,0.5471106,0.0,0.18382446,5.3725624,0.008826675,0.0,0.017458161,0.51940906
5935,0.38524982,0.0,0.3133439,5.372559,0.009403406,0.0,0.011676357,0.5194098
5936,0.60150397,0.0,0.2283859,5.3725557,0.009512409,0.0,0.011453103,0.51941043
5937,0.28126994,0.0,0.31911132,5.3725514,0.009929195,0.0,0.014876643,0.5194114
5938,0.24941498,0.0,0.2052404,5.3725467,0.008022134,0.0,0.014808306,0.519412
5939,0.7195038,0.0,0.23824903,5.372544,0.008868152,0.0,0.015706956,0.5194125
5940,0.4692703,0.0,0.25304145,5.3725433,0.009895397,0.0,0.015409813,0.5194125
5941,0.39812946,0.0,0.21249066,5.3725443,0.009893752,0.0,0.014990869,0.5194124
5942,0.4523668,0.0,0.26389876,5.3725443,0.0104827015,0.0,0.017274601,0.51941174
5943,0.544071,0.0,0.32418898,5.3725452,0.010218657,0.0,0.016572911,0.5194112
5944,0.47970358,0.0,0.24310079,5.372544,0.011595441,0.0,0.013385343,0.51941067
5945,0.4030751,0.0,0.16950507,5.372543,0.009646765,0.0,0.014430107,0.51941025
5946,0.40156066,0.0,0.17309043,5.372543,0.00856484,0.0,0.015959477,0.5194098
5947,0.5205015,0.0,0.22528933,5.372543,0.007882895,0.0,0.015984233,0.5194094
5948,0.51999295,0.0,0.19576454,5.372543,0.009289957,0.0,0.016983159,0.5194087
5949,0.39651638,0.0,0.18353216,5.3725414,0.009816766,0.0,0.014918478,0.5194081
5950,0.6271888,0.0,0.19145256,5.372542,0.009357921,0.0,0.01580985,0.51940763
5951,0.36317286,0.0,0.24593283,5.372542,0.008550681,0.0,0.013601491,0.5194077
5952,0.8790396,0.0,0.22757141,5.3725414,0.0077269766,0.0,0.016280724,0.5194078
5953,0.30068034,0.0,0.2036082,5.372541,0.01068725,0.0,0.013259432,0.51940763
5954,0.2633097,0.0,0.17992273,5.372541,0.010063886,0.0,0.016081285,0.51940715
5955,0.69960046,0.0,0.23681477,5.372541,0.009095157,0.0,0.017405163,0.51940703
5956,0.2621835,0.0,0.24209553,5.372539,0.010014946,0.0,0.014272795,0.5194065
5957,0.4185464,0.0,0.41572466,5.3725395,0.008365288,0.0,0.016577933,0.51940596
5958,0.42135206,0.0,0.19219051,5.37254,0.008404188,0.0,0.0152399475,0.51940507
5959,0.43129516,0.0,0.086204685,5.372541,0.009532787,0.0,0.015807305,0.51940435
5960,0.33688763,0.0,0.21689759,5.3725414,0.009676474,0.0,0.0134757105,0.5194035
5961,0.44212183,0.0,0.2947818,5.37254,0.009427287,0.0,0.014313159,0.5194027
5962,0.49074513,0.0,0.15275443,5.3725405,0.008152614,0.0,0.016653135,0.5194021
5963,0.38243526,0.0,0.23691937,5.3725386,0.011580504,0.0,0.013674605,0.51940113
5964,0.29311246,0.0,0.20190398,5.3725376,0.009249728,0.0,0.017586475,0.51940006
5965,0.4332507,0.0,0.19793102,5.3725367,0.0080895005,0.0,0.01650011,0.51939934
5966,0.345964,0.0,0.2518495,5.372537,0.013553454,0.0,0.013723197,0.5193989
5967,0.82266355,0.0,0.121859655,5.3725348,0.0070551583,0.0,0.017386487,0.5193985
5968,0.30589676,0.0,0.14896207,5.3725305,0.008521486,0.0,0.015620363,0.51939815
5969,0.40484148,0.0,0.22989883,5.3725276,0.00966636,0.0,0.014139015,0.51939774
5970,0.21377455,0.0,0.2655615,5.3725266,0.007877806,0.0,0.017468307,0.51939756
5971,0.4010015,0.0,0.22056049,5.372526,0.0102351885,0.0,0.013461669,0.5193976
5972,0.32227996,0.0,0.16941138,5.3725243,0.008617209,0.0,0.01637653,0.5193979
5973,0.42634058,0.0,0.3003858,5.3725214,0.0076888967,0.0,0.0141827725,0.51939833
5974,0.14874639,0.0,0.15974817,5.3725195,0.009177868,0.0,0.016617127,0.51939857
5975,0.27547413,0.0,0.13963695,5.3725176,0.009702977,0.0,0.018527268,0.5193982
5976,0.58474565,0.0,0.3613244,5.3725147,0.008775118,0.0,0.014149982,0.51939774
5977,0.24143654,0.0,0.32479125,5.372514,0.009013176,0.0,0.014059793,0.5193973
5978,0.18900594,0.0,0.1890707,5.372517,0.008501361,0.0,0.013315106,0.5193969
5979,0.25129896,0.0,0.29387036,5.37252,0.0097060865,0.0,0.017902631,0.519396
5980,0.1384986,0.0,0.21814288,5.372521,0.008775733,0.0,0.014365179,0.51939505
5981,0.46269253,0.0,0.18250304,5.3725214,0.0104077635,0.0,0.014251146,0.51939404
5982,0.7071864,0.0,0.1531424,5.372521,0.0078605665,0.0,0.015558207,0.51939327
5983,0.39431232,0.0,0.16117816,5.372522,0.008847548,0.0,0.01577012,0.5193928
5984,0.20320229,0.0,0.23439747,5.3725214,0.00870418,0.0,0.01566101,0.5193924
5985,0.54584277,0.0,0.23049685,5.3725233,0.008875309,0.0,0.013679573,0.5193927
5986,0.2781945,0.0,0.19795199,5.3725247,0.010609173,0.0,0.014353983,0.51939315
5987,0.99323136,0.0,0.3797014,5.372527,0.009508381,0.0,0.018246084,0.5193934
5988,0.5543855,0.0,0.3139826,5.372527,0.009236872,0.0,0.013068633,0.5193935
5989,0.6558229,0.0,0.24434683,5.372527,0.0071193418,0.0,0.014640955,0.5193937
5990,0.5309922,0.0,0.14341785,5.372525,0.010542866,0.0,0.016908307,0.51939434
5991,0.2691063,0.0,0.14771874,5.372523,0.009531556,0.0,0.012809872,0.5193945
5992,0.6580936,0.0,0.12038035,5.372521,0.007358413,0.0,0.018614238,0.5193947
5993,0.6287691,0.0,0.28260368,5.3725185,0.008612591,0.0,0.01743761,0.51939505
5994,0.26469174,0.0,0.20247895,5.3725166,0.0096733365,0.0,0.016727278,0.5193957
5995,1.2091644,0.0,0.20268454,5.372516,0.0096125975,0.0,0.016176786,0.51939625
5996,0.3843567,0.0,0.10631844,5.3725166,0.010554333,0.0,0.015011609,0.51939684
5997,0.51812214,0.0,0.17695034,5.372516,0.009866041,0.0,0.014478999,0.5193978
5998,0.2847341,0.0,0.3002578,5.372516,0.008887506,0.0,0.015220627,0.51939845
5999,0.284265,0.0,0.21406265,5.3725166,0.0075582713,0.0,0.016643025,0.51939887
6000,0.5679144,0.0,0.18647838,5.372522,0.00896209,0.0,0.014561649,0.5193992
6001,0.2859238,0.0,0.16312617,5.372528,0.007333762,0.0,0.01660268,0.5194
6002,0.40776816,0.0,0.14233668,5.372534,0.009021322,0.0,0.01827764,0.5194005
6003,0.3859519,0.0,0.22884573,5.372539,0.009657264,0.0,0.013463682,0.5194008
6004,0.49264377,0.0,0.29403695,5.3725443,0.009083416,0.0,0.017127734,0.5194011
6005,0.39606312,0.0,0.32888475,5.3725505,0.008305272,0.0,0.013393181,0.51940095
6006,0.20220867,0.0,0.3038015,5.3725543,0.010775174,0.0,0.015523196,0.5194011
6007,0.65203714,0.0,0.18439159,5.372559,0.00791715,0.0,0.015866658,0.5194012
6008,0.41434795,0.0,0.15996476,5.3725634,0.010128792,0.0,0.012943405,0.51940143
6009,0.5643537,0.0,0.27430433,5.3725686,0.0104735885,0.0,0.016434938,0.5194016
6010,0.30842057,0.0,0.35034811,5.3725705,0.009560018,0.0,0.015267455,0.51940215
6011,0.67177904,0.0,0.28332013,5.372569,0.0075468468,0.0,0.01632616,0.51940286
6012,0.3957384,0.0,0.18452719,5.3725667,0.008421756,0.0,0.013929346,0.5194036
6013,0.3382624,0.0,0.12905125,5.3725634,0.00880222,0.0,0.017674934,0.51940405
6014,0.5772872,0.0,0.16996005,5.37256,0.009297935,0.0,0.013619598,0.51940435
6015,0.3955669,0.0,0.33957562,5.372556,0.009152149,0.0,0.017196275,0.5194048
6016,0.25687325,0.0,0.16239691,5.3725524,0.009493994,0.0,0.014646433,0.519405
6017,0.49848872,0.0,0.23721915,5.372548,0.0113702975,0.0,0.01654893,0.5194049
6018,0.8023794,0.0,0.19437133,5.372542,0.011986558,0.0,0.014373171,0.5194046
6019,0.38235617,0.0,0.21804437,5.372534,0.008387446,0.0,0.01741228,0.5194039
6020,0.847298,0.0,0.17987621,5.372526,0.009356333,0.0,0.014013489,0.5194032
6021,0.42037636,0.0,0.14993939,5.3725176,0.0074256887,0.0,0.015777104,0.5194027
6022,0.2546248,0.0,0.21082999,5.372511,0.011351151,0.0,0.015782144,0.51940197
6023,0.51848435,0.0,0.2869254,5.3725047,0.009208025,0.0,0.013350279,0.5194011
6024,0.32075393,0.0,0.17370483,5.3724995,0.010433201,0.0,0.0152184125,0.5194
6025,0.3890545,0.0,0.29025033,5.372494,0.0076399874,0.0,0.012746689,0.51939887
6026,0.41830993,0.0,0.23286352,5.3724885,0.010113667,0.0,0.016518667,0.51939803
6027,0.57816416,0.0,0.17595777,5.372483,0.011569255,0.0,0.018154899,0.5193975
6028,0.3945132,0.0,0.33303005,5.372477,0.007993773,0.0,0.015943367,0.51939696
6029,0.50544924,0.0,0.2899277,5.3724732,0.010284187,0.0,0.012898938,0.5193966
6030,0.6682321,0.0,0.38243136,5.3724713,0.009341702,0.0,0.01578311,0.51939625
6031,0.55764264,0.0,0.1874021,5.3724675,0.00802265,0.0,0.016827371,0.51939595
6032,0.7358945,0.0,0.22720915,5.3724637,0.008849676,0.0,0.012688447,0.5193956
6033,0.4838886,0.0,0.31233922,5.3724627,0.008978937,0.0,0.015690293,0.5193956
6034,0.39206782,0.0,0.1984151,5.372461,0.008965726,0.0,0.014241833,0.5193955
6035,0.9505284,0.0,0.27282092,5.3724613,0.010572617,0.0,0.017584011,0.51939505
6036,0.32629052,0.0,0.17588656,5.3724627,0.008157256,0.0,0.013122244,0.519395
6037,0.2524179,0.0,0.21932092,5.3724637,0.009978265,0.0,0.016783109,0.51939505
6038,0.2882636,0.0,0.16383827,5.372465,0.0070377104,0.0,0.013682796,0.5193947
6039,0.33543003,0.0,0.24436276,5.372466,0.00961102,0.0,0.014780589,0.51939446
6040,0.64601207,0.0,0.54767185,5.372467,0.009063277,0.0,0.013760513,0.51939404
6041,0.69562835,0.0,0.22730297,5.3724713,0.010105348,0.0,0.012670354,0.51939374
6042,0.2627748,0.0,0.42202428,5.3724756,0.009463307,0.0,0.016593082,0.5193935
6043,0.19805063,0.0,0.21744962,5.372481,0.00844948,0.0,0.013518472,0.5193933
6044,0.49283096,0.0,0.17586862,5.372486,0.0086638015,0.0,0.014995495,0.5193931
6045,0.39655927,0.0,0.18927251,5.372491,0.008842628,0.0,0.017036006,0.5193929
6046,0.312314,0.0,0.19557014,5.3724966,0.008194657,0.0,0.016789706,0.519393
6047,0.3664987,0.0,0.218187,5.372503,0.009636848,0.0,0.015743308,0.519393
6048,0.6893062,0.0,0.23434776,5.3725095,0.008885525,0.0,0.013223023,0.5193929
6049,0.4756943,0.0,0.22586036,5.3725166,0.009989003,0.0,0.014745314,0.5193927
6050,0.29099658,0.0,0.166026,5.3725257,0.009012772,0.0,0.018090991,0.51939267
6051,0.50387216,0.0,0.19417885,5.3725314,0.010687275,0.0,0.01718219,0.5193929
6052,0.33301535,0.0,0.14890121,5.372535,0.0088796085,0.0,0.012926365,0.5193929
6053,0.42184672,0.0,0.1505881,5.3725386,0.0095073255,0.0,0.020579357,0.51939255
6054,0.25843883,0.0,0.13335016,5.372541,0.009667734,0.0,0.015655464,0.51939195
6055,0.49663106,0.0,0.15532215,5.3725424,0.010094625,0.0,0.013999016,0.51939136
6056,0.585252,0.0,0.23481795,5.372543,0.0077092024,0.0,0.013521011,0.51939064
6057,0.58476585,0.0,0.21602324,5.3725414,0.009439443,0.0,0.0143545745,0.5193898
6058,0.54246587,0.0,0.414756,5.3725395,0.011178579,0.0,0.016699217,0.5193892
6059,0.55749804,0.0,0.47190824,5.3725395,0.008193768,0.0,0.015697591,0.5193894
6060,0.6616903,0.0,0.20085447,5.372541,0.008659069,0.0,0.01881513,0.5193892
6061,0.236389,0.0,0.1869861,5.372543,0.009432925,0.0,0.012029869,0.5193891
6062,0.4437988,0.0,0.21871236,5.3725443,0.009374662,0.0,0.017396703,0.51938885
6063,0.38176125,0.0,0.21308765,5.3725476,0.011209062,0.0,0.01588979,0.51938874
6064,0.25189555,0.0,0.13818066,5.3725505,0.010678741,0.0,0.01314188,0.5193891
6065,0.33425057,0.0,0.2011621,5.3725533,0.009690881,0.0,0.013736865,0.5193897
6066,0.3549514,0.0,0.1647084,5.3725557,0.010325568,0.0,0.016400125,0.51939
6067,0.5551512,0.0,0.19336775,5.372557,0.008669173,0.0,0.017006746,0.5193904
6068,0.34753546,0.0,0.16736172,5.3725576,0.009019342,0.0,0.018776655,0.5193907
6069,0.42004162,0.0,0.17846832,5.3725595,0.008215847,0.0,0.015147659,0.5193912
6070,0.5666767,0.0,0.4930779,5.372561,0.009290449,0.0,0.014176416,0.51939166
6071,0.6647067,0.0,0.23459737,5.3725634,0.009595616,0.0,0.013539464,0.5193923
6072,0.2343699,0.0,0.20044743,5.3725653,0.007541319,0.0,0.012902373,0.5193929
6073,0.5458758,0.0,0.19071047,5.3725686,0.010389473,0.0,0.016790904,0.5193933
6074,0.36601722,0.0,0.23079284,5.3725715,0.007914704,0.0,0.022074418,0.51939374
6075,0.1756154,0.0,0.14317062,5.372574,0.009350829,0.0,0.013876552,0.5193943
6076,0.35319728,0.0,0.18607739,5.3725753,0.010311312,0.0,0.015581795,0.51939493
6077,0.4159498,0.0,0.24800013,5.3725777,0.010188716,0.0,0.016879179,0.51939523
6078,0.7452572,0.0,0.17807616,5.3725786,0.0095989555,0.0,0.014464671,0.51939565
6079,0.690978,0.0,0.26662457,5.372579,0.007295369,0.0,0.019037068,0.5193958
6080,0.39174417,0.0,0.23814808,5.3725796,0.0095022945,0.0,0.015974589,0.5193965
6081,0.20282724,0.0,0.16315348,5.37258,0.0070187016,0.0,0.015911013,0.51939714
6082,0.4292189,0.0,0.15262258,5.3725805,0.0075957146,0.0,0.015552657,0.51939774
6083,0.23112835,0.0,0.21386194,5.37258,0.009968549,0.0,0.013225788,0.519398
6084,0.26456848,0.0,0.35922685,5.372578,0.009812567,0.0,0.013574658,0.51939803
6085,0.3555,0.0,0.2391446,5.3725767,0.009831343,0.0,0.01511785,0.519398
6086,0.40660504,0.0,0.16625465,5.3725734,0.009782074,0.0,0.014822241,0.51939803
6087,0.57721233,0.0,0.19857687,5.372571,0.0084388675,0.0,0.018100416,0.5193979
6088,0.32681087,0.0,0.2785775,5.372569,0.008213847,0.0,0.013563342,0.5193975
6089,0.5298963,0.0,0.27237305,5.372569,0.01072065,0.0,0.01107649,0.51939726
6090,0.24474742,0.0,0.27452734,5.3725705,0.010846482,0.0,0.015393903,0.51939696
6091,0.32284835,0.0,0.21511531,5.3725753,0.009611758,0.0,0.014763878,0.51939684
6092,0.43926173,0.0,0.16865164,5.3725777,0.009396195,0.0,0.018094664,0.51939696
6093,0.36724448,0.0,0.17820765,5.37258,0.007672485,0.0,0.013125083,0.519397
6094,0.7246216,0.0,0.34805605,5.372583,0.010391881,0.0,0.014349679,0.5193972
6095,0.27723226,0.0,0.13385162,5.372588,0.0103280395,0.0,0.014023946,0.519397
6096,0.4533101,0.0,0.29788673,5.3725924,0.008717388,0.0,0.012688474,0.5193969
6097,0.45849776,0.0,0.20997368,5.3725963,0.008856102,0.0,0.015803207,0.5193969
6098,0.15972123,0.0,0.12228669,5.372599,0.009503086,0.0,0.017068252,0.5193965
6099,0.29696986,0.0,0.20705628,5.3726006,0.0094898455,0.0,0.017667275,0.5193967
6100,0.21494211,0.0,0.26100054,5.3726034,0.008115068,0.0,0.015933622,0.51939714
6101,0.25099826,0.0,0.17058222,5.372605,0.010139068,0.0,0.012983989,0.5193976
6102,0.25274777,0.0,0.20682901,5.3726077,0.010009772,0.0,0.014784957,0.5193978
6103,0.5973294,0.0,0.22013822,5.3726096,0.008110135,0.0,0.01797044,0.5193974
6104,0.4073465,0.0,0.24830191,5.3726106,0.010280604,0.0,0.0148474,0.5193974
6105,0.28775534,0.0,0.1481251,5.372614,0.01138248,0.0,0.013203384,0.5193971
6106,0.43147403,0.0,0.22742392,5.372616,0.009537048,0.0,0.017229779,0.51939684
6107,0.4205786,0.0,0.1972993,5.3726163,0.009997374,0.0,0.012811207,0.51939565
6108,1.0022455,0.0,0.123606704,5.3726172,0.010009643,0.0,0.015838107,0.5193945
6109,0.29146454,0.0,0.18066531,5.372618,0.009391248,0.0,0.015526051,0.5193937
6110,0.6939079,0.0,0.14129739,5.3726177,0.009839184,0.0,0.014000052,0.5193929
6111,0.7001805,0.0,0.22255355,5.3726177,0.007755086,0.0,0.015215455,0.5193929
6112,0.34405127,0.0,0.13324039,5.372618,0.0076032802,0.0,0.01658894,0.5193927
6113,0.28375733,0.0,0.31337702,5.3726177,0.011929709,0.0,0.012561387,0.5193927
6114,0.43050128,0.0,0.11784407,5.3726187,0.011067961,0.0,0.0154746855,0.51939255
6115,0.63891786,0.0,0.19868016,5.372618,0.008320002,0.0,0.015331594,0.5193926
6116,0.50609475,0.0,0.30755702,5.372621,0.009025562,0.0,0.012717554,0.5193926
6117,0.24168782,0.0,0.19054951,5.372623,0.0090604685,0.0,0.015336503,0.51939255
6118,0.24079953,0.0,0.14556167,5.372624,0.008406196,0.0,0.011250209,0.519392
6119,0.5900476,0.0,0.24794301,5.372624,0.00976762,0.0,0.0148319155,0.51939124
6120,0.3424628,0.0,0.30090767,5.372625,0.007291345,0.0,0.013297189,0.5193904
6121,0.26608372,0.0,0.2890691,5.372626,0.008983764,0.0,0.0146823125,0.5193896
6122,0.64446133,0.0,0.20381981,5.37263,0.009346715,0.0,0.0151742,0.519389
6123,0.20909326,0.0,0.20085655,5.3726335,0.007862751,0.0,0.017795296,0.5193882
6124,0.28887433,0.0,0.26841626,5.3726354,0.009062408,0.0,0.014232036,0.51938856
6125,0.21861508,0.0,0.18897185,5.372641,0.009517152,0.0,0.016815059,0.51938874
6126,0.4160119,0.0,0.2570667,5.3726463,0.00900187,0.0,0.013116303,0.51938903
6127,0.23494339,0.0,0.22954059,5.372651,0.0077802134,0.0,0.014873986,0.51938957
6128,0.22168948,0.0,0.24772154,5.3726544,0.009437653,0.0,0.01368409,0.51939005
6129,0.43885872,0.0,0.14680581,5.372659,0.009439061,0.0,0.01467407,0.5193908
6130,1.0863075,0.0,0.12828462,5.37266,0.009514037,0.0,0.016395893,0.5193921
6131,0.31586775,0.0,0.18075183,5.3726616,0.010124664,0.0,0.016576257,0.51939327
6132,0.33390397,0.0,0.17325169,5.372664,0.008529212,0.0,0.01712444,0.51939505
6133,0.55736274,0.0,0.22494428,5.372664,0.0080438275,0.0,0.014823603,0.51939696
6134,0.35087264,0.0,0.278415,5.3726625,0.006921675,0.0,0.01580285,0.51939833
6135,0.9837833,0.0,0.3307209,5.3726606,0.009432188,0.0,0.016933516,0.5193997
6136,0.33637685,0.0,0.21880868,5.372659,0.009106124,0.0,0.013264831,0.5194007
6137,0.654132,0.0,0.23639306,5.3726587,0.008366866,0.0,0.014607726,0.5194011
6138,0.64293176,0.0,0.14845571,5.3726573,0.00892309,0.0,0.015051561,0.5194017
6139,0.75859773,0.0,0.28172925,5.372656,0.007240182,0.0,0.015933802,0.5194022
6140,0.615924,0.0,0.30295393,5.3726535,0.009224954,0.0,0.018045865,0.5194031
6141,1.2902006,0.0,0.23179382,5.3726525,0.009459579,0.0,0.014011109,0.5194041
6142,0.35528496,0.0,0.15159893,5.372651,0.008021838,0.0,0.016313318,0.519405
6143,0.6258617,0.0,0.2796995,5.3726497,0.008638523,0.0,0.017722454,0.51940596
6144,0.620696,0.0,0.21752739,5.3726497,0.008742747,0.0,0.014690859,0.5194064
6145,0.3023493,0.0,0.13616164,5.3726487,0.011862496,0.0,0.012500039,0.51940656
6146,0.692376,0.0,0.19177224,5.3726487,0.008192681,0.0,0.015196222,0.5194064
6147,0.19717316,0.0,0.22060768,5.37265,0.008906822,0.0,0.013762353,0.51940614
6148,0.34468776,0.0,0.1977886,5.372651,0.008874325,0.0,0.013906715,0.51940554
6149,0.42625925,0.0,0.43190932,5.3726516,0.009265413,0.0,0.014925418,0.51940507
6150,0.20699249,0.0,0.21496993,5.3726525,0.009358443,0.0,0.015944455,0.5194043
6151,0.2982036,0.0,0.23669729,5.372653,0.008798685,0.0,0.014187019,0.5194032
6152,0.30089644,0.0,0.26529896,5.372655,0.0078037833,0.0,0.013451959,0.51940244
6153,0.7435419,0.0,0.29063404,5.3726554,0.009142334,0.0,0.016190609,0.51940215
6154,0.6112455,0.0,0.2214383,5.372656,0.009862025,0.0,0.015562835,0.51940227
6155,0.3990149,0.0,0.2515292,5.372654,0.007575738,0.0,0.014187359,0.51940227
6156,0.40573835,0.0,0.38003176,5.3726516,0.010716024,0.0,0.015323299,0.51940286
6157,0.32163134,0.0,0.2394046,5.3726516,0.009425931,0.0,0.014802514,0.5194032
6158,0.30461505,0.0,0.24589992,5.37265,0.007186712,0.0,0.01606083,0.5194032
6159,0.46549392,0.0,0.14467534,5.3726473,0.0071787625,0.0,0.016101582,0.51940316
6160,0.41977596,0.0,0.21167278,5.372645,0.0075749145,0.0,0.0140309855,0.5194033
6161,0.5585625,0.0,0.21882854,5.3726463,0.008144471,0.0,0.012339154,0.51940334
6162,0.33032337,0.0,0.1629577,5.372647,0.00999185,0.0,0.015671939,0.5194033
6163,0.5008915,0.0,0.16703653,5.3726463,0.0076858005,0.0,0.01471083,0.5194031
6164,0.33863553,0.0,0.1276417,5.372646,0.010123802,0.0,0.016965844,0.5194027
6165,0.39458764,0.0,0.1905528,5.372645,0.008701385,0.0,0.014861052,0.5194029
6166,0.3048092,0.0,0.28382787,5.3726435,0.008844769,0.0,0.014815416,0.5194032
6167,0.45005,0.0,0.20109393,5.3726425,0.008409115,0.0,0.016133737,0.5194037
6168,0.190223,0.0,0.29688138,5.37264,0.00713507,0.0,0.013862483,0.51940405
6169,0.46104962,0.0,0.24447536,5.372638,0.009258587,0.0,0.012216235,0.5194047
6170,0.23948905,0.0,0.1548064,5.372637,0.0071068653,0.0,0.015912388,0.5194049
6171,0.17901695,0.0,0.23993355,5.372636,0.010988227,0.0,0.013264478,0.5194047
6172,0.31191993,0.0,0.16519587,5.372633,0.010493177,0.0,0.017039021,0.51940435
6173,0.6057199,0.0,0.19717455,5.3726306,0.007245461,0.0,0.015104871,0.519404
6174,0.8611206,0.0,0.16310033,5.37263,0.009769946,0.0,0.010850065,0.5194032
6175,0.40081215,0.0,0.13230774,5.372631,0.009778315,0.0,0.01741916,0.5194026
6176,0.4644448,0.0,0.23287286,5.3726315,0.009415596,0.0,0.013955489,0.5194017
6177,0.7692599,0.0,0.2645312,5.372634,0.010106166,0.0,0.016811155,0.519401
6178,0.5331941,0.0,0.17903914,5.372638,0.010117985,0.0,0.015177232,0.5194
6179,0.43596974,0.0,0.1708658,5.372643,0.0100438725,0.0,0.013071704,0.5193986
6180,0.23292339,0.0,0.23861456,5.3726463,0.0077515333,0.0,0.01635078,0.519398
6181,0.38354576,0.0,0.2017117,5.3726482,0.008212896,0.0,0.015556504,0.519397
6182,0.46918222,0.0,0.17344253,5.372651,0.007833942,0.0,0.014491948,0.5193965
6183,0.40325844,0.0,0.19019432,5.372652,0.009668246,0.0,0.014025572,0.5193962
6184,0.3721913,0.0,0.15697406,5.372652,0.010272199,0.0,0.013862883,0.5193956
6185,0.43793434,0.0,0.24596244,5.3726506,0.008629219,0.0,0.013916334,0.51939505
6186,0.3751712,0.0,0.242941,5.3726473,0.0077565177,0.0,0.013253626,0.519394
6187,0.79113424,0.0,0.20120163,5.3726444,0.008680407,0.0,0.0153549565,0.5193927
6188,0.38694698,0.0,0.20598081,5.3726406,0.00930265,0.0,0.01684808,0.51939124
6189,0.38437754,0.0,0.1317176,5.372638,0.010039563,0.0,0.01729014,0.5193896
6190,0.31914014,0.0,0.2556566,5.3726344,0.009965548,0.0,0.015429771,0.51938814
6191,0.3091949,0.0,0.20755093,5.372637,0.009415269,0.0,0.019280208,0.5193866
6192,0.4721087,0.0,0.19096923,5.372638,0.008837438,0.0,0.015676595,0.5193855
6193,0.39751425,0.0,0.20816119,5.372638,0.008357453,0.0,0.017347595,0.5193848
6194,0.42443085,0.0,0.20587374,5.372636,0.008699469,0.0,0.013729806,0.5193841
6195,0.5132058,0.0,0.2081385,5.372634,0.009812862,0.0,0.015313518,0.5193834
6196,0.47197676,0.0,0.15284367,5.372632,0.009930941,0.0,0.015529392,0.519383
6197,0.2867842,0.0,0.27625975,5.37263,0.008231427,0.0,0.017171668,0.51938295
6198,0.27663466,0.0,0.22498289,5.37263,0.010542447,0.0,0.013463992,0.5193828
6199,0.5884851,0.0,0.3474152,5.372629,0.009585284,0.0,0.013333766,0.5193827
6200,0.37548932,0.0,0.2379681,5.372629,0.009754178,0.0,0.013547675,0.51938254
6201,0.25357965,0.0,0.14938994,5.3726287,0.0074730944,0.0,0.017456554,0.51938236
6202,0.37185436,0.0,0.177403,5.372629,0.008687958,0.0,0.0113628,0.519382
6203,0.42769164,0.0,0.22477436,5.3726273,0.008126371,0.0,0.015608111,0.5193819
6204,0.33758384,0.0,0.22594419,5.3726263,0.013641375,0.0,0.015546378,0.51938176
6205,0.32160845,0.0,0.20405944,5.3726263,0.009452937,0.0,0.011850147,0.51938224
6206,0.2627776,0.0,0.23209862,5.3726244,0.008115301,0.0,0.014904087,0.51938266
6207,0.23684622,0.0,0.23405573,5.372622,0.009269747,0.0,0.016740467,0.51938295
6208,0.3167184,0.0,0.23667789,5.37262,0.009162429,0.0,0.0148695195,0.5193836
6209,0.4571106,0.0,0.13946792,5.372617,0.009457416,0.0,0.014135819,0.5193848
6210,0.24631837,0.0,0.2841089,5.372614,0.009266717,0.0,0.014146335,0.51938593
6211,0.40561146,0.0,0.15462677,5.3726125,0.009861681,0.0,0.012463543,0.5193872
6212,0.5590883,0.0,0.21954972,5.3726106,0.009823131,0.0,0.012709473,0.5193884
6213,0.28512627,0.0,0.26302788,5.3726115,0.010965726,0.0,0.013868953,0.5193894
6214,0.30947608,0.0,0.14749537,5.372611,0.008102247,0.0,0.014656898,0.51938975
6215,0.5683886,0.0,0.20231944,5.3726106,0.010185868,0.0,0.015729984,0.5193897
6216,0.46248433,0.0,0.27096245,5.3726106,0.0103872,0.0,0.02091937,0.5193895
6217,0.39386195,0.0,0.2303742,5.37261,0.0074722944,0.0,0.017393708,0.51938957
6218,0.22157939,0.0,0.14944318,5.372612,0.010666352,0.0,0.01701272,0.5193898
6219,0.37268725,0.0,0.3128336,5.3726125,0.008042686,0.0,0.011966894,0.5193906
6220,0.5287042,0.0,0.18120982,5.3726125,0.008674587,0.0,0.018383449,0.51939124
6221,0.35344,0.0,0.19589815,5.3726115,0.008627649,0.0,0.016943227,0.51939136
6222,0.23481494,0.0,0.18917863,5.372611,0.009195347,0.0,0.011848478,0.51939136
6223,0.44515345,0.0,0.18541111,5.3726115,0.007892732,0.0,0.015871001,0.51939124
6224,0.28006172,0.0,0.23196553,5.372611,0.0077239703,0.0,0.011811722,0.51939124
6225,0.26201275,0.0,0.13275298,5.372612,0.009641482,0.0,0.013709543,0.5193913
6226,0.49684268,0.0,0.33337775,5.37261,0.011376592,0.0,0.012334283,0.5193909
6227,0.5427636,0.0,0.16525336,5.3726077,0.009245897,0.0,0.01557019,0.5193906
6228,0.3229582,0.0,0.23495466,5.372604,0.009509146,0.0,0.014500646,0.51939046
6229,0.18624178,0.0,0.20442306,5.372602,0.009163282,0.0,0.013784805,0.51939064
6230,0.4196544,0.0,0.19575286,5.372599,0.010856451,0.0,0.011730066,0.51939076
6231,0.4904431,0.0,0.21319896,5.3725963,0.010377265,0.0,0.014903176,0.51939076
6232,0.2826788,0.0,0.32994023,5.3725924,0.009404807,0.0,0.013020101,0.51939064
6233,0.18482558,0.0,0.14028986,5.372588,0.0096639525,0.0,0.015245119,0.5193907
6234,0.59542763,0.0,0.15944329,5.3725834,0.009986302,0.0,0.019156206,0.51939094
6235,0.32166934,0.0,0.31223783,5.372581,0.009485549,0.0,0.017395843,0.5193908
6236,0.40417266,0.0,0.1559111,5.372579,0.009821526,0.0,0.013741451,0.5193909
6237,0.4334675,0.0,0.12552398,5.3725758,0.008719949,0.0,0.014498484,0.5193908
6238,0.32277822,0.0,0.41368493,5.3725724,0.007562876,0.0,0.018320195,0.5193904
6239,0.46843135,0.0,0.16376127,5.3725734,0.009183779,0.0,0.016109327,0.51939034
6240,0.24897617,0.0,0.29592532,5.3725743,0.008600748,0.0,0.016597718,0.5193904
6241,0.42308804,0.0,0.1959134,5.372572,0.0106629925,0.0,0.015777005,0.5193901
6242,0.4438698,0.0,0.1819857,5.3725686,0.010316185,0.0,0.01388973,0.5193897
6243,0.2947873,0.0,0.2477279,5.3725653,0.008430697,0.0,0.017485384,0.5193894
6244,0.37624654,0.0,0.311034,5.3725624,0.008536296,0.0,0.0135357035,0.51938915
6245,0.45480707,0.0,0.15041155,5.3725605,0.010538504,0.0,0.015381419,0.51938903
6246,0.38584536,0.0,0.26045159,5.372559,0.008200218,0.0,0.014702817,0.5193888
6247,0.32922077,0.0,0.2408988,5.372557,0.011707971,0.0,0.01661078,0.5193884
6248,0.56125855,0.0,0.15634413,5.372556,0.00980984,0.0,0.013113152,0.5193887
6249,0.64522123,0.0,0.24872378,5.372554,0.009850604,0.0,0.012803091,0.51938874
6250,0.25775146,0.0,0.20046006,5.3725533,0.009415042,0.0,0.016274445,0.5193887
6251,0.43035623,0.0,0.19257046,5.3725533,0.00828883,0.0,0.016549692,0.5193886
6252,0.36572042,0.0,0.2009479,5.3725543,0.006948904,0.0,0.01275819,0.5193884
6253,0.28223437,0.0,0.22759902,5.372556,0.009188397,0.0,0.01435554,0.5193881
6254,0.4510744,0.0,0.2549341,5.3725576,0.011574915,0.0,0.01537769,0.51938784
6255,0.49088356,0.0,0.21676196,5.37256,0.009628254,0.0,0.014710623,0.519388
6256,0.24403617,0.0,0.34384972,5.372562,0.007830653,0.0,0.01587041,0.5193881
6257,0.41301438,0.0,0.15825525,5.3725686,0.009805937,0.0,0.016124524,0.5193884
6258,0.68982327,0.0,0.1319299,5.372574,0.009047747,0.0,0.01599422,0.5193887
6259,0.70973456,0.0,0.24161322,5.3725786,0.010636864,0.0,0.0155132245,0.51938915
6260,1.1326152,0.0,0.18720664,5.3725834,0.007992221,0.0,0.015901443,0.51939064
6261,0.4923591,0.0,0.13049078,5.3725877,0.010531425,0.0,0.0148097705,0.5193919
6262,0.17803225,0.0,0.21201831,5.3725915,0.011889238,0.0,0.017373374,0.51939356
6263,0.5593016,0.0,0.14699247,5.372595,0.010415265,0.0,0.014635469,0.51939505
6264,0.54793805,0.0,0.22857857,5.372598,0.008994493,0.0,0.013685857,0.5193964
6265,0.24475329,0.0,0.16861987,5.3725996,0.0077593457,0.0,0.015415555,0.5193978
6266,0.44435024,0.0,0.19264333,5.3726025,0.008404626,0.0,0.015680468,0.519399
6267,0.30149624,0.0,0.23421332,5.372605,0.008607395,0.0,0.017411908,0.5194003
6268,0.36511862,0.0,0.18438753,5.3726068,0.009271529,0.0,0.01598134,0.5194016
6269,0.2214805,0.0,0.5638845,5.3726087,0.010639098,0.0,0.012997878,0.5194026
6270,0.19100045,0.0,0.19219984,5.372611,0.0104349535,0.0,0.016334802,0.5194035
6271,0.46930164,0.0,0.29559228,5.3726125,0.008744617,0.0,0.014324777,0.5194039
6272,0.41485572,0.0,0.11877894,5.3726125,0.0092704445,0.0,0.013857086,0.5194047
6273,0.6512334,0.0,0.19716267,5.372612,0.007747257,0.0,0.014544767,0.51940495
6274,0.4512107,0.0,0.2831618,5.3726115,0.01045872,0.0,0.017168283,0.51940465
6275,0.3587765,0.0,0.17910245,5.3726096,0.0095671145,0.0,0.017346352,0.5194046
6276,0.48004532,0.0,0.19186406,5.3726087,0.012552094,0.0,0.015931103,0.51940495
6277,0.4411388,0.0,0.20828356,5.372608,0.008459792,0.0,0.014561772,0.5194053
6278,0.40030825,0.0,0.17960437,5.3726096,0.0082567185,0.0,0.014267,0.5194058
6279,0.51930356,0.0,0.20361371,5.3726096,0.008948757,0.0,0.018593699,0.519406
6280,0.36144572,0.0,0.33857208,5.3726077,0.011219685,0.0,0.014669307,0.51940626
6281,0.39075586,0.0,0.19280572,5.3726053,0.012316341,0.0,0.015848078,0.5194066
6282,0.39770165,0.0,0.39505693,5.372604,0.010430117,0.0,0.013594767,0.5194068
6283,0.88078594,0.0,0.19882958,5.3726034,0.0073958286,0.0,0.015580788,0.51940703
6284,0.42679638,0.0,0.23588245,5.372602,0.008753094,0.0,0.016459394,0.51940733
6285,0.6299114,0.0,0.18856476,5.372598,0.009234203,0.0,0.01698715,0.51940787
6286,0.50562865,0.0,0.11184302,5.372596,0.010420472,0.0,0.017003115,0.5194084
6287,0.40470842,0.0,0.14362252,5.3725934,0.009838906,0.0,0.012285906,0.5194088
6288,0.34210625,0.0,0.16499832,5.37259,0.009311286,0.0,0.015326986,0.5194095
6289,0.46782628,0.0,0.33382663,5.372587,0.008021014,0.0,0.013484629,0.51940966
6290,0.4684538,0.0,0.18581457,5.372586,0.009642164,0.0,0.013240272,0.5194098
6291,0.19578943,0.0,0.34571713,5.372585,0.01047272,0.0,0.016797751,0.51940984
6292,0.24506804,0.0,0.21542776,5.3725824,0.0094169155,0.0,0.015593872,0.51940995
6293,0.3417735,0.0,0.15146644,5.372582,0.0077049085,0.0,0.014931321,0.5194097
6294,0.34184492,0.0,0.23929605,5.372581,0.009197272,0.0,0.0147719355,0.51940954
6295,0.32564878,0.0,0.21614742,5.3725786,0.009896143,0.0,0.015089784,0.51940924
6296,0.34943873,0.0,0.17281765,5.3725777,0.007838662,0.0,0.018080082,0.51940924
6297,0.30449608,0.0,0.16565865,5.3725767,0.008632354,0.0,0.014365846,0.5194099
6298,0.23816623,0.0,0.266135,5.3725743,0.009511399,0.0,0.013977454,0.5194105
6299,0.40318748,0.0,0.18344751,5.3725724,0.010480765,0.0,0.013320743,0.519411
6300,0.31910038,0.0,0.1796618,5.3725705,0.010596878,0.0,0.012291406,0.51941174
6301,0.36516228,0.0,0.21515884,5.3725696,0.008824525,0.0,0.014158969,0.51941234
6302,0.2833868,0.0,0.53200364,5.372569,0.00995004,0.0,0.014663316,0.5194131
6303,0.40844122,0.0,0.18036819,5.3725657,0.008564157,0.0,0.016717877,0.5194142
6304,0.8192242,0.0,0.18249194,5.372565,0.008712219,0.0,0.01603996,0.51941526
6305,0.366125,0.0,0.18480825,5.372561,0.012042948,0.0,0.013148289,0.51941633
6306,0.19647996,0.0,0.25788534,5.372558,0.009023311,0.0,0.015368854,0.5194174
6307,0.37297532,0.0,0.24414295,5.372556,0.008033601,0.0,0.015663791,0.5194185
6308,0.2740824,0.0,0.22358386,5.372555,0.008239649,0.0,0.015629254,0.5194191
6309,0.20898856,0.0,0.28201473,5.3725533,0.008275667,0.0,0.016645243,0.51941985
6310,0.48498407,0.0,0.19495296,5.3725524,0.0073771765,0.0,0.01523044,0.5194206
6311,0.29925638,0.0,0.27338716,5.3725505,0.010163113,0.0,0.014748482,0.5194217
6312,0.4055487,0.0,0.16284387,5.3725505,0.009010016,0.0,0.017399669,0.5194229
6313,0.418922,0.0,0.18885182,5.3725486,0.0122375395,0.0,0.01701158,0.51942384
6314,0.3278836,0.0,0.16579048,5.372547,0.010999189,0.0,0.014831816,0.51942486
6315,0.3633967,0.0,0.1985132,5.372546,0.009696278,0.0,0.015240598,0.5194256
6316,0.45670167,0.0,0.1602746,5.372546,0.009259346,0.0,0.016380925,0.5194264
6317,0.25232443,0.0,0.18116595,5.3725457,0.007272006,0.0,0.014064946,0.5194272
6318,0.25409073,0.0,0.12901166,5.3725467,0.009761209,0.0,0.018459294,0.5194279
6319,0.34991902,0.0,0.17427194,5.372547,0.008644091,0.0,0.019032981,0.5194287
6320,0.34523886,0.0,0.3365229,5.372547,0.00907991,0.0,0.015407868,0.5194297
6321,0.3792913,0.0,0.2735852,5.3725505,0.009894644,0.0,0.013906735,0.51943034
6322,0.18876445,0.0,0.13875356,5.372555,0.010237122,0.0,0.014313552,0.51943105
6323,0.2495972,0.0,0.1618986,5.3725586,0.009304548,0.0,0.015233264,0.5194314
6324,0.17156225,0.0,0.30513343,5.372561,0.010443447,0.0,0.015602481,0.51943094
6325,0.33429664,0.0,0.16866145,5.372563,0.008325174,0.0,0.017521182,0.5194303
6326,0.77050865,0.0,0.37659663,5.3725643,0.009616738,0.0,0.01520263,0.5194295
6327,0.22251694,0.0,0.17590345,5.3725667,0.010857951,0.0,0.019606734,0.51942873
6328,0.3033767,0.0,0.21714364,5.37257,0.009168161,0.0,0.017440476,0.51942825
6329,0.5601459,0.0,0.49449134,5.3725734,0.010620583,0.0,0.014528814,0.5194269
6330,0.16140978,0.0,0.15729022,5.3725743,0.009137269,0.0,0.012899448,0.51942575
6331,0.36439723,0.0,0.58741117,5.372575,0.007565735,0.0,0.017876554,0.51942503
6332,0.4495753,0.0,0.17937464,5.372577,0.008730101,0.0,0.021112073,0.5194241
6333,0.544797,0.0,0.28533217,5.3725777,0.0073854513,0.0,0.01934224,0.51942325
6334,0.17308119,0.0,0.22974361,5.372582,0.008735095,0.0,0.013490237,0.5194224
6335,0.43050322,0.0,0.22176929,5.372586,0.008614057,0.0,0.014210181,0.51942164
6336,0.29136732,0.0,0.2193694,5.372587,0.009038617,0.0,0.016403224,0.51942134
6337,0.2989867,0.0,0.23621231,5.3725896,0.008433777,0.0,0.013878454,0.5194209
6338,0.23373629,0.0,0.39049008,5.3725905,0.009417336,0.0,0.016375,0.51942027
6339,0.4553941,0.0,0.14049453,5.372589,0.009399948,0.0,0.013987721,0.51941967
6340,0.47269818,0.0,0.33288077,5.3725867,0.008751864,0.0,0.015570299,0.51941943
6341,0.4977442,0.0,0.2130492,5.3725867,0.008236175,0.0,0.013326081,0.5194189
6342,0.33043718,0.0,0.26497132,5.372586,0.007490056,0.0,0.01370765,0.5194187
6343,0.31010962,0.0,0.2634604,5.372585,0.008977001,0.0,0.01340497,0.5194188
6344,0.6904227,0.0,0.2019703,5.372576,0.009448046,0.0,0.0152877215,0.519419
6345,0.37130165,0.0,0.2151027,5.3725686,0.008358075,0.0,0.012084306,0.5194193
6346,0.30000412,0.0,0.22816958,5.3725605,0.010430786,0.0,0.014737261,0.5194197
6347,0.25340012,0.0,0.56362504,5.3725514,0.010657488,0.0,0.016431829,0.51942015
6348,0.7073127,0.0,0.19797646,5.3725395,0.010568151,0.0,0.013316926,0.5194204
6349,0.45223635,0.0,0.15086728,5.3725286,0.008166326,0.0,0.014240367,0.5194203
6350,0.30613884,0.0,0.2250918,5.3725176,0.009970469,0.0,0.017884735,0.5194202
6351,0.3004141,0.0,0.16083914,5.372511,0.007495629,0.0,0.015937788,0.51942027
6352,0.24740265,0.0,0.29444036,5.3725047,0.009178281,0.0,0.014534463,0.51942015
6353,0.5304093,0.0,0.1505162,5.3724976,0.0097876685,0.0,0.018119682,0.51942
6354,0.5270463,0.0,0.19213274,5.372491,0.008988659,0.0,0.01492798,0.5194199
6355,0.5004516,0.0,0.24623333,5.3724847,0.0113698505,0.0,0.013997281,0.5194197
6356,0.3494577,0.0,0.12356281,5.3724775,0.00817818,0.0,0.012119354,0.51941925
6357,0.42064264,0.0,0.16819578,5.372473,0.0083370395,0.0,0.015604056,0.51941884
6358,0.3073235,0.0,0.29005724,5.3724685,0.0087234955,0.0,0.01631718,0.51941854
6359,0.46012813,0.0,0.14554872,5.372466,0.008077272,0.0,0.015257118,0.5194183
6360,0.51863635,0.0,0.3395065,5.3724647,0.009950926,0.0,0.015985178,0.5194181
6361,0.5541743,0.0,0.15039855,5.3724623,0.008398558,0.0,0.013134264,0.51941806
6362,0.39480516,0.0,0.19521749,5.372459,0.007967452,0.0,0.014139678,0.51941794
6363,0.32040513,0.0,0.15590091,5.3724556,0.008601917,0.0,0.015951902,0.5194181
6364,0.32094204,0.0,0.22882031,5.372452,0.007680688,0.0,0.015377552,0.51941794
6365,0.41954315,0.0,0.38008392,5.372448,0.009767376,0.0,0.015826259,0.51941794
6366,0.8264686,0.0,0.3180015,5.372447,0.0078009083,0.0,0.015424723,0.5194181
6367,0.22105329,0.0,0.1498402,5.3724475,0.009670707,0.0,0.012276348,0.5194194
6368,0.50770634,0.0,0.13854499,5.372447,0.0077565126,0.0,0.0137629295,0.5194203
6369,0.32678536,0.0,0.11344477,5.3724475,0.008288224,0.0,0.014082934,0.51942104
6370,0.2462263,0.0,0.118764944,5.372447,0.008556313,0.0,0.015071641,0.519422
6371,0.32501024,0.0,0.3300777,5.3724465,0.010979044,0.0,0.0144376345,0.51942295
6372,0.5183702,0.0,0.27893332,5.372445,0.009835287,0.0,0.015472379,0.5194236
6373,0.4247755,0.0,0.37618378,5.3724422,0.008128451,0.0,0.0165196,0.51942396
6374,0.37748918,0.0,0.16881305,5.372441,0.00867969,0.0,0.01557527,0.51942396
6375,0.33870798,0.0,0.2714192,5.3724384,0.008977421,0.0,0.015944133,0.5194241
6376,0.35754135,0.0,0.1391849,5.372434,0.009381438,0.0,0.015329028,0.51942396
6377,0.21561716,0.0,0.16845152,5.372432,0.009371034,0.0,0.01563859,0.51942337
6378,0.22377537,0.0,0.190199,5.372429,0.009513047,0.0,0.014361732,0.5194232
6379,0.22507535,0.0,0.15652026,5.3724256,0.00823318,0.0,0.01797166,0.51942307
6380,1.1677239,0.0,0.30052596,5.3724217,0.009206545,0.0,0.016087454,0.5194231
6381,0.41899616,0.0,0.27802604,5.37242,0.0104792975,0.0,0.016281344,0.5194236
6382,0.3066802,0.0,0.32312244,5.3724184,0.010216445,0.0,0.014022481,0.5194242
6383,1.1405216,0.0,0.42485785,5.3724194,0.010161508,0.0,0.017054418,0.51942515
6384,0.34810808,0.0,0.15641582,5.3724213,0.008895492,0.0,0.017494863,0.5194262
6385,0.6074796,0.0,0.18287604,5.3724217,0.009439489,0.0,0.013974969,0.5194272
6386,0.18184623,0.0,0.1734207,5.3724227,0.007905295,0.0,0.015674107,0.5194282
6387,1.1492232,0.0,0.33126155,5.372424,0.008681759,0.0,0.014871453,0.5194292
6388,0.5739309,0.0,0.24724153,5.37243,0.00784337,0.0,0.017251322,0.5194301
6389,0.70440924,0.0,0.1658017,5.3724337,0.011170047,0.0,0.013952892,0.5194307
6390,0.4139315,0.0,0.15465337,5.372437,0.0073427306,0.0,0.017814007,0.5194315
6391,0.35180557,0.0,0.26136208,5.3724384,0.008598022,0.0,0.0168541,0.5194326
6392,0.60872227,0.0,0.31444412,5.3724403,0.007249283,0.0,0.015312754,0.51943356
6393,0.2622541,0.0,0.2754505,5.372443,0.010690528,0.0,0.015949713,0.51943463
6394,0.31565094,0.0,0.24611942,5.372444,0.011666995,0.0,0.018105863,0.51943535
6395,0.6560181,0.0,0.28785765,5.372447,0.0103750825,0.0,0.01990897,0.51943517
6396,0.4828775,0.0,0.2149889,5.372448,0.008943746,0.0,0.015411323,0.5194344
6397,0.25096434,0.0,0.18331134,5.3724494,0.009402148,0.0,0.01659727,0.5194338
6398,0.5377421,0.0,0.22941558,5.3724494,0.009156008,0.0,0.017057333,0.5194335
6399,0.41436565,0.0,0.12918852,5.372449,0.009042794,0.0,0.015043497,0.5194326
6400,0.29159617,0.0,0.20666996,5.3724484,0.010562573,0.0,0.011357102,0.51943237
6401,0.51649743,0.0,0.19990171,5.3724504,0.00852021,0.0,0.018703606,0.5194322
6402,0.5406936,0.0,0.16689566,5.372452,0.010492083,0.0,0.018034503,0.5194319
6403,0.2275479,0.0,0.24703093,5.3724527,0.009607697,0.0,0.01772468,0.5194314
6404,0.5976759,0.0,0.13809593,5.372451,0.010698693,0.0,0.017823726,0.51943123
6405,0.35282674,0.0,0.37590542,5.3724504,0.009693292,0.0,0.013830424,0.51943135
6406,0.4351729,0.0,0.4049535,5.3724527,0.010106141,0.0,0.015153761,0.5194316
6407,0.28196034,0.0,0.24329472,5.372455,0.010316568,0.0,0.019272516,0.5194321
6408,0.23576215,0.0,0.1918517,5.3724556,0.007897082,0.0,0.015050495,0.5194325
6409,0.34231967,0.0,0.13057302,5.3724575,0.008880015,0.0,0.018352007,0.51943266
6410,0.45368618,0.0,0.17187923,5.3724594,0.008461792,0.0,0.018245537,0.5194332
6411,0.43235534,0.0,0.22599171,5.3724613,0.0077085104,0.0,0.014735551,0.51943403
6412,0.37061012,0.0,0.29421547,5.372464,0.010544953,0.0,0.017113457,0.519435
6413,0.35308453,0.0,0.2142099,5.372465,0.0075969445,0.0,0.014010759,0.51943606
6414,0.4495615,0.0,0.18022154,5.3724637,0.009587383,0.0,0.013017227,0.51943696
6415,0.30412993,0.0,0.22256714,5.372462,0.008906364,0.0,0.016276494,0.5194377
6416,0.32226956,0.0,0.31220567,5.3724594,0.010100174,0.0,0.017000966,0.5194386
6417,0.22232167,0.0,0.1525372,5.372458,0.009680207,0.0,0.0144412,0.51943904
6418,0.5111048,0.0,0.22942045,5.372456,0.008640996,0.0,0.013977903,0.51943934
6419,0.36766434,0.0,0.31520104,5.372454,0.010396895,0.0,0.01356906,0.51943964
6420,0.46022606,0.0,0.27373797,5.3724513,0.007795096,0.0,0.0144634405,0.5194398
6421,0.3428224,0.0,0.2028746,5.372447,0.00876007,0.0,0.014701505,0.5194396
6422,0.43869612,0.0,0.32521647,5.3724422,0.0067097046,0.0,0.014073037,0.5194394
6423,0.4399478,0.0,0.28725117,5.3724394,0.008505842,0.0,0.015083763,0.5194399
6424,0.4203761,0.0,0.34783676,5.3724365,0.007934686,0.0,0.01574838,0.5194401
6425,0.4434191,0.0,0.15372227,5.3724327,0.008982974,0.0,0.01486095,0.5194401
6426,0.57489914,0.0,0.16804285,5.372428,0.009781677,0.0,0.014987495,0.51944023
6427,0.44765937,0.0,0.20451799,5.372424,0.008970653,0.0,0.014849847,0.5194406
6428,0.7108793,0.0,0.12430005,5.3724203,0.009529214,0.0,0.016183171,0.51944095
6429,0.26253647,0.0,0.17219013,5.3724146,0.008188797,0.0,0.014584789,0.5194411
6430,0.5319122,0.0,0.19669652,5.3724093,0.008678746,0.0,0.015126895,0.51944107
6431,0.4039276,0.0,0.33715144,5.3724046,0.008047383,0.0,0.016735647,0.5194411
6432,0.4661981,0.0,0.1964898,5.3724008,0.009655339,0.0,0.016547224,0.5194411
6433,0.38053206,0.0,0.21871594,5.3723984,0.009287041,0.0,0.013509021,0.5194408
6434,0.35385805,0.0,0.21767223,5.3723946,0.007631539,0.0,0.014735823,0.51944035
6435,0.27742594,0.0,0.41389155,5.3723927,0.009906578,0.0,0.013494137,0.51943976
6436,0.26525107,0.0,0.16622978,5.37239,0.008506996,0.0,0.011157793,0.5194393
6437,0.4770007,0.0,0.16682996,5.372389,0.009501933,0.0,0.016797636,0.51943916
6438,0.3991696,0.0,0.15378274,5.3723865,0.008545778,0.0,0.019892221,0.5194392
6439,0.22206062,0.0,0.1752863,5.3723865,0.010435778,0.0,0.016165832,0.5194395
6440,0.43827298,0.0,0.22681883,5.3723865,0.009186443,0.0,0.01399499,0.5194394
6441,0.47248107,0.0,0.21131854,5.3723865,0.009544816,0.0,0.016450627,0.5194392
6442,0.33658102,0.0,0.17218211,5.3723855,0.009951184,0.0,0.01193029,0.51943964
6443,0.18970467,0.0,0.23118685,5.372384,0.009610112,0.0,0.01542259,0.5194397
6444,0.29615846,0.0,0.2572221,5.3723817,0.010339933,0.0,0.016036365,0.5194397
6445,0.5859473,0.0,0.24281317,5.3723836,0.009225367,0.0,0.0179979,0.5194394
6446,0.7103831,0.0,0.20734154,5.372386,0.010627212,0.0,0.01416907,0.51943904
6447,0.40408164,0.0,0.12654135,5.3723874,0.008415652,0.0,0.013701052,0.51943934
6448,0.7666543,0.0,0.18075444,5.372389,0.008179498,0.0,0.013349991,0.5194397
6449,0.42020327,0.0,0.23324019,5.3723907,0.010137811,0.0,0.014718789,0.5194399
6450,0.24247827,0.0,0.22924024,5.3723917,0.011334856,0.0,0.015478418,0.5194403
6451,0.40138432,0.0,0.15742072,5.3723936,0.011968763,0.0,0.01718436,0.5194406
6452,0.60709214,0.0,0.3342189,5.372396,0.009948637,0.0,0.013537698,0.5194405
6453,0.3617619,0.0,0.22742768,5.3724,0.010641735,0.0,0.014641728,0.51944023
6454,0.27930263,0.0,0.253081,5.3724027,0.008267089,0.0,0.016115662,0.51943994
6455,0.61024255,0.0,0.10869891,5.372405,0.009053393,0.0,0.014051627,0.5194403
6456,0.7697593,0.0,0.24255438,5.372407,0.010980119,0.0,0.01581012,0.51944065
6457,0.6786996,0.0,0.24995314,5.3724074,0.008808313,0.0,0.01422335,0.5194414
6458,0.5476467,0.0,0.16139324,5.372407,0.011177827,0.0,0.01627556,0.5194422
6459,0.38062593,0.0,0.13685553,5.372408,0.008830783,0.0,0.015595348,0.5194428
6460,0.35867128,0.0,0.2585364,5.3724093,0.009933526,0.0,0.013769325,0.51944375
6461,0.2727116,0.0,0.27748778,5.372411,0.009843038,0.0,0.015037037,0.5194447
6462,0.44217974,0.0,0.21820784,5.372415,0.008864947,0.0,0.017831778,0.5194456
6463,0.25464082,0.0,0.23302725,5.372417,0.008940643,0.0,0.014061563,0.5194462
6464,0.48703206,0.0,0.20345248,5.372419,0.009951476,0.0,0.01795107,0.5194466
6465,0.32305607,0.0,0.24484162,5.3724184,0.009159452,0.0,0.013759241,0.51944685
6466,0.45523188,0.0,0.19830236,5.372417,0.011489181,0.0,0.015737852,0.5194469
6467,0.30058008,0.0,0.1903085,5.372416,0.007618942,0.0,0.01688603,0.5194467
6468,0.23508474,0.0,0.28894082,5.372415,0.008275922,0.0,0.016795903,0.51944655
6469,0.38362297,0.0,0.15962948,5.3724146,0.010005858,0.0,0.015563674,0.51944596
6470,0.4042451,0.0,0.2187739,5.372414,0.008984569,0.0,0.018064298,0.5194449
6471,0.3027182,0.0,0.18947332,5.372414,0.012147752,0.0,0.01832269,0.519444
6472,0.2562197,0.0,0.21852557,5.372414,0.0096531045,0.0,0.013994516,0.5194429
6473,0.19536133,0.0,0.25520915,5.3724136,0.010492534,0.0,0.017480584,0.519442
6474,0.47534928,0.0,0.49290615,5.3724127,0.009196167,0.0,0.01515303,0.5194412
6475,0.18332624,0.0,0.19797345,5.3724113,0.010023106,0.0,0.016124055,0.5194405
6476,0.3495749,0.0,0.23741482,5.37241,0.007009914,0.0,0.016268123,0.5194402
6477,0.3217879,0.0,0.24832024,5.372408,0.009045755,0.0,0.016894693,0.51943976
6478,0.53949934,0.0,0.4032971,5.372408,0.0086803865,0.0,0.018586237,0.51943934
6479,0.38585535,0.0,0.17146373,5.372408,0.009662308,0.0,0.0156190265,0.5194392
6480,0.27180752,0.0,0.17695364,5.3724065,0.008024625,0.0,0.016016223,0.51943904
6481,0.35844088,0.0,0.13129911,5.372406,0.008784087,0.0,0.016646449,0.5194386
6482,0.33559164,0.0,0.24574648,5.3724055,0.010539602,0.0,0.01632818,0.5194381
6483,0.17201543,0.0,0.25488478,5.372406,0.010104242,0.0,0.018226394,0.5194373
6484,0.38070697,0.0,0.21860895,5.372407,0.009185257,0.0,0.01683752,0.51943654
6485,0.29857317,0.0,0.13272342,5.372408,0.008941468,0.0,0.012960661,0.51943594
6486,0.20589405,0.0,0.17318502,5.3724093,0.009241251,0.0,0.016190236,0.51943517
6487,0.5285854,0.0,0.16175099,5.372411,0.008970625,0.0,0.016838463,0.5194345
6488,0.28609952,0.0,0.20243903,5.372412,0.0100070685,0.0,0.015316384,0.5194339
6489,0.349739,0.0,0.23002246,5.372413,0.010560471,0.0,0.013964536,0.5194332
6490,0.49971464,0.0,0.1603001,5.372414,0.007124074,0.0,0.016958917,0.51943266
6491,0.4387298,0.0,0.21853389,5.372414,0.0098962085,0.0,0.014700453,0.5194322
6492,0.6042099,0.0,0.19249238,5.3724155,0.0093430495,0.0,0.014067022,0.5194321
6493,0.36643803,0.0,0.25875986,5.372414,0.008163482,0.0,0.016972119,0.5194324
6494,0.39415535,0.0,0.1885919,5.3724127,0.009212387,0.0,0.015766365,0.51943284
6495,0.5259495,0.0,0.24566722,5.372413,0.0081728725,0.0,0.015126027,0.5194332
6496,0.42538685,0.0,0.14146936,5.372414,0.008550527,0.0,0.017060956,0.5194338
6497,0.49346676,0.0,0.2073107,5.372414,0.008313261,0.0,0.015178408,0.5194344
6498,0.45407683,0.0,0.19041331,5.3724136,0.011096791,0.0,0.015635438,0.51943475
6499,0.5274149,0.0,0.21303439,5.372413,0.008188891,0.0,0.01816535,0.519435
6500,0.6978276,0.0,0.26731497,5.372412,0.00853092,0.0,0.018017197,0.5194355
6501,0.24238542,0.0,0.17519446,5.3724155,0.00885272,0.0,0.0148150055,0.5194362
6502,0.528471,0.0,0.13768916,5.3724184,0.009830996,0.0,0.014251292,0.5194365
6503,1.2093886,0.0,0.2227348,5.372421,0.009968548,0.0,0.017646546,0.5194367
6504,0.42219427,0.0,0.1495674,5.3724246,0.010215995,0.0,0.015205388,0.519437
6505,0.5563779,0.0,0.57088083,5.372427,0.0099826995,0.0,0.015133522,0.5194373
6506,0.6927257,0.0,0.16532744,5.372428,0.009423111,0.0,0.016666813,0.51943725
6507,0.4631644,0.0,0.17572132,5.3724294,0.008565542,0.0,0.01525727,0.519437
6508,0.37465006,0.0,0.19825675,5.37243,0.010063446,0.0,0.014862155,0.5194369
6509,0.30411354,0.0,0.25365004,5.3724294,0.007678026,0.0,0.015651582,0.5194371
6510,0.24732557,0.0,0.43873596,5.3724303,0.0075664246,0.0,0.017495034,0.5194373
6511,0.37694836,0.0,0.2208603,5.3724318,0.008716836,0.0,0.01840563,0.51943797
6512,0.78562015,0.0,0.31015715,5.372433,0.008881203,0.0,0.01663693,0.5194386
6513,0.26945916,0.0,0.1956298,5.372435,0.009167535,0.0,0.015925925,0.5194396
6514,0.6284026,0.0,0.16448258,5.372438,0.009074074,0.0,0.01197583,0.51944035
6515,0.40996835,0.0,0.1636643,5.3724403,0.009559829,0.0,0.014089579,0.519441
6516,0.5030085,0.0,0.31146556,5.3724422,0.009745933,0.0,0.014200442,0.5194415
6517,0.25432658,0.0,0.2154196,5.372445,0.009392862,0.0,0.014776224,0.5194415
6518,0.42764813,0.0,0.16521767,5.372448,0.009032312,0.0,0.018131461,0.5194411
6519,0.24615929,0.0,0.24454175,5.3724513,0.009221593,0.0,0.012495322,0.51944077
6520,0.38369593,0.0,0.3335999,5.372454,0.013565701,0.0,0.016570704,0.5194403
6521,0.29498613,0.0,0.19932225,5.372458,0.009815161,0.0,0.014962318,0.51944053
6522,0.20606275,0.0,0.18876757,5.3724623,0.008128338,0.0,0.014636638,0.51944107
6523,0.2800504,0.0,0.2257485,5.3724656,0.009717559,0.0,0.014081724,0.5194414
6524,0.6557268,0.0,0.22755183,5.372471,0.0075917845,0.0,0.014224986,0.5194417
6525,0.367451,0.0,0.2934334,5.3724766,0.0073549813,0.0,0.017912094,0.5194422
6526,0.34928596,0.0,0.23175529,5.372481,0.009384411,0.0,0.016568553,0.519443
6527,0.3862729,0.0,0.17818816,5.3724833,0.008285085,0.0,0.019137068,0.51944375
6528,0.2639101,0.0,0.18116964,5.372486,0.00895186,0.0,0.011708385,0.51944447
6529,0.34268847,0.0,0.24956709,5.3724885,0.007396645,0.0,0.013479512,0.5194452
6530,0.35292125,0.0,0.1592792,5.3724914,0.009248468,0.0,0.011786673,0.51944566
6531,0.37138623,0.0,0.2866405,5.372493,0.011432701,0.0,0.017121261,0.5194461
6532,0.7704254,0.0,0.120031714,5.372495,0.0081715435,0.0,0.015979044,0.5194464
6533,0.29540434,0.0,0.15541789,5.3724966,0.0093298005,0.0,0.015033442,0.519447
6534,0.27881008,0.0,0.19537163,5.3724966,0.009581292,0.0,0.014610028,0.51944745
6535,0.41620287,0.0,0.28716838,5.372496,0.007369172,0.0,0.015146797,0.51944846
6536,0.65862244,0.0,0.21371245,5.372496,0.007943059,0.0,0.015807066,0.5194493
6537,0.38311267,0.0,0.2673004,5.372495,0.009340763,0.0,0.013515377,0.5194505
6538,0.2616003,0.0,0.30999178,5.372491,0.009639275,0.0,0.013724439,0.51945144
6539,0.39377043,0.0,0.2034602,5.372488,0.009934928,0.0,0.016273877,0.5194526
6540,0.31670952,0.0,0.13942328,5.372484,0.009106725,0.0,0.012578195,0.51945347
6541,0.29521292,0.0,0.1401828,5.3724804,0.009670141,0.0,0.013191637,0.5194546
6542,0.22739844,0.0,0.3177077,5.3724766,0.009968272,0.0,0.020260654,0.5194557
6543,0.18824825,0.0,0.15844445,5.372475,0.0110532055,0.0,0.011570858,0.5194565
6544,0.5146687,0.0,0.13505454,5.372473,0.009302934,0.0,0.014218706,0.5194577
6545,0.21462499,0.0,0.17253746,5.372472,0.009222809,0.0,0.020405252,0.51945937
6546,0.58884066,0.0,0.2577678,5.3724704,0.010216842,0.0,0.015860831,0.5194605
6547,0.71098816,0.0,0.22102137,5.372472,0.010253264,0.0,0.015370926,0.51946175
6548,0.35898757,0.0,0.29947588,5.372475,0.00813311,0.0,0.015694033,0.5194625
6549,0.23716666,0.0,0.23166615,5.3724766,0.008773061,0.0,0.017474003,0.5194631
6550,0.24853359,0.0,0.14940403,5.372478,0.0070546977,0.0,0.017629072,0.5194632
6551,0.5181441,0.0,0.3413284,5.372479,0.008509273,0.0,0.01774661,0.5194634
6552,0.30520493,0.0,0.22984679,5.372479,0.007983802,0.0,0.01557091,0.5194639
6553,0.5128513,0.0,0.27184418,5.372476,0.008379775,0.0,0.016193157,0.5194645
6554,0.40391052,0.0,0.08942485,5.3724732,0.007795117,0.0,0.014958524,0.51946485
6555,0.4072085,0.0,0.17097625,5.3724694,0.0070689716,0.0,0.016754879,0.51946497
6556,0.8605075,0.0,0.1862451,5.3724656,0.00785726,0.0,0.015020799,0.5194651
6557,0.24737014,0.0,0.15100323,5.3724637,0.008477446,0.0,0.017749269,0.5194653
6558,0.5810801,0.0,0.11897605,5.37246,0.008998239,0.0,0.01818466,0.51946586
6559,0.21677779,0.0,0.31243917,5.372456,0.010330281,0.0,0.015707178,0.5194663
6560,0.31321958,0.0,0.26002416,5.3724537,0.008825554,0.0,0.015851479,0.5194666
6561,0.5018256,0.0,0.15202972,5.3724513,0.008817533,0.0,0.016221529,0.51946676
6562,0.7455345,0.0,0.31772208,5.37245,0.008140395,0.0,0.015912741,0.5194665
6563,0.6438354,0.0,0.25301802,5.3724475,0.008489994,0.0,0.011287633,0.51946646
6564,0.23612705,0.0,0.25705975,5.372446,0.009752864,0.0,0.0146849165,0.5194664
6565,0.2793866,0.0,0.11273244,5.372447,0.008700611,0.0,0.015328345,0.51946646
6566,0.68451756,0.0,0.17717439,5.3724494,0.010518028,0.0,0.01550213,0.5194661
6567,0.49682626,0.0,0.2686208,5.3724523,0.009396884,0.0,0.015556449,0.5194661
6568,0.44755355,0.0,0.18226828,5.3724566,0.008395811,0.0,0.015995724,0.51946616
6569,0.33806974,0.0,0.29447648,5.372461,0.009822867,0.0,0.018522894,0.5194661
6570,0.83102334,0.0,0.15285723,5.3724623,0.01043246,0.0,0.012504878,0.5194659
6571,0.28750834,0.0,0.20680839,5.3724637,0.010256973,0.0,0.017076667,0.5194654
6572,0.44867367,0.0,0.23062985,5.3724656,0.009678578,0.0,0.015305616,0.5194647
6573,0.43747112,0.0,0.28346294,5.372469,0.009793069,0.0,0.015976094,0.5194637
6574,0.59310323,0.0,0.2113977,5.3724713,0.008493905,0.0,0.019229362,0.51946276
6575,0.46391198,0.0,0.26469043,5.372474,0.010246639,0.0,0.016397696,0.51946175
6576,0.76666135,0.0,0.27988723,5.3724804,0.008836938,0.0,0.014034713,0.51946115
6577,0.26121214,0.0,0.32074982,5.3724866,0.008676345,0.0,0.015847554,0.5194607
6578,0.29146343,0.0,0.23285402,5.3724885,0.008028972,0.0,0.017532641,0.51946044
6579,0.40957925,0.0,0.2322938,5.372491,0.008107166,0.0,0.01688893,0.51946026
6580,0.5342744,0.0,0.41502845,5.3724933,0.009508206,0.0,0.014968585,0.51946
6581,0.39083597,0.0,0.19109629,5.3724966,0.009034026,0.0,0.015961003,0.51945955
6582,0.60223365,0.0,0.19667545,5.3725,0.0080229975,0.0,0.016723178,0.519459
6583,0.26755208,0.0,0.2734523,5.3725014,0.010714046,0.0,0.015763145,0.5194587
6584,0.63727224,0.0,0.15367804,5.3725038,0.008637446,0.0,0.01362137,0.51945865
6585,0.42517766,0.0,0.28294575,5.3725057,0.007562344,0.0,0.016825352,0.5194591
6586,1.1025127,0.0,0.27871007,5.3725095,0.010368612,0.0,0.0189319,0.51945996
6587,0.16279966,0.0,0.14571317,5.372512,0.009318552,0.0,0.013880716,0.51946044
6588,0.67588025,0.0,0.21707334,5.372513,0.007609564,0.0,0.015232374,0.5194608
6589,0.27885604,0.0,0.2971953,5.3725157,0.0095563065,0.0,0.012262862,0.519461
6590,0.6251297,0.0,0.14109729,5.3725157,0.010697368,0.0,0.01404543,0.519461
6591,0.34797585,0.0,0.25007007,5.3725166,0.009074021,0.0,0.01374021,0.51946133
6592,0.26732436,0.0,0.19418515,5.372518,0.010603524,0.0,0.013671284,0.5194617
6593,0.36254403,0.0,0.23938072,5.372518,0.010364827,0.0,0.01300119,0.5194623
6594,0.44150692,0.0,0.40847307,5.3725195,0.010445329,0.0,0.016072955,0.5194627
6595,0.33257493,0.0,0.15959597,5.3725166,0.008913988,0.0,0.017186796,0.5194632
6596,0.36584175,0.0,0.2051803,5.3725147,0.010198421,0.0,0.01441982,0.5194634
6597,0.2848673,0.0,0.33957964,5.372512,0.011694332,0.0,0.01719683,0.51946366
6598,0.48219612,0.0,0.22298564,5.372507,0.00967814,0.0,0.015750557,0.51946414
6599,0.42971754,0.0,0.16260894,5.3725023,0.010446979,0.0,0.016251065,0.51946443
6600,0.23486486,0.0,0.1697439,5.3724976,0.0106663415,0.0,0.019770052,0.5194646
6601,0.59459794,0.0,0.13726155,5.372495,0.0098665655,0.0,0.014716181,0.5194648
6602,0.5966803,0.0,0.122084394,5.3724923,0.007859314,0.0,0.01663477,0.5194646
6603,0.4597108,0.0,0.29313743,5.372489,0.010310029,0.0,0.016044354,0.51946414
6604,0.27053046,0.0,0.21692969,5.3724885,0.010386791,0.0,0.013459004,0.519464
6605,0.5176324,0.0,0.20675768,5.3724895,0.0109933745,0.0,0.015280202,0.51946425
6606,0.34029537,0.0,0.22663072,5.372489,0.010782881,0.0,0.015324175,0.5194646
6607,0.3109493,0.0,0.17820919,5.372488,0.009156663,0.0,0.0132850325,0.51946545
6608,0.4250846,0.0,0.22583151,5.3724895,0.009779075,0.0,0.016788581,0.51946604
6609,0.47310972,0.0,0.16318092,5.3724904,0.008247829,0.0,0.011453501,0.51946664
6610,0.36581314,0.0,0.3015255,5.3724914,0.008756688,0.0,0.016705224,0.5194672
6611,0.4583959,0.0,0.26531747,5.3724933,0.010013034,0.0,0.015226625,0.51946783
6612,0.34567952,0.0,0.19758266,5.3724966,0.007576768,0.0,0.013883719,0.5194689
6613,0.42850316,0.0,0.17111816,5.3724995,0.009460068,0.0,0.017088793,0.5194697
6614,0.36663088,0.0,0.34647238,5.372502,0.008496435,0.0,0.014952918,0.51947004
6615,0.2178813,0.0,0.3355377,5.372505,0.009169313,0.0,0.018599017,0.5194707
6616,0.1355099,0.0,0.1695556,5.3725114,0.009501213,0.0,0.012542087,0.51947135
6617,0.47350115,0.0,0.23687077,5.372516,0.009341672,0.0,0.017145958,0.51947236
6618,0.5800445,0.0,0.19724199,5.372521,0.008581859,0.0,0.016035892,0.51947266
6619,0.36179295,0.0,0.38888875,5.372526,0.009250626,0.0,0.012857091,0.51947325
6620,0.21945,0.0,0.16867273,5.372529,0.008578157,0.0,0.01415753,0.5194738
6621,0.5437457,0.0,0.16884619,5.3725305,0.008260209,0.0,0.014398538,0.51947457
6622,0.5528602,0.0,0.2477899,5.372532,0.0090987105,0.0,0.017743649,0.5194753
6623,0.32924464,0.0,0.60078317,5.372533,0.008702193,0.0,0.016670614,0.5194762
6624,0.32246098,0.0,0.21549511,5.372531,0.009082925,0.0,0.016822703,0.51947725
6625,0.48777688,0.0,0.28528288,5.3725295,0.008545876,0.0,0.01295788,0.5194784
6626,0.26933464,0.0,0.18506573,5.3725276,0.007068016,0.0,0.014661396,0.5194795
6627,0.31595263,0.0,0.17155631,5.3725243,0.0072999825,0.0,0.01972718,0.5194808
6628,0.55555314,0.0,0.13292332,5.372522,0.008597622,0.0,0.0138740055,0.51948136
6629,0.12511386,0.0,0.19213428,5.3725204,0.012272993,0.0,0.014805241,0.51948196
6630,0.22922239,0.0,0.30174428,5.37252,0.009440407,0.0,0.0136688575,0.5194828
6631,0.3321175,0.0,0.16957134,5.372521,0.00855818,0.0,0.013113531,0.5194835
6632,0.36347035,0.0,0.1444996,5.372522,0.008701519,0.0,0.015536753,0.5194838
6633,0.3490593,0.0,0.18896133,5.372521,0.008421438,0.0,0.015183301,0.51948464
6634,0.27991462,0.0,0.1606335,5.3725214,0.007958616,0.0,0.0118879,0.5194851
6635,0.30508038,0.0,0.26804608,5.3725233,0.008761848,0.0,0.01630932,0.5194855
6636,0.4896723,0.0,0.16979867,5.3725214,0.011292899,0.0,0.011928026,0.51948565
6637,0.5793672,0.0,0.17014797,5.372521,0.008635661,0.0,0.017530238,0.5194857
6638,0.5355944,0.0,0.18236181,5.3725204,0.008700452,0.0,0.015626866,0.5194859
6639,0.5426533,0.0,0.24870923,5.372521,0.009156527,0.0,0.016207969,0.51948583
6640,0.3537839,0.0,0.2203987,5.37252,0.009355816,0.0,0.014273134,0.5194858
6641,0.44237462,0.0,0.31458727,5.3725185,0.009582186,0.0,0.015530051,0.51948565
6642,0.3583859,0.0,0.20769612,5.372521,0.008540787,0.0,0.013120518,0.5194858
6643,0.6810167,0.0,0.14003205,5.372522,0.008861992,0.0,0.015166767,0.5194859
6644,0.6253827,0.0,0.2976463,5.3725247,0.0086272275,0.0,0.0182276,0.51948607
6645,0.33645874,0.0,0.1906201,5.3725286,0.0077650696,0.0,0.01355126,0.51948684
6646,0.80676836,0.0,0.14515977,5.3725333,0.008847114,0.0,0.013454981,0.51948756
6647,0.31691292,0.0,0.18532488,5.372537,0.010360831,0.0,0.013971908,0.5194889
6648,0.39820078,0.0,0.23416582,5.3725414,0.008760414,0.0,0.01762901,0.5194899
6649,0.33643967,0.0,0.114382,5.3725433,0.010556677,0.0,0.014096944,0.51949096
6650,0.7175557,0.0,0.25994456,5.3725452,0.010033127,0.0,0.013370929,0.51949227
6651,0.33558822,0.0,0.30361682,5.3725505,0.0074851345,0.0,0.016898977,0.5194933
6652,0.5785929,0.0,0.23667523,5.372556,0.010026596,0.0,0.015420961,0.5194942
6653,0.4706307,0.0,0.23860548,5.3725605,0.0095882015,0.0,0.015857644,0.5194948
6654,0.39899662,0.0,0.25125176,5.372565,0.008095568,0.0,0.017210841,0.5194955
6655,0.3339529,0.0,0.4977027,5.3725686,0.010205591,0.0,0.014028735,0.51949614
6656,0.61292136,0.0,0.2509316,5.372578,0.008016548,0.0,0.015949354,0.5194966
6657,0.34742174,0.0,0.18521628,5.3725877,0.009761437,0.0,0.015077981,0.519497
6658,0.23074271,0.0,0.16064434,5.3725953,0.007671154,0.0,0.013634341,0.5194973
6659,0.5601024,0.0,0.16486926,5.3726006,0.00797287,0.0,0.018027792,0.5194973
6660,0.31273097,0.0,0.14691894,5.3726068,0.008756954,0.0,0.017408317,0.5194978
6661,0.29155663,0.0,0.19872539,5.372612,0.007332379,0.0,0.014484119,0.5194986
6662,0.34449822,0.0,0.2479656,5.3726172,0.010901275,0.0,0.013406616,0.5194991
6663,0.7365693,0.0,0.1547029,5.372621,0.010911112,0.0,0.013584474,0.5194997
6664,0.42695075,0.0,0.23426645,5.372622,0.008865794,0.0,0.015896076,0.5195002
6665,0.52387595,0.0,0.5203168,5.3726244,0.009185207,0.0,0.013352039,0.51950103
6666,0.5918825,0.0,0.27109826,5.372626,0.009406116,0.0,0.01588355,0.5195017
6667,0.67323047,0.0,0.15358931,5.372626,0.008903742,0.0,0.01715428,0.5195024
6668,0.4949628,0.0,0.15125936,5.3726254,0.010740415,0.0,0.014393166,0.5195035
6669,0.32004026,0.0,0.31212613,5.372625,0.009730254,0.0,0.0138052935,0.5195041
6670,0.39664078,0.0,0.23970883,5.372624,0.008373174,0.0,0.011953433,0.5195048
6671,0.27197462,0.0,0.22599453,5.3726225,0.009944416,0.0,0.01758461,0.5195051
6672,0.4312427,0.0,0.14349438,5.3726215,0.0116018085,0.0,0.0129495915,0.5195057
6673,0.37611407,0.0,0.1844903,5.372621,0.007391329,0.0,0.016381267,0.5195063
6674,0.38918948,0.0,0.17022607,5.3726206,0.008362252,0.0,0.014367507,0.51950675
6675,0.5661324,0.0,0.27775425,5.3726187,0.007935826,0.0,0.016998883,0.5195074
6676,0.23157738,0.0,0.42988607,5.3726172,0.009529145,0.0,0.015871588,0.5195077
6677,0.4730788,0.0,0.18221888,5.372613,0.010191109,0.0,0.015242496,0.51950794
6678,0.30439696,0.0,0.10815019,5.3726096,0.010755831,0.0,0.012068596,0.51950794
6679,0.36311093,0.0,0.1562169,5.372607,0.007466241,0.0,0.016939154,0.5195078
6680,0.761435,0.0,0.1801895,5.372605,0.010663493,0.0,0.014329234,0.51950794
6681,0.38026875,0.0,0.23782358,5.372604,0.007896866,0.0,0.01504697,0.5195082
6682,0.6380129,0.0,0.21040651,5.3726025,0.008369418,0.0,0.015344908,0.5195088
6683,0.52674997,0.0,0.24419503,5.3726015,0.009673392,0.0,0.014758119,0.51950943
6684,0.43693575,0.0,0.37598184,5.3726015,0.009692586,0.0,0.013142246,0.5195102
6685,0.30690992,0.0,0.22242652,5.372603,0.010041857,0.0,0.017027672,0.51951104
6686,0.68037295,0.0,0.23295361,5.372604,0.0085530225,0.0,0.013319495,0.5195114
6687,0.2923793,0.0,0.30565444,5.372604,0.011391906,0.0,0.0154271,0.5195119
6688,0.41614792,0.0,0.1610925,5.3726053,0.0105707925,0.0,0.015053804,0.51951236
6689,0.8429677,0.0,0.24605475,5.372606,0.007858298,0.0,0.017146438,0.51951253
6690,0.74624085,0.0,0.2647687,5.3726063,0.008231801,0.0,0.014704221,0.5195129
6691,0.5830337,0.0,0.25685775,5.3726068,0.009505302,0.0,0.016565999,0.5195129
6692,0.71464026,0.0,0.17790915,5.3726087,0.010036008,0.0,0.015227881,0.51951283
6693,0.31122264,0.0,0.21848567,5.37261,0.0077064587,0.0,0.013375557,0.51951265
6694,0.59246194,0.0,0.2103387,5.37261,0.009753254,0.0,0.0146158645,0.5195123
6695,0.22850353,0.0,0.34678343,5.3726125,0.009391269,0.0,0.015010144,0.5195115
6696,0.5944663,0.0,0.14465685,5.3726153,0.010178713,0.0,0.014743132,0.5195109
6697,0.2920318,0.0,0.3489169,5.372618,0.008917583,0.0,0.01513316,0.51951015
6698,0.27893174,0.0,0.15213715,5.372623,0.00866356,0.0,0.014055003,0.5195092
6699,0.4672758,0.0,0.28034517,5.372626,0.009933537,0.0,0.013367575,0.519508
6700,0.4713707,0.0,0.18059768,5.3726296,0.009889375,0.0,0.0128836995,0.5195072
6701,0.3652441,0.0,0.16433986,5.372633,0.010101288,0.0,0.013615849,0.5195066
6702,0.5030585,0.0,0.16547614,5.372637,0.008939203,0.0,0.016628146,0.5195062
6703,0.27705732,0.0,0.23692761,5.3726373,0.0088624535,0.0,0.01487642,0.5195057
6704,0.43479225,0.0,0.2155022,5.372641,0.009951377,0.0,0.013225427,0.51950526
6705,0.5167591,0.0,0.21459542,5.372643,0.0088548465,0.0,0.017561127,0.5195055
6706,0.35023192,0.0,0.20188197,5.372646,0.009754598,0.0,0.015031885,0.5195055
6707,0.5128694,0.0,0.17415072,5.3726473,0.00942075,0.0,0.011960322,0.5195051
6708,0.266928,0.0,0.26107022,5.3726516,0.0075843823,0.0,0.016449988,0.51950425
6709,0.3532706,0.0,0.15663357,5.3726544,0.0101524275,0.0,0.014542746,0.5195034
6710,0.24208829,0.0,0.1519958,5.372656,0.009203854,0.0,0.013759936,0.5195025
6711,0.6636793,0.0,0.1319601,5.3726583,0.012160468,0.0,0.012340812,0.51950175
6712,0.41663542,0.0,0.23098251,5.3726606,0.009103918,0.0,0.014731748,0.51950115
6713,0.24603255,0.0,0.22854432,5.3726635,0.0098007675,0.0,0.014919037,0.51950073
6714,0.34870398,0.0,0.24125239,5.372665,0.009903872,0.0,0.014858881,0.5195011
6715,0.2891533,0.0,0.2768255,5.372668,0.008478957,0.0,0.010989356,0.51950115
6716,0.28968427,0.0,0.23032376,5.3726687,0.007746948,0.0,0.016333334,0.51950127
6717,0.27962926,0.0,0.12908672,5.3726673,0.010137955,0.0,0.012376198,0.5195015
6718,0.42684332,0.0,0.24198839,5.372666,0.008621189,0.0,0.012634957,0.5195012
6719,0.19304846,0.0,0.23218751,5.372666,0.008835042,0.0,0.018413689,0.51950073
6720,0.4239395,0.0,0.16648754,5.3726645,0.009804575,0.0,0.012470583,0.51950055
6721,0.6713932,0.0,0.21126209,5.3726635,0.0077674096,0.0,0.016852355,0.5195007
6722,0.52933484,0.0,0.15891434,5.3726625,0.007927588,0.0,0.013877163,0.51950115
6723,0.44080478,0.0,0.28774485,5.372661,0.007235708,0.0,0.015644887,0.5195018
6724,0.58534366,0.0,0.103494845,5.3726597,0.008790607,0.0,0.016812816,0.5195022
6725,0.33700103,0.0,0.21809663,5.372657,0.008480875,0.0,0.015940594,0.51950264
6726,0.7081979,0.0,0.3284063,5.3726544,0.008238266,0.0,0.014840507,0.5195028
6727,0.6452351,0.0,0.1313346,5.372656,0.010074223,0.0,0.016823046,0.51950324
6728,0.453004,0.0,0.16400775,5.372657,0.010920046,0.0,0.016159233,0.51950353
6729,0.35504806,0.0,0.17956918,5.372657,0.009973052,0.0,0.018698609,0.51950383
6730,0.34385696,0.0,0.21700895,5.372658,0.008901196,0.0,0.016929967,0.5195039
6731,0.39003167,0.0,0.19092041,5.372658,0.00791049,0.0,0.015547306,0.5195039
6732,0.41234267,0.0,0.3471918,5.372658,0.0071066376,0.0,0.01230212,0.51950353
6733,0.4240117,0.0,0.2696652,5.3726544,0.010869432,0.0,0.01733851,0.5195036
6734,0.20987374,0.0,0.20886019,5.3726506,0.013188878,0.0,0.016524002,0.5195037
6735,0.32351047,0.0,0.16716203,5.372648,0.009841785,0.0,0.01921851,0.51950395
6736,0.29263932,0.0,0.2597932,5.3726444,0.009895651,0.0,0.017143881,0.519504
6737,0.2302134,0.0,0.24386671,5.3726406,0.010302308,0.0,0.016451623,0.5195039
6738,0.26611382,0.0,0.24800691,5.372637,0.009508727,0.0,0.016570464,0.5195042
6739,0.51890755,0.0,0.20221716,5.3726335,0.011543119,0.0,0.014683754,0.5195046
6740,0.43899098,0.0,0.14821652,5.372629,0.00829003,0.0,0.017433133,0.519505
6741,0.530956,0.0,0.14532381,5.372623,0.01068877,0.0,0.015521402,0.5195053
6742,0.30883658,0.0,0.1555673,5.3726187,0.008092198,0.0,0.016160613,0.51950574
6743,0.38871214,0.0,0.25187817,5.3726125,0.008059303,0.0,0.01320828,0.5195064
6744,0.35975558,0.0,0.29710892,5.372606,0.011321066,0.0,0.016416399,0.51950675
6745,0.43259224,0.0,0.22162247,5.3726006,0.00880103,0.0,0.011524522,0.5195077
6746,0.40795326,0.0,0.17344509,5.372596,0.009487952,0.0,0.016813822,0.5195082
6747,0.3156783,0.0,0.23609912,5.3725905,0.010375875,0.0,0.013202448,0.51950836
6748,0.36541113,0.0,0.25739378,5.3725877,0.0109508755,0.0,0.015270774,0.5195084
6749,0.58920497,0.0,0.21965861,5.3725853,0.010518846,0.0,0.015528799,0.51950926
6750,0.23769371,0.0,0.21129607,5.3725834,0.008109052,0.0,0.016387742,0.5195099
6751,0.19551727,0.0,0.25920016,5.372581,0.008327811,0.0,0.016596321,0.51951057
6752,0.5746565,0.0,0.31445882,5.3725815,0.010027158,0.0,0.01867689,0.51951116
6753,0.26584008,0.0,0.23359919,5.372582,0.011258085,0.0,0.016012952,0.5195113
6754,0.5296203,0.0,0.18048024,5.3725853,0.009473532,0.0,0.015203593,0.5195113
6755,0.2998411,0.0,0.17426126,5.3725877,0.0093069915,0.0,0.0120789455,0.51951164
6756,0.3631673,0.0,0.1384279,5.3725896,0.007713497,0.0,0.017592099,0.5195117
6757,0.4450942,0.0,0.15159921,5.372593,0.009744015,0.0,0.01293511,0.5195113
6758,0.3273811,0.0,0.15409446,5.3725944,0.008723463,0.0,0.014105114,0.519511
6759,0.3515891,0.0,0.24987242,5.372596,0.00825224,0.0,0.014902924,0.519511
6760,0.21829869,0.0,0.19369176,5.3725977,0.009991456,0.0,0.018802285,0.5195112
6761,0.53102106,0.0,0.16829303,5.3725977,0.010503629,0.0,0.01632068,0.519511
6762,0.48771927,0.0,0.24911349,5.372598,0.008194797,0.0,0.0157473,0.5195107
6763,0.29593945,0.0,0.13177057,5.372597,0.008666007,0.0,0.015186302,0.5195103
6764,0.3830948,0.0,0.21356058,5.372597,0.009564181,0.0,0.014103904,0.51951003
6765,0.2446864,0.0,0.41718856,5.3725963,0.008979707,0.0,0.01735517,0.51950985
6766,0.2845426,0.0,0.23572043,5.3725967,0.010056596,0.0,0.015954345,0.51950955
6767,0.94590414,0.0,0.21635553,5.3725986,0.008416836,0.0,0.01350778,0.51950943
6768,0.6387243,0.0,0.4706775,5.372601,0.0076487493,0.0,0.013927642,0.51950955
6769,0.37224537,0.0,0.33882135,5.3726006,0.009225731,0.0,0.014689655,0.51950943
6770,0.4730025,0.0,0.16889319,5.372598,0.009602068,0.0,0.0156128155,0.5195096
6771,0.38819003,0.0,0.23169787,5.372596,0.010265115,0.0,0.01566807,0.51950985
6772,0.34059146,0.0,0.232828,5.372594,0.009377424,0.0,0.015617252,0.5195105
6773,0.6809041,0.0,0.1915751,5.3725915,0.00821083,0.0,0.01497863,0.51951075
6774,0.520168,0.0,0.43807006,5.3725896,0.011680438,0.0,0.016546816,0.5195102
6775,0.5412157,0.0,0.1718737,5.3725886,0.009915154,0.0,0.01460527,0.51950973
6776,0.47640607,0.0,0.21557443,5.372587,0.009851171,0.0,0.013484211,0.5195092
6777,0.43971983,0.0,0.19607526,5.372587,0.00925234,0.0,0.01170128,0.51950884
6778,0.6051122,0.0,0.40741536,5.3725863,0.008561434,0.0,0.01583802,0.51950836
6779,1.2998753,0.0,0.3474217,5.372588,0.008983402,0.0,0.015873894,0.5195078
6780,0.37409258,0.0,0.24475516,5.372591,0.008969148,0.0,0.015783548,0.5195071
6781,0.46393806,0.0,0.2679406,5.372594,0.008259616,0.0,0.014679822,0.51950693
6782,0.37431517,0.0,0.14637823,5.3725953,0.006643935,0.0,0.018442892,0.519507
6783,0.23918816,0.0,0.15259203,5.372597,0.00850978,0.0,0.015706439,0.5195073
6784,0.38629913,0.0,0.14186163,5.3726006,0.00795276,0.0,0.0130075505,0.5195076
6785,0.63817126,0.0,0.17367703,5.3726025,0.009699503,0.0,0.013811095,0.5195082
6786,0.3952784,0.0,0.12653069,5.372604,0.0086029535,0.0,0.015778657,0.5195087
6787,0.37613082,0.0,0.27453735,5.3726053,0.011028777,0.0,0.018212298,0.5195092
6788,1.0381428,0.0,0.26759487,5.3726077,0.008860679,0.0,0.01701041,0.51950943
6789,0.39298755,0.0,0.34617445,5.3726077,0.010155295,0.0,0.017070023,0.51951003
6790,0.3280318,0.0,0.13916737,5.3726134,0.00765839,0.0,0.017705476,0.51951057
6791,0.61573577,0.0,0.16792235,5.3726177,0.008135854,0.0,0.013960309,0.5195113
6792,0.34160098,0.0,0.2999245,5.3726225,0.008171732,0.0,0.013207553,0.5195121
6793,0.446474,0.0,0.5538151,5.3726263,0.010343162,0.0,0.017962156,0.5195133
6794,0.2714566,0.0,0.30359417,5.3726315,0.010498826,0.0,0.015994083,0.5195144
6795,0.4224239,0.0,0.25577557,5.3726363,0.0066174464,0.0,0.017058127,0.5195155
6796,0.40129185,0.0,0.13037756,5.372639,0.009550776,0.0,0.017640302,0.5195162
6797,0.35618073,0.0,0.6257622,5.372641,0.009737483,0.0,0.014144434,0.5195165
6798,0.3997986,0.0,0.20305248,5.372637,0.0077791517,0.0,0.017526096,0.5195164
6799,0.23600504,0.0,0.17179985,5.372632,0.008287096,0.0,0.015379657,0.5195169
6800,0.3694798,0.0,0.1323816,5.372629,0.009328459,0.0,0.014576998,0.51951724
6801,0.7066061,0.0,0.23571528,5.3726263,0.009219381,0.0,0.016402958,0.51951736
6802,0.3065246,0.0,0.24126671,5.372624,0.00828036,0.0,0.014295772,0.51951706
6803,0.33349866,0.0,0.16846776,5.3726196,0.009327446,0.0,0.0153087275,0.519517
6804,0.8706642,0.0,0.17056327,5.372617,0.010308145,0.0,0.016877308,0.51951647
6805,0.2951933,0.0,0.1738995,5.3726125,0.01016956,0.0,0.01888913,0.5195157
6806,0.6426752,0.0,0.17746554,5.372609,0.0087128095,0.0,0.014177398,0.5195154
6807,0.30390048,0.0,0.1375621,5.3726053,0.010358146,0.0,0.016396046,0.51951516
6808,0.32179314,0.0,0.17908153,5.3726025,0.009455621,0.0,0.015834015,0.5195153
6809,0.2748218,0.0,0.15453789,5.372598,0.010321094,0.0,0.012750701,0.51951563
6810,0.37337542,0.0,0.37066403,5.372594,0.008960831,0.0,0.014400167,0.51951563
6811,0.58933336,0.0,0.16005532,5.3725877,0.008231357,0.0,0.013898666,0.51951575
6812,0.42189872,0.0,0.1186473,5.372583,0.010418507,0.0,0.0129290195,0.5195161
6813,0.6053453,0.0,0.38573503,5.372577,0.008227808,0.0,0.01591508,0.51951647
6814,0.3407349,0.0,0.199139,5.3725705,0.009091582,0.0,0.01620242,0.5195165
6815,1.0308489,0.0,0.16318959,5.372566,0.008737151,0.0,0.015741922,0.5195164
6816,0.28586152,0.0,0.25861332,5.372562,0.009614551,0.0,0.013221043,0.5195159
6817,0.28920004,0.0,0.31341964,5.372557,0.009846488,0.0,0.016435495,0.5195154
6818,0.5627218,0.0,0.30191717,5.3725514,0.0097666215,0.0,0.014237918,0.51951474
6819,0.33830935,0.0,0.2053684,5.3725457,0.010414789,0.0,0.018427536,0.5195139
6820,0.41909003,0.0,0.23652357,5.3725395,0.007669546,0.0,0.014778119,0.51951313
6821,0.64692354,0.0,0.20460604,5.372532,0.009014389,0.0,0.014228822,0.5195127
6822,0.2166475,0.0,0.31062272,5.3725276,0.01262479,0.0,0.01665539,0.51951236
6823,0.2010578,0.0,0.19018033,5.372526,0.010086429,0.0,0.01626785,0.5195118
6824,0.8567634,0.0,0.22185218,5.3725243,0.009833827,0.0,0.016600993,0.51951176
6825,0.58806336,0.0,0.13998,5.3725214,0.009892336,0.0,0.014336388,0.5195114
6826,0.58644927,0.0,0.3513873,5.372521,0.010443383,0.0,0.014133936,0.5195115
6827,0.4733273,0.0,0.17736,5.3725214,0.009314744,0.0,0.015231097,0.5195119
6828,0.2862897,0.0,0.22226699,5.3725214,0.009792771,0.0,0.01992762,0.5195118
6829,0.17021328,0.0,0.2127476,5.372521,0.009808049,0.0,0.016730798,0.5195119
6830,0.85247654,0.0,0.2396681,5.372521,0.007725373,0.0,0.013750675,0.5195122
6831,0.54634184,0.0,0.15473458,5.372521,0.009169874,0.0,0.0145192845,0.5195122
6832,0.46192232,0.0,0.23444921,5.3725204,0.00845119,0.0,0.015202388,0.5195122
6833,0.23088194,0.0,0.14888541,5.372521,0.0083756335,0.0,0.012849899,0.51951206
6834,0.51481736,0.0,0.14150718,5.372521,0.007693956,0.0,0.012435657,0.5195117
6835,0.3441554,0.0,0.2454917,5.37252,0.008677971,0.0,0.013702044,0.5195113
6836,0.39293078,0.0,0.23460662,5.37252,0.0069857882,0.0,0.013015575,0.51951057
6837,0.52264875,0.0,0.2528437,5.372521,0.011048805,0.0,0.015778843,0.5195104
6838,0.34057868,0.0,0.18050952,5.372522,0.007792082,0.0,0.013979202,0.5195103
6839,0.3312005,0.0,0.19767131,5.372522,0.0099852495,0.0,0.01491432,0.5195104
6840,0.21147881,0.0,0.21887991,5.3725214,0.00987722,0.0,0.016897444,0.51950985
6841,0.3003036,0.0,0.2579058,5.372521,0.009855571,0.0,0.015026257,0.51951
6842,0.36580172,0.0,0.22399135,5.3725224,0.0083396165,0.0,0.015199626,0.51950985
6843,0.5234571,0.0,0.18845013,5.372525,0.010453169,0.0,0.014475224,0.51950955
6844,0.5493105,0.0,0.17487477,5.3725286,0.0094946455,0.0,0.01760146,0.5195094
6845,0.2681132,0.0,0.28215566,5.3725333,0.008197252,0.0,0.016639031,0.5195093
6846,0.35472146,0.0,0.18105242,5.3725367,0.0075015747,0.0,0.016075268,0.5195098
6847,0.26319128,0.0,0.32863814,5.372538,0.008278614,0.0,0.0155064985,0.51951003
6848,0.2027635,0.0,0.2079858,5.372544,0.008963074,0.0,0.018059319,0.51951045
6849,0.38088995,0.0,0.27984068,5.372549,0.009531026,0.0,0.015792662,0.51951057
6850,0.5418976,0.0,0.3344432,5.372551,0.009514313,0.0,0.015167838,0.5195108
6851,0.30244702,0.0,0.17631567,5.37255,0.0083672805,0.0,0.016765788,0.5195108
6852,0.4985629,0.0,0.4791235,5.37255,0.010169661,0.0,0.014176864,0.5195111
6853,0.24889125,0.0,0.19908375,5.372547,0.009102715,0.0,0.019257188,0.51951116
6854,0.18557048,0.0,0.26060417,5.3725433,0.009548571,0.0,0.015595876,0.5195122
6855,0.29552397,0.0,0.1512848,5.3725414,0.01046249,0.0,0.013451103,0.51951313
6856,0.4644056,0.0,0.35454103,5.372537,0.009841866,0.0,0.013090272,0.51951385
6857,0.4482214,0.0,0.2100459,5.372537,0.0069540003,0.0,0.016994186,0.51951456
6858,0.5460303,0.0,0.2260117,5.3725395,0.009818867,0.0,0.013900752,0.5195151
6859,0.3108031,0.0,0.33016905,5.3725452,0.008864518,0.0,0.016473694,0.519516
6860,0.7388203,0.0,0.24717978,5.372553,0.00840307,0.0,0.014826846,0.51951706
6861,0.8054591,0.0,0.14923778,5.3725576,0.012044365,0.0,0.0150842825,0.5195178
6862,0.24672426,0.0,0.20946161,5.3725624,0.009392897,0.0,0.01360522,0.51951855
6863,0.37277764,0.0,0.2644008,5.372566,0.009430483,0.0,0.0154542085,0.51951915
6864,0.25595838,0.0,0.26324567,5.3725696,0.012823743,0.0,0.018034432,0.5195195
6865,0.4335864,0.0,0.16572429,5.372573,0.011116156,0.0,0.0134647945,0.51951927
6866,0.43861157,0.0,0.24592315,5.3725734,0.008681502,0.0,0.015930561,0.519519
6867,0.3667281,0.0,0.23536243,5.372572,0.008361699,0.0,0.013736857,0.5195185
6868,0.37658593,0.0,0.19935447,5.3725705,0.00857173,0.0,0.013911235,0.5195181
6869,0.7776678,0.0,0.2577464,5.372569,0.012114528,0.0,0.013136723,0.5195174
6870,0.36204666,0.0,0.20699851,5.3725677,0.011991629,0.0,0.01642734,0.5195171
6871,0.34598413,0.0,0.21490063,5.372565,0.010401468,0.0,0.015703289,0.5195166
6872,0.43005475,0.0,0.2298586,5.372563,0.010020836,0.0,0.013372058,0.51951593
6873,0.32126188,0.0,0.17729001,5.37256,0.0072306558,0.0,0.014339068,0.5195151
6874,0.31332773,0.0,0.24770837,5.372557,0.0089082625,0.0,0.017732743,0.51951474
6875,0.61980855,0.0,0.15863922,5.372556,0.011191246,0.0,0.014009851,0.519515
6876,0.2779662,0.0,0.11286661,5.372555,0.009838154,0.0,0.014197929,0.519516
6877,0.21196103,0.0,0.19735855,5.3725524,0.0075247614,0.0,0.0148857925,0.5195168
6878,0.57135326,0.0,0.19787386,5.372551,0.010643332,0.0,0.014991,0.51951766
6879,0.4714277,0.0,0.26273945,5.372549,0.006524948,0.0,0.01939698,0.51951855
6880,0.40120673,0.0,0.18251847,5.3725476,0.00937904,0.0,0.016055468,0.5195203
6881,0.7952059,0.0,0.28208753,5.372547,0.008664703,0.0,0.013387633,0.51952195
6882,0.37690946,0.0,0.21828228,5.3725467,0.010869863,0.0,0.015626397,0.5195238
6883,0.23436472,0.0,0.25481868,5.372548,0.00973996,0.0,0.014611529,0.51952505
6884,0.36403623,0.0,0.1282389,5.37255,0.008906317,0.0,0.016847013,0.51952606
6885,0.36339778,0.0,0.12835614,5.3725524,0.009032911,0.0,0.017240645,0.51952714
6886,0.22510232,0.0,0.27419916,5.3725533,0.011271813,0.0,0.014824864,0.5195282
6887,0.1900029,0.0,0.2366497,5.3725533,0.007962433,0.0,0.013619063,0.51952946
6888,0.43998346,0.0,0.15648496,5.3725514,0.008086129,0.0,0.013880477,0.5195306
6889,0.8821044,0.0,0.22625886,5.3725505,0.009947954,0.0,0.013002771,0.5195313
6890,0.41236672,0.0,0.27230152,5.372547,0.009906461,0.0,0.017246163,0.5195321
6891,0.56020766,0.0,0.200983,5.372547,0.0095784385,0.0,0.016038265,0.5195325
6892,0.4474627,0.0,0.20272554,5.372548,0.007875206,0.0,0.01845644,0.5195329
6893,0.45900917,0.0,0.22407733,5.372549,0.00960826,0.0,0.015909266,0.51953346
6894,0.9984413,0.0,0.10391653,5.3725486,0.010182671,0.0,0.016087716,0.5195337
6895,0.4879605,0.0,0.15053461,5.372548,0.009541529,0.0,0.015525082,0.5195338
6896,0.34420782,0.0,0.18222761,5.372546,0.0102205835,0.0,0.016951684,0.51953405
6897,0.3904212,0.0,0.22348844,5.3725433,0.0079986695,0.0,0.015545083,0.519534
6898,0.39846262,0.0,0.13498048,5.372541,0.010680856,0.0,0.014931635,0.5195343
6899,0.4477721,0.0,0.21598443,5.3725395,0.009781558,0.0,0.017095415,0.5195345
6900,0.22767483,0.0,0.16314277,5.3725386,0.009740834,0.0,0.015726775,0.5195347
6901,0.39626345,0.0,0.26389328,5.372537,0.009454344,0.0,0.013244457,0.51953465
6902,0.19519089,0.0,0.22197168,5.3725376,0.008535775,0.0,0.015550631,0.51953435
6903,0.62285215,0.0,0.37471884,5.372538,0.009061366,0.0,0.014676878,0.51953423
6904,0.45568103,0.0,0.17589085,5.372536,0.009752053,0.0,0.017957933,0.51953435
6905,0.43410715,0.0,0.23434134,5.372535,0.012181715,0.0,0.0137908915,0.5195344
6906,0.41958535,0.0,0.13074875,5.372533,0.009355905,0.0,0.018501874,0.51953465
6907,0.5750738,0.0,0.19765563,5.37253,0.010796424,0.0,0.015213609,0.5195348
6908,0.45798036,0.0,0.13859229,5.3725276,0.0092203645,0.0,0.01498893,0.5195345
6909,0.2429089,0.0,0.25593793,5.3725257,0.009035592,0.0,0.017220905,0.5195346
6910,0.3102773,0.0,0.13046008,5.3725214,0.008868072,0.0,0.020281162,0.5195344
6911,0.32385412,0.0,0.23784415,5.3725166,0.008403869,0.0,0.01715691,0.5195346
6912,0.26165476,0.0,0.45189393,5.3725114,0.009029157,0.0,0.017309807,0.5195345
6913,0.7220658,0.0,0.13009506,5.3725066,0.008081625,0.0,0.014174243,0.51953495
6914,0.55333066,0.0,0.13203779,5.3725033,0.010081957,0.0,0.017585637,0.51953506
6915,0.2362248,0.0,0.19443543,5.372501,0.009505266,0.0,0.012110616,0.51953554
6916,0.5498109,0.0,0.17684282,5.372499,0.008509411,0.0,0.016322128,0.51953596
6917,0.7208576,0.0,0.16774462,5.372498,0.010647449,0.0,0.014748094,0.51953614
6918,0.34718484,0.0,0.21239132,5.372495,0.009565387,0.0,0.017331578,0.5195367
6919,0.33345348,0.0,0.29552165,5.37249,0.008810956,0.0,0.012223507,0.5195367
6920,0.39875504,0.0,0.21189475,5.3724847,0.008942192,0.0,0.014674757,0.5195367
6921,0.3599837,0.0,0.1997602,5.372479,0.009796152,0.0,0.017194372,0.5195366
6922,0.72011673,0.0,0.24710706,5.3724747,0.010137531,0.0,0.017101351,0.5195367
6923,0.34083307,0.0,0.18857628,5.372471,0.009428691,0.0,0.015468453,0.51953685
6924,0.39142203,0.0,0.18557385,5.372467,0.007756587,0.0,0.01868026,0.51953685
6925,0.6949323,0.0,0.13673925,5.3724637,0.008862217,0.0,0.013661154,0.5195368
6926,0.23460239,0.0,0.19102095,5.3724604,0.009527851,0.0,0.012294072,0.51953673
6927,0.32377875,0.0,0.20204765,5.3724575,0.0084695,0.0,0.012020711,0.51953655
6928,0.5772654,0.0,0.3876338,5.3724546,0.00871112,0.0,0.014879216,0.51953584
6929,0.39038983,0.0,0.21354716,5.3724527,0.009347988,0.0,0.014336552,0.5195352
6930,0.2042736,0.0,0.28314117,5.3724523,0.008621108,0.0,0.012617878,0.5195345
6931,0.19296815,0.0,0.14945395,5.372451,0.010781864,0.0,0.01475344,0.5195339
6932,0.632016,0.0,0.13963707,5.372449,0.00904395,0.0,0.015099238,0.5195333
6933,0.23239078,0.0,0.27273548,5.3724484,0.009227138,0.0,0.015988212,0.51953274
6934,0.48179308,0.0,0.17765099,5.372447,0.008564412,0.0,0.014893411,0.51953214
6935,0.38496035,0.0,0.15941851,5.3724446,0.010159897,0.0,0.013772846,0.51953155
6936,0.48445585,0.0,0.22770086,5.372445,0.009338341,0.0,0.016116565,0.5195309
6937,0.39129424,0.0,0.17910475,5.372446,0.009778097,0.0,0.015634129,0.5195308
6938,0.65579236,0.0,0.17886436,5.372446,0.009122357,0.0,0.01755575,0.519531
6939,0.5938195,0.0,0.32513312,5.372447,0.009763873,0.0,0.014416646,0.51953083
6940,0.48322845,0.0,0.15057962,5.372449,0.009739851,0.0,0.014167817,0.51953065
6941,0.5316586,0.0,0.13878588,5.3724523,0.0086798435,0.0,0.015173574,0.5195306
6942,0.4107723,0.0,0.21044877,5.372454,0.010415316,0.0,0.014669494,0.51953036
6943,0.6344333,0.0,0.19388352,5.372456,0.008736103,0.0,0.015103088,0.5195302
6944,0.45375606,0.0,0.29560822,5.372456,0.009125084,0.0,0.016446605,0.5195298
6945,0.44880164,0.0,0.14538977,5.3724527,0.009788399,0.0,0.017610883,0.51952946
6946,0.36779457,0.0,0.19104618,5.3724513,0.010381291,0.0,0.014115926,0.5195289
6947,0.51749337,0.0,0.3481778,5.3724494,0.00899029,0.0,0.017470427,0.5195283
6948,0.40248367,0.0,0.2882159,5.372447,0.0095208995,0.0,0.014497042,0.51952744
6949,0.2532427,0.0,0.17637147,5.3724446,0.008969774,0.0,0.016602166,0.5195265
6950,0.28409448,0.0,0.31878763,5.3724437,0.009090177,0.0,0.015013212,0.5195253
6951,0.36325505,0.0,0.12755114,5.372443,0.0092331795,0.0,0.015583066,0.5195239
6952,0.89263165,0.0,0.29437116,5.3724437,0.0072265295,0.0,0.014547329,0.5195226
6953,0.33777136,0.0,0.18817104,5.372444,0.009727882,0.0,0.01556826,0.5195214
6954,0.32055935,0.0,0.23359917,5.3724437,0.010132903,0.0,0.014197702,0.51952
6955,0.47321877,0.0,0.28074068,5.372442,0.00784593,0.0,0.013508284,0.51951903
6956,0.39185682,0.0,0.21484056,5.372442,0.009277772,0.0,0.01402919,0.519518
6957,0.442763,0.0,0.2950801,5.372441,0.0101633705,0.0,0.016686229,0.51951694
6958,0.29222023,0.0,0.27921954,5.3724394,0.007259419,0.0,0.014491314,0.51951563
6959,0.28885403,0.0,0.2525817,5.37244,0.007444585,0.0,0.013373351,0.51951426
6960,0.23693177,0.0,0.30741975,5.3724384,0.007952378,0.0,0.013893891,0.519513
6961,0.53768784,0.0,0.28819716,5.372437,0.009695938,0.0,0.016617185,0.51951194
6962,0.4705556,0.0,0.2669261,5.372437,0.008801189,0.0,0.015520882,0.5195105
6963,0.36635998,0.0,0.29979295,5.372438,0.0094807185,0.0,0.014998572,0.51950955
6964,0.31542066,0.0,0.16917971,5.372439,0.010649728,0.0,0.014995749,0.51950854
6965,0.5669282,0.0,0.19780053,5.372439,0.010356046,0.0,0.016890783,0.51950806
6966,0.24307732,0.0,0.14108738,5.372441,0.010869859,0.0,0.014902828,0.51950717
6967,0.41383538,0.0,0.117051914,5.3724427,0.009253866,0.0,0.016708754,0.51950645
6968,0.31367204,0.0,0.19427745,5.3724437,0.006190865,0.0,0.013115478,0.5195057
6969,0.3945869,0.0,0.38233906,5.372445,0.009019627,0.0,0.014542836,0.5195048
6970,0.30593818,0.0,0.20078635,5.372444,0.009990975,0.0,0.0127563365,0.5195039
6971,0.30275467,0.0,0.21534622,5.372444,0.010443119,0.0,0.013795057,0.51950324
6972,0.3218186,0.0,0.22303486,5.3724437,0.009112685,0.0,0.01748905,0.5195025
6973,0.23812568,0.0,0.13724378,5.372443,0.009423086,0.0,0.018489204,0.5195016
6974,0.36904046,0.0,0.18050092,5.372443,0.00759588,0.0,0.012962544,0.5195009
6975,0.19957481,0.0,0.30278102,5.372443,0.0078957565,0.0,0.016471434,0.5194998
6976,0.45671692,0.0,0.22247747,5.372444,0.00902984,0.0,0.015517925,0.5194989
6977,0.61436903,0.0,0.19393279,5.3724456,0.009464909,0.0,0.013825727,0.51949805
6978,0.7467297,0.0,0.24859972,5.3724475,0.008847716,0.0,0.016121838,0.51949716
6979,0.3446108,0.0,0.22218043,5.3724504,0.007743149,0.0,0.011529163,0.5194959
6980,0.8413016,0.0,0.26791605,5.372453,0.009157522,0.0,0.01820845,0.5194948
6981,0.19666402,0.0,0.13370503,5.372457,0.0083990935,0.0,0.0155003965,0.5194941
6982,0.5590082,0.0,0.29570326,5.37246,0.008309031,0.0,0.01396075,0.51949346
6983,0.47782093,0.0,0.48948166,5.372462,0.011553458,0.0,0.017012183,0.51949275
6984,0.3240667,0.0,0.29624867,5.372465,0.007787597,0.0,0.015936704,0.5194917
6985,0.28053653,0.0,0.2314712,5.37247,0.0077357506,0.0,0.012916831,0.5194913
6986,0.61007726,0.0,0.30100474,5.3724732,0.008742803,0.0,0.01681258,0.5194908
6987,1.0868706,0.0,0.32060927,5.372477,0.0090309875,0.0,0.012799234,0.5194904
6988,0.5680493,0.0,0.16596173,5.37248,0.009733811,0.0,0.015341919,0.51948977
6989,0.58286935,0.0,0.18571544,5.372482,0.008624333,0.0,0.013371583,0.519489
6990,0.5664694,0.0,0.14737467,5.3724847,0.010033915,0.0,0.015273799,0.5194883
6991,0.41441387,0.0,0.33145458,5.3724866,0.009185789,0.0,0.016450977,0.5194877
6992,0.2977086,0.0,0.17071328,5.3724885,0.008423019,0.0,0.014571116,0.51948696
6993,0.5624627,0.0,0.14531448,5.37249,0.008637343,0.0,0.0140531175,0.51948625
6994,0.37936196,0.0,0.22984488,5.372492,0.008894836,0.0,0.017235259,0.5194858
6995,0.34191498,0.0,0.12867168,5.372495,0.007618798,0.0,0.015855556,0.51948494
6996,0.36427465,0.0,0.18961892,5.372497,0.007413245,0.0,0.01461031,0.5194841
6997,0.6733195,0.0,0.27070868,5.3724976,0.010141909,0.0,0.017703686,0.5194837
6998,0.4014804,0.0,0.21319643,5.372498,0.008624276,0.0,0.015358359,0.5194832
6999,0.21030453,0.0,0.19706705,5.3724995,0.010886173,0.0,0.0151714925,0.51948273
7000,0.9169826,0.0,0.2920323,5.372501,0.009039277,0.0,0.016118282,0.51948225
7001,0.27410766,0.0,0.27211374,5.3725,0.009909949,0.0,0.015734972,0.51948166
7002,0.37308875,0.0,0.17015064,5.3724985,0.008845935,0.0,0.01350919,0.51948094
7003,0.90991414,0.0,0.26815808,5.3724976,0.010702214,0.0,0.014061438,0.5194801
7004,0.38871947,0.0,0.18772748,5.3724966,0.009999886,0.0,0.01476222,0.5194794
7005,0.2818566,0.0,0.28654617,5.3724995,0.0089733545,0.0,0.014258591,0.519479
7006,1.0356718,0.0,0.29256484,5.3725004,0.010371426,0.0,0.017725542,0.5194787
7007,0.46943352,0.0,0.14876486,5.372502,0.009432742,0.0,0.015262987,0.5194783
7008,0.35072392,0.0,0.24422656,5.3725033,0.009214734,0.0,0.014269931,0.51947796
7009,0.73672485,0.0,0.34386763,5.3725033,0.009857321,0.0,0.019443048,0.51947737
7010,0.34102556,0.0,0.24764961,5.372506,0.007897822,0.0,0.014164989,0.51947725
7011,0.22765233,0.0,0.27400947,5.37251,0.011359258,0.0,0.013377287,0.5194771
7012,0.3279863,0.0,0.1370628,5.372514,0.010036904,0.0,0.012372879,0.5194767
7013,0.5666313,0.0,0.3401761,5.3725176,0.009639774,0.0,0.013343946,0.51947623
7014,0.28668204,0.0,0.16542841,5.3725214,0.007857431,0.0,0.012825689,0.5194758
7015,0.31321287,0.0,0.27512062,5.372523,0.009492529,0.0,0.01693238,0.51947546
7016,0.7068151,0.0,0.21123248,5.3725266,0.010490326,0.0,0.015951935,0.51947516
7017,0.6570078,0.0,0.3742291,5.372531,0.008100663,0.0,0.019061971,0.51947504
7018,0.23279013,0.0,0.19204924,5.3725324,0.009588897,0.0,0.014574801,0.51947516
7019,0.38046303,0.0,0.24625099,5.372535,0.009302227,0.0,0.013141688,0.51947564
7020,0.37471095,0.0,0.21332818,5.3725376,0.009029214,0.0,0.018530961,0.5194758
7021,0.40639105,0.0,0.29818514,5.3725405,0.0098273195,0.0,0.017053274,0.51947546
7022,0.2640944,0.0,0.14881893,5.372543,0.00795156,0.0,0.015941385,0.51947576
7023,0.5221126,0.0,0.13066123,5.372545,0.009220967,0.0,0.015212335,0.5194759
7024,0.4659943,0.0,0.22070503,5.3725457,0.00753354,0.0,0.016275963,0.5194757
7025,0.73387265,0.0,0.15100077,5.372547,0.00903866,0.0,0.016832087,0.5194756
7026,0.31542322,0.0,0.26554498,5.372548,0.009378246,0.0,0.015554179,0.51947576
7027,0.21646875,0.0,0.16993599,5.372554,0.0075074686,0.0,0.016789014,0.5194757
7028,0.34329394,0.0,0.25039998,5.372559,0.009668078,0.0,0.01740144,0.51947564
7029,0.20724864,0.0,0.38540915,5.372564,0.008639151,0.0,0.017483598,0.5194757
7030,0.36579415,0.0,0.21330567,5.372569,0.009310663,0.0,0.014381322,0.5194761
7031,0.51751673,0.0,0.14023723,5.372573,0.008335638,0.0,0.014045094,0.51947623
7032,0.6016309,0.0,0.24815787,5.372576,0.008355355,0.0,0.014040709,0.5194761
7033,0.4277493,0.0,0.17776468,5.372581,0.0072889947,0.0,0.016177041,0.5194761
7034,0.26146588,0.0,0.13299759,5.3725843,0.008063814,0.0,0.013768231,0.5194762
7035,0.30681372,0.0,0.18774144,5.372587,0.01145093,0.0,0.016759617,0.51947606
7036,0.2655812,0.0,0.21430863,5.372591,0.0093822675,0.0,0.014950292,0.519476
7037,0.25000134,0.0,0.22166252,5.372595,0.007904502,0.0,0.015807016,0.51947606
7038,0.4266142,0.0,0.46739978,5.372597,0.010278634,0.0,0.01498797,0.519476
7039,0.31786218,0.0,0.21827014,5.3726044,0.008031208,0.0,0.01674415,0.5194762
7040,0.46236026,0.0,0.2195582,5.37261,0.009056631,0.0,0.012577815,0.5194762
7041,0.28032145,0.0,0.16590106,5.3726153,0.009391518,0.0,0.01591986,0.519476
7042,0.7552801,0.0,0.24224979,5.3726196,0.01031189,0.0,0.016414534,0.519477
7043,0.97150856,0.0,0.14318863,5.372625,0.0076687234,0.0,0.017021716,0.5194783
7044,0.3541696,0.0,0.13890347,5.372629,0.008550739,0.0,0.012722769,0.51947975
7045,0.3366069,0.0,0.30083606,5.3726325,0.0073024654,0.0,0.015895037,0.5194809
7046,0.23744747,0.0,0.1584985,5.372631,0.0102195535,0.0,0.014026363,0.5194821
7047,0.9206928,0.0,0.22375171,5.3726306,0.0093151815,0.0,0.014511656,0.5194833
7048,0.8791594,0.0,0.2601494,5.3726306,0.011287449,0.0,0.013822454,0.5194851
7049,0.2139288,0.0,0.2737353,5.3726296,0.007920474,0.0,0.013767513,0.5194866
7050,0.3340751,0.0,0.32453904,5.3726296,0.01068498,0.0,0.016822262,0.519488
7051,0.4814261,0.0,0.22337976,5.37263,0.007523043,0.0,0.012346844,0.519489
7052,0.25087786,0.0,0.2037553,5.3726277,0.007804051,0.0,0.017312288,0.51949024
7053,0.37013236,0.0,0.30730358,5.372627,0.00945093,0.0,0.01679655,0.51949114
7054,0.22679693,0.0,0.16007434,5.3726244,0.00781678,0.0,0.016844446,0.519492
7055,0.79298496,0.0,0.21456172,5.3726215,0.00924867,0.0,0.016019315,0.51949257
7056,0.9916252,0.0,0.2612323,5.372621,0.0069895275,0.0,0.015786884,0.51949364
7057,0.3435389,0.0,0.11960863,5.3726225,0.00816301,0.0,0.015339052,0.51949424
7058,0.33636504,0.0,0.20356539,5.3726215,0.008640331,0.0,0.015349152,0.51949465
7059,0.20532724,0.0,0.21219288,5.3726225,0.010426496,0.0,0.016373806,0.5194948
7060,0.3070423,0.0,0.24540131,5.372624,0.010274125,0.0,0.017329825,0.51949483
7061,0.6468214,0.0,0.12708707,5.372625,0.007966719,0.0,0.0134375105,0.51949483
7062,0.28343314,0.0,0.21677184,5.3726244,0.00976112,0.0,0.014309563,0.5194953
7063,0.4613038,0.0,0.11904408,5.372623,0.0077384636,0.0,0.015868401,0.51949555
7064,0.27592096,0.0,0.24302237,5.372622,0.008120332,0.0,0.014752877,0.51949567
7065,0.42003822,0.0,0.20153034,5.3726215,0.008629907,0.0,0.016868059,0.51949584
7066,0.52346134,0.0,0.16746445,5.3726215,0.010292424,0.0,0.015648525,0.5194959
7067,0.30176455,0.0,0.1453826,5.372622,0.010431497,0.0,0.017629437,0.51949584
7068,0.26153788,0.0,0.23922484,5.372622,0.010400608,0.0,0.014623558,0.519496
7069,0.28124568,0.0,0.22264543,5.372621,0.009325698,0.0,0.016130846,0.5194963
7070,0.3409335,0.0,0.2266453,5.3726206,0.0076158275,0.0,0.017830668,0.51949596
7071,0.5107121,0.0,0.15578774,5.37262,0.009774416,0.0,0.0153267775,0.51949596
7072,0.29330674,0.0,0.23848149,5.372621,0.009098041,0.0,0.019375844,0.5194962
7073,0.40806687,0.0,0.27208605,5.372621,0.010051562,0.0,0.013119657,0.5194962
7074,0.88275564,0.0,0.1881797,5.372623,0.00846713,0.0,0.012523164,0.5194962
7075,0.23930345,0.0,0.18205124,5.3726234,0.0077654608,0.0,0.015251697,0.5194962
7076,0.26452717,0.0,0.2981493,5.372625,0.00920553,0.0,0.013932059,0.5194965
7077,0.5642731,0.0,0.21832104,5.3726244,0.007529491,0.0,0.014924495,0.51949686
7078,0.4344812,0.0,0.29781425,5.3726234,0.009175789,0.0,0.01640254,0.5194974
7079,0.62779367,0.0,0.21855882,5.372621,0.009065026,0.0,0.013800157,0.5194982
7080,0.38787574,0.0,0.26939598,5.3726196,0.008060466,0.0,0.014985506,0.5194986
7081,0.80174756,0.0,0.1545247,5.3726172,0.006938894,0.0,0.013140057,0.5194991
7082,0.4610159,0.0,0.1351473,5.3726144,0.009777797,0.0,0.017239567,0.51949954
7083,0.5542708,0.0,0.15175264,5.372612,0.009286772,0.0,0.016058415,0.5195004
7084,0.43097487,0.0,0.18273035,5.3726106,0.010766519,0.0,0.016966632,0.51950175
7085,1.1825985,0.0,0.30710068,5.3726087,0.009123574,0.0,0.0149502335,0.51950276
7086,0.32764205,0.0,0.18454987,5.3726068,0.0093001155,0.0,0.014045167,0.5195036
7087,0.39224207,0.0,0.19254106,5.372604,0.009427275,0.0,0.013825783,0.51950425
7088,0.59323376,0.0,0.12285932,5.3726015,0.008125138,0.0,0.014169918,0.5195051
7089,0.7580717,0.0,0.22128703,5.3725996,0.009677626,0.0,0.0147034405,0.5195058
7090,0.670423,0.0,0.2874149,5.372598,0.009975496,0.0,0.013348344,0.5195067
7091,0.25427902,0.0,0.18098813,5.372596,0.01130632,0.0,0.015800295,0.51950747
7092,0.40546253,0.0,0.24251498,5.372593,0.010026711,0.0,0.015565711,0.5195087
7093,0.9903863,0.0,0.17397039,5.3725934,0.008860685,0.0,0.015779478,0.51950985
7094,0.50562847,0.0,0.1640928,5.372593,0.0086272545,0.0,0.013835257,0.51951075
7095,0.61639416,0.0,0.21894516,5.372594,0.008590071,0.0,0.0108874,0.51951164
7096,0.33461195,0.0,0.1246682,5.3725953,0.007872574,0.0,0.013846155,0.5195123
7097,0.24201795,0.0,0.13839106,5.3725967,0.008137434,0.0,0.015116479,0.51951283
7098,0.8113201,0.0,0.31194103,5.372599,0.008401506,0.0,0.013117354,0.51951325
7099,0.6676769,0.0,0.1047447,5.3726034,0.00885339,0.0,0.015760154,0.5195136
7100,0.26403034,0.0,0.15107228,5.3726068,0.010116669,0.0,0.014405528,0.5195134
7101,0.33168986,0.0,0.12942044,5.3726096,0.010299321,0.0,0.014959831,0.5195131
7102,0.7650282,0.0,0.120208144,5.372613,0.009917842,0.0,0.012841676,0.51951313
7103,0.3313645,0.0,0.31775427,5.3726153,0.009658388,0.0,0.015163393,0.51951283
7104,0.26458618,0.0,0.19880441,5.372621,0.011326274,0.0,0.016946618,0.5195127
7105,0.27292302,0.0,0.10891996,5.372626,0.00818472,0.0,0.016059685,0.5195126
7106,0.6287947,0.0,0.117678314,5.3726306,0.008958574,0.0,0.016359666,0.51951265
7107,0.25270426,0.0,0.21791992,5.372634,0.00830918,0.0,0.014945183,0.5195125
7108,0.50847816,0.0,0.1742597,5.3726363,0.008851296,0.0,0.013953341,0.5195125
7109,0.54145586,0.0,0.18033059,5.3726387,0.0084458515,0.0,0.013130402,0.5195122
7110,0.4595019,0.0,0.45801678,5.3726406,0.009753801,0.0,0.013616028,0.5195116
7111,0.30850872,0.0,0.14516242,5.372646,0.008841636,0.0,0.015198702,0.51951116
7112,0.3523482,0.0,0.21529642,5.3726497,0.0071289623,0.0,0.015062459,0.51951045
7113,0.44701797,0.0,0.19880465,5.372653,0.009339359,0.0,0.0151735125,0.5195097
7114,0.29730925,0.0,0.17457786,5.372658,0.008465476,0.0,0.015542816,0.5195088
7115,0.37365448,0.0,0.29184046,5.372662,0.0117813265,0.0,0.017341254,0.5195079
7116,0.34788015,0.0,0.16358607,5.3726673,0.010766453,0.0,0.014653505,0.519507
7117,0.5019313,0.0,0.26388997,5.37267,0.010356231,0.0,0.013612671,0.519506
7118,0.4422143,0.0,0.23390174,5.3726735,0.009389881,0.0,0.015524314,0.5195051
7119,0.25538686,0.0,0.14467318,5.3726754,0.008452332,0.0,0.015864387,0.5195044
7120,0.28206205,0.0,0.18042155,5.3726773,0.008225626,0.0,0.018672967,0.51950353
7121,0.2872236,0.0,0.12041768,5.372678,0.009744425,0.0,0.016376551,0.51950276
7122,0.5706875,0.0,0.22272219,5.372678,0.010140529,0.0,0.015686326,0.5195024
7123,0.3258214,0.0,0.21264999,5.3726773,0.009702669,0.0,0.018914763,0.5195021
7124,0.37020007,0.0,0.37399036,5.372678,0.010157732,0.0,0.015037739,0.5195018
7125,0.66502607,0.0,0.21694162,5.3726764,0.009978915,0.0,0.015129337,0.5195019
7126,0.30959398,0.0,0.20121546,5.372676,0.008060543,0.0,0.01208282,0.51950234
7127,0.37687036,0.0,0.22293557,5.3726754,0.0068049654,0.0,0.014717148,0.51950294
7128,0.318905,0.0,0.17750698,5.3726764,0.0078650685,0.0,0.0184046,0.51950324
7129,0.8335938,0.0,0.20444386,5.372677,0.008633658,0.0,0.01477729,0.5195036
7130,0.28617468,0.0,0.1580677,5.3726754,0.010280644,0.0,0.0139987,0.5195044
7131,0.28696904,0.0,0.1917352,5.3726735,0.011085641,0.0,0.01461748,0.5195049
7132,0.24003959,0.0,0.19064075,5.372671,0.009667131,0.0,0.01683344,0.5195055
7133,0.29079306,0.0,0.19284692,5.3726697,0.0093455855,0.0,0.01281548,0.51950574
7134,0.42141223,0.0,0.16108754,5.3726687,0.008338231,0.0,0.016420474,0.5195056
7135,0.7084948,0.0,0.1669715,5.3726654,0.009399717,0.0,0.014994081,0.5195056
7136,0.34126067,0.0,0.3903379,5.3726635,0.007856525,0.0,0.020163683,0.5195053
7137,0.29882494,0.0,0.22167508,5.372665,0.012480315,0.0,0.014626842,0.5195053
7138,0.35100245,0.0,0.38516116,5.372666,0.0066388506,0.0,0.0130672995,0.5195051
7139,0.523018,0.0,0.22793037,5.372666,0.0083986735,0.0,0.013031866,0.51950437
7140,0.41367897,0.0,0.2729453,5.372667,0.008116046,0.0,0.013829502,0.51950336
7141,0.28799158,0.0,0.19745821,5.372668,0.010782258,0.0,0.015112926,0.5195024
7142,0.32395053,0.0,0.15918863,5.372669,0.008094432,0.0,0.013639001,0.51950127
7143,0.2879576,0.0,0.2602332,5.37267,0.0076801707,0.0,0.015345268,0.51950055
7144,0.39901942,0.0,0.21904941,5.3726726,0.0062481114,0.0,0.01565787,0.5194998
7145,0.477161,0.0,0.20826201,5.3726773,0.008641784,0.0,0.015871312,0.51949894
7146,0.36984822,0.0,0.17678276,5.372682,0.009706336,0.0,0.014602775,0.5194986
7147,0.6166838,0.0,0.1404259,5.372687,0.0099197775,0.0,0.01420631,0.5194984
7148,0.3094116,0.0,0.16900906,5.372691,0.008470333,0.0,0.016288012,0.5194986
7149,0.718344,0.0,0.14434311,5.372696,0.008701623,0.0,0.012797596,0.5194985
7150,0.5320759,0.0,0.24109894,5.3726997,0.009939467,0.0,0.015090711,0.51949835
7151,0.5949476,0.0,0.5187665,5.372701,0.009143582,0.0,0.015292695,0.5194975
7152,0.48819065,0.0,0.1559649,5.372704,0.008277838,0.0,0.014072549,0.51949686
7153,0.40491337,0.0,0.21234645,5.3727074,0.009456513,0.0,0.0137372315,0.5194963
7154,0.5279425,0.0,0.22760902,5.3727098,0.008547102,0.0,0.01500514,0.51949567
7155,0.40191987,0.0,0.1158501,5.3727093,0.010615519,0.0,0.015051709,0.51949525
7156,0.16886778,0.0,0.32760492,5.372709,0.008727076,0.0,0.014971452,0.5194952
7157,0.48884052,0.0,0.1931735,5.3727055,0.010856361,0.0,0.01691325,0.5194948
7158,0.38226962,0.0,0.16939896,5.372703,0.0095184045,0.0,0.012733894,0.5194945
7159,0.4171724,0.0,0.19699532,5.3727016,0.0096197,0.0,0.013423475,0.5194944
7160,0.5105055,0.0,0.23651443,5.3726983,0.010939388,0.0,0.014364937,0.5194947
7161,0.41416535,0.0,0.15868275,5.372695,0.0067014634,0.0,0.016448935,0.519495
7162,0.37653765,0.0,0.25483155,5.372692,0.010455181,0.0,0.013315923,0.5194953
7163,0.26856178,0.0,0.2588908,5.37269,0.009286168,0.0,0.014660237,0.51949626
7164,0.44743207,0.0,0.1910625,5.3726897,0.008938036,0.0,0.01533252,0.51949745
7165,0.59694475,0.0,0.3616339,5.3726907,0.009118567,0.0,0.013515973,0.5194985
7166,0.66020644,0.0,0.28118566,5.37269,0.008279115,0.0,0.014216127,0.51949936
7167,0.40812618,0.0,0.17187986,5.3726907,0.008274075,0.0,0.01470163,0.5195002
7168,0.65193546,0.0,0.26979604,5.3726907,0.008114792,0.0,0.018467346,0.51950073
7169,0.3381176,0.0,0.17179576,5.37269,0.008470449,0.0,0.017102737,0.5195012
7170,0.39849153,0.0,0.14212918,5.37269,0.011782018,0.0,0.015753653,0.51950157
7171,0.6309899,0.0,0.15571865,5.372691,0.0097314,0.0,0.017042793,0.5195021
7172,0.2512166,0.0,0.16231488,5.372691,0.010783756,0.0,0.018073436,0.5195025
7173,0.3538462,0.0,0.1899213,5.3726916,0.007883653,0.0,0.014368471,0.51950353
7174,0.34947497,0.0,0.23047733,5.3726916,0.008546791,0.0,0.01345705,0.5195045
7175,0.36352238,0.0,0.1096797,5.3726907,0.010429461,0.0,0.017828431,0.51950514
7176,0.39704946,0.0,0.15835136,5.372689,0.009014709,0.0,0.012111286,0.51950604
7177,0.484441,0.0,0.2627615,5.3726864,0.008461824,0.0,0.013509879,0.51950693
7178,0.38279375,0.0,0.2863544,5.3726883,0.008392744,0.0,0.014511638,0.5195082
7179,0.3285974,0.0,0.15444465,5.372689,0.009028158,0.0,0.016811429,0.5195094
7180,0.4402612,0.0,0.13343953,5.3726883,0.007894328,0.0,0.015327031,0.5195104
7181,0.28348082,0.0,0.1990174,5.372687,0.009723401,0.0,0.012641122,0.51951146
7182,0.40961805,0.0,0.14839537,5.3726864,0.008605405,0.0,0.014971951,0.5195127
7183,0.46774235,0.0,0.12134989,5.372684,0.011092353,0.0,0.014478771,0.5195138
7184,0.3006604,0.0,0.18335338,5.3726816,0.010755758,0.0,0.01713512,0.51951474
7185,0.28007084,0.0,0.2466536,5.372679,0.009752824,0.0,0.017451398,0.5195155
7186,0.28823325,0.0,0.18237472,5.3726773,0.010816809,0.0,0.016558014,0.5195167
7187,0.40633923,0.0,0.20574929,5.3726764,0.0081234295,0.0,0.016245445,0.51951784
7188,0.618185,0.0,0.29332277,5.372675,0.009186688,0.0,0.0124456035,0.5195186
7189,0.34889403,0.0,0.2848226,5.3726735,0.0105877565,0.0,0.014683217,0.5195189
7190,0.4610744,0.0,0.15468691,5.3726707,0.008877468,0.0,0.014127456,0.5195191
7191,0.37955555,0.0,0.14007717,5.37267,0.009889631,0.0,0.019095644,0.5195198
7192,0.32108995,0.0,0.16920273,5.3726687,0.008277838,0.0,0.01606885,0.51952064
7193,0.2561371,0.0,0.32872322,5.3726687,0.010686545,0.0,0.014083082,0.5195215
7194,0.53628904,0.0,0.17602873,5.372669,0.008894735,0.0,0.015049575,0.51952195
7195,0.42979813,0.0,0.36551848,5.372669,0.008307654,0.0,0.014401593,0.51952225
7196,0.28590372,0.0,0.26454362,5.3726683,0.0101251695,0.0,0.014619134,0.5195225
7197,0.27254057,0.0,0.3431717,5.3726645,0.009549937,0.0,0.016226137,0.5195223
7198,0.24165179,0.0,0.13981695,5.3726583,0.009039681,0.0,0.018961929,0.519522
7199,1.1064575,0.0,0.25726444,5.372653,0.010017945,0.0,0.017004946,0.5195215
7200,0.43123007,0.0,0.29046822,5.372649,0.0064582545,0.0,0.015997417,0.51952136
7201,0.5373159,0.0,0.22395484,5.3726463,0.009368254,0.0,0.015618583,0.5195212
7202,0.33493567,0.0,0.3450541,5.372643,0.007995434,0.0,0.016337028,0.5195209
7203,0.22685933,0.0,0.19728215,5.37264,0.009134113,0.0,0.01371494,0.51952106
7204,0.4532582,0.0,1.0971771,5.372638,0.009700193,0.0,0.014452586,0.51952094
7205,0.5848067,0.0,0.17823863,5.37264,0.009266768,0.0,0.015118666,0.519521
7206,0.5194571,0.0,0.29192814,5.3726416,0.0094834315,0.0,0.013744578,0.5195213
7207,0.7826741,0.0,0.23083621,5.372644,0.008370223,0.0,0.015316774,0.51952136
7208,0.29890803,0.0,0.27217242,5.372647,0.008639779,0.0,0.017204847,0.5195214
7209,0.6525068,0.0,0.19802384,5.3726497,0.011200001,0.0,0.01656629,0.51952183
7210,0.70051026,0.0,0.18130359,5.3726497,0.008355173,0.0,0.015218515,0.5195221
7211,0.5533713,0.0,0.24530636,5.3726506,0.009019209,0.0,0.015382186,0.5195226
7212,1.1117932,0.0,0.4118224,5.37265,0.010215987,0.0,0.011425943,0.51952296
7213,0.5855155,0.0,0.1448699,5.372651,0.008281399,0.0,0.014558306,0.5195234
7214,0.29797384,0.0,0.35163805,5.372651,0.008424128,0.0,0.013417301,0.51952344
7215,0.5256735,0.0,0.32745177,5.372651,0.006661207,0.0,0.02231825,0.51952344
7216,0.72490984,0.0,0.2897025,5.372653,0.011589483,0.0,0.0143209975,0.5195239
7217,0.38674402,0.0,0.14814934,5.3726544,0.009429196,0.0,0.013862934,0.5195241
7218,0.45475852,0.0,0.41185507,5.372656,0.010914684,0.0,0.014256252,0.51952434
7219,0.45138168,0.0,0.15684646,5.372657,0.00973208,0.0,0.019133069,0.5195245
7220,0.69385254,0.0,0.13705873,5.372658,0.008673551,0.0,0.019307163,0.51952475
7221,0.25733936,0.0,0.20953362,5.3726587,0.01001423,0.0,0.016863648,0.5195248
7222,0.7901016,0.0,0.2955788,5.3726597,0.0091857,0.0,0.014256434,0.51952463
7223,0.62145376,0.0,0.25313514,5.37266,0.010202293,0.0,0.013654652,0.5195249
7224,0.44512093,0.0,0.24409081,5.3726597,0.010105892,0.0,0.015410456,0.51952523
7225,0.46904826,0.0,0.2801469,5.3726583,0.0075843893,0.0,0.014953609,0.51952523
7226,0.7717514,0.0,0.21388164,5.372657,0.009047297,0.0,0.014746662,0.51952523
7227,0.18861365,0.0,0.19141807,5.3726563,0.009470521,0.0,0.011700827,0.51952505
7228,0.4510518,0.0,0.14938033,5.3726554,0.009171824,0.0,0.016494561,0.51952463
7229,0.43736717,0.0,0.22249591,5.372654,0.011813341,0.0,0.014676388,0.5195243
7230,0.49279886,0.0,0.16739807,5.372652,0.011331658,0.0,0.0152154695,0.51952416
7231,0.37134096,0.0,0.23696825,5.37265,0.0075016906,0.0,0.012641528,0.5195239
7232,0.60657114,0.0,0.45267957,5.3726473,0.009194197,0.0,0.014896098,0.5195236
7233,0.2568776,0.0,0.18392049,5.3726435,0.010485553,0.0,0.01523832,0.51952326
7234,0.2161835,0.0,0.19482194,5.3726425,0.009903182,0.0,0.015530655,0.5195231
7235,0.68321157,0.0,0.24001248,5.372639,0.010951785,0.0,0.0157249,0.5195227
7236,0.34332854,0.0,0.21980518,5.3726373,0.007547704,0.0,0.016333584,0.5195225
7237,0.29308587,0.0,0.18281895,5.372636,0.007101927,0.0,0.014273825,0.51952237
7238,0.38614112,0.0,0.22608887,5.372635,0.008969638,0.0,0.013899569,0.51952255
7239,0.19290298,0.0,0.21712837,5.3726344,0.008388017,0.0,0.014192213,0.5195231
7240,0.46740395,0.0,0.1783861,5.372632,0.008695233,0.0,0.015091641,0.5195234
7241,0.383051,0.0,0.15267785,5.372628,0.012470684,0.0,0.010897581,0.519524
7242,0.22563985,0.0,0.14775555,5.3726244,0.008679548,0.0,0.015262285,0.5195242
7243,0.19740582,0.0,0.14513308,5.37262,0.0092756115,0.0,0.0148571115,0.5195245
7244,0.27514476,0.0,0.118995585,5.3726163,0.0083520645,0.0,0.0153795555,0.5195247
7245,0.34377205,0.0,0.19257078,5.3726125,0.007625467,0.0,0.011301918,0.5195245
7246,0.4609943,0.0,0.3222867,5.3726096,0.010042962,0.0,0.013590023,0.51952446
7247,0.30402792,0.0,0.21649605,5.3726087,0.010879647,0.0,0.01658095,0.5195239
7248,0.40605968,0.0,0.18882073,5.3726063,0.010575471,0.0,0.015165195,0.51952374
7249,0.23464309,0.0,0.23989731,5.3726034,0.009747004,0.0,0.013931137,0.5195237
7250,0.4939329,0.0,0.22176799,5.3726006,0.009697872,0.0,0.016359065,0.5195235
7251,0.32498276,0.0,0.1427398,5.3725977,0.009475226,0.0,0.01876789,0.5195231
7252,0.5324107,0.0,0.1840408,5.3725953,0.01021154,0.0,0.014890935,0.51952267
7253,0.21258464,0.0,0.25814226,5.372592,0.0096981665,0.0,0.014880901,0.51952213
7254,0.39162514,0.0,0.23729402,5.372589,0.0100215655,0.0,0.012785348,0.51952153
7255,0.20442462,0.0,0.16816479,5.372585,0.009332489,0.0,0.013922886,0.51952094
7256,0.970155,0.0,0.24531327,5.372581,0.008959194,0.0,0.018940229,0.5195206
7257,0.5083347,0.0,0.13742803,5.372578,0.01059327,0.0,0.01973176,0.5195202
7258,0.39322117,0.0,0.2787348,5.3725767,0.008922472,0.0,0.015409049,0.5195196
7259,0.38053292,0.0,0.22350799,5.372575,0.008081488,0.0,0.017653814,0.5195192
7260,0.6583229,0.0,0.18643463,5.3725734,0.0088697,0.0,0.016358772,0.5195187
7261,0.26664618,0.0,0.18579191,5.3725734,0.009781152,0.0,0.014438732,0.5195181
7262,0.8263389,0.0,0.21607606,5.372574,0.010249121,0.0,0.019669414,0.51951736
7263,0.2512313,0.0,0.3289371,5.372574,0.01017488,0.0,0.01761503,0.5195169
7264,0.43908057,0.0,0.10822914,5.3725734,0.010595258,0.0,0.015287276,0.5195162
7265,0.19909577,0.0,0.22470842,5.3725724,0.010238934,0.0,0.015783092,0.5195159
7266,0.41766992,0.0,0.15906093,5.3725715,0.007863216,0.0,0.014213523,0.51951545
7267,0.33594957,0.0,0.42311826,5.3725705,0.008142248,0.0,0.012829394,0.5195149
7268,0.5144879,0.0,0.22094864,5.372574,0.008252339,0.0,0.0130231865,0.519514
7269,0.272533,0.0,0.12630323,5.372578,0.008613591,0.0,0.01673748,0.51951325
7270,0.30606654,0.0,0.24830048,5.372581,0.0074612335,0.0,0.013807449,0.5195122
7271,0.43847206,0.0,0.11685438,5.372586,0.008786361,0.0,0.016731763,0.51951164
7272,0.88859504,0.0,0.15416254,5.3725896,0.008592712,0.0,0.015942018,0.5195109
7273,0.30695143,0.0,0.15688477,5.372594,0.00802253,0.0,0.015280445,0.5195102
7274,0.40142196,0.0,0.21973328,5.3725963,0.009060929,0.0,0.014524133,0.5195097
7275,0.6193436,0.0,0.13499084,5.3726,0.009270282,0.0,0.012908245,0.5195091
7276,0.24374539,0.0,0.31473422,5.372604,0.010529273,0.0,0.016952366,0.5195087
7277,0.4298109,0.0,0.32691857,5.3726068,0.008842377,0.0,0.016842542,0.5195087
7278,0.2564289,0.0,0.23234007,5.3726087,0.009214765,0.0,0.017900825,0.51950914
7279,0.5037847,0.0,0.14840496,5.3726096,0.009374789,0.0,0.014451336,0.51950955
7280,0.7817473,0.0,0.23308627,5.37261,0.007874603,0.0,0.0146889,0.51951003
7281,0.57728976,0.0,0.21165137,5.3726096,0.008059954,0.0,0.014752066,0.5195103
7282,0.5605175,0.0,0.20039542,5.372607,0.008028518,0.0,0.013345419,0.51951057
7283,0.3475379,0.0,0.17007524,5.372607,0.009209987,0.0,0.013962296,0.5195107
7284,0.45759347,0.0,0.24709934,5.372608,0.00997031,0.0,0.014861384,0.519511
7285,0.28844395,0.0,0.124821685,5.372608,0.008146581,0.0,0.01507643,0.5195112
7286,0.287672,0.0,0.3642934,5.372609,0.008949958,0.0,0.014135245,0.5195111
7287,0.6046119,0.0,0.32778645,5.372609,0.007838458,0.0,0.012627826,0.519511
7288,0.22743064,0.0,0.20025717,5.372607,0.011170959,0.0,0.015711755,0.51951057
7289,0.80320394,0.0,0.2298993,5.3726044,0.008842121,0.0,0.015421102,0.5195098
7290,0.73596966,0.0,0.366046,5.372603,0.008387375,0.0,0.013564411,0.5195089
7291,0.6456439,0.0,0.17881624,5.372603,0.009688228,0.0,0.01266547,0.5195079
7292,0.29802784,0.0,0.2305053,5.372603,0.007624831,0.0,0.015808208,0.5195072
7293,0.414642,0.0,0.26819098,5.372604,0.009857202,0.0,0.014897459,0.5195059
7294,0.5019809,0.0,0.20351614,5.3726044,0.011727357,0.0,0.01784957,0.5195047
7295,0.30022782,0.0,0.16468821,5.3726068,0.008766971,0.0,0.01821633,0.51950395
7296,0.27331316,0.0,0.28611022,5.3726087,0.009323567,0.0,0.013594754,0.5195034
7297,0.5167595,0.0,0.16920978,5.3726125,0.008935918,0.0,0.014348159,0.51950324
7298,0.30545226,0.0,0.17782378,5.372616,0.0073940633,0.0,0.014693942,0.51950294
7299,0.32480538,0.0,0.22706693,5.372618,0.009601006,0.0,0.013493747,0.51950246
7300,0.49265411,0.0,0.31355366,5.372621,0.010931822,0.0,0.015723212,0.5195021
7301,0.3480558,0.0,0.22155198,5.3726244,0.0106411185,0.0,0.019098729,0.51950175
7302,0.5358668,0.0,0.28070918,5.3726273,0.007487938,0.0,0.01280897,0.5195012
7303,0.54732543,0.0,0.11101126,5.372632,0.011174106,0.0,0.01485073,0.51950085
7304,0.33685187,0.0,0.175337,5.372636,0.009428981,0.0,0.015902927,0.5195006
7305,0.92610717,0.0,0.36823812,5.37264,0.009045961,0.0,0.01373161,0.5195006
7306,0.23388249,0.0,0.13409191,5.3726463,0.008443108,0.0,0.013619992,0.5195003
7307,0.33430207,0.0,0.2196226,5.3726516,0.009207802,0.0,0.01767775,0.5195002
7308,0.3318181,0.0,0.19687916,5.3726563,0.007799302,0.0,0.016000606,0.5194997
7309,0.3432149,0.0,0.16001584,5.3726616,0.008928436,0.0,0.013537529,0.5194991
7310,0.50777894,0.0,0.20898114,5.3726664,0.009627415,0.0,0.0146476375,0.5194985
7311,0.41607484,0.0,0.30146927,5.3726697,0.010118206,0.0,0.013738984,0.5194976
7312,0.49211895,0.0,0.27941644,5.3726735,0.010033865,0.0,0.015955327,0.51949656
7313,0.3580613,0.0,0.3362465,5.3726754,0.010397011,0.0,0.014807323,0.5194964
7314,0.38772506,0.0,0.15878427,5.3726764,0.009812656,0.0,0.015728096,0.5194959
7315,0.354516,0.0,0.26378238,5.372675,0.009926626,0.0,0.015332521,0.5194956
7316,0.35462156,0.0,0.12980887,5.3726764,0.0109524755,0.0,0.011916178,0.5194956
7317,0.49157575,0.0,0.22112624,5.372678,0.008952974,0.0,0.015048894,0.5194957
7318,0.1757698,0.0,0.1924591,5.3726807,0.008135481,0.0,0.016132137,0.51949584
7319,0.62481135,0.0,0.20029178,5.372682,0.00877348,0.0,0.018309109,0.519496
7320,0.44858763,0.0,0.25921458,5.3726835,0.0104926,0.0,0.014771683,0.5194962
7321,0.35152283,0.0,0.44030538,5.372686,0.009790106,0.0,0.014590975,0.51949626
7322,0.45281917,0.0,0.16669205,5.3726883,0.0082036145,0.0,0.014203928,0.5194964
7323,0.23168842,0.0,0.13290586,5.372692,0.008695397,0.0,0.015163214,0.5194964
7324,0.5067234,0.0,0.28319186,5.3726964,0.009233676,0.0,0.01501737,0.5194961
7325,0.472846,0.0,0.14172246,5.3726997,0.0076201945,0.0,0.015073009,0.5194958
7326,0.22770086,0.0,0.2251686,5.3727016,0.009686847,0.0,0.017585773,0.51949555
7327,0.4580983,0.0,0.2404225,5.372702,0.009095083,0.0,0.015629372,0.5194952
7328,0.40071306,0.0,0.31465796,5.372704,0.008847236,0.0,0.018059364,0.5194949
7329,0.42846024,0.0,0.24536714,5.372704,0.008959174,0.0,0.016292445,0.51949453
7330,0.33551702,0.0,0.12598664,5.372704,0.008852992,0.0,0.014496294,0.51949406
7331,0.3174038,0.0,0.3213191,5.372703,0.0056141224,0.0,0.0139414035,0.5194936
7332,0.47592402,0.0,0.29725558,5.3727016,0.008285228,0.0,0.018652368,0.51949316
7333,0.3787919,0.0,0.25433493,5.3727016,0.00883012,0.0,0.012893978,0.51949257
7334,0.41479638,0.0,0.33142424,5.372701,0.009061636,0.0,0.018702045,0.51949173
7335,0.294075,0.0,0.17165303,5.372703,0.00947714,0.0,0.0145838,0.51949096
7336,0.24237579,0.0,0.13442002,5.3727036,0.008760762,0.0,0.014841025,0.51949024
7337,0.39919373,0.0,0.20252497,5.372704,0.009632728,0.0,0.015509854,0.5194895
7338,0.41024897,0.0,0.14922258,5.372704,0.010575089,0.0,0.016479943,0.5194891
7339,0.6144598,0.0,0.3811998,5.372702,0.008281311,0.0,0.01768779,0.5194889
7340,1.8103985,0.0,0.17754103,5.3727016,0.009811712,0.0,0.013672924,0.5194895
7341,0.36782324,0.0,0.1553109,5.3727007,0.009620956,0.0,0.017722584,0.5194902
7342,0.30115965,0.0,0.2453495,5.3726997,0.008716375,0.0,0.012424094,0.51949066
7343,0.5698186,0.0,0.82605696,5.3726974,0.01018891,0.0,0.018134449,0.5194909
7344,0.35679972,0.0,0.21069646,5.3726864,0.008965388,0.0,0.016509205,0.5194917
7345,0.30366603,0.0,0.22011341,5.3726773,0.006821989,0.0,0.01696211,0.5194925
7346,0.20978414,0.0,0.25604478,5.3726697,0.008060383,0.0,0.012400932,0.5194929
7347,0.41052985,0.0,0.20538585,5.372664,0.009205016,0.0,0.016988441,0.51949334
7348,0.31680495,0.0,0.33232778,5.3726587,0.010309225,0.0,0.014448818,0.5194936
7349,0.49400398,0.0,0.30525085,5.372653,0.008718334,0.0,0.013083834,0.51949406
7350,0.6713375,0.0,0.14920649,5.3726482,0.007011073,0.0,0.015658524,0.5194941
7351,0.86290646,0.0,0.171907,5.372643,0.00825819,0.0,0.01258018,0.51949435
7352,0.26428425,0.0,0.27012783,5.3726373,0.008239822,0.0,0.017053945,0.5194944
7353,0.49797574,0.0,0.2541067,5.3726315,0.0074790944,0.0,0.015476,0.5194943
7354,0.448572,0.0,0.1785969,5.372626,0.00930418,0.0,0.012897255,0.51949424
7355,0.3920551,0.0,0.23219267,5.3726206,0.008771327,0.0,0.016654484,0.5194941
7356,0.68507546,0.0,0.18041568,5.372615,0.009911283,0.0,0.016845975,0.5194941
7357,0.47873962,0.0,0.168315,5.37261,0.012191939,0.0,0.014835444,0.51949453
7358,0.30664116,0.0,0.17216675,5.372605,0.012225465,0.0,0.01678008,0.5194947
7359,0.43383947,0.0,0.22925295,5.3725996,0.010666507,0.0,0.014357652,0.51949495
7360,0.3458942,0.0,0.17979372,5.372596,0.009068951,0.0,0.0146222785,0.51949555
7361,0.2835406,0.0,0.18327792,5.372593,0.0081284195,0.0,0.017913496,0.5194953
7362,0.25198513,0.0,0.31465828,5.372591,0.009412517,0.0,0.016091172,0.51949525
7363,0.29392955,0.0,0.11392283,5.37259,0.011016152,0.0,0.014464658,0.5194953
7364,0.3197133,0.0,0.16492105,5.372589,0.010058278,0.0,0.014584468,0.5194959
7365,0.27506867,0.0,0.32874623,5.3725886,0.009259939,0.0,0.012551061,0.5194963
7366,0.34706,0.0,0.15219443,5.37259,0.009963741,0.0,0.011355152,0.5194964
7367,0.4315059,0.0,0.34376314,5.372589,0.011800953,0.0,0.018407414,0.51949644
7368,0.36035684,0.0,0.1716977,5.3725886,0.010433828,0.0,0.015714165,0.5194959
7369,0.30836982,0.0,0.19176711,5.3725867,0.010355984,0.0,0.014969441,0.5194953
7370,0.23621096,0.0,0.29136816,5.3725853,0.008075612,0.0,0.014222273,0.5194948
7371,0.24806166,0.0,0.21052176,5.3725867,0.009441984,0.0,0.015017633,0.5194941
7372,0.37604514,0.0,0.14320676,5.3725905,0.009309473,0.0,0.016480407,0.51949376
7373,0.3309542,0.0,0.3189898,5.372594,0.010976998,0.0,0.014090039,0.5194935
7374,0.23016076,0.0,0.14539663,5.372598,0.008461121,0.0,0.014321437,0.5194933
7375,0.43297774,0.0,0.1484751,5.3726034,0.0081498055,0.0,0.014599563,0.51949304
7376,0.578461,0.0,0.22313645,5.3726077,0.0075791427,0.0,0.013419325,0.51949275
7377,0.20482877,0.0,0.38247278,5.372616,0.00874428,0.0,0.015480724,0.5194925
7378,0.40833208,0.0,0.35064915,5.3726254,0.009716177,0.0,0.017164787,0.51949185
7379,0.46540087,0.0,0.18300235,5.37263,0.009942886,0.0,0.0151213035,0.5194911
7380,0.24745882,0.0,0.18510325,5.372637,0.007067951,0.0,0.018184803,0.51949054
7381,0.30816785,0.0,0.1195943,5.3726425,0.0072778277,0.0,0.015250435,0.51948994
7382,0.7004396,0.0,0.25327334,5.372646,0.009918112,0.0,0.015051752,0.5194893
7383,0.45297158,0.0,0.24291117,5.3726497,0.007847992,0.0,0.014779436,0.51948917
7384,0.20304762,0.0,0.2758432,5.3726506,0.010658206,0.0,0.015137154,0.519489
7385,1.2971843,0.0,0.241206,5.37265,0.010277247,0.0,0.014945868,0.5194887
7386,0.3555679,0.0,0.19631246,5.3726497,0.00947009,0.0,0.0144063905,0.5194881
7387,0.27616447,0.0,0.21370828,5.372649,0.010003646,0.0,0.016489325,0.51948774
7388,0.31259125,0.0,0.24824317,5.3726473,0.007480598,0.0,0.016621334,0.5194874
7389,0.37552026,0.0,0.23606919,5.3726435,0.009108366,0.0,0.017522823,0.51948726
7390,0.5085526,0.0,0.26966637,5.372641,0.0080221,0.0,0.01634985,0.5194873
7391,0.6196376,0.0,0.28269985,5.3726387,0.008997783,0.0,0.01454829,0.51948714
7392,0.7381195,0.0,0.18644036,5.3726354,0.008928147,0.0,0.013569264,0.51948726
7393,0.34145927,0.0,0.31632712,5.372634,0.00768393,0.0,0.014880699,0.51948756
7394,0.4048626,0.0,0.22034182,5.3726306,0.008507158,0.0,0.017126955,0.5194877
7395,0.43385994,0.0,0.21418495,5.3726306,0.0088132,0.0,0.014374229,0.51948756
7396,0.46805963,0.0,0.22100568,5.3726306,0.011767629,0.0,0.014085027,0.5194876
7397,0.43283638,0.0,0.14025752,5.37263,0.009329728,0.0,0.01280989,0.51948756
7398,0.40915573,0.0,0.25210154,5.3726287,0.007968185,0.0,0.014808137,0.51948744
7399,0.49006006,0.0,0.18623862,5.372627,0.009950174,0.0,0.014999505,0.5194876
7400,0.32859468,0.0,0.22232798,5.3726254,0.008376344,0.0,0.017631063,0.5194875
7401,0.31132802,0.0,0.19138817,5.3726234,0.007645308,0.0,0.017046005,0.51948804
7402,0.643715,0.0,0.19173223,5.3726206,0.0070726774,0.0,0.015318669,0.5194885
7403,0.7387307,0.0,0.26266292,5.3726172,0.007132884,0.0,0.017765306,0.51948875
7404,0.99083084,0.0,0.08676913,5.372617,0.008725504,0.0,0.012537358,0.5194887
7405,0.4403846,0.0,0.24489723,5.3726153,0.0070609325,0.0,0.015445829,0.51948893
7406,0.59687364,0.0,0.14779529,5.372611,0.008783437,0.0,0.016127918,0.5194891
7407,0.5745813,0.0,0.16684872,5.372608,0.011215095,0.0,0.015014823,0.5194892
7408,0.18775097,0.0,0.16112643,5.372605,0.009693189,0.0,0.015645156,0.51948893
7409,0.54111844,0.0,0.13934483,5.3726025,0.008522969,0.0,0.013361344,0.5194893
7410,0.50183195,0.0,0.2201568,5.372599,0.009167689,0.0,0.015341637,0.5194899
7411,0.3415657,0.0,0.5409305,5.3725977,0.010240581,0.0,0.015661977,0.5194907
7412,0.4134948,0.0,0.16095287,5.3725977,0.008555392,0.0,0.017278412,0.5194916
7413,0.3785364,0.0,0.25172877,5.372597,0.009121782,0.0,0.018264744,0.5194921
7414,0.27771345,0.0,0.3226034,5.3725963,0.008433734,0.0,0.019071098,0.5194925
7415,0.2468682,0.0,0.19646446,5.3725967,0.009328357,0.0,0.015592217,0.5194926
7416,0.43632588,0.0,0.19967127,5.3725967,0.009512642,0.0,0.015697155,0.5194924
7417,0.3488107,0.0,0.09200575,5.3725967,0.00835931,0.0,0.014118853,0.5194921
7418,0.29257968,0.0,0.3688941,5.3725953,0.009940778,0.0,0.017108489,0.5194922
7419,0.50621414,0.0,0.21614392,5.3725953,0.0090239225,0.0,0.020861287,0.51949245
7420,0.23132923,0.0,0.1412026,5.3725953,0.009062088,0.0,0.0138124805,0.51949227
7421,0.52932674,0.0,0.19809495,5.3725953,0.008357592,0.0,0.014042027,0.51949245
7422,0.5086062,0.0,0.24073839,5.3725963,0.008993703,0.0,0.0128833465,0.51949257
7423,0.37888885,0.0,0.15578915,5.372596,0.0087204175,0.0,0.013045003,0.5194928
7424,0.2829415,0.0,0.25439072,5.3725967,0.00860433,0.0,0.012973,0.519493
7425,0.5133357,0.0,0.27729926,5.372595,0.009365108,0.0,0.016660977,0.5194933
7426,0.40031847,0.0,0.16655062,5.3725953,0.007107152,0.0,0.017811809,0.5194935
7427,0.31284326,0.0,0.23514482,5.372596,0.008462577,0.0,0.020549575,0.519494
7428,0.3925431,0.0,0.18212382,5.3725944,0.010938617,0.0,0.015386435,0.5194942
7429,0.3310768,0.0,0.3070767,5.372594,0.008949764,0.0,0.02009747,0.5194944
7430,0.29781374,0.0,0.18430242,5.37259,0.009470949,0.0,0.015805373,0.51949507
7431,0.2875322,0.0,0.14164382,5.3725877,0.008847877,0.0,0.013564353,0.519496
7432,0.3307023,0.0,0.20876002,5.3725863,0.009586369,0.0,0.013723467,0.51949686
7433,0.475417,0.0,0.3062583,5.3725853,0.0087566925,0.0,0.021621646,0.51949716
7434,0.3122105,0.0,0.18388487,5.3725834,0.010419909,0.0,0.018540626,0.51949745
7435,0.27474833,0.0,0.1378626,5.3725834,0.009815215,0.0,0.015348812,0.51949745
7436,0.30682692,0.0,0.48892933,5.3725834,0.008387929,0.0,0.0122896675,0.51949704
7437,0.26659343,0.0,0.28864238,5.3725834,0.0073381825,0.0,0.014273797,0.5194958
7438,0.21660419,0.0,0.3287679,5.372584,0.009113765,0.0,0.0153038595,0.5194948
7439,0.358721,0.0,0.16925333,5.372583,0.008928517,0.0,0.013488198,0.51949346
7440,0.28034833,0.0,0.21828856,5.372582,0.009114215,0.0,0.016457368,0.5194926
7441,0.17736568,0.0,0.16860403,5.372581,0.009830527,0.0,0.014873733,0.51949185
7442,0.45240048,0.0,0.19681597,5.3725805,0.0073869806,0.0,0.014059187,0.51949143
7443,0.67630017,0.0,0.24986246,5.3725786,0.008394374,0.0,0.015498068,0.519491
7444,0.31144246,0.0,0.18617141,5.3725758,0.009884912,0.0,0.016681923,0.51949096
7445,0.5109343,0.0,0.24718815,5.3725734,0.00910935,0.0,0.016216775,0.51949114
7446,0.5106525,0.0,0.18812819,5.3725724,0.009484133,0.0,0.0152555965,0.51949114
7447,0.89667535,0.0,0.39065585,5.3725705,0.010529142,0.0,0.014242307,0.5194912
7448,0.27898487,0.0,0.14735763,5.37257,0.008841893,0.0,0.01579606,0.51949126
7449,0.5382179,0.0,0.19809951,5.3725696,0.009204492,0.0,0.014149938,0.51949114
7450,0.3088041,0.0,0.29249856,5.37257,0.0077358754,0.0,0.015234579,0.5194909
7451,0.24971448,0.0,0.17630747,5.372571,0.008457815,0.0,0.012666827,0.5194907
7452,0.6232652,0.0,0.4054806,5.3725715,0.009225641,0.0,0.015669458,0.5194904
7453,0.30277562,0.0,0.269308,5.3725715,0.008360092,0.0,0.015052217,0.51949006
7454,0.8611795,0.0,0.18828817,5.372572,0.009592836,0.0,0.01677995,0.51948977
7455,0.27076367,0.0,0.20996709,5.3725724,0.00798784,0.0,0.013556378,0.5194898
7456,0.29114774,0.0,0.20806564,5.3725734,0.0087066265,0.0,0.014919816,0.5194898
7457,0.24092907,0.0,0.18210714,5.3725743,0.0084190555,0.0,0.015164893,0.5194899
7458,0.3204483,0.0,0.18488263,5.3725753,0.009120931,0.0,0.017161474,0.5194896
7459,0.65150577,0.0,0.13108557,5.372576,0.011144866,0.0,0.016288895,0.5194898
7460,0.33992302,0.0,0.18702786,5.372578,0.008898335,0.0,0.018384147,0.5194906
7461,0.45259604,0.0,0.15379931,5.372579,0.008225976,0.0,0.015974646,0.51949126
7462,0.41241407,0.0,0.21287261,5.372579,0.00915589,0.0,0.014056549,0.51949155
7463,0.5216384,0.0,0.18770613,5.3725796,0.0095143365,0.0,0.014658772,0.51949257
7464,0.28282925,0.0,0.29612702,5.3725786,0.009532048,0.0,0.017172933,0.5194938
7465,0.48402613,0.0,0.26711783,5.3725743,0.010896238,0.0,0.015103969,0.51949483
7466,0.49024346,0.0,0.19206987,5.3725705,0.008323178,0.0,0.016019713,0.51949584
7467,0.3912504,0.0,0.21763068,5.372567,0.010710312,0.0,0.013247741,0.5194965
7468,0.35592112,0.0,0.29293147,5.372564,0.010721458,0.0,0.01579487,0.5194969
7469,0.3792578,0.0,0.17872359,5.3725605,0.008309408,0.0,0.019808296,0.5194972
7470,0.35263047,0.0,0.14384657,5.372558,0.0075138495,0.0,0.016490353,0.51949793
7471,0.650921,0.0,0.19554085,5.372555,0.009194419,0.0,0.014033188,0.51949847
7472,0.3252435,0.0,0.24695995,5.3725524,0.01037916,0.0,0.015944123,0.51949865
7473,0.3038425,0.0,0.20202693,5.3725505,0.009133719,0.0,0.017335868,0.5194986
7474,0.42927748,0.0,0.27701548,5.3725495,0.008499394,0.0,0.0163072,0.5194981
7475,0.9151389,0.0,0.11544251,5.372547,0.008791897,0.0,0.014986635,0.5194978
7476,0.56129086,0.0,0.18190488,5.3725457,0.0076013785,0.0,0.015745824,0.5194974
7477,0.42579937,0.0,0.20843755,5.372544,0.009579241,0.0,0.014390476,0.51949674
7478,0.5214059,0.0,0.16028059,5.372544,0.009686932,0.0,0.015354488,0.51949644
7479,0.23374015,0.0,0.1831682,5.372545,0.009125439,0.0,0.014345766,0.51949644
7480,0.6895903,0.0,0.12448851,5.372544,0.009201308,0.0,0.016290963,0.51949674
7481,0.3362723,0.0,0.09003772,5.3725433,0.010572067,0.0,0.016210368,0.5194971
7482,0.45660585,0.0,0.12509628,5.3725433,0.0105363345,0.0,0.012980021,0.51949745
7483,0.41723797,0.0,0.1924936,5.3725433,0.008149377,0.0,0.015985167,0.51949775
7484,0.2574595,0.0,0.2631741,5.3725433,0.008509398,0.0,0.016508788,0.5194981
7485,0.47204915,0.0,0.15911967,5.372544,0.008609894,0.0,0.014228178,0.5194985
7486,0.24849391,0.0,0.13269879,5.372543,0.009987607,0.0,0.016143395,0.5194992
7487,0.39756596,0.0,0.25431526,5.372542,0.010011828,0.0,0.014202526,0.5194993
7488,0.80331653,0.0,0.2545847,5.372542,0.01135646,0.0,0.014594208,0.5194994
7489,0.2153707,0.0,0.14617817,5.372542,0.007964221,0.0,0.014701163,0.5194998
7490,0.61969256,0.0,0.19363362,5.3725405,0.007034185,0.0,0.016292185,0.5194999
7491,0.31127518,0.0,0.25633913,5.372537,0.009848362,0.0,0.014100675,0.51950026
7492,0.33572692,0.0,0.27220273,5.372536,0.008414454,0.0,0.011936254,0.51950043
7493,0.19062668,0.0,0.19534646,5.3725367,0.008870432,0.0,0.019690746,0.5195008
7494,0.28105786,0.0,0.20327921,5.3725357,0.0075156298,0.0,0.017475136,0.5195012
7495,0.2534129,0.0,0.2499238,5.3725343,0.009987483,0.0,0.017770438,0.5195017
7496,0.6401002,0.0,0.25476673,5.372531,0.008701664,0.0,0.015644295,0.5195024
7497,0.2474106,0.0,0.14506152,5.3725286,0.009271443,0.0,0.016949682,0.5195035
7498,0.3599672,0.0,0.18739982,5.372527,0.00820095,0.0,0.014771194,0.5195047
7499,0.7099638,0.0,0.32207018,5.3725266,0.009639725,0.0,0.014983319,0.5195059
7500,0.24300198,0.0,0.2562633,5.3725257,0.009236202,0.0,0.01635747,0.51950765
7501,0.5767967,0.0,0.24318679,5.3725247,0.009220241,0.0,0.015327972,0.51950896
7502,0.2523778,0.0,0.09995568,5.372524,0.008707876,0.0,0.01867279,0.5195103
7503,0.43584916,0.0,0.28211597,5.372522,0.008771408,0.0,0.014842521,0.5195122
7504,0.18869849,0.0,0.12202267,5.3725224,0.009297906,0.0,0.015274355,0.51951414
7505,0.27587488,0.0,0.22241098,5.3725233,0.009888447,0.0,0.016508127,0.51951617
7506,0.4015899,0.0,0.21905634,5.3725243,0.010505081,0.0,0.019647403,0.5195181
7507,0.46361053,0.0,0.15558964,5.3725257,0.007847358,0.0,0.015897535,0.5195198
7508,0.30820546,0.0,0.15859132,5.3725266,0.00958968,0.0,0.012825639,0.519521
7509,0.7273949,0.0,0.31518015,5.372528,0.009872114,0.0,0.016823262,0.5195215
7510,0.5427286,0.0,0.22860596,5.372529,0.009630567,0.0,0.015842034,0.519522
7511,0.53408813,0.0,0.18492347,5.37253,0.00840231,0.0,0.017157143,0.51952237
7512,0.37852952,0.0,0.17471786,5.3725314,0.00668371,0.0,0.016021896,0.51952255
7513,0.6374582,0.0,0.15517393,5.3725333,0.010468689,0.0,0.018191194,0.5195229
7514,0.2871813,0.0,0.21944955,5.3725333,0.008792663,0.0,0.013107729,0.5195226
7515,0.27207482,0.0,0.16895713,5.372533,0.008737146,0.0,0.018084733,0.51952225
7516,0.30724278,0.0,0.25583988,5.372533,0.009058443,0.0,0.0137713,0.51952195
7517,0.42809188,0.0,0.12476989,5.3725333,0.00912714,0.0,0.016853511,0.5195215
7518,0.35459197,0.0,0.19016595,5.372534,0.008629563,0.0,0.016908897,0.5195211
7519,0.44465753,0.0,0.18552583,5.3725348,0.009668238,0.0,0.013472728,0.51952034
7520,0.5515702,0.0,0.12306069,5.3725367,0.010175375,0.0,0.019062065,0.5195196
7521,0.5562117,0.0,0.24428901,5.372537,0.008867439,0.0,0.01492031,0.5195185
7522,0.6644155,0.0,0.15288465,5.372538,0.010143164,0.0,0.01359772,0.5195175
7523,0.46075913,0.0,0.1191709,5.372539,0.008222789,0.0,0.01547197,0.51951647
7524,0.2714307,0.0,0.2831023,5.37254,0.008668326,0.0,0.013875417,0.5195153
7525,0.38010323,0.0,0.1953705,5.3725386,0.009035854,0.0,0.01626455,0.51951426
7526,0.32445592,0.0,0.3571105,5.3725376,0.009862367,0.0,0.017349232,0.51951313
7527,0.27379462,0.0,0.19733168,5.3725386,0.011813803,0.0,0.016254572,0.51951236
7528,0.6333402,0.0,0.19664966,5.3725405,0.007730893,0.0,0.012797358,0.51951194
7529,0.35773256,0.0,0.13166294,5.372541,0.011217203,0.0,0.01759859,0.5195111
7530,0.242409,0.0,0.29639572,5.3725414,0.008758781,0.0,0.019021597,0.5195102
7531,0.36103964,0.0,0.19531557,5.3725433,0.009912332,0.0,0.015002407,0.51950943
7532,0.35991347,0.0,0.12791014,5.372546,0.009423747,0.0,0.013808181,0.51950896
7533,0.4143033,0.0,0.20111416,5.3725476,0.008881521,0.0,0.016446387,0.5195082
7534,0.61491185,0.0,0.23325945,5.372551,0.010285476,0.0,0.018110303,0.51950735
7535,0.5805909,0.0,0.096991025,5.372554,0.007290243,0.0,0.0173888,0.5195069
7536,1.1735398,0.0,0.18412699,5.372556,0.008699699,0.0,0.01789481,0.5195063
7537,0.25231388,0.0,0.1378011,5.3725595,0.01074596,0.0,0.01298169,0.5195059
7538,0.67275846,0.0,0.13838895,5.3725615,0.008332588,0.0,0.01429388,0.51950514
7539,0.44454136,0.0,0.3300521,5.372564,0.008250564,0.0,0.019577239,0.51950455
7540,0.4091161,0.0,0.1802769,5.3725643,0.008953846,0.0,0.01381316,0.519504
7541,0.62543154,0.0,0.16031456,5.372565,0.008568801,0.0,0.0148174185,0.519504
7542,0.56903356,0.0,0.120128684,5.372565,0.0081966305,0.0,0.014357875,0.51950383
7543,0.41572514,0.0,0.19658895,5.3725653,0.0075842105,0.0,0.013530252,0.5195034
7544,0.51899403,0.0,0.1927352,5.372565,0.008654653,0.0,0.013702224,0.51950276
7545,0.33315793,0.0,0.19923484,5.3725634,0.009988814,0.0,0.015616865,0.51950216
7546,0.30170694,0.0,0.39660984,5.372561,0.009618877,0.0,0.014495718,0.5195015
7547,0.3889569,0.0,0.25758624,5.3725605,0.008095896,0.0,0.015004534,0.51950115
7548,0.55334276,0.0,0.16273928,5.3725576,0.007856969,0.0,0.0120447455,0.51950073
7549,0.280936,0.0,0.14627501,5.372556,0.0107712345,0.0,0.014537059,0.5195003
7550,0.5539753,0.0,0.2642142,5.372554,0.008903577,0.0,0.018723577,0.51949954
7551,0.38043997,0.0,0.19528696,5.372551,0.008608167,0.0,0.013015159,0.51949847
7552,0.41451344,0.0,0.29376236,5.3725505,0.010739733,0.0,0.014873587,0.51949716
7553,0.28731754,0.0,0.16012898,5.3725486,0.010502313,0.0,0.01605407,0.51949567
7554,0.48426205,0.0,0.17865637,5.372547,0.008018309,0.0,0.0141698355,0.5194942
7555,0.2735309,0.0,0.17937632,5.3725467,0.0089142565,0.0,0.014324241,0.519493
7556,0.6259093,0.0,0.27125275,5.3725452,0.008769008,0.0,0.0145583525,0.5194919
7557,0.9238484,0.0,0.22219364,5.372541,0.01008598,0.0,0.016477449,0.51949114
7558,0.52062553,0.0,0.18787114,5.3725376,0.008553343,0.0,0.016264018,0.5194904
7559,0.48060265,0.0,0.2776126,5.372533,0.010112673,0.0,0.016594358,0.5194897
7560,0.7340745,0.0,0.16450731,5.372528,0.009196836,0.0,0.016275907,0.51948917
7561,0.95267713,0.0,0.2972459,5.3725243,0.0088500865,0.0,0.017184777,0.51948863
7562,0.39119804,0.0,0.18710968,5.372521,0.008177549,0.0,0.012773624,0.5194878
7563,0.8047966,0.0,0.26916912,5.3725166,0.00822661,0.0,0.014665091,0.5194874
7564,0.4121426,0.0,0.15197664,5.3725142,0.0076219346,0.0,0.015682045,0.51948684
7565,0.51836646,0.0,0.32103166,5.372511,0.0099868225,0.0,0.015632626,0.5194866
7566,0.41874447,0.0,0.23842053,5.3725142,0.008928191,0.0,0.016756115,0.5194863
7567,1.0782883,0.0,0.21366544,5.3725166,0.010289593,0.0,0.015733406,0.5194864
7568,0.83779794,0.0,0.22981045,5.372518,0.008058161,0.0,0.014408616,0.51948684
7569,0.76595724,0.0,0.3265577,5.372517,0.0095753465,0.0,0.014511892,0.5194872
7570,0.40964592,0.0,0.14566642,5.3725176,0.008761905,0.0,0.0139202,0.5194871
7571,0.4321455,0.0,0.18490408,5.3725166,0.010938961,0.0,0.017263869,0.51948667
7572,0.5845883,0.0,0.11730499,5.372516,0.011139121,0.0,0.017745804,0.5194864
7573,0.40697828,0.0,0.17382114,5.3725142,0.0103026545,0.0,0.01719199,0.5194865
7574,0.51855266,0.0,0.22303945,5.3725114,0.007596895,0.0,0.019444568,0.51948637
7575,0.70658123,0.0,0.1583054,5.3725066,0.006716702,0.0,0.016771859,0.5194864
7576,0.3093467,0.0,0.14854941,5.372505,0.008979621,0.0,0.01706986,0.5194863
7577,0.28483376,0.0,0.22846831,5.3725023,0.008380808,0.0,0.01381035,0.519486
7578,0.5329202,0.0,0.16308263,5.372499,0.009143404,0.0,0.014786912,0.5194855
7579,0.31447148,0.0,0.2548001,5.372495,0.008842111,0.0,0.013589461,0.5194855
7580,0.9193397,0.0,0.35325357,5.3724904,0.008309882,0.0,0.014551757,0.5194855
7581,0.60413235,0.0,0.20477897,5.372486,0.007401974,0.0,0.0153254215,0.5194856
7582,0.7459383,0.0,0.100408435,5.372483,0.007960155,0.0,0.017815826,0.51948595
7583,0.43852034,0.0,0.23841852,5.3724794,0.009494188,0.0,0.016014673,0.5194858
7584,0.37436154,0.0,0.2605602,5.372475,0.010811462,0.0,0.016470961,0.5194856
7585,0.314643,0.0,0.20402727,5.3724723,0.011500368,0.0,0.017549716,0.51948583
7586,0.43369493,0.0,0.19288254,5.37247,0.008527173,0.0,0.016078211,0.51948625
7587,0.29679555,0.0,0.25156456,5.37247,0.009233311,0.0,0.015433172,0.51948655
7588,0.4374805,0.0,0.15725526,5.37247,0.008331956,0.0,0.013235386,0.5194867
7589,0.63388693,0.0,0.20692824,5.3724694,0.008656648,0.0,0.011720469,0.51948696
7590,0.17367454,0.0,0.37415695,5.3724685,0.010842432,0.0,0.014679694,0.51948726
7591,0.9399045,0.0,0.19291292,5.372468,0.008762075,0.0,0.014845766,0.5194875
7592,0.74376017,0.0,0.113913484,5.3724675,0.012302701,0.0,0.013589743,0.5194873
7593,0.23058547,0.0,0.19771543,5.372467,0.007900382,0.0,0.015732247,0.5194869
7594,0.47322184,0.0,0.21473518,5.372467,0.009143667,0.0,0.018953264,0.5194865
7595,0.66092545,0.0,0.210972,5.3724666,0.010558302,0.0,0.018387731,0.5194866
7596,0.51701516,0.0,0.18241306,5.372468,0.010505347,0.0,0.016054418,0.519487
7597,0.66022736,0.0,0.24732922,5.37247,0.009819954,0.0,0.017226085,0.51948756
7598,0.41568416,0.0,0.2347527,5.3724737,0.008827723,0.0,0.015597502,0.5194876
7599,0.7343182,0.0,0.30296046,5.372476,0.008695604,0.0,0.014101991,0.5194873
7600,0.20756333,0.0,0.23516597,5.37248,0.009578901,0.0,0.014622772,0.51948714
7601,0.33463478,0.0,0.19643286,5.3724847,0.008632912,0.0,0.016350398,0.51948684
7602,0.55492413,0.0,0.15370882,5.3724875,0.007954389,0.0,0.01694163,0.5194865
7603,0.3375034,0.0,0.21670623,5.372491,0.010105251,0.0,0.011622248,0.51948607
7604,0.3940651,0.0,0.21734942,5.372493,0.011018989,0.0,0.016364668,0.5194857
7605,0.50010633,0.0,0.27113336,5.3724966,0.010172877,0.0,0.015323853,0.51948535
7606,0.4404442,0.0,0.21522103,5.3725004,0.007910301,0.0,0.01519371,0.51948494
7607,0.20097472,0.0,0.36635855,5.372501,0.008945306,0.0,0.015304154,0.5194841
7608,0.26366356,0.0,0.2843539,5.372501,0.009367262,0.0,0.015908528,0.51948315
7609,0.34881854,0.0,0.29490954,5.3725,0.009900482,0.0,0.014388296,0.5194825
7610,0.5888753,0.0,0.1513137,5.3724985,0.010392791,0.0,0.016168945,0.51948243
7611,0.6213872,0.0,0.20382032,5.372499,0.009175315,0.0,0.017902546,0.5194821
7612,0.44041377,0.0,0.2749543,5.3724995,0.008921434,0.0,0.013881516,0.519482
7613,0.2939863,0.0,0.2627305,5.3724995,0.010701257,0.0,0.018092537,0.51948214
7614,0.41448933,0.0,0.28957278,5.3724995,0.009549885,0.0,0.018063664,0.5194827
7615,0.2942659,0.0,0.22409947,5.3724995,0.012376388,0.0,0.016502911,0.5194833
7616,0.48568138,0.0,0.1788095,5.372499,0.007867781,0.0,0.014052461,0.51948357
7617,0.8022496,0.0,0.340843,5.3724976,0.008299424,0.0,0.012708082,0.51948357
7618,0.4622725,0.0,0.1961131,5.3724976,0.008572613,0.0,0.016500382,0.5194839
7619,0.41504696,0.0,0.16618747,5.3724966,0.0069197956,0.0,0.017404826,0.51948386
7620,0.56338567,0.0,0.35216284,5.372495,0.008616091,0.0,0.014586423,0.5194835
7621,0.41466305,0.0,0.32962778,5.3724957,0.00993364,0.0,0.016701447,0.5194829
7622,0.46901777,0.0,0.24605368,5.3724966,0.0098771425,0.0,0.011290336,0.51948225
7623,0.25390726,0.0,0.17667542,5.3724966,0.00866257,0.0,0.014188569,0.5194811
7624,0.30437052,0.0,0.22629716,5.372494,0.008913583,0.0,0.016594423,0.5194795
7625,0.84339476,0.0,0.22285412,5.372493,0.009968292,0.0,0.018353371,0.51947796
7626,0.3694413,0.0,0.21834017,5.3724895,0.009786518,0.0,0.015022577,0.5194771
7627,0.61431485,0.0,0.22995059,5.372485,0.010534434,0.0,0.01305384,0.51947606
7628,0.462027,0.0,0.2314371,5.3724823,0.008906408,0.0,0.014584724,0.5194749
7629,0.24074343,0.0,0.30318266,5.37248,0.007648924,0.0,0.017620867,0.5194735
7630,0.43397424,0.0,0.14307627,5.3724775,0.009328338,0.0,0.016340833,0.5194726
7631,0.30850142,0.0,0.6434184,5.372474,0.008593721,0.0,0.0181094,0.51947165
7632,0.6900951,0.0,0.23377122,5.3724737,0.011706567,0.0,0.018508222,0.51947075
7633,0.26822576,0.0,0.16641219,5.3724723,0.008138497,0.0,0.013737863,0.51947
7634,0.31225574,0.0,0.29782987,5.372469,0.010107177,0.0,0.017650886,0.51946896
7635,0.3355037,0.0,0.1350049,5.372466,0.01059717,0.0,0.016251376,0.5194686
7636,0.23998767,0.0,0.27521932,5.372462,0.008900495,0.0,0.019082943,0.5194686
7637,0.22208484,0.0,0.18038717,5.3724604,0.008856374,0.0,0.015560042,0.519468
7638,0.46276283,0.0,0.19354364,5.3724585,0.010774938,0.0,0.016797952,0.5194677
7639,2.200847,0.0,0.27408215,5.372456,0.008651597,0.0,0.015371291,0.51946735
7640,0.870285,0.0,0.17780289,5.3724537,0.008334502,0.0,0.016677614,0.5194669
7641,0.19954361,0.0,0.30013224,5.3724527,0.010477456,0.0,0.014364946,0.51946646
7642,0.7295134,0.0,0.2251242,5.372453,0.008424742,0.0,0.013472353,0.51946646
7643,0.40068287,0.0,0.1678554,5.3724527,0.008808408,0.0,0.013996387,0.5194664
7644,0.3135134,0.0,0.12247604,5.3724537,0.01245511,0.0,0.0152368285,0.5194666
7645,0.51918733,0.0,0.11416189,5.3724546,0.009733165,0.0,0.016714728,0.5194666
7646,0.55733466,0.0,0.13151586,5.3724537,0.009449798,0.0,0.01564014,0.5194667
7647,0.31328663,0.0,0.38590577,5.3724527,0.010306949,0.0,0.014752805,0.5194668
7648,0.23007597,0.0,0.22498882,5.3724537,0.008564555,0.0,0.014014212,0.519467
7649,0.739382,0.0,0.27379766,5.372455,0.008478436,0.0,0.015746469,0.5194671
7650,0.60467064,0.0,0.26752403,5.372456,0.009538868,0.0,0.01590156,0.51946694
7651,0.6312281,0.0,0.25087005,5.372457,0.00970614,0.0,0.014529844,0.5194674
7652,0.3572661,0.0,0.10845106,5.372457,0.010509381,0.0,0.017811235,0.5194675
7653,0.48950627,0.0,0.20893934,5.3724575,0.009412015,0.0,0.0152580105,0.51946735
7654,0.378938,0.0,0.16689803,5.3724575,0.009126681,0.0,0.012872758,0.5194671
7655,0.74167687,0.0,0.20896308,5.372459,0.010910805,0.0,0.0153423045,0.5194669
7656,0.2944052,0.0,0.18447879,5.3724585,0.009214773,0.0,0.014843043,0.5194659
7657,0.25117233,0.0,0.29595748,5.372456,0.008312693,0.0,0.0148306945,0.5194656
7658,0.61476666,0.0,0.1852561,5.372456,0.009004233,0.0,0.015325837,0.5194653
7659,0.36923704,0.0,0.26918757,5.3724556,0.008047012,0.0,0.014408396,0.51946527
7660,0.8126797,0.0,0.12453384,5.3724537,0.007875446,0.0,0.015227387,0.51946473
7661,0.48006186,0.0,0.1808082,5.3724513,0.009041897,0.0,0.013649639,0.5194642
7662,0.16137934,0.0,0.23469314,5.372449,0.008516089,0.0,0.01308827,0.5194636
7663,0.46785843,0.0,0.37998357,5.3724465,0.009176585,0.0,0.015554805,0.5194632
7664,0.9502212,0.0,0.21945278,5.3724437,0.009443868,0.0,0.017323045,0.5194622
7665,0.40779296,0.0,0.16176303,5.3724427,0.01034257,0.0,0.01554157,0.5194611
7666,0.35733625,0.0,0.19480623,5.3724403,0.008899348,0.0,0.013476117,0.5194597
7667,0.22402756,0.0,0.14348252,5.372438,0.008319062,0.0,0.01525737,0.5194587
7668,0.39631072,0.0,0.20504579,5.372435,0.009715128,0.0,0.019628186,0.519458
7669,0.593338,0.0,0.13800023,5.372432,0.01070197,0.0,0.014985805,0.51945734
7670,0.33294576,0.0,0.2115037,5.3724303,0.009363872,0.0,0.015997162,0.519457
7671,0.3231131,0.0,0.16773383,5.37243,0.0075452756,0.0,0.0131827025,0.51945615
7672,0.37954527,0.0,0.37921557,5.37243,0.010183266,0.0,0.016290694,0.51945525
7673,0.42207158,0.0,0.20295596,5.3724313,0.009735006,0.0,0.015733449,0.5194545
7674,0.9290143,0.0,0.22515334,5.3724318,0.010941633,0.0,0.014369612,0.5194537
7675,0.7951604,0.0,0.1895267,5.3724318,0.0088250805,0.0,0.01543511,0.51945275
7676,0.6918807,0.0,0.2602617,5.3724327,0.00905177,0.0,0.015845876,0.519452
7677,0.6319595,0.0,0.17891528,5.372433,0.008291118,0.0,0.014233572,0.51945156
7678,0.3430438,0.0,0.22346024,5.3724318,0.010449269,0.0,0.014696662,0.51945096
7679,0.38067508,0.0,0.26081797,5.372431,0.0109122,0.0,0.013939307,0.5194504
7680,0.27011216,0.0,0.19145636,5.3724327,0.0090327,0.0,0.01656099,0.51944995
7681,0.45151743,0.0,0.32865396,5.372434,0.009720958,0.0,0.012514623,0.51944923
7682,0.7082256,0.0,0.17793469,5.372435,0.0094192345,0.0,0.014143042,0.51944894
7683,0.6280972,0.0,0.2124593,5.3724384,0.009010151,0.0,0.012522035,0.5194483
7684,0.48039857,0.0,0.26002222,5.372442,0.009190484,0.0,0.013488908,0.5194475
7685,0.46198505,0.0,0.24795155,5.3724446,0.007161625,0.0,0.0139636975,0.51944685
7686,0.35979918,0.0,0.15569527,5.372445,0.007929279,0.0,0.012484091,0.5194464
7687,0.20078091,0.0,0.1824134,5.372446,0.00821402,0.0,0.012666718,0.5194459
7688,0.3338474,0.0,0.23472363,5.3724475,0.009226996,0.0,0.015086602,0.5194457
7689,0.334389,0.0,0.21956484,5.372446,0.008926704,0.0,0.0149265025,0.5194454
7690,0.7187355,0.0,0.19408251,5.3724446,0.008212661,0.0,0.015669098,0.51944494
7691,0.16007583,0.0,0.19396839,5.3724422,0.010209333,0.0,0.017560236,0.5194445
7692,0.3252838,0.0,0.18420647,5.3724384,0.010737074,0.0,0.014891172,0.51944417
7693,0.6514805,0.0,0.20415846,5.372435,0.009509176,0.0,0.01721726,0.519444
7694,0.7594305,0.0,0.30983508,5.372433,0.009238793,0.0,0.014871756,0.51944387
7695,0.2971585,0.0,0.26996475,5.3724303,0.008706578,0.0,0.01469037,0.51944375
7696,0.28929198,0.0,0.14357294,5.372428,0.010407056,0.0,0.014811431,0.51944387
7697,0.29822764,0.0,0.20241529,5.3724246,0.007875433,0.0,0.016976014,0.51944363
7698,0.3003577,0.0,0.18357296,5.3724213,0.010392166,0.0,0.016578382,0.51944345
7699,0.4971896,0.0,0.14905468,5.3724184,0.009448035,0.0,0.013102909,0.5194435
7700,0.397145,0.0,0.24349152,5.372413,0.009406087,0.0,0.012954662,0.51944345
7701,0.61383015,0.0,0.15159273,5.3724103,0.008872593,0.0,0.016453812,0.51944304
7702,0.42597863,0.0,0.17973109,5.372405,0.0074848277,0.0,0.011313195,0.5194427
7703,0.28464943,0.0,0.42708567,5.372401,0.011030552,0.0,0.0117971925,0.51944214
7704,0.2902306,0.0,0.18208861,5.3723993,0.00994078,0.0,0.0149455,0.51944155
7705,0.3641296,0.0,0.26919606,5.372396,0.0086368825,0.0,0.01752336,0.51944137
7706,0.37325197,0.0,0.17158699,5.3723927,0.008895053,0.0,0.016484156,0.519441
7707,0.3035653,0.0,0.18670277,5.3723917,0.008700041,0.0,0.014877215,0.51944137
7708,0.5064344,0.0,0.22972174,5.372389,0.009449435,0.0,0.014932906,0.5194419
7709,0.6580559,0.0,0.15795724,5.3723884,0.009611194,0.0,0.017087871,0.51944226
7710,0.519009,0.0,0.27730137,5.372387,0.009330203,0.0,0.0146873575,0.51944214
7711,0.27221194,0.0,0.18889701,5.3723855,0.009292243,0.0,0.0124847805,0.51944184
7712,0.7307786,0.0,0.22844595,5.372383,0.01088124,0.0,0.014286738,0.51944137
7713,0.57170767,0.0,0.22993594,5.3723803,0.010772617,0.0,0.01470878,0.5194408
7714,1.0308493,0.0,0.23029473,5.372379,0.007918503,0.0,0.017284254,0.5194409
7715,0.32261997,0.0,0.2822716,5.3723783,0.011234207,0.0,0.016221574,0.519441
7716,0.6470564,0.0,0.24922164,5.3723774,0.008800493,0.0,0.013686013,0.5194413
7717,0.64271283,0.0,0.24488105,5.3723755,0.010638749,0.0,0.016120374,0.5194414
7718,0.8711386,0.0,0.103343405,5.3723745,0.007845305,0.0,0.01636155,0.5194417
7719,0.4936443,0.0,0.17158142,5.3723745,0.008529011,0.0,0.014895106,0.5194421
7720,0.33093587,0.0,0.21125534,5.3723736,0.0089725,0.0,0.017094728,0.51944274
7721,0.7089193,0.0,0.21095634,5.3723726,0.009362532,0.0,0.015191592,0.51944333
7722,0.3999449,0.0,0.18112043,5.3723707,0.009610202,0.0,0.0149316965,0.51944375
7723,0.20246965,0.0,0.1802277,5.3723693,0.009616558,0.0,0.018219268,0.5194446
7724,0.55129933,0.0,0.16667812,5.3723683,0.008833203,0.0,0.015004205,0.51944566
7725,0.71529317,0.0,0.14187524,5.372366,0.009583402,0.0,0.014331722,0.5194461
7726,0.45004067,0.0,0.13226764,5.372365,0.008844743,0.0,0.016453069,0.5194464
7727,0.2950644,0.0,0.21564275,5.3723645,0.010652383,0.0,0.014547818,0.51944697
7728,0.4741942,0.0,0.33755872,5.372364,0.009819527,0.0,0.016861733,0.5194474
7729,0.6288088,0.0,0.33091497,5.3723636,0.010262955,0.0,0.015982835,0.51944816
7730,0.30775067,0.0,0.21000992,5.372363,0.007629664,0.0,0.019530589,0.51944906
7731,0.37798718,0.0,0.34931666,5.3723607,0.009426771,0.0,0.0135452915,0.51945007
7732,0.36860996,0.0,0.21478976,5.3723583,0.009825628,0.0,0.015459616,0.51945066
7733,0.28001133,0.0,0.15479884,5.3723583,0.009327044,0.0,0.019183202,0.5194512
7734,0.5991687,0.0,0.22839886,5.372357,0.009895734,0.0,0.016474746,0.5194516
7735,0.37545002,0.0,0.14479458,5.372356,0.01034326,0.0,0.01457504,0.5194514
7736,0.6527914,0.0,0.29293174,5.3723564,0.010211108,0.0,0.014031078,0.5194512
7737,0.36087027,0.0,0.232387,5.3723555,0.0114245,0.0,0.014029463,0.5194506
7738,0.305598,0.0,0.21974377,5.372355,0.009533105,0.0,0.015446858,0.51944983
7739,0.25329015,0.0,0.2722343,5.372354,0.011064881,0.0,0.018262625,0.5194491
7740,0.40644065,0.0,0.16205814,5.3723516,0.008949993,0.0,0.015696881,0.5194492
7741,0.360433,0.0,0.21924463,5.3723483,0.008405919,0.0,0.0149846235,0.51944965
7742,0.38530424,0.0,0.11818869,5.3723435,0.010294823,0.0,0.015789092,0.5194502
7743,0.49537295,0.0,0.18034464,5.3723397,0.0087357685,0.0,0.01584129,0.5194508
7744,0.32935837,0.0,0.16984273,5.372335,0.0088570565,0.0,0.013989922,0.5194512
7745,0.26505253,0.0,0.15796977,5.3723316,0.008595123,0.0,0.012506174,0.5194513
7746,0.18878712,0.0,0.25345406,5.3723307,0.009845945,0.0,0.016853686,0.5194516
7747,0.26414934,0.0,0.26611355,5.3723316,0.008989319,0.0,0.016358888,0.5194521
7748,0.44280693,0.0,0.2744671,5.3723316,0.008681802,0.0,0.016457422,0.51945275
7749,0.75057304,0.0,0.17093605,5.3723316,0.010429877,0.0,0.014791879,0.5194543
7750,0.370533,0.0,0.24755576,5.372331,0.008528127,0.0,0.015681839,0.5194556
7751,0.35540348,0.0,0.2917417,5.3723307,0.008952549,0.0,0.015411574,0.51945686
7752,0.22539388,0.0,0.28257874,5.3723297,0.008551052,0.0,0.018145105,0.5194577
7753,0.6733639,0.0,0.39915866,5.37233,0.011831091,0.0,0.015887367,0.5194588
7754,0.30964237,0.0,0.2936593,5.3723297,0.00906717,0.0,0.0153771285,0.51945996
7755,0.26444998,0.0,0.23808663,5.372333,0.008412189,0.0,0.017101116,0.5194614
7756,0.6876181,0.0,0.28280374,5.372336,0.009352444,0.0,0.015378589,0.519463
7757,0.43587255,0.0,0.13116355,5.3723392,0.009167033,0.0,0.014484334,0.51946425
7758,0.47176886,0.0,0.1243226,5.372343,0.009232706,0.0,0.011395792,0.51946485
7759,0.4255673,0.0,0.24238877,5.3723464,0.010202748,0.0,0.015675895,0.5194656
7760,0.31831297,0.0,0.19103226,5.3723497,0.010106102,0.0,0.014953127,0.519466
7761,0.38082907,0.0,0.20705742,5.3723536,0.008544834,0.0,0.016800685,0.5194664
7762,0.2943567,0.0,0.34257954,5.372355,0.010280144,0.0,0.015473515,0.5194667
7763,0.71662426,0.0,0.21954757,5.372356,0.0075275563,0.0,0.011240712,0.5194673
7764,0.2788423,0.0,0.18391217,5.372356,0.008549959,0.0,0.015072868,0.51946765
7765,0.18685474,0.0,0.2058106,5.3723564,0.009433693,0.0,0.01515792,0.5194679
7766,0.38486078,0.0,0.1488425,5.372359,0.009275032,0.0,0.014589723,0.51946837
7767,0.25842425,0.0,0.17518026,5.37236,0.008395452,0.0,0.015651006,0.5194686
7768,0.30085063,0.0,0.2238265,5.37236,0.009932225,0.0,0.015341305,0.51946896
7769,0.3628049,0.0,0.14919871,5.372361,0.009396687,0.0,0.017791709,0.5194691
7770,0.33055797,0.0,0.24745718,5.3723626,0.009226075,0.0,0.01477422,0.519469
7771,0.39000446,0.0,0.2285012,5.3723636,0.0080949,0.0,0.015183094,0.51946867
7772,0.4740589,0.0,0.18763675,5.372365,0.009664564,0.0,0.016537612,0.51946884
7773,0.36600602,0.0,0.15750141,5.3723655,0.00882948,0.0,0.013946478,0.51946855
7774,0.16685733,0.0,0.41805458,5.3723655,0.009264234,0.0,0.0148154395,0.51946825
7775,0.2464882,0.0,0.25789797,5.3723655,0.008165459,0.0,0.014169247,0.51946807
7776,0.29163095,0.0,0.2286003,5.3723664,0.006153686,0.0,0.014823378,0.5194677
7777,0.5650824,0.0,0.22655745,5.3723674,0.008722066,0.0,0.01685197,0.51946753
7778,0.20512004,0.0,0.14774923,5.372369,0.008602163,0.0,0.014657498,0.5194675
7779,0.35501567,0.0,0.111020595,5.372369,0.008750887,0.0,0.01677909,0.51946735
7780,0.51117516,0.0,0.16954969,5.372369,0.007895373,0.0,0.015492593,0.51946706
7781,0.2321775,0.0,0.2506331,5.372367,0.011060258,0.0,0.01448592,0.5194669
7782,0.40007782,0.0,0.24232642,5.3723645,0.008950121,0.0,0.015057037,0.5194666
7783,0.5112133,0.0,0.13707545,5.3723645,0.009489444,0.0,0.015430359,0.51946694
7784,0.5189618,0.0,0.19978482,5.372364,0.011050054,0.0,0.01641969,0.51946706
7785,0.3746651,0.0,0.17278253,5.372363,0.009735842,0.0,0.013922962,0.51946723
7786,0.25239974,0.0,0.23329785,5.3723636,0.00918484,0.0,0.015448925,0.5194669
7787,0.38381842,0.0,0.15678602,5.372364,0.01006781,0.0,0.014571562,0.51946676
7788,0.490758,0.0,0.34155446,5.3723645,0.007832532,0.0,0.015776152,0.51946676
7789,0.613905,0.0,0.2176617,5.372365,0.010018585,0.0,0.016112108,0.5194669
7790,0.41527808,0.0,0.21177329,5.3723645,0.01034187,0.0,0.016020706,0.5194676
7791,0.33499134,0.0,0.3273583,5.372364,0.01091939,0.0,0.015973255,0.5194678
7792,0.4320712,0.0,0.15552829,5.3723655,0.010744764,0.0,0.0137108145,0.5194678
7793,0.72708696,0.0,0.20716079,5.372366,0.00923322,0.0,0.01165199,0.51946753
7794,0.75035393,0.0,0.26214164,5.372368,0.011117463,0.0,0.016541297,0.5194672
7795,0.57409394,0.0,0.13134165,5.372369,0.0106150545,0.0,0.012948996,0.5194666
7796,0.6185982,0.0,0.19208075,5.3723693,0.008326659,0.0,0.017077519,0.519466
7797,0.6949297,0.0,0.13902,5.372369,0.009349155,0.0,0.01581577,0.51946545
7798,0.6132965,0.0,0.18923038,5.372368,0.009252136,0.0,0.014137343,0.51946527
7799,0.6451462,0.0,0.35348934,5.372366,0.008653792,0.0,0.0140385125,0.5194653
7800,0.42094755,0.0,0.19802375,5.3723636,0.011019693,0.0,0.016141523,0.51946586
7801,0.41582215,0.0,0.15259112,5.3723626,0.006820994,0.0,0.01456188,0.5194663
7802,0.33280417,0.0,0.16839483,5.37236,0.009451863,0.0,0.0152162835,0.51946676
7803,0.5870732,0.0,0.2772971,5.372359,0.009684358,0.0,0.017118897,0.5194674
7804,0.31647354,0.0,0.1557957,5.3723564,0.009247116,0.0,0.014519045,0.5194683
7805,0.67513067,0.0,0.15169816,5.3723555,0.009167607,0.0,0.014348389,0.5194692
7806,0.3432887,0.0,0.20340398,5.3723536,0.008391996,0.0,0.0120852655,0.5194697
7807,0.46084473,0.0,0.1823996,5.372354,0.009555188,0.0,0.018734498,0.51947016
7808,0.44478258,0.0,0.20653997,5.3723536,0.011245419,0.0,0.020717233,0.5194704
7809,0.6111386,0.0,0.3703504,5.3723526,0.009553365,0.0,0.015614251,0.51947117
7810,0.6718998,0.0,0.28121525,5.372356,0.008790158,0.0,0.017458407,0.51947194
7811,0.30999607,0.0,0.29661393,5.37236,0.010884332,0.0,0.014091929,0.5194728
7812,0.25578913,0.0,0.26609164,5.3723664,0.008767782,0.0,0.0150496345,0.51947325
7813,0.29522818,0.0,0.17488803,5.372369,0.008786681,0.0,0.015435539,0.51947373
7814,0.34529936,0.0,0.24464422,5.372372,0.009659505,0.0,0.017307933,0.51947415
7815,0.29270715,0.0,0.21504697,5.3723774,0.006087551,0.0,0.01659768,0.51947445
7816,0.36959523,0.0,0.1841724,5.3723845,0.011258964,0.0,0.01802358,0.519475
7817,0.21022509,0.0,0.29228264,5.372391,0.012764232,0.0,0.016262515,0.51947564
7818,0.4518692,0.0,0.25672334,5.3723974,0.0075833593,0.0,0.017986847,0.51947623
7819,0.44884634,0.0,0.20524172,5.372403,0.008329932,0.0,0.013003944,0.5194767
7820,0.20036092,0.0,0.25255427,5.3724084,0.00912074,0.0,0.014146142,0.51947695
7821,0.5587431,0.0,0.14910206,5.3724155,0.0077992333,0.0,0.016858777,0.5194773
7822,0.61602676,0.0,0.15365198,5.3724217,0.00807316,0.0,0.016263347,0.5194777
7823,0.4381651,0.0,0.16502702,5.3724256,0.007983572,0.0,0.014954863,0.5194781
7824,0.40417895,0.0,0.14092775,5.3724327,0.009527879,0.0,0.013061459,0.5194781
7825,0.39030623,0.0,0.10000608,5.3724384,0.009022605,0.0,0.015281571,0.5194784
7826,0.1948972,0.0,0.24511528,5.3724427,0.00871286,0.0,0.01809718,0.5194787
7827,0.2575764,0.0,0.21310371,5.3724475,0.010525953,0.0,0.015645366,0.5194792
7828,0.2925294,0.0,0.17363787,5.3724513,0.009159359,0.0,0.0163359,0.5194794
7829,0.43803418,0.0,0.2996315,5.3724527,0.010594166,0.0,0.01500858,0.5194792
7830,0.37479365,0.0,0.45578337,5.3724556,0.009274609,0.0,0.015105414,0.51947933
7831,0.36168224,0.0,0.18124743,5.372457,0.007836226,0.0,0.018236628,0.5194797
7832,0.44621995,0.0,0.21992794,5.3724594,0.009265576,0.0,0.014456931,0.5194803
7833,0.2792309,0.0,0.23176928,5.3724604,0.010270334,0.0,0.013489696,0.5194812
7834,0.50685716,0.0,0.2648855,5.3724613,0.0095739355,0.0,0.01686989,0.51948166
7835,0.35912544,0.0,0.19653082,5.372463,0.007155071,0.0,0.012745444,0.519482
7836,0.2709794,0.0,0.22722332,5.3724637,0.0073096426,0.0,0.017453961,0.51948255
7837,0.58481276,0.0,0.18332088,5.372464,0.007885892,0.0,0.014113171,0.51948273
7838,0.1514242,0.0,0.22040832,5.3724637,0.009046174,0.0,0.019538859,0.51948285
7839,0.35659552,0.0,0.16498648,5.372463,0.009399168,0.0,0.0149356155,0.51948315
7840,0.21388859,0.0,0.27295274,5.372462,0.008303161,0.0,0.013953244,0.51948345
7841,0.21917704,0.0,0.17381458,5.3724604,0.009328854,0.0,0.014039166,0.5194836
7842,0.6168959,0.0,0.11246797,5.3724594,0.009425967,0.0,0.015307151,0.5194833
7843,1.0034014,0.0,0.13860182,5.3724585,0.008001365,0.0,0.015115837,0.5194833
7844,0.45239747,0.0,0.28854942,5.372456,0.009061597,0.0,0.014464934,0.5194833
7845,0.5223741,0.0,0.23658237,5.372454,0.007952253,0.0,0.011509562,0.5194829
7846,0.99497426,0.0,0.21417178,5.3724523,0.008106238,0.0,0.016597418,0.51948285
7847,0.57314754,0.0,0.21653615,5.3724523,0.0077927317,0.0,0.01624142,0.51948327
7848,0.22098127,0.0,0.23915482,5.3724527,0.009469941,0.0,0.017135572,0.51948357
7849,0.34357196,0.0,0.14311756,5.3724546,0.0095083015,0.0,0.014241438,0.5194835
7850,1.0093853,0.0,0.32090813,5.372456,0.008539276,0.0,0.014565237,0.5194834
7851,0.7840446,0.0,0.16171315,5.372456,0.012006591,0.0,0.01273325,0.51948315
7852,0.39854404,0.0,0.20790577,5.3724556,0.008283551,0.0,0.015377735,0.5194833
7853,0.2561954,0.0,0.37392667,5.3724546,0.008023167,0.0,0.014076234,0.51948375
7854,0.76043904,0.0,0.27798626,5.3724523,0.009057079,0.0,0.016895821,0.5194841
7855,0.9947001,0.0,0.12509704,5.372449,0.010685008,0.0,0.01769415,0.5194844
7856,0.57097787,0.0,0.21463569,5.3724465,0.009133616,0.0,0.018138075,0.51948464
7857,0.59159446,0.0,0.26551196,5.3724456,0.009449068,0.0,0.014998902,0.51948553
7858,0.45059222,0.0,0.24132717,5.3724446,0.0085423505,0.0,0.01875911,0.51948637
7859,0.42713633,0.0,0.15983424,5.3724427,0.007649312,0.0,0.014224328,0.5194873
7860,0.70459515,0.0,0.1411313,5.3724413,0.010082761,0.0,0.014568789,0.51948816
7861,0.5111039,0.0,0.1763857,5.37244,0.009865304,0.0,0.013854066,0.51948875
7862,0.267821,0.0,0.23000792,5.3724384,0.00911957,0.0,0.014202486,0.5194895
7863,0.38430893,0.0,0.17614216,5.3724384,0.0071412167,0.0,0.017369566,0.51948994
7864,0.92365134,0.0,0.1356563,5.372439,0.008589468,0.0,0.013562946,0.5194899
7865,0.63157177,0.0,0.23015939,5.3724413,0.0082722325,0.0,0.012582646,0.51948977
7866,0.29059204,0.0,0.18490024,5.3724437,0.008194385,0.0,0.014276514,0.5194898
7867,0.29295954,0.0,0.24072462,5.372444,0.009505119,0.0,0.01279732,0.5194903
7868,0.888476,0.0,0.21804667,5.372445,0.008445816,0.0,0.01238502,0.51949084
7869,0.27409205,0.0,0.20535056,5.3724465,0.010545702,0.0,0.01688757,0.5194913
7870,0.22400205,0.0,0.21833096,5.372448,0.008566168,0.0,0.014815865,0.5194915
7871,0.32849282,0.0,0.30179945,5.372451,0.010195414,0.0,0.014762069,0.5194918
7872,0.4218787,0.0,0.14402689,5.3724537,0.00822365,0.0,0.0131373815,0.519492
7873,0.40792963,0.0,0.17076208,5.372456,0.0104329465,0.0,0.016947024,0.5194919
7874,0.21141839,0.0,0.15500239,5.3724575,0.007853741,0.0,0.01491131,0.5194923
7875,0.46805552,0.0,0.31941307,5.3724594,0.009073878,0.0,0.015440993,0.5194931
7876,0.27519304,0.0,0.19292647,5.3724594,0.009578085,0.0,0.015561607,0.5194937
7877,0.40633467,0.0,0.21167663,5.37246,0.007806956,0.0,0.015085511,0.51949424
7878,0.3321458,0.0,0.32305485,5.3724604,0.007702767,0.0,0.01709006,0.5194952
7879,0.48791498,0.0,0.19979692,5.3724604,0.008692875,0.0,0.014620881,0.51949584
7880,0.4767214,0.0,0.20332749,5.372458,0.007620939,0.0,0.014112694,0.5194966
7881,0.28032684,0.0,0.18531151,5.3724523,0.008442866,0.0,0.014233695,0.5194976
7882,0.24326006,0.0,0.22016777,5.3724484,0.008424403,0.0,0.013856221,0.51949894
7883,0.36625847,0.0,0.21773617,5.3724422,0.010672859,0.0,0.017074171,0.5194998
7884,0.81192493,0.0,0.21579504,5.3724375,0.009656353,0.0,0.013398227,0.51950127
7885,0.448872,0.0,0.16602992,5.372435,0.009268533,0.0,0.016955994,0.5195024
7886,0.3072681,0.0,0.27783754,5.372433,0.013077038,0.0,0.017441997,0.51950324
7887,0.32489267,0.0,0.2738417,5.3724313,0.009661764,0.0,0.020453049,0.5195044
7888,0.82899237,0.0,0.1826558,5.372429,0.010914124,0.0,0.0155739905,0.519505
7889,0.3216565,0.0,0.36588678,5.372427,0.008294531,0.0,0.015463273,0.51950526
7890,0.33517474,0.0,0.1866857,5.3724275,0.006899633,0.0,0.017438222,0.51950556
7891,0.48342398,0.0,0.19021642,5.3724265,0.009543207,0.0,0.014869671,0.5195061
7892,0.42876485,0.0,0.23537666,5.3724256,0.010257363,0.0,0.015297439,0.5195062
7893,0.666246,0.0,0.16311546,5.3724256,0.008269222,0.0,0.01668973,0.51950634
7894,0.34466317,0.0,0.1922405,5.3724246,0.010283602,0.0,0.014881694,0.5195063
7895,0.49747643,0.0,0.19046503,5.372424,0.009867141,0.0,0.01867371,0.5195062
7896,0.7317591,0.0,0.16000856,5.3724217,0.008759088,0.0,0.015071834,0.51950616
7897,0.39349923,0.0,0.24544322,5.372421,0.008525359,0.0,0.015252938,0.51950634
7898,0.62556195,0.0,0.25512347,5.3724184,0.0085076345,0.0,0.014578631,0.5195066
7899,0.6897311,0.0,0.19532414,5.372416,0.008274547,0.0,0.012381645,0.5195064
7900,0.24180865,0.0,0.16240548,5.3724155,0.0083675785,0.0,0.014867532,0.5195062
7901,0.2953002,0.0,0.34969848,5.3724155,0.008826216,0.0,0.014733988,0.5195062
7902,0.3423816,0.0,0.17065276,5.3724146,0.009499381,0.0,0.016523836,0.5195062
7903,0.38799134,0.0,0.33345842,5.372414,0.008482086,0.0,0.013767117,0.51950574
7904,0.53275573,0.0,0.19461933,5.372414,0.009528886,0.0,0.013599646,0.5195052
7905,0.2392994,0.0,0.17711727,5.372414,0.006579828,0.0,0.011589856,0.5195044
7906,0.2692422,0.0,0.33126694,5.372413,0.0083791595,0.0,0.020452222,0.5195032
7907,0.6467974,0.0,0.12508053,5.372412,0.010296136,0.0,0.013583554,0.51950276
7908,0.17813092,0.0,0.093026526,5.3724113,0.007650765,0.0,0.015020771,0.5195025
7909,0.32010132,0.0,0.21623266,5.3724093,0.009778771,0.0,0.014402846,0.5195024
7910,0.5987237,0.0,0.27460298,5.3724084,0.00963873,0.0,0.016511783,0.5195022
7911,0.58727014,0.0,0.1967155,5.372406,0.009158094,0.0,0.017005514,0.51950216
7912,0.2981187,0.0,0.20799084,5.3724046,0.008149553,0.0,0.018322749,0.5195021
7913,0.4743016,0.0,0.1935787,5.372402,0.007860238,0.0,0.014410652,0.51950204
7914,0.33093184,0.0,0.3086539,5.3724,0.010789612,0.0,0.011332801,0.51950234
7915,0.315771,0.0,0.11577532,5.372398,0.009173832,0.0,0.014375679,0.5195025
7916,0.32551324,0.0,0.32281786,5.372395,0.008400098,0.0,0.01398783,0.51950276
7917,0.34003833,0.0,0.1675498,5.372394,0.007333494,0.0,0.015399644,0.5195029
7918,0.42258587,0.0,0.24110559,5.372391,0.010031385,0.0,0.015523207,0.5195031
7919,0.49506226,0.0,0.259046,5.3723917,0.009547284,0.0,0.013756203,0.5195034
7920,0.263507,0.0,0.22709455,5.3723936,0.009889305,0.0,0.012892732,0.5195035
7921,0.26717502,0.0,0.27744558,5.372394,0.010204256,0.0,0.011957435,0.51950365
7922,0.47479,0.0,0.18151288,5.372395,0.009539017,0.0,0.015205398,0.51950383
7923,0.9597789,0.0,0.2678108,5.372397,0.010473447,0.0,0.013548996,0.5195035
7924,0.5030593,0.0,0.20739974,5.3724,0.010201225,0.0,0.016556874,0.5195035
7925,1.154506,0.0,0.2327192,5.3724027,0.00684973,0.0,0.015059684,0.5195037
7926,0.43906972,0.0,0.1588783,5.3724046,0.008885533,0.0,0.014644457,0.5195037
7927,0.39099494,0.0,0.25652283,5.3724074,0.008962132,0.0,0.01833966,0.51950324
7928,0.33188218,0.0,0.18535465,5.3724093,0.008408192,0.0,0.013843352,0.5195027
7929,0.24378657,0.0,0.2752763,5.372412,0.008937008,0.0,0.015297256,0.5195025
7930,0.5337706,0.0,0.24486195,5.372413,0.009327923,0.0,0.015842427,0.5195024
7931,0.32834864,0.0,0.24785274,5.3724155,0.010189577,0.0,0.01843479,0.51950234
7932,0.30018705,0.0,0.24831234,5.3724194,0.007953489,0.0,0.017198157,0.5195021
7933,0.28805834,0.0,0.29167226,5.372422,0.009465037,0.0,0.0138613535,0.5195022
7934,0.37147787,0.0,0.2198032,5.372428,0.008628162,0.0,0.015087661,0.5195023
7935,0.5159124,0.0,0.35133696,5.3724337,0.008077854,0.0,0.014406863,0.51950186
7936,0.272628,0.0,0.18065861,5.3724365,0.0096607115,0.0,0.015996095,0.5195013
7937,0.23056781,0.0,0.23823722,5.37244,0.008575138,0.0,0.01635137,0.5195009
7938,0.41239727,0.0,0.29961872,5.3724427,0.009510055,0.0,0.015649835,0.51950026
7939,0.5012526,0.0,0.1825622,5.3724475,0.0099188555,0.0,0.016126648,0.5194996
7940,0.7119119,0.0,0.24588583,5.37245,0.008760724,0.0,0.01744032,0.51949877
7941,0.4566381,0.0,0.14796957,5.3724523,0.010858098,0.0,0.020698868,0.5194985
7942,0.7142523,0.0,0.15812449,5.372454,0.00798976,0.0,0.015886929,0.51949847
7943,0.33991012,0.0,0.2141527,5.3724566,0.010141072,0.0,0.01572305,0.5194982
7944,0.26864645,0.0,0.22044578,5.372459,0.011061505,0.0,0.012261963,0.5194983
7945,0.27228212,0.0,0.18256484,5.3724604,0.009659765,0.0,0.014856082,0.51949805
7946,0.37673366,0.0,0.27975318,5.3724604,0.009104239,0.0,0.01693862,0.519498
7947,0.27931163,0.0,0.22642067,5.372462,0.008353608,0.0,0.016763484,0.519498
7948,0.23950893,0.0,0.16383615,5.372463,0.011751888,0.0,0.01582719,0.5194978
7949,0.51890963,0.0,0.30268967,5.372464,0.008096136,0.0,0.014331052,0.51949775
7950,0.38801202,0.0,0.30873442,5.3724637,0.00952743,0.0,0.015125242,0.5194977
7951,0.32114375,0.0,0.17536792,5.3724637,0.00981148,0.0,0.0133995395,0.51949817
7952,0.26357335,0.0,0.22506298,5.3724647,0.007228273,0.0,0.017845707,0.5194984
7953,0.20688206,0.0,0.19881545,5.3724675,0.008693722,0.0,0.015328647,0.51949865
7954,0.19923587,0.0,0.29716447,5.372472,0.008525291,0.0,0.014333285,0.51949877
7955,0.4035798,0.0,0.2787859,5.372474,0.008635139,0.0,0.012056057,0.5194988
7956,0.25166222,0.0,0.20068856,5.3724747,0.007968891,0.0,0.014664402,0.51949906
7957,0.29844856,0.0,0.22190844,5.3724766,0.009557013,0.0,0.015859947,0.51949906
7958,0.6501677,0.0,0.2142067,5.3724804,0.010488248,0.0,0.015232839,0.51949894
7959,0.30479035,0.0,0.21376494,5.372482,0.009801301,0.0,0.014962716,0.519499
7960,0.39585388,0.0,0.18195471,5.372483,0.009547083,0.0,0.016733402,0.51949906
7961,0.30644783,0.0,0.15551291,5.3724823,0.0094128195,0.0,0.017465897,0.51949906
7962,0.36190018,0.0,0.18820539,5.372482,0.011561913,0.0,0.017833274,0.51949865
7963,0.38561964,0.0,0.41211265,5.3724833,0.009285653,0.0,0.017850963,0.5194982
7964,0.51574457,0.0,0.3724436,5.3724847,0.009862947,0.0,0.013282502,0.51949805
7965,0.8166839,0.0,0.16139692,5.372486,0.0075626243,0.0,0.021546863,0.5194976
7966,0.28068477,0.0,0.30707154,5.3724856,0.010484803,0.0,0.012987961,0.51949793
7967,0.45749685,0.0,0.19213225,5.3724856,0.009596821,0.0,0.018113652,0.5194983
7968,0.68453616,0.0,0.15641543,5.3724837,0.008892831,0.0,0.011794668,0.5194989
7969,0.20688225,0.0,0.38697982,5.372481,0.011093166,0.0,0.015483988,0.5194992
7970,0.48475358,0.0,0.28292486,5.3724813,0.010183662,0.0,0.016569812,0.5195
7971,0.35248291,0.0,0.3420799,5.372482,0.009462025,0.0,0.013673753,0.51950103
7972,0.35904735,0.0,0.22949617,5.3724823,0.009497406,0.0,0.015739447,0.51950186
7973,0.2965736,0.0,0.22784631,5.3724833,0.0091840755,0.0,0.012994344,0.5195026
7974,0.45241922,0.0,0.15224168,5.3724837,0.010291523,0.0,0.013488941,0.5195031
7975,0.4148165,0.0,0.19887622,5.3724847,0.009155244,0.0,0.012760932,0.5195035
7976,0.3193548,0.0,0.23701324,5.372485,0.00859562,0.0,0.01334688,0.5195035
7977,0.41256088,0.0,0.46143076,5.372486,0.008891328,0.0,0.015028445,0.51950336
7978,0.26440427,0.0,0.17843649,5.3724856,0.009560649,0.0,0.015474382,0.5195032
7979,0.5605482,0.0,0.3916327,5.3724847,0.0088759875,0.0,0.016447028,0.5195025
7980,0.27373353,0.0,0.18222146,5.3724833,0.0091038495,0.0,0.016679281,0.51950234
7981,0.36556336,0.0,0.21777718,5.372481,0.006629676,0.0,0.015234467,0.5195024
7982,0.2751026,0.0,0.18684646,5.37248,0.009730835,0.0,0.014747744,0.51950216
7983,0.35285088,0.0,0.20507954,5.372479,0.011208535,0.0,0.014770259,0.51950246
7984,0.31839472,0.0,0.281647,5.3724775,0.009619434,0.0,0.015439583,0.5195028
7985,0.7015866,0.0,0.19532485,5.3724775,0.010138446,0.0,0.012491294,0.5195033
7986,0.420966,0.0,0.22454308,5.372478,0.009391206,0.0,0.017035453,0.5195035
7987,0.31085053,0.0,0.3761071,5.3724775,0.009715257,0.0,0.0153733315,0.5195041
7988,0.32877034,0.0,0.17462084,5.37248,0.009057152,0.0,0.0151369795,0.5195052
7989,0.5172092,0.0,0.27247608,5.372481,0.008310477,0.0,0.012943408,0.51950634
7990,0.58186334,0.0,0.31380588,5.372482,0.009732796,0.0,0.015414339,0.51950693
7991,0.5841259,0.0,0.28963202,5.3724833,0.009151066,0.0,0.013367445,0.5195075
7992,0.30219218,0.0,0.4113705,5.372484,0.008390915,0.0,0.014735135,0.5195077
7993,1.1198492,0.0,0.1614213,5.3724833,0.009836934,0.0,0.016568607,0.5195082
7994,0.4187564,0.0,0.2916199,5.372484,0.0094719445,0.0,0.012518766,0.5195091
7995,0.40663487,0.0,0.24075852,5.372486,0.009972619,0.0,0.016141515,0.51950973
7996,0.4521716,0.0,0.19594209,5.3724904,0.008662333,0.0,0.012972313,0.51951027
7997,0.48132297,0.0,0.23622939,5.372492,0.009565582,0.0,0.021570751,0.51951057
7998,0.6116876,0.0,0.2652444,5.3724914,0.009081705,0.0,0.018650342,0.51951134
7999,0.26833504,0.0,0.23146264,5.3724904,0.009206666,0.0,0.018167062,0.51951206
8000,0.19731994,0.0,0.43756968,5.3724904,0.012620995,0.0,0.015280131,0.519513
8001,0.5193303,0.0,0.19226238,5.3724866,0.009899682,0.0,0.013568961,0.5195143
8002,0.6146871,0.0,0.19696559,5.3724837,0.009322388,0.0,0.015262102,0.5195156
8003,0.6315185,0.0,0.13503374,5.372482,0.0107939225,0.0,0.01960989,0.51951706
8004,0.27530324,0.0,0.19318801,5.3724785,0.009072544,0.0,0.014663185,0.5195183
8005,0.34651884,0.0,0.20640022,5.3724756,0.009713832,0.0,0.01708629,0.5195198
8006,0.43292627,0.0,0.22325541,5.372476,0.0088849915,0.0,0.015945995,0.51952124
8007,0.36137512,0.0,0.22182555,5.3724737,0.009463265,0.0,0.015220588,0.5195221
8008,0.30895168,0.0,0.29677737,5.372472,0.012304271,0.0,0.014214393,0.5195232
8009,0.44442374,0.0,0.2686606,5.3724694,0.00788825,0.0,0.015999919,0.5195246
8010,0.17433967,0.0,0.1285102,5.3724685,0.0101279365,0.0,0.01671443,0.5195254
8011,0.35290974,0.0,0.34824985,5.3724666,0.006937208,0.0,0.012602122,0.5195262
8012,0.7468221,0.0,0.17873836,5.3724627,0.009203798,0.0,0.013976631,0.5195268
8013,0.49790922,0.0,0.22982478,5.372459,0.009888917,0.0,0.015161123,0.5195272
8014,0.51336217,0.0,0.21958153,5.372455,0.0069800634,0.0,0.017400661,0.51952785
8015,0.70221,0.0,0.12682185,5.3724513,0.0077254013,0.0,0.01877076,0.5195283
8016,0.6287312,0.0,0.18172431,5.3724484,0.010794557,0.0,0.014809743,0.5195286
8017,0.22807914,0.0,0.21316259,5.3724475,0.008250685,0.0,0.014779912,0.51952857
8018,0.5346478,0.0,0.24235336,5.3724465,0.008639645,0.0,0.017963896,0.519529
8019,0.39686802,0.0,0.18153262,5.3724456,0.009529521,0.0,0.017213423,0.5195294
8020,0.705655,0.0,0.20687576,5.3724427,0.009810921,0.0,0.013328725,0.51952994
8021,0.5109352,0.0,0.15273014,5.3724413,0.009387289,0.0,0.014970629,0.5195305
8022,0.3485722,0.0,0.20418325,5.372439,0.010031652,0.0,0.012523662,0.519531
8023,0.30309334,0.0,0.15598346,5.372437,0.009790293,0.0,0.01177618,0.5195316
8024,0.32755437,0.0,0.21221927,5.3724346,0.0082083605,0.0,0.014872399,0.51953197
8025,0.28762844,0.0,0.21920341,5.3724346,0.0075192726,0.0,0.016116843,0.5195322
8026,0.39256635,0.0,0.23262252,5.3724356,0.01103137,0.0,0.0144007085,0.5195324
8027,0.48787647,0.0,0.31326708,5.372437,0.008778775,0.0,0.016726738,0.5195328
8028,0.43238974,0.0,0.12679736,5.37244,0.008125467,0.0,0.015981218,0.5195333
8029,0.23606892,0.0,0.26424474,5.3724422,0.008847025,0.0,0.01532709,0.5195337
8030,0.44566026,0.0,0.27096197,5.3724427,0.007848302,0.0,0.01631754,0.5195341
8031,0.49673495,0.0,0.20718747,5.3724437,0.008710397,0.0,0.01608919,0.51953477
8032,0.57864064,0.0,0.11881712,5.372445,0.009525964,0.0,0.017594079,0.51953536
8033,0.47800356,0.0,0.22847512,5.372446,0.009235902,0.0,0.014146058,0.5195362
8034,0.36357665,0.0,0.20004362,5.372446,0.008601887,0.0,0.015444238,0.51953673
8035,0.31120956,0.0,0.22990155,5.372446,0.011543092,0.0,0.018530928,0.51953727
8036,0.37008634,0.0,0.28170353,5.3724456,0.011378866,0.0,0.012893994,0.51953715
8037,0.29474244,0.0,0.1957195,5.372448,0.010915514,0.0,0.017899849,0.51953673
8038,0.33587992,0.0,0.1694018,5.372449,0.009909045,0.0,0.016308982,0.5195366
8039,0.29671,0.0,0.15311743,5.3724504,0.010954299,0.0,0.014360788,0.51953614
8040,0.2900979,0.0,0.2055368,5.372449,0.011570833,0.0,0.015470696,0.5195351
8041,0.5080004,0.0,0.119684555,5.372451,0.009689584,0.0,0.016883302,0.519534
8042,0.3640499,0.0,0.22573449,5.372452,0.00881283,0.0,0.012005772,0.51953316
8043,0.3428696,0.0,0.09658815,5.3724527,0.010442139,0.0,0.015672017,0.5195321
8044,0.41683438,0.0,0.22370903,5.3724546,0.007780799,0.0,0.015637547,0.51953137
8045,0.30481708,0.0,0.26701197,5.372456,0.007550268,0.0,0.015958816,0.5195306
8046,0.5998985,0.0,0.17304073,5.372458,0.008770477,0.0,0.013883658,0.51952964
8047,0.7160102,0.0,0.20971934,5.3724594,0.009883849,0.0,0.018448154,0.51952904
8048,0.41383952,0.0,0.16339548,5.372463,0.008176217,0.0,0.014272765,0.5195285
8049,0.31803167,0.0,0.25803483,5.3724647,0.0077006714,0.0,0.015564032,0.519528
8050,0.32781014,0.0,0.23083088,5.372465,0.009740706,0.0,0.018002976,0.51952744
8051,0.70779485,0.0,0.1880299,5.3724647,0.00903337,0.0,0.014106523,0.51952726
8052,0.3759502,0.0,0.14918661,5.3724647,0.009970272,0.0,0.0176521,0.51952696
8053,0.35859317,0.0,0.22127298,5.3724647,0.008980683,0.0,0.014761161,0.51952684
8054,0.80655456,0.0,0.30879125,5.3724627,0.00975501,0.0,0.013018868,0.5195267
8055,0.24794364,0.0,0.30907097,5.37246,0.00889296,0.0,0.016634168,0.5195264
8056,0.29608008,0.0,0.24772272,5.372456,0.01007967,0.0,0.013074549,0.5195259
8057,0.5586497,0.0,0.24417101,5.3724527,0.008805821,0.0,0.013560845,0.51952535
8058,0.480468,0.0,0.13512057,5.3724494,0.0091764005,0.0,0.017975071,0.51952446
8059,0.58146286,0.0,0.16102059,5.372445,0.010108437,0.0,0.017400898,0.51952386
8060,0.3791663,0.0,0.29615533,5.3724427,0.009491119,0.0,0.014609555,0.5195231
8061,0.6371424,0.0,0.38221368,5.372441,0.009469417,0.0,0.01323762,0.51952213
8062,0.35353988,0.0,0.25976828,5.3724394,0.011183082,0.0,0.015935048,0.519521
8063,0.2885886,0.0,0.27443337,5.3724384,0.008455139,0.0,0.012885631,0.5195198
8064,0.35558766,0.0,0.19930816,5.372434,0.008604338,0.0,0.0133601595,0.51951885
8065,0.22349814,0.0,0.49740654,5.3724303,0.008920936,0.0,0.017049681,0.5195182
8066,0.7517942,0.0,0.25305527,5.3724246,0.009738824,0.0,0.013102783,0.51951814
8067,0.50889146,0.0,0.18060239,5.3724203,0.010152217,0.0,0.013510237,0.5195182
8068,0.49411696,0.0,0.13080877,5.3724146,0.010326376,0.0,0.014429286,0.5195182
8069,0.6295391,0.0,0.19448534,5.372409,0.009147427,0.0,0.016063869,0.5195182
8070,0.30307454,0.0,0.20927197,5.3724036,0.0074499147,0.0,0.015503582,0.5195181
8071,0.61680603,0.0,0.15232195,5.372397,0.010834867,0.0,0.016382778,0.5195177
8072,0.1835608,0.0,0.43956444,5.3723927,0.008740781,0.0,0.016054168,0.5195185
8073,0.2944626,0.0,0.13990328,5.372387,0.009653169,0.0,0.014095597,0.51951885
8074,0.22283071,0.0,0.17384496,5.3723807,0.010620173,0.0,0.010804785,0.51951927
8075,0.34947422,0.0,0.19793265,5.3723764,0.009591633,0.0,0.018819014,0.51952034
8076,0.59470785,0.0,0.23566134,5.372373,0.009143193,0.0,0.013588596,0.51952153
8077,0.4080522,0.0,0.39626208,5.372371,0.007669527,0.0,0.01412114,0.51952267
8078,0.49658996,0.0,0.17073753,5.372369,0.009388622,0.0,0.015240943,0.5195236
8079,0.39267424,0.0,0.16504441,5.3723664,0.00847033,0.0,0.017605703,0.51952493
8080,0.56509846,0.0,0.17886718,5.3723617,0.008108282,0.0,0.015286672,0.5195261
8081,0.59186566,0.0,0.24900416,5.372357,0.008489582,0.0,0.0153074665,0.51952726
8082,0.22338544,0.0,0.15275994,5.372352,0.0085514365,0.0,0.016880196,0.51952827
8083,0.42592394,0.0,0.34724307,5.372347,0.0071782796,0.0,0.012987473,0.5195291
8084,0.47065243,0.0,0.18478516,5.3723426,0.008607683,0.0,0.017408038,0.51952964
8085,0.30665427,0.0,0.2983211,5.3723383,0.010166375,0.0,0.013288092,0.51953024
8086,0.31501278,0.0,0.22724903,5.372337,0.011362446,0.0,0.015067066,0.51953137
8087,0.26992646,0.0,0.16340242,5.372338,0.009075607,0.0,0.016315414,0.5195323
8088,0.3212985,0.0,0.20506449,5.372337,0.009186927,0.0,0.0153309535,0.51953334
8089,0.47731215,0.0,0.20842291,5.3723354,0.009313022,0.0,0.014343577,0.51953435
8090,0.46329305,0.0,0.2091997,5.372334,0.010020423,0.0,0.013088299,0.51953524
8091,0.81807494,0.0,0.17832293,5.372334,0.009742443,0.0,0.017953536,0.5195361
8092,0.55563164,0.0,0.16536276,5.3723345,0.008403806,0.0,0.014626529,0.51953655
8093,0.38945228,0.0,0.18527603,5.3723345,0.010140485,0.0,0.015488608,0.51953685
8094,0.8167797,0.0,0.19308181,5.372334,0.008425356,0.0,0.014041173,0.51953745
8095,0.25004238,0.0,0.16560273,5.372334,0.008929666,0.0,0.016070107,0.519538
8096,0.38533145,0.0,0.19382739,5.3723345,0.010723644,0.0,0.017009381,0.51953834
8097,0.4825456,0.0,0.16878039,5.3723397,0.009337874,0.0,0.015901234,0.51953834
8098,0.38018617,0.0,0.19031185,5.372344,0.009889935,0.0,0.013474044,0.51953804
8099,0.27928984,0.0,0.16744193,5.372348,0.010802153,0.0,0.01245314,0.5195379
8100,0.2933321,0.0,0.22222959,5.37235,0.008773315,0.0,0.013238781,0.5195378
8101,0.57637143,0.0,0.17346196,5.372355,0.008419913,0.0,0.01600186,0.51953745
8102,0.38439047,0.0,0.24767937,5.3723574,0.010419563,0.0,0.019651607,0.5195377
8103,0.4152892,0.0,0.23129219,5.3723593,0.010572685,0.0,0.016902238,0.5195377
8104,0.5771407,0.0,0.1898194,5.37236,0.008289231,0.0,0.017808475,0.51953804
8105,0.55404216,0.0,0.23981433,5.372361,0.007845958,0.0,0.015437187,0.5195383
8106,0.55297613,0.0,0.19828214,5.37236,0.010057022,0.0,0.012994343,0.5195385
8107,0.34164363,0.0,0.17886738,5.3723593,0.0075243404,0.0,0.014350223,0.5195388
8108,0.35856318,0.0,0.23808102,5.3723583,0.009486079,0.0,0.0130414395,0.51953924
8109,0.54776025,0.0,0.21269985,5.372356,0.011522038,0.0,0.016924787,0.5195392
8110,0.47981906,0.0,0.134227,5.372353,0.010050687,0.0,0.015169415,0.5195391
8111,0.39226624,0.0,0.15971623,5.3723493,0.008038528,0.0,0.014088113,0.519539
8112,0.41089034,0.0,0.2597641,5.3723454,0.009018116,0.0,0.013638491,0.5195391
8113,0.536603,0.0,0.15559353,5.3723426,0.008370108,0.0,0.015285867,0.51953924
8114,0.29000393,0.0,0.1341639,5.3723397,0.009966358,0.0,0.015290203,0.5195394
8115,0.4672753,0.0,0.21040162,5.3723373,0.008692866,0.0,0.015582862,0.5195399
8116,0.27222046,0.0,0.22667052,5.372334,0.008311065,0.0,0.0139000015,0.5195408
8117,0.22585429,0.0,0.20323588,5.3723326,0.008472929,0.0,0.016354386,0.5195416
8118,0.1896109,0.0,0.20135109,5.372331,0.008593242,0.0,0.014587599,0.5195417
8119,0.30238536,0.0,0.13200188,5.3723297,0.008290212,0.0,0.012419493,0.5195419
8120,0.26225737,0.0,0.22226581,5.3723297,0.0095132915,0.0,0.017686404,0.5195418
8121,0.33197913,0.0,0.17055325,5.3723264,0.008211596,0.0,0.015325383,0.51954144
8122,0.54464954,0.0,0.24214326,5.372325,0.009665794,0.0,0.014815749,0.5195408
8123,0.5031731,0.0,0.27681065,5.37232,0.010027433,0.0,0.014029377,0.5195403
8124,0.63447666,0.0,0.2814646,5.372317,0.009124273,0.0,0.013334655,0.51953995
8125,0.2577861,0.0,0.31214428,5.3723173,0.007890222,0.0,0.019453047,0.5195395
8126,0.28473788,0.0,0.15430446,5.372319,0.008141699,0.0,0.014205632,0.5195394
8127,0.54673284,0.0,0.25558087,5.372321,0.00807408,0.0,0.014290303,0.51953965
8128,0.47078848,0.0,0.12733673,5.372321,0.011098709,0.0,0.014411149,0.5195398
8129,0.28992617,0.0,0.16161732,5.3723216,0.010128169,0.0,0.014587031,0.5195396
8130,0.3363804,0.0,0.13381866,5.372321,0.007106981,0.0,0.015712904,0.51953965
8131,0.37909937,0.0,0.20327684,5.3723197,0.010500276,0.0,0.012204283,0.51953954
8132,0.4262226,0.0,0.22549868,5.372319,0.008733301,0.0,0.014343681,0.51953954
8133,0.20616038,0.0,0.2516204,5.3723183,0.008262951,0.0,0.018443475,0.51953936
8134,0.41667828,0.0,0.21804084,5.3723183,0.009264862,0.0,0.013704092,0.51953936
8135,0.20536797,0.0,0.2339026,5.3723187,0.010049663,0.0,0.018714555,0.51953894
8136,0.76688504,0.0,0.18225023,5.3723207,0.010866176,0.0,0.015794989,0.5195387
8137,0.49219662,0.0,0.15304892,5.3723226,0.009636279,0.0,0.014934721,0.51953834
8138,0.9023863,0.0,0.30478594,5.372325,0.007964113,0.0,0.014610187,0.51953745
8139,0.55822086,0.0,0.12650037,5.3723283,0.011591239,0.0,0.016426276,0.5195368
8140,0.33331788,0.0,0.26000953,5.3723307,0.009159139,0.0,0.014226899,0.5195359
8141,0.41181,0.0,0.17711976,5.3723316,0.008134606,0.0,0.013842049,0.5195353
8142,0.21428241,0.0,0.19644785,5.372333,0.0098810475,0.0,0.01565143,0.5195347
8143,0.30882153,0.0,0.33962366,5.372335,0.011433977,0.0,0.016803961,0.5195342
8144,0.6402427,0.0,0.24298517,5.3723364,0.008718463,0.0,0.014226856,0.5195334
8145,0.46134958,0.0,0.18374734,5.372339,0.008951928,0.0,0.013419943,0.51953286
8146,0.2937744,0.0,0.123471156,5.37234,0.009277314,0.0,0.015890306,0.51953244
8147,0.70577747,0.0,0.3557452,5.372342,0.0090920525,0.0,0.015107451,0.51953214
8148,0.41582423,0.0,0.19463664,5.3723435,0.009910028,0.0,0.014851782,0.5195318
8149,0.41171792,0.0,0.26081437,5.3723435,0.008124188,0.0,0.0154659925,0.5195314
8150,0.29232702,0.0,0.18366581,5.372345,0.010570903,0.0,0.014760761,0.5195309
8151,0.41840395,0.0,0.14356194,5.3723454,0.011052525,0.0,0.017151242,0.5195301
8152,0.42079952,0.0,0.16633849,5.3723454,0.011513798,0.0,0.012252865,0.5195286
8153,0.3119938,0.0,0.19769835,5.3723445,0.009091365,0.0,0.015551062,0.51952714
8154,1.1377504,0.0,0.2071231,5.3723426,0.0096665155,0.0,0.012481523,0.5195255
8155,0.3931986,0.0,0.266298,5.3723392,0.010012765,0.0,0.017400239,0.51952416
8156,0.6658735,0.0,0.24248534,5.3723373,0.009150848,0.0,0.015562129,0.51952326
8157,0.34402165,0.0,0.18550648,5.3723345,0.008198576,0.0,0.013348662,0.51952255
8158,0.21076372,0.0,0.14361224,5.3723316,0.009149816,0.0,0.012876371,0.5195218
8159,0.74665385,0.0,0.27443877,5.3723297,0.009706854,0.0,0.01617596,0.51952124
8160,0.6258818,0.0,0.12760063,5.3723273,0.009179224,0.0,0.014370102,0.51952136
8161,0.30657217,0.0,0.20838344,5.372325,0.0071528843,0.0,0.013482283,0.51952106
8162,0.70144355,0.0,0.21516874,5.3723216,0.0077587836,0.0,0.015309803,0.51952076
8163,0.16676883,0.0,0.19927979,5.3723164,0.009988031,0.0,0.016351333,0.51952064
8164,0.2110871,0.0,0.2170994,5.3723106,0.007819373,0.0,0.017018076,0.5195204
8165,0.53725606,0.0,0.23309459,5.3723054,0.010750429,0.0,0.017785091,0.5195202
8166,0.17417707,0.0,0.16983129,5.372299,0.0073962267,0.0,0.013862793,0.5195202
8167,0.30678666,0.0,0.17950813,5.372291,0.009898882,0.0,0.014581311,0.5195205
8168,0.43280098,0.0,0.25831527,5.372286,0.007695871,0.0,0.017563857,0.519521
8169,0.62277377,0.0,0.124383636,5.372281,0.009785759,0.0,0.012414167,0.519521
8170,0.5178137,0.0,0.26939127,5.372276,0.010261506,0.0,0.016354404,0.5195214
8171,0.18134399,0.0,0.3018199,5.3722715,0.0075784605,0.0,0.015501822,0.51952153
8172,0.5454682,0.0,0.360768,5.372269,0.008607093,0.0,0.015043952,0.5195214
8173,0.17843409,0.0,0.39031416,5.372268,0.008747568,0.0,0.013824282,0.51952094
8174,0.32455504,0.0,0.20479369,5.3722706,0.00788624,0.0,0.016890822,0.5195205
8175,0.5903371,0.0,0.15497865,5.3722734,0.008132873,0.0,0.01483829,0.5195198
8176,0.77151775,0.0,0.3671052,5.3722773,0.009252721,0.0,0.015389798,0.5195195
8177,0.4012112,0.0,0.1777847,5.372281,0.0077019944,0.0,0.014327105,0.51951927
8178,0.6720235,0.0,0.23610945,5.372283,0.008830454,0.0,0.018683454,0.5195189
8179,0.3727991,0.0,0.2285614,5.3722844,0.008366495,0.0,0.015568794,0.5195186
8180,0.38383186,0.0,0.22860983,5.3722844,0.009390116,0.0,0.015687345,0.51951826
8181,0.6079992,0.0,0.12972836,5.372284,0.007120919,0.0,0.016257027,0.51951855
8182,0.5128844,0.0,0.17026965,5.3722844,0.008340877,0.0,0.013096761,0.5195187
8183,0.44940966,0.0,0.16735378,5.3722825,0.008470838,0.0,0.016792515,0.5195188
8184,0.5580786,0.0,0.26328418,5.372283,0.009435971,0.0,0.01542018,0.519519
8185,0.25558707,0.0,0.1979291,5.372282,0.00786062,0.0,0.016607001,0.51951927
8186,1.0132763,0.0,0.23267394,5.3722816,0.009044882,0.0,0.013865356,0.51951975
8187,0.28380105,0.0,0.3282976,5.372283,0.009459327,0.0,0.01814986,0.51952004
8188,0.5246455,0.0,0.23498206,5.372285,0.009437579,0.0,0.016308239,0.5195205
8189,0.33836028,0.0,0.23211807,5.372286,0.009425683,0.0,0.016578859,0.51952183
8190,0.35382947,0.0,0.1797055,5.3722863,0.00839994,0.0,0.014704918,0.51952296
8191,0.5375923,0.0,0.12474682,5.3722873,0.007572365,0.0,0.013388467,0.51952374
8192,0.4888881,0.0,0.27150315,5.3722873,0.00833157,0.0,0.016650988,0.5195244
8193,0.6994256,0.0,0.25449193,5.37229,0.0076625403,0.0,0.01367357,0.51952535
8194,0.2656947,0.0,0.25218093,5.372294,0.0108272815,0.0,0.013219501,0.51952684
8195,0.201465,0.0,0.13922957,5.3722963,0.0070530786,0.0,0.019921923,0.51952827
8196,0.34050062,0.0,0.19337279,5.372299,0.008892489,0.0,0.014913881,0.5195298
8197,0.33616444,0.0,0.17967659,5.3722982,0.007979067,0.0,0.016548347,0.5195312
8198,0.3657898,0.0,0.25564507,5.372299,0.007884995,0.0,0.014375033,0.51953214
8199,0.32857853,0.0,0.1808685,5.372301,0.008405613,0.0,0.016387412,0.5195332
8200,0.38560486,0.0,0.29638925,5.3723025,0.008577291,0.0,0.014617203,0.5195342
8201,0.36378872,0.0,0.30752143,5.372306,0.008132356,0.0,0.013955414,0.51953524
8202,0.55879503,0.0,0.11387753,5.3723073,0.008137889,0.0,0.014879087,0.5195361
8203,0.4714162,0.0,0.26043746,5.372308,0.007924391,0.0,0.014731962,0.5195369
8204,0.50940865,0.0,0.14282566,5.3723083,0.007956056,0.0,0.015386859,0.51953834
8205,0.23598054,0.0,0.27272248,5.3723063,0.008954203,0.0,0.012945858,0.5195397
8206,0.2909883,0.0,0.16597731,5.3723054,0.008424449,0.0,0.019721534,0.5195413
8207,0.3612919,0.0,0.2780368,5.3723054,0.0076271435,0.0,0.018056339,0.5195429
8208,0.68776983,0.0,0.26155475,5.372303,0.0072483877,0.0,0.016097346,0.51954454
8209,0.4780093,0.0,0.25350922,5.3723025,0.009445642,0.0,0.01620379,0.51954645
8210,0.38778472,0.0,0.2642448,5.372302,0.010042523,0.0,0.015128655,0.5195482
8211,0.3231554,0.0,0.32353434,5.3723025,0.009256712,0.0,0.015933521,0.5195497
8212,0.31092647,0.0,0.2052992,5.3723035,0.010142695,0.0,0.012400887,0.51955074
8213,0.35238543,0.0,0.27905017,5.372304,0.008650097,0.0,0.017449677,0.5195514
8214,0.36560887,0.0,0.17238382,5.372305,0.0071200496,0.0,0.016572613,0.51955223
8215,0.23400988,0.0,0.20619562,5.372306,0.007939146,0.0,0.014766847,0.51955277
8216,0.26360226,0.0,0.33270857,5.372308,0.011238701,0.0,0.016832225,0.5195533
8217,0.29280335,0.0,0.17685035,5.3723083,0.009624932,0.0,0.015435891,0.519554
8218,0.9402334,0.0,0.18738614,5.3723073,0.008402355,0.0,0.016911834,0.51955456
8219,0.58062196,0.0,0.21697065,5.372308,0.009956847,0.0,0.014147426,0.5195559
8220,0.3607337,0.0,0.33040407,5.3723083,0.0076991813,0.0,0.016912213,0.51955706
8221,0.28450197,0.0,0.22850567,5.3723097,0.008618002,0.0,0.01358065,0.5195582
8222,0.24368863,0.0,0.23477194,5.3723106,0.009110877,0.0,0.015395087,0.519559
8223,0.66323006,0.0,0.24889565,5.3723116,0.008801004,0.0,0.015258679,0.51955974
8224,0.43119606,0.0,0.25374916,5.372314,0.008535725,0.0,0.013229923,0.5195605
8225,0.58785194,0.0,0.37604085,5.3723164,0.0089589255,0.0,0.014229206,0.51956123
8226,0.36112422,0.0,0.21946084,5.372317,0.00956916,0.0,0.015723687,0.51956177
8227,0.29677036,0.0,0.14347689,5.3723207,0.0092210965,0.0,0.014398718,0.5195628
8228,0.37594453,0.0,0.22679237,5.3723235,0.008502523,0.0,0.013656894,0.5195634
8229,0.39961302,0.0,0.15812641,5.3723264,0.007326786,0.0,0.016842328,0.5195638
8230,0.17295752,0.0,0.2769896,5.3723297,0.008125807,0.0,0.014599296,0.5195639
8231,0.3894257,0.0,0.29892537,5.372332,0.011062921,0.0,0.012636391,0.5195636
8232,0.2924509,0.0,0.35782418,5.3723364,0.010287589,0.0,0.013259009,0.5195632
8233,0.206627,0.0,0.17526309,5.3723397,0.010178329,0.0,0.015751436,0.51956266
8234,0.19280656,0.0,0.23774402,5.3723416,0.008917577,0.0,0.023420045,0.5195623
8235,0.2509159,0.0,0.18535183,5.372341,0.009433303,0.0,0.015691916,0.51956224
8236,0.4767971,0.0,0.1146314,5.37234,0.010201447,0.0,0.013362289,0.5195618
8237,0.20052263,0.0,0.22124924,5.3723397,0.008109957,0.0,0.015023107,0.51956135
8238,0.3209767,0.0,0.24773134,5.3723383,0.0084115015,0.0,0.017451407,0.51956075
8239,0.33901253,0.0,0.38329026,5.3723364,0.009819556,0.0,0.015209392,0.51956016
8240,0.27769783,0.0,0.15804678,5.372333,0.0100221215,0.0,0.013074626,0.51955944
8241,0.21110661,0.0,0.15174636,5.3723297,0.0074572703,0.0,0.013449994,0.51955867
8242,0.38696358,0.0,0.18691999,5.372326,0.008708904,0.0,0.014424918,0.5195582
8243,1.1496297,0.0,0.18994707,5.372321,0.008124839,0.0,0.016563293,0.5195576
8244,0.22753678,0.0,0.1995779,5.372317,0.010424332,0.0,0.017586958,0.519557
8245,0.3266544,0.0,0.15359384,5.372311,0.008810446,0.0,0.019284919,0.5195568
8246,0.34830824,0.0,0.21974702,5.372306,0.01119732,0.0,0.015823612,0.51955706
8247,0.55694443,0.0,0.3290824,5.3722997,0.008181086,0.0,0.012787526,0.5195576
8248,0.24845302,0.0,0.16677201,5.3722982,0.008375468,0.0,0.017935745,0.5195581
8249,0.30195662,0.0,0.33720854,5.372295,0.006909179,0.0,0.0126389535,0.5195583
8250,0.6320005,0.0,0.22446628,5.3722916,0.008317021,0.0,0.014755952,0.51955837
8251,0.26257607,0.0,0.24339738,5.3722878,0.009162883,0.0,0.0147253135,0.5195583
8252,0.79404145,0.0,0.3741978,5.3722835,0.008846935,0.0,0.014109743,0.519558
8253,0.2605224,0.0,0.2553927,5.372279,0.00855017,0.0,0.0151233785,0.5195579
8254,0.49850792,0.0,0.2599644,5.372275,0.008975453,0.0,0.014420491,0.5195574
8255,0.37158868,0.0,0.2684129,5.37227,0.008222762,0.0,0.012063119,0.5195574
8256,0.27052295,0.0,0.21935011,5.372266,0.008344835,0.0,0.017418591,0.5195571
8257,0.6591195,0.0,0.17242938,5.372262,0.010363716,0.0,0.013599086,0.5195569
8258,0.2897503,0.0,0.17819111,5.3722577,0.010733185,0.0,0.013713378,0.5195566
8259,0.2996567,0.0,0.25695416,5.3722544,0.011596452,0.0,0.019527566,0.5195563
8260,0.5003088,0.0,0.10315661,5.37225,0.010055072,0.0,0.01515713,0.51955587
8261,0.47675142,0.0,0.34685388,5.372244,0.0105931405,0.0,0.015685307,0.5195557
8262,0.45197806,0.0,0.1504886,5.3722425,0.009009454,0.0,0.012016768,0.51955605
8263,0.41925198,0.0,0.1751933,5.3722396,0.009684602,0.0,0.015615824,0.5195565
8264,0.38700572,0.0,0.08549312,5.3722367,0.010072715,0.0,0.013797021,0.5195569
8265,0.79850274,0.0,0.19584803,5.3722334,0.009887835,0.0,0.014830438,0.51955694
8266,0.23414813,0.0,0.3273859,5.3722305,0.0070266156,0.0,0.01482834,0.5195568
8267,0.4201837,0.0,0.15720506,5.37223,0.007762455,0.0,0.0130899865,0.5195569
8268,0.19663635,0.0,0.17854948,5.372229,0.0076152687,0.0,0.017328214,0.5195568
8269,0.26641232,0.0,0.14387108,5.3722296,0.010410288,0.0,0.014535789,0.5195572
8270,0.28854632,0.0,0.15481581,5.3722305,0.0074684136,0.0,0.014635314,0.5195574
8271,0.32677144,0.0,0.24235432,5.3722324,0.008262907,0.0,0.011970525,0.5195576
8272,0.3242147,0.0,0.20298496,5.372234,0.009031087,0.0,0.0142734805,0.51955754
8273,0.29038194,0.0,0.29621497,5.3722343,0.00887835,0.0,0.016985502,0.5195575
8274,0.64241326,0.0,0.2869873,5.3722363,0.010932433,0.0,0.017575279,0.51955664
8275,0.35853797,0.0,0.27619132,5.3722363,0.008472195,0.0,0.015498171,0.51955605
8276,0.3279022,0.0,0.19659726,5.3722377,0.00992202,0.0,0.014869209,0.5195555
8277,0.536033,0.0,0.32246014,5.3722377,0.009045749,0.0,0.017660564,0.5195549
8278,0.43650496,0.0,0.2007159,5.372239,0.00974754,0.0,0.01514782,0.5195545
8279,0.2457023,0.0,0.23718718,5.3722405,0.00928673,0.0,0.013802501,0.5195543
8280,0.37823778,0.0,0.33186337,5.3722425,0.008899714,0.0,0.014002697,0.51955384
8281,0.37506062,0.0,0.15189563,5.3722444,0.010725467,0.0,0.014969217,0.51955384
8282,0.2744669,0.0,0.33812147,5.372245,0.008906694,0.0,0.014779858,0.5195537
8283,0.38568813,0.0,0.23402813,5.3722444,0.00842522,0.0,0.015409592,0.5195536
8284,0.58283305,0.0,0.20932415,5.372242,0.0068859397,0.0,0.015631538,0.51955336
8285,0.32091385,0.0,0.21241327,5.3722396,0.009361855,0.0,0.017027972,0.51955324
8286,0.48667005,0.0,0.2427719,5.372239,0.0094514685,0.0,0.016301319,0.51955307
8287,0.36823407,0.0,0.39530805,5.372238,0.010722301,0.0,0.01611789,0.51955307
8288,0.523979,0.0,0.18400785,5.372238,0.010065898,0.0,0.012345461,0.51955307
8289,0.32415634,0.0,0.16441435,5.372238,0.009860899,0.0,0.014444215,0.5195532
8290,0.6538361,0.0,0.14410508,5.372239,0.008377075,0.0,0.017632177,0.5195533
8291,0.35406905,0.0,0.12230977,5.37224,0.009027047,0.0,0.015659822,0.51955336
8292,0.6025574,0.0,0.16873471,5.372242,0.0073516285,0.0,0.017796068,0.51955324
8293,0.36246595,0.0,0.23485827,5.3722425,0.0109000895,0.0,0.012723644,0.51955324
8294,0.5288423,0.0,0.1513887,5.3722467,0.008440638,0.0,0.016082192,0.51955324
8295,0.49843585,0.0,0.17874548,5.3722496,0.009462464,0.0,0.013466256,0.5195526
8296,0.29033032,0.0,0.15845706,5.3722534,0.009389359,0.0,0.014356063,0.51955134
8297,0.553139,0.0,0.18981594,5.372257,0.010070152,0.0,0.01324041,0.5195498
8298,0.20987888,0.0,0.15984075,5.37226,0.009281913,0.0,0.012485649,0.51954824
8299,0.66042686,0.0,0.28748873,5.3722634,0.010439029,0.0,0.017200071,0.51954675
8300,0.46003202,0.0,0.21048366,5.372265,0.008792954,0.0,0.015795788,0.5195449
8301,0.2678901,0.0,0.2931437,5.3722663,0.009478543,0.0,0.016784837,0.51954305
8302,0.47077635,0.0,0.15324274,5.372268,0.007912962,0.0,0.018120173,0.5195412
8303,0.29277375,0.0,0.14981307,5.3722696,0.009064838,0.0,0.015310559,0.51953906
8304,0.5060586,0.0,0.21358198,5.3722706,0.007534177,0.0,0.015745949,0.5195372
8305,0.28943762,0.0,0.21842952,5.372271,0.0073017934,0.0,0.018451262,0.5195358
8306,0.27745822,0.0,0.27042046,5.3722715,0.008305313,0.0,0.01761228,0.51953495
8307,0.37356788,0.0,0.12459209,5.372273,0.0097590815,0.0,0.012317488,0.51953435
8308,0.4278065,0.0,0.2156695,5.372274,0.008878145,0.0,0.014421176,0.519534
8309,0.4886808,0.0,0.13702396,5.3722763,0.012339007,0.0,0.016674314,0.5195337
8310,0.43987933,0.0,0.19877084,5.3722787,0.009504472,0.0,0.01693,0.51953346
8311,0.33016437,0.0,0.13931021,5.37228,0.008220567,0.0,0.01700272,0.5195329
8312,0.45311373,0.0,0.12450116,5.3722816,0.0104286615,0.0,0.015421125,0.51953244
8313,0.283012,0.0,0.210769,5.3722835,0.008722455,0.0,0.01740579,0.51953214
8314,0.3961669,0.0,0.24676861,5.372285,0.009130758,0.0,0.012294231,0.519532
8315,0.5145314,0.0,0.30486494,5.372285,0.008518072,0.0,0.01509462,0.5195318
8316,0.29010665,0.0,0.1355883,5.372287,0.009553442,0.0,0.017785944,0.51953167
8317,0.37316996,0.0,0.15872689,5.372288,0.009641809,0.0,0.0156242205,0.51953125
8318,0.2249713,0.0,0.15117824,5.3722897,0.009675971,0.0,0.015520835,0.5195311
8319,0.26213083,0.0,0.18940088,5.372291,0.009418835,0.0,0.019767953,0.5195308
8320,0.40873823,0.0,0.20321326,5.3722925,0.009082209,0.0,0.015344355,0.5195303
8321,0.8122783,0.0,0.4036939,5.3722935,0.009325709,0.0,0.014154766,0.5195301
8322,0.36864144,0.0,0.18198282,5.3723,0.009230035,0.0,0.014617194,0.5195298
8323,0.30038685,0.0,0.32841828,5.3723063,0.009255737,0.0,0.017092092,0.51953
8324,0.59081906,0.0,0.2779022,5.3723145,0.008778664,0.0,0.016349476,0.5195307
8325,0.42766386,0.0,0.13278294,5.3723226,0.009094198,0.0,0.013468586,0.5195315
8326,0.47140604,0.0,0.21478757,5.372329,0.007721581,0.0,0.013710361,0.5195323
8327,0.38940307,0.0,0.1943329,5.3723354,0.0089006005,0.0,0.019446153,0.5195329
8328,0.48448023,0.0,0.16097212,5.3723397,0.008237552,0.0,0.015028422,0.5195334
8329,0.36992,0.0,0.27100632,5.372344,0.0083216205,0.0,0.017121762,0.51953346
8330,0.38741353,0.0,0.1774666,5.372347,0.008981933,0.0,0.016057631,0.5195332
8331,0.703295,0.0,0.36938983,5.3723507,0.009181333,0.0,0.014205486,0.5195327
8332,0.17110851,0.0,0.20935374,5.372354,0.0091481,0.0,0.015272655,0.5195321
8333,0.35882798,0.0,0.2501032,5.372357,0.009345815,0.0,0.014452348,0.5195315
8334,0.8943422,0.0,0.24274321,5.37236,0.008867202,0.0,0.01445295,0.5195308
8335,0.4048977,0.0,0.26775995,5.372363,0.008431042,0.0,0.012966502,0.51952994
8336,0.81522346,0.0,0.20119874,5.372367,0.011679347,0.0,0.014463547,0.519529
8337,0.30168405,0.0,0.15885018,5.37237,0.010048962,0.0,0.014811129,0.51952803
8338,0.5376642,0.0,0.20581102,5.3723717,0.0074651744,0.0,0.014429795,0.51952744
8339,0.4763955,0.0,0.16120936,5.372373,0.009346524,0.0,0.012730665,0.5195267
8340,0.42368507,0.0,0.20830964,5.372375,0.009616408,0.0,0.012240758,0.5195258
8341,0.299802,0.0,0.26794085,5.3723764,0.011249745,0.0,0.0147414375,0.5195247
8342,0.5439575,0.0,0.20940474,5.3723783,0.009743566,0.0,0.014552298,0.5195236
8343,0.6121548,0.0,0.16543682,5.3723803,0.009861913,0.0,0.016290538,0.5195228
8344,0.50191987,0.0,0.20668264,5.372382,0.010410081,0.0,0.016649418,0.5195221
8345,0.77975714,0.0,0.11227078,5.372385,0.009938419,0.0,0.015068201,0.5195216
8346,0.6734717,0.0,0.1671682,5.372387,0.010436804,0.0,0.014882442,0.5195209
8347,0.28862286,0.0,0.13306658,5.3723893,0.0082987575,0.0,0.01488016,0.51952
8348,0.36834723,0.0,0.14302935,5.3723907,0.007498354,0.0,0.014525516,0.51951903
8349,0.84954107,0.0,0.20934252,5.3723917,0.008531878,0.0,0.012887621,0.5195182
8350,0.3012343,0.0,0.23159757,5.372393,0.009676701,0.0,0.0123924,0.5195175
8351,0.533176,0.0,0.18242063,5.372392,0.007020215,0.0,0.014783484,0.519517
8352,0.5941856,0.0,0.28581852,5.372391,0.009726593,0.0,0.015314628,0.5195165
8353,0.14510468,0.0,0.30292788,5.3723927,0.008428725,0.0,0.013099785,0.519516
8354,0.3311373,0.0,0.21873818,5.372396,0.0106555885,0.0,0.013838261,0.51951545
8355,0.54979366,0.0,0.17691326,5.3724017,0.009625252,0.0,0.01525357,0.5195149
8356,0.44878536,0.0,0.23681906,5.372406,0.009170292,0.0,0.015200326,0.5195147
8357,0.57735,0.0,0.19371973,5.3724117,0.010219716,0.0,0.0152706755,0.5195144
8358,0.45379305,0.0,0.27135167,5.3724136,0.008183466,0.0,0.017148359,0.51951396
8359,0.39025453,0.0,0.31403494,5.372417,0.008975167,0.0,0.013811929,0.5195132
8360,0.38145754,0.0,0.3201071,5.3724213,0.0088072065,0.0,0.016922815,0.51951265
8361,0.3483517,0.0,0.2726404,5.372426,0.0100122485,0.0,0.016758034,0.5195122
8362,0.4159114,0.0,0.21765783,5.372432,0.008999488,0.0,0.017125463,0.5195123
8363,0.38982335,0.0,0.15129596,5.372437,0.011745076,0.0,0.015192091,0.5195122
8364,0.51184285,0.0,0.24784136,5.372439,0.008240043,0.0,0.012832297,0.5195121
8365,0.63058424,0.0,0.14727022,5.3724427,0.008851874,0.0,0.015903963,0.5195122
8366,0.66598374,0.0,0.2798149,5.3724456,0.009889539,0.0,0.017208815,0.51951194
8367,0.37144747,0.0,0.1869956,5.372447,0.009057784,0.0,0.0134453215,0.51951224
8368,0.426332,0.0,0.21569003,5.372448,0.01044271,0.0,0.01315214,0.5195125
8369,0.34411123,0.0,0.220749,5.372451,0.009485806,0.0,0.019954091,0.51951224
8370,0.54392636,0.0,0.19169854,5.372452,0.010706636,0.0,0.015688036,0.5195119
8371,0.45078924,0.0,0.2202707,5.372454,0.008333216,0.0,0.01704288,0.51951194
8372,0.4198688,0.0,0.30309805,5.372455,0.007927537,0.0,0.014857646,0.5195124
8373,0.374046,0.0,0.17682229,5.3724566,0.010820276,0.0,0.014652548,0.5195133
8374,0.2636153,0.0,0.19107786,5.3724585,0.010195342,0.0,0.013848789,0.51951444
8375,0.36478695,0.0,0.20895226,5.3724613,0.00865723,0.0,0.017039685,0.51951545
8376,0.39488423,0.0,0.21610737,5.372463,0.009695164,0.0,0.01609386,0.51951647
8377,0.21118872,0.0,0.24314782,5.372463,0.008898254,0.0,0.01778492,0.51951706
8378,0.39177862,0.0,0.23601234,5.372462,0.007916226,0.0,0.016930148,0.5195174
8379,0.5174851,0.0,0.42756376,5.372461,0.008255733,0.0,0.016281838,0.5195176
8380,0.3897498,0.0,0.16226812,5.372461,0.008853938,0.0,0.018161753,0.51951766
8381,0.5792424,0.0,0.6673914,5.3724613,0.008806184,0.0,0.017839927,0.51951766
8382,0.6469955,0.0,0.21909548,5.3724627,0.009896053,0.0,0.0141725615,0.51951784
8383,0.51766497,0.0,0.2712355,5.3724656,0.008934609,0.0,0.014004697,0.51951796
8384,0.2636172,0.0,0.17286582,5.3724694,0.009544077,0.0,0.018701602,0.51951814
8385,0.77691835,0.0,0.14959489,5.3724732,0.008906648,0.0,0.016950754,0.51951885
8386,0.5823097,0.0,0.20206282,5.3724766,0.0066565415,0.0,0.016001051,0.5195195
8387,0.590646,0.0,0.25732824,5.3724794,0.00826777,0.0,0.0140461875,0.5195197
8388,0.56166846,0.0,0.17374016,5.372482,0.009867348,0.0,0.016285084,0.5195198
8389,0.35548452,0.0,0.18407568,5.372483,0.008000392,0.0,0.015848216,0.51952016
8390,0.14940278,0.0,0.17615253,5.3724856,0.008972233,0.0,0.014486004,0.5195209
8391,0.36085087,0.0,0.26806843,5.372486,0.010096494,0.0,0.018349115,0.51952183
8392,0.39708403,0.0,0.3080245,5.372486,0.010092917,0.0,0.017193925,0.5195231
8393,0.7269105,0.0,0.2383879,5.3724833,0.010650129,0.0,0.012734945,0.519524
8394,0.5879967,0.0,0.17477979,5.372477,0.008048529,0.0,0.015222977,0.5195247
8395,0.54687214,0.0,0.13501613,5.3724713,0.007832944,0.0,0.015613966,0.51952547
8396,0.31760556,0.0,0.244134,5.372465,0.008959672,0.0,0.0132332705,0.5195262
8397,0.46274975,0.0,0.18190475,5.372458,0.008622574,0.0,0.01890098,0.5195268
8398,0.7098921,0.0,0.29061607,5.37245,0.010037975,0.0,0.014816318,0.51952726
8399,0.5548602,0.0,0.31114748,5.3724427,0.007662368,0.0,0.014007479,0.51952744
8400,0.81007934,0.0,0.24328162,5.372435,0.009927543,0.0,0.014991231,0.5195273
8401,0.480487,0.0,0.2146822,5.3724275,0.009383011,0.0,0.014160835,0.51952696
8402,0.32564533,0.0,0.23294128,5.372419,0.008780448,0.0,0.015731784,0.5195274
8403,0.6422088,0.0,0.14531235,5.37241,0.008739828,0.0,0.012320728,0.51952755
8404,0.6255724,0.0,0.16567114,5.372401,0.008359426,0.0,0.01417889,0.51952803
8405,0.4885278,0.0,0.14345911,5.372392,0.009046401,0.0,0.018269833,0.5195286
8406,0.48093945,0.0,0.17124517,5.3723836,0.00959815,0.0,0.015639966,0.5195285
8407,0.40125248,0.0,0.15070349,5.3723755,0.008950798,0.0,0.015616961,0.5195285
8408,0.39770848,0.0,0.22616056,5.3723674,0.008162341,0.0,0.01599332,0.5195285
8409,0.5900671,0.0,0.34441513,5.3723617,0.009105021,0.0,0.016131902,0.5195285
8410,0.80028886,0.0,0.1534904,5.3723564,0.009684309,0.0,0.013785042,0.5195285
8411,0.43235922,0.0,0.21601649,5.3723516,0.009706526,0.0,0.0154477805,0.5195288
8412,0.886122,0.0,0.2686764,5.372349,0.0082028285,0.0,0.018745996,0.51952904
8413,0.23472868,0.0,0.16916591,5.372347,0.009115221,0.0,0.017734593,0.519529
8414,0.24710295,0.0,0.24605407,5.372344,0.008510069,0.0,0.014030563,0.5195292
8415,0.22804037,0.0,0.23670699,5.372345,0.008337992,0.0,0.014313554,0.5195296
8416,0.29529124,0.0,0.1716537,5.3723454,0.010970073,0.0,0.016143119,0.51953024
8417,0.63611037,0.0,0.22089979,5.372347,0.010636783,0.0,0.014834707,0.519531
8418,0.40502474,0.0,0.22663262,5.372347,0.009192695,0.0,0.016081525,0.5195322
8419,0.31528756,0.0,0.13328704,5.3723454,0.008603439,0.0,0.01592798,0.51953286
8420,0.44866613,0.0,0.2119826,5.3723435,0.009611275,0.0,0.016208777,0.5195337
8421,0.31391376,0.0,0.14416921,5.3723392,0.008792681,0.0,0.014528614,0.5195346
8422,0.42799586,0.0,0.2988794,5.3723373,0.009657166,0.0,0.016124103,0.51953524
8423,0.3598146,0.0,0.29698873,5.3723345,0.009062073,0.0,0.014269289,0.5195357
8424,0.28886634,0.0,0.16736639,5.3723345,0.010973228,0.0,0.014787868,0.51953596
8425,0.4619037,0.0,0.285414,5.3723354,0.008216259,0.0,0.014698508,0.51953614
8426,0.58285683,0.0,0.2738088,5.3723392,0.008919032,0.0,0.015278692,0.5195367
8427,0.40441266,0.0,0.12176365,5.3723445,0.009281917,0.0,0.017674796,0.51953775
8428,0.5925893,0.0,0.2892741,5.372349,0.009443443,0.0,0.016256407,0.5195383
8429,0.27948117,0.0,0.23779716,5.3723507,0.008916937,0.0,0.013894202,0.5195389
8430,0.5910719,0.0,0.3710396,5.372351,0.008597184,0.0,0.013949066,0.5195394
8431,0.37474427,0.0,0.16881466,5.372356,0.010111159,0.0,0.01467203,0.5195401
8432,0.76683533,0.0,0.18919307,5.372361,0.008253522,0.0,0.01575517,0.5195406
8433,0.3540178,0.0,0.2520711,5.372365,0.008840332,0.0,0.016680773,0.5195416
8434,0.28845102,0.0,0.20292944,5.3723736,0.0100088185,0.0,0.014236853,0.5195422
8435,0.5110132,0.0,0.30320504,5.3723817,0.010946166,0.0,0.012985943,0.5195429
8436,0.8190774,0.0,0.1666008,5.3723884,0.009048901,0.0,0.016254967,0.5195431
8437,0.543162,0.0,0.2363494,5.3723927,0.0083604595,0.0,0.0140715735,0.5195436
8438,0.70557016,0.0,0.28421524,5.372397,0.009920401,0.0,0.014212896,0.5195441
8439,0.33036745,0.0,0.22782367,5.3724017,0.008239306,0.0,0.017012112,0.5195444
8440,0.45574632,0.0,0.23481305,5.3724074,0.008991877,0.0,0.01390005,0.5195447
8441,0.19493398,0.0,0.33632675,5.3724113,0.009606886,0.0,0.014097169,0.5195447
8442,0.29404467,0.0,0.18569097,5.372416,0.010142351,0.0,0.017032644,0.51954544
8443,0.8985148,0.0,0.1460576,5.3724217,0.0074393917,0.0,0.016124558,0.519546
8444,0.73708594,0.0,0.15376772,5.3724275,0.009745728,0.0,0.015260893,0.5195464
8445,0.23246826,0.0,0.17164321,5.3724318,0.009545976,0.0,0.015130009,0.5195466
8446,0.64153,0.0,0.27467272,5.372436,0.0077915704,0.0,0.014250892,0.5195466
8447,0.52146584,0.0,0.32793942,5.372441,0.010272231,0.0,0.014572267,0.51954734
8448,0.37608072,0.0,0.123600446,5.372445,0.008867774,0.0,0.014614823,0.5195479
8449,0.2780611,0.0,0.15655437,5.3724484,0.008321991,0.0,0.018160366,0.519548
8450,0.68101335,0.0,0.13467973,5.37245,0.010660645,0.0,0.013224377,0.51954836
8451,0.307421,0.0,0.43584433,5.3724513,0.0097248405,0.0,0.016816165,0.5195489
8452,0.3302456,0.0,0.24547979,5.372456,0.00785446,0.0,0.018006926,0.51954967
8453,0.4422084,0.0,0.1788084,5.372459,0.009745928,0.0,0.016818456,0.51955044
8454,0.39163333,0.0,0.23846357,5.372462,0.008570959,0.0,0.01748663,0.5195514
8455,0.42973328,0.0,0.27157474,5.3724627,0.0081649935,0.0,0.013298923,0.5195527
8456,0.27046376,0.0,0.2541826,5.372465,0.010452063,0.0,0.0151718315,0.5195538
8457,0.3813576,0.0,0.1256601,5.3724675,0.009926165,0.0,0.016726721,0.5195546
8458,0.4419442,0.0,0.18541741,5.3724704,0.00965349,0.0,0.01396438,0.51955515
8459,0.321303,0.0,0.14570516,5.3724732,0.01283559,0.0,0.0150337545,0.51955575
8460,0.37262902,0.0,0.4149746,5.372476,0.012754645,0.0,0.012079597,0.51955616
8461,0.55192167,0.0,0.20078492,5.372483,0.010246639,0.0,0.015322752,0.5195562
8462,0.47401404,0.0,0.18777935,5.37249,0.008979729,0.0,0.016537283,0.51955616
8463,0.3364337,0.0,0.17956527,5.372496,0.012028737,0.0,0.017587867,0.5195563
8464,0.28493485,0.0,0.2573029,5.372503,0.009505813,0.0,0.018272888,0.51955616
8465,0.40652698,0.0,0.13156007,5.372507,0.00840015,0.0,0.01675445,0.51955616
8466,0.24396037,0.0,0.21085706,5.3725123,0.008719652,0.0,0.013977894,0.5195566
8467,0.3356312,0.0,0.24141908,5.3725166,0.009968592,0.0,0.015087945,0.51955664
8468,0.5860277,0.0,0.22244409,5.372521,0.0100969495,0.0,0.016346034,0.51955664
8469,0.25074366,0.0,0.15187444,5.3725233,0.00850573,0.0,0.015471266,0.51955646
8470,0.4781155,0.0,0.22169997,5.3725257,0.009899232,0.0,0.014002258,0.51955616
8471,0.39433336,0.0,0.177215,5.37253,0.0076808827,0.0,0.018086094,0.5195558
8472,0.5772739,0.0,0.24240303,5.372533,0.009428468,0.0,0.015416702,0.51955575
8473,0.34770817,0.0,0.26427513,5.372537,0.008352622,0.0,0.015553528,0.5195553
8474,0.38135928,0.0,0.17783725,5.3725405,0.008941385,0.0,0.0180905,0.5195553
8475,0.23457411,0.0,0.26150036,5.372545,0.0079441955,0.0,0.013678352,0.51955545
8476,0.32289088,0.0,0.23180594,5.3725486,0.009484529,0.0,0.01786092,0.5195554
8477,0.37541738,0.0,0.14440924,5.3725514,0.009347773,0.0,0.01510574,0.51955503
8478,0.35530663,0.0,0.21023612,5.3725553,0.010309133,0.0,0.013074611,0.5195544
8479,0.3556778,0.0,0.25315374,5.3725576,0.008248646,0.0,0.01658164,0.5195538
8480,0.29905772,0.0,0.19355127,5.3725615,0.00849609,0.0,0.017124534,0.51955324
8481,0.3453164,0.0,0.25736097,5.3725643,0.01058896,0.0,0.013779925,0.5195525
8482,0.2861475,0.0,0.28469983,5.372567,0.008205254,0.0,0.014981481,0.5195519
8483,0.40755597,0.0,0.15009345,5.3725705,0.009325701,0.0,0.015923774,0.51955116
8484,0.5627095,0.0,0.36139414,5.3725734,0.009268224,0.0,0.014218991,0.51955134
8485,0.31184453,0.0,0.14298241,5.3725777,0.009467172,0.0,0.016773365,0.5195515
8486,0.62000406,0.0,0.15202497,5.3725815,0.008594948,0.0,0.016525758,0.51955193
8487,0.35773277,0.0,0.24802943,5.3725853,0.008092759,0.0,0.015428872,0.51955193
8488,0.2863063,0.0,0.29557717,5.3725867,0.011028556,0.0,0.012353312,0.51955205
8489,0.38795033,0.0,0.21087725,5.37259,0.009115344,0.0,0.011871553,0.51955247
8490,0.55109876,0.0,0.42922145,5.372591,0.01008953,0.0,0.018163458,0.51955247
8491,0.53565544,0.0,0.1733965,5.3725915,0.0077040605,0.0,0.015040535,0.51955247
8492,0.7689999,0.0,0.17922887,5.3725905,0.007888849,0.0,0.016934853,0.51955205
8493,0.3787817,0.0,0.21262823,5.372589,0.008066405,0.0,0.014989776,0.5195514
8494,0.5114122,0.0,0.1314344,5.3725886,0.009059025,0.0,0.01572355,0.5195512
8495,0.65511614,0.0,0.22109719,5.372588,0.010266686,0.0,0.015499024,0.51955116
8496,0.76792014,0.0,0.2301088,5.372587,0.009467844,0.0,0.017646765,0.51955104
8497,0.7662652,0.0,0.4765504,5.3725853,0.008685496,0.0,0.013000102,0.51955074
8498,0.40338483,0.0,0.2626086,5.372579,0.010276561,0.0,0.017248116,0.51955014
8499,0.3461808,0.0,0.20200454,5.372572,0.008158166,0.0,0.012564511,0.51954967
8500,0.35646,0.0,0.22849332,5.372565,0.0098445825,0.0,0.014420545,0.51954985
8501,0.25206885,0.0,0.15552686,5.372558,0.009939228,0.0,0.017835274,0.5195502
8502,0.4459757,0.0,0.17788863,5.3725533,0.009321648,0.0,0.013124303,0.51955086
8503,0.5645693,0.0,0.328466,5.372549,0.010218746,0.0,0.016860833,0.51955134
8504,0.37220156,0.0,0.19986601,5.3725495,0.009382008,0.0,0.015259755,0.5195519
8505,0.92269814,0.0,0.1679076,5.3725495,0.009988485,0.0,0.017518915,0.5195523
8506,0.3644304,0.0,0.21437314,5.3725505,0.0077126706,0.0,0.018011592,0.5195527
8507,0.30186525,0.0,0.18469024,5.372551,0.0086990185,0.0,0.016593631,0.5195532
8508,0.28128922,0.0,0.35724202,5.3725514,0.011649846,0.0,0.012741584,0.5195536
8509,0.58689785,0.0,0.16004613,5.3725505,0.009962529,0.0,0.016215993,0.51955384
8510,0.37654752,0.0,0.16057807,5.372549,0.009815491,0.0,0.014602212,0.5195542
8511,0.5095257,0.0,0.13590235,5.372546,0.007938776,0.0,0.015185941,0.5195542
8512,0.39733124,0.0,0.1392876,5.3725457,0.010314193,0.0,0.014974249,0.5195539
8513,0.6370824,0.0,0.17369847,5.3725457,0.011606181,0.0,0.0182954,0.519554
8514,0.35072258,0.0,0.2396096,5.3725457,0.008559592,0.0,0.014535004,0.5195543
8515,0.39451736,0.0,0.08365601,5.372547,0.010898599,0.0,0.0137415305,0.51955444
8516,0.47297007,0.0,0.19634274,5.3725505,0.008741724,0.0,0.014021212,0.5195545
8517,0.3171939,0.0,0.22606361,5.3725495,0.0085223,0.0,0.017281633,0.5195542
8518,0.41603372,0.0,0.15963928,5.3725476,0.009270078,0.0,0.014289883,0.51955414
8519,0.22722965,0.0,0.36501956,5.372547,0.0077638724,0.0,0.015170289,0.5195541
8520,0.36213478,0.0,0.18053286,5.372545,0.007814849,0.0,0.016164849,0.51955366
8521,0.36368388,0.0,0.284108,5.372543,0.009694932,0.0,0.014736356,0.51955414
8522,0.6363987,0.0,0.2628003,5.372543,0.009676962,0.0,0.016073925,0.5195542
8523,0.34557503,0.0,0.25955895,5.372542,0.009688771,0.0,0.012880121,0.51955426
8524,0.5068228,0.0,0.19961229,5.372543,0.011315217,0.0,0.01753573,0.51955456
8525,0.6008487,0.0,0.56720144,5.3725443,0.0092360405,0.0,0.016402598,0.51955426
8526,0.78382677,0.0,0.2980745,5.372548,0.009567125,0.0,0.019206565,0.51955414
8527,0.33183178,0.0,0.17270315,5.372553,0.007769093,0.0,0.01460273,0.5195541
8528,0.504317,0.0,0.20942532,5.372556,0.010701353,0.0,0.012861414,0.51955414
8529,0.26353842,0.0,0.21819785,5.3725576,0.009559881,0.0,0.016006505,0.5195539
8530,0.39870942,0.0,0.15760686,5.3725586,0.0073447716,0.0,0.016527697,0.519554
8531,0.28686163,0.0,0.24514763,5.37256,0.008377555,0.0,0.015260514,0.5195541
8532,0.52685255,0.0,0.2922684,5.3725615,0.009415494,0.0,0.0157515,0.519554
8533,0.26947546,0.0,0.3021599,5.3725615,0.009536556,0.0,0.014426861,0.5195541
8534,0.7645674,0.0,0.14706716,5.372563,0.010443303,0.0,0.019445773,0.51955444
8535,0.8039014,0.0,0.32183477,5.3725643,0.010616625,0.0,0.017537395,0.51955575
8536,0.6731146,0.0,0.20073248,5.372565,0.009898904,0.0,0.018405467,0.51955676
8537,0.36882788,0.0,0.26929942,5.372565,0.009693593,0.0,0.014460661,0.5195576
8538,0.26831302,0.0,0.25996327,5.372565,0.010221003,0.0,0.012708079,0.5195582
8539,0.30206028,0.0,0.17146201,5.3725657,0.0074113607,0.0,0.013631315,0.519559
8540,0.49354,0.0,0.16633397,5.372567,0.008266576,0.0,0.013666309,0.5195596
8541,0.27097067,0.0,0.21332115,5.3725686,0.008641398,0.0,0.016720882,0.51956004
8542,0.4609308,0.0,0.2241052,5.37257,0.00833348,0.0,0.013631173,0.5195596
8543,0.37843236,0.0,0.16320854,5.372571,0.0088411905,0.0,0.014530602,0.51955914
8544,0.7351562,0.0,0.17814118,5.3725696,0.008946473,0.0,0.016373955,0.5195591
8545,0.5888598,0.0,0.4740226,5.372569,0.010686361,0.0,0.015991472,0.5195586
8546,0.5259518,0.0,0.2262236,5.3725753,0.009776893,0.0,0.01557822,0.519558
8547,0.60584897,0.0,0.18986213,5.3725815,0.008826333,0.0,0.017335303,0.5195576
8548,0.8749521,0.0,0.17484416,5.3725863,0.011165793,0.0,0.013858165,0.51955724
8549,1.0120652,0.0,0.18575625,5.37259,0.008816536,0.0,0.01665928,0.519557
8550,0.43120933,0.0,0.27573875,5.3725934,0.00735096,0.0,0.019400863,0.51955676
8551,0.5008666,0.0,0.17872159,5.3725967,0.007146687,0.0,0.013755135,0.5195571
8552,0.33026642,0.0,0.22651288,5.3726,0.011076889,0.0,0.018014956,0.51955736
8553,0.22850598,0.0,0.14018361,5.372601,0.00781562,0.0,0.014709728,0.5195578
8554,0.4206339,0.0,0.17891948,5.372603,0.008362628,0.0,0.017371068,0.519558
8555,0.5300073,0.0,0.2914423,5.3726053,0.00871315,0.0,0.015332935,0.5195583
8556,1.2674181,0.0,0.21329513,5.3726063,0.0087168,0.0,0.01940928,0.51955855
8557,0.6599391,0.0,0.20129167,5.3726068,0.009443496,0.0,0.01727638,0.51955914
8558,0.4882791,0.0,0.25606957,5.372605,0.0095685,0.0,0.013393047,0.51955926
8559,0.2247698,0.0,0.51158607,5.3726025,0.011286704,0.0,0.017935812,0.51955956
8560,0.52484494,0.0,0.23827599,5.372601,0.009910369,0.0,0.015716111,0.51956
8561,0.59919584,0.0,0.12360233,5.372601,0.008430882,0.0,0.013546327,0.51956016
8562,0.6732028,0.0,0.16823928,5.3726006,0.010585566,0.0,0.017954117,0.51956034
8563,0.41434893,0.0,0.13940984,5.3725996,0.008644106,0.0,0.017892081,0.51956046
8564,0.4141932,0.0,0.273525,5.372598,0.009194053,0.0,0.017452046,0.5195613
8565,0.29973143,0.0,0.2056893,5.3725934,0.009063207,0.0,0.01593756,0.51956195
8566,0.37257767,0.0,0.23901296,5.3725905,0.009725481,0.0,0.01601873,0.5195625
8567,0.39948493,0.0,0.21540837,5.372587,0.008506248,0.0,0.015517165,0.519563
8568,0.54267555,0.0,0.2142322,5.3725853,0.008832502,0.0,0.01340927,0.5195632
8569,0.1455807,0.0,0.259976,5.3725824,0.008808288,0.0,0.013071697,0.5195635
8570,0.46728468,0.0,0.25573355,5.3725805,0.008703625,0.0,0.01370014,0.51956356
8571,0.7974784,0.0,0.22714682,5.3725796,0.009609436,0.0,0.013159639,0.51956385
8572,0.27448162,0.0,0.17781703,5.3725786,0.010648622,0.0,0.011891292,0.51956385
8573,0.6547414,0.0,0.26881567,5.372577,0.01276911,0.0,0.015491586,0.51956385
8574,0.27326506,0.0,0.13624895,5.3725758,0.008171048,0.0,0.016090851,0.5195636
8575,0.5153968,0.0,0.25190458,5.3725734,0.009196656,0.0,0.015465077,0.5195629
8576,0.280805,0.0,0.21440022,5.3725705,0.009504413,0.0,0.012747975,0.5195623
8577,0.59740585,0.0,0.15469965,5.3725677,0.008215948,0.0,0.017440818,0.5195618
8578,0.42706722,0.0,0.27053025,5.372566,0.007985908,0.0,0.014689193,0.5195611
8579,0.34884036,0.0,0.22619003,5.3725643,0.010217009,0.0,0.01583915,0.5195606
8580,0.19991963,0.0,0.1899424,5.3725634,0.009845227,0.0,0.013161672,0.51956
8581,0.26692706,0.0,0.23916997,5.3725605,0.008084062,0.0,0.017812405,0.5195594
8582,0.34902415,0.0,0.19369844,5.3725567,0.009257965,0.0,0.015797386,0.51955897
8583,0.35164768,0.0,0.1379153,5.3725524,0.009799035,0.0,0.0142119285,0.51955867
8584,0.59714234,0.0,0.21792449,5.372549,0.010223395,0.0,0.014685631,0.51955825
8585,0.5211521,0.0,0.21731216,5.3725452,0.010390237,0.0,0.015046053,0.5195581
8586,0.97163963,0.0,0.16996983,5.372545,0.010852224,0.0,0.012697314,0.51955783
8587,0.28119192,0.0,0.39575815,5.3725433,0.011715329,0.0,0.011947514,0.5195578
8588,0.78073287,0.0,0.21284771,5.3725414,0.009614293,0.0,0.016968325,0.51955754
8589,0.36239463,0.0,0.14474358,5.3725414,0.009840542,0.0,0.016210232,0.5195575
8590,0.20677517,0.0,0.17601971,5.372539,0.00856183,0.0,0.018828541,0.5195571
8591,0.19389755,0.0,0.17640226,5.372538,0.009823296,0.0,0.015452247,0.5195565
8592,0.58664685,0.0,0.26125428,5.3725348,0.007786595,0.0,0.015301062,0.51955575
8593,0.4911568,0.0,0.38096404,5.372534,0.00946925,0.0,0.016163502,0.5195544
8594,0.2871748,0.0,0.23055243,5.37253,0.008831618,0.0,0.013703523,0.51955265
8595,0.42207628,0.0,0.20703112,5.3725276,0.010796643,0.0,0.016581675,0.5195511
8596,0.359704,0.0,0.27275306,5.372524,0.010884622,0.0,0.02284666,0.5195496
8597,0.7160021,0.0,0.20759131,5.3725195,0.008659658,0.0,0.01570045,0.5195487
8598,0.2326841,0.0,0.16637957,5.3725157,0.0099738715,0.0,0.014171037,0.5195477
8599,0.37323454,0.0,0.31374973,5.3725123,0.009332228,0.0,0.016005587,0.5195466
8600,0.73363787,0.0,0.22819777,5.372508,0.008295086,0.0,0.017147878,0.5195462
8601,0.50162035,0.0,0.17178664,5.372505,0.010309018,0.0,0.018544246,0.519546
8602,0.34779093,0.0,0.22021943,5.3725023,0.008645336,0.0,0.017678592,0.51954556
8603,0.3727743,0.0,0.20131469,5.372499,0.008054254,0.0,0.016450122,0.5195451
8604,0.3877883,0.0,0.3468994,5.372495,0.009404574,0.0,0.01642139,0.5195444
8605,0.4530719,0.0,0.27237105,5.37249,0.00955524,0.0,0.014816651,0.5195439
8606,0.27803355,0.0,0.22000994,5.372485,0.008209858,0.0,0.017489767,0.5195435
8607,0.6906846,0.0,0.2544368,5.372482,0.007441667,0.0,0.014828005,0.5195437
8608,0.5240305,0.0,0.17732587,5.3724766,0.008842125,0.0,0.014534,0.5195439
8609,0.4323436,0.0,0.1845487,5.372473,0.008313671,0.0,0.01649563,0.5195443
8610,0.7075229,0.0,0.20733668,5.372469,0.0090304855,0.0,0.017065644,0.51954466
8611,0.36692727,0.0,0.24161157,5.3724656,0.008563662,0.0,0.013860669,0.5195451
8612,0.25642303,0.0,0.23828001,5.372464,0.009554431,0.0,0.015317747,0.5195456
8613,0.44693673,0.0,0.19336282,5.372461,0.008896139,0.0,0.017795522,0.5195462
8614,0.25709742,0.0,0.19765975,5.3724585,0.008693498,0.0,0.015546514,0.5195465
8615,0.67680335,0.0,0.21332179,5.3724566,0.007954363,0.0,0.015542997,0.51954716
8616,0.34074774,0.0,0.21646535,5.372456,0.007890168,0.0,0.015307177,0.5195476
8617,0.5133887,0.0,0.21386267,5.372456,0.008271521,0.0,0.014861082,0.51954764
8618,0.20451757,0.0,0.27575576,5.3724594,0.00800101,0.0,0.014737514,0.519548
8619,0.90248424,0.0,0.37998456,5.372463,0.008357206,0.0,0.017343763,0.5195481
8620,0.45199808,0.0,0.1541097,5.372467,0.008746283,0.0,0.015504224,0.51954836
8621,0.30832618,0.0,0.2903801,5.372471,0.009433787,0.0,0.016479716,0.5195486
8622,0.33059353,0.0,0.1476906,5.372473,0.0070376755,0.0,0.016476475,0.5195489
8623,0.42955482,0.0,0.19086486,5.372475,0.009484403,0.0,0.0146133825,0.519549
8624,0.59165317,0.0,0.21420325,5.372477,0.007905742,0.0,0.015159312,0.5195489
8625,0.27322528,0.0,0.18544048,5.3724775,0.0096320985,0.0,0.013936816,0.5195487
8626,0.3238028,0.0,0.18280351,5.372477,0.0092573725,0.0,0.013936403,0.5195481
8627,0.28323138,0.0,0.24126829,5.3724785,0.010322395,0.0,0.015855435,0.5195476
8628,0.34069183,0.0,0.3532295,5.37248,0.008974417,0.0,0.01461699,0.5195475
8629,1.2382618,0.0,0.16414198,5.372482,0.0077569247,0.0,0.01724523,0.5195476
8630,0.56821656,0.0,0.18570407,5.3724833,0.010631188,0.0,0.016793754,0.51954764
8631,0.3464236,0.0,0.26109394,5.372484,0.009536253,0.0,0.017150417,0.5195476
8632,0.85987175,0.0,0.12545675,5.372485,0.0077876016,0.0,0.014723059,0.5195476
8633,0.40159294,0.0,0.18314663,5.3724837,0.00917525,0.0,0.013063941,0.51954776
8634,0.46262535,0.0,0.30794558,5.372483,0.008018315,0.0,0.01636902,0.519548
8635,0.36664456,0.0,0.1799802,5.372482,0.007368858,0.0,0.013612123,0.5195481
8636,0.40534326,0.0,0.38330165,5.372481,0.00951318,0.0,0.014134429,0.5195481
8637,0.5284485,0.0,0.12810081,5.372482,0.007378639,0.0,0.01452316,0.5195483
8638,0.33341086,0.0,0.15719566,5.3724813,0.009403124,0.0,0.016149377,0.51954854
8639,0.260063,0.0,0.19821918,5.37248,0.010598856,0.0,0.014458508,0.5195487
8640,0.3028589,0.0,0.3736676,5.3724794,0.008824394,0.0,0.016324632,0.5195489
8641,0.5321915,0.0,0.3275157,5.372479,0.011098983,0.0,0.015055292,0.5195491
8642,0.24775736,0.0,0.16210233,5.372478,0.009976119,0.0,0.0151103595,0.5195492
8643,0.32174456,0.0,0.18592308,5.372477,0.010775646,0.0,0.01645573,0.51954937
8644,0.4918073,0.0,0.2058004,5.372475,0.007994005,0.0,0.015427852,0.5195507
8645,0.24518405,0.0,0.27613,5.372473,0.010469926,0.0,0.015534975,0.51955193
8646,0.53130937,0.0,0.23553915,5.372468,0.009114202,0.0,0.0139137115,0.51955295
8647,0.39642584,0.0,0.28141695,5.3724585,0.008760533,0.0,0.016044362,0.51955307
8648,0.35300702,0.0,0.24347302,5.3724494,0.009140268,0.0,0.011547411,0.51955336
8649,1.2815785,0.0,0.17808044,5.37244,0.010306364,0.0,0.014002657,0.51955354
8650,0.3660761,0.0,0.27956536,5.3724303,0.008873533,0.0,0.015042187,0.51955366
8651,0.35197026,0.0,0.22097825,5.3724213,0.008823166,0.0,0.015461251,0.5195536
8652,0.56011236,0.0,0.11737769,5.3724155,0.008254039,0.0,0.015293599,0.51955396
8653,0.46612152,0.0,0.19427717,5.372409,0.009890445,0.0,0.01748435,0.5195542
8654,0.32399693,0.0,0.25978667,5.372403,0.010261389,0.0,0.013728244,0.5195542
8655,0.32268924,0.0,0.15841168,5.372398,0.009280047,0.0,0.013149871,0.51955414
8656,0.2722906,0.0,0.32322583,5.372395,0.008883996,0.0,0.01800535,0.51955396
8657,0.21718174,0.0,0.21969853,5.372391,0.009735827,0.0,0.013764436,0.5195536
8658,0.3190394,0.0,0.2290618,5.372386,0.008832835,0.0,0.01689396,0.51955336
8659,0.554918,0.0,0.18702169,5.3723817,0.0070525324,0.0,0.014342621,0.5195536
8660,0.21272478,0.0,0.21080069,5.3723783,0.007951727,0.0,0.014559887,0.5195536
8661,0.35994896,0.0,0.24574654,5.3723755,0.00750136,0.0,0.014160984,0.51955324
8662,0.49668372,0.0,0.23029044,5.3723717,0.009221513,0.0,0.014335932,0.5195533
8663,0.41652134,0.0,0.22173737,5.3723674,0.006944674,0.0,0.016515873,0.5195536
8664,0.6983689,0.0,0.15597646,5.372365,0.008390872,0.0,0.013340893,0.51955354
8665,0.5578611,0.0,0.1686048,5.372363,0.008414621,0.0,0.015784293,0.5195536
8666,0.22208121,0.0,0.25773436,5.372362,0.008490162,0.0,0.014348795,0.5195531
8667,0.49516732,0.0,0.1708103,5.3723626,0.007766567,0.0,0.015734917,0.51955354
8668,0.27028778,0.0,0.32674533,5.3723626,0.010646499,0.0,0.016415522,0.5195531
8669,0.704629,0.0,0.20075835,5.3723645,0.0112559395,0.0,0.016238382,0.519553
8670,0.3320042,0.0,0.12631825,5.372365,0.010354715,0.0,0.01468776,0.51955265
8671,0.2810928,0.0,0.20989846,5.3723645,0.011340197,0.0,0.012969476,0.51955223
8672,0.32688862,0.0,0.1775732,5.3723636,0.008108329,0.0,0.015575671,0.51955163
8673,0.25260672,0.0,0.1342271,5.372361,0.008124474,0.0,0.01658157,0.519551
8674,0.2057212,0.0,0.21903133,5.3723598,0.009316194,0.0,0.015216537,0.51955074
8675,0.36081538,0.0,0.312806,5.372358,0.008675002,0.0,0.017391687,0.5195503
8676,0.35276023,0.0,0.13877736,5.372356,0.009991425,0.0,0.015190737,0.51954967
8677,0.61911535,0.0,0.21528774,5.372353,0.0083850175,0.0,0.017109452,0.51954913
8678,0.33081847,0.0,0.2504189,5.372352,0.009974365,0.0,0.014239905,0.5195491
8679,0.22462064,0.0,0.12740955,5.372351,0.009337407,0.0,0.015302887,0.5195489
8680,0.36509332,0.0,0.41233927,5.3723483,0.00902808,0.0,0.017093932,0.5195485
8681,0.3818536,0.0,0.19348568,5.3723435,0.008412807,0.0,0.014640756,0.519548
8682,0.548881,0.0,0.12398909,5.372339,0.007926222,0.0,0.01416734,0.5195474
8683,0.398178,0.0,0.13602641,5.372334,0.010618864,0.0,0.014709283,0.5195466
8684,0.25946483,0.0,0.25065345,5.3723316,0.009477744,0.0,0.014689841,0.5195459
8685,0.56182015,0.0,0.30879366,5.37233,0.011400194,0.0,0.014644516,0.5195448
8686,0.6124513,0.0,0.23832977,5.37233,0.010026211,0.0,0.0132333925,0.51954365
8687,0.40121567,0.0,0.39306334,5.3723283,0.009263458,0.0,0.0147497,0.5195426
8688,0.5621043,0.0,0.19494818,5.3723283,0.008003788,0.0,0.016478622,0.5195418
8689,0.5120194,0.0,0.12683798,5.3723273,0.008925987,0.0,0.014046403,0.51954126
8690,0.2942205,0.0,0.21383469,5.3723254,0.009327974,0.0,0.015711207,0.5195405
8691,0.31350765,0.0,0.2290931,5.3723245,0.009096389,0.0,0.017335514,0.51953983
8692,0.20842779,0.0,0.19365926,5.3723235,0.009004067,0.0,0.017817376,0.51953954
8693,0.44273722,0.0,0.17276473,5.372326,0.010154525,0.0,0.01412635,0.5195387
8694,0.36587414,0.0,0.24698938,5.372329,0.010817205,0.0,0.014768621,0.519538
8695,0.3962081,0.0,0.22494134,5.3723297,0.008356033,0.0,0.017032338,0.5195372
8696,0.29459187,0.0,0.12621328,5.3723316,0.008884039,0.0,0.015538938,0.51953626
8697,0.7836452,0.0,0.33906907,5.372333,0.008701302,0.0,0.015641626,0.5195355
8698,0.8283946,0.0,0.20055257,5.3723316,0.011952696,0.0,0.012638042,0.5195349
8699,0.40205368,0.0,0.12237321,5.3723326,0.0067785284,0.0,0.0136248795,0.519534
8700,0.53788835,0.0,0.32053688,5.372333,0.0089142965,0.0,0.015264358,0.5195331
8701,0.21675105,0.0,0.3153358,5.372337,0.0088271815,0.0,0.024374623,0.5195318
8702,0.33785108,0.0,0.20112942,5.3723383,0.008808557,0.0,0.017990083,0.51953125
8703,0.31187266,0.0,0.14656036,5.3723383,0.008985661,0.0,0.012593081,0.5195308
8704,0.2317107,0.0,0.12994264,5.3723373,0.009376033,0.0,0.013414967,0.51953006
8705,0.38460538,0.0,0.19825177,5.372337,0.009907122,0.0,0.016574867,0.5195294
8706,0.25792965,0.0,0.24627739,5.3723364,0.008706868,0.0,0.012264933,0.51952887
8707,0.5727307,0.0,0.19866024,5.3723383,0.011230222,0.0,0.0205675,0.5195282
8708,0.30954108,0.0,0.1400505,5.372343,0.01085264,0.0,0.016512126,0.5195279
8709,0.3830084,0.0,0.26168665,5.3723464,0.008546197,0.0,0.012064948,0.5195278
8710,0.3926186,0.0,0.21703707,5.3723483,0.00878349,0.0,0.016185537,0.51952773
8711,0.3000464,0.0,0.16674133,5.3723507,0.00780102,0.0,0.016482364,0.5195278
8712,0.32806614,0.0,0.56135935,5.372352,0.009011789,0.0,0.014136083,0.519528
8713,0.46367925,0.0,0.21539614,5.3723516,0.009711656,0.0,0.015529502,0.5195281
8714,0.23641396,0.0,0.18723334,5.3723516,0.008805709,0.0,0.017013801,0.519528
8715,0.44342527,0.0,0.22631393,5.3723526,0.009509053,0.0,0.01739025,0.51952785
8716,0.24899425,0.0,0.37357605,5.3723526,0.0060508274,0.0,0.018929644,0.51952744
8717,0.6667198,0.0,0.15998444,5.372353,0.009028131,0.0,0.014801224,0.5195274
8718,0.50105417,0.0,0.19820736,5.372353,0.009427401,0.0,0.015536862,0.51952696
8719,0.5788656,0.0,0.14972396,5.3723545,0.009044955,0.0,0.017860774,0.5195266
8720,0.5549603,0.0,0.16861539,5.372356,0.009537388,0.0,0.015295253,0.51952595
8721,0.36915383,0.0,0.19731371,5.3723583,0.0077464734,0.0,0.011349423,0.5195253
8722,0.33632556,0.0,0.28165326,5.37236,0.009650727,0.0,0.01574406,0.5195248
8723,0.25431666,0.0,0.18138142,5.372363,0.008151866,0.0,0.016567515,0.51952416
8724,0.41287112,0.0,0.18087147,5.372366,0.0066514635,0.0,0.015801897,0.519524
8725,0.22368245,0.0,0.19957505,5.3723693,0.011107622,0.0,0.015683861,0.5195234
8726,0.27808806,0.0,0.21679248,5.3723726,0.010842618,0.0,0.014106477,0.51952267
8727,0.23325083,0.0,0.15839802,5.3723745,0.008550866,0.0,0.014000223,0.5195218
8728,0.34903204,0.0,0.2651867,5.3723774,0.008845406,0.0,0.013792635,0.5195215
8729,0.524319,0.0,0.30471617,5.372377,0.009021917,0.0,0.013083296,0.51952136
8730,0.4410133,0.0,0.16347176,5.372379,0.00906116,0.0,0.015485277,0.51952165
8731,0.5227211,0.0,0.15882811,5.372381,0.009411019,0.0,0.016865788,0.519522
8732,0.61755246,0.0,0.16509053,5.3723817,0.008637844,0.0,0.015551446,0.5195223
8733,0.63170564,0.0,0.26105666,5.3723817,0.008251351,0.0,0.018147329,0.51952267
8734,0.5381093,0.0,0.18408585,5.3723817,0.0078746,0.0,0.013664972,0.51952296
8735,0.23077878,0.0,0.30160788,5.3723783,0.0116821425,0.0,0.014297718,0.51952326
8736,0.4584131,0.0,0.25731447,5.3723783,0.010296605,0.0,0.01581403,0.51952344
8737,0.31781182,0.0,0.28738976,5.3723783,0.00873241,0.0,0.015317148,0.5195235
8738,0.48782083,0.0,0.42944112,5.3723764,0.007348869,0.0,0.017193345,0.51952344
8739,0.56840515,0.0,0.22220753,5.3723736,0.009877784,0.0,0.014946682,0.5195233
8740,0.32744896,0.0,0.36206636,5.372373,0.009494929,0.0,0.013481831,0.5195232
8741,0.5224052,0.0,0.24386062,5.3723745,0.008086785,0.0,0.016672201,0.5195231
8742,0.3976039,0.0,0.16549157,5.372375,0.008282426,0.0,0.016007748,0.5195234
8743,0.2761708,0.0,0.23377377,5.372375,0.01009833,0.0,0.016619785,0.5195236
8744,0.28037104,0.0,0.15831426,5.3723764,0.007552842,0.0,0.016152779,0.5195236
8745,0.31490162,0.0,0.5517895,5.372377,0.008814291,0.0,0.01274778,0.5195239
8746,0.3423925,0.0,0.15654862,5.3723826,0.008792816,0.0,0.0156055195,0.51952416
8747,0.6125339,0.0,0.5213879,5.372387,0.011778308,0.0,0.015123317,0.5195244
8748,0.346508,0.0,0.19202867,5.37239,0.007377116,0.0,0.012618522,0.5195246
8749,0.23433901,0.0,0.15305164,5.372392,0.01015111,0.0,0.012777362,0.51952475
8750,0.768907,0.0,0.36080754,5.372395,0.010576087,0.0,0.014624156,0.5195254
8751,0.3227682,0.0,0.14111885,5.372395,0.010445384,0.0,0.015724134,0.5195266
8752,0.4333039,0.0,0.22356854,5.3723936,0.010830193,0.0,0.019191612,0.51952744
8753,0.48450005,0.0,0.22513872,5.3723936,0.010039496,0.0,0.01352376,0.5195282
8754,0.7560007,0.0,0.21921916,5.3723927,0.008774538,0.0,0.018015368,0.519529
8755,0.2507641,0.0,0.39063156,5.372393,0.008409716,0.0,0.017527917,0.51953006
8756,0.14413501,0.0,0.17747326,5.3723936,0.009698497,0.0,0.016344205,0.519531
8757,0.56786674,0.0,0.17619637,5.372394,0.009364701,0.0,0.015288526,0.5195323
8758,0.36282486,0.0,0.34533876,5.372394,0.00802542,0.0,0.014259467,0.51953316
8759,0.36734682,0.0,0.25612882,5.372394,0.010615027,0.0,0.011930492,0.51953405
8760,0.40245235,0.0,0.24128479,5.3723927,0.010597044,0.0,0.015533944,0.5195351
8761,0.55337733,0.0,0.3071173,5.3723907,0.008791863,0.0,0.014191924,0.51953626
8762,0.51575696,0.0,0.19394186,5.372389,0.008655443,0.0,0.013860645,0.51953703
8763,0.24649313,0.0,0.3978289,5.372387,0.007652683,0.0,0.018935626,0.5195375
8764,0.42896405,0.0,0.16158698,5.3723836,0.01235641,0.0,0.015874792,0.5195379
8765,0.15166892,0.0,0.14233154,5.3723803,0.011184162,0.0,0.014858671,0.5195382
8766,0.21607065,0.0,0.19642448,5.372377,0.009388444,0.0,0.015658826,0.51953834
8767,0.37812456,0.0,0.16737947,5.372374,0.00922364,0.0,0.016561884,0.51953864
8768,0.4452523,0.0,0.20886865,5.3723702,0.010174965,0.0,0.016103432,0.5195389
8769,0.7929565,0.0,0.23017515,5.372369,0.009605253,0.0,0.012740917,0.5195403
8770,0.5236892,0.0,0.14065826,5.372366,0.00823503,0.0,0.014504649,0.5195417
8771,0.24332225,0.0,0.15601517,5.3723645,0.0081627555,0.0,0.013615426,0.5195435
8772,0.62014663,0.0,0.25991488,5.3723617,0.010324336,0.0,0.012841998,0.5195451
8773,0.7179753,0.0,0.27206174,5.372358,0.010057686,0.0,0.016791563,0.5195464
8774,0.7966749,0.0,0.18595195,5.3723536,0.011154312,0.0,0.014571617,0.5195475
8775,0.23998058,0.0,0.23503298,5.3723497,0.009021719,0.0,0.015035692,0.51954824
8776,0.3248822,0.0,0.16856965,5.372346,0.011321395,0.0,0.013589951,0.51954854
8777,0.3286606,0.0,0.21791625,5.372341,0.008522593,0.0,0.013282383,0.5195485
8778,0.35725942,0.0,0.18706724,5.3723354,0.0071036783,0.0,0.014890812,0.51954865
8779,0.53873515,0.0,0.2431178,5.3723326,0.010545531,0.0,0.019262422,0.51954854
8780,0.38271764,0.0,0.19483894,5.3723273,0.007876391,0.0,0.014657893,0.5195481
8781,0.32565477,0.0,0.17755465,5.372322,0.010580029,0.0,0.01691585,0.5195476
8782,0.5437755,0.0,0.1198218,5.372318,0.008585967,0.0,0.0122782895,0.51954716
8783,0.32683086,0.0,0.16695733,5.372313,0.01143203,0.0,0.0150609985,0.5195468
8784,0.25781563,0.0,0.12640868,5.3723087,0.010750843,0.0,0.018365461,0.51954645
8785,0.40651193,0.0,0.12833428,5.3723044,0.009535754,0.0,0.015775086,0.5195465
8786,0.5737412,0.0,0.27163598,5.3723025,0.007977642,0.0,0.014465337,0.51954615
8787,0.42335925,0.0,0.15143812,5.3722982,0.009404763,0.0,0.014150859,0.5195456
8788,0.33437762,0.0,0.18378416,5.372295,0.007859828,0.0,0.018442422,0.5195451
8789,0.27617043,0.0,0.57700294,5.3722916,0.009551583,0.0,0.018421954,0.51954436
8790,0.40806347,0.0,0.27652022,5.3722906,0.009169726,0.0,0.018120855,0.5195435
8791,0.316093,0.0,0.27459642,5.3722887,0.007949162,0.0,0.016616717,0.5195427
8792,0.26783648,0.0,0.4675369,5.3722906,0.007916907,0.0,0.012788292,0.5195419
8793,0.28376082,0.0,0.17306143,5.3722916,0.008844102,0.0,0.016209226,0.5195411
8794,0.55576557,0.0,0.29376453,5.3722935,0.008720774,0.0,0.01373596,0.5195408
8795,0.28154543,0.0,0.21435663,5.372296,0.009865616,0.0,0.01478876,0.51954025
8796,0.23606607,0.0,0.18065341,5.3722987,0.009936674,0.0,0.016844194,0.5195397
8797,0.65829104,0.0,0.41396955,5.3723,0.010196671,0.0,0.015576376,0.51953924
8798,0.32814226,0.0,0.28924313,5.372304,0.0076900246,0.0,0.016461147,0.5195389
8799,0.38042128,0.0,0.27998957,5.372308,0.010043553,0.0,0.016943669,0.5195383
8800,0.33765528,0.0,0.23949347,5.3723125,0.008192971,0.0,0.0122341905,0.5195375
8801,0.45554537,0.0,0.11940861,5.3723183,0.00903911,0.0,0.016590243,0.51953673
8802,0.38880798,0.0,0.1505741,5.3723226,0.00903808,0.0,0.013604944,0.5195364
8803,0.14589046,0.0,0.14292589,5.3723264,0.009034879,0.0,0.014268236,0.51953596
8804,0.27503914,0.0,0.25928503,5.3723297,0.008865028,0.0,0.015032035,0.5195353
8805,1.4133394,0.0,0.15759583,5.3723354,0.009523383,0.0,0.012413306,0.51953495
8806,0.44357237,0.0,0.17166229,5.37234,0.010861562,0.0,0.01360881,0.51953465
8807,0.2304868,0.0,0.22688729,5.3723454,0.00934289,0.0,0.015501106,0.5195345
8808,0.3869526,0.0,0.15426417,5.3723483,0.0074123954,0.0,0.013546461,0.51953435
8809,0.28012514,0.0,0.23508398,5.372351,0.010681161,0.0,0.015569666,0.5195341
8810,0.74298435,0.0,0.3012944,5.372354,0.008393674,0.0,0.01284464,0.519534
8811,0.50310403,0.0,0.2120594,5.372357,0.009142476,0.0,0.0171165,0.5195343
8812,0.69484985,0.0,0.4729971,5.372356,0.00907859,0.0,0.01678783,0.51953423
8813,0.30376032,0.0,0.21108758,5.3723564,0.010286028,0.0,0.016594475,0.5195341
8814,0.37085703,0.0,0.28251478,5.372359,0.0090433275,0.0,0.01513966,0.519534
8815,0.24286819,0.0,0.32998472,5.372362,0.011034134,0.0,0.015914205,0.51953363
8816,0.4241409,0.0,0.21419667,5.3723664,0.010127875,0.0,0.015803618,0.5195333
8817,0.7458861,0.0,0.31743574,5.3723702,0.00958422,0.0,0.015834535,0.51953256
8818,1.6866947,0.0,0.19647337,5.372374,0.008022777,0.0,0.014950992,0.5195323
8819,0.28957862,0.0,0.1450866,5.372377,0.008106392,0.0,0.016245231,0.5195323
8820,0.27907783,0.0,0.22084256,5.37238,0.010821139,0.0,0.01710521,0.5195325
8821,0.5016646,0.0,0.30657414,5.3723803,0.010990621,0.0,0.012750406,0.51953274
8822,0.805545,0.0,0.2284356,5.372379,0.009221154,0.0,0.012348574,0.5195331
8823,0.375206,0.0,0.22537273,5.3723774,0.009708285,0.0,0.015611474,0.51953334
8824,0.34924367,0.0,0.22575827,5.372376,0.008599724,0.0,0.016740149,0.51953346
8825,0.24302275,0.0,0.16640206,5.372375,0.01003129,0.0,0.013520736,0.5195339
8826,0.7599746,0.0,0.13305022,5.3723726,0.010371579,0.0,0.015100089,0.51953435
8827,0.3321195,0.0,0.16299708,5.3723726,0.008675854,0.0,0.015361914,0.51953477
8828,0.39258814,0.0,0.15622005,5.372369,0.008212192,0.0,0.01815391,0.5195353
8829,0.5845831,0.0,0.26207682,5.372367,0.010301307,0.0,0.015303297,0.5195361
8830,0.28773946,0.0,0.17015089,5.3723645,0.009589783,0.0,0.014074952,0.519537
8831,0.25361392,0.0,0.2575809,5.3723607,0.009925691,0.0,0.017180063,0.5195384
8832,0.32286176,0.0,0.20676675,5.372358,0.00913818,0.0,0.016082693,0.5195392
8833,0.5633001,0.0,0.26804912,5.3723555,0.009517044,0.0,0.01524177,0.51953995
8834,0.19925717,0.0,0.16192758,5.37236,0.00916381,0.0,0.015754892,0.519541
8835,0.6774616,0.0,0.20288327,5.3723645,0.009179627,0.0,0.013314803,0.5195416
8836,0.3916005,0.0,0.26864877,5.372368,0.009854718,0.0,0.019627795,0.519542
8837,0.4827695,0.0,0.15876278,5.372371,0.008674275,0.0,0.015153954,0.51954216
8838,0.69549835,0.0,0.16209786,5.3723745,0.012096449,0.0,0.013627843,0.51954234
8839,0.24750836,0.0,0.19954193,5.3723764,0.009593117,0.0,0.015258382,0.51954234
8840,0.43848893,0.0,0.18300447,5.3723764,0.008971131,0.0,0.014085375,0.51954204
8841,0.3417328,0.0,0.25768724,5.3723764,0.00977758,0.0,0.014621388,0.51954174
8842,0.65864617,0.0,0.21207024,5.372374,0.00936,0.0,0.011576479,0.5195413
8843,0.35305086,0.0,0.36982015,5.372372,0.008680264,0.0,0.014256461,0.5195405
8844,0.5571833,0.0,0.23771358,5.372367,0.010834836,0.0,0.017050276,0.5195399
8845,0.32530233,0.0,0.23436302,5.372361,0.009698589,0.0,0.016346442,0.51953936
8846,0.3447611,0.0,0.26458213,5.3723545,0.007667004,0.0,0.017069958,0.5195386
8847,0.39913735,0.0,0.18914968,5.3723474,0.0104353195,0.0,0.017320214,0.5195378
8848,0.33326298,0.0,0.22695243,5.3723416,0.007830146,0.0,0.016553149,0.5195372
8849,0.35476536,0.0,0.199097,5.372338,0.008865846,0.0,0.0118005965,0.51953685
8850,0.4373116,0.0,0.17877832,5.3723326,0.009590611,0.0,0.014064131,0.5195365
8851,0.27959275,0.0,0.15748051,5.3723283,0.008903392,0.0,0.016614823,0.5195365
8852,0.3293951,0.0,0.23123442,5.372324,0.008236985,0.0,0.015819483,0.5195365
8853,0.34706262,0.0,0.2578148,5.372321,0.008883447,0.0,0.015240657,0.5195367
8854,0.45964533,0.0,0.15307121,5.372319,0.0112967305,0.0,0.015419953,0.5195368
8855,0.43545964,0.0,0.27421495,5.3723173,0.009300242,0.0,0.016590714,0.5195371
8856,0.27031162,0.0,0.19846004,5.372319,0.009398465,0.0,0.0151311485,0.5195379
8857,0.39832947,0.0,0.25883934,5.3723216,0.010685807,0.0,0.017543374,0.5195387
8858,0.31841308,0.0,0.16196106,5.3723245,0.009333828,0.0,0.013974135,0.5195393
8859,0.38223395,0.0,0.17900608,5.3723273,0.008132494,0.0,0.014743646,0.51954025
8860,0.22652623,0.0,0.30934617,5.3723297,0.010802347,0.0,0.014827647,0.51954085
8861,0.63227725,0.0,0.28834438,5.372331,0.009701338,0.0,0.017126536,0.51954114
8862,0.3845808,0.0,0.2086882,5.3723354,0.0085163135,0.0,0.016104931,0.51954204
8863,0.4453772,0.0,0.20761861,5.372338,0.0068189153,0.0,0.015843349,0.51954275
8864,0.28563097,0.0,0.31805438,5.3723383,0.0081355935,0.0,0.015704114,0.51954347
8865,0.2924494,0.0,0.23113027,5.3723373,0.009903642,0.0,0.015329044,0.51954406
8866,0.44562447,0.0,0.3432645,5.3723383,0.009288249,0.0,0.016638046,0.51954454
8867,0.39284277,0.0,0.24702637,5.372338,0.008664729,0.0,0.016440623,0.51954496
8868,0.36371356,0.0,0.17894337,5.372338,0.008875223,0.0,0.017765496,0.51954526
8869,0.25592992,0.0,0.18170033,5.3723383,0.008630973,0.0,0.01485198,0.51954556
8870,0.35922855,0.0,0.278956,5.3723383,0.008298606,0.0,0.016803082,0.519546
8871,0.3903803,0.0,0.1822638,5.372338,0.008283808,0.0,0.016389979,0.51954615
8872,0.4094241,0.0,0.27471095,5.3723373,0.011822212,0.0,0.015171831,0.519546
8873,0.6459375,0.0,0.4403786,5.372336,0.009117129,0.0,0.017790608,0.519546
8874,0.71798956,0.0,0.22742854,5.372337,0.008692544,0.0,0.018296469,0.51954603
8875,0.6119537,0.0,0.21080337,5.3723364,0.009843528,0.0,0.015572179,0.5195462
8876,0.3686646,0.0,0.27923962,5.3723373,0.009256566,0.0,0.015037321,0.51954633
8877,0.36436775,0.0,0.20667298,5.372338,0.0096221715,0.0,0.013703881,0.5195467
8878,0.49390554,0.0,0.11942296,5.372338,0.008264232,0.0,0.01525162,0.51954687
8879,0.46052593,0.0,0.16807371,5.372337,0.011366038,0.0,0.013853252,0.5195465
8880,0.25569686,0.0,0.19541036,5.3723364,0.007909165,0.0,0.017435238,0.51954603
8881,0.24808733,0.0,0.25493068,5.3723373,0.009100636,0.0,0.015383543,0.51954526
8882,0.40456718,0.0,0.19547006,5.3723392,0.0075837523,0.0,0.01375221,0.51954496
8883,0.36487952,0.0,0.1787851,5.372341,0.008707481,0.0,0.017860148,0.5195444
8884,0.3314396,0.0,0.21741723,5.372344,0.008562526,0.0,0.017724274,0.519544
8885,0.3327912,0.0,0.17220725,5.372347,0.01021888,0.0,0.016009344,0.5195435
8886,0.76475525,0.0,0.21723565,5.3723483,0.008790748,0.0,0.012543096,0.5195431
8887,0.39400458,0.0,0.3016898,5.3723526,0.008166392,0.0,0.012985554,0.51954275
8888,0.63469815,0.0,0.24565151,5.372356,0.008802922,0.0,0.015537575,0.51954263
8889,0.37059245,0.0,0.2354289,5.37236,0.009676397,0.0,0.015159158,0.51954234
8890,0.26406062,0.0,0.12126733,5.3723645,0.009855437,0.0,0.014383234,0.51954216
8891,0.31947112,0.0,0.18295085,5.372367,0.007989552,0.0,0.01582591,0.51954216
8892,0.4897393,0.0,0.21247259,5.372369,0.010071885,0.0,0.015205944,0.51954246
8893,0.2440616,0.0,0.2099468,5.3723726,0.01094225,0.0,0.014721458,0.51954293
8894,0.4222732,0.0,0.14156011,5.3723755,0.009132211,0.0,0.010865097,0.5195432
8895,0.28920212,0.0,0.16253346,5.372378,0.008703129,0.0,0.013821076,0.5195437
8896,0.30764723,0.0,0.31334218,5.3723817,0.00900841,0.0,0.015363031,0.51954424
8897,0.48788697,0.0,0.19566603,5.372384,0.008488875,0.0,0.013279026,0.519544
8898,0.20646735,0.0,0.31518984,5.372385,0.00873085,0.0,0.014492493,0.51954347
8899,0.728818,0.0,0.18500866,5.3723865,0.0066943513,0.0,0.015833637,0.5195427
8900,0.19892672,0.0,0.5654964,5.3723865,0.007837626,0.0,0.015369339,0.5195422
8901,0.46703732,0.0,0.22838609,5.3723907,0.009291607,0.0,0.013180612,0.5195417
8902,0.30050045,0.0,0.12290932,5.3723936,0.0104947155,0.0,0.014812773,0.5195409
8903,0.65949035,0.0,0.17068511,5.372397,0.007749425,0.0,0.017053947,0.5195404
8904,0.28762987,0.0,0.33832362,5.3723993,0.009671989,0.0,0.01841054,0.51953983
8905,0.27181304,0.0,0.21520045,5.3724036,0.008430248,0.0,0.0175016,0.5195393
8906,0.32933432,0.0,0.3059965,5.3724065,0.011529428,0.0,0.015599773,0.51953894
8907,0.39578637,0.0,0.3545848,5.372409,0.009485079,0.0,0.014791106,0.51953804
8908,0.86701494,0.0,0.17578033,5.372412,0.007507168,0.0,0.016440228,0.5195369
8909,0.25663322,0.0,0.38728714,5.3724136,0.008771135,0.0,0.015030489,0.51953596
8910,0.4880814,0.0,0.25762674,5.372415,0.008403997,0.0,0.013591418,0.5195351
8911,0.33247027,0.0,0.23028646,5.372419,0.009136314,0.0,0.01575767,0.5195343
8912,0.45914623,0.0,0.32921806,5.372422,0.009517324,0.0,0.015566496,0.51953346
8913,0.37212288,0.0,0.12850025,5.37243,0.009586605,0.0,0.014847569,0.51953286
8914,0.1733664,0.0,0.4669858,5.3724384,0.0093031125,0.0,0.017594766,0.5195327
8915,0.5202161,0.0,0.107349955,5.372447,0.00777448,0.0,0.014556021,0.5195328
8916,0.38001865,0.0,0.30184963,5.3724546,0.009231815,0.0,0.015263436,0.5195331
8917,0.2481237,0.0,0.25986922,5.3724627,0.009649621,0.0,0.0137960985,0.51953334
8918,0.2817138,0.0,0.26507202,5.3724685,0.009735569,0.0,0.018023659,0.51953346
8919,0.30491105,0.0,0.19534168,5.3724732,0.008913454,0.0,0.015625788,0.51953375
8920,0.31189004,0.0,0.411014,5.3724794,0.0074164094,0.0,0.01463263,0.5195341
8921,0.34176165,0.0,0.23755729,5.372484,0.008189697,0.0,0.0156122465,0.51953405
8922,0.5787458,0.0,0.20842737,5.3724875,0.011586803,0.0,0.016239772,0.5195339
8923,0.22467439,0.0,0.268477,5.3724914,0.008937201,0.0,0.015382097,0.51953405
8924,0.50289744,0.0,0.44906455,5.3724933,0.00882843,0.0,0.016730636,0.5195339
8925,0.5819444,0.0,0.2207915,5.3724966,0.009071901,0.0,0.0151544595,0.51953393
8926,0.29667255,0.0,0.32753915,5.3724995,0.010572528,0.0,0.016008014,0.5195339
8927,0.1976571,0.0,0.34968638,5.3725033,0.009373719,0.0,0.015084632,0.5195341
8928,0.6429568,0.0,0.29064375,5.372508,0.008003624,0.0,0.01332817,0.51953423
8929,0.25787896,0.0,0.22248109,5.372512,0.0066882693,0.0,0.014485989,0.51953435
8930,0.48636013,0.0,0.22970109,5.372518,0.009993371,0.0,0.016532034,0.519535
8931,0.5079127,0.0,0.25416902,5.3725233,0.010486276,0.0,0.016852772,0.5195361
8932,0.30655247,0.0,0.13276972,5.3725295,0.009397626,0.0,0.013492067,0.5195368
8933,0.27095073,0.0,0.12964779,5.3725343,0.0109554175,0.0,0.0140188085,0.5195372
8934,0.6366866,0.0,0.119598374,5.3725395,0.0098126745,0.0,0.015129216,0.51953775
8935,0.2682047,0.0,0.19073045,5.3725443,0.009811853,0.0,0.014936598,0.51953816
8936,0.32092264,0.0,0.13064304,5.3725495,0.011001502,0.0,0.016865361,0.5195383
8937,0.36005482,0.0,0.16730744,5.3725543,0.008034735,0.0,0.012521627,0.51953846
8938,0.24087152,0.0,0.1254313,5.3725586,0.009457854,0.0,0.01826609,0.5195384
8939,0.34466594,0.0,0.16520594,5.3725624,0.007897824,0.0,0.014433028,0.51953876
8940,0.69613117,0.0,0.1763012,5.372566,0.00908937,0.0,0.017264193,0.519539
8941,0.27739766,0.0,0.16209008,5.3725686,0.008949463,0.0,0.012571273,0.51953936
8942,0.38079104,0.0,0.22252859,5.3725705,0.009399836,0.0,0.017215252,0.5195398
8943,0.34315974,0.0,0.26123235,5.3725734,0.009216152,0.0,0.011948816,0.51954013
8944,0.29971457,0.0,0.24755292,5.372576,0.007671813,0.0,0.015654791,0.5195405
8945,0.91067016,0.0,0.3282777,5.3725777,0.008076275,0.0,0.014829282,0.5195409
8946,0.62739694,0.0,0.23475741,5.372579,0.009476855,0.0,0.015455549,0.5195417
8947,0.51699907,0.0,0.14770314,5.3725834,0.010790245,0.0,0.015029533,0.51954204
8948,0.28673232,0.0,0.22306252,5.3725867,0.008097129,0.0,0.015343869,0.5195423
8949,0.32892764,0.0,0.2091543,5.372588,0.007334792,0.0,0.016470602,0.51954234
8950,0.5483984,0.0,0.3871985,5.372589,0.011192325,0.0,0.013338309,0.51954263
8951,0.3252906,0.0,0.24899147,5.3725934,0.010221183,0.0,0.017564423,0.5195429
8952,0.45221964,0.0,0.12563555,5.372598,0.008396351,0.0,0.012210698,0.51954293
8953,0.187342,0.0,0.19634177,5.372602,0.010427846,0.0,0.016397864,0.51954263
8954,0.59237397,0.0,0.27503338,5.3726068,0.009511215,0.0,0.013039675,0.519542
8955,0.7363382,0.0,0.19480905,5.3726106,0.010257749,0.0,0.013632564,0.5195414
8956,0.46297058,0.0,0.29305837,5.3726134,0.00959632,0.0,0.015853748,0.51954114
8957,0.30425227,0.0,0.22981907,5.3726153,0.009711273,0.0,0.014482953,0.5195411
8958,0.16012692,0.0,0.22475396,5.372617,0.00936607,0.0,0.01609696,0.51954126
8959,0.5335099,0.0,0.1350725,5.3726187,0.010807357,0.0,0.016358148,0.5195416
8960,0.7925539,0.0,0.2982541,5.3726206,0.008763051,0.0,0.012635545,0.5195429
8961,0.44447887,0.0,0.21265619,5.372622,0.008668705,0.0,0.014183175,0.51954406
8962,0.42206657,0.0,0.5132152,5.372624,0.008289016,0.0,0.019660834,0.51954556
8963,0.32399318,0.0,0.20796104,5.372626,0.008880619,0.0,0.015810527,0.51954687
8964,0.27215487,0.0,0.13660835,5.3726277,0.010336367,0.0,0.01740242,0.5195475
8965,0.19591498,0.0,0.20203383,5.3726287,0.009300396,0.0,0.018442085,0.5195482
8966,0.47512487,0.0,0.34990942,5.372631,0.008924509,0.0,0.01694153,0.51954895
8967,0.8897012,0.0,0.24638276,5.3726325,0.009211134,0.0,0.016554998,0.5195501
8968,0.5447975,0.0,0.48066637,5.372632,0.011035038,0.0,0.015317585,0.51955044
8969,0.5310979,0.0,0.19104132,5.372639,0.00945957,0.0,0.01586659,0.51955104
8970,0.44173145,0.0,0.21432844,5.3726473,0.0097940955,0.0,0.016841168,0.5195514
8971,0.34016362,0.0,0.2250552,5.3726535,0.009054502,0.0,0.019084841,0.5195519
8972,0.48140395,0.0,0.23312366,5.3726587,0.010523405,0.0,0.012421216,0.519553
8973,0.8320645,0.0,0.26424563,5.372663,0.010475697,0.0,0.015063462,0.51955414
8974,0.34611413,0.0,0.21783356,5.3726673,0.0094175665,0.0,0.014579374,0.519555
8975,0.4951535,0.0,0.19522545,5.3726716,0.009550452,0.0,0.014511017,0.51955575
8976,0.45903605,0.0,0.23375835,5.372674,0.009088677,0.0,0.0143748745,0.5195566
8977,0.43568835,0.0,0.1981316,5.372678,0.009665454,0.0,0.014590509,0.5195574
8978,0.32430872,0.0,0.18028508,5.3726788,0.010177647,0.0,0.014160941,0.5195578
8979,0.53321767,0.0,0.22466254,5.3726797,0.009463935,0.0,0.017686564,0.51955813
8980,0.3989604,0.0,0.23106639,5.3726797,0.008363519,0.0,0.01755276,0.5195584
8981,0.30125725,0.0,0.15760438,5.3726816,0.010924885,0.0,0.014561731,0.51955855
8982,0.45039132,0.0,0.11724972,5.372682,0.009356283,0.0,0.015463855,0.51955855
8983,0.43080115,0.0,0.0820795,5.372683,0.008176654,0.0,0.013394661,0.5195581
8984,0.46232182,0.0,0.40449095,5.3726835,0.007009447,0.0,0.01698713,0.51955765
8985,0.28699666,0.0,0.17908,5.3726826,0.009018404,0.0,0.011319091,0.5195575
8986,0.2095689,0.0,0.3212675,5.3726816,0.009164723,0.0,0.016444594,0.5195575
8987,0.99455506,0.0,0.14936505,5.3726864,0.008460841,0.0,0.01446306,0.5195575
8988,0.5008351,0.0,0.23431946,5.3726907,0.010981358,0.0,0.017924957,0.5195569
8989,0.39272308,0.0,0.22377151,5.372695,0.008725667,0.0,0.013152585,0.5195565
8990,0.28093055,0.0,0.1422023,5.3726993,0.008233274,0.0,0.0133797405,0.51955646
8991,0.21912007,0.0,0.27947628,5.372704,0.0071995296,0.0,0.01823082,0.51955646
8992,0.34976292,0.0,0.280848,5.372707,0.0073718596,0.0,0.015754104,0.5195563
8993,0.20031394,0.0,0.15517563,5.37271,0.009684059,0.0,0.014223484,0.51955605
8994,0.41764933,0.0,0.19731684,5.3727126,0.008151465,0.0,0.016361017,0.5195558
8995,0.9580599,0.0,0.22656164,5.372714,0.009047064,0.0,0.017571025,0.5195557
8996,0.4300718,0.0,0.38000116,5.3727136,0.007821631,0.0,0.016636675,0.5195558
8997,0.5879664,0.0,0.29801285,5.3727155,0.009627451,0.0,0.013974186,0.5195557
8998,0.40575823,0.0,0.17906389,5.3727183,0.010580858,0.0,0.0137019055,0.5195553
8999,0.53411,0.0,0.33146614,5.3727193,0.008520277,0.0,0.016124351,0.5195551
9000,0.31212774,0.0,0.22422875,5.3727207,0.009939283,0.0,0.01435921,0.5195551
9001,0.24280578,0.0,0.1498663,5.372722,0.008177264,0.0,0.016887031,0.5195547
9002,0.2837614,0.0,0.33942276,5.372721,0.009720533,0.0,0.015381713,0.51955456
9003,0.42212325,0.0,0.16794899,5.3727207,0.008422464,0.0,0.015171967,0.51955444
9004,0.3662377,0.0,0.2789233,5.372719,0.00952466,0.0,0.01558385,0.51955456
9005,0.38180077,0.0,0.25963837,5.37272,0.010525548,0.0,0.0153537,0.5195546
9006,0.33802462,0.0,0.23650448,5.3727217,0.008875067,0.0,0.016213717,0.5195547
9007,0.22805457,0.0,0.23226577,5.3727245,0.008517184,0.0,0.016329382,0.5195547
9008,0.17742145,0.0,0.18592861,5.372727,0.008728447,0.0,0.014496723,0.51955473
9009,0.37052262,0.0,0.22750834,5.3727293,0.009431127,0.0,0.015945865,0.5195553
9010,0.21998405,0.0,0.1757577,5.37273,0.008514025,0.0,0.01637232,0.51955575
9011,0.40189478,0.0,0.3628934,5.37273,0.007607207,0.0,0.0153461555,0.51955634
9012,0.3258356,0.0,0.22720897,5.372729,0.00890456,0.0,0.015547305,0.5195569
9013,0.28297913,0.0,0.24501859,5.3727283,0.0101284105,0.0,0.01351237,0.5195573
9014,0.80183583,0.0,0.201161,5.372727,0.008988341,0.0,0.014039325,0.51955795
9015,0.49143025,0.0,0.19923812,5.372725,0.0073234374,0.0,0.018563412,0.5195587
9016,0.5737809,0.0,0.2262074,5.372724,0.008985188,0.0,0.011634389,0.51955944
9017,0.24057302,0.0,0.3851835,5.372721,0.008765052,0.0,0.017237116,0.5195603
9018,0.39267752,0.0,0.23976742,5.372723,0.009677673,0.0,0.014368532,0.51956105
9019,0.37532744,0.0,0.30495846,5.372723,0.0085623,0.0,0.017084505,0.5195613
9020,0.3114472,0.0,0.19965763,5.372724,0.009178436,0.0,0.017548852,0.51956165
9021,0.7826976,0.0,0.22650157,5.372724,0.009785023,0.0,0.013620429,0.5195616
9022,0.21645518,0.0,0.23228998,5.3727236,0.009417335,0.0,0.017355762,0.51956177
9023,0.49682224,0.0,0.18792401,5.3727236,0.008563255,0.0,0.01584471,0.51956207
9024,0.2886749,0.0,0.14922029,5.372722,0.009901114,0.0,0.016012646,0.5195628
9025,0.55702543,0.0,0.16318998,5.372721,0.009602189,0.0,0.017318487,0.5195635
9026,0.730656,0.0,0.2190427,5.3727202,0.009352693,0.0,0.014184454,0.51956385
9027,0.57482505,0.0,0.15446666,5.372718,0.007792224,0.0,0.0153706595,0.5195638
9028,0.44609934,0.0,0.16111208,5.372715,0.009693669,0.0,0.0154977385,0.5195636
9029,0.26914737,0.0,0.19266047,5.3727126,0.00952038,0.0,0.014212773,0.51956344
9030,0.3927876,0.0,0.2748287,5.3727093,0.009408951,0.0,0.013568406,0.5195633
9031,0.28672692,0.0,0.17979535,5.372709,0.008820499,0.0,0.01748819,0.5195631
9032,0.31039286,0.0,0.35764056,5.3727083,0.0097163385,0.0,0.01682736,0.5195627
9033,0.35947344,0.0,0.20498711,5.3727126,0.009218034,0.0,0.013859603,0.519563
9034,0.45330688,0.0,0.31230286,5.3727145,0.008611978,0.0,0.019344177,0.519563
9035,0.4656676,0.0,0.21124625,5.372717,0.00969013,0.0,0.016861698,0.51956344
9036,0.3188834,0.0,0.27615204,5.3727193,0.008787464,0.0,0.01577625,0.5195636
9037,0.33809736,0.0,0.23189338,5.3727226,0.0090881875,0.0,0.015755974,0.51956356
9038,0.5611462,0.0,0.17789999,5.372727,0.010554704,0.0,0.016566958,0.5195634
9039,0.42195532,0.0,0.16852385,5.3727303,0.00853138,0.0,0.014799409,0.51956314
9040,0.34369218,0.0,0.20999473,5.3727336,0.01094554,0.0,0.017589698,0.51956284
9041,0.61846834,0.0,0.36135662,5.3727365,0.009301449,0.0,0.017227404,0.51956254
9042,0.32771158,0.0,0.1626173,5.372737,0.0075292513,0.0,0.0188633,0.51956195
9043,0.22982359,0.0,0.28876454,5.3727365,0.008780221,0.0,0.014347423,0.5195612
9044,0.7805981,0.0,0.30512372,5.3727365,0.008273949,0.0,0.017367214,0.5195604
9045,0.266592,0.0,0.21764942,5.372738,0.008960435,0.0,0.01656784,0.51955974
9046,0.4502925,0.0,0.16753054,5.3727374,0.009196925,0.0,0.015065047,0.51955914
9047,0.6698968,0.0,0.18176216,5.3727365,0.011463017,0.0,0.012971787,0.5195584
9048,0.30663645,0.0,0.273944,5.3727345,0.009493139,0.0,0.015317318,0.5195575
9049,0.16551176,0.0,0.16687134,5.3727345,0.009634232,0.0,0.014382532,0.5195565
9050,0.46353564,0.0,0.089467235,5.372731,0.010486036,0.0,0.015995456,0.5195555
9051,0.36405933,0.0,0.1479092,5.3727303,0.012360771,0.0,0.014678625,0.5195546
9052,0.4035333,0.0,0.25298464,5.372729,0.010596309,0.0,0.013011215,0.5195537
9053,0.6249414,0.0,0.15524311,5.372726,0.0099540185,0.0,0.015433426,0.5195528
9054,0.22663751,0.0,0.28152508,5.3727236,0.0094311,0.0,0.015113463,0.51955193
9055,0.43985787,0.0,0.22267263,5.3727202,0.010689964,0.0,0.01512062,0.5195509
9056,0.4858122,0.0,0.1884524,5.372716,0.009479305,0.0,0.016140211,0.51955026
9057,0.7899966,0.0,0.12264734,5.372711,0.0088514555,0.0,0.015249683,0.5195497
9058,0.22717118,0.0,0.26709643,5.372708,0.009102441,0.0,0.018399514,0.5195496
9059,0.47089398,0.0,0.3184839,5.372702,0.009815765,0.0,0.012425904,0.51954955
9060,0.31690732,0.0,0.18673822,5.3726954,0.009218836,0.0,0.012363211,0.5195498
9061,0.5566528,0.0,0.23649314,5.3726883,0.009255014,0.0,0.013657627,0.51954985
9062,0.6045086,0.0,0.15383,5.3726807,0.007707149,0.0,0.017701812,0.5195503
9063,0.611992,0.0,0.27711314,5.3726745,0.0081882095,0.0,0.013883416,0.51955044
9064,0.4409778,0.0,0.20356807,5.372669,0.0132583445,0.0,0.016936725,0.5195504
9065,0.32543948,0.0,0.23697318,5.372662,0.008465824,0.0,0.013931209,0.5195506
9066,0.47925195,0.0,0.40664658,5.3726587,0.010306306,0.0,0.014833764,0.51955074
9067,0.6498928,0.0,0.1734866,5.372654,0.008775889,0.0,0.015158521,0.5195505
9068,0.25857428,0.0,0.27704248,5.3726506,0.01108148,0.0,0.012448315,0.5195504
9069,0.35683674,0.0,0.19843434,5.3726463,0.008919573,0.0,0.01496896,0.5195502
9070,0.5514801,0.0,0.19253254,5.3726406,0.009606105,0.0,0.014968383,0.5195497
9071,0.22474504,0.0,0.14717415,5.372635,0.007679517,0.0,0.017042646,0.5195491
9072,0.3655443,0.0,0.18108721,5.3726306,0.008302047,0.0,0.014772083,0.5195481
9073,0.27430654,0.0,0.2820606,5.3726244,0.0068500154,0.0,0.012616927,0.51954764
9074,0.7957149,0.0,0.23210493,5.372617,0.008405364,0.0,0.015280862,0.5195471
9075,0.279894,0.0,0.29312366,5.372611,0.009775325,0.0,0.016377846,0.5195464
9076,0.625164,0.0,0.14279395,5.372606,0.009510132,0.0,0.015200822,0.5195455
9077,0.3330561,0.0,0.1724856,5.3726015,0.008341184,0.0,0.013143461,0.5195451
9078,0.23662315,0.0,0.3108124,5.3725963,0.009375541,0.0,0.017359247,0.51954484
9079,0.55438924,0.0,0.118765876,5.372589,0.009536079,0.0,0.017260436,0.5195453
9080,0.34606674,0.0,0.15293811,5.3725834,0.008842199,0.0,0.019670416,0.51954556
9081,0.49920216,0.0,0.26686034,5.3725777,0.009738263,0.0,0.015456789,0.519546
9082,0.2574953,0.0,0.20192324,5.3725734,0.010154995,0.0,0.016228406,0.51954675
9083,0.30921742,0.0,0.17808774,5.372567,0.010398477,0.0,0.016605426,0.51954734
9084,0.31118613,0.0,0.13278854,5.372561,0.0074144886,0.0,0.016572027,0.51954806
9085,1.1308367,0.0,0.15290265,5.3725557,0.008918314,0.0,0.014382316,0.51954865
9086,0.3937087,0.0,0.15746772,5.3725505,0.009645204,0.0,0.016261458,0.5195492
9087,0.26929104,0.0,0.27838397,5.3725467,0.009440149,0.0,0.015259607,0.5195498
9088,0.33484867,0.0,0.21242002,5.372542,0.009400398,0.0,0.01333228,0.5195504
9089,0.8254186,0.0,0.200015,5.3725386,0.009455202,0.0,0.015992533,0.519551
9090,0.45341808,0.0,0.19570911,5.3725357,0.0081506595,0.0,0.012444565,0.5195515
9091,0.3568278,0.0,0.39976087,5.372533,0.010953171,0.0,0.017831033,0.519552
9092,0.33492538,0.0,0.213189,5.3725324,0.008522537,0.0,0.018161876,0.51955336
9093,0.54119915,0.0,0.24453817,5.3725324,0.011157931,0.0,0.016721433,0.5195548
9094,0.2530229,0.0,0.1935703,5.3725314,0.00954048,0.0,0.017351573,0.519556
9095,0.56743777,0.0,0.13937429,5.37253,0.008468276,0.0,0.018624747,0.519557
9096,0.48231015,0.0,0.3624557,5.372527,0.009442476,0.0,0.014700236,0.51955765
9097,0.2306898,0.0,0.4076374,5.372525,0.009173667,0.0,0.014603149,0.5195581
9098,0.25459948,0.0,0.24772781,5.372522,0.01070053,0.0,0.013963915,0.5195584
9099,0.4764952,0.0,0.19511518,5.3725204,0.008982044,0.0,0.016061634,0.5195586
9100,0.52209103,0.0,0.17229423,5.372519,0.009235139,0.0,0.01848888,0.5195587
9101,0.2614628,0.0,0.24165916,5.3725166,0.010387141,0.0,0.016671842,0.51955855
9102,0.24406347,0.0,0.19011264,5.3725147,0.008932203,0.0,0.01822124,0.51955837
9103,0.5073776,0.0,0.2139524,5.3725114,0.008709333,0.0,0.014485286,0.519558
9104,0.42721897,0.0,0.33737043,5.372507,0.0082928,0.0,0.0146807255,0.5195573
9105,0.63248,0.0,0.36796173,5.372503,0.008818392,0.0,0.012815,0.5195566
9106,0.92199147,0.0,0.28933388,5.372497,0.009371727,0.0,0.014247073,0.519556
9107,0.85789376,0.0,0.17466848,5.3724923,0.010422704,0.0,0.016373329,0.5195557
9108,0.6785454,0.0,0.3276739,5.372487,0.009342132,0.0,0.01550359,0.5195554
9109,0.34530315,0.0,0.26200503,5.3724837,0.008905526,0.0,0.019085137,0.5195549
9110,0.3076022,0.0,0.21202976,5.372483,0.009850934,0.0,0.016579067,0.5195544
9111,0.43795106,0.0,0.2561436,5.372481,0.009697536,0.0,0.014611517,0.5195541
9112,0.39068174,0.0,0.2224793,5.3724785,0.009489462,0.0,0.013417209,0.51955336
9113,0.34251007,0.0,0.17665847,5.3724766,0.010193161,0.0,0.013845947,0.51955265
9114,0.58289284,0.0,0.19891034,5.372476,0.008028846,0.0,0.014025365,0.51955193
9115,0.8740959,0.0,0.23320393,5.372476,0.008942696,0.0,0.0153517835,0.51955134
9116,0.64626944,0.0,0.28145987,5.372476,0.009737049,0.0,0.014100746,0.51955086
9117,0.47642338,0.0,0.24813215,5.3724785,0.008844251,0.0,0.013097861,0.5195503
9118,0.26717266,0.0,0.21513908,5.37248,0.008626724,0.0,0.017629646,0.51954985
9119,0.55603665,0.0,0.31212965,5.3724823,0.008639607,0.0,0.013403544,0.5195493
9120,0.68567616,0.0,0.16518003,5.372485,0.007772942,0.0,0.015535278,0.5195482
9121,0.5351753,0.0,0.2871964,5.3724875,0.010563197,0.0,0.014864849,0.51954705
9122,0.2505343,0.0,0.16236152,5.372491,0.008302594,0.0,0.017073095,0.5195456
9123,0.2662643,0.0,0.16978018,5.3724937,0.0102324085,0.0,0.015795462,0.5195446
9124,0.48566887,0.0,0.23377544,5.372497,0.00890334,0.0,0.018015562,0.51954347
9125,0.3911137,0.0,0.14605157,5.372501,0.011709423,0.0,0.01731576,0.5195427
9126,0.75159425,0.0,0.16926943,5.3725038,0.011738803,0.0,0.013855211,0.5195419
9127,0.24286094,0.0,0.27409932,5.372509,0.012828951,0.0,0.013273839,0.5195409
9128,0.30840832,0.0,0.12637332,5.3725133,0.007432884,0.0,0.017082289,0.5195399
9129,0.7382119,0.0,0.20968479,5.372517,0.009039066,0.0,0.0146758715,0.51953906
9130,0.3914516,0.0,0.252863,5.3725204,0.0076771905,0.0,0.016131682,0.51953816
9131,0.5615365,0.0,0.30446425,5.372519,0.00879805,0.0,0.015118026,0.51953757
9132,0.26286578,0.0,0.29475257,5.3725142,0.008706049,0.0,0.014163086,0.51953715
9133,0.2655026,0.0,0.20143297,5.372508,0.009396443,0.0,0.015817096,0.5195366
9134,0.4352137,0.0,0.14598532,5.3725033,0.009189883,0.0,0.015167259,0.519536
9135,0.33411193,0.0,0.13465042,5.372499,0.009847841,0.0,0.01565603,0.5195354
9136,0.41234523,0.0,0.1885224,5.3724937,0.0113793975,0.0,0.017990863,0.5195348
9137,0.22261794,0.0,0.18710974,5.3724895,0.008640634,0.0,0.014764641,0.5195344
9138,0.27200535,0.0,0.25068915,5.3724856,0.011274693,0.0,0.015712492,0.519534
9139,0.22469749,0.0,0.29537657,5.372483,0.008815703,0.0,0.014692315,0.5195334
9140,0.21534394,0.0,0.44904938,5.3724775,0.008246404,0.0,0.017059026,0.5195328
9141,0.22826841,0.0,0.27031264,5.372477,0.009467828,0.0,0.017355107,0.519533
9142,0.30211857,0.0,0.36732703,5.372477,0.007087277,0.0,0.015272334,0.5195337
9143,0.7180733,0.0,0.1484148,5.372481,0.010077294,0.0,0.019989504,0.5195341
9144,0.49098074,0.0,0.15681991,5.3724847,0.011440937,0.0,0.016541228,0.5195352
9145,0.49253568,0.0,0.1704853,5.372492,0.010428521,0.0,0.014365216,0.519536
9146,0.43563354,0.0,0.2888724,5.3724966,0.010345695,0.0,0.011094847,0.51953685
9147,0.64517057,0.0,0.2091681,5.3724995,0.010213821,0.0,0.015035171,0.51953816
9148,0.34066308,0.0,0.23426776,5.372502,0.009443825,0.0,0.017157787,0.5195394
9149,0.7325448,0.0,0.14341292,5.3725038,0.009430544,0.0,0.013538502,0.5195408
9150,0.43205282,0.0,0.24361661,5.3725066,0.007873125,0.0,0.015393324,0.51954186
9151,0.36116335,0.0,0.15333,5.372508,0.00765995,0.0,0.015271822,0.519543
9152,0.8193194,0.0,0.3128981,5.372509,0.0068007023,0.0,0.015484391,0.5195439
9153,0.41028205,0.0,0.16556841,5.3725095,0.01062178,0.0,0.020229317,0.5195446
9154,0.4007403,0.0,0.220851,5.37251,0.008393893,0.0,0.013188014,0.5195458
9155,0.28020114,0.0,0.28155965,5.3725104,0.0074777715,0.0,0.018064048,0.51954716
9156,0.34526718,0.0,0.27134058,5.3725114,0.009208298,0.0,0.017388858,0.5195485
9157,0.49394724,0.0,0.17834564,5.3725104,0.008591844,0.0,0.014428106,0.51955
9158,0.39092085,0.0,0.11199667,5.3725104,0.009072818,0.0,0.015790384,0.5195512
9159,0.28852358,0.0,0.1907061,5.3725095,0.011584432,0.0,0.013501742,0.5195524
9160,0.2867693,0.0,0.14031501,5.3725095,0.009299839,0.0,0.018596847,0.5195535
9161,0.47420838,0.0,0.29870632,5.37251,0.0097065,0.0,0.016443813,0.5195541
9162,0.46039575,0.0,0.19476219,5.3725114,0.008408892,0.0,0.016794154,0.51955444
9163,0.32022828,0.0,0.17312385,5.3725123,0.009279175,0.0,0.016050441,0.5195548
9164,0.35354415,0.0,0.19771443,5.372514,0.006329249,0.0,0.012972681,0.5195552
9165,0.27556592,0.0,0.18654636,5.372513,0.008617998,0.0,0.013704899,0.51955545
9166,0.27868173,0.0,0.24154492,5.3725123,0.010695587,0.0,0.015054817,0.5195555
9167,0.1472124,0.0,0.21956009,5.372513,0.008592518,0.0,0.015284054,0.51955557
9168,0.4021745,0.0,0.19515891,5.3725133,0.008570518,0.0,0.014570702,0.5195557
9169,0.23305327,0.0,0.24779065,5.3725166,0.0093849655,0.0,0.015598709,0.51955575
9170,0.8052361,0.0,0.34771496,5.3725185,0.009874562,0.0,0.014805243,0.5195552
9171,0.2951673,0.0,0.2869948,5.3725195,0.009022462,0.0,0.014948868,0.51955426
9172,0.41856003,0.0,0.3641456,5.372521,0.00922578,0.0,0.016024122,0.51955324
9173,0.38164455,0.0,0.19109511,5.372525,0.008542133,0.0,0.013884703,0.51955223
9174,0.2904916,0.0,0.23299496,5.37253,0.010310549,0.0,0.013395289,0.5195517
9175,0.35017735,0.0,0.20003211,5.3725343,0.008443435,0.0,0.015381778,0.5195516
9176,0.5888271,0.0,0.18794297,5.3725376,0.009047371,0.0,0.013337162,0.5195515
9177,0.34408987,0.0,0.23310368,5.372542,0.00999998,0.0,0.015777776,0.5195514
9178,0.3367405,0.0,0.16817841,5.372547,0.010440753,0.0,0.014864227,0.5195513
9179,0.32389048,0.0,0.41439232,5.3725505,0.009243754,0.0,0.01698607,0.51955086
9180,0.48282024,0.0,0.155979,5.372554,0.009696764,0.0,0.015031676,0.51955074
9181,0.43018198,0.0,0.17422055,5.372556,0.011321777,0.0,0.01762548,0.51955074
9182,0.29938146,0.0,0.12610261,5.3725586,0.009162049,0.0,0.016280526,0.5195508
9183,0.9546191,0.0,0.19109869,5.3725605,0.007861735,0.0,0.021341776,0.51955104
9184,0.3810125,0.0,0.34442076,5.3725634,0.008887325,0.0,0.013677617,0.519552
9185,0.6364318,0.0,0.17078337,5.3725653,0.010838959,0.0,0.012586784,0.51955324
9186,0.48188284,0.0,0.17735109,5.372569,0.009651032,0.0,0.014147095,0.5195543
9187,0.37420988,0.0,0.19945894,5.3725715,0.011112703,0.0,0.016596705,0.5195551
9188,0.5473368,0.0,0.19532084,5.372574,0.00756382,0.0,0.015450987,0.51955575
9189,0.44023383,0.0,0.2722367,5.372575,0.008072304,0.0,0.01724148,0.5195559
9190,0.24470757,0.0,0.1919498,5.372575,0.008304488,0.0,0.015185984,0.51955587
9191,0.4622176,0.0,0.12817451,5.372576,0.008797844,0.0,0.015099876,0.51955545
9192,0.33866295,0.0,0.2686386,5.3725777,0.009236065,0.0,0.0128120165,0.51955485
9193,0.19141297,0.0,0.16032209,5.3725767,0.010465784,0.0,0.015592437,0.5195542
9194,0.24448065,0.0,0.20657305,5.372577,0.009203633,0.0,0.013063106,0.51955396
9195,0.23781319,0.0,0.19714767,5.372578,0.0107697705,0.0,0.018899895,0.5195534
9196,0.31786644,0.0,0.2564272,5.3725777,0.010525466,0.0,0.015555442,0.51955307
9197,0.54706824,0.0,0.1215211,5.3725758,0.007244586,0.0,0.015512769,0.51955247
9198,0.4704017,0.0,0.17905329,5.3725753,0.008649953,0.0,0.017585924,0.51955193
9199,0.360045,0.0,0.31567234,5.3725734,0.010590969,0.0,0.016221697,0.51955134
9200,0.28835502,0.0,0.4549627,5.3725724,0.010235664,0.0,0.015042864,0.5195508
9201,0.44811773,0.0,0.15589993,5.372572,0.009481022,0.0,0.018458497,0.51955056
9202,0.2854131,0.0,0.23060644,5.3725715,0.010627219,0.0,0.01418686,0.51955104
9203,0.32063037,0.0,0.22517549,5.372572,0.010136528,0.0,0.0127652865,0.5195519
9204,0.3898573,0.0,0.1754626,5.3725734,0.00817631,0.0,0.013198922,0.51955247
9205,0.5410446,0.0,0.30587432,5.372573,0.0112660555,0.0,0.01719629,0.51955307
9206,0.3185711,0.0,0.2242141,5.3725734,0.010487695,0.0,0.014457272,0.51955366
9207,0.89392704,0.0,0.21498196,5.3725734,0.009623579,0.0,0.014470178,0.51955396
9208,0.3583331,0.0,0.14185627,5.372573,0.010073532,0.0,0.016109565,0.51955426
9209,0.22395648,0.0,0.17478615,5.372573,0.006851186,0.0,0.014206485,0.5195543
9210,0.61334044,0.0,0.16499251,5.3725715,0.0096620815,0.0,0.014229969,0.51955426
9211,0.23291346,0.0,0.21748157,5.37257,0.008787236,0.0,0.013127004,0.51955414
9212,0.3577569,0.0,0.15512455,5.372569,0.009022204,0.0,0.01430362,0.5195544
9213,0.23554093,0.0,0.2452083,5.3725657,0.008047024,0.0,0.016335167,0.51955485
9214,0.33371562,0.0,0.3250281,5.372565,0.0067938454,0.0,0.013078624,0.51955545
9215,0.29714784,0.0,0.3763646,5.3725653,0.008066177,0.0,0.015005449,0.51955616
9216,0.5087141,0.0,0.24732773,5.3725715,0.008307872,0.0,0.016690232,0.51955694
9217,0.39003393,0.0,0.19528149,5.3725767,0.0090267155,0.0,0.016263083,0.5195575
9218,0.2714571,0.0,0.11121271,5.3725867,0.008728132,0.0,0.0148453,0.5195578
9219,0.23398452,0.0,0.3045789,5.3725953,0.008592883,0.0,0.013648609,0.5195585
9220,0.5722442,0.0,0.1968351,5.372603,0.008253887,0.0,0.019240564,0.51955926
9221,0.324892,0.0,0.23589145,5.3726106,0.009738931,0.0,0.013832484,0.51956046
9222,0.46215534,0.0,0.21173337,5.372617,0.011041737,0.0,0.013535641,0.51956123
9223,0.27052537,0.0,0.27007604,5.372624,0.010037777,0.0,0.01645861,0.51956177
9224,0.3484358,0.0,0.24290106,5.37263,0.009449099,0.0,0.011341537,0.51956177
9225,0.51336205,0.0,0.1233387,5.372633,0.008297621,0.0,0.013453808,0.51956177
9226,0.20296386,0.0,0.21750525,5.3726335,0.008928209,0.0,0.015177255,0.51956177
9227,0.39196074,0.0,0.1852184,5.372633,0.0097924685,0.0,0.017405491,0.5195619
9228,0.24124289,0.0,0.16846585,5.37263,0.008381998,0.0,0.014367837,0.51956224
9229,0.16117854,0.0,0.27863106,5.372628,0.008576329,0.0,0.021178927,0.51956284
9230,0.96205586,0.0,0.2736966,5.3726263,0.01008983,0.0,0.01657677,0.5195626
9231,0.3446356,0.0,0.13850403,5.3726277,0.008665753,0.0,0.015097218,0.51956236
9232,0.44180202,0.0,0.28513166,5.372628,0.00897674,0.0,0.015763853,0.51956254
9233,0.53708315,0.0,0.21451673,5.3726296,0.009197009,0.0,0.015495901,0.51956296
9234,0.50877565,0.0,0.23932545,5.3726306,0.008292431,0.0,0.014113035,0.51956326
9235,0.44347832,0.0,0.13620095,5.3726315,0.008924372,0.0,0.016005272,0.51956373
9236,0.4398171,0.0,0.12101371,5.3726315,0.009538004,0.0,0.014582471,0.5195639
9237,0.21498059,0.0,0.19958156,5.3726315,0.009907877,0.0,0.012921934,0.51956403
9238,0.7238803,0.0,0.24715988,5.3726296,0.008524743,0.0,0.013008156,0.5195639
9239,0.3457354,0.0,0.18920289,5.3726273,0.008084773,0.0,0.01483993,0.5195639
9240,0.33000666,0.0,0.19211131,5.372626,0.009819951,0.0,0.014012467,0.51956344
9241,0.33681196,0.0,0.16036227,5.3726234,0.009300342,0.0,0.016391616,0.5195628
9242,0.65232044,0.0,0.17705037,5.3726206,0.0089891,0.0,0.014393197,0.519562
9243,0.36803687,0.0,0.29540297,5.372618,0.010293636,0.0,0.018462637,0.51956123
9244,0.6214286,0.0,0.17768113,5.372614,0.008873699,0.0,0.015562564,0.5195608
9245,0.50295913,0.0,0.17182678,5.372611,0.009951005,0.0,0.018379964,0.5195606
9246,0.53985494,0.0,0.15970266,5.3726087,0.008513159,0.0,0.013243497,0.51956093
9247,0.32418245,0.0,0.23032013,5.3726068,0.008246283,0.0,0.017091962,0.5195612
9248,0.3662764,0.0,0.16464695,5.372604,0.009247218,0.0,0.0145039065,0.51956135
9249,0.23834719,0.0,0.20842865,5.3726006,0.008607523,0.0,0.018011808,0.5195619
9250,0.34614912,0.0,0.11325001,5.3725986,0.009707372,0.0,0.0146859065,0.519563
9251,0.36243534,0.0,0.36951646,5.3725953,0.008345726,0.0,0.01450784,0.51956415
9252,0.4027282,0.0,0.19388948,5.3725944,0.009286633,0.0,0.014038362,0.51956475
9253,0.38347462,0.0,0.12884687,5.3725934,0.010439417,0.0,0.017325008,0.5195656
9254,0.40348178,0.0,0.3063681,5.3725924,0.008893936,0.0,0.016386924,0.5195667
9255,0.2874125,0.0,0.21806568,5.372591,0.009521855,0.0,0.014073977,0.51956755
9256,0.30578536,0.0,0.16800518,5.3725896,0.008321377,0.0,0.013987251,0.51956826
9257,0.28809875,0.0,0.24505843,5.3725863,0.008986905,0.0,0.014763639,0.5195692
9258,0.33394313,0.0,0.14658476,5.372585,0.009313924,0.0,0.0152471075,0.51957023
9259,0.9939778,0.0,0.26382774,5.3725824,0.008611079,0.0,0.014077617,0.51957047
9260,0.3676135,0.0,0.17765287,5.372579,0.009498543,0.0,0.014462054,0.5195705
9261,0.28034136,0.0,0.14480297,5.372576,0.007857851,0.0,0.013890964,0.51957035
9262,0.31104425,0.0,0.17058206,5.372573,0.009144914,0.0,0.014173521,0.51957047
9263,0.26014197,0.0,0.26016474,5.3725715,0.011501718,0.0,0.01243277,0.51957047
9264,0.30786833,0.0,0.25705487,5.37257,0.009465746,0.0,0.014140675,0.51957023
9265,0.5416152,0.0,0.2461411,5.37257,0.009069826,0.0,0.014441112,0.5195697
9266,0.2829168,0.0,0.14929892,5.3725696,0.009248361,0.0,0.0145437205,0.5195689
9267,0.40490517,0.0,0.18273246,5.372568,0.009481389,0.0,0.01396995,0.5195681
9268,0.19464432,0.0,0.14111526,5.3725696,0.008920538,0.0,0.016230255,0.5195672
9269,0.852596,0.0,0.14281037,5.372572,0.009599313,0.0,0.015113349,0.5195667
9270,0.32346275,0.0,0.33119467,5.3725734,0.007877726,0.0,0.012773517,0.519566
9271,0.3443415,0.0,0.22125132,5.3725743,0.00962159,0.0,0.0145584205,0.5195651
9272,0.2920958,0.0,0.33678094,5.3725753,0.011201056,0.0,0.01293512,0.51956415
9273,0.16282669,0.0,0.19809721,5.3725758,0.00865966,0.0,0.014307629,0.51956326
9274,0.59501183,0.0,0.16376828,5.3725758,0.008867683,0.0,0.0143676,0.5195619
9275,0.27540702,0.0,0.19452624,5.3725753,0.008869133,0.0,0.019183923,0.51956075
9276,0.23014638,0.0,0.1694445,5.3725734,0.007918666,0.0,0.0137319295,0.5195601
9277,0.33041644,0.0,0.19710694,5.3725715,0.010028903,0.0,0.011470736,0.5195597
9278,0.23126316,0.0,0.19683507,5.37257,0.008945357,0.0,0.01379035,0.51956
9279,0.39631644,0.0,0.13973738,5.372569,0.008531729,0.0,0.016679456,0.51955986
9280,0.3583569,0.0,0.185951,5.3725696,0.010050736,0.0,0.014623437,0.5195594
9281,0.679707,0.0,0.4404107,5.3725696,0.008402746,0.0,0.017338796,0.5195589
9282,0.32282934,0.0,0.262642,5.372569,0.0101181455,0.0,0.0136025,0.51955837
9283,0.41663325,0.0,0.30458382,5.37257,0.0093563115,0.0,0.01627174,0.51955783
9284,0.20036246,0.0,0.21984158,5.372571,0.010128122,0.0,0.015641468,0.51955724
9285,0.44114345,0.0,0.23607597,5.3725724,0.009956631,0.0,0.01724127,0.5195562
9286,1.1115499,0.0,0.18240993,5.3725753,0.0089450525,0.0,0.014993412,0.5195557
9287,0.39142066,0.0,0.28987154,5.372575,0.0106888395,0.0,0.0132910805,0.51955503
9288,0.25545508,0.0,0.20458777,5.372573,0.008848647,0.0,0.015346251,0.51955444
9289,0.7526358,0.0,0.152048,5.372571,0.009902369,0.0,0.013649573,0.51955456
9290,1.2643074,0.0,0.16998237,5.3725677,0.009782836,0.0,0.013051362,0.51955426
9291,0.72596616,0.0,0.25981772,5.372566,0.007401829,0.0,0.018310685,0.51955426
9292,0.84551185,0.0,0.16735618,5.372565,0.008036571,0.0,0.01929364,0.5195544
9293,0.38835472,0.0,0.20309791,5.372565,0.010429389,0.0,0.016615447,0.5195541
9294,0.29021764,0.0,0.3301208,5.3725634,0.009587516,0.0,0.014844009,0.5195539
9295,0.37223038,0.0,0.19398232,5.3725653,0.009761794,0.0,0.015249351,0.5195537
9296,0.3233593,0.0,0.13667977,5.372568,0.009919378,0.0,0.014726252,0.51955396
9297,0.31610164,0.0,0.2181205,5.3725686,0.010169938,0.0,0.013689708,0.51955414
9298,0.40705755,0.0,0.33034205,5.372569,0.008603226,0.0,0.013935358,0.51955414
9299,0.73228437,0.0,0.38330767,5.3725696,0.009723861,0.0,0.0131680975,0.5195544
9300,0.36565474,0.0,0.27019528,5.3725677,0.01094224,0.0,0.015755853,0.5195543
9301,0.77174115,0.0,0.20215893,5.3725657,0.0080457,0.0,0.014666238,0.51955426
9302,0.57484215,0.0,0.21715535,5.372564,0.011364135,0.0,0.016401937,0.5195539
9303,0.35869658,0.0,0.17827953,5.3725634,0.007509383,0.0,0.015867075,0.51955366
9304,0.391022,0.0,0.17760625,5.3725615,0.010656304,0.0,0.016497735,0.51955366
9305,0.24788782,0.0,0.1887649,5.372559,0.009085447,0.0,0.012535225,0.5195534
9306,0.63600415,0.0,0.12890734,5.372556,0.010479606,0.0,0.016499942,0.51955324
9307,0.31397808,0.0,0.2331351,5.372555,0.008698307,0.0,0.016060565,0.51955324
9308,0.37751082,0.0,0.23606981,5.372552,0.009220342,0.0,0.013633274,0.51955324
9309,0.27349266,0.0,0.23017508,5.372549,0.007859472,0.0,0.015702091,0.5195532
9310,0.25958952,0.0,0.20206307,5.3725476,0.009825103,0.0,0.014425951,0.51955324
9311,0.211389,0.0,0.26998731,5.3725433,0.010580423,0.0,0.017115913,0.51955396
9312,0.33853245,0.0,0.2360504,5.37254,0.00874368,0.0,0.01590065,0.5195542
9313,0.22097631,0.0,0.1758904,5.3725367,0.009783145,0.0,0.0146951405,0.51955485
9314,0.5779274,0.0,0.26331872,5.3725333,0.010469478,0.0,0.014974694,0.5195552
9315,0.29343322,0.0,0.2970446,5.37253,0.009524062,0.0,0.015224684,0.5195554
9316,0.65302694,0.0,0.23084447,5.3725257,0.009343782,0.0,0.022481212,0.5195555
9317,0.51344824,0.0,0.36904818,5.3725233,0.009568658,0.0,0.015171852,0.51955605
9318,0.73099774,0.0,0.24136578,5.3725233,0.009068389,0.0,0.011663868,0.5195563
9319,0.19110574,0.0,0.13422625,5.372521,0.009615741,0.0,0.016250592,0.51955664
9320,0.35598594,0.0,0.2108769,5.3725185,0.006520404,0.0,0.017143397,0.5195569
9321,0.20636447,0.0,0.213113,5.3725142,0.010725132,0.0,0.014195837,0.519557
9322,0.34829754,0.0,0.21598259,5.37251,0.008466545,0.0,0.0134131275,0.5195574
9323,0.60747117,0.0,0.20913406,5.3725066,0.0101517355,0.0,0.013653435,0.51955765
9324,0.21778528,0.0,0.21870007,5.3725033,0.008711797,0.0,0.015947485,0.5195581
9325,0.42170152,0.0,0.28346863,5.3725023,0.009165589,0.0,0.01594459,0.51955867
9326,0.27505702,0.0,0.17456535,5.372501,0.008226733,0.0,0.019195622,0.5195592
9327,0.2815325,0.0,0.37208515,5.3724985,0.0116724055,0.0,0.01381426,0.51956
9328,1.005653,0.0,0.25492242,5.372496,0.01025025,0.0,0.015982497,0.51956
9329,0.39104035,0.0,0.23630427,5.372495,0.011933165,0.0,0.012913691,0.5195601
9330,0.24673997,0.0,0.24163193,5.372495,0.007491488,0.0,0.014614989,0.5195602
9331,0.48168084,0.0,0.14720072,5.372496,0.008477446,0.0,0.016195502,0.51956064
9332,0.58561444,0.0,0.57442635,5.372496,0.008610165,0.0,0.01850304,0.51956135
9333,0.36107832,0.0,0.14181548,5.372495,0.010682876,0.0,0.016050363,0.51956236
9334,0.2770958,0.0,0.15331091,5.372494,0.008467302,0.0,0.017344704,0.5195636
9335,0.64046025,0.0,0.24386862,5.3724937,0.007567638,0.0,0.014978657,0.5195647
9336,0.3664128,0.0,0.11531602,5.3724937,0.007720643,0.0,0.014374627,0.51956576
9337,0.45096138,0.0,0.18304405,5.3724933,0.009228269,0.0,0.013054933,0.5195669
9338,0.4931557,0.0,0.19959243,5.3724947,0.010100535,0.0,0.0152057605,0.5195677
9339,0.59566665,0.0,0.17309213,5.3724966,0.010568847,0.0,0.017868515,0.51956826
9340,0.2881776,0.0,0.18598439,5.3725014,0.008150218,0.0,0.016036216,0.51956874
9341,0.36380643,0.0,0.2059138,5.372505,0.010063453,0.0,0.015604113,0.5195694
9342,0.32771713,0.0,0.124305926,5.372508,0.009145102,0.0,0.013387559,0.5195698
9343,0.8257753,0.0,0.14660862,5.3725104,0.009219269,0.0,0.014656986,0.51956964
9344,0.24929067,0.0,0.24739724,5.3725123,0.00848981,0.0,0.01612688,0.5195696
9345,0.3119784,0.0,0.24100854,5.372514,0.007521262,0.0,0.0145786805,0.5195697
9346,0.4036148,0.0,0.49082482,5.3725157,0.009040092,0.0,0.015434472,0.5195695
9347,0.69341624,0.0,0.17308138,5.372514,0.008462485,0.0,0.014309701,0.51956916
9348,0.31862438,0.0,0.2815157,5.3725123,0.010705295,0.0,0.011936922,0.51956886
9349,0.5520288,0.0,0.15248625,5.3725123,0.010838448,0.0,0.012925361,0.51956886
9350,0.57758296,0.0,0.2039632,5.372511,0.008585803,0.0,0.013383616,0.5195685
9351,0.6149677,0.0,0.21122083,5.37251,0.0092306845,0.0,0.013252193,0.51956785
9352,0.33210793,0.0,0.33130783,5.372511,0.00943594,0.0,0.01627361,0.5195672
9353,0.3894862,0.0,0.1707479,5.37251,0.009392999,0.0,0.015137331,0.5195661
9354,0.65669763,0.0,0.35874277,5.3725104,0.008216984,0.0,0.016330179,0.5195648
9355,0.3771413,0.0,0.3912456,5.372508,0.010126713,0.0,0.014453778,0.51956373
9356,0.3310652,0.0,0.2285733,5.372505,0.007905674,0.0,0.016916234,0.5195623
9357,0.6058415,0.0,0.11032445,5.3725047,0.008839419,0.0,0.0146325175,0.5195614
9358,0.68373793,0.0,0.19220199,5.3725033,0.010135777,0.0,0.014429123,0.5195614
9359,0.70802414,0.0,0.21750294,5.3725023,0.008713518,0.0,0.015181974,0.51956123
9360,0.25553176,0.0,0.22017533,5.3725014,0.00832023,0.0,0.016855117,0.5195614
9361,0.32367286,0.0,0.39878845,5.3725038,0.00936887,0.0,0.0146999005,0.5195613
9362,0.2853873,0.0,0.20457686,5.372506,0.0118056135,0.0,0.017220374,0.51956093
9363,0.1617342,0.0,0.45571768,5.372509,0.008517588,0.0,0.016888533,0.5195607
9364,0.68595237,0.0,0.22869056,5.372513,0.010969446,0.0,0.015558319,0.5195604
9365,0.41189244,0.0,0.30107835,5.3725166,0.0086163785,0.0,0.016141694,0.5195599
9366,0.6678392,0.0,0.24576774,5.3725214,0.009391342,0.0,0.011883607,0.5195595
9367,0.41598177,0.0,0.24205954,5.3725243,0.010276811,0.0,0.01553807,0.5195594
9368,0.2545267,0.0,0.27585852,5.372527,0.011777439,0.0,0.014781068,0.5195592
9369,0.29976717,0.0,0.48559046,5.37253,0.009463658,0.0,0.014941511,0.5195588
9370,0.50867283,0.0,0.20553052,5.372528,0.0113237705,0.0,0.012418425,0.5195583
9371,0.40656593,0.0,0.2657765,5.3725257,0.008549894,0.0,0.016835907,0.51955795
9372,0.7942131,0.0,0.15045823,5.372523,0.009238956,0.0,0.015980465,0.51955795
9373,0.54877084,0.0,0.18467903,5.3725214,0.010823016,0.0,0.015047781,0.5195582
9374,0.3213415,0.0,0.20131047,5.3725195,0.008963547,0.0,0.014856696,0.5195589
9375,0.31732187,0.0,0.17159352,5.3725185,0.009948345,0.0,0.015596593,0.5195593
9376,0.51003075,0.0,0.2919974,5.3725176,0.008009004,0.0,0.020477658,0.51955974
9377,0.3649966,0.0,0.136589,5.3725176,0.009042308,0.0,0.014518045,0.5195607
9378,0.5492799,0.0,0.34106988,5.372517,0.010521627,0.0,0.01651911,0.51956165
9379,0.36916888,0.0,0.17439005,5.3725176,0.009526364,0.0,0.018043276,0.5195622
9380,0.27649885,0.0,0.2183892,5.3725185,0.010922866,0.0,0.013713224,0.51956236
9381,0.44701836,0.0,0.27073923,5.37252,0.009326427,0.0,0.013653631,0.5195623
9382,0.5413216,0.0,0.21059982,5.37252,0.0077661034,0.0,0.016186442,0.5195623
9383,0.308091,0.0,0.31516203,5.3725195,0.008464438,0.0,0.01278359,0.5195623
9384,0.24944012,0.0,0.24101043,5.3725195,0.0088660475,0.0,0.015622963,0.5195623
9385,0.91766655,0.0,0.19685759,5.372519,0.008547429,0.0,0.014472837,0.5195624
9386,0.310271,0.0,0.12503517,5.3725176,0.009703157,0.0,0.015741011,0.5195623
9387,0.3633534,0.0,0.1401801,5.372515,0.009368057,0.0,0.014961303,0.51956195
9388,0.31713793,0.0,0.21103436,5.3725142,0.0084594935,0.0,0.01651043,0.51956165
9389,0.5216466,0.0,0.2577013,5.3725114,0.010192337,0.0,0.017429432,0.5195614
9390,0.2688183,0.0,0.20589986,5.3725095,0.009294465,0.0,0.015355543,0.5195612
9391,0.5965784,0.0,0.22820953,5.372507,0.011708567,0.0,0.017912133,0.51956123
9392,0.74548626,0.0,0.17210466,5.372505,0.010731255,0.0,0.015136534,0.51956165
9393,0.44327447,0.0,0.2753079,5.3725038,0.009527098,0.0,0.01572491,0.5195616
9394,0.46637383,0.0,0.24840678,5.372503,0.008877907,0.0,0.015125358,0.51956105
9395,0.33153063,0.0,0.41230792,5.3725004,0.0104892645,0.0,0.014154224,0.5195613
9396,0.40549842,0.0,0.25682542,5.3724966,0.008245522,0.0,0.013806475,0.51956123
9397,0.37236887,0.0,0.1815615,5.372492,0.011044118,0.0,0.014236902,0.51956075
9398,0.2845229,0.0,0.19677192,5.372487,0.009404635,0.0,0.015863258,0.5195607
9399,0.4449198,0.0,0.17220056,5.3724837,0.0100208735,0.0,0.016547576,0.51956135
9400,0.41752112,0.0,0.17728727,5.3724804,0.007858184,0.0,0.015043204,0.51956177
9401,0.29914787,0.0,0.31066257,5.372476,0.008049706,0.0,0.014468881,0.51956266
9402,0.74426055,0.0,0.15992093,5.3724732,0.00883675,0.0,0.014933912,0.51956344
9403,0.7388672,0.0,0.16081451,5.372471,0.008253538,0.0,0.015884947,0.5195638
9404,0.7129641,0.0,0.2553173,5.372469,0.009865446,0.0,0.014022845,0.5195644
9405,0.295695,0.0,0.21324934,5.372468,0.010718042,0.0,0.016400216,0.5195647
9406,0.2511571,0.0,0.22407387,5.372466,0.009256922,0.0,0.017514404,0.5195649
9407,0.81355596,0.0,0.12194731,5.3724666,0.008345942,0.0,0.011783651,0.5195656
9408,0.26689136,0.0,0.21373679,5.3724656,0.0095451875,0.0,0.014141654,0.5195659
9409,0.303141,0.0,0.5055471,5.372467,0.00813096,0.0,0.015907243,0.519566
9410,0.4549962,0.0,0.16176926,5.372465,0.009060651,0.0,0.014957631,0.5195663
9411,0.7270956,0.0,0.3100361,5.3724647,0.008252777,0.0,0.015050944,0.519567
9412,0.24451101,0.0,0.16960503,5.372464,0.009438402,0.0,0.014450304,0.5195677
9413,0.26439047,0.0,0.30142286,5.3724656,0.008264689,0.0,0.016495964,0.51956826
9414,0.6785724,0.0,0.17969061,5.3724666,0.0093888305,0.0,0.015199886,0.51956886
9415,0.25742903,0.0,0.13396102,5.372467,0.010490978,0.0,0.013974394,0.51956964
9416,0.55435467,0.0,0.16706361,5.372468,0.009218345,0.0,0.015468426,0.51957
9417,0.28905255,0.0,0.20986456,5.372469,0.008718226,0.0,0.016219042,0.51956964
9418,0.32546857,0.0,0.16283837,5.3724675,0.008066962,0.0,0.016379688,0.5195694
9419,0.6961326,0.0,0.17678058,5.372467,0.00975913,0.0,0.0137619395,0.51956886
9420,0.24116056,0.0,0.15868267,5.372466,0.008686381,0.0,0.015536086,0.5195682
9421,0.5106744,0.0,0.2843022,5.372465,0.008780627,0.0,0.015438659,0.51956826
9422,0.6717356,0.0,0.31719968,5.3724666,0.009628353,0.0,0.013415625,0.5195684
9423,0.36876473,0.0,0.38512298,5.3724704,0.008463815,0.0,0.015345159,0.51956856
9424,0.43879828,0.0,0.16089119,5.3724747,0.008282477,0.0,0.013550301,0.5195684
9425,0.5905317,0.0,0.19485869,5.3724804,0.0087037515,0.0,0.018068736,0.5195679
9426,0.4915362,0.0,0.24252832,5.372487,0.008274505,0.0,0.015782846,0.5195677
9427,0.8926599,0.0,0.15181194,5.372492,0.008055105,0.0,0.012123833,0.51956797
9428,0.3664774,0.0,0.22127376,5.3724966,0.008676923,0.0,0.01584536,0.51956826
9429,0.2408735,0.0,0.1456161,5.3725,0.00974629,0.0,0.017935405,0.51956797
9430,0.3803401,0.0,0.17502001,5.3725038,0.007035819,0.0,0.0129269045,0.51956797
9431,0.3307904,0.0,0.19048113,5.3725057,0.010134694,0.0,0.01775289,0.5195681
9432,0.28121367,0.0,0.33994982,5.3725085,0.009609742,0.0,0.016586497,0.51956826
9433,0.41926032,0.0,0.1948703,5.3725123,0.0105052255,0.0,0.017106052,0.51956844
9434,0.4368499,0.0,0.26545504,5.372516,0.009410674,0.0,0.016293485,0.51956904
9435,0.8071691,0.0,0.3020448,5.372521,0.006758622,0.0,0.011881178,0.51956934
9436,0.50652456,0.0,0.3888797,5.372521,0.00751443,0.0,0.013837327,0.51956946
9437,0.3901118,0.0,0.15256509,5.3725233,0.010565916,0.0,0.016041053,0.51956964
9438,0.41077697,0.0,0.32961226,5.3725243,0.008287946,0.0,0.014758026,0.5195701
9439,0.41427046,0.0,0.22630896,5.372525,0.008716231,0.0,0.014848935,0.51957047
9440,0.5250237,0.0,0.24904916,5.372526,0.007851084,0.0,0.014382084,0.51957095
9441,0.7303941,0.0,0.18446343,5.372526,0.009474968,0.0,0.01720034,0.5195711
9442,0.2605793,0.0,0.24449372,5.372527,0.009862161,0.0,0.014636326,0.5195721
9443,0.42026594,0.0,0.40513113,5.3725295,0.0074258302,0.0,0.015754659,0.5195728
9444,0.48264074,0.0,0.27240643,5.3725314,0.008567833,0.0,0.016940616,0.51957375
9445,0.47955573,0.0,0.16666545,5.372535,0.008005413,0.0,0.012707429,0.51957476
9446,0.24973999,0.0,0.17996015,5.3725386,0.01005097,0.0,0.019965094,0.51957566
9447,0.26857838,0.0,0.35194895,5.3725405,0.010157192,0.0,0.015387364,0.5195769
9448,0.40011647,0.0,0.13778293,5.372544,0.009849883,0.0,0.015034483,0.51957786
9449,0.41276008,0.0,0.2605335,5.372547,0.009772378,0.0,0.016803704,0.51957864
9450,0.2860383,0.0,0.27794957,5.3725486,0.008702858,0.0,0.013156307,0.51957923
9451,0.29119593,0.0,0.19554594,5.37255,0.009216962,0.0,0.016392173,0.51957977
9452,0.44466344,0.0,0.15018281,5.3725514,0.0075931866,0.0,0.014313054,0.5195806
9453,0.37362978,0.0,0.2660599,5.3725514,0.008431722,0.0,0.015735805,0.51958096
9454,0.21665789,0.0,0.33105102,5.372553,0.008833477,0.0,0.017207641,0.51958114
9455,0.4220523,0.0,0.16926567,5.372554,0.008897479,0.0,0.0148966,0.5195809
9456,0.15341642,0.0,0.2440445,5.3725553,0.007273903,0.0,0.017782332,0.5195811
9457,0.47630617,0.0,0.2041058,5.3725576,0.010685172,0.0,0.014939073,0.5195814
9458,0.57468224,0.0,0.23409434,5.37256,0.009305129,0.0,0.013884832,0.51958126
9459,0.21374021,0.0,0.19148043,5.372561,0.009359319,0.0,0.016068038,0.5195809
9460,0.720564,0.0,0.13997862,5.3725615,0.01052037,0.0,0.01703659,0.5195804
9461,0.8176767,0.0,0.44204348,5.372562,0.0073434417,0.0,0.013523158,0.5195794
9462,0.36460587,0.0,0.22175594,5.3725624,0.009196675,0.0,0.016058436,0.51957834
9463,0.46516144,0.0,0.24894206,5.3725615,0.008468926,0.0,0.014771276,0.5195772
9464,0.41679505,0.0,0.23098543,5.3725605,0.009866896,0.0,0.014747763,0.5195766
9465,0.2822242,0.0,0.1468093,5.37256,0.008812221,0.0,0.01604649,0.51957595
9466,0.2164282,0.0,0.21874474,5.3725586,0.008682049,0.0,0.0127279805,0.5195756
9467,0.33950672,0.0,0.20790689,5.3725586,0.009064081,0.0,0.013383971,0.5195757
9468,0.33393148,0.0,0.3719889,5.3725576,0.009341534,0.0,0.01473196,0.5195754
9469,0.25960222,0.0,0.28093982,5.3725567,0.008438647,0.0,0.016917795,0.51957506
9470,0.25226152,0.0,0.29387006,5.3725543,0.011479599,0.0,0.014879087,0.5195748
9471,0.5562141,0.0,0.15785092,5.372554,0.009314637,0.0,0.012380673,0.51957476
9472,0.2837914,0.0,0.2272717,5.372551,0.008515443,0.0,0.014527562,0.5195746
9473,0.31837302,0.0,0.12563273,5.3725495,0.009907145,0.0,0.013271765,0.51957434
9474,0.35181427,0.0,0.11949199,5.372547,0.009136956,0.0,0.015267867,0.51957417
9475,0.27076477,0.0,0.20700526,5.372545,0.008809453,0.0,0.015972339,0.51957405
9476,0.321476,0.0,0.17719397,5.372543,0.010308462,0.0,0.016791381,0.5195744
9477,0.6644888,0.0,0.4012997,5.372539,0.00966314,0.0,0.017470447,0.51957434
9478,0.31135023,0.0,0.24865901,5.372536,0.009118644,0.0,0.019658294,0.5195743
9479,0.21826781,0.0,0.2711557,5.3725357,0.009116124,0.0,0.0153627945,0.5195743
9480,0.34301615,0.0,0.22905265,5.3725348,0.0088860085,0.0,0.017111205,0.5195738
9481,1.1379937,0.0,0.18183947,5.3725348,0.008207157,0.0,0.017066417,0.5195735
9482,0.37181756,0.0,0.17404225,5.3725343,0.008981628,0.0,0.014655909,0.5195732
9483,0.34714568,0.0,0.13216214,5.3725343,0.008459417,0.0,0.014316713,0.51957256
9484,0.60527015,0.0,0.4101845,5.3725348,0.008985091,0.0,0.016434232,0.51957184
9485,0.4306882,0.0,0.21948537,5.3725357,0.008345392,0.0,0.016932521,0.5195713
9486,0.74781203,0.0,0.3012366,5.372537,0.00975319,0.0,0.015180504,0.5195706
9487,0.4645251,0.0,0.18206477,5.372534,0.008633022,0.0,0.013635077,0.51956993
9488,0.5295601,0.0,0.39675763,5.372531,0.008368405,0.0,0.016719695,0.5195694
9489,0.4451494,0.0,0.17626354,5.372529,0.0077692224,0.0,0.015559639,0.51956934
9490,0.79110116,0.0,0.20323434,5.372526,0.011769612,0.0,0.016434858,0.519569
9491,0.33388236,0.0,0.27304238,5.372524,0.010512198,0.0,0.016099757,0.5195683
9492,0.3636377,0.0,0.2041382,5.372521,0.008429228,0.0,0.0151152685,0.5195674
9493,0.279866,0.0,0.21543479,5.372518,0.008811397,0.0,0.015844535,0.51956654
9494,0.4376833,0.0,0.27692202,5.3725166,0.0103719,0.0,0.016948145,0.5195657
9495,0.2964125,0.0,0.33609438,5.3725185,0.009274683,0.0,0.013880797,0.5195648
9496,0.26805952,0.0,0.18643203,5.3725185,0.008583458,0.0,0.01564349,0.5195644
9497,0.25777116,0.0,0.26163515,5.372519,0.010214776,0.0,0.014698727,0.519564
9498,0.6387611,0.0,0.23173872,5.3725176,0.01020288,0.0,0.015748812,0.5195636
9499,0.4149855,0.0,0.18486816,5.372518,0.008221025,0.0,0.016062165,0.5195636
9500,0.41262233,0.0,0.18851654,5.372518,0.010069758,0.0,0.020158228,0.51956356
9501,0.8280154,0.0,0.15660895,5.3725185,0.009272261,0.0,0.014550902,0.51956373
9502,0.2770684,0.0,0.21429794,5.3725195,0.011490843,0.0,0.016801018,0.5195642
9503,0.5298883,0.0,0.20826207,5.3725195,0.0092297625,0.0,0.012640179,0.51956487
9504,0.42392814,0.0,0.25424325,5.3725195,0.01016879,0.0,0.016067661,0.5195654
9505,0.2670503,0.0,0.32207197,5.372519,0.0093209725,0.0,0.01564022,0.51956576
9506,0.2978684,0.0,0.12875219,5.3725195,0.0089979945,0.0,0.01754481,0.51956606
9507,0.5454156,0.0,0.18936242,5.37252,0.009589362,0.0,0.014642599,0.51956666
9508,0.3194069,0.0,0.2595143,5.37252,0.008082721,0.0,0.01675324,0.5195674
9509,0.34279257,0.0,0.16338924,5.37252,0.0087357415,0.0,0.016922921,0.51956797
9510,0.3742152,0.0,0.32960066,5.37252,0.010893399,0.0,0.014994751,0.51956856
9511,0.25056458,0.0,0.12988384,5.372521,0.0097755045,0.0,0.011488047,0.5195691
9512,0.6401713,0.0,0.19668525,5.372523,0.009095302,0.0,0.018676406,0.5195695
9513,1.1182557,0.0,0.20145617,5.372525,0.0075684567,0.0,0.015671728,0.5195704
9514,0.52418613,0.0,0.23424281,5.3725257,0.008763603,0.0,0.014607225,0.51957184
9515,0.27643386,0.0,0.15741684,5.3725243,0.008526994,0.0,0.017359024,0.5195732
9516,0.5592728,0.0,0.18783715,5.3725224,0.008657191,0.0,0.013432677,0.519575
9517,0.38500315,0.0,0.26799437,5.372522,0.008674062,0.0,0.016005678,0.51957625
9518,0.24723662,0.0,0.41020033,5.3725243,0.008271696,0.0,0.013878129,0.51957715
9519,0.51232105,0.0,0.10512211,5.3725266,0.009678131,0.0,0.012626948,0.51957786
9520,0.5798303,0.0,0.23838922,5.3725286,0.009041782,0.0,0.014988144,0.51957864
9521,0.36282843,0.0,0.123668976,5.372532,0.0077464455,0.0,0.018393189,0.5195794
9522,0.34093332,0.0,0.24196067,5.3725324,0.007899064,0.0,0.013240751,0.5195799
9523,0.36936155,0.0,0.36926445,5.3725343,0.006650207,0.0,0.01773568,0.5195807
9524,0.4716126,0.0,0.13686213,5.3725367,0.009243152,0.0,0.013887735,0.5195818
9525,0.240787,0.0,0.19733302,5.3725386,0.009112401,0.0,0.0124809025,0.51958275
9526,0.5371732,0.0,0.18053944,5.37254,0.010058297,0.0,0.015742015,0.5195838
9527,0.5744419,0.0,0.22239222,5.372541,0.008880781,0.0,0.013985756,0.5195847
9528,0.72342336,0.0,0.1530365,5.3725424,0.009043996,0.0,0.0136724515,0.51958567
9529,0.6670423,0.0,0.102222815,5.372543,0.009837541,0.0,0.013607276,0.51958627
9530,0.39339232,0.0,0.24790627,5.372543,0.00832158,0.0,0.014911231,0.5195869
9531,0.48572335,0.0,0.24801624,5.372543,0.011141179,0.0,0.017533489,0.51958716
9532,0.33701771,0.0,0.1940663,5.372544,0.009478285,0.0,0.016800025,0.5195874
9533,0.65871274,0.0,0.2038297,5.372547,0.0067643826,0.0,0.013773305,0.51958793
9534,0.37000552,0.0,0.20355076,5.372548,0.010910095,0.0,0.016899627,0.5195885
9535,0.5248607,0.0,0.20899898,5.372548,0.010302044,0.0,0.017358748,0.51958907
9536,0.45214686,0.0,0.14771491,5.3725505,0.008592969,0.0,0.01400444,0.5195906
9537,0.3673367,0.0,0.23587601,5.372552,0.010639028,0.0,0.014863643,0.5195921
9538,0.55938023,0.0,0.34493455,5.3725553,0.00851175,0.0,0.016449356,0.51959306
9539,0.42594314,0.0,0.14571661,5.3725586,0.011550338,0.0,0.015575024,0.51959413
9540,0.32671732,0.0,0.23120466,5.372562,0.008863178,0.0,0.015833281,0.5195948
9541,0.5903136,0.0,0.18442544,5.372562,0.008637418,0.0,0.014928222,0.51959497
9542,0.5096518,0.0,0.2157669,5.3725615,0.009942378,0.0,0.016404724,0.5195952
9543,0.4749776,0.0,0.188042,5.372562,0.00903923,0.0,0.016459463,0.5195957
9544,0.21368025,0.0,0.18775928,5.372563,0.009154764,0.0,0.012624371,0.5195959
9545,0.47827548,0.0,0.20421547,5.3725624,0.008994952,0.0,0.012983429,0.51959574
9546,0.26524726,0.0,0.27227694,5.372563,0.008370731,0.0,0.013961418,0.51959604
9547,0.59681827,0.0,0.26150206,5.372565,0.008946704,0.0,0.015981033,0.51959664
9548,0.29305837,0.0,0.20474333,5.3725634,0.010034725,0.0,0.018107232,0.5195972
9549,0.44506678,0.0,0.17787698,5.37256,0.010266008,0.0,0.017785085,0.5195975
9550,0.5956863,0.0,0.29067189,5.372558,0.010148089,0.0,0.018034423,0.51959765
9551,0.4277561,0.0,0.1328819,5.372555,0.009326743,0.0,0.016019348,0.51959753
9552,0.35777885,0.0,0.18205982,5.372552,0.008224941,0.0,0.01612276,0.51959753
9553,0.24082947,0.0,0.26609623,5.3725486,0.009420846,0.0,0.013505392,0.51959777
9554,0.37206373,0.0,0.14154944,5.3725467,0.0075688516,0.0,0.01553705,0.5195981
9555,0.55058175,0.0,0.16047715,5.372543,0.009990382,0.0,0.019227862,0.51959795
9556,0.41658285,0.0,0.18952069,5.3725405,0.0076714535,0.0,0.013486343,0.5195986
9557,0.83062637,0.0,0.20502588,5.372537,0.009805286,0.0,0.014125297,0.51959926
9558,0.2351338,0.0,0.18785027,5.3725367,0.009925269,0.0,0.012522346,0.51959985
9559,0.28322768,0.0,0.22990714,5.3725376,0.008878368,0.0,0.017708821,0.51960045
9560,0.52308595,0.0,0.2837888,5.37254,0.010088477,0.0,0.015366139,0.51960105
9561,0.48486793,0.0,0.1828253,5.3725405,0.0088966815,0.0,0.015976235,0.5196016
9562,0.50163174,0.0,0.1366078,5.372543,0.009563757,0.0,0.01301282,0.51960224
9563,0.590729,0.0,0.22049701,5.372544,0.010311158,0.0,0.017468372,0.5196029
9564,0.31125045,0.0,0.20033193,5.372543,0.009278551,0.0,0.0133542875,0.51960313
9565,0.6348089,0.0,0.16533431,5.372541,0.009140394,0.0,0.011754536,0.51960355
9566,0.1491602,0.0,0.22942542,5.3725386,0.009042257,0.0,0.01700855,0.5196036
9567,0.4125104,0.0,0.25678164,5.372537,0.009414193,0.0,0.014391629,0.5196037
9568,0.5082081,0.0,0.1899636,5.3725333,0.008859702,0.0,0.015436971,0.519604
9569,0.8701139,0.0,0.17479028,5.3725295,0.008819665,0.0,0.016093098,0.51960427
9570,0.5142921,0.0,0.17572737,5.372527,0.009839495,0.0,0.01571072,0.5196044
9571,0.49213162,0.0,0.16215135,5.3725243,0.010046999,0.0,0.017235251,0.5196045
9572,0.46144253,0.0,0.22793128,5.3725195,0.008321142,0.0,0.014083993,0.5196046
9573,0.46618184,0.0,0.21764925,5.3725157,0.010250047,0.0,0.013653005,0.51960474
9574,0.37950748,0.0,0.15347606,5.372514,0.008566288,0.0,0.012441304,0.51960444
9575,0.72601444,0.0,0.16072366,5.372511,0.008380271,0.0,0.013283212,0.5196044
9576,0.33547053,0.0,0.27779138,5.372507,0.00943512,0.0,0.016176574,0.51960444
9577,0.43485653,0.0,0.20129563,5.3725038,0.01136948,0.0,0.016108375,0.5196047
9578,0.28526604,0.0,0.15729049,5.372501,0.010263218,0.0,0.01731613,0.51960456
9579,0.23741625,0.0,0.13280433,5.372498,0.009419789,0.0,0.018111017,0.5196046
9580,0.37292278,0.0,0.15539607,5.3724966,0.009194277,0.0,0.01575849,0.51960474
9581,0.343512,0.0,0.4718649,5.372492,0.009790164,0.0,0.013285879,0.519605
9582,0.32655028,0.0,0.12845737,5.37249,0.0086610755,0.0,0.012862579,0.5196055
9583,0.26819977,0.0,0.13160624,5.372486,0.007717219,0.0,0.013754646,0.51960593
9584,0.27517432,0.0,0.16025066,5.3724856,0.007974409,0.0,0.013596372,0.51960605
9585,0.5054154,0.0,0.2782791,5.3724847,0.00915125,0.0,0.017885055,0.5196061
9586,0.37744996,0.0,0.27113673,5.3724847,0.007080099,0.0,0.0141879795,0.5196063
9587,0.4907149,0.0,0.28788355,5.3724837,0.011739629,0.0,0.014271499,0.51960635
9588,0.3389466,0.0,0.12450337,5.372484,0.008561801,0.0,0.015411582,0.5196064
9589,0.24740148,0.0,0.3439581,5.3724837,0.008317845,0.0,0.013156887,0.51960653
9590,0.72396123,0.0,0.19762874,5.3724856,0.010464705,0.0,0.015471722,0.5196065
9591,0.20556259,0.0,0.25452843,5.372487,0.009554427,0.0,0.011829758,0.5196064
9592,0.33969757,0.0,0.16943136,5.372489,0.009515783,0.0,0.015107144,0.519606
9593,0.6018557,0.0,0.17083049,5.372492,0.0097990595,0.0,0.017407313,0.5196059
9594,0.2798134,0.0,0.23063557,5.372495,0.008653093,0.0,0.014804298,0.51960564
9595,0.36158538,0.0,0.20942341,5.372497,0.010015588,0.0,0.015746918,0.5196051
9596,0.26503128,0.0,0.13502955,5.3724985,0.009737182,0.0,0.016390167,0.5196045
9597,0.23965617,0.0,0.16625923,5.372499,0.0092281215,0.0,0.01498024,0.51960427
9598,0.5657471,0.0,0.19778414,5.3724995,0.008567192,0.0,0.017886095,0.51960427
9599,0.5089043,0.0,0.16448502,5.3725,0.0073945113,0.0,0.014132326,0.5196047
9600,0.40534326,0.0,0.19257434,5.372503,0.008696299,0.0,0.018732082,0.5196049
9601,0.36397702,0.0,0.25588983,5.372506,0.009069479,0.0,0.015654664,0.519605
9602,0.32472143,0.0,0.2148105,5.372507,0.008755567,0.0,0.015140587,0.5196052
9603,0.32244483,0.0,0.20646726,5.3725057,0.009520746,0.0,0.014848454,0.51960564
9604,0.34138456,0.0,0.17586322,5.3725033,0.0088563515,0.0,0.014626738,0.51960665
9605,0.3983505,0.0,0.28981915,5.3724995,0.009635222,0.0,0.0133409295,0.5196073
9606,0.50032866,0.0,0.23358937,5.3724966,0.009405595,0.0,0.013738384,0.5196079
9607,0.26246348,0.0,0.42893502,5.3724933,0.010235217,0.0,0.016788965,0.5196081
9608,0.28962559,0.0,0.19472636,5.3724933,0.009634696,0.0,0.0142270075,0.5196089
9609,0.5989373,0.0,0.19537914,5.3724923,0.0074549406,0.0,0.013624337,0.5196097
9610,0.22439517,0.0,0.2867705,5.3724914,0.0076127728,0.0,0.014077315,0.51961
9611,0.37152672,0.0,0.34545937,5.3724914,0.010469729,0.0,0.015380647,0.5196101
9612,0.6086167,0.0,0.166923,5.37249,0.011108897,0.0,0.016850483,0.5196099
9613,0.40465122,0.0,0.14478652,5.3724875,0.008750805,0.0,0.014206333,0.5196099
9614,1.0123012,0.0,0.2735277,5.3724856,0.00758458,0.0,0.01393512,0.51961005
9615,0.33458844,0.0,0.20939949,5.372484,0.00850122,0.0,0.018710159,0.5196105
9616,0.5565024,0.0,0.33729634,5.3724823,0.008418052,0.0,0.019427529,0.5196115
9617,0.4455438,0.0,0.3072759,5.3724813,0.008731862,0.0,0.01465538,0.519614
9618,0.52937,0.0,0.21462424,5.3724904,0.007711613,0.0,0.0152863655,0.51961637
9619,0.3134704,0.0,0.20796525,5.372498,0.0072262753,0.0,0.014076349,0.5196184
9620,0.2910164,0.0,0.1490224,5.3725057,0.008607711,0.0,0.01472579,0.5196202
9621,0.7177707,0.0,0.2752695,5.372513,0.009526554,0.0,0.016423434,0.5196228
9622,0.37121716,0.0,0.22529167,5.3725185,0.0092139905,0.0,0.01872155,0.5196252
9623,0.47929648,0.0,0.16720133,5.3725233,0.0077300523,0.0,0.01721164,0.5196274
9624,0.3805032,0.0,0.18494496,5.3725276,0.008616791,0.0,0.012262691,0.51962954
9625,0.4729324,0.0,0.22957394,5.3725314,0.009011048,0.0,0.016745359,0.5196317
9626,0.3601644,0.0,0.22380187,5.3725348,0.00851538,0.0,0.015260671,0.5196333
9627,0.47887927,0.0,0.32712868,5.3725386,0.009317348,0.0,0.01743547,0.51963466
9628,0.6229797,0.0,0.14961773,5.3725405,0.009193926,0.0,0.016421137,0.51963544
9629,0.7505739,0.0,0.20810273,5.3725414,0.008049171,0.0,0.018146176,0.5196361
9630,0.5079534,0.0,0.1236026,5.372544,0.010058781,0.0,0.016788157,0.5196365
9631,0.6537533,0.0,0.11478615,5.3725452,0.0075960443,0.0,0.013940972,0.5196373
9632,0.77525264,0.0,0.12960587,5.3725476,0.009373136,0.0,0.018832946,0.51963764
9633,0.35751808,0.0,0.15203063,5.3725505,0.009773411,0.0,0.012674844,0.5196376
9634,0.30430803,0.0,0.21489355,5.372551,0.0080291135,0.0,0.014712296,0.51963764
9635,0.45697185,0.0,0.22133695,5.3725495,0.009879214,0.0,0.0146920215,0.5196377
9636,0.2661451,0.0,0.26367125,5.3725495,0.007684031,0.0,0.015142018,0.51963747
9637,0.26375383,0.0,0.20781665,5.372547,0.008916336,0.0,0.016897265,0.51963764
9638,0.3605003,0.0,0.176128,5.372547,0.01072319,0.0,0.013980597,0.51963794
9639,0.699255,0.0,0.15724427,5.3725443,0.01021665,0.0,0.018791953,0.51963854
9640,0.27298772,0.0,0.28403744,5.372543,0.006871512,0.0,0.012356588,0.519639
9641,0.29658142,0.0,0.25761962,5.3725457,0.0081898505,0.0,0.013109469,0.5196391
9642,0.45252097,0.0,0.14836034,5.372547,0.008771956,0.0,0.011944812,0.51963925
9643,0.5655147,0.0,0.32515943,5.3725476,0.009475323,0.0,0.015719537,0.5196396
9644,0.2912227,0.0,0.23728815,5.372548,0.0104401605,0.0,0.0144472495,0.51963985
9645,0.23423879,0.0,0.14150009,5.372548,0.0132547775,0.0,0.017642077,0.5196401
9646,0.28584677,0.0,0.30469376,5.372548,0.010450159,0.0,0.014623478,0.51964015
9647,0.2617164,0.0,0.21485019,5.372547,0.009656309,0.0,0.014713032,0.5196403
9648,0.444137,0.0,0.40254983,5.372547,0.010027099,0.0,0.015004795,0.51964045
9649,0.37440634,0.0,0.31387028,5.3725433,0.009707577,0.0,0.015976723,0.51964015
9650,0.781861,0.0,0.21803595,5.372543,0.010712599,0.0,0.017473606,0.5196397
9651,0.5512349,0.0,0.42399216,5.372543,0.008249092,0.0,0.013209114,0.51963925
9652,0.94576746,0.0,0.27545765,5.3725443,0.010138378,0.0,0.017136239,0.5196388
9653,0.78667533,0.0,0.2398855,5.3725443,0.010152477,0.0,0.01691205,0.51963824
9654,0.22742438,0.0,0.1869243,5.372544,0.008508919,0.0,0.014128383,0.519638
9655,0.27737623,0.0,0.25560653,5.372543,0.00967381,0.0,0.014536293,0.5196377
9656,0.2526897,0.0,0.3119952,5.3725405,0.008905038,0.0,0.015792679,0.51963735
9657,0.7195776,0.0,0.17491144,5.3725395,0.009248206,0.0,0.016055478,0.51963705
9658,0.97489053,0.0,0.26633137,5.372538,0.007385299,0.0,0.015654113,0.5196376
9659,0.20720851,0.0,0.16711783,5.372535,0.009969721,0.0,0.013470812,0.51963854
9660,0.33988133,0.0,0.16082238,5.372533,0.007827802,0.0,0.014045708,0.5196395
9661,0.26125878,0.0,0.2919212,5.37253,0.010734976,0.0,0.01700398,0.51964027
9662,0.56708467,0.0,0.21717612,5.3725295,0.009868732,0.0,0.015486315,0.5196412
9663,0.33917838,0.0,0.3114227,5.37253,0.010719166,0.0,0.013716571,0.51964265
9664,0.27983424,0.0,0.17694053,5.3725305,0.008725073,0.0,0.013598812,0.51964396
9665,0.93440884,0.0,0.20075852,5.3725305,0.007994639,0.0,0.01637612,0.51964545
9666,0.75066316,0.0,0.1420602,5.372531,0.009024969,0.0,0.017614244,0.51964647
9667,0.48891607,0.0,0.24570818,5.37253,0.009716513,0.0,0.01497822,0.51964694
9668,0.97490114,0.0,0.31128687,5.37253,0.008385017,0.0,0.015529178,0.51964736
9669,0.21468496,0.0,0.16217051,5.3725305,0.008518989,0.0,0.014151722,0.5196478
9670,0.26890248,0.0,0.16172126,5.3725305,0.008222795,0.0,0.014000955,0.5196483
9671,0.29134414,0.0,0.2926406,5.37253,0.010519824,0.0,0.015182918,0.5196487
9672,0.4508524,0.0,0.17256631,5.3725305,0.010307613,0.0,0.01614064,0.519649
9673,0.29341447,0.0,0.113618,5.372529,0.008964558,0.0,0.015990127,0.51964927
9674,0.2961932,0.0,0.16938697,5.3725286,0.009388924,0.0,0.015614214,0.51964897
9675,0.5345245,0.0,0.1007139,5.372529,0.009936772,0.0,0.015935682,0.5196495
9676,0.7118437,0.0,0.19418885,5.372529,0.012552524,0.0,0.018642247,0.51965004
9677,0.48531,0.0,0.18001941,5.37253,0.00943909,0.0,0.016539756,0.5196505
9678,1.051118,0.0,0.18629995,5.37253,0.00862222,0.0,0.017432787,0.5196509
9679,0.65534455,0.0,0.18687543,5.372529,0.009589425,0.0,0.01671715,0.51965165
9680,0.41348433,0.0,0.34946346,5.372529,0.008463284,0.0,0.014861912,0.5196522
9681,0.697177,0.0,0.27301103,5.372528,0.010641899,0.0,0.018614937,0.5196524
9682,0.6247422,0.0,0.27805966,5.3725286,0.011087494,0.0,0.016190296,0.5196527
9683,0.36152095,0.0,0.19202855,5.372529,0.011500913,0.0,0.015599007,0.51965284
9684,0.410909,0.0,0.25958908,5.3725295,0.010556464,0.0,0.014555634,0.5196532
9685,0.29074597,0.0,0.17878357,5.37253,0.008584736,0.0,0.014020544,0.5196539
9686,0.22149937,0.0,0.15929493,5.3725314,0.008256074,0.0,0.015581902,0.51965487
9687,0.6157951,0.0,0.20749298,5.3725324,0.008552342,0.0,0.015126519,0.5196555
9688,0.2651044,0.0,0.34786242,5.372533,0.0090868175,0.0,0.014714138,0.51965606
9689,0.5432465,0.0,0.26779756,5.372531,0.009597546,0.0,0.017059145,0.51965684
9690,0.34568664,0.0,0.15612203,5.372531,0.007185547,0.0,0.014738607,0.5196576
9691,0.9156772,0.0,0.2450331,5.3725305,0.008584684,0.0,0.015347509,0.5196579
9692,0.60704553,0.0,0.20199318,5.3725305,0.008126832,0.0,0.013913867,0.51965827
9693,0.5025529,0.0,0.26659247,5.3725324,0.008189256,0.0,0.014641658,0.5196586
9694,0.5248105,0.0,0.11602505,5.3725314,0.008727777,0.0,0.01807623,0.5196585
9695,0.34901732,0.0,0.145283,5.372532,0.009171318,0.0,0.014175171,0.5196582
9696,0.43966928,0.0,0.18570998,5.372532,0.009238622,0.0,0.017066052,0.51965797
9697,0.3557721,0.0,0.21429232,5.372532,0.010314912,0.0,0.018863369,0.5196577
9698,0.35611704,0.0,0.10995706,5.3725324,0.00896953,0.0,0.013222904,0.5196572
9699,0.28224987,0.0,0.2421433,5.3725305,0.009124462,0.0,0.015268431,0.5196565
9700,0.42874864,0.0,0.20824362,5.3725314,0.007873321,0.0,0.018048758,0.519656
9701,0.44406903,0.0,0.25347766,5.37253,0.008302998,0.0,0.014417939,0.5196554
9702,0.6342798,0.0,0.33163908,5.3725276,0.008498509,0.0,0.014890197,0.51965505
9703,0.5953064,0.0,0.23747246,5.3725266,0.00872382,0.0,0.016024934,0.5196547
9704,0.26925904,0.0,0.2558365,5.372527,0.009537563,0.0,0.012178036,0.51965433
9705,0.4251129,0.0,0.18988173,5.3725295,0.0075261747,0.0,0.017022938,0.5196541
9706,0.36959943,0.0,0.26049206,5.372534,0.011679795,0.0,0.013220529,0.519654
9707,0.36009055,0.0,0.21802503,5.3725348,0.0097161,0.0,0.013874333,0.51965344
9708,1.0226167,0.0,0.1272036,5.372537,0.009966957,0.0,0.015768131,0.519653
9709,0.33686888,0.0,0.21022166,5.3725386,0.009140478,0.0,0.017737668,0.5196527
9710,0.32997036,0.0,0.15677008,5.3725405,0.009320576,0.0,0.016042262,0.5196524
9711,0.276558,0.0,0.27412918,5.372543,0.009103647,0.0,0.015394573,0.5196522
9712,0.31149346,0.0,0.23513797,5.372542,0.008055392,0.0,0.0119867185,0.51965195
9713,0.3061024,0.0,0.20258091,5.3725414,0.010191901,0.0,0.014189348,0.51965165
9714,0.4455348,0.0,0.1580598,5.3725395,0.010878838,0.0,0.015592258,0.51965094
9715,0.35362104,0.0,0.26862317,5.3725395,0.009047655,0.0,0.015141705,0.5196505
9716,0.24168442,0.0,0.19209883,5.3725395,0.008800404,0.0,0.017215213,0.5196502
9717,0.27099922,0.0,0.22219558,5.37254,0.0097818915,0.0,0.015182468,0.5196498
9718,0.5504964,0.0,0.30091706,5.372539,0.009947575,0.0,0.01571196,0.51964927
9719,0.5217011,0.0,0.1847122,5.372538,0.008944397,0.0,0.013616985,0.5196484
9720,0.8908296,0.0,0.28211024,5.372538,0.007925844,0.0,0.016173039,0.5196476
9721,0.9696369,0.0,0.19588076,5.372537,0.009840357,0.0,0.016629992,0.519647
9722,0.38194388,0.0,0.10453388,5.372535,0.0076878318,0.0,0.016751561,0.5196464
9723,0.6187971,0.0,0.11823363,5.3725348,0.009061063,0.0,0.020702107,0.5196462
9724,0.23979855,0.0,0.23960964,5.3725343,0.007798568,0.0,0.014918653,0.5196461
9725,0.21988052,0.0,0.15955642,5.372534,0.009328123,0.0,0.015639743,0.5196463
9726,0.2464838,0.0,0.27808887,5.3725324,0.007849915,0.0,0.017635297,0.51964676
9727,0.41879418,0.0,0.19137207,5.3725305,0.009035396,0.0,0.014762943,0.51964724
9728,0.3546466,0.0,0.23892038,5.3725305,0.008272318,0.0,0.0135421045,0.51964754
9729,0.5156381,0.0,0.15999264,5.372528,0.008648518,0.0,0.016354186,0.51964784
9730,0.31269297,0.0,0.18660565,5.372526,0.011983865,0.0,0.01493487,0.5196481
9731,0.5525267,0.0,0.19586651,5.3725247,0.008283283,0.0,0.016126178,0.5196482
9732,0.48999208,0.0,0.18715681,5.372522,0.008703529,0.0,0.015086319,0.519648
9733,0.40948305,0.0,0.21348622,5.372521,0.008645055,0.0,0.016297251,0.5196483
9734,0.6263538,0.0,0.2596235,5.372521,0.009564045,0.0,0.017187782,0.5196483
9735,0.37814432,0.0,0.23081602,5.372521,0.011086795,0.0,0.015422198,0.51964825
9736,0.37838498,0.0,0.1479662,5.3725204,0.00832492,0.0,0.01563806,0.519648
9737,0.33984295,0.0,0.26974127,5.3725204,0.008516293,0.0,0.016973428,0.5196478
9738,0.38848516,0.0,0.15634757,5.372522,0.0090765245,0.0,0.019616425,0.5196478
9739,0.33601183,0.0,0.19437306,5.3725224,0.0084986165,0.0,0.017516142,0.51964813
9740,0.30627528,0.0,0.15914065,5.372523,0.010047525,0.0,0.019281158,0.5196483
9741,0.47441068,0.0,0.20697737,5.372524,0.007941372,0.0,0.018184248,0.5196489
9742,0.3698953,0.0,0.20341751,5.3725243,0.0074721165,0.0,0.013572421,0.51964945
9743,0.21304266,0.0,0.37965107,5.3725247,0.00870202,0.0,0.012750651,0.5196493
9744,0.5482728,0.0,0.13838652,5.372526,0.009139612,0.0,0.017102204,0.51964915
9745,0.3789858,0.0,0.17092313,5.3725276,0.009311315,0.0,0.016208962,0.5196489
9746,0.6063133,0.0,0.17071888,5.372529,0.0078953,0.0,0.014416086,0.5196483
9747,0.30012572,0.0,0.18125184,5.3725314,0.008563188,0.0,0.017161721,0.5196482
9748,0.4396487,0.0,0.147888,5.3725324,0.010760453,0.0,0.016327817,0.51964825
9749,0.595582,0.0,0.23370577,5.372534,0.009628688,0.0,0.017510736,0.5196481
9750,0.3393224,0.0,0.20843257,5.3725348,0.009146584,0.0,0.013143675,0.51964825
9751,0.44566166,0.0,0.113510594,5.3725376,0.007848954,0.0,0.01713214,0.51964813
9752,0.2986467,0.0,0.36766878,5.372539,0.007826689,0.0,0.013680501,0.51964796
9753,0.5118762,0.0,0.24245955,5.3725414,0.0074820835,0.0,0.01549373,0.51964736
9754,0.3248859,0.0,0.20594384,5.3725433,0.009998937,0.0,0.01578775,0.51964676
9755,0.21960093,0.0,0.19062209,5.3725476,0.008225527,0.0,0.014497445,0.5196462
9756,0.5292988,0.0,0.25356936,5.372553,0.01016617,0.0,0.016104557,0.51964575
9757,0.6172761,0.0,0.22517309,5.3725634,0.009745871,0.0,0.015566678,0.5196454
9758,0.44831252,0.0,0.19070907,5.3725715,0.009517317,0.0,0.01307227,0.5196448
9759,0.32162404,0.0,0.14616312,5.372579,0.0076048835,0.0,0.016022332,0.51964444
9760,0.3362438,0.0,0.10073037,5.3725867,0.008957005,0.0,0.014874354,0.51964444
9761,0.33985847,0.0,0.19569625,5.372593,0.00789286,0.0,0.016343128,0.5196445
9762,0.4509345,0.0,0.26852408,5.3725996,0.010030333,0.0,0.016415222,0.51964414
9763,0.33665675,0.0,0.21434647,5.3726077,0.0088007,0.0,0.014111401,0.519644
9764,0.37845257,0.0,0.27073866,5.3726134,0.010397205,0.0,0.013084289,0.5196435
9765,0.38451162,0.0,0.1883921,5.3726196,0.007665535,0.0,0.017702721,0.5196433
9766,0.56780976,0.0,0.19218199,5.372626,0.010136154,0.0,0.014590401,0.51964325
9767,0.24388395,0.0,0.21420032,5.37263,0.008453725,0.0,0.014799504,0.5196434
9768,0.4248615,0.0,0.18308221,5.3726344,0.011326235,0.0,0.013704713,0.519644
9769,0.3907557,0.0,0.25775978,5.3726373,0.009178675,0.0,0.01792791,0.5196451
9770,0.29476327,0.0,0.25253662,5.3726406,0.010880263,0.0,0.015741337,0.5196455
9771,0.36682984,0.0,0.30439314,5.3726463,0.008178376,0.0,0.016565338,0.51964575
9772,0.767606,0.0,0.23997249,5.3726497,0.008228036,0.0,0.0131914085,0.51964563
9773,0.3269521,0.0,0.24585818,5.3726525,0.007952217,0.0,0.017151553,0.51964545
9774,0.4979996,0.0,0.15946579,5.372654,0.008870525,0.0,0.016099172,0.51964515
9775,0.27548447,0.0,0.20647375,5.3726563,0.009365906,0.0,0.013237921,0.5196447
9776,0.3324232,0.0,0.18337503,5.372658,0.009474389,0.0,0.016397823,0.5196446
9777,0.46976456,0.0,0.19532001,5.3726597,0.008215306,0.0,0.014863575,0.51964486
9778,0.5663905,0.0,0.106190145,5.3726635,0.006927253,0.0,0.018754322,0.51964563
9779,0.7087784,0.0,0.17803712,5.3726664,0.009949562,0.0,0.016110951,0.5196462
9780,0.2803258,0.0,0.22750527,5.372668,0.009295868,0.0,0.016358702,0.5196467
9781,0.32264772,0.0,0.37281343,5.3726687,0.0107347695,0.0,0.015369259,0.5196473
9782,1.0879787,0.0,0.17102197,5.372671,0.009847162,0.0,0.015726827,0.51964796
9783,0.40900537,0.0,0.2019824,5.3726735,0.008033855,0.0,0.012027758,0.51964843
9784,0.501176,0.0,0.17064552,5.3726745,0.010838917,0.0,0.016907774,0.51964885
9785,0.32126424,0.0,0.17272598,5.3726773,0.008840575,0.0,0.0144901285,0.5196491
9786,0.4710643,0.0,0.1984895,5.3726807,0.009335688,0.0,0.014918315,0.51964915
9787,0.28467038,0.0,0.1706276,5.372682,0.0067343567,0.0,0.013719388,0.51964843
9788,0.39028713,0.0,0.20301649,5.372683,0.009958985,0.0,0.014772961,0.51964754
9789,0.211374,0.0,0.15052171,5.3726835,0.008483269,0.0,0.014500023,0.51964676
9790,0.53717655,0.0,0.20217656,5.3726845,0.010345934,0.0,0.014732046,0.51964617
9791,0.26329315,0.0,0.24315314,5.3726845,0.009010451,0.0,0.012531524,0.51964587
9792,0.36351427,0.0,0.2576919,5.372684,0.009926396,0.0,0.012887747,0.5196454
9793,1.1234188,0.0,0.24874997,5.372683,0.009600057,0.0,0.013621847,0.5196451
9794,0.2599323,0.0,0.19068585,5.372682,0.007846941,0.0,0.016891833,0.5196447
9795,0.22699904,0.0,0.16890575,5.3726788,0.009874301,0.0,0.0125683965,0.5196442
9796,0.21134277,0.0,0.18238033,5.3726764,0.008508328,0.0,0.013348887,0.5196437
9797,0.35563725,0.0,0.18064362,5.372675,0.010435955,0.0,0.01608644,0.51964355
9798,0.69386286,0.0,0.42401788,5.3726745,0.007224222,0.0,0.014962134,0.5196435
9799,0.29656863,0.0,0.16584142,5.3726754,0.00814859,0.0,0.013964707,0.51964337
9800,0.2794604,0.0,0.16364034,5.372675,0.010817882,0.0,0.0144112455,0.5196436
9801,0.3113886,0.0,0.20235088,5.372673,0.008503194,0.0,0.016487593,0.519644
9802,0.32775036,0.0,0.17429149,5.372672,0.009645243,0.0,0.016721971,0.5196447
9803,0.5546126,0.0,0.15004307,5.37267,0.008084218,0.0,0.015138236,0.5196457
9804,0.47464472,0.0,0.2659608,5.3726697,0.009372022,0.0,0.016806995,0.51964664
9805,0.3590735,0.0,0.1632353,5.372669,0.0076227686,0.0,0.014615519,0.519647
9806,0.19735074,0.0,0.25506553,5.3726683,0.011317724,0.0,0.017482683,0.51964784
9807,0.23248206,0.0,0.31387424,5.3726687,0.008008871,0.0,0.017181365,0.5196487
9808,0.2749278,0.0,0.17478387,5.3726664,0.01079308,0.0,0.018356262,0.5196496
9809,0.6245937,0.0,0.24616018,5.3726654,0.009084908,0.0,0.015157926,0.51965094
9810,0.72672737,0.0,0.22134876,5.3726645,0.009865127,0.0,0.01194987,0.5196519
9811,0.3249811,0.0,0.2503588,5.372665,0.008011606,0.0,0.01587906,0.5196526
9812,0.6092498,0.0,0.3055133,5.3726645,0.01039895,0.0,0.017156776,0.5196537
9813,0.3946117,0.0,0.21413293,5.372665,0.0073985653,0.0,0.01586034,0.51965463
9814,0.40651214,0.0,0.19710647,5.372665,0.011514013,0.0,0.015468776,0.5196555
9815,0.2671923,0.0,0.14305852,5.3726625,0.010544068,0.0,0.016520731,0.5196563
9816,0.67211133,0.0,0.16998012,5.372661,0.0089757275,0.0,0.01401401,0.51965743
9817,0.36037245,0.0,0.28875914,5.3726606,0.01047154,0.0,0.01554038,0.5196585
9818,0.56005317,0.0,0.18050742,5.3726606,0.008721712,0.0,0.014339341,0.5196597
9819,0.5245386,0.0,0.33518168,5.3726587,0.009066928,0.0,0.015166353,0.5196607
9820,0.41987282,0.0,0.115224615,5.372656,0.008098494,0.0,0.0132378945,0.51966155
9821,0.54035324,0.0,0.3838775,5.372653,0.008449106,0.0,0.01639237,0.5196625
9822,0.375906,0.0,0.19845617,5.3726525,0.008402408,0.0,0.015488826,0.5196634
9823,0.5670792,0.0,0.22867543,5.372653,0.010542304,0.0,0.01699361,0.51966435
9824,0.2483132,0.0,0.17135769,5.372652,0.009039324,0.0,0.014521775,0.51966524
9825,0.33586934,0.0,0.28769982,5.3726516,0.00862994,0.0,0.01904323,0.51966643
9826,0.63574165,0.0,0.23494829,5.3726506,0.01047251,0.0,0.014780895,0.51966745
9827,0.25511593,0.0,0.2869252,5.3726516,0.007922195,0.0,0.01665771,0.5196684
9828,0.3730925,0.0,0.23235703,5.372653,0.007815872,0.0,0.014314188,0.5196695
9829,0.32099393,0.0,0.16956209,5.3726554,0.008478426,0.0,0.016038552,0.51967067
9830,0.41230255,0.0,0.20969258,5.372656,0.009168908,0.0,0.01269968,0.5196718
9831,0.537922,0.0,0.16918355,5.3726573,0.010337826,0.0,0.015435539,0.5196729
9832,0.20218489,0.0,0.14247471,5.3726583,0.008918355,0.0,0.017168038,0.5196735
9833,0.479905,0.0,0.1430824,5.3726563,0.009588341,0.0,0.015023972,0.51967424
9834,0.31689972,0.0,0.16016005,5.3726573,0.011876588,0.0,0.017254982,0.5196741
9835,0.29864523,0.0,0.23976149,5.3726573,0.0073728957,0.0,0.018407635,0.51967394
9836,0.4596076,0.0,0.2757118,5.372657,0.00859147,0.0,0.012071552,0.5196737
9837,0.21317117,0.0,0.26639256,5.3726535,0.0065631815,0.0,0.012898477,0.51967335
9838,0.3849842,0.0,0.17372526,5.37265,0.0112341,0.0,0.016789032,0.51967263
9839,0.26750806,0.0,0.24156098,5.372647,0.009636049,0.0,0.0163503,0.51967233
9840,0.4817874,0.0,0.1782186,5.3726425,0.011732636,0.0,0.017021198,0.51967204
9841,0.35530415,0.0,0.24054009,5.372638,0.010370065,0.0,0.014411368,0.5196723
9842,0.2625864,0.0,0.27504835,5.3726344,0.007687836,0.0,0.012784607,0.51967233
9843,0.3602153,0.0,0.22188291,5.3726306,0.008055687,0.0,0.015738785,0.51967263
9844,0.40447527,0.0,0.15649197,5.372625,0.009378761,0.0,0.013171186,0.5196724
9845,0.42535707,0.0,0.19862917,5.37262,0.009644989,0.0,0.01500877,0.5196724
9846,0.29040354,0.0,0.2516859,5.372614,0.010052553,0.0,0.021102758,0.5196722
9847,0.3051288,0.0,0.2484581,5.37261,0.009132524,0.0,0.012381924,0.51967174
9848,0.29667357,0.0,0.2905793,5.3726053,0.009402867,0.0,0.017458757,0.5196715
9849,0.568678,0.0,0.21150026,5.3726025,0.009285017,0.0,0.014213581,0.5196713
9850,0.8289644,0.0,0.13999225,5.372599,0.008600386,0.0,0.016179826,0.51967096
9851,0.28881007,0.0,0.17969899,5.372595,0.008405283,0.0,0.014236097,0.5196705
9852,0.47774854,0.0,0.19010277,5.37259,0.009046027,0.0,0.011813451,0.5196697
9853,0.41794214,0.0,0.12228264,5.372586,0.009404319,0.0,0.0143175945,0.51966906
9854,0.385249,0.0,0.14418365,5.372582,0.007625447,0.0,0.014411861,0.51966816
9855,0.24855761,0.0,0.18831167,5.3725767,0.009854671,0.0,0.014251568,0.519667
9856,0.47039697,0.0,0.2244436,5.3725724,0.009755816,0.0,0.015608439,0.51966614
9857,0.2649017,0.0,0.22037044,5.372568,0.009697067,0.0,0.01574621,0.51966524
9858,0.33841002,0.0,0.16190465,5.372565,0.007706011,0.0,0.017654067,0.51966465
9859,0.97275054,0.0,0.22838916,5.372562,0.008567962,0.0,0.015009838,0.5196636
9860,0.41632038,0.0,0.23112942,5.3725605,0.009760866,0.0,0.014798957,0.5196627
9861,0.26846227,0.0,0.30565575,5.37256,0.012318021,0.0,0.017694775,0.51966184
9862,0.35975212,0.0,0.26117387,5.372558,0.009430743,0.0,0.016132472,0.5196607
9863,0.4095435,0.0,0.19031739,5.3725576,0.008618815,0.0,0.013744858,0.51965964
9864,0.69866455,0.0,0.19385047,5.372559,0.0091206245,0.0,0.01299628,0.51965815
9865,0.5477433,0.0,0.2588628,5.3725586,0.008512389,0.0,0.014253611,0.5196569
9866,0.3432747,0.0,0.17948239,5.372558,0.009877282,0.0,0.014516001,0.51965547
9867,0.43241233,0.0,0.25463513,5.372557,0.007656891,0.0,0.017127614,0.5196544
9868,0.39585003,0.0,0.27649412,5.372556,0.00973461,0.0,0.017218389,0.51965314
9869,0.44543543,0.0,0.28926495,5.3725557,0.008393548,0.0,0.01713757,0.5196518
9870,0.31158382,0.0,0.34395182,5.372555,0.010580117,0.0,0.013989265,0.5196507
9871,0.20551288,0.0,0.22974478,5.3725524,0.009243284,0.0,0.013765099,0.51964927
9872,0.47699082,0.0,0.19258319,5.3725505,0.0121087525,0.0,0.015430168,0.51964766
9873,0.4548846,0.0,0.32112035,5.3725495,0.007617255,0.0,0.01448193,0.5196466
9874,0.47380316,0.0,0.28583047,5.372549,0.011150468,0.0,0.014453165,0.5196456
9875,0.381373,0.0,0.25837174,5.372548,0.008884196,0.0,0.014673229,0.5196444
9876,0.29058772,0.0,0.1473278,5.372549,0.00873583,0.0,0.010183622,0.5196428
9877,0.6864443,0.0,0.29272264,5.372547,0.007942712,0.0,0.015398974,0.5196414
9878,0.32837734,0.0,0.2565993,5.3725467,0.009444589,0.0,0.016527647,0.5196402
9879,0.6670596,0.0,0.2773783,5.3725433,0.008853701,0.0,0.014182057,0.51963943
9880,0.41055775,0.0,0.22608201,5.372542,0.008935278,0.0,0.017189816,0.5196396
9881,0.5128266,0.0,0.2017579,5.372537,0.009989788,0.0,0.016636033,0.5196395
9882,0.83880633,0.0,0.15884425,5.3725324,0.00741389,0.0,0.015484177,0.5196392
9883,0.4265214,0.0,0.20334037,5.3725276,0.007312097,0.0,0.015912736,0.51963896
9884,0.31643456,0.0,0.20994821,5.372522,0.008779143,0.0,0.012839009,0.5196387
9885,0.68067783,0.0,0.20490445,5.3725166,0.009751874,0.0,0.015423144,0.5196382
9886,0.4143127,0.0,0.22399823,5.372512,0.007892439,0.0,0.014918756,0.51963764
9887,0.30917624,0.0,0.18372831,5.372508,0.007765817,0.0,0.016806325,0.5196369
9888,0.30351225,0.0,0.22004686,5.372504,0.008719229,0.0,0.014786189,0.51963603
9889,1.6003567,0.0,0.20621145,5.372502,0.00873244,0.0,0.013517404,0.5196357
9890,0.39940283,0.0,0.18153116,5.372501,0.01103622,0.0,0.012463425,0.51963496
9891,0.27616465,0.0,0.21051018,5.3725004,0.008786197,0.0,0.014952833,0.5196342
9892,0.23762506,0.0,0.20335339,5.3724995,0.010152479,0.0,0.015928078,0.51963335
9893,0.59483266,0.0,0.14360707,5.372497,0.010896357,0.0,0.017156567,0.5196327
9894,0.31376266,0.0,0.30632263,5.3724966,0.007956746,0.0,0.01346171,0.5196319
9895,0.43337268,0.0,0.15486436,5.3724976,0.009559344,0.0,0.014456147,0.5196309
9896,0.3493217,0.0,0.29697818,5.3724966,0.012046691,0.0,0.018836755,0.51962996
9897,0.46355832,0.0,0.18662247,5.3724976,0.009083469,0.0,0.018706838,0.5196294
9898,0.48117283,0.0,0.2721482,5.372498,0.009619705,0.0,0.012340339,0.5196295
9899,0.29455715,0.0,0.17741175,5.372498,0.008252367,0.0,0.013862968,0.5196294
9900,0.52735925,0.0,0.24962509,5.372499,0.009566118,0.0,0.011552212,0.51963025
9901,0.40723673,0.0,0.16568354,5.3724976,0.011271837,0.0,0.018885855,0.5196309
9902,0.533356,0.0,0.16973339,5.3724957,0.0084248725,0.0,0.017107092,0.51963115
9903,0.2915472,0.0,0.18054062,5.3724947,0.010754133,0.0,0.015816074,0.5196318
9904,0.6146225,0.0,0.31128317,5.372493,0.008875607,0.0,0.016196514,0.5196321
9905,0.30029735,0.0,0.2101117,5.3724904,0.009766679,0.0,0.013428823,0.5196321
9906,0.48836672,0.0,0.16897306,5.3724895,0.010239202,0.0,0.015056711,0.51963216
9907,0.4616826,0.0,0.20460571,5.372487,0.0090187555,0.0,0.013962982,0.5196318
9908,0.73719186,0.0,0.22812954,5.372486,0.008945344,0.0,0.013661017,0.5196318
9909,0.36953977,0.0,0.25536335,5.372487,0.00974758,0.0,0.017789051,0.51963204
9910,0.32353067,0.0,0.49309227,5.372488,0.008115543,0.0,0.0121075,0.51963216
9911,0.25681356,0.0,0.15277454,5.372492,0.010200563,0.0,0.017311713,0.51963186
9912,0.34611142,0.0,0.25575763,5.372495,0.008555355,0.0,0.014967625,0.51963145
9913,0.5206219,0.0,0.25408223,5.3725004,0.008420636,0.0,0.017877756,0.5196309
9914,0.40207905,0.0,0.11854853,5.3725023,0.010837774,0.0,0.015425887,0.5196309
9915,0.48143026,0.0,0.17687462,5.3725038,0.010561381,0.0,0.014878705,0.51963085
9916,0.36153057,0.0,0.25711057,5.372505,0.010108073,0.0,0.012384043,0.51963073
9917,0.2288289,0.0,0.16346233,5.372507,0.008893352,0.0,0.016975246,0.51963085
9918,0.2873166,0.0,0.23171356,5.372508,0.009717608,0.0,0.014067055,0.51963097
9919,0.30814523,0.0,0.27105963,5.37251,0.009287771,0.0,0.014093996,0.519631
9920,0.34925756,0.0,0.26113173,5.3725104,0.0094933305,0.0,0.01440084,0.51963097
9921,0.91736424,0.0,0.21599229,5.372509,0.009729763,0.0,0.015735958,0.51963085
9922,0.3681086,0.0,0.18226558,5.372508,0.010685108,0.0,0.014058856,0.5196307
9923,0.5016358,0.0,0.13108598,5.3725076,0.008677088,0.0,0.014111791,0.5196303
9924,0.25846547,0.0,0.25409943,5.372507,0.010889844,0.0,0.013063816,0.51962966
9925,0.6130525,0.0,0.26298377,5.3725066,0.007946742,0.0,0.01539167,0.5196293
9926,0.19826262,0.0,0.24660331,5.372507,0.00812125,0.0,0.016479991,0.5196289
9927,0.21883774,0.0,0.21734847,5.372507,0.008464263,0.0,0.015918538,0.51962864
9928,0.53576314,0.0,0.301941,5.372509,0.009619171,0.0,0.016286321,0.51962876
9929,0.7728557,0.0,0.41590914,5.37251,0.0096895695,0.0,0.013808089,0.51962906
9930,0.19455968,0.0,0.17258076,5.372514,0.008270721,0.0,0.013764297,0.5196293
9931,0.30411065,0.0,0.14936928,5.3725166,0.008868392,0.0,0.014418786,0.51963
9932,0.31501904,0.0,0.24750544,5.37252,0.009450174,0.0,0.013929802,0.51963085
9933,0.343688,0.0,0.2873753,5.3725233,0.0095123155,0.0,0.016759567,0.5196314
9934,0.47083786,0.0,0.19751596,5.3725257,0.010482744,0.0,0.013882846,0.5196317
9935,0.44909507,0.0,0.22596593,5.372527,0.010381678,0.0,0.014726274,0.5196321
9936,0.31363782,0.0,0.23603639,5.3725276,0.008149848,0.0,0.017063515,0.5196325
9937,0.3305617,0.0,0.21259372,5.372528,0.009285027,0.0,0.016289651,0.5196328
9938,0.5290879,0.0,0.28060326,5.372526,0.007997304,0.0,0.012499068,0.51963305
9939,0.3902147,0.0,0.16612566,5.3725247,0.0069898907,0.0,0.016203264,0.5196334
9940,0.26027378,0.0,0.19909541,5.372522,0.009809439,0.0,0.01479594,0.5196336
9941,0.1913102,0.0,0.27344394,5.3725195,0.0077610184,0.0,0.019123513,0.51963335
9942,0.5649475,0.0,0.3366182,5.372519,0.0065312185,0.0,0.018317986,0.51963335
9943,0.26340896,0.0,0.33938223,5.3725185,0.008113123,0.0,0.01637312,0.51963323
9944,0.5326818,0.0,0.2024935,5.3725176,0.010924899,0.0,0.0130898105,0.5196334
9945,0.32425565,0.0,0.27810615,5.3725166,0.009096637,0.0,0.017016467,0.51963377
9946,0.22586334,0.0,0.24901083,5.3725166,0.010034325,0.0,0.01366311,0.519634
9947,0.3016299,0.0,0.29384133,5.3725166,0.008292283,0.0,0.014965007,0.51963425
9948,0.4313776,0.0,0.21411428,5.3725133,0.007339896,0.0,0.013043347,0.5196347
9949,0.72718704,0.0,0.24333024,5.3725123,0.008005006,0.0,0.01431244,0.51963514
9950,0.3049758,0.0,0.20466688,5.372511,0.009568713,0.0,0.015092465,0.51963526
9951,0.40949133,0.0,0.14929862,5.37251,0.0074851597,0.0,0.015243201,0.51963526
9952,0.4427594,0.0,0.17832723,5.372508,0.008507055,0.0,0.011830871,0.51963556
9953,0.227921,0.0,0.24973312,5.3725057,0.00848048,0.0,0.016382799,0.51963586
9954,0.5016913,0.0,0.17241345,5.3725038,0.009117011,0.0,0.014055291,0.5196364
9955,0.37512726,0.0,0.15522738,5.3725004,0.010252153,0.0,0.0147932,0.5196369
9956,0.4680026,0.0,0.22109725,5.3724985,0.009538068,0.0,0.013399454,0.5196378
9957,0.5706549,0.0,0.30388027,5.372495,0.010190341,0.0,0.019975683,0.51963866
9958,0.3514955,0.0,0.18882915,5.372491,0.010530041,0.0,0.016042277,0.51963896
9959,0.45970726,0.0,0.14664432,5.372486,0.008546453,0.0,0.016340483,0.51963925
9960,0.32487506,0.0,0.184284,5.372481,0.0079794,0.0,0.016387178,0.51963925
9961,0.35834312,0.0,0.21835804,5.3724756,0.011259054,0.0,0.01627859,0.5196392
9962,0.8402662,0.0,0.14738922,5.3724713,0.009583119,0.0,0.013548851,0.5196391
9963,0.48073414,0.0,0.270964,5.3724666,0.008111877,0.0,0.017467277,0.51963854
9964,0.24024889,0.0,0.17654075,5.3724627,0.008582322,0.0,0.018881867,0.51963836
9965,0.33152378,0.0,0.19539572,5.3724585,0.009149662,0.0,0.014789043,0.519638
9966,0.3489103,0.0,0.1222404,5.372456,0.009036908,0.0,0.016595937,0.5196373
9967,0.30718726,0.0,0.17241524,5.3724537,0.008473845,0.0,0.012366915,0.51963776
9968,0.39530733,0.0,0.19989125,5.3724513,0.007646678,0.0,0.015779924,0.5196384
9969,0.47914472,0.0,0.16989835,5.372451,0.010422639,0.0,0.015174324,0.519639
9970,0.62423974,0.0,0.22398072,5.37245,0.01030805,0.0,0.017272852,0.51963955
9971,0.31298468,0.0,0.21786338,5.372451,0.008288986,0.0,0.016031561,0.5196402
9972,0.4809889,0.0,0.18980122,5.3724504,0.007649157,0.0,0.014550381,0.51964056
9973,0.24075079,0.0,0.17271724,5.3724523,0.010183907,0.0,0.0145843,0.519641
9974,0.22489727,0.0,0.23831907,5.3724537,0.009005298,0.0,0.014358421,0.5196415
9975,0.4973815,0.0,0.21510716,5.372456,0.009395472,0.0,0.01553359,0.5196418
9976,0.26032057,0.0,0.15448184,5.3724566,0.008816424,0.0,0.017210297,0.51964235
9977,0.45189604,0.0,0.15434076,5.372458,0.010115067,0.0,0.013616075,0.5196434
9978,0.34075627,0.0,0.18380481,5.372458,0.00725841,0.0,0.014189233,0.51964396
9979,0.36524037,0.0,0.1164415,5.3724594,0.009056715,0.0,0.016008934,0.5196446
9980,0.57444227,0.0,0.18651992,5.3724604,0.00845762,0.0,0.013176987,0.5196449
9981,0.48786342,0.0,0.2691867,5.3724666,0.008672973,0.0,0.01746135,0.5196449
9982,0.6832946,0.0,0.2125894,5.3724737,0.010171636,0.0,0.013374033,0.5196452
9983,0.21069218,0.0,0.2078992,5.372482,0.008579141,0.0,0.01505832,0.51964575
9984,0.71764326,0.0,0.27668905,5.372488,0.009445938,0.0,0.016021933,0.51964617
9985,0.27588272,0.0,0.25373974,5.3724966,0.008865509,0.0,0.013873399,0.51964664
9986,0.62003803,0.0,0.38949686,5.372503,0.008389162,0.0,0.015232097,0.5196468
9987,0.70443213,0.0,0.2715195,5.372509,0.00743602,0.0,0.019069675,0.51964706
9988,0.50267106,0.0,0.15180467,5.3725147,0.008272005,0.0,0.016713474,0.51964736
9989,0.54336774,0.0,0.29066077,5.3725185,0.008504333,0.0,0.015039321,0.51964784
9990,0.29963017,0.0,0.15900545,5.372523,0.008606783,0.0,0.013368526,0.5196484
9991,0.27548662,0.0,0.19232792,5.3725257,0.009365242,0.0,0.016610488,0.5196491
9992,0.2771245,0.0,0.29300672,5.3725286,0.009581675,0.0,0.01652116,0.51965034
9993,0.31019196,0.0,0.24626546,5.372529,0.010013917,0.0,0.013122375,0.5196514
9994,0.9376259,0.0,0.2263827,5.3725286,0.009346694,0.0,0.016163489,0.51965225
9995,0.5209808,0.0,0.1514677,5.372528,0.010530314,0.0,0.01506589,0.51965296
9996,0.62341833,0.0,0.29854593,5.372526,0.009091786,0.0,0.015055583,0.519654
9997,0.31815177,0.0,0.43767342,5.3725257,0.008081195,0.0,0.014628355,0.5196551
9998,0.37777075,0.0,0.23591274,5.372525,0.008263842,0.0,0.015904212,0.51965576
9999,0.2578778,0.0,0.22324078,5.3725243,0.009087647,0.0,0.015766283,0.5196563
