,0,1,2,3,4,5,6,7
0,69.75233,0.0,90.8028,6.2677956,0.0005626105,0.0,0.4357234,1.0045911
1,86.18259,0.0,85.62272,6.2678103,0.00064503204,0.0,0.45023403,1.0045856
2,64.668755,0.0,111.96643,6.2678256,0.0006299964,0.0,0.42439255,1.0045807
3,81.9672,0.0,101.889275,6.2678447,0.00064195454,0.0,0.48226961,1.004576
4,54.420086,0.0,87.87362,6.2678623,0.000605143,0.0,0.43233585,1.0045716
5,67.7561,0.0,78.71357,6.267881,0.00078468013,0.0,0.4332165,1.0045674
6,84.33315,0.0,73.82215,6.2678995,0.00069976307,0.0,0.43566403,1.0045705
7,67.99835,0.0,82.09663,6.2679214,0.0006222475,0.0,0.43474263,1.0045733
8,66.48005,0.0,91.869026,6.2679453,0.00059208064,0.0,0.43775803,1.0045773
9,83.422676,0.0,80.95799,6.26797,0.00073738553,0.0,0.40553078,1.00458
10,72.32654,0.0,88.151436,6.2679954,0.0005155263,0.0,0.41591525,1.0045822
11,88.828964,0.0,87.93612,6.268013,0.00047951355,0.0,0.40980124,1.0045838
12,85.07368,0.0,99.8472,6.2680287,0.0005456601,0.0,0.4350006,1.004585
13,68.08857,0.0,70.42326,6.2680464,0.00064374605,0.0,0.45618147,1.0045857
14,60.0079,0.0,71.574936,6.2680616,0.000703258,0.0,0.42858896,1.0045863
15,75.06709,0.0,74.52187,6.268075,0.0007219912,0.0,0.41583848,1.0045866
16,71.19984,0.0,99.77652,6.268084,0.0005534803,0.0,0.44728518,1.0045867
17,91.042404,0.0,82.42288,6.2680926,0.0005218871,0.0,0.42422718,1.0045859
18,106.56862,0.0,109.258484,6.2681003,0.0005066549,0.0,0.438109,1.0045849
19,68.74755,0.0,79.25597,6.268109,0.00065677287,0.0,0.43602824,1.0045837
20,104.55331,0.0,92.205956,6.2681146,0.00062256487,0.0,0.45104498,1.0045828
21,78.34292,0.0,93.89798,6.2681227,0.0008368936,0.0,0.46018323,1.0045774
22,65.1152,0.0,76.27983,6.2681293,0.00044579906,0.0,0.42669868,1.0045726
23,67.01295,0.0,95.22189,6.268138,0.00056972064,0.0,0.43699235,1.0045638
24,88.8827,0.0,91.57277,6.2681446,0.0006485637,0.0,0.42776734,1.0045558
25,87.27872,0.0,80.03371,6.268152,0.0008241186,0.0,0.4166921,1.0045489
26,69.35745,0.0,82.22238,6.268158,0.0004888637,0.0,0.40839407,1.0045471
27,79.32491,0.0,76.48168,6.268166,0.0005899997,0.0,0.4122649,1.0045453
28,77.65524,0.0,84.01307,6.2681766,0.00075438357,0.0,0.42759094,1.0045435
29,65.40622,0.0,90.75787,6.2681885,0.00077819213,0.0,0.43219694,1.0045416
30,61.517723,0.0,74.91822,6.2682056,0.00073947565,0.0,0.4001853,1.0045398
31,61.96097,0.0,70.506004,6.2682185,0.0005051403,0.0,0.44123492,1.0045377
32,70.525345,0.0,100.73078,6.2682276,0.0005291096,0.0,0.4739496,1.0045358
33,76.43524,0.0,83.152916,6.2682357,0.0007869275,0.0,0.45341453,1.0045336
34,69.132904,0.0,90.23163,6.2682476,0.00066612207,0.0,0.40999267,1.0045316
35,57.54925,0.0,102.668144,6.268262,0.0005290482,0.0,0.3983513,1.0045295
36,75.62208,0.0,92.28675,6.268272,0.00053279434,0.0,0.41348585,1.0045269
37,69.18049,0.0,86.89471,6.2682805,0.001141801,0.0,0.47609925,1.0045239
38,74.272446,0.0,74.00932,6.2682853,0.0009760525,0.0,0.42962608,1.0045209
39,83.63362,0.0,90.51428,6.2682867,0.00071876904,0.0,0.42449412,1.0045182
40,82.6485,0.0,74.43556,6.268284,0.00060650165,0.0,0.40949592,1.0045155
41,78.273506,0.0,113.590645,6.2682853,0.00065706315,0.0,0.42421052,1.0045116
42,85.33873,0.0,82.594475,6.2682877,0.0005229246,0.0,0.42953345,1.0045059
43,63.55585,0.0,100.58163,6.2682896,0.0008033584,0.0,0.447929,1.0044967
44,83.57797,0.0,102.66505,6.268292,0.00054889696,0.0,0.45725545,1.004488
45,83.33724,0.0,108.46943,6.268292,0.000487045,0.0,0.4294352,1.0044801
46,81.58722,0.0,85.61177,6.268291,0.0010233804,0.0,0.43081623,1.0044729
47,102.99514,0.0,98.77754,6.2682886,0.0005654375,0.0,0.42783135,1.0044656
48,76.630684,0.0,76.38611,6.26829,0.00040528955,0.0,0.41640386,1.0044588
49,81.13697,0.0,81.07181,6.2682967,0.000728795,0.0,0.4314904,1.0044525
50,76.25461,0.0,72.80638,6.2683063,0.00046866364,0.0,0.41305637,1.0044465
51,70.80341,0.0,72.6441,6.2683096,0.0006947237,0.0,0.4311229,1.0044409
52,60.634026,0.0,94.31191,6.2683134,0.0006145126,0.0,0.4376008,1.0044354
53,76.26089,0.0,78.52949,6.2683196,0.00049443025,0.0,0.4316864,1.0044302
54,62.44296,0.0,111.04401,6.268327,0.0005056655,0.0,0.4388624,1.004425
55,72.41416,0.0,89.16915,6.2683353,0.00057546084,0.0,0.43491957,1.0044202
56,76.92513,0.0,93.8176,6.268346,0.0005302157,0.0,0.38794407,1.0044156
57,78.65147,0.0,81.75799,6.268357,0.00054886506,0.0,0.43942007,1.0044111
58,79.26433,0.0,76.69355,6.2683697,0.00045988767,0.0,0.40790272,1.0044068
59,66.4226,0.0,81.756325,6.268386,0.00061113015,0.0,0.44097513,1.0044032
60,94.16019,0.0,75.92072,6.268403,0.00049150933,0.0,0.41491377,1.0043998
61,70.08646,0.0,96.60704,6.2684183,0.00064628123,0.0,0.44516116,1.0043963
62,67.327286,0.0,107.98446,6.2684336,0.0006014095,0.0,0.43654442,1.0043945
63,78.94796,0.0,80.185005,6.2684464,0.0006616743,0.0,0.4271025,1.0043994
64,80.29067,0.0,105.48453,6.2684555,0.0006416526,0.0,0.44925213,1.004404
65,64.66849,0.0,93.34711,6.268463,0.0006448858,0.0,0.44485995,1.0044078
66,75.017715,0.0,96.50663,6.268475,0.0006525358,0.0,0.4289373,1.0044112
67,69.659996,0.0,101.290054,6.2684894,0.00065334304,0.0,0.43525147,1.0044136
68,79.8388,0.0,84.707565,6.268503,0.000592557,0.0,0.42056358,1.0044158
69,87.734924,0.0,95.0497,6.268516,0.0008614657,0.0,0.43860096,1.0044174
70,62.591698,0.0,89.42712,6.26853,0.00059843785,0.0,0.4634381,1.0044184
71,68.82595,0.0,86.08751,6.268544,0.0006111708,0.0,0.4934004,1.0044192
72,73.9925,0.0,78.331345,6.268563,0.0009264878,0.0,0.39529264,1.0044197
73,59.359062,0.0,73.63784,6.2685733,0.00074627064,0.0,0.43923557,1.0044198
74,58.267307,0.0,84.353424,6.2685833,0.0007184767,0.0,0.44386765,1.0044198
75,73.55233,0.0,94.22895,6.268599,0.00068762235,0.0,0.4230091,1.0044192
76,74.15817,0.0,103.47578,6.2686143,0.0006017963,0.0,0.4476437,1.0044187
77,72.64035,0.0,88.56725,6.268631,0.0007667904,0.0,0.43274087,1.0044175
78,83.898384,0.0,78.50254,6.2686415,0.0006767057,0.0,0.45056146,1.0044162
79,68.81936,0.0,62.697052,6.2686534,0.0008584155,0.0,0.4380219,1.0044144
80,78.99671,0.0,92.42173,6.2686653,0.0005919408,0.0,0.41972297,1.0044127
81,80.25591,0.0,94.20628,6.268678,0.0005702111,0.0,0.42338115,1.0044106
82,74.896126,0.0,89.22672,6.268686,0.0007255252,0.0,0.42330015,1.0044087
83,69.738655,0.0,97.38722,6.2686934,0.00097454106,0.0,0.45058316,1.0044067
84,76.608955,0.0,88.10779,6.2686963,0.00067395734,0.0,0.43581814,1.004408
85,95.95173,0.0,97.497116,6.268696,0.0008303649,0.0,0.43531942,1.004409
86,67.49142,0.0,73.09381,6.26869,0.0009138294,0.0,0.44726512,1.004411
87,81.67606,0.0,79.17393,6.2686844,0.0009065443,0.0,0.45474374,1.0044125
88,82.74726,0.0,92.49449,6.2686806,0.0006938757,0.0,0.4452047,1.0044136
89,73.700836,0.0,92.28348,6.2686777,0.0006891253,0.0,0.42127365,1.0044142
90,50.21081,0.0,81.82342,6.2686777,0.0009204794,0.0,0.4397266,1.0044148
91,64.76177,0.0,84.11848,6.268682,0.00043327952,0.0,0.47519463,1.0044149
92,82.50895,0.0,86.20897,6.2686844,0.0008331939,0.0,0.4514457,1.0044147
93,62.894993,0.0,70.88442,6.2686853,0.00054901774,0.0,0.46161425,1.0044143
94,61.68763,0.0,79.51136,6.2686853,0.0005924133,0.0,0.42591786,1.004419
95,80.49143,0.0,90.254036,6.2686877,0.0007090627,0.0,0.43210077,1.004426
96,90.34901,0.0,86.19533,6.2686896,0.00067615486,0.0,0.3944057,1.004432
97,68.17024,0.0,104.37289,6.268697,0.0008729102,0.0,0.39264166,1.004437
98,73.40921,0.0,118.83779,6.268706,0.0005197624,0.0,0.4322884,1.0044415
99,67.38532,0.0,84.56493,6.2687163,0.00097363506,0.0,0.45735937,1.0044452
100,93.9997,0.0,83.16834,6.2687297,0.00054914836,0.0,0.4345373,1.0044483
101,60.56612,0.0,88.06108,6.2687416,0.0005541611,0.0,0.44405758,1.0044521
102,76.07834,0.0,91.65764,6.2687488,0.0007150631,0.0,0.43895063,1.0044554
103,66.1663,0.0,74.35999,6.2687554,0.0006704388,0.0,0.43883604,1.0044581
104,83.02412,0.0,75.574036,6.268763,0.000613445,0.0,0.43286854,1.0044615
105,58.66235,0.0,89.66501,6.2687683,0.0006595355,0.0,0.43612397,1.0044644
106,74.84441,0.0,90.02679,6.2687764,0.0005104257,0.0,0.42798382,1.0044668
107,72.24869,0.0,81.58921,6.268782,0.0004357379,0.0,0.41707048,1.0044686
108,65.16537,0.0,94.38447,6.2687926,0.0008786054,0.0,0.44865197,1.004471
109,66.87931,0.0,111.349625,6.26881,0.0006037597,0.0,0.45313248,1.0044727
110,74.811226,0.0,97.39984,6.268827,0.00049147726,0.0,0.40919822,1.0044742
111,79.41768,0.0,86.09173,6.2688437,0.00085644703,0.0,0.4070316,1.0044751
112,67.45649,0.0,95.32392,6.2688622,0.0004867868,0.0,0.40458354,1.0044758
113,62.883698,0.0,88.818405,6.2688828,0.0008572868,0.0,0.43067575,1.0044885
114,73.0353,0.0,80.40645,6.268901,0.00070441456,0.0,0.46429086,1.0044996
115,82.09588,0.0,101.337746,6.268919,0.0005177354,0.0,0.41827726,1.0045055
116,95.9215,0.0,75.12018,6.268934,0.0006902561,0.0,0.4235364,1.0045106
117,59.137405,0.0,92.08857,6.2689433,0.00064446795,0.0,0.4549106,1.0045153
118,72.877426,0.0,82.42636,6.2689486,0.0006411898,0.0,0.4121935,1.0045192
119,77.44741,0.0,114.19968,6.268956,0.0006938715,0.0,0.43171486,1.0045227
120,69.003876,0.0,88.40682,6.268968,0.0007697327,0.0,0.4534889,1.0045255
121,53.697655,0.0,77.67307,6.268985,0.00074225984,0.0,0.46451235,1.0045279
122,65.44982,0.0,76.617645,6.2690005,0.0004698471,0.0,0.44173503,1.00453
123,75.55671,0.0,92.82319,6.2690105,0.0005094917,0.0,0.43628106,1.0045314
124,69.19472,0.0,84.364876,6.269025,0.0009313766,0.0,0.4448385,1.0045326
125,71.34865,0.0,81.58746,6.2690387,0.00079464074,0.0,0.42152935,1.0045333
126,69.60615,0.0,92.368546,6.269054,0.0004915184,0.0,0.46541032,1.0045339
127,73.53382,0.0,102.25633,6.269067,0.0005817753,0.0,0.425294,1.0045341
128,85.161194,0.0,67.5541,6.2690763,0.00043244386,0.0,0.44108304,1.0045298
129,75.73149,0.0,80.54482,6.2690864,0.0005666808,0.0,0.41891167,1.0045261
130,58.08992,0.0,75.35883,6.2690973,0.00042170443,0.0,0.4272116,1.0045226
131,91.58582,0.0,102.090904,6.269105,0.000585606,0.0,0.41590485,1.0045199
132,73.794235,0.0,68.97669,6.269111,0.0007905916,0.0,0.41968197,1.0045171
133,70.44017,0.0,106.67203,6.2691126,0.000597649,0.0,0.42326885,1.0045145
134,79.907745,0.0,92.17733,6.2691174,0.0008308211,0.0,0.40988827,1.004512
135,71.72078,0.0,91.23935,6.269124,0.00050921575,0.0,0.47312248,1.0045096
136,93.06106,0.0,104.64496,6.2691355,0.00048707167,0.0,0.46916533,1.0045072
137,80.993004,0.0,104.271065,6.269145,0.000895118,0.0,0.44552875,1.0045049
138,94.06893,0.0,121.680664,6.2691517,0.00070202746,0.0,0.42301673,1.0045024
139,66.22488,0.0,95.16053,6.2691555,0.00053929014,0.0,0.451215,1.0044994
140,83.90321,0.0,91.47223,6.2691607,0.00082695985,0.0,0.43197975,1.0044965
141,68.35541,0.0,93.59137,6.269163,0.0008437011,0.0,0.46905398,1.0044936
142,67.55444,0.0,80.88769,6.2691646,0.0008722537,0.0,0.46154308,1.0044909
143,99.85567,0.0,79.25755,6.2691674,0.0005397307,0.0,0.44488353,1.0044881
144,84.84941,0.0,85.046745,6.2691693,0.00063841394,0.0,0.4388567,1.0044854
145,82.24918,0.0,82.19097,6.269168,0.000784146,0.0,0.40417907,1.0044826
146,97.29629,0.0,96.396866,6.2691627,0.00058991247,0.0,0.43194136,1.0044802
147,104.42119,0.0,89.94426,6.2691655,0.0007755534,0.0,0.44415447,1.0044776
148,60.03459,0.0,95.702,6.2691708,0.0006800932,0.0,0.43781146,1.004475
149,87.16533,0.0,90.747154,6.269175,0.0011187196,0.0,0.42914638,1.0044723
150,77.25244,0.0,83.671555,6.269177,0.0010994293,0.0,0.41527992,1.0044696
151,57.53805,0.0,77.53909,6.26918,0.0007703132,0.0,0.41536498,1.0044669
152,88.929214,0.0,86.22698,6.2691827,0.00091780536,0.0,0.43181968,1.0044641
153,64.564156,0.0,77.96483,6.2691836,0.0007852226,0.0,0.43843246,1.0044619
154,100.17059,0.0,116.425995,6.269186,0.00058223726,0.0,0.42156658,1.0044595
155,65.9582,0.0,89.10141,6.2691903,0.00091797195,0.0,0.4901317,1.0044751
156,54.997864,0.0,90.530815,6.269197,0.0008146424,0.0,0.44659185,1.0044887
157,83.4602,0.0,87.55942,6.2692027,0.00061274914,0.0,0.42198408,1.0045145
158,63.02351,0.0,97.21236,6.2692137,0.0008372396,0.0,0.40049696,1.0045376
159,72.55759,0.0,68.61421,6.269221,0.0007736649,0.0,0.43318427,1.0045581
160,68.02754,0.0,85.52915,6.269233,0.0007870599,0.0,0.4509829,1.0045747
161,76.15877,0.0,79.48187,6.2692485,0.00064939837,0.0,0.41396475,1.0045897
162,88.983635,0.0,90.37493,6.269265,0.00064060354,0.0,0.4281487,1.0046028
163,66.90747,0.0,82.818245,6.269282,0.00082564855,0.0,0.42383522,1.004614
164,74.04429,0.0,81.48383,6.2693033,0.00072439056,0.0,0.42323655,1.004624
165,64.331856,0.0,92.540054,6.2693186,0.0009401607,0.0,0.44104862,1.0046391
166,100.90819,0.0,121.30431,6.269338,0.0007711034,0.0,0.42244446,1.0046529
167,70.08566,0.0,90.899475,6.2693543,0.0006249772,0.0,0.39855942,1.0046662
168,58.998104,0.0,69.74984,6.2693677,0.0008271807,0.0,0.45726603,1.0046779
169,83.560005,0.0,97.41333,6.2693768,0.0006774183,0.0,0.4700368,1.0046884
170,66.58308,0.0,110.203125,6.2693815,0.00079120015,0.0,0.44103977,1.0046976
171,75.94972,0.0,82.06971,6.2693825,0.001197086,0.0,0.435006,1.0047057
172,81.003975,0.0,111.871704,6.269385,0.0005941956,0.0,0.4029287,1.0047129
173,85.83633,0.0,76.129105,6.269393,0.00074927154,0.0,0.44618815,1.0047196
174,68.4466,0.0,89.685936,6.2694016,0.00056258496,0.0,0.45084476,1.0047255
175,68.48122,0.0,81.88636,6.2694063,0.0007088209,0.0,0.43403858,1.0047308
176,63.726757,0.0,91.53147,6.269415,0.00048653036,0.0,0.41887805,1.0047352
177,75.935005,0.0,77.29825,6.269424,0.00060741307,0.0,0.4645202,1.0047389
178,68.82471,0.0,92.06869,6.26943,0.0005575267,0.0,0.43780813,1.004738
179,78.18595,0.0,75.542465,6.2694345,0.00082029856,0.0,0.44090006,1.0047373
180,72.7436,0.0,104.56168,6.2694483,0.0009271237,0.0,0.43860015,1.0047362
181,69.22073,0.0,65.22636,6.269463,0.00080806867,0.0,0.40068555,1.0047351
182,66.7523,0.0,93.68402,6.2694764,0.0005428648,0.0,0.44065928,1.0047336
183,78.97537,0.0,93.21602,6.2694883,0.0007772029,0.0,0.42546964,1.0047321
184,75.58737,0.0,86.32235,6.269498,0.0005998476,0.0,0.45120597,1.0047305
185,86.5789,0.0,76.98786,6.2695093,0.0006956702,0.0,0.43526348,1.0047357
186,78.90944,0.0,89.96174,6.2695208,0.0007841824,0.0,0.4129843,1.00474
187,68.07925,0.0,91.4522,6.269535,0.0006256187,0.0,0.4190662,1.0047436
188,83.58862,0.0,72.71905,6.269544,0.00077094,0.0,0.4355383,1.0047469
189,73.798454,0.0,104.083626,6.269561,0.00062975055,0.0,0.43214092,1.0047495
190,72.11444,0.0,112.35725,6.269579,0.0007649192,0.0,0.4253417,1.0047517
191,79.17061,0.0,83.07905,6.2695966,0.00056749006,0.0,0.42003414,1.0047588
192,64.167915,0.0,82.61821,6.2696114,0.00068749837,0.0,0.46730214,1.0047649
193,69.441765,0.0,99.30594,6.269625,0.0006730837,0.0,0.41578218,1.0047704
194,86.62712,0.0,65.16239,6.269638,0.0010457335,0.0,0.43201908,1.0047752
195,88.96085,0.0,97.537186,6.2696505,0.00056404923,0.0,0.45385036,1.0047791
196,79.981094,0.0,75.83151,6.2696557,0.00059073616,0.0,0.41985402,1.0047822
197,80.28438,0.0,80.34427,6.269663,0.00091352005,0.0,0.4266941,1.004785
198,81.16961,0.0,84.08274,6.269672,0.0007749839,0.0,0.42147946,1.0047871
199,70.13772,0.0,83.900795,6.2696795,0.00059028703,0.0,0.44632453,1.0047886
200,59.87106,0.0,97.786964,6.2696867,0.00096048805,0.0,0.4560547,1.0047901
201,98.55499,0.0,85.62978,6.2696886,0.00060577196,0.0,0.47325036,1.004791
202,81.42768,0.0,94.63389,6.2696958,0.0007173086,0.0,0.37204236,1.0047917
203,64.75646,0.0,105.80111,6.2697077,0.00093236024,0.0,0.3910874,1.004792
204,53.33652,0.0,76.43797,6.2697206,0.0009287413,0.0,0.45424876,1.0047919
205,82.498764,0.0,69.49784,6.2697344,0.00074002706,0.0,0.4153944,1.0047916
206,62.682602,0.0,82.96035,6.26975,0.00062378525,0.0,0.4468112,1.0047913
207,75.83918,0.0,94.181015,6.269761,0.0005866223,0.0,0.4035831,1.0047907
208,80.58185,0.0,105.49005,6.2697716,0.00046837947,0.0,0.44011745,1.0047898
209,83.469864,0.0,88.989716,6.2697797,0.0006206432,0.0,0.4147179,1.0047886
210,100.838684,0.0,96.83018,6.2697873,0.0008002298,0.0,0.43628561,1.0047876
211,51.787453,0.0,73.97319,6.269794,0.00072259805,0.0,0.42843366,1.0047872
212,90.91036,0.0,106.02361,6.2697945,0.0005236554,0.0,0.40157342,1.0047885
213,96.85389,0.0,84.10678,6.269794,0.00066983345,0.0,0.43487304,1.0047894
214,87.97661,0.0,107.3933,6.2697935,0.0005855425,0.0,0.4292899,1.0047898
215,81.733055,0.0,84.78967,6.2697954,0.0006406227,0.0,0.45128793,1.0047901
216,62.910572,0.0,84.11506,6.2697973,0.00086161436,0.0,0.46638864,1.0047905
217,57.500755,0.0,88.91996,6.2697964,0.0005578368,0.0,0.4096584,1.0047907
218,72.13273,0.0,78.33259,6.269793,0.00069061056,0.0,0.4648173,1.0047903
219,64.59241,0.0,98.05015,6.2697887,0.0004925799,0.0,0.44276613,1.0047898
220,81.125435,0.0,107.23014,6.269783,0.0005443075,0.0,0.4300499,1.0047891
221,80.9101,0.0,74.8851,6.2697816,0.00083799113,0.0,0.4429841,1.0047884
222,62.102554,0.0,75.53629,6.269785,0.000717861,0.0,0.43007016,1.0047873
223,73.04668,0.0,79.29982,6.2697887,0.00067379343,0.0,0.42487162,1.0047861
224,64.44689,0.0,78.78362,6.269793,0.00056829676,0.0,0.43438292,1.0047848
225,70.410675,0.0,71.04133,6.2697988,0.00061450334,0.0,0.40393683,1.0047816
226,56.024193,0.0,98.193504,6.2698126,0.00063864596,0.0,0.45575303,1.004778
227,96.103714,0.0,84.246025,6.269825,0.0005518859,0.0,0.42226082,1.0047747
228,65.60989,0.0,66.98402,6.269843,0.00086485496,0.0,0.43273723,1.0047716
229,86.4292,0.0,92.406494,6.269862,0.0006107816,0.0,0.43951648,1.0047685
230,82.32747,0.0,76.50148,6.2698817,0.00085263926,0.0,0.45406502,1.0047656
231,74.82449,0.0,102.8115,6.269899,0.000669666,0.0,0.42296696,1.0047628
232,76.26992,0.0,79.786736,6.2699127,0.00074677134,0.0,0.4845326,1.00476
233,82.240234,0.0,97.21239,6.2699237,0.0006598197,0.0,0.43632564,1.0047572
234,58.209934,0.0,103.19892,6.2699313,0.0009281731,0.0,0.42145693,1.0047544
235,61.793056,0.0,118.06938,6.2699375,0.00045201083,0.0,0.43293184,1.0047516
236,87.863365,0.0,69.55296,6.269942,0.00068358507,0.0,0.44916207,1.0047488
237,71.6374,0.0,81.646736,6.2699494,0.00060456863,0.0,0.44053358,1.0047461
238,60.462135,0.0,118.36517,6.26996,0.00076312077,0.0,0.42090353,1.0047436
239,69.997154,0.0,94.960434,6.2699738,0.000736758,0.0,0.4220415,1.0047432
240,63.21678,0.0,99.62375,6.2699866,0.00083123276,0.0,0.4236657,1.0047423
241,91.91035,0.0,82.78022,6.269997,0.0007821354,0.0,0.43486986,1.0047419
242,88.59852,0.0,94.65471,6.2700086,0.0010348334,0.0,0.42253312,1.0047454
243,82.69053,0.0,94.441895,6.2700186,0.0007242259,0.0,0.4502722,1.0047475
244,72.93601,0.0,79.38622,6.270026,0.0007203535,0.0,0.44470948,1.0047491
245,70.8739,0.0,82.02518,6.2700343,0.000623486,0.0,0.44718134,1.0047504
246,83.44938,0.0,82.92196,6.270041,0.00055550307,0.0,0.40455085,1.0047512
247,83.299385,0.0,85.12011,6.270043,0.00066316733,0.0,0.4342401,1.0047518
248,83.124626,0.0,79.75656,6.2700405,0.00053569255,0.0,0.3967954,1.0047507
249,59.181698,0.0,87.21415,6.270037,0.000608101,0.0,0.42927155,1.0047497
250,107.097725,0.0,81.31722,6.270034,0.0005384701,0.0,0.42513078,1.0047488
251,70.175354,0.0,98.8029,6.2700286,0.0005228625,0.0,0.45066357,1.0047616
252,94.50487,0.0,97.62448,6.270023,0.0008171356,0.0,0.40559885,1.0047731
253,84.36024,0.0,95.526024,6.270023,0.0005866391,0.0,0.44512165,1.0047886
254,70.11632,0.0,105.22824,6.270027,0.00058513787,0.0,0.4553525,1.004808
255,81.87513,0.0,89.880905,6.270038,0.00043681287,0.0,0.44354498,1.004824
256,79.67114,0.0,82.775764,6.270049,0.0005990021,0.0,0.48516893,1.0048383
257,68.220634,0.0,101.33414,6.2700567,0.00052218477,0.0,0.41891336,1.0048506
258,74.81237,0.0,114.68875,6.2700624,0.0006187606,0.0,0.42935342,1.0048617
259,99.35932,0.0,92.245575,6.27007,0.000432976,0.0,0.45423278,1.0048714
260,86.91557,0.0,106.80982,6.270076,0.00074024824,0.0,0.4202822,1.0048802
261,81.78924,0.0,91.1304,6.270082,0.00061116175,0.0,0.412584,1.0048859
262,63.360107,0.0,72.58133,6.2700896,0.00078009674,0.0,0.41330564,1.0048908
263,64.43842,0.0,81.80628,6.270099,0.0007233805,0.0,0.43767744,1.0048951
264,74.809296,0.0,90.36945,6.2701106,0.0004190706,0.0,0.43109798,1.0048985
265,73.99024,0.0,72.02906,6.270129,0.0005767712,0.0,0.4179804,1.0049019
266,89.60404,0.0,81.0617,6.270147,0.00057264976,0.0,0.43947834,1.0049042
267,67.30363,0.0,86.12101,6.2701626,0.0005853657,0.0,0.48081458,1.004906
268,62.4375,0.0,76.92374,6.2701783,0.0008318892,0.0,0.4669437,1.0049076
269,78.837265,0.0,71.81622,6.270196,0.0010351553,0.0,0.4288798,1.0049087
270,92.51969,0.0,73.30509,6.2702127,0.00060584745,0.0,0.4530569,1.0049093
271,63.466846,0.0,91.07215,6.270223,0.00080697937,0.0,0.46281928,1.0049098
272,79.73462,0.0,104.13996,6.27023,0.0006836808,0.0,0.46169013,1.0049099
273,85.51861,0.0,82.774445,6.27024,0.0006192847,0.0,0.44829664,1.0049099
274,63.205746,0.0,101.996086,6.2702465,0.000918043,0.0,0.43882155,1.0049131
275,80.4616,0.0,89.24952,6.2702537,0.00073940586,0.0,0.43016416,1.0049158
276,74.02351,0.0,97.29478,6.270258,0.0006489682,0.0,0.41900474,1.0049181
277,55.399586,0.0,94.47323,6.270262,0.00059982017,0.0,0.4266964,1.0049198
278,53.891872,0.0,92.52046,6.270267,0.0004713739,0.0,0.4402337,1.0049211
279,79.21273,0.0,68.822784,6.2702794,0.0007057381,0.0,0.4177794,1.0049293
280,58.540234,0.0,112.93187,6.270291,0.00094340666,0.0,0.42117283,1.004934
281,57.91143,0.0,66.39046,6.2703,0.0007363536,0.0,0.46428794,1.004938
282,77.0942,0.0,85.37862,6.2703094,0.00055955653,0.0,0.44463667,1.0049415
283,73.03943,0.0,89.8842,6.2703195,0.0004759774,0.0,0.45629162,1.0049444
284,65.90591,0.0,83.69292,6.2703342,0.0006716893,0.0,0.44155043,1.0049483
285,77.563614,0.0,90.71499,6.2703485,0.0006682914,0.0,0.41113305,1.0049516
286,62.839485,0.0,90.221535,6.2703576,0.00052915857,0.0,0.4633606,1.004956
287,77.06179,0.0,85.71046,6.270375,0.0007572209,0.0,0.42435783,1.0049597
288,84.54051,0.0,92.91569,6.2703867,0.00068416604,0.0,0.41135484,1.0049628
289,79.1216,0.0,71.98343,6.2704005,0.0006178189,0.0,0.44486126,1.0049652
290,78.4899,0.0,95.93027,6.270414,0.0006444823,0.0,0.40811402,1.0049675
291,78.89719,0.0,100.5392,6.2704287,0.000539341,0.0,0.46365064,1.0049688
292,79.43325,0.0,84.260056,6.2704353,0.0004970145,0.0,0.41453946,1.00497
293,85.00913,0.0,77.218506,6.270443,0.0005933945,0.0,0.49854645,1.0049703
294,74.63648,0.0,109.47833,6.2704496,0.0006341401,0.0,0.42525813,1.0049708
295,80.038376,0.0,88.66581,6.270454,0.0009024867,0.0,0.42014766,1.0049708
296,93.71575,0.0,106.41617,6.270462,0.0006254887,0.0,0.4618811,1.0049706
297,72.32046,0.0,80.48317,6.2704697,0.00044874725,0.0,0.42388362,1.0049702
298,74.39685,0.0,75.12414,6.270473,0.00074192544,0.0,0.44744393,1.0049697
299,82.106026,0.0,84.936104,6.2704806,0.00063166686,0.0,0.45860142,1.004969
300,68.709755,0.0,108.559875,6.2704906,0.000714122,0.0,0.47616166,1.0049682
301,85.55602,0.0,86.7639,6.2704997,0.0005286949,0.0,0.44626173,1.0049671
302,65.04998,0.0,74.68672,6.2705083,0.0005294458,0.0,0.41333693,1.004966
303,80.21329,0.0,115.136955,6.2705183,0.0005424557,0.0,0.47791892,1.0049638
304,84.11786,0.0,100.70026,6.270524,0.00065993227,0.0,0.46959668,1.0049614
305,89.89779,0.0,86.94115,6.2705345,0.00053609826,0.0,0.43344122,1.004959
306,62.57416,0.0,94.99754,6.270545,0.0005277078,0.0,0.41283688,1.0049567
307,67.836105,0.0,98.57068,6.270559,0.0008311374,0.0,0.41618615,1.0049545
308,70.28718,0.0,87.23506,6.270567,0.00081486057,0.0,0.44906205,1.004952
309,68.96813,0.0,84.131966,6.270579,0.00054079643,0.0,0.45724007,1.0049493
310,80.01182,0.0,91.28411,6.270591,0.0006351586,0.0,0.43671522,1.0049465
311,59.96489,0.0,76.29542,6.270606,0.0006191287,0.0,0.42459893,1.004944
312,67.04529,0.0,99.64336,6.270621,0.0008299303,0.0,0.40850753,1.0049416
313,69.58808,0.0,100.22071,6.270627,0.0005865864,0.0,0.44830137,1.0049391
314,88.254036,0.0,106.529,6.27063,0.0007029029,0.0,0.43069538,1.0049365
315,73.68948,0.0,83.99283,6.270637,0.00081558235,0.0,0.46726316,1.0049338
316,85.662415,0.0,87.084816,6.2706413,0.0006141126,0.0,0.43472275,1.0049314
317,81.7396,0.0,73.86318,6.270651,0.0006195106,0.0,0.4448473,1.0049287
318,79.85395,0.0,99.835686,6.2706604,0.000839553,0.0,0.45105538,1.0049262
319,65.40673,0.0,90.657104,6.2706666,0.0004060332,0.0,0.43340358,1.0049236
320,82.45541,0.0,64.65319,6.2706733,0.0012814149,0.0,0.44092566,1.0049212
321,56.02396,0.0,70.71302,6.2706723,0.0007539528,0.0,0.42687982,1.0049188
322,70.11697,0.0,94.454544,6.270669,0.0007720194,0.0,0.42406803,1.0049146
323,63.63785,0.0,60.115883,6.2706695,0.00064198783,0.0,0.4349252,1.0049107
324,67.04751,0.0,74.41971,6.2706666,0.0007417811,0.0,0.43939924,1.0049067
325,77.30923,0.0,80.686844,6.270662,0.0010309946,0.0,0.48319754,1.0049028
326,68.08327,0.0,79.9729,6.2706633,0.0008431644,0.0,0.43787643,1.0049002
327,75.094406,0.0,96.541695,6.2706623,0.0005947683,0.0,0.4446664,1.0048976
328,89.272285,0.0,67.54805,6.270662,0.0005677822,0.0,0.45985729,1.0048951
329,56.583427,0.0,100.19629,6.27066,0.0008773307,0.0,0.42398104,1.0048883
330,73.578636,0.0,86.11133,6.270657,0.0006383315,0.0,0.43168437,1.0048851
331,66.50765,0.0,78.79887,6.270653,0.00076103,0.0,0.41745895,1.0048819
332,85.53484,0.0,71.96192,6.2706547,0.0008548668,0.0,0.45266223,1.0048786
333,88.904755,0.0,81.0162,6.2706566,0.0007921036,0.0,0.44322985,1.0048758
334,77.11093,0.0,86.56463,6.2706585,0.0009921986,0.0,0.4388387,1.0048729
335,74.7288,0.0,90.758514,6.2706623,0.00082752877,0.0,0.4333322,1.0048704
336,74.7965,0.0,78.77623,6.2706676,0.0007229144,0.0,0.47434133,1.0048677
337,80.92832,0.0,73.50813,6.270672,0.0012270863,0.0,0.44167292,1.004865
338,84.76201,0.0,89.60702,6.2706766,0.0006690711,0.0,0.42467698,1.0048623
339,67.433815,0.0,95.82641,6.270679,0.0006799515,0.0,0.4131682,1.0048596
340,61.149464,0.0,85.27215,6.2706795,0.0007715733,0.0,0.49268827,1.0048571
341,93.822235,0.0,80.62151,6.2706895,0.00062284153,0.0,0.43622887,1.0048544
342,83.44408,0.0,86.44566,6.2707,0.00061856984,0.0,0.41947854,1.0048518
343,73.43693,0.0,72.842445,6.270707,0.0006836077,0.0,0.44720858,1.0048512
344,83.86012,0.0,92.443184,6.270717,0.0006654511,0.0,0.45696497,1.0048504
345,67.13963,0.0,88.11035,6.270724,0.0006690959,0.0,0.43909508,1.0048493
346,66.0626,0.0,88.97232,6.270731,0.00063628214,0.0,0.44525,1.0048482
347,81.79347,0.0,112.41454,6.270743,0.00082500296,0.0,0.4334639,1.0048468
348,78.91762,0.0,109.850426,6.270757,0.00075280515,0.0,0.4280722,1.0048454
349,66.52417,0.0,89.3562,6.2707705,0.0006015982,0.0,0.45725852,1.0048442
350,68.53804,0.0,81.44611,6.2707787,0.0006167082,0.0,0.4283954,1.004843
351,87.535385,0.0,89.7907,6.2707872,0.0007759863,0.0,0.41295415,1.0048416
352,85.22609,0.0,86.63481,6.2707973,0.00051447796,0.0,0.43643734,1.0048401
353,79.14985,0.0,80.23998,6.2708073,0.00092245144,0.0,0.4419876,1.0048386
354,93.90856,0.0,96.13041,6.2708163,0.00055081095,0.0,0.4607064,1.0048369
355,84.29267,0.0,89.47122,6.2708216,0.0005282501,0.0,0.46859,1.0048345
356,64.51911,0.0,93.49716,6.2708263,0.00071731,0.0,0.46334386,1.0048317
357,99.46095,0.0,76.96744,6.270835,0.0008127765,0.0,0.41314003,1.0048294
358,76.026566,0.0,80.234955,6.2708406,0.00053358136,0.0,0.4294301,1.0048269
359,75.84538,0.0,77.603714,6.270848,0.0006281341,0.0,0.4720988,1.0048243
360,87.042,0.0,94.11551,6.270854,0.00088910986,0.0,0.38176808,1.0048218
361,67.978714,0.0,84.08202,6.270856,0.0005393228,0.0,0.4393415,1.0048194
362,66.34857,0.0,79.98444,6.270853,0.0007204094,0.0,0.42243022,1.0048156
363,84.67679,0.0,77.866714,6.2708473,0.00071770506,0.0,0.43331227,1.0048119
364,83.26076,0.0,84.81408,6.2708426,0.0005354307,0.0,0.43928403,1.0048084
365,91.60748,0.0,106.13403,6.2708373,0.000782168,0.0,0.40154618,1.0048046
366,116.21179,0.0,86.20707,6.270836,0.0008200699,0.0,0.41723555,1.0048014
367,64.44478,0.0,80.67002,6.270837,0.0007415783,0.0,0.41109896,1.0047945
368,82.894966,0.0,80.683075,6.270836,0.0008273298,0.0,0.41441366,1.0047884
369,68.52485,0.0,88.66593,6.2708364,0.0004739716,0.0,0.39237472,1.0047826
370,67.007195,0.0,81.20294,6.27084,0.00046961015,0.0,0.4280536,1.0047771
371,90.27556,0.0,80.99528,6.2708464,0.0006767834,0.0,0.4392988,1.0047718
372,73.53905,0.0,69.47236,6.270855,0.0005287713,0.0,0.4350627,1.0047671
373,97.35874,0.0,87.1358,6.2708592,0.00063380285,0.0,0.43050942,1.0047626
374,106.45792,0.0,82.588905,6.270867,0.00057513634,0.0,0.45288587,1.0047582
375,71.848145,0.0,84.559425,6.270875,0.0007037499,0.0,0.4022894,1.0047543
376,66.69376,0.0,86.53328,6.270887,0.0011779496,0.0,0.42904592,1.0047504
377,89.90243,0.0,95.52156,6.2709,0.0004904435,0.0,0.40618312,1.0047464
378,103.72197,0.0,87.36913,6.2709146,0.00052525254,0.0,0.4133991,1.0047427
379,61.464478,0.0,99.28617,6.2709303,0.00047965086,0.0,0.42407674,1.0047392
380,93.01841,0.0,67.84623,6.2709484,0.0011070282,0.0,0.44754142,1.004736
381,77.69584,0.0,102.12129,6.270963,0.0008250382,0.0,0.40902084,1.0047326
382,53.833317,0.0,77.255165,6.270978,0.00055081246,0.0,0.44381142,1.0047294
383,79.74691,0.0,107.447495,6.2709928,0.00051347876,0.0,0.42607808,1.0047263
384,84.45949,0.0,87.83615,6.2709994,0.000676132,0.0,0.46526223,1.0047234
385,67.25898,0.0,121.840904,6.2710023,0.0009979944,0.0,0.40125796,1.0047203
386,92.51799,0.0,74.19501,6.271002,0.0010224632,0.0,0.44304532,1.0047174
387,70.44731,0.0,71.7913,6.271005,0.00064310955,0.0,0.47053105,1.0047138
388,77.93418,0.0,98.74261,6.271007,0.0006638188,0.0,0.43990296,1.0047114
389,69.5217,0.0,81.63051,6.2710123,0.000779947,0.0,0.45332468,1.0047078
390,61.45122,0.0,77.93247,6.2710147,0.000997992,0.0,0.48250937,1.0047045
391,74.38822,0.0,82.91328,6.2710166,0.00069524685,0.0,0.45069727,1.0047119
392,70.72844,0.0,70.0005,6.271019,0.00050657516,0.0,0.4567636,1.0047181
393,76.972115,0.0,76.157326,6.271022,0.00046934694,0.0,0.4565178,1.0047238
394,111.585625,0.0,87.77737,6.2710233,0.000695786,0.0,0.44015154,1.0047318
395,73.04736,0.0,97.73068,6.2710238,0.0005940915,0.0,0.43936253,1.0047386
396,69.79268,0.0,96.052765,6.2710285,0.000800871,0.0,0.4796828,1.0047446
397,75.41271,0.0,87.820366,6.271032,0.0006834832,0.0,0.43694496,1.0047488
398,51.41495,0.0,86.99332,6.2710376,0.0006692193,0.0,0.4125379,1.0047524
399,59.74094,0.0,81.35234,6.2710457,0.0006334211,0.0,0.46401426,1.0047545
400,69.60155,0.0,95.85751,6.271057,0.00078633334,0.0,0.41590047,1.004756
401,88.80698,0.0,81.51084,6.2710743,0.0005901398,0.0,0.44092593,1.0047574
402,78.97685,0.0,90.25355,6.2710967,0.0006876545,0.0,0.4339107,1.0047582
403,59.395325,0.0,72.41747,6.271118,0.0007962802,0.0,0.41851634,1.0047598
404,70.999626,0.0,77.95122,6.271141,0.0006233722,0.0,0.44065246,1.004761
405,64.5457,0.0,85.3536,6.2711606,0.00072232645,0.0,0.40265402,1.0047618
406,91.781555,0.0,92.096695,6.2711773,0.00060445355,0.0,0.44998115,1.0047624
407,70.45282,0.0,96.89932,6.2711954,0.0006277772,0.0,0.44058284,1.0047626
408,87.47332,0.0,78.69637,6.2712083,0.0007256507,0.0,0.42561984,1.0047623
409,88.8947,0.0,87.31006,6.271221,0.0006460493,0.0,0.4262604,1.0047612
410,73.19349,0.0,78.39386,6.271233,0.0007663475,0.0,0.44436026,1.00476
411,68.97317,0.0,87.06658,6.2712445,0.0010764813,0.0,0.45875126,1.0047587
412,67.36154,0.0,72.86605,6.2712517,0.00060475536,0.0,0.48258194,1.0047542
413,78.725266,0.0,98.33302,6.27126,0.00074582564,0.0,0.4519682,1.00475
414,74.75915,0.0,80.62418,6.271267,0.00057815126,0.0,0.4481985,1.0047456
415,82.64441,0.0,97.27386,6.271279,0.0009558699,0.0,0.45107484,1.0047415
416,81.049416,0.0,92.76482,6.2712946,0.000726416,0.0,0.42332786,1.0047376
417,69.77282,0.0,77.085495,6.271309,0.0005827617,0.0,0.4533933,1.0047331
418,66.76789,0.0,87.626495,6.271331,0.00064290036,0.0,0.4218058,1.0047286
419,78.00385,0.0,81.27526,6.271352,0.00078416587,0.0,0.43615967,1.0047243
420,88.327866,0.0,73.870575,6.2713656,0.0009684642,0.0,0.42742348,1.004708
421,79.469696,0.0,80.01623,6.271379,0.00085255987,0.0,0.43981427,1.0046934
422,61.091106,0.0,92.169716,6.271391,0.00056818547,0.0,0.4187603,1.0046803
423,65.87961,0.0,70.808495,6.2713995,0.00065649784,0.0,0.4071042,1.0046682
424,85.93843,0.0,74.877106,6.271409,0.00048475183,0.0,0.43724632,1.0046571
425,57.703083,0.0,108.27912,6.2714195,0.0007387094,0.0,0.45594805,1.0046391
426,93.96688,0.0,100.04965,6.2714257,0.00052957644,0.0,0.44607687,1.0046226
427,77.39808,0.0,94.17682,6.271437,0.0005739607,0.0,0.39695174,1.0046076
428,90.251755,0.0,86.02532,6.2714505,0.00076925126,0.0,0.474456,1.004594
429,64.85005,0.0,93.44463,6.271467,0.00060960813,0.0,0.46077487,1.0045816
430,71.03096,0.0,122.84448,6.271483,0.0007900001,0.0,0.43161768,1.0045701
431,77.31369,0.0,77.33795,6.2714977,0.00064312003,0.0,0.45573947,1.0045595
432,80.58892,0.0,77.40234,6.2715116,0.00067417737,0.0,0.4216895,1.0045474
433,92.2779,0.0,91.24657,6.2715216,0.0006796885,0.0,0.44650087,1.0045418
434,66.97334,0.0,73.85882,6.2715335,0.00083362847,0.0,0.45794863,1.0045369
435,73.45106,0.0,89.41401,6.2715387,0.0008109398,0.0,0.46969566,1.0045321
436,72.87861,0.0,122.53096,6.2715416,0.0005277965,0.0,0.44655642,1.0045276
437,71.12695,0.0,105.19424,6.271534,0.0006816175,0.0,0.437859,1.0045283
438,78.03317,0.0,73.54701,6.271526,0.0005212344,0.0,0.42931542,1.0045284
439,68.55229,0.0,92.596565,6.2715163,0.0007148492,0.0,0.37750193,1.0045285
440,62.16465,0.0,93.320946,6.2715087,0.0009884052,0.0,0.4280972,1.0045284
441,80.946434,0.0,86.582405,6.2715034,0.0005579351,0.0,0.42110166,1.004528
442,89.14257,0.0,103.894936,6.2715015,0.0006010639,0.0,0.45194978,1.0045276
443,63.911335,0.0,85.14559,6.2714977,0.00088298577,0.0,0.4402117,1.0045257
444,84.15385,0.0,82.04885,6.2715054,0.0007623703,0.0,0.4296819,1.0045235
445,76.40866,0.0,85.854996,6.2715144,0.0009866753,0.0,0.44457948,1.0045222
446,52.8576,0.0,91.433655,6.271527,0.00064268056,0.0,0.47792932,1.0045207
447,76.96039,0.0,74.73017,6.2715406,0.0006092096,0.0,0.41258702,1.0045209
448,82.78086,0.0,98.02184,6.2715554,0.00066275045,0.0,0.39865285,1.0045211
449,80.91188,0.0,73.16158,6.2715693,0.00065483333,0.0,0.42401442,1.0045208
450,102.71005,0.0,98.777214,6.271583,0.00054739416,0.0,0.44622654,1.0045204
451,82.64477,0.0,78.71402,6.271595,0.0005958782,0.0,0.45118546,1.0045197
452,67.37161,0.0,70.82785,6.271609,0.00070798444,0.0,0.40970573,1.0045199
453,110.43994,0.0,95.33259,6.2716174,0.0005912188,0.0,0.4598074,1.0045067
454,64.7559,0.0,110.31942,6.271619,0.0006298519,0.0,0.45548698,1.0044949
455,83.09357,0.0,66.18245,6.2716227,0.0007643692,0.0,0.45482403,1.0044838
456,64.893166,0.0,76.99792,6.2716265,0.00048732918,0.0,0.43792772,1.0044739
457,66.17962,0.0,69.62051,6.27163,0.0006012055,0.0,0.41603002,1.0044545
458,70.24686,0.0,80.085266,6.2716355,0.00052744726,0.0,0.43215966,1.0044365
459,75.77781,0.0,90.98496,6.271642,0.00047349767,0.0,0.41658592,1.0044206
460,72.90421,0.0,90.745636,6.2716517,0.0005961645,0.0,0.45103738,1.0044059
461,67.91491,0.0,88.1763,6.2716627,0.000558204,0.0,0.44348788,1.0043926
462,76.7733,0.0,85.350174,6.2716713,0.0006004976,0.0,0.42609152,1.0043803
463,92.440575,0.0,114.28702,6.271675,0.0006704868,0.0,0.43719888,1.0043693
464,61.088078,0.0,75.88984,6.271685,0.00065312785,0.0,0.38275155,1.0043589
465,87.90467,0.0,99.103905,6.2716904,0.0007770217,0.0,0.43619367,1.0043495
466,66.8917,0.0,110.32544,6.271698,0.0007090505,0.0,0.41893333,1.0043409
467,114.04603,0.0,102.22578,6.2717037,0.0010339068,0.0,0.43576717,1.0043329
468,74.94712,0.0,92.993996,6.2717166,0.0006919354,0.0,0.4230113,1.0043254
469,58.432545,0.0,77.444145,6.2717304,0.00047976075,0.0,0.46274853,1.0043185
470,77.748436,0.0,109.366295,6.2717457,0.00066641055,0.0,0.44238898,1.0043119
471,89.39692,0.0,96.12988,6.2717624,0.0010314975,0.0,0.45580623,1.0043058
472,88.34403,0.0,96.37658,6.271782,0.0005964394,0.0,0.43417487,1.0043
473,56.19321,0.0,98.86117,6.271798,0.0007438989,0.0,0.4485682,1.0042945
474,51.413143,0.0,85.99041,6.271811,0.0007931133,0.0,0.44580907,1.0042895
475,72.5457,0.0,85.33781,6.271825,0.0005723734,0.0,0.45100483,1.0042846
476,73.093376,0.0,104.92541,6.271837,0.000667704,0.0,0.4120811,1.0042799
477,59.049816,0.0,73.20924,6.27185,0.0006898024,0.0,0.4133378,1.0042711
478,94.90736,0.0,79.41833,6.2718573,0.0005902855,0.0,0.4561805,1.0042632
479,79.45587,0.0,128.64748,6.2718663,0.0006503402,0.0,0.44406867,1.0042557
480,72.91594,0.0,104.91558,6.2718754,0.0007025769,0.0,0.45069623,1.0042485
481,96.35907,0.0,95.93552,6.271886,0.00088461064,0.0,0.40811688,1.0042421
482,90.687256,0.0,86.303345,6.2718983,0.00058775995,0.0,0.44793987,1.0042354
483,71.49371,0.0,66.636345,6.271909,0.00056241325,0.0,0.40974674,1.0042294
484,80.31864,0.0,94.305176,6.271916,0.00065932097,0.0,0.42432386,1.0042269
485,111.01096,0.0,73.60218,6.2719207,0.00068753026,0.0,0.4149961,1.004236
486,70.251854,0.0,72.41024,6.2719254,0.00060027896,0.0,0.45226884,1.004244
487,95.339066,0.0,97.894966,6.2719326,0.0005862416,0.0,0.49272725,1.004251
488,85.395874,0.0,89.65148,6.271942,0.00049129466,0.0,0.44216213,1.0042572
489,84.487076,0.0,101.6924,6.271948,0.00064810517,0.0,0.4489872,1.0042624
490,90.56818,0.0,77.82993,6.2719536,0.00056298525,0.0,0.41851267,1.004267
491,93.93039,0.0,93.589455,6.271963,0.00059746247,0.0,0.4177067,1.0042704
492,94.90229,0.0,94.85675,6.2719727,0.00055185275,0.0,0.45559534,1.0042737
493,61.64414,0.0,88.53588,6.2719812,0.0006241163,0.0,0.44248164,1.004276
494,74.415726,0.0,78.37467,6.271987,0.00069420005,0.0,0.42913437,1.004278
495,64.911964,0.0,92.52814,6.271991,0.0009004404,0.0,0.40146804,1.0042846
496,70.55462,0.0,89.325035,6.2719955,0.00070589106,0.0,0.4342792,1.0042906
497,73.66584,0.0,101.191475,6.272,0.00047900504,0.0,0.41114485,1.0042955
498,69.05848,0.0,105.33298,6.272007,0.00067297363,0.0,0.4446234,1.004301
499,70.11826,0.0,99.33187,6.2720084,0.00058215926,0.0,0.46332544,1.0043055
500,69.505226,0.0,80.604576,6.2720127,0.00053946464,0.0,0.4290858,1.0043094
501,76.706406,0.0,95.74301,6.2720184,0.00063700584,0.0,0.47476897,1.0043101
502,70.810394,0.0,100.663826,6.272025,0.0007408044,0.0,0.44139767,1.0043107
503,71.960846,0.0,99.05304,6.2720346,0.0011318349,0.0,0.45565972,1.0043088
504,75.041435,0.0,108.95455,6.2720456,0.00060378684,0.0,0.46560055,1.0043064
505,76.8327,0.0,74.78784,6.272053,0.00080703024,0.0,0.5000984,1.0043043
506,76.87324,0.0,78.93914,6.2720613,0.00075855653,0.0,0.41821337,1.0043023
507,93.48545,0.0,81.957,6.272067,0.00065788836,0.0,0.44073224,1.0043
508,62.654636,0.0,85.474304,6.272074,0.00047599355,0.0,0.42047143,1.0042979
509,87.8426,0.0,109.563675,6.27208,0.0005286489,0.0,0.43432355,1.0042951
510,74.147545,0.0,96.23428,6.27208,0.00070755417,0.0,0.4630388,1.0042927
511,65.1442,0.0,77.115295,6.2720737,0.0005502106,0.0,0.4368502,1.0042901
512,83.78621,0.0,81.18694,6.272066,0.0006776477,0.0,0.4462338,1.0042875
513,76.84361,0.0,85.47203,6.2720633,0.00052356994,0.0,0.40774578,1.0042864
514,82.48179,0.0,89.30371,6.272061,0.0007872095,0.0,0.46535373,1.0042847
515,59.502964,0.0,76.79748,6.2720604,0.0006878329,0.0,0.4843355,1.0042832
516,97.93758,0.0,98.417786,6.2720623,0.00080047006,0.0,0.43225655,1.0042815
517,75.16256,0.0,108.74802,6.272066,0.00065181515,0.0,0.41412187,1.0042819
518,73.086136,0.0,70.196236,6.2720733,0.00068650645,0.0,0.44776273,1.0042821
519,93.99199,0.0,89.78886,6.2720823,0.00042781173,0.0,0.43119264,1.0042824
520,69.989204,0.0,87.24183,6.2720876,0.0007556558,0.0,0.43082023,1.0042825
521,66.82499,0.0,70.82268,6.2720976,0.00062996533,0.0,0.42579383,1.0042821
522,72.86686,0.0,80.67902,6.272105,0.00048162747,0.0,0.42889118,1.0042818
523,67.55032,0.0,92.805435,6.272121,0.0005290718,0.0,0.4205154,1.004281
524,87.736374,0.0,92.14958,6.272141,0.00075287884,0.0,0.41930306,1.0042801
525,79.07329,0.0,96.16875,6.2721634,0.0009293406,0.0,0.4265555,1.0042855
526,65.302505,0.0,69.07722,6.272184,0.00053395133,0.0,0.44350958,1.0042955
527,85.18614,0.0,94.4494,6.2721996,0.0006270002,0.0,0.41087684,1.0043048
528,110.8612,0.0,87.38353,6.2722087,0.00078191713,0.0,0.44546232,1.0043125
529,83.836365,0.0,105.70297,6.272217,0.00049053924,0.0,0.4332734,1.0043194
530,61.57561,0.0,82.92539,6.272222,0.00074963167,0.0,0.43156952,1.0043252
531,57.01201,0.0,89.04476,6.272227,0.0008426424,0.0,0.4407003,1.0043303
532,73.8838,0.0,82.11683,6.272228,0.00045226392,0.0,0.42118007,1.0043347
533,79.9312,0.0,93.413345,6.2722263,0.0006417382,0.0,0.402097,1.0043389
534,80.64713,0.0,84.010544,6.2722206,0.00072918966,0.0,0.41804475,1.0043423
535,82.98545,0.0,95.44911,6.2722135,0.00041433817,0.0,0.41474152,1.0043454
536,77.66951,0.0,66.869675,6.272214,0.0004485505,0.0,0.40760702,1.0043479
537,71.25264,0.0,79.2932,6.272213,0.00060376583,0.0,0.42097744,1.0043501
538,89.77771,0.0,86.466866,6.272208,0.00051886047,0.0,0.43613595,1.0043517
539,119.58147,0.0,71.12069,6.2722025,0.0005871508,0.0,0.438551,1.0043532
540,65.341484,0.0,86.61002,6.2722,0.00088816433,0.0,0.42501932,1.0043541
541,72.087715,0.0,92.78216,6.2722,0.00051256816,0.0,0.45185274,1.0043547
542,73.004326,0.0,90.165474,6.2722025,0.0009919812,0.0,0.45166907,1.0043551
543,68.46621,0.0,95.24419,6.2722077,0.00087048317,0.0,0.4351562,1.0043527
544,63.06062,0.0,69.05804,6.272214,0.0009016005,0.0,0.43332624,1.0043503
545,76.66658,0.0,87.60889,6.272217,0.00067969854,0.0,0.4416737,1.0043484
546,67.635994,0.0,65.90488,6.272226,0.0009848953,0.0,0.46597856,1.0043455
547,95.95446,0.0,80.272385,6.272234,0.00095912814,0.0,0.4444078,1.0043428
548,57.624535,0.0,79.531334,6.272244,0.00061466964,0.0,0.43507227,1.0043402
549,73.24256,0.0,85.62446,6.272257,0.0007037526,0.0,0.42697978,1.0043373
550,72.035255,0.0,92.660835,6.272265,0.0005033794,0.0,0.41823316,1.0043346
551,70.99477,0.0,77.51968,6.2722735,0.00072795805,0.0,0.42356145,1.0043317
552,61.535057,0.0,84.738884,6.2722845,0.00063259236,0.0,0.43584844,1.004329
553,67.25949,0.0,68.40562,6.2722955,0.0004889302,0.0,0.4149217,1.0043262
554,83.335304,0.0,84.1903,6.2723007,0.00094181485,0.0,0.425344,1.0043234
555,82.17386,0.0,74.88809,6.2723064,0.0008983142,0.0,0.4237063,1.0043207
556,72.59144,0.0,99.46157,6.272309,0.00044173858,0.0,0.45852384,1.0043181
557,64.737335,0.0,89.24512,6.2723064,0.0007872868,0.0,0.43244642,1.0043133
558,56.649323,0.0,92.59984,6.2723055,0.00096025213,0.0,0.459545,1.0043088
559,75.8166,0.0,90.01644,6.2723055,0.0006410232,0.0,0.42804536,1.0043043
560,92.21379,0.0,87.994286,6.272301,0.00042368466,0.0,0.41469574,1.0043001
561,81.77261,0.0,80.54238,6.2723017,0.00059684645,0.0,0.40819153,1.0042963
562,82.84966,0.0,78.29908,6.2723045,0.0008019237,0.0,0.42326126,1.0042921
563,69.17557,0.0,99.42169,6.2723083,0.0014110396,0.0,0.41038418,1.0042883
564,68.59003,0.0,85.5765,6.272311,0.0007613455,0.0,0.4598969,1.0042844
565,73.20818,0.0,86.777115,6.272317,0.00081173924,0.0,0.40419084,1.0042894
566,84.17808,0.0,87.87469,6.2723274,0.00083476136,0.0,0.47881484,1.0042933
567,73.5417,0.0,81.40068,6.27234,0.00070589,0.0,0.4285884,1.0042967
568,79.611916,0.0,79.72663,6.2723556,0.00078388606,0.0,0.4232657,1.0042994
569,69.41923,0.0,78.25239,6.272372,0.00059832894,0.0,0.43676138,1.0043019
570,64.82741,0.0,90.03059,6.2723894,0.00056884484,0.0,0.44966936,1.0043037
571,72.933174,0.0,102.38639,6.2724056,0.0007844432,0.0,0.47488818,1.0043052
572,86.132164,0.0,91.41722,6.272416,0.00091984886,0.0,0.41916144,1.0043063
573,103.14716,0.0,84.55542,6.272428,0.000714791,0.0,0.4438977,1.0043076
574,76.16352,0.0,68.44785,6.272441,0.00080184627,0.0,0.4299156,1.0043083
575,62.96055,0.0,91.82033,6.272454,0.0005476112,0.0,0.42060697,1.0043088
576,69.21701,0.0,88.9501,6.272462,0.00051500404,0.0,0.40575933,1.0043095
577,69.63128,0.0,86.21486,6.272468,0.0006552061,0.0,0.41859755,1.0043099
578,67.85716,0.0,73.15176,6.2724757,0.0006763019,0.0,0.43075782,1.0043099
579,96.49723,0.0,82.44411,6.272488,0.00039086476,0.0,0.4306609,1.0043098
580,67.23054,0.0,95.02319,6.272498,0.0008139258,0.0,0.39371467,1.0043094
581,78.38966,0.0,86.898575,6.272509,0.0008328768,0.0,0.46688527,1.0043089
582,102.41583,0.0,80.55293,6.272522,0.0007347441,0.0,0.4202655,1.0043081
583,106.482605,0.0,82.71686,6.272539,0.00094285,0.0,0.41683483,1.0043072
584,68.09462,0.0,73.77417,6.272554,0.00078862114,0.0,0.39682314,1.0043075
585,76.90193,0.0,87.79341,6.272567,0.0006939195,0.0,0.43747574,1.0043081
586,73.25234,0.0,96.35259,6.2725716,0.00080911274,0.0,0.42635125,1.0043085
587,93.18079,0.0,93.96734,6.27258,0.0007741491,0.0,0.41367912,1.0043082
588,65.49901,0.0,65.979225,6.2725887,0.00064329716,0.0,0.45031628,1.0043076
589,77.088326,0.0,94.754776,6.2725973,0.0008655006,0.0,0.42714953,1.0043067
590,86.54432,0.0,79.58723,6.272602,0.0005883921,0.0,0.4382946,1.0043058
591,73.97013,0.0,84.034004,6.272605,0.0006007798,0.0,0.41584826,1.0043049
592,74.5002,0.0,103.39203,6.272605,0.0006764663,0.0,0.39244694,1.0043035
593,60.62631,0.0,77.48556,6.272608,0.00068281655,0.0,0.46016407,1.0043021
594,75.935196,0.0,77.95969,6.2726107,0.00072273426,0.0,0.4395071,1.0043007
595,63.874496,0.0,72.96049,6.2726107,0.0007906263,0.0,0.4481055,1.0042992
596,68.814384,0.0,92.261055,6.272619,0.00060010597,0.0,0.4543388,1.0042973
597,79.44331,0.0,80.019196,6.272625,0.0007912462,0.0,0.4528603,1.0042955
598,75.991264,0.0,83.91534,6.2726297,0.00068649463,0.0,0.43438554,1.0042936
599,75.677246,0.0,78.15472,6.272638,0.0008447447,0.0,0.41176438,1.0042917
600,110.634094,0.0,72.3216,6.2726493,0.0007863216,0.0,0.440145,1.0042913
601,68.695656,0.0,84.20884,6.2726617,0.0006624972,0.0,0.42865217,1.0042906
602,68.8671,0.0,104.549515,6.2726703,0.0006976416,0.0,0.42810676,1.0042897
603,72.70091,0.0,89.464455,6.272677,0.00071780913,0.0,0.4272471,1.0042887
604,79.814125,0.0,83.490616,6.2726827,0.0007900753,0.0,0.42693397,1.0042876
605,74.51662,0.0,76.46763,6.272684,0.000706711,0.0,0.4312,1.0042863
606,88.24331,0.0,80.57215,6.272688,0.0006535782,0.0,0.4442078,1.0042828
607,67.37098,0.0,93.54136,6.2726927,0.00059708126,0.0,0.43313432,1.0042794
608,61.15319,0.0,85.040825,6.2727,0.00047560298,0.0,0.42191982,1.0042695
609,67.755684,0.0,75.271194,6.272706,0.0006233247,0.0,0.42531294,1.0042603
610,74.40615,0.0,77.936295,6.272712,0.0007955227,0.0,0.45350444,1.0042518
611,70.74947,0.0,87.66128,6.2727227,0.0005677507,0.0,0.44621438,1.0042439
612,71.0355,0.0,87.65407,6.2727346,0.0006096672,0.0,0.44928122,1.0042357
613,71.14974,0.0,120.385574,6.2727532,0.0005298597,0.0,0.44157284,1.0042281
614,67.29095,0.0,72.17565,6.2727656,0.0005525319,0.0,0.40808648,1.0042212
615,70.242546,0.0,99.04521,6.2727747,0.0005767315,0.0,0.42556226,1.0042145
616,75.11397,0.0,76.420555,6.2727814,0.00057776156,0.0,0.45016843,1.0042082
617,81.39783,0.0,115.27682,6.2727885,0.0006387843,0.0,0.44150314,1.004202
618,75.65657,0.0,85.54043,6.272794,0.0005924782,0.0,0.4124521,1.0042005
619,69.491425,0.0,80.10204,6.2727966,0.0005472898,0.0,0.43524393,1.0042084
620,71.44686,0.0,85.5164,6.2728,0.00041416846,0.0,0.38373408,1.0042152
621,79.46378,0.0,88.82153,6.2728114,0.0008771684,0.0,0.40768585,1.0042214
622,75.547554,0.0,78.599396,6.2728224,0.000567469,0.0,0.43582243,1.0042266
623,90.34658,0.0,69.27683,6.2728353,0.00051785813,0.0,0.43364954,1.0042312
624,70.55891,0.0,76.51578,6.2728453,0.0006388221,0.0,0.42311832,1.004235
625,66.01408,0.0,84.40939,6.2728543,0.0005483759,0.0,0.44026756,1.0042379
626,67.1189,0.0,80.439384,6.272861,0.00076510315,0.0,0.4442346,1.0042424
627,79.50606,0.0,83.83405,6.272862,0.0007655553,0.0,0.41957885,1.0042459
628,60.794147,0.0,82.45687,6.2728667,0.0007516992,0.0,0.43962508,1.0042489
629,64.0236,0.0,78.33662,6.272872,0.00055732153,0.0,0.41564524,1.004252
630,65.37272,0.0,98.803925,6.272876,0.00066157326,0.0,0.43801546,1.0042528
631,71.77527,0.0,89.6768,6.272876,0.00072599284,0.0,0.3956216,1.0042534
632,72.8961,0.0,94.24431,6.272877,0.00065807323,0.0,0.43410096,1.0042535
633,52.159004,0.0,88.693504,6.272878,0.00057463,0.0,0.403908,1.0042535
634,57.31424,0.0,73.78226,6.2728806,0.0006592161,0.0,0.46288666,1.0042531
635,72.29791,0.0,101.38343,6.272888,0.0007246285,0.0,0.4303791,1.0042526
636,63.069313,0.0,94.36415,6.272895,0.00054486154,0.0,0.4292669,1.0042518
637,74.68585,0.0,80.15105,6.272911,0.0007100682,0.0,0.4280499,1.004251
638,79.65249,0.0,84.49847,6.272924,0.00046349465,0.0,0.4461667,1.0042497
639,86.481995,0.0,101.239456,6.272939,0.00070992066,0.0,0.46804366,1.0042497
640,88.39308,0.0,86.81312,6.2729583,0.0005137789,0.0,0.40865558,1.0042524
641,71.50274,0.0,68.83259,6.27298,0.00073302444,0.0,0.42899668,1.0042548
642,78.51032,0.0,85.34404,6.2729974,0.00059070333,0.0,0.43730077,1.0042566
643,75.82965,0.0,89.24792,6.2730203,0.00058858807,0.0,0.46610662,1.0042583
644,69.026436,0.0,82.01766,6.2730346,0.00042608636,0.0,0.42489356,1.0042595
645,68.97895,0.0,103.91389,6.273049,0.00051506225,0.0,0.39682135,1.0042597
646,68.13169,0.0,84.02394,6.2730627,0.00057685346,0.0,0.42075738,1.0042597
647,60.70228,0.0,69.77871,6.2730784,0.00063135114,0.0,0.4080248,1.0042592
648,63.25219,0.0,113.63641,6.2730865,0.00060582964,0.0,0.45469126,1.0042586
649,79.40224,0.0,89.409096,6.273095,0.0006223982,0.0,0.45965096,1.004258
650,74.91379,0.0,97.40032,6.273107,0.0005100807,0.0,0.42309064,1.0042573
651,72.91563,0.0,80.88656,6.273114,0.00048613222,0.0,0.45856878,1.0042564
652,87.28584,0.0,97.80763,6.273116,0.00064139394,0.0,0.45763597,1.0042552
653,76.502495,0.0,85.092766,6.273123,0.00047880993,0.0,0.42191887,1.0042539
654,56.36855,0.0,95.40701,6.2731314,0.0005835935,0.0,0.38789988,1.004251
655,72.95344,0.0,79.802216,6.273138,0.00055787223,0.0,0.41065058,1.0042486
656,76.85932,0.0,86.79746,6.2731457,0.00056142727,0.0,0.41358238,1.0042459
657,93.001045,0.0,73.51633,6.2731586,0.00075028714,0.0,0.43598884,1.0042434
658,69.32801,0.0,69.43847,6.2731714,0.00063979026,0.0,0.42827308,1.0042409
659,70.7911,0.0,89.00168,6.273183,0.0008089167,0.0,0.44603926,1.0042382
660,82.88674,0.0,97.58878,6.273194,0.0007814667,0.0,0.41590366,1.0042357
661,64.39769,0.0,97.29972,6.2732005,0.0012903734,0.0,0.42909032,1.0042347
662,59.606716,0.0,87.766975,6.2732053,0.00056282675,0.0,0.4196573,1.0042319
663,82.902725,0.0,84.549355,6.273204,0.0007256516,0.0,0.42799157,1.0042293
664,65.336624,0.0,101.54936,6.2732058,0.0006862384,0.0,0.4498628,1.0042268
665,89.90022,0.0,80.1277,6.273209,0.0008152004,0.0,0.45828256,1.0042241
666,73.50722,0.0,73.98488,6.2732115,0.00055351097,0.0,0.44110152,1.0042213
667,67.18075,0.0,102.23235,6.2732143,0.0005469059,0.0,0.44523913,1.0042187
668,86.332664,0.0,77.74398,6.2732167,0.0008916994,0.0,0.43339753,1.0042161
669,65.198296,0.0,84.553154,6.2732205,0.000702388,0.0,0.41810092,1.0042136
670,92.18158,0.0,94.734375,6.273224,0.0009652853,0.0,0.41038054,1.004211
671,69.27608,0.0,79.51191,6.273231,0.0007572057,0.0,0.42881727,1.0042084
672,69.434456,0.0,117.3541,6.2732453,0.0006275836,0.0,0.42447814,1.0042056
673,56.995758,0.0,77.94889,6.2732625,0.0007129131,0.0,0.4067797,1.004203
674,79.4052,0.0,96.30186,6.2732763,0.00082157564,0.0,0.37680125,1.0042005
675,66.05877,0.0,82.74779,6.2732916,0.00075907283,0.0,0.46325073,1.004198
676,94.96634,0.0,90.65559,6.273307,0.00072702044,0.0,0.41286668,1.0041956
677,72.286766,0.0,68.68266,6.2733173,0.0007428684,0.0,0.42631564,1.0041932
678,80.87065,0.0,89.55653,6.273325,0.0005855625,0.0,0.43445992,1.0041907
679,77.90729,0.0,68.56754,6.2733364,0.000552711,0.0,0.44713753,1.0041883
680,75.05692,0.0,96.018684,6.273346,0.00058126065,0.0,0.45349592,1.0041857
681,78.68598,0.0,87.256386,6.2733617,0.00085492304,0.0,0.46211046,1.0041832
682,58.121243,0.0,94.30913,6.2733707,0.00056411314,0.0,0.43349862,1.0041808
683,77.71737,0.0,99.2881,6.2733765,0.0004799072,0.0,0.41327095,1.0041804
684,52.06937,0.0,85.51639,6.273381,0.00060489756,0.0,0.43461415,1.00418
685,62.762028,0.0,84.68317,6.27338,0.0005413859,0.0,0.4363862,1.0041792
686,85.542305,0.0,95.65599,6.2733808,0.000496643,0.0,0.44583902,1.0041786
687,84.27495,0.0,72.06901,6.2733817,0.00096256833,0.0,0.41198584,1.0041778
688,70.92825,0.0,90.85338,6.2733827,0.0006663997,0.0,0.39086065,1.0041786
689,64.42957,0.0,98.60732,6.2733793,0.00079125795,0.0,0.41387486,1.004179
690,53.0247,0.0,75.164635,6.273382,0.00064662535,0.0,0.45139727,1.004179
691,94.819305,0.0,79.91421,6.2733927,0.0005220357,0.0,0.42170498,1.0041765
692,79.97834,0.0,98.85566,6.2734084,0.00050961657,0.0,0.4082839,1.0041739
693,80.917465,0.0,91.85258,6.27342,0.0006707924,0.0,0.43885526,1.0041714
694,77.730354,0.0,83.761406,6.2734356,0.00073443097,0.0,0.4270339,1.0041687
695,78.660324,0.0,80.37466,6.2734485,0.00088725996,0.0,0.4174313,1.0041661
696,71.73449,0.0,88.74252,6.2734637,0.00054189994,0.0,0.42220527,1.0041636
697,75.19243,0.0,82.37876,6.2734838,0.00065530435,0.0,0.4274776,1.0041611
698,94.093376,0.0,98.25626,6.2734957,0.0006150367,0.0,0.426846,1.0041585
699,80.83519,0.0,64.36344,6.273507,0.0009431971,0.0,0.44839463,1.0041559
700,81.90472,0.0,89.6275,6.273519,0.00057314517,0.0,0.43311822,1.0041533
701,61.08177,0.0,106.123886,6.273529,0.00068093603,0.0,0.43166566,1.0041515
702,70.146126,0.0,77.53896,6.273537,0.0006003727,0.0,0.45214376,1.0041488
703,89.12268,0.0,78.32531,6.2735467,0.0005807618,0.0,0.41743168,1.0041552
704,85.342476,0.0,97.98675,6.273554,0.00074297783,0.0,0.41669545,1.0041605
705,69.94106,0.0,75.366875,6.2735634,0.0007420957,0.0,0.3841082,1.0041747
706,74.983086,0.0,75.78474,6.273571,0.0004869484,0.0,0.43734074,1.0041875
707,71.190285,0.0,88.97023,6.27358,0.00097411836,0.0,0.3840816,1.0041989
708,96.49757,0.0,84.898,6.273587,0.0004788033,0.0,0.43173426,1.0042038
709,96.80423,0.0,89.16362,6.273593,0.00071921566,0.0,0.4224255,1.0042082
710,64.835754,0.0,88.458145,6.273599,0.0009565646,0.0,0.4141366,1.0042123
711,62.678123,0.0,100.62145,6.2736106,0.0008656003,0.0,0.43205637,1.004216
712,77.474434,0.0,77.78182,6.273625,0.0005190567,0.0,0.4609934,1.0042189
713,63.27867,0.0,80.96085,6.273639,0.00051782397,0.0,0.45694193,1.0042216
714,64.902374,0.0,66.18154,6.2736497,0.00057346903,0.0,0.46033132,1.0042241
715,76.51933,0.0,83.86304,6.2736545,0.0008385496,0.0,0.4452989,1.0042256
716,88.32249,0.0,91.39268,6.2736573,0.00054921594,0.0,0.43190408,1.0042282
717,74.286125,0.0,84.80113,6.273659,0.0005279622,0.0,0.44296402,1.0042301
718,79.38294,0.0,95.4226,6.27366,0.0008199272,0.0,0.42306423,1.0042359
719,81.55493,0.0,84.187126,6.2736626,0.0006181038,0.0,0.4380637,1.0042411
720,82.484116,0.0,75.403015,6.2736607,0.0005576631,0.0,0.44169134,1.0042455
721,94.11484,0.0,73.155,6.273656,0.0007559198,0.0,0.41620654,1.0042496
722,68.67387,0.0,92.806885,6.273651,0.0008812772,0.0,0.45363998,1.0042527
723,76.3714,0.0,118.08809,6.273648,0.0008404997,0.0,0.4234147,1.0042605
724,67.53834,0.0,81.070496,6.273642,0.0005977805,0.0,0.45629057,1.0042672
725,83.96453,0.0,98.37435,6.273642,0.0008550968,0.0,0.43038258,1.0042733
726,65.81401,0.0,92.9234,6.2736425,0.0005021208,0.0,0.43413758,1.0042784
727,70.857834,0.0,83.62707,6.273641,0.0005018107,0.0,0.42453533,1.0042828
728,83.46763,0.0,73.9683,6.2736406,0.0004813085,0.0,0.43669605,1.0042865
729,68.86841,0.0,78.28511,6.273646,0.0005264546,0.0,0.43151438,1.0042887
730,68.66403,0.0,90.50277,6.273652,0.00049787515,0.0,0.46915466,1.00429
731,60.90523,0.0,96.54784,6.2736616,0.000732073,0.0,0.4069178,1.0042913
732,85.60485,0.0,76.22274,6.2736707,0.00068377,0.0,0.45591635,1.0042921
733,67.18905,0.0,94.82445,6.273681,0.0007485873,0.0,0.40266538,1.004291
734,86.80864,0.0,95.44984,6.273693,0.00067472074,0.0,0.45805216,1.0042901
735,94.84993,0.0,78.64292,6.273704,0.000525027,0.0,0.42060578,1.0042889
736,62.17647,0.0,72.75291,6.2737126,0.00060788705,0.0,0.43902367,1.0042877
737,113.42033,0.0,90.776115,6.273723,0.00077746843,0.0,0.42170018,1.0042863
738,87.60527,0.0,107.83908,6.273735,0.00063983555,0.0,0.4362615,1.004295
739,89.15523,0.0,88.6032,6.27375,0.0005504979,0.0,0.40672302,1.0043025
740,80.51327,0.0,82.71401,6.273763,0.00076318125,0.0,0.45576465,1.0043093
741,70.84481,0.0,84.35433,6.2737765,0.00061501947,0.0,0.4271521,1.0043205
742,82.55407,0.0,72.125046,6.273787,0.0004573237,0.0,0.4536087,1.0043303
743,76.15518,0.0,100.87723,6.2737994,0.0004891329,0.0,0.44325098,1.0043387
744,65.34006,0.0,73.17255,6.2738056,0.0008312866,0.0,0.40223965,1.0043464
745,72.567055,0.0,96.67298,6.273812,0.00064905605,0.0,0.42735165,1.0043572
746,88.25942,0.0,99.27157,6.273818,0.0006325589,0.0,0.44572997,1.0043669
747,82.098015,0.0,85.19697,6.273824,0.0006003389,0.0,0.4239611,1.0043753
748,65.91384,0.0,80.59191,6.2738285,0.00076046,0.0,0.41794857,1.0043836
749,81.525246,0.0,91.72811,6.2738285,0.000672989,0.0,0.41177568,1.0043907
750,91.37571,0.0,88.61963,6.2738338,0.000801678,0.0,0.42332023,1.0043969
751,84.602264,0.0,106.174446,6.27384,0.000536017,0.0,0.39835453,1.0044025
752,95.4013,0.0,79.38205,6.273844,0.00048820837,0.0,0.45262584,1.0044075
753,64.60791,0.0,88.80835,6.273851,0.0006144589,0.0,0.45507932,1.0044117
754,80.21563,0.0,77.2597,6.273855,0.00044650908,0.0,0.43556604,1.0044154
755,68.872475,0.0,71.408516,6.2738576,0.00074012624,0.0,0.45518923,1.0044185
756,68.20405,0.0,95.42632,6.2738566,0.00092658075,0.0,0.44221076,1.0044211
757,77.73404,0.0,90.62026,6.273856,0.00084550463,0.0,0.43690428,1.004423
758,82.84043,0.0,91.92464,6.273857,0.00066425203,0.0,0.44015345,1.0044247
759,77.85893,0.0,88.28185,6.2738557,0.0007039569,0.0,0.4437066,1.004428
760,81.15856,0.0,76.64002,6.273855,0.0006206299,0.0,0.41334653,1.0044311
761,85.65985,0.0,80.03508,6.2738547,0.0008221094,0.0,0.41625404,1.0044334
762,72.26179,0.0,78.892525,6.2738547,0.00070011563,0.0,0.43808985,1.0044355
763,80.31848,0.0,98.79824,6.2738576,0.00063292566,0.0,0.4068166,1.0044371
764,85.38405,0.0,73.31494,6.273857,0.0004527624,0.0,0.3968167,1.0044402
765,59.63212,0.0,83.38034,6.2738576,0.0006184033,0.0,0.40000474,1.0044426
766,71.52161,0.0,98.56357,6.273858,0.0006307504,0.0,0.4389139,1.0044439
767,80.383,0.0,81.61864,6.2738585,0.0005219368,0.0,0.4229096,1.0044451
768,74.13464,0.0,71.63768,6.273861,0.0004581986,0.0,0.4154961,1.0044456
769,68.43101,0.0,94.64007,6.2738667,0.00068111846,0.0,0.45412514,1.004446
770,49.14493,0.0,83.72549,6.273873,0.0005947797,0.0,0.4401451,1.0044459
771,78.32941,0.0,83.80982,6.273883,0.00055852154,0.0,0.421285,1.0044597
772,83.38587,0.0,95.6265,6.273887,0.0005460611,0.0,0.40576768,1.0044723
773,65.03688,0.0,93.73459,6.2738924,0.0006832293,0.0,0.4430507,1.0044823
774,74.60432,0.0,102.41302,6.2738976,0.0005250465,0.0,0.44695586,1.0044913
775,77.350914,0.0,93.20134,6.2739043,0.00052576757,0.0,0.44810438,1.0044992
776,83.59622,0.0,66.92498,6.2739167,0.00066848146,0.0,0.43150577,1.0045062
777,71.150055,0.0,95.196335,6.273926,0.0006859542,0.0,0.44497514,1.0045121
778,78.8937,0.0,98.851906,6.2739387,0.00060421776,0.0,0.41748613,1.0045173
779,75.64424,0.0,88.15243,6.2739477,0.00064622314,0.0,0.45508203,1.0045218
780,69.17771,0.0,107.305595,6.2739563,0.0006115312,0.0,0.40730155,1.0045255
781,67.39596,0.0,82.3644,6.2739606,0.00051064097,0.0,0.47234914,1.0045289
782,95.840126,0.0,107.55886,6.273962,0.0005272136,0.0,0.44330248,1.0045315
783,63.990852,0.0,90.44559,6.273966,0.0007353287,0.0,0.40879607,1.0045334
784,62.7148,0.0,94.83332,6.2739697,0.00068502873,0.0,0.416357,1.0045352
785,86.42633,0.0,78.35282,6.2739778,0.0007145353,0.0,0.46803927,1.0045365
786,72.39375,0.0,84.790215,6.2739882,0.00054314744,0.0,0.4297533,1.0045347
787,72.3044,0.0,87.208916,6.2739987,0.0007909231,0.0,0.42889124,1.0045328
788,69.25891,0.0,75.69798,6.2740064,0.00055060186,0.0,0.40647978,1.0045307
789,89.48115,0.0,95.90938,6.274017,0.00065924553,0.0,0.42756987,1.0045288
790,106.88397,0.0,69.72309,6.2740235,0.00061718863,0.0,0.42745316,1.0045267
791,92.72567,0.0,93.83937,6.2740293,0.0005862599,0.0,0.4367566,1.0045251
792,58.270947,0.0,77.08579,6.2740364,0.0008416058,0.0,0.42600775,1.0045234
793,75.28725,0.0,89.49878,6.274045,0.00066494,0.0,0.450858,1.0045215
794,63.111744,0.0,70.29534,6.274056,0.000724772,0.0,0.42531833,1.0045197
795,68.49772,0.0,92.525246,6.2740674,0.0007616957,0.0,0.4394111,1.0045179
796,119.27047,0.0,86.51715,6.274072,0.0004890966,0.0,0.42073607,1.004516
797,79.7185,0.0,88.73925,6.274079,0.0006626329,0.0,0.46387252,1.004513
798,67.92862,0.0,87.08245,6.274086,0.00089734973,0.0,0.45168728,1.0045103
799,73.23176,0.0,113.74513,6.2740903,0.00061055354,0.0,0.42936203,1.0045075
800,85.74799,0.0,91.524536,6.274092,0.00061465375,0.0,0.43148255,1.0045048
801,77.46978,0.0,102.10316,6.274095,0.00089100597,0.0,0.4468281,1.0044994
802,75.85748,0.0,72.54362,6.274096,0.0006384832,0.0,0.43674892,1.0044945
803,80.62642,0.0,88.52666,6.274095,0.00060632866,0.0,0.41030765,1.0044899
804,66.94917,0.0,96.11134,6.27409,0.00097540807,0.0,0.4390912,1.0044858
805,48.87059,0.0,73.16279,6.274087,0.0006566913,0.0,0.430423,1.0044817
806,81.25296,0.0,78.63585,6.274084,0.00062860997,0.0,0.44193313,1.0044792
807,58.837685,0.0,84.958,6.274092,0.0007672203,0.0,0.41776595,1.0044767
808,67.98407,0.0,104.24988,6.2741027,0.00056677836,0.0,0.42254874,1.004474
809,75.36823,0.0,93.49059,6.2741184,0.00037361283,0.0,0.3993506,1.0044718
810,96.564156,0.0,96.60812,6.2741346,0.00064997183,0.0,0.42189094,1.004469
811,86.04063,0.0,103.65783,6.274157,0.00070759177,0.0,0.44951424,1.0044667
812,67.78441,0.0,78.54465,6.2741833,0.00095388613,0.0,0.403365,1.004464
813,64.500015,0.0,86.98413,6.274209,0.00082887325,0.0,0.4274145,1.0044615
814,79.15581,0.0,90.67728,6.274231,0.00094670587,0.0,0.44526276,1.0044591
815,67.08239,0.0,92.9959,6.2742505,0.0005693552,0.0,0.43756685,1.0044565
816,71.837265,0.0,99.44534,6.274275,0.0007349284,0.0,0.4371581,1.0044539
817,80.85277,0.0,86.70894,6.2742906,0.000628139,0.0,0.44943577,1.0044515
818,64.10541,0.0,81.4271,6.2743006,0.00052748894,0.0,0.46225446,1.004449
819,103.25656,0.0,77.55089,6.2743044,0.0006230068,0.0,0.42037663,1.0044465
820,83.39367,0.0,88.596985,6.2743106,0.0008153996,0.0,0.4337407,1.0044439
821,84.7834,0.0,84.24382,6.274317,0.0009135072,0.0,0.41333422,1.0044414
822,61.850327,0.0,102.24634,6.2743216,0.00079021475,0.0,0.44324073,1.0044389
823,60.300896,0.0,97.81929,6.274322,0.0005244743,0.0,0.45764276,1.0044363
824,84.41022,0.0,79.71053,6.2743254,0.0008620626,0.0,0.42411327,1.0044353
825,72.48829,0.0,83.61594,6.2743273,0.0006935919,0.0,0.4390059,1.004434
826,75.744934,0.0,79.47467,6.274329,0.0007906116,0.0,0.45790908,1.0044327
827,63.252556,0.0,80.38709,6.274332,0.0005819872,0.0,0.43940064,1.0044311
828,62.973633,0.0,80.58365,6.274336,0.00070870854,0.0,0.4384441,1.0044295
829,64.63838,0.0,105.81875,6.274343,0.001221386,0.0,0.43998533,1.0044276
830,66.53387,0.0,99.04706,6.2743506,0.00087171094,0.0,0.42241198,1.0044259
831,61.367146,0.0,66.01021,6.2743583,0.00087291084,0.0,0.4257877,1.00442
832,69.83822,0.0,96.36087,6.274368,0.00077575375,0.0,0.44115186,1.0044147
833,77.12438,0.0,87.17337,6.274381,0.0008799046,0.0,0.43729115,1.0044096
834,71.023994,0.0,116.99219,6.2743955,0.00071428687,0.0,0.4506546,1.0044043
835,86.772064,0.0,107.12487,6.2744093,0.0005924426,0.0,0.41456062,1.0043998
836,108.60633,0.0,113.26511,6.274425,0.0005722502,0.0,0.4178564,1.0043952
837,78.37358,0.0,81.03757,6.2744374,0.0006899276,0.0,0.44054565,1.0043914
838,65.41312,0.0,76.488205,6.2744517,0.0005947844,0.0,0.473939,1.0043879
839,84.56029,0.0,96.41326,6.27446,0.00054118386,0.0,0.43380603,1.0043843
840,77.16416,0.0,94.94544,6.274467,0.0009375727,0.0,0.38354418,1.004381
841,66.06855,0.0,82.46598,6.274473,0.00057015114,0.0,0.4316021,1.004378
842,75.84294,0.0,75.63695,6.2744756,0.0006776743,0.0,0.41541883,1.0043961
843,54.683716,0.0,87.43118,6.274476,0.0006886767,0.0,0.41776523,1.0044123
844,63.24674,0.0,98.687035,6.2744794,0.00057742454,0.0,0.45679522,1.0044268
845,57.888863,0.0,71.60485,6.2744823,0.00047119812,0.0,0.46271583,1.0044397
846,70.039665,0.0,77.43101,6.2744927,0.00053518894,0.0,0.44013795,1.004451
847,75.113556,0.0,129.77977,6.2745066,0.0007505745,0.0,0.4271923,1.0044612
848,81.63021,0.0,110.000534,6.274521,0.0007107984,0.0,0.44275618,1.0044701
849,86.7465,0.0,80.078514,6.2745357,0.00059946557,0.0,0.40268883,1.004478
850,74.40593,0.0,94.1291,6.274545,0.00058343424,0.0,0.46138144,1.0044849
851,84.944374,0.0,98.39773,6.2745523,0.00065134454,0.0,0.42296633,1.0044909
852,66.56668,0.0,71.689255,6.274559,0.0008462266,0.0,0.46691585,1.0044961
853,90.06562,0.0,88.709885,6.2745643,0.0007454816,0.0,0.4341942,1.0045002
854,79.26569,0.0,94.75031,6.2745695,0.0005085702,0.0,0.45578897,1.0045035
855,72.4635,0.0,84.10651,6.2745757,0.0005554013,0.0,0.40700555,1.0045037
856,66.595825,0.0,87.03006,6.274578,0.0004920803,0.0,0.46753877,1.0045037
857,96.407455,0.0,80.26742,6.274581,0.00056658115,0.0,0.41436967,1.0045031
858,78.27399,0.0,87.15609,6.274582,0.00047288355,0.0,0.4142323,1.004502
859,88.296455,0.0,91.66873,6.274583,0.0006001005,0.0,0.41140842,1.0045035
860,84.25003,0.0,89.55734,6.2745805,0.0010066655,0.0,0.4447288,1.0045046
861,85.26309,0.0,76.78197,6.274583,0.000595059,0.0,0.46385926,1.0045052
862,75.88813,0.0,84.63966,6.27459,0.0013941727,0.0,0.45659906,1.0045055
863,88.05651,0.0,114.504845,6.2746024,0.0007995261,0.0,0.3994803,1.0045058
864,75.92227,0.0,92.663155,6.2746086,0.0005960294,0.0,0.48358554,1.0045056
865,74.82629,0.0,72.50692,6.274609,0.00058408047,0.0,0.43513665,1.0045056
866,91.74377,0.0,83.08694,6.274613,0.00055027014,0.0,0.44638604,1.0045052
867,74.212074,0.0,77.48044,6.274621,0.00067908457,0.0,0.4546425,1.0045054
868,73.155876,0.0,79.33291,6.274625,0.00054459344,0.0,0.4249038,1.0045053
869,78.28231,0.0,100.25251,6.2746224,0.00047489622,0.0,0.46713084,1.0045035
870,63.28449,0.0,79.625175,6.274622,0.0006844151,0.0,0.42625365,1.0045017
871,73.510956,0.0,92.959145,6.274623,0.0006550929,0.0,0.35759267,1.0045006
872,85.38094,0.0,91.53708,6.274627,0.00047677415,0.0,0.46379814,1.0045053
873,82.526024,0.0,65.666435,6.2746334,0.0006593043,0.0,0.42685637,1.0045065
874,93.127754,0.0,94.1863,6.2746406,0.00057864335,0.0,0.4424511,1.0045077
875,67.465195,0.0,134.04652,6.274649,0.0006436873,0.0,0.4146213,1.0045083
876,71.353905,0.0,79.391396,6.2746534,0.0007612002,0.0,0.43377858,1.004509
877,73.98188,0.0,84.16389,6.274663,0.0007766556,0.0,0.472762,1.0045092
878,74.76425,0.0,118.07648,6.274673,0.00056109525,0.0,0.4465973,1.0045092
879,81.013176,0.0,84.182205,6.2746797,0.00061536947,0.0,0.45108354,1.004509
880,72.5065,0.0,85.56904,6.2746863,0.00050550327,0.0,0.40581244,1.0045085
881,72.8984,0.0,74.31052,6.2746916,0.00080542173,0.0,0.42689654,1.0045143
882,64.79713,0.0,97.72847,6.274696,0.0008267494,0.0,0.4267456,1.0045218
883,81.02121,0.0,78.67071,6.2747035,0.0005585571,0.0,0.46000123,1.0045279
884,63.42994,0.0,90.96151,6.2747083,0.0006837378,0.0,0.41476363,1.0045313
885,86.95242,0.0,101.343956,6.2747154,0.0008776311,0.0,0.42745277,1.0045342
886,90.44868,0.0,73.91751,6.2747197,0.00096626393,0.0,0.4417321,1.0045366
887,75.81356,0.0,87.48583,6.274725,0.0007220958,0.0,0.422373,1.0045387
888,67.412186,0.0,120.107376,6.2747335,0.00073290465,0.0,0.45001626,1.0045425
889,58.767406,0.0,87.44368,6.274745,0.000708436,0.0,0.45571643,1.0045459
890,81.815735,0.0,92.677025,6.274756,0.000617629,0.0,0.40162057,1.0045485
891,73.78178,0.0,84.24047,6.274763,0.00084813393,0.0,0.4186592,1.0045527
892,75.979065,0.0,85.740456,6.2747693,0.00081738294,0.0,0.45252663,1.0045562
893,59.017765,0.0,96.95718,6.2747717,0.0007688712,0.0,0.44775447,1.004559
894,70.86585,0.0,90.380104,6.274771,0.0006568332,0.0,0.41792774,1.0045614
895,75.52412,0.0,93.025246,6.2747703,0.00090206385,0.0,0.45545405,1.0045632
896,62.298958,0.0,96.90127,6.2747674,0.00060889777,0.0,0.45877323,1.0045645
897,73.54523,0.0,99.52219,6.274766,0.000659863,0.0,0.42513382,1.0045658
898,55.941307,0.0,89.27275,6.2747617,0.00044638803,0.0,0.4314627,1.0045664
899,80.9528,0.0,86.79953,6.2747655,0.00062530895,0.0,0.43028292,1.0045667
900,85.98377,0.0,83.39069,6.2747717,0.00081555394,0.0,0.42552254,1.0045668
901,55.348625,0.0,93.91045,6.2747746,0.00066645275,0.0,0.4346053,1.0045664
902,55.655815,0.0,94.59724,6.274781,0.0006496913,0.0,0.4366923,1.004566
903,68.74545,0.0,94.60747,6.2747946,0.0007269417,0.0,0.42934832,1.0045749
904,82.05117,0.0,75.833115,6.2748084,0.0005339799,0.0,0.4165344,1.0045828
905,80.138,0.0,86.8256,6.274825,0.0006481378,0.0,0.4219252,1.0045896
906,89.304756,0.0,82.396805,6.2748456,0.0009627873,0.0,0.4503464,1.0045956
907,61.492287,0.0,76.84235,6.2748685,0.00034267595,0.0,0.45427793,1.0046009
908,63.922047,0.0,82.89554,6.2748866,0.0007506845,0.0,0.42541075,1.0046057
909,63.13998,0.0,83.865524,6.2749095,0.0005818528,0.0,0.4491765,1.0046096
910,69.84674,0.0,105.5362,6.2749276,0.00067483843,0.0,0.4138425,1.0046127
911,61.629913,0.0,94.89022,6.274945,0.00054414425,0.0,0.45621252,1.0046155
912,70.99753,0.0,99.44226,6.2749643,0.0006170788,0.0,0.45376718,1.0046179
913,67.338776,0.0,74.26301,6.274979,0.00078055577,0.0,0.41718826,1.0046208
914,75.26053,0.0,82.23579,6.274992,0.00044794095,0.0,0.44415665,1.0046235
915,87.08885,0.0,96.87507,6.2750063,0.00051327096,0.0,0.4161265,1.004622
916,72.06605,0.0,70.1195,6.2750225,0.000497369,0.0,0.42512807,1.0046206
917,72.17161,0.0,81.91007,6.2750354,0.0007065715,0.0,0.4450876,1.004619
918,90.35643,0.0,81.194725,6.275045,0.00042315602,0.0,0.3992499,1.004617
919,93.98797,0.0,79.586784,6.2750564,0.00062351127,0.0,0.44109184,1.004615
920,77.16059,0.0,85.17377,6.275064,0.00049983425,0.0,0.44750613,1.0046129
921,69.82548,0.0,100.52502,6.275073,0.0006643703,0.0,0.41918892,1.0046108
922,78.84409,0.0,92.87015,6.27508,0.0006330563,0.0,0.4423811,1.0046085
923,71.55658,0.0,77.096985,6.275084,0.00048618027,0.0,0.45055324,1.0046065
924,80.84661,0.0,87.523994,6.2750916,0.00078383647,0.0,0.42161816,1.0046043
925,60.750504,0.0,92.14467,6.275098,0.0010318793,0.0,0.4161001,1.0046022
926,79.67359,0.0,91.34831,6.275105,0.00052791776,0.0,0.4492005,1.0045997
927,85.80735,0.0,83.484985,6.275113,0.00079699466,0.0,0.43550104,1.0045884
928,68.59419,0.0,94.29853,6.2751184,0.0005907675,0.0,0.4698152,1.0045781
929,71.53633,0.0,70.430595,6.2751193,0.0007858874,0.0,0.46172398,1.0045716
930,70.92587,0.0,84.10165,6.275117,0.00044812632,0.0,0.43348372,1.004564
931,58.593025,0.0,71.21354,6.2751107,0.000385439,0.0,0.43505245,1.0045575
932,68.91985,0.0,98.63136,6.275105,0.0006282374,0.0,0.421779,1.0045513
933,64.872055,0.0,87.18003,6.2750993,0.0005220509,0.0,0.45669743,1.0045456
934,85.91776,0.0,81.602745,6.2750936,0.00083672255,0.0,0.41856784,1.0045402
935,87.25769,0.0,82.27023,6.2750907,0.0007610201,0.0,0.40314347,1.0045352
936,78.188576,0.0,88.30143,6.275088,0.00086297066,0.0,0.42197376,1.0045304
937,70.77289,0.0,85.70466,6.275088,0.0005252912,0.0,0.44656962,1.0045253
938,67.54035,0.0,80.60082,6.275089,0.00052799226,0.0,0.46091744,1.0045205
939,58.77297,0.0,98.14603,6.275092,0.0005391132,0.0,0.4602428,1.0045161
940,60.849136,0.0,89.131035,6.2750936,0.0009278966,0.0,0.48244223,1.0045173
941,82.05143,0.0,83.87502,6.2750993,0.00057156535,0.0,0.4429946,1.0045183
942,64.94679,0.0,82.44248,6.2751055,0.00078653777,0.0,0.44086105,1.0045187
943,74.08695,0.0,82.79718,6.2751207,0.00077187916,0.0,0.46633214,1.0045191
944,73.34899,0.0,66.56312,6.275139,0.00064336666,0.0,0.41347313,1.0045183
945,73.68249,0.0,97.94845,6.2751536,0.00043651013,0.0,0.4342755,1.0045304
946,77.65127,0.0,85.05187,6.27517,0.0007481697,0.0,0.43758687,1.004541
947,73.553474,0.0,104.06402,6.2751827,0.0006394556,0.0,0.45219296,1.0045574
948,68.51344,0.0,120.014084,6.275193,0.0006866294,0.0,0.43823168,1.0045705
949,79.19122,0.0,78.45545,6.275213,0.00066917425,0.0,0.42961478,1.0045823
950,74.82472,0.0,87.28226,6.2752323,0.0006101052,0.0,0.41938776,1.0045925
951,72.79808,0.0,92.559044,6.275248,0.00054267107,0.0,0.4630494,1.0046016
952,71.34007,0.0,74.490135,6.2752686,0.00066416943,0.0,0.44181532,1.0046078
953,68.273796,0.0,83.10268,6.275285,0.00046176286,0.0,0.4166429,1.0046129
954,79.810616,0.0,78.758,6.275302,0.0006245677,0.0,0.44117224,1.0046176
955,60.34525,0.0,69.29458,6.275318,0.0006798019,0.0,0.47366723,1.0046213
956,69.558586,0.0,89.49006,6.2753315,0.0009297406,0.0,0.41772318,1.0046251
957,69.26419,0.0,81.08631,6.2753515,0.0008898438,0.0,0.4783638,1.0046281
958,65.42108,0.0,87.16008,6.275372,0.0006895176,0.0,0.42539287,1.0046307
959,75.73893,0.0,79.3661,6.2753897,0.0007608683,0.0,0.40353197,1.0046327
960,80.91987,0.0,95.98996,6.2754045,0.00077423564,0.0,0.42442912,1.004632
961,67.71569,0.0,85.3999,6.275422,0.00060037395,0.0,0.4109044,1.0046319
962,60.7101,0.0,83.58179,6.2754393,0.0008954047,0.0,0.4333405,1.0046315
963,66.84028,0.0,97.23196,6.2754483,0.000780082,0.0,0.41667423,1.0046312
964,74.42439,0.0,95.0264,6.275457,0.0006326371,0.0,0.41841912,1.0046307
965,66.81611,0.0,82.891975,6.275457,0.00063974,0.0,0.4170452,1.0046301
966,70.52841,0.0,75.07272,6.275454,0.00081011327,0.0,0.39542943,1.0046306
967,56.464256,0.0,73.059235,6.275456,0.0004652127,0.0,0.42509103,1.0046308
968,55.23805,0.0,86.08847,6.275455,0.0006525039,0.0,0.39745253,1.004631
969,71.87322,0.0,75.41442,6.275455,0.00082253,0.0,0.42926845,1.0046308
970,95.72758,0.0,72.852974,6.2754593,0.0007213852,0.0,0.43766934,1.0046303
971,54.346962,0.0,76.19194,6.2754703,0.0006630885,0.0,0.45312208,1.004634
972,75.4867,0.0,103.924385,6.2754836,0.00055983267,0.0,0.44617093,1.0046369
973,83.80428,0.0,83.333,6.2754974,0.00068869384,0.0,0.4178537,1.0046395
974,71.47956,0.0,81.26955,6.275515,0.0005436569,0.0,0.4395635,1.0046414
975,65.2474,0.0,90.53844,6.2755322,0.0007270643,0.0,0.42045188,1.0046432
976,74.44713,0.0,103.57412,6.275552,0.00086934876,0.0,0.40120858,1.0046448
977,87.512184,0.0,103.021736,6.2755675,0.0006274583,0.0,0.43219528,1.004645
978,79.238884,0.0,94.13778,6.2755814,0.00044177938,0.0,0.43260807,1.0046452
979,63.685253,0.0,103.08743,6.275599,0.0007341818,0.0,0.41351196,1.0046451
980,76.08086,0.0,104.55114,6.275618,0.0005859503,0.0,0.45774823,1.0046448
981,92.97634,0.0,99.83641,6.275631,0.0009182395,0.0,0.45890117,1.0046443
982,81.97817,0.0,84.340416,6.275644,0.0007529805,0.0,0.44204468,1.0046439
983,77.177925,0.0,82.82524,6.275653,0.00063900603,0.0,0.42816457,1.0046431
984,69.655365,0.0,78.79095,6.275661,0.00090011675,0.0,0.43120092,1.0046449
985,71.301186,0.0,85.44066,6.275672,0.00094198994,0.0,0.43629152,1.0046465
986,68.26733,0.0,90.92798,6.2756805,0.0006438339,0.0,0.40072486,1.0046476
987,88.13224,0.0,86.71493,6.275687,0.0006218306,0.0,0.43376336,1.0046483
988,61.358486,0.0,95.759094,6.2756886,0.0009618047,0.0,0.4193023,1.0046571
989,70.372734,0.0,98.52625,6.2756925,0.00079716917,0.0,0.41758823,1.0046644
990,88.780304,0.0,107.39841,6.275694,0.000749927,0.0,0.47067127,1.0046767
991,76.76893,0.0,69.314064,6.275695,0.0008289853,0.0,0.39251208,1.0046878
992,78.716034,0.0,96.33257,6.2756934,0.0005595896,0.0,0.45994934,1.0046948
993,69.03501,0.0,98.84168,6.2756944,0.00064155005,0.0,0.39854082,1.0047011
994,61.26661,0.0,84.32118,6.2756944,0.0010929159,0.0,0.44229025,1.0047066
995,75.51373,0.0,89.11014,6.2756915,0.000558291,0.0,0.44913602,1.0047115
996,90.7703,0.0,114.34454,6.275693,0.00080980896,0.0,0.43548974,1.0047157
997,73.0577,0.0,87.5136,6.275693,0.00068446074,0.0,0.45225424,1.0047195
998,84.10949,0.0,98.038605,6.2756944,0.0010067718,0.0,0.43616056,1.0047227
999,85.19664,0.0,72.59609,6.2756953,0.0007372444,0.0,0.4457259,1.0047252
1000,77.26036,0.0,72.89229,6.275701,0.00072659366,0.0,0.44629836,1.0047272
1001,70.90052,0.0,79.20402,6.275708,0.0007508751,0.0,0.44072866,1.004729
1002,92.79044,0.0,82.52144,6.275713,0.00070069917,0.0,0.41106802,1.0047302
1003,69.69904,0.0,87.09398,6.275721,0.00061989843,0.0,0.43487495,1.0047309
1004,68.06361,0.0,93.501625,6.2757306,0.0007683371,0.0,0.42151928,1.0047315
1005,78.1527,0.0,76.82617,6.275738,0.0007127812,0.0,0.43548787,1.0047318
1006,60.64418,0.0,79.3712,6.275741,0.00069880567,0.0,0.44568786,1.0047323
1007,67.6243,0.0,99.42046,6.275751,0.00058630155,0.0,0.43765268,1.0047324
1008,64.13429,0.0,70.36431,6.275761,0.00065847195,0.0,0.42621922,1.0047321
1009,79.774414,0.0,84.582794,6.2757707,0.000778719,0.0,0.42524546,1.0047319
1010,77.99879,0.0,67.439156,6.2757792,0.00047109576,0.0,0.48886964,1.0047312
1011,92.87793,0.0,95.302376,6.2757864,0.0005009357,0.0,0.43950772,1.0047313
1012,66.187325,0.0,92.843834,6.2757926,0.0005989598,0.0,0.44106406,1.0047307
1013,89.21675,0.0,101.11414,6.275796,0.00058316207,0.0,0.42654905,1.0047355
1014,105.11323,0.0,92.32035,6.2757955,0.0011216305,0.0,0.4135283,1.0047394
1015,82.56164,0.0,91.61618,6.275797,0.00068118115,0.0,0.45655832,1.0047581
1016,93.05661,0.0,104.468666,6.275797,0.00042576308,0.0,0.45582628,1.0047747
1017,96.66775,0.0,77.792244,6.2757945,0.00072750886,0.0,0.44786796,1.0047896
1018,92.37073,0.0,87.94609,6.2757907,0.0005783542,0.0,0.41278493,1.004803
1019,75.16953,0.0,84.777,6.2757916,0.0004889762,0.0,0.43593365,1.0048149
1020,87.53421,0.0,67.05592,6.275799,0.0006506224,0.0,0.4245009,1.0048252
1021,77.42042,0.0,91.56832,6.275804,0.000489753,0.0,0.4540641,1.0048343
1022,102.84805,0.0,124.78493,6.275809,0.00075094955,0.0,0.42207322,1.0048424
1023,72.73342,0.0,110.30324,6.275818,0.0008598184,0.0,0.4328227,1.0048493
1024,69.24379,0.0,84.95783,6.2758284,0.00067636295,0.0,0.43517599,1.0048553
1025,79.91038,0.0,83.26702,6.2758408,0.00069716794,0.0,0.45430303,1.0048606
1026,60.07981,0.0,75.739555,6.2758565,0.0005369171,0.0,0.4296182,1.004865
1027,72.7695,0.0,74.69129,6.2758756,0.000682068,0.0,0.4637708,1.004869
1028,57.312466,0.0,71.99714,6.2758927,0.00048416085,0.0,0.41960478,1.0048722
1029,73.99678,0.0,87.69107,6.27591,0.000736346,0.0,0.4358284,1.0048747
1030,63.368374,0.0,72.85201,6.27592,0.0005600054,0.0,0.43787965,1.0048769
1031,68.48166,0.0,77.12302,6.2759347,0.0007627816,0.0,0.42995963,1.0048784
1032,88.91566,0.0,116.56595,6.2759495,0.00048067857,0.0,0.44758207,1.0048796
1033,63.290398,0.0,80.23239,6.2759657,0.0009079273,0.0,0.4666694,1.0048807
1034,79.03866,0.0,91.60659,6.2759776,0.00058667775,0.0,0.43082353,1.004881
1035,105.54101,0.0,83.67452,6.275986,0.0006067951,0.0,0.44795722,1.0048813
1036,93.90213,0.0,89.81294,6.2760005,0.0009352492,0.0,0.44768202,1.0048811
1037,82.436264,0.0,99.04636,6.276014,0.0007573826,0.0,0.46356902,1.0048848
1038,71.635315,0.0,72.31634,6.276031,0.0005475683,0.0,0.44491085,1.004888
1039,78.04121,0.0,86.47991,6.2760477,0.00056733866,0.0,0.42790288,1.0048908
1040,72.315834,0.0,119.95662,6.276062,0.00071885204,0.0,0.4283937,1.0048934
1041,73.04487,0.0,98.08044,6.276068,0.0005804153,0.0,0.43862486,1.0048952
1042,81.81812,0.0,80.339806,6.2760744,0.0005816127,0.0,0.4547474,1.0049047
1043,99.20903,0.0,113.10463,6.276083,0.00065491715,0.0,0.4339025,1.0049131
1044,90.067314,0.0,82.60728,6.276091,0.00072823523,0.0,0.42828986,1.0049204
1045,61.89384,0.0,99.16657,6.276097,0.000760245,0.0,0.44426727,1.0049286
1046,71.63979,0.0,72.24871,6.276107,0.0006978854,0.0,0.4180941,1.0049361
1047,84.1179,0.0,67.61984,6.276113,0.00057102833,0.0,0.42979217,1.0049424
1048,73.32777,0.0,86.777504,6.276124,0.0007385276,0.0,0.4137506,1.0049464
1049,79.77868,0.0,73.09709,6.2761345,0.00060593954,0.0,0.42351413,1.0049499
1050,110.565186,0.0,75.74005,6.2761416,0.0006673794,0.0,0.4646634,1.0049524
1051,83.24751,0.0,85.2564,6.2761483,0.00067942,0.0,0.45482916,1.0049547
1052,64.55629,0.0,109.37713,6.2761536,0.00092489505,0.0,0.4615234,1.0049566
1053,61.25742,0.0,84.29903,6.2761574,0.0005397296,0.0,0.4167146,1.0049578
1054,62.021385,0.0,98.73614,6.276159,0.00057561323,0.0,0.4372157,1.0049814
1055,71.99663,0.0,94.81746,6.2761645,0.0008237548,0.0,0.42640477,1.0050029
1056,72.811424,0.0,101.00991,6.2761703,0.0006831741,0.0,0.4405075,1.0050222
1057,63.52152,0.0,69.15312,6.2761745,0.0007554704,0.0,0.44936615,1.0050393
1058,85.673744,0.0,94.10717,6.2761803,0.0005021875,0.0,0.4339304,1.0050548
1059,71.84737,0.0,87.42592,6.276184,0.0006783017,0.0,0.44200653,1.0050685
1060,70.57502,0.0,97.34777,6.2761884,0.0008000817,0.0,0.42645586,1.0050809
1061,70.62126,0.0,73.388626,6.276187,0.000572154,0.0,0.47551847,1.0050919
1062,65.82844,0.0,83.42962,6.276186,0.00068472896,0.0,0.42319274,1.0051016
1063,76.14465,0.0,89.87099,6.2761855,0.0007027928,0.0,0.4401793,1.0051099
1064,95.2913,0.0,103.74799,6.276182,0.00047505356,0.0,0.46072483,1.0051168
1065,68.42206,0.0,76.92663,6.2761755,0.0008208889,0.0,0.44978207,1.0051228
1066,66.6924,0.0,86.74667,6.27617,0.0006725059,0.0,0.43003178,1.0051278
1067,82.87666,0.0,79.945854,6.276166,0.00048167555,0.0,0.42555413,1.0051324
1068,67.00271,0.0,71.163246,6.2761626,0.0006784423,0.0,0.43422884,1.005136
1069,68.34719,0.0,86.940575,6.2761636,0.0006400866,0.0,0.43126023,1.0051391
1070,86.186134,0.0,99.41748,6.27616,0.0009495457,0.0,0.44860417,1.0051416
1071,77.21711,0.0,83.97853,6.27616,0.00073355215,0.0,0.45498443,1.0051439
1072,70.868195,0.0,94.00182,6.276159,0.0007480908,0.0,0.42678404,1.0051455
1073,85.831085,0.0,72.35606,6.276159,0.0006577446,0.0,0.4475034,1.0051467
1074,91.38044,0.0,63.522835,6.27616,0.0009263507,0.0,0.41677523,1.0051488
1075,81.74486,0.0,69.179886,6.276169,0.0009132894,0.0,0.4063898,1.0051502
1076,81.68848,0.0,91.778595,6.2761774,0.00064979104,0.0,0.43980178,1.0051514
1077,91.62742,0.0,89.28348,6.276186,0.0008932444,0.0,0.43300366,1.0051521
1078,104.26839,0.0,81.98273,6.276194,0.00080659584,0.0,0.467455,1.0051527
1079,79.587845,0.0,78.13529,6.2761974,0.000911819,0.0,0.4035996,1.0051527
1080,71.61711,0.0,104.3408,6.276202,0.0006264195,0.0,0.44174024,1.0051575
1081,75.319855,0.0,78.21809,6.276213,0.0007467781,0.0,0.41607302,1.0051615
1082,74.4465,0.0,90.01024,6.2762218,0.0008429359,0.0,0.41187185,1.005165
1083,54.368187,0.0,94.85036,6.276234,0.00074719934,0.0,0.42555565,1.0051692
1084,72.8715,0.0,86.65619,6.276244,0.0004773484,0.0,0.42942363,1.0051725
1085,73.75625,0.0,80.50191,6.2762556,0.0007523019,0.0,0.47388172,1.005175
1086,75.440254,0.0,91.44687,6.2762647,0.00063906604,0.0,0.44130754,1.0051774
1087,67.7972,0.0,78.758,6.2762785,0.00084469345,0.0,0.4899521,1.0051792
1088,87.29551,0.0,92.27322,6.276298,0.0009405593,0.0,0.4414119,1.0051805
1089,70.287094,0.0,75.75352,6.2763176,0.0006956611,0.0,0.42725942,1.0051823
1090,100.59516,0.0,90.320305,6.2763343,0.0010348829,0.0,0.43294176,1.0051835
1091,82.397194,0.0,76.31081,6.2763515,0.0007046487,0.0,0.43807587,1.0051844
1092,81.60754,0.0,92.272285,6.276367,0.00063186855,0.0,0.46029848,1.0051849
1093,92.12572,0.0,65.53267,6.276378,0.0006359602,0.0,0.45869216,1.005185
1094,58.49955,0.0,77.05993,6.2763886,0.0006591577,0.0,0.42583117,1.0051851
1095,71.00926,0.0,85.41151,6.2764006,0.00071788457,0.0,0.45944357,1.0051848
1096,64.001236,0.0,94.681786,6.276409,0.00044180377,0.0,0.4049105,1.0051844
1097,74.23099,0.0,78.150734,6.276415,0.0006242114,0.0,0.46882242,1.0051836
1098,67.85471,0.0,99.67059,6.2764187,0.0007688082,0.0,0.43954873,1.0051827
1099,79.21418,0.0,78.00916,6.276421,0.00078367605,0.0,0.43254554,1.0051817
1100,73.89689,0.0,90.16067,6.276422,0.0005027383,0.0,0.4397046,1.0051802
1101,72.80674,0.0,78.33573,6.2764273,0.00055984757,0.0,0.44976518,1.0051788
1102,78.47347,0.0,80.33427,6.2764354,0.0007323985,0.0,0.43366084,1.0051774
1103,76.80739,0.0,76.07513,6.276447,0.00065807736,0.0,0.4331792,1.005176
1104,67.07218,0.0,72.70847,6.27646,0.0008352441,0.0,0.42800802,1.0051743
1105,80.4256,0.0,88.061554,6.2764697,0.0006615225,0.0,0.44455633,1.0051726
1106,87.17213,0.0,82.93513,6.2764764,0.0009651931,0.0,0.39954183,1.005171
1107,91.42446,0.0,85.16922,6.2764773,0.00050590886,0.0,0.4439114,1.005169
1108,95.01024,0.0,89.922935,6.276476,0.00059241196,0.0,0.4514612,1.0051646
1109,66.89129,0.0,107.69812,6.276476,0.00056954095,0.0,0.42926753,1.0051605
1110,71.29546,0.0,79.33139,6.276477,0.0007409764,0.0,0.45363706,1.0051566
1111,87.51515,0.0,94.03867,6.2764845,0.00082076265,0.0,0.44134176,1.0051528
1112,72.93169,0.0,92.0075,6.2764935,0.00059103355,0.0,0.45413768,1.0051491
1113,89.96371,0.0,70.379135,6.276503,0.0008002393,0.0,0.42009544,1.0051457
1114,83.12203,0.0,92.94028,6.276514,0.0007954502,0.0,0.43614087,1.0051421
1115,72.96865,0.0,84.64035,6.276524,0.0009117789,0.0,0.4577887,1.0051385
1116,78.99871,0.0,91.61376,6.2765346,0.00064303575,0.0,0.41936916,1.0051352
1117,80.5146,0.0,92.30316,6.2765446,0.0007731707,0.0,0.44534612,1.005132
1118,69.39223,0.0,92.141,6.276559,0.0005806342,0.0,0.43625993,1.0051287
1119,57.541348,0.0,76.870125,6.276572,0.00076244184,0.0,0.40968418,1.0051278
1120,78.778465,0.0,94.16795,6.2765813,0.000686244,0.0,0.45598322,1.0051268
1121,65.16929,0.0,96.90086,6.2765913,0.0004991882,0.0,0.41230878,1.0051142
1122,65.99371,0.0,76.630775,6.2766013,0.00058997935,0.0,0.4282024,1.0051026
1123,75.81316,0.0,76.166405,6.27661,0.0005027146,0.0,0.4674291,1.005092
1124,69.30943,0.0,81.8126,6.2766204,0.00052540295,0.0,0.43235207,1.0050822
1125,57.178265,0.0,95.20905,6.276628,0.00060899265,0.0,0.41286144,1.0050732
1126,76.879555,0.0,82.14071,6.2766356,0.0008390404,0.0,0.41816515,1.0050701
1127,78.116516,0.0,85.40276,6.2766404,0.00056460686,0.0,0.42758363,1.0050671
1128,81.58093,0.0,87.10187,6.2766433,0.00068041775,0.0,0.46270776,1.0050642
1129,79.36663,0.0,104.34689,6.2766523,0.0005019452,0.0,0.41397893,1.0050614
1130,81.83595,0.0,97.967316,6.2766614,0.0007114389,0.0,0.44634232,1.0050586
1131,65.70399,0.0,97.27101,6.2766714,0.0007503382,0.0,0.47864747,1.0050559
1132,68.42145,0.0,92.3624,6.2766867,0.00047592766,0.0,0.41977286,1.0050534
1133,60.590008,0.0,91.43037,6.276705,0.00042942585,0.0,0.3753988,1.0050508
1134,71.795784,0.0,116.68875,6.2767224,0.0011736543,0.0,0.4253698,1.0050522
1135,66.0008,0.0,106.79658,6.2767453,0.0005095908,0.0,0.4307725,1.0050546
1136,67.3634,0.0,78.45666,6.276768,0.00086460914,0.0,0.412517,1.0050563
1137,79.75633,0.0,82.16637,6.2767925,0.00056838547,0.0,0.4063828,1.0050577
1138,95.68806,0.0,90.22835,6.2768145,0.0006523046,0.0,0.41723782,1.0050598
1139,63.419262,0.0,84.67093,6.276832,0.0009786902,0.0,0.45156282,1.0050619
1140,86.71406,0.0,67.44758,6.2768483,0.0006059836,0.0,0.45139647,1.0050633
1141,73.23953,0.0,91.3668,6.2768598,0.00087838795,0.0,0.4126894,1.0050645
1142,77.950714,0.0,95.03002,6.27687,0.000679301,0.0,0.4442497,1.0050652
1143,64.598335,0.0,95.22343,6.276879,0.00064725603,0.0,0.43708047,1.0050656
1144,82.057144,0.0,76.54226,6.276886,0.00064297614,0.0,0.45534396,1.0050658
1145,61.499928,0.0,111.12564,6.276887,0.0006392983,0.0,0.40208054,1.0050635
1146,79.67294,0.0,86.48728,6.276895,0.0008616058,0.0,0.41871214,1.0050611
1147,66.156364,0.0,86.79121,6.276895,0.00079013215,0.0,0.44625506,1.0050589
1148,62.349796,0.0,91.48349,6.276892,0.00066719926,0.0,0.45398268,1.0050563
1149,58.875896,0.0,85.70965,6.276891,0.0004930258,0.0,0.41687045,1.0050535
1150,62.00593,0.0,75.20791,6.2768855,0.0006496208,0.0,0.40186557,1.005051
1151,108.49112,0.0,123.52246,6.27688,0.0006902403,0.0,0.39417467,1.0050483
1152,76.42233,0.0,98.04821,6.276871,0.00068721094,0.0,0.42184243,1.0050455
1153,70.4623,0.0,67.09283,6.276862,0.00080013264,0.0,0.43012735,1.0050429
1154,66.13027,0.0,70.425896,6.2768545,0.00062717934,0.0,0.415147,1.0050398
1155,71.02274,0.0,80.7992,6.2768493,0.00069245126,0.0,0.41989633,1.0050368
1156,85.56419,0.0,91.7828,6.2768464,0.00074266846,0.0,0.41802,1.005034
1157,79.52852,0.0,68.78519,6.2768464,0.0006461506,0.0,0.41937336,1.005038
1158,71.25133,0.0,101.04218,6.276852,0.0006593393,0.0,0.4614917,1.0050414
1159,63.195263,0.0,64.99069,6.2768617,0.0007710153,0.0,0.47379065,1.0050441
1160,103.86947,0.0,92.353485,6.276869,0.000878821,0.0,0.39671797,1.0050466
1161,84.50807,0.0,95.45045,6.2768755,0.0007502494,0.0,0.40975434,1.0050484
1162,74.580536,0.0,82.84734,6.276884,0.0007444319,0.0,0.43046284,1.0050501
1163,81.36225,0.0,93.13952,6.2769017,0.0006414545,0.0,0.411709,1.0050522
1164,84.30393,0.0,96.64403,6.276919,0.00077606493,0.0,0.42664027,1.0050539
1165,72.64897,0.0,87.78459,6.2769356,0.0007250374,0.0,0.422013,1.0050551
1166,72.13756,0.0,102.77403,6.2769566,0.0008815237,0.0,0.40591753,1.0050577
1167,77.6951,0.0,84.42368,6.2769794,0.0005532282,0.0,0.42447087,1.00506
1168,79.7578,0.0,85.10599,6.2769985,0.0006321861,0.0,0.42950225,1.0050619
1169,73.46531,0.0,128.4013,6.2770205,0.0008436769,0.0,0.40602982,1.0050635
1170,78.17118,0.0,95.925224,6.277038,0.000877841,0.0,0.44263145,1.0050648
1171,80.757484,0.0,100.53986,6.277053,0.0007670743,0.0,0.4347672,1.0050657
1172,75.21102,0.0,76.36937,6.277066,0.00088048214,0.0,0.4350346,1.0050797
1173,77.46975,0.0,113.4432,6.277078,0.0005996692,0.0,0.42565426,1.0050923
1174,77.74027,0.0,80.12869,6.2770905,0.00066891033,0.0,0.40652055,1.0051036
1175,100.3453,0.0,84.862076,6.277094,0.0007330558,0.0,0.43927407,1.0051137
1176,63.276295,0.0,71.50826,6.2770977,0.000797468,0.0,0.405243,1.0051237
1177,86.374016,0.0,67.66975,6.2770996,0.0006168168,0.0,0.38661215,1.0051322
1178,65.454254,0.0,90.146774,6.2771025,0.0005994496,0.0,0.46396452,1.0051401
1179,77.445946,0.0,83.10438,6.2771015,0.0005445,0.0,0.44934425,1.0051469
1180,99.53788,0.0,90.97023,6.277098,0.0008837086,0.0,0.44382387,1.0051526
1181,93.477486,0.0,81.47703,6.2770953,0.0005255555,0.0,0.40284878,1.0051576
1182,66.19089,0.0,87.45423,6.2770925,0.00050889933,0.0,0.45559797,1.0051619
1183,82.047485,0.0,89.409035,6.2770944,0.00064027135,0.0,0.44674063,1.0051657
1184,76.10765,0.0,107.14196,6.2771025,0.0006433419,0.0,0.46025154,1.0051688
1185,71.8705,0.0,72.06806,6.277116,0.0005597036,0.0,0.47012186,1.0051712
1186,74.25846,0.0,86.46487,6.2771306,0.00060345884,0.0,0.38397306,1.0051731
1187,51.179924,0.0,84.760735,6.277145,0.0006380704,0.0,0.42963547,1.0051746
1188,66.212906,0.0,85.48102,6.277157,0.00047380268,0.0,0.4266425,1.005176
1189,70.00962,0.0,77.56176,6.2771735,0.000474049,0.0,0.4279766,1.0051768
1190,77.9939,0.0,89.74881,6.277191,0.00049618084,0.0,0.45931768,1.0051752
1191,77.33559,0.0,90.8998,6.2772026,0.00074807665,0.0,0.45520866,1.005174
1192,84.78009,0.0,110.50617,6.2772074,0.00090781075,0.0,0.42664188,1.0051727
1193,79.042755,0.0,107.43534,6.2772055,0.00043300778,0.0,0.42355633,1.0051714
1194,83.82604,0.0,85.53938,6.277202,0.00052119594,0.0,0.45596504,1.0051731
1195,52.931747,0.0,88.361916,6.277197,0.00057150994,0.0,0.462288,1.0051794
1196,72.86317,0.0,81.333725,6.2771955,0.00061696686,0.0,0.40960997,1.0051832
1197,62.66823,0.0,72.77496,6.277197,0.00065043283,0.0,0.42202437,1.0051867
1198,63.538704,0.0,73.60693,6.2771983,0.0005474664,0.0,0.4384094,1.0051894
1199,97.70926,0.0,85.4237,6.2771983,0.0005925684,0.0,0.41051826,1.0051918
1200,67.07868,0.0,92.057816,6.277205,0.00043396707,0.0,0.43996876,1.0051937
1201,64.96007,0.0,80.02778,6.277214,0.00063817704,0.0,0.43742356,1.0051951
1202,71.6588,0.0,87.74554,6.2772236,0.0005812143,0.0,0.44808698,1.0051963
1203,64.358475,0.0,82.619576,6.2772307,0.00037076522,0.0,0.39482468,1.0051972
1204,94.80899,0.0,83.97909,6.2772384,0.00041342888,0.0,0.45017597,1.0052053
1205,89.994415,0.0,97.999054,6.277243,0.0009625844,0.0,0.45319185,1.0052156
1206,79.87897,0.0,94.41777,6.277248,0.0006251356,0.0,0.4852346,1.0052248
1207,85.94564,0.0,97.890656,6.2772512,0.00053217605,0.0,0.42850503,1.0052328
1208,77.270676,0.0,105.51157,6.2772546,0.00085794495,0.0,0.4332742,1.0052406
1209,64.12436,0.0,83.72898,6.277254,0.00079236197,0.0,0.39935455,1.0052471
1210,72.691246,0.0,93.96682,6.277251,0.0005913371,0.0,0.43579614,1.0052528
1211,65.18279,0.0,79.08208,6.2772527,0.0007181021,0.0,0.4396096,1.0052575
1212,74.11774,0.0,77.810616,6.277254,0.0005003065,0.0,0.44580466,1.0052613
1213,70.04282,0.0,76.09981,6.2772593,0.0007951017,0.0,0.4606406,1.0052649
1214,65.50033,0.0,90.95225,6.277265,0.00055565615,0.0,0.41887212,1.0052675
1215,84.90807,0.0,81.94777,6.277276,0.0011711961,0.0,0.4315974,1.0052695
1216,99.1387,0.0,81.25487,6.2772875,0.00075681834,0.0,0.3959825,1.0052711
1217,90.900215,0.0,82.996376,6.2772965,0.0009063978,0.0,0.40527838,1.0052724
1218,76.014206,0.0,100.20358,6.277304,0.0007584348,0.0,0.47122884,1.0052733
1219,68.9254,0.0,91.95858,6.2773046,0.0010502113,0.0,0.4250946,1.0052705
1220,77.01286,0.0,96.38907,6.277311,0.0009219546,0.0,0.48552212,1.0052675
1221,71.196396,0.0,76.708015,6.277318,0.0006685171,0.0,0.44243997,1.0052646
1222,74.59307,0.0,71.55516,6.277321,0.00095732295,0.0,0.40730354,1.0052617
1223,73.91741,0.0,84.032196,6.277324,0.0006059429,0.0,0.40543675,1.0052587
1224,72.74852,0.0,97.47448,6.277329,0.00075653556,0.0,0.42011762,1.0052557
1225,98.58488,0.0,96.55767,6.2773304,0.0005849669,0.0,0.44477624,1.0052526
1226,64.51655,0.0,101.873665,6.2773337,0.0008464623,0.0,0.44070894,1.0052497
1227,76.49139,0.0,77.529785,6.2773447,0.00084905035,0.0,0.4486506,1.0052469
1228,60.316544,0.0,75.778,6.277356,0.0005822807,0.0,0.41760167,1.0052428
1229,71.90031,0.0,70.29528,6.277367,0.00059505005,0.0,0.41568777,1.0052401
1230,69.16195,0.0,95.26541,6.2773786,0.0008078533,0.0,0.4442234,1.0052375
1231,103.376305,0.0,91.2495,6.277394,0.00072440633,0.0,0.41350305,1.005235
1232,76.98766,0.0,88.017456,6.2774067,0.0007030444,0.0,0.43565083,1.0052325
1233,97.979385,0.0,101.06452,6.277423,0.0007354965,0.0,0.40723976,1.0052298
1234,86.97461,0.0,91.67702,6.2774425,0.00068808126,0.0,0.4363382,1.0052267
1235,68.04842,0.0,103.13675,6.2774606,0.00048105253,0.0,0.42105934,1.0052235
1236,83.42507,0.0,82.68091,6.277477,0.0005369941,0.0,0.41319606,1.0052233
1237,77.736725,0.0,94.7753,6.2774982,0.00053075154,0.0,0.44497618,1.005223
1238,96.02486,0.0,110.197945,6.277522,0.00095722143,0.0,0.45420322,1.0052226
1239,66.1375,0.0,69.20807,6.2775426,0.00082707143,0.0,0.44195768,1.005222
1240,70.11834,0.0,79.69469,6.277559,0.00068980525,0.0,0.44514665,1.0052211
1241,68.625725,0.0,73.913536,6.2775745,0.00052020734,0.0,0.40495467,1.0052181
1242,96.73978,0.0,94.841064,6.27759,0.00064281706,0.0,0.4207723,1.0052154
1243,69.497284,0.0,74.12094,6.277604,0.00083115994,0.0,0.40459698,1.0052125
1244,56.50253,0.0,106.574524,6.2776155,0.0007281032,0.0,0.4498516,1.00521
1245,82.78312,0.0,89.331856,6.277623,0.0006163805,0.0,0.4171614,1.0052073
1246,66.74974,0.0,81.43616,6.277631,0.00055821304,0.0,0.42979932,1.0052049
1247,78.25727,0.0,66.19007,6.2776346,0.00079013675,0.0,0.4166312,1.0052022
1248,76.70229,0.0,82.97521,6.277639,0.00063638727,0.0,0.45885596,1.0051996
1249,69.77335,0.0,98.06567,6.277644,0.0005262824,0.0,0.44267568,1.0051972
1250,84.861694,0.0,76.465675,6.277646,0.0006269869,0.0,0.4580489,1.0051944
1251,80.3062,0.0,91.31472,6.2776513,0.0005676962,0.0,0.42547664,1.0051919
1252,70.01351,0.0,100.2404,6.277658,0.0006958951,0.0,0.44944918,1.0051894
1253,72.15124,0.0,78.22169,6.277665,0.0005977916,0.0,0.4318422,1.0051872
1254,75.00382,0.0,93.95578,6.277669,0.0005226505,0.0,0.41062927,1.0051856
1255,68.32274,0.0,87.733955,6.277673,0.0009163687,0.0,0.41445136,1.005184
1256,80.67598,0.0,110.284225,6.277677,0.00088431244,0.0,0.4723571,1.0051812
1257,67.41002,0.0,88.31811,6.2776785,0.00064439524,0.0,0.41360247,1.0051782
1258,80.640236,0.0,60.622414,6.2776785,0.00081577885,0.0,0.42119357,1.005176
1259,89.39165,0.0,102.56727,6.2776785,0.00046015636,0.0,0.45195287,1.0051738
1260,81.04105,0.0,69.64089,6.2776837,0.00076388055,0.0,0.4331559,1.0051695
1261,81.25602,0.0,105.34931,6.277689,0.0005919884,0.0,0.4323524,1.0051656
1262,76.42081,0.0,91.747116,6.2777014,0.0008421255,0.0,0.4309213,1.0051616
1263,68.72048,0.0,83.05026,6.277709,0.00064621854,0.0,0.41046864,1.005158
1264,98.325165,0.0,86.36828,6.2777076,0.0007146522,0.0,0.41951156,1.0051545
1265,83.79361,0.0,84.04252,6.277708,0.00084071595,0.0,0.39489615,1.0051512
1266,76.09929,0.0,86.89836,6.277708,0.00063142495,0.0,0.40089852,1.0051479
1267,74.29863,0.0,76.19359,6.277706,0.0006527192,0.0,0.44837135,1.0051448
1268,70.56596,0.0,90.1576,6.277703,0.0006138865,0.0,0.4229138,1.0051419
1269,84.077446,0.0,80.44554,6.277696,0.000496438,0.0,0.4122612,1.005139
1270,88.57183,0.0,74.21182,6.277686,0.00066675514,0.0,0.4268988,1.0051361
1271,63.73388,0.0,96.18967,6.2776785,0.00044664665,0.0,0.4394215,1.0051358
1272,69.208015,0.0,90.65858,6.2776675,0.00049299595,0.0,0.40807724,1.0051353
1273,103.62699,0.0,112.95722,6.2776546,0.00057745446,0.0,0.43755266,1.0051348
1274,83.48376,0.0,97.85117,6.2776384,0.0005946439,0.0,0.40122408,1.0051339
1275,70.24982,0.0,71.916214,6.277631,0.0005590253,0.0,0.42195827,1.0051329
1276,66.65104,0.0,80.123184,6.2776265,0.00048931484,0.0,0.44100195,1.0051327
1277,82.737144,0.0,85.6778,6.277624,0.00063437363,0.0,0.45437658,1.0051377
1278,76.25475,0.0,77.514,6.2776275,0.0006116982,0.0,0.45299703,1.005142
1279,65.97313,0.0,89.41598,6.2776394,0.00050834386,0.0,0.44461736,1.0051465
1280,77.618515,0.0,84.900635,6.277656,0.0005142039,0.0,0.47212976,1.0051504
1281,92.452194,0.0,87.18103,6.277675,0.0005945938,0.0,0.44253427,1.0051538
1282,79.80772,0.0,79.184296,6.2776914,0.0005295209,0.0,0.4563706,1.0051566
1283,78.33423,0.0,91.00583,6.2777085,0.00041863925,0.0,0.43905997,1.0051589
1284,94.00421,0.0,82.49595,6.2777257,0.0009024204,0.0,0.42847225,1.0051606
1285,65.48608,0.0,71.20807,6.27774,0.0005476299,0.0,0.4071324,1.0051633
1286,69.06745,0.0,92.81051,6.2777505,0.00068503385,0.0,0.41820645,1.0051656
1287,97.56724,0.0,98.3308,6.277759,0.0004652631,0.0,0.4480283,1.0051671
1288,76.96983,0.0,88.77332,6.2777677,0.00054703385,0.0,0.39135385,1.0051683
1289,83.89891,0.0,72.906136,6.277781,0.0005646456,0.0,0.4074001,1.0051693
1290,68.919426,0.0,94.53979,6.277799,0.00061845814,0.0,0.44078347,1.0051699
1291,63.72399,0.0,78.57588,6.2778177,0.0008343733,0.0,0.46071696,1.0051701
1292,49.277622,0.0,94.86077,6.277836,0.00042675692,0.0,0.43778062,1.0051702
1293,68.84105,0.0,91.70424,6.277854,0.0006127589,0.0,0.45905742,1.0051701
1294,66.54973,0.0,81.62052,6.2778687,0.0007471309,0.0,0.4069134,1.0051695
1295,68.71318,0.0,82.85734,6.277881,0.0006405185,0.0,0.4364838,1.0051688
1296,83.3863,0.0,83.541245,6.2778907,0.00062707334,0.0,0.44692397,1.0051752
1297,78.74463,0.0,86.19721,6.277903,0.0005558247,0.0,0.4239506,1.0051808
1298,72.98603,0.0,79.3024,6.2779126,0.0006955866,0.0,0.3937416,1.0051856
1299,72.86202,0.0,69.64193,6.2779226,0.00052428397,0.0,0.44418487,1.0051976
1300,71.11042,0.0,80.288414,6.2779293,0.0008535757,0.0,0.39644226,1.0052084
1301,68.048225,0.0,90.73128,6.27793,0.0007839312,0.0,0.42883906,1.0052181
1302,75.39153,0.0,96.576256,6.2779303,0.00062646094,0.0,0.4079191,1.0052346
1303,81.55055,0.0,78.07708,6.277937,0.0005931689,0.0,0.42643446,1.005249
1304,71.41099,0.0,98.083855,6.277947,0.0007710204,0.0,0.4434542,1.0052625
1305,71.69908,0.0,88.85084,6.2779565,0.00049857417,0.0,0.40527892,1.0052747
1306,72.95329,0.0,83.81188,6.277958,0.0005665268,0.0,0.40232024,1.0052854
1307,46.39784,0.0,91.15986,6.277959,0.0007116578,0.0,0.48018298,1.0052952
1308,82.335464,0.0,81.123695,6.277961,0.0004462776,0.0,0.43004856,1.005304
1309,76.48955,0.0,108.57551,6.277966,0.0006190608,0.0,0.4256515,1.0053157
1310,91.33576,0.0,95.061455,6.277973,0.0006582215,0.0,0.41169226,1.0053262
1311,61.81368,0.0,103.82205,6.2779865,0.0005174419,0.0,0.42129958,1.0053352
1312,110.37866,0.0,92.59596,6.278002,0.00067824766,0.0,0.43460917,1.005339
1313,72.979805,0.0,73.99997,6.2780128,0.0005357763,0.0,0.4452053,1.0053419
1314,70.648125,0.0,74.20538,6.278022,0.0007771994,0.0,0.44849658,1.0053444
1315,70.61318,0.0,87.50232,6.27803,0.0007438583,0.0,0.43678737,1.0053465
1316,77.72105,0.0,84.9646,6.278041,0.00049780513,0.0,0.4284466,1.0053483
1317,65.62191,0.0,79.8197,6.278049,0.00066202006,0.0,0.4330338,1.0053498
1318,77.75132,0.0,92.79961,6.2780585,0.0008587909,0.0,0.44233322,1.0053513
1319,67.73176,0.0,89.40506,6.278067,0.00047769793,0.0,0.45444855,1.0053525
1320,50.396034,0.0,82.03358,6.2780757,0.00066819915,0.0,0.4609288,1.0053521
1321,62.572697,0.0,93.15162,6.278085,0.000805136,0.0,0.44377673,1.0053515
1322,100.04882,0.0,77.76205,6.2780952,0.00091124,0.0,0.41885322,1.0053507
1323,60.484173,0.0,79.24331,6.2781,0.0006007155,0.0,0.39003703,1.005348
1324,100.03208,0.0,108.10148,6.278104,0.0007112933,0.0,0.4219559,1.0053453
1325,62.669464,0.0,87.288506,6.2781057,0.00081497035,0.0,0.43959004,1.0053422
1326,66.86188,0.0,100.56191,6.2781086,0.0006133928,0.0,0.44349915,1.0053391
1327,69.287056,0.0,108.82679,6.278113,0.0007330609,0.0,0.43211508,1.0053363
1328,84.13551,0.0,85.84565,6.278116,0.0005886233,0.0,0.43660527,1.0053334
1329,85.464485,0.0,65.48775,6.27812,0.0008350499,0.0,0.46425325,1.0053306
1330,61.81719,0.0,110.60295,6.2781262,0.0006203331,0.0,0.44496894,1.0053405
1331,75.700096,0.0,86.4947,6.278134,0.0010066854,0.0,0.43429825,1.0053494
1332,73.69292,0.0,89.97821,6.2781377,0.00076074677,0.0,0.42866036,1.0053573
1333,55.91835,0.0,69.18032,6.278141,0.0008671127,0.0,0.4471024,1.0053643
1334,84.29523,0.0,71.5842,6.2781467,0.0005357093,0.0,0.44409868,1.0053703
1335,70.0435,0.0,87.052,6.278152,0.00069917773,0.0,0.4395364,1.0053753
1336,67.92609,0.0,79.47614,6.278156,0.00082639896,0.0,0.43103957,1.00538
1337,79.93142,0.0,88.49342,6.278164,0.0005957221,0.0,0.4257583,1.0053854
1338,62.760593,0.0,96.47109,6.2781706,0.0007286772,0.0,0.40856457,1.0053898
1339,92.59577,0.0,72.772545,6.2781773,0.0010907783,0.0,0.4095224,1.0053917
1340,69.22817,0.0,106.566345,6.2781835,0.0006598713,0.0,0.4221911,1.0053935
1341,70.85737,0.0,90.59935,6.2781897,0.0006110633,0.0,0.41764387,1.005395
1342,59.622707,0.0,88.03893,6.278195,0.0007586316,0.0,0.42988718,1.0053953
1343,81.26716,0.0,80.72662,6.278206,0.0009224863,0.0,0.4437344,1.0053954
1344,74.364174,0.0,90.12828,6.278215,0.0010226059,0.0,0.45342466,1.0053952
1345,71.33402,0.0,72.26406,6.2782226,0.0007850248,0.0,0.42384335,1.0053947
1346,78.073975,0.0,78.56309,6.27823,0.00073881994,0.0,0.4533051,1.0053941
1347,66.47704,0.0,84.14601,6.2782354,0.0010574746,0.0,0.4372854,1.0053931
1348,71.40423,0.0,65.67708,6.27824,0.000626844,0.0,0.41210634,1.0054052
1349,73.588036,0.0,84.38054,6.2782416,0.0005994742,0.0,0.45179796,1.0054156
1350,64.597115,0.0,100.35633,6.2782426,0.0006098873,0.0,0.45470285,1.0054296
1351,80.17929,0.0,91.94509,6.278247,0.0006933928,0.0,0.42918894,1.0054424
1352,80.53574,0.0,78.970955,6.2782493,0.0010124661,0.0,0.42928928,1.0054538
1353,71.43908,0.0,85.12692,6.278252,0.00061263406,0.0,0.441657,1.0054637
1354,71.72026,0.0,73.53359,6.2782574,0.00057774526,0.0,0.45568642,1.0054727
1355,67.89224,0.0,68.0719,6.2782645,0.00078027666,0.0,0.39008066,1.0054805
1356,78.13993,0.0,92.92048,6.278271,0.0011438841,0.0,0.42622226,1.0054872
1357,79.456985,0.0,94.390785,6.2782755,0.0008903573,0.0,0.44018814,1.0054933
1358,79.83617,0.0,81.013214,6.2782836,0.0006787492,0.0,0.4424501,1.0054984
1359,65.295364,0.0,96.394806,6.2782917,0.0007049332,0.0,0.4359866,1.0055027
1360,61.741917,0.0,71.560455,6.278305,0.0006064023,0.0,0.4360165,1.0055065
1361,66.199776,0.0,82.01442,6.2783194,0.00067559787,0.0,0.41210112,1.0055099
1362,77.15742,0.0,105.619484,6.2783318,0.0011583876,0.0,0.45616317,1.0055122
1363,86.31105,0.0,75.32208,6.278343,0.00054565794,0.0,0.42638755,1.0055144
1364,76.538376,0.0,72.57047,6.2783546,0.00053641584,0.0,0.4397776,1.0055125
1365,65.150734,0.0,72.96066,6.2783604,0.000691329,0.0,0.42002904,1.0055104
1366,78.8228,0.0,95.30514,6.2783647,0.0010368652,0.0,0.43821853,1.0055078
1367,80.420235,0.0,108.16099,6.2783675,0.00054745586,0.0,0.41675505,1.0055004
1368,76.04321,0.0,105.29826,6.2783685,0.00055285566,0.0,0.43825325,1.0054933
1369,78.05836,0.0,77.16906,6.2783704,0.0006715271,0.0,0.4593024,1.005487
1370,59.679,0.0,85.40913,6.27837,0.0006579132,0.0,0.4501838,1.005481
1371,64.26768,0.0,78.17408,6.2783704,0.0005237666,0.0,0.43510753,1.0054753
1372,105.90686,0.0,100.39261,6.2783704,0.0011327805,0.0,0.4119451,1.00547
1373,82.278366,0.0,90.51593,6.2783704,0.00075573695,0.0,0.42570254,1.005465
1374,61.482796,0.0,89.95086,6.278377,0.00059803174,0.0,0.4499937,1.0054603
1375,71.21638,0.0,79.67516,6.278383,0.0006240112,0.0,0.4060796,1.0054556
1376,55.130135,0.0,104.07198,6.2783885,0.0008442764,0.0,0.43528745,1.0054512
1377,83.38128,0.0,120.758446,6.278397,0.00069432636,0.0,0.44754514,1.0054464
1378,69.773895,0.0,87.08927,6.2784,0.00048194866,0.0,0.4138654,1.0054436
1379,67.07844,0.0,114.21426,6.2784104,0.0008056131,0.0,0.4155346,1.0054673
1380,79.60474,0.0,90.578255,6.2784195,0.00077716366,0.0,0.42083964,1.0054885
1381,77.14655,0.0,64.50846,6.2784324,0.00066965865,0.0,0.41316077,1.0055077
1382,77.61213,0.0,81.59744,6.2784424,0.0009477571,0.0,0.414342,1.0055248
1383,77.855415,0.0,103.29326,6.2784486,0.00063492067,0.0,0.43713254,1.0055397
1384,72.670265,0.0,103.97575,6.278454,0.00055470935,0.0,0.44075224,1.0055529
1385,75.684814,0.0,78.550064,6.278462,0.0006495319,0.0,0.4544767,1.0055648
1386,70.90688,0.0,91.70835,6.2784677,0.0010767512,0.0,0.466343,1.0055845
1387,65.977,0.0,86.40859,6.2784767,0.0005469022,0.0,0.42209595,1.0056015
1388,87.4159,0.0,76.582115,6.2784834,0.0005487137,0.0,0.43878663,1.0056171
1389,74.90747,0.0,77.54157,6.2784944,0.000560018,0.0,0.43488777,1.0056311
1390,78.787994,0.0,73.592766,6.2785034,0.00068876887,0.0,0.42254084,1.005643
1391,66.734245,0.0,91.10827,6.278508,0.00054525567,0.0,0.44220036,1.005654
1392,82.03616,0.0,121.40387,6.278512,0.0005734406,0.0,0.4324685,1.0056636
1393,69.53265,0.0,88.25863,6.27851,0.00090881874,0.0,0.441699,1.0056721
1394,83.51726,0.0,80.96789,6.278515,0.00062846753,0.0,0.4482686,1.0056796
1395,75.95352,0.0,87.45401,6.278521,0.00063263305,0.0,0.45337147,1.005686
1396,79.11894,0.0,99.88118,6.2785215,0.0005670084,0.0,0.42085648,1.0057023
1397,70.79339,0.0,92.35309,6.2785234,0.00064220885,0.0,0.46333885,1.0057167
1398,67.88908,0.0,101.653435,6.278524,0.00049155223,0.0,0.4376502,1.0057292
1399,63.50748,0.0,84.34616,6.2785316,0.0007493546,0.0,0.4453051,1.0057662
1400,97.957146,0.0,105.70734,6.2785378,0.00064118416,0.0,0.40320656,1.0057998
1401,76.869125,0.0,95.26674,6.2785406,0.0006288979,0.0,0.46448302,1.0058295
1402,71.684944,0.0,90.0185,6.2785444,0.0004572994,0.0,0.45505607,1.0058562
1403,86.255356,0.0,72.838524,6.2785516,0.0005857681,0.0,0.46980664,1.0058877
1404,65.18571,0.0,72.10189,6.278561,0.00068289705,0.0,0.4293993,1.005916
1405,58.079025,0.0,83.03146,6.2785697,0.00050504407,0.0,0.43363446,1.005941
1406,78.20187,0.0,80.6661,6.27858,0.0006742442,0.0,0.42852747,1.0059636
1407,74.11292,0.0,93.288475,6.2785907,0.0006671882,0.0,0.4442761,1.0059832
1408,94.01738,0.0,83.83065,6.278596,0.0006353676,0.0,0.45939845,1.0060009
1409,75.60824,0.0,88.326,6.278596,0.0004942009,0.0,0.40582943,1.0060165
1410,79.471306,0.0,82.41458,6.278599,0.00076996785,0.0,0.39783692,1.0060302
1411,77.20672,0.0,68.33775,6.2786055,0.0006137926,0.0,0.4260506,1.0060424
1412,75.09995,0.0,79.55893,6.27861,0.0010719905,0.0,0.42945164,1.0060532
1413,61.027264,0.0,72.18449,6.2786107,0.0007357289,0.0,0.43175393,1.0060626
1414,75.89851,0.0,97.54611,6.278612,0.0007614972,0.0,0.45601556,1.0060709
1415,81.065895,0.0,93.88882,6.2786136,0.0005005117,0.0,0.41641998,1.0060798
1416,63.52195,0.0,85.357704,6.2786126,0.00069810863,0.0,0.44374046,1.0060879
1417,69.80256,0.0,69.93998,6.2786126,0.0005790285,0.0,0.45197734,1.0060952
1418,77.93597,0.0,110.90217,6.278612,0.0010335388,0.0,0.479107,1.0061013
1419,56.31857,0.0,70.75927,6.278607,0.00055403326,0.0,0.44929475,1.0061066
1420,59.660725,0.0,77.9182,6.278602,0.00081004377,0.0,0.40038523,1.0061077
1421,75.51063,0.0,99.86262,6.2786016,0.0007361681,0.0,0.42874157,1.0061086
1422,83.3656,0.0,103.862076,6.278605,0.0005841707,0.0,0.4414607,1.0061094
1423,76.661964,0.0,74.546616,6.2786155,0.0005467056,0.0,0.4323141,1.0061096
1424,72.21371,0.0,117.151436,6.278632,0.00071566773,0.0,0.4265791,1.00611
1425,75.68693,0.0,101.19008,6.278652,0.0010118562,0.0,0.46417117,1.00611
1426,73.05354,0.0,76.41735,6.2786684,0.0005954007,0.0,0.42425305,1.0061268
1427,77.81165,0.0,101.49241,6.2786875,0.0007180157,0.0,0.43256968,1.0061418
1428,67.68353,0.0,63.23108,6.2787046,0.0007649047,0.0,0.38758922,1.0061553
1429,91.15131,0.0,85.633736,6.27872,0.0007005491,0.0,0.4605652,1.006167
1430,50.121098,0.0,73.74069,6.2787366,0.000846419,0.0,0.4392944,1.0061775
1431,83.82804,0.0,74.80744,6.2787523,0.0006644357,0.0,0.4500394,1.0061871
1432,76.17732,0.0,100.32632,6.278772,0.0008787156,0.0,0.4865033,1.0061951
1433,66.12072,0.0,96.127884,6.278786,0.0007022034,0.0,0.439794,1.0062025
1434,61.93353,0.0,85.82344,6.2787967,0.0006674288,0.0,0.4151159,1.0062087
1435,62.50162,0.0,89.7259,6.278808,0.00055044144,0.0,0.44656497,1.0062075
1436,78.56892,0.0,83.30854,6.278818,0.0006336548,0.0,0.472506,1.0062064
1437,70.31508,0.0,89.63214,6.278828,0.0007372978,0.0,0.41390127,1.0062053
1438,57.30238,0.0,88.32817,6.2788405,0.000714309,0.0,0.48067415,1.006203
1439,82.18846,0.0,82.18602,6.278857,0.00050918624,0.0,0.44720244,1.0062008
1440,83.447,0.0,115.86417,6.278869,0.00086619856,0.0,0.4169844,1.0061986
1441,90.0904,0.0,95.32826,6.2788777,0.0008711836,0.0,0.43586406,1.0061964
1442,82.94632,0.0,105.25776,6.2788877,0.00037867174,0.0,0.46987435,1.0061944
1443,92.7334,0.0,84.36838,6.278896,0.00074653083,0.0,0.42553377,1.0061914
1444,96.24249,0.0,87.11552,6.278903,0.00046084667,0.0,0.4098551,1.0061884
1445,89.864845,0.0,102.582794,6.278912,0.0006646528,0.0,0.42463493,1.0062006
1446,97.8916,0.0,91.778175,6.2789183,0.0008052414,0.0,0.43214545,1.0062122
1447,77.19568,0.0,87.99834,6.2789207,0.00079348637,0.0,0.45890427,1.0062225
1448,94.85994,0.0,123.46665,6.2789216,0.0006279885,0.0,0.41112435,1.0062342
1449,82.293434,0.0,95.441055,6.278927,0.00065229245,0.0,0.47349128,1.0062444
1450,69.98984,0.0,77.70942,6.278929,0.0005984456,0.0,0.4327457,1.0062535
1451,75.47883,0.0,82.08115,6.2789316,0.00070494483,0.0,0.43732357,1.0062536
1452,79.964485,0.0,83.26837,6.2789326,0.0006212023,0.0,0.41481313,1.0062522
1453,82.15314,0.0,81.86344,6.278937,0.00092869665,0.0,0.44569075,1.0062506
1454,63.597076,0.0,110.817055,6.278945,0.0006617824,0.0,0.4227199,1.0062573
1455,75.46197,0.0,82.908325,6.2789464,0.00080842356,0.0,0.45541653,1.0062634
1456,73.62236,0.0,97.53415,6.278945,0.0009000256,0.0,0.46722397,1.0062687
1457,66.589226,0.0,67.66224,6.2789397,0.0007259389,0.0,0.4621161,1.0062735
1458,87.3797,0.0,88.291504,6.2789383,0.0009837737,0.0,0.43929097,1.0062776
1459,60.048527,0.0,75.387276,6.278937,0.00052180997,0.0,0.4534988,1.006281
1460,76.23577,0.0,81.58618,6.278935,0.0007074692,0.0,0.43270445,1.0062842
1461,59.351254,0.0,108.17002,6.2789383,0.00069370604,0.0,0.45725176,1.0062867
1462,66.99271,0.0,84.95907,6.278942,0.0006206758,0.0,0.42266506,1.0062882
1463,60.209137,0.0,94.12886,6.278943,0.00091752026,0.0,0.4400323,1.0062894
1464,70.66109,0.0,76.841324,6.2789383,0.0012250937,0.0,0.4478554,1.0062901
1465,76.45973,0.0,86.049644,6.278936,0.0005616719,0.0,0.4024776,1.0062907
1466,63.636734,0.0,93.58311,6.2789364,0.00068891316,0.0,0.40692246,1.006291
1467,73.00901,0.0,99.343796,6.2789397,0.0006733192,0.0,0.43877,1.0063155
1468,73.41086,0.0,85.81423,6.2789454,0.0007233892,0.0,0.49017164,1.0063373
1469,80.81776,0.0,81.45551,6.278953,0.000656709,0.0,0.44686252,1.0063779
1470,62.953938,0.0,81.21972,6.278961,0.00063360867,0.0,0.43962717,1.0064149
1471,69.90006,0.0,85.2071,6.278971,0.0009057182,0.0,0.41723165,1.006448
1472,78.600784,0.0,100.8301,6.278981,0.0009517445,0.0,0.40890694,1.006478
1473,101.66655,0.0,90.18666,6.2789965,0.00058654323,0.0,0.4275596,1.0065048
1474,77.64839,0.0,68.62505,6.2790146,0.0005586275,0.0,0.42453116,1.0065292
1475,87.42945,0.0,85.832306,6.2790284,0.00060957094,0.0,0.41968673,1.006547
1476,74.88853,0.0,82.602135,6.2790422,0.00053098775,0.0,0.42013797,1.006563
1477,62.971466,0.0,97.64987,6.2790523,0.00043071876,0.0,0.43604824,1.0065771
1478,71.668,0.0,87.460106,6.2790613,0.0005328748,0.0,0.46641588,1.0065887
1479,89.59221,0.0,91.45295,6.2790675,0.0006540478,0.0,0.40702817,1.0065988
1480,78.43126,0.0,80.723434,6.2790756,0.00078337535,0.0,0.4418958,1.0066078
1481,75.01874,0.0,84.45939,6.2790875,0.00075965456,0.0,0.41897544,1.0066156
1482,90.4661,0.0,68.238815,6.2791014,0.0006951228,0.0,0.4888432,1.0066228
1483,55.489956,0.0,113.79373,6.279112,0.0007889377,0.0,0.4655981,1.0066286
1484,69.99095,0.0,96.675766,6.27912,0.0006191563,0.0,0.398898,1.006634
1485,72.05071,0.0,79.35058,6.279127,0.00055018335,0.0,0.43521902,1.0066384
1486,96.65534,0.0,103.54095,6.2791348,0.0007708487,0.0,0.42261252,1.0066423
1487,87.20449,0.0,89.920395,6.2791452,0.00063069875,0.0,0.43400317,1.0066457
1488,66.45897,0.0,78.556015,6.2791524,0.0006388442,0.0,0.40737996,1.0066482
1489,68.62667,0.0,73.650925,6.279157,0.00076087017,0.0,0.4797262,1.0066501
1490,63.12553,0.0,81.86835,6.279158,0.0007037859,0.0,0.42941022,1.0066518
1491,79.95288,0.0,80.89652,6.279156,0.0006255644,0.0,0.43483585,1.006653
1492,78.84437,0.0,95.12133,6.279155,0.00072107685,0.0,0.41667747,1.0066539
1493,85.62376,0.0,101.550316,6.2791543,0.00050247845,0.0,0.43721682,1.0066544
1494,81.16395,0.0,79.49336,6.279144,0.0006531239,0.0,0.42053947,1.006655
1495,74.69892,0.0,92.37621,6.27914,0.000603277,0.0,0.4691409,1.0066581
1496,89.42912,0.0,93.76195,6.279139,0.00048226753,0.0,0.4582486,1.0066608
1497,72.85871,0.0,69.34594,6.2791433,0.00048121833,0.0,0.44167408,1.00667
1498,65.433044,0.0,61.296394,6.2791457,0.0004986764,0.0,0.4727773,1.0066783
1499,71.71872,0.0,96.76267,6.279148,0.00083695026,0.0,0.43842447,1.0066855
1500,74.8071,0.0,99.30724,6.2791457,0.0007388699,0.0,0.39651716,1.0066917
1501,91.420334,0.0,91.54885,6.2791495,0.0005037092,0.0,0.44349867,1.0066972
1502,80.60444,0.0,84.27067,6.2791514,0.00070322043,0.0,0.4384603,1.006702
1503,63.11881,0.0,80.64885,6.2791524,0.00066465116,0.0,0.41938114,1.006706
1504,73.09274,0.0,81.577095,6.279156,0.0006374352,0.0,0.46771878,1.0067095
1505,74.22524,0.0,84.21675,6.279157,0.0005976646,0.0,0.45265254,1.0067126
1506,86.40862,0.0,90.14572,6.2791605,0.00070345396,0.0,0.45304736,1.0067152
1507,74.806046,0.0,71.72108,6.279168,0.00070344144,0.0,0.43957695,1.0067172
1508,67.99954,0.0,69.88415,6.2791767,0.0010496738,0.0,0.4165216,1.0067152
1509,94.900314,0.0,98.62319,6.279192,0.0007849779,0.0,0.4476921,1.0067132
1510,83.4146,0.0,83.25181,6.279209,0.0004747453,0.0,0.4034259,1.0067121
1511,74.834465,0.0,92.27682,6.279228,0.000648687,0.0,0.4347191,1.0067108
1512,69.29634,0.0,84.88095,6.2792487,0.00093597465,0.0,0.41654527,1.0067123
1513,71.63164,0.0,79.406105,6.279268,0.0007186773,0.0,0.4357923,1.0067136
1514,102.90824,0.0,61.90016,6.279283,0.00073466764,0.0,0.41534477,1.0067146
1515,59.38879,0.0,61.735695,6.2793,0.0007544381,0.0,0.4275013,1.0067152
1516,59.61185,0.0,85.96175,6.2793164,0.00074818544,0.0,0.44040835,1.0067154
1517,72.24051,0.0,97.69474,6.279332,0.0006590289,0.0,0.45803523,1.0067155
1518,82.87174,0.0,69.3924,6.279347,0.00063437683,0.0,0.4439468,1.00672
1519,95.65823,0.0,95.140854,6.279356,0.0006502061,0.0,0.41683444,1.0067238
1520,82.83128,0.0,84.142876,6.2793703,0.0006269742,0.0,0.45207047,1.0067269
1521,85.031006,0.0,109.13979,6.2793813,0.00058536505,0.0,0.47241578,1.0067297
1522,64.54712,0.0,79.38894,6.279393,0.00061335,0.0,0.43393704,1.006732
1523,72.99512,0.0,96.22834,6.2794027,0.0007379825,0.0,0.49436373,1.0067335
1524,78.9222,0.0,76.58172,6.279407,0.0006301885,0.0,0.3990026,1.0067351
1525,73.03153,0.0,82.690605,6.279408,0.0007934992,0.0,0.42143714,1.006736
1526,76.73631,0.0,109.31552,6.279408,0.00067974546,0.0,0.42225105,1.0067369
1527,82.223785,0.0,79.133644,6.2794104,0.0007443661,0.0,0.4292849,1.0067375
1528,89.53022,0.0,92.47577,6.2794137,0.00084664533,0.0,0.4203837,1.0067378
1529,88.653336,0.0,68.60584,6.279414,0.000852323,0.0,0.43869528,1.006738
1530,81.58073,0.0,97.83198,6.2794166,0.00078503764,0.0,0.40496358,1.0067506
1531,85.38901,0.0,83.94609,6.2794247,0.0006337117,0.0,0.4295481,1.006762
1532,81.349686,0.0,70.75283,6.2794313,0.00051997334,0.0,0.45050532,1.0067722
1533,74.27419,0.0,54.55609,6.27944,0.00066603225,0.0,0.4666853,1.0067812
1534,61.203598,0.0,90.91233,6.2794476,0.0006219469,0.0,0.44621998,1.006789
1535,84.536026,0.0,74.56032,6.2794595,0.00043562133,0.0,0.45140296,1.0067959
1536,74.72127,0.0,101.40974,6.279474,0.0006274397,0.0,0.4016356,1.0068041
1537,77.488525,0.0,87.59311,6.2794914,0.0006816676,0.0,0.44011503,1.0068114
1538,82.11681,0.0,75.941376,6.2795086,0.00064732705,0.0,0.4119777,1.0068177
1539,74.94365,0.0,91.443535,6.279525,0.00056770095,0.0,0.4167287,1.0068264
1540,75.66758,0.0,85.60244,6.2795396,0.0007230536,0.0,0.39453325,1.006834
1541,70.88613,0.0,88.463715,6.2795568,0.000809615,0.0,0.43742403,1.0068407
1542,79.02451,0.0,73.89692,6.279571,0.0006790949,0.0,0.421573,1.0068465
1543,76.451584,0.0,91.84281,6.279579,0.0012526148,0.0,0.42362106,1.0068612
1544,73.96113,0.0,88.249504,6.279584,0.0004939174,0.0,0.46934652,1.0068741
1545,89.920425,0.0,74.76997,6.279586,0.00074019766,0.0,0.43895686,1.006886
1546,57.700897,0.0,82.97182,6.279589,0.000562028,0.0,0.42598152,1.0068965
1547,81.12488,0.0,72.08618,6.2795877,0.0006543541,0.0,0.4465457,1.0069057
1548,78.89587,0.0,77.29337,6.2795844,0.001049912,0.0,0.41431022,1.0069152
1549,60.84546,0.0,87.92117,6.279583,0.0010660741,0.0,0.41428694,1.0069237
1550,69.46527,0.0,96.344215,6.2795835,0.0009012985,0.0,0.44898605,1.0069312
1551,72.61036,0.0,81.325195,6.279588,0.0011667226,0.0,0.43310928,1.0069379
1552,67.78058,0.0,89.014565,6.2795973,0.0008403926,0.0,0.4632698,1.0069438
1553,72.28768,0.0,77.921974,6.2796116,0.00093377964,0.0,0.4235719,1.006949
1554,59.811207,0.0,84.04473,6.2796273,0.00057992025,0.0,0.45900476,1.0069531
1555,85.21187,0.0,91.18106,6.279643,0.0008508132,0.0,0.46792,1.0069565
1556,72.4646,0.0,96.2792,6.279659,0.00065297063,0.0,0.42857504,1.0069594
1557,80.345345,0.0,92.979034,6.2796764,0.0007886803,0.0,0.4010882,1.0069618
1558,68.89992,0.0,84.50495,6.279695,0.0006824052,0.0,0.45636964,1.0069637
1559,76.534325,0.0,85.77196,6.2797136,0.00095353706,0.0,0.46319312,1.0069652
1560,65.41624,0.0,98.03111,6.2797294,0.00081841287,0.0,0.46136087,1.0069546
1561,114.01728,0.0,80.48847,6.279741,0.00061903324,0.0,0.4806862,1.006948
1562,80.58944,0.0,111.64432,6.279753,0.00058910897,0.0,0.42141494,1.006942
1563,74.44389,0.0,94.53988,6.279769,0.00088214874,0.0,0.42617545,1.0069356
1564,64.43927,0.0,95.09858,6.279782,0.0006913644,0.0,0.45869136,1.0069298
1565,64.84935,0.0,112.977066,6.2797933,0.00073823496,0.0,0.44726425,1.0069244
1566,81.794426,0.0,94.68024,6.279804,0.0007215721,0.0,0.42166632,1.0069194
1567,65.94234,0.0,92.85045,6.2798147,0.0008494643,0.0,0.41056523,1.0069158
1568,92.36406,0.0,84.27653,6.279827,0.000558411,0.0,0.41670722,1.0069126
1569,82.48932,0.0,72.60685,6.2798333,0.0006901456,0.0,0.4258072,1.0069095
1570,70.36838,0.0,88.23568,6.2798357,0.0005633246,0.0,0.42496318,1.0069065
1571,79.4993,0.0,97.5305,6.2798405,0.0007834127,0.0,0.435044,1.0069036
1572,83.09642,0.0,90.29645,6.2798448,0.0005956722,0.0,0.4199992,1.0069007
1573,75.24203,0.0,94.67385,6.2798505,0.0005591237,0.0,0.44511306,1.006898
1574,76.743996,0.0,83.16563,6.2798557,0.0007054036,0.0,0.47118914,1.0068953
1575,94.67326,0.0,108.944115,6.2798615,0.0008065513,0.0,0.44973516,1.0068927
1576,73.08901,0.0,88.23733,6.2798715,0.000675397,0.0,0.44568694,1.0068902
1577,99.89246,0.0,96.57791,6.279877,0.0004528712,0.0,0.4358608,1.0068877
1578,74.24197,0.0,97.80376,6.279882,0.0005051067,0.0,0.4456546,1.0068853
1579,67.529366,0.0,87.48965,6.2798886,0.00068600697,0.0,0.44032907,1.0068829
1580,88.2767,0.0,92.05213,6.2798967,0.00068238605,0.0,0.47181088,1.0068805
1581,70.432465,0.0,77.00796,6.2798986,0.00062115525,0.0,0.43656144,1.0068783
1582,96.96722,0.0,90.856575,6.279893,0.00070532894,0.0,0.45437473,1.0068758
1583,56.39372,0.0,75.321175,6.2798896,0.00054280664,0.0,0.4450296,1.0068734
1584,74.2902,0.0,76.38114,6.279889,0.0004639707,0.0,0.4279995,1.0068711
1585,75.57823,0.0,83.94854,6.2798896,0.0005841109,0.0,0.4768656,1.0068687
1586,81.63228,0.0,88.215904,6.279895,0.0007281293,0.0,0.43833745,1.0068665
1587,71.404366,0.0,79.76667,6.2799006,0.0005794045,0.0,0.40993184,1.0068631
1588,77.18038,0.0,83.29331,6.2799096,0.00049200223,0.0,0.430845,1.0068598
1589,71.57357,0.0,104.50612,6.279919,0.00049147423,0.0,0.47357196,1.0068567
1590,69.88703,0.0,93.17917,6.279931,0.0005922102,0.0,0.44435716,1.0068537
1591,74.39733,0.0,86.56671,6.279944,0.0004883497,0.0,0.44834217,1.0068507
1592,54.356697,0.0,109.59401,6.279957,0.00069787307,0.0,0.3932769,1.0068479
1593,64.88979,0.0,76.0849,6.279972,0.000608877,0.0,0.45114443,1.0068452
1594,99.789314,0.0,100.88838,6.279988,0.00060102955,0.0,0.45056066,1.0068425
1595,97.03181,0.0,80.77082,6.2800055,0.0004999524,0.0,0.46518606,1.0068401
1596,64.88626,0.0,72.42249,6.280022,0.0006846466,0.0,0.42006606,1.0068381
1597,82.01732,0.0,85.57182,6.2800364,0.0007936784,0.0,0.45249388,1.0068543
1598,82.2743,0.0,100.98458,6.2800493,0.0005811294,0.0,0.47216856,1.0068691
1599,60.9215,0.0,95.06978,6.2800646,0.0012322367,0.0,0.43710646,1.006886
1600,79.679054,0.0,77.84311,6.280076,0.00060097384,0.0,0.40142268,1.0069011
1601,90.61419,0.0,107.01491,6.2800875,0.0004851286,0.0,0.4627769,1.0069143
1602,75.842384,0.0,89.871086,6.2800984,0.00057631073,0.0,0.45130062,1.0069261
1603,84.596954,0.0,70.29054,6.280108,0.00052559434,0.0,0.43872356,1.0069364
1604,94.50758,0.0,87.06304,6.2801194,0.00064802816,0.0,0.41905951,1.0069458
1605,65.525536,0.0,80.339096,6.2801266,0.00068828085,0.0,0.45854574,1.0069538
1606,69.04742,0.0,74.9861,6.2801313,0.0007903953,0.0,0.38665485,1.0069622
1607,68.86057,0.0,81.80389,6.2801294,0.0007108384,0.0,0.46029454,1.0069697
1608,76.76837,0.0,78.547935,6.2801294,0.00058604474,0.0,0.41149688,1.0069762
1609,91.250854,0.0,69.93621,6.280129,0.00075839367,0.0,0.41931257,1.0069818
1610,61.198975,0.0,78.373405,6.2801237,0.0006614916,0.0,0.42956337,1.0069867
1611,78.039444,0.0,104.265495,6.280116,0.00079314725,0.0,0.4348101,1.0069911
1612,69.97655,0.0,88.93869,6.2801094,0.0007322212,0.0,0.41893739,1.0069947
1613,86.976364,0.0,82.09351,6.280103,0.000708248,0.0,0.43534207,1.006998
1614,69.39857,0.0,61.890453,6.280103,0.0007211254,0.0,0.43495724,1.0070004
1615,72.35568,0.0,69.24226,6.280101,0.0006605836,0.0,0.43535838,1.0070028
1616,130.05327,0.0,79.55353,6.2800994,0.0004958757,0.0,0.43181798,1.0070047
1617,72.64874,0.0,82.808304,6.280103,0.0004950062,0.0,0.4271105,1.0070063
1618,92.31431,0.0,68.80213,6.2801094,0.0009833904,0.0,0.4534731,1.0070074
1619,83.11167,0.0,90.46927,6.280119,0.00050362304,0.0,0.4533736,1.0070082
1620,90.54743,0.0,99.83454,6.2801275,0.0008247296,0.0,0.4587674,1.0070087
1621,67.40659,0.0,96.19751,6.28014,0.00067251443,0.0,0.4204585,1.0070088
1622,80.67754,0.0,96.72731,6.2801495,0.00071612204,0.0,0.43185768,1.0070088
1623,74.42716,0.0,103.293945,6.2801623,0.00053642475,0.0,0.39217076,1.0070076
1624,60.846775,0.0,118.15973,6.2801766,0.0006501224,0.0,0.41786346,1.0070064
1625,96.948494,0.0,100.46552,6.2801914,0.0006226025,0.0,0.44612643,1.0070051
1626,82.79499,0.0,87.58752,6.2802014,0.0005918791,0.0,0.41946453,1.0070038
1627,71.53836,0.0,91.872,6.280212,0.0005587053,0.0,0.4344622,1.0070025
1628,57.58859,0.0,84.73436,6.2802224,0.0007471113,0.0,0.41529632,1.0070009
1629,84.80749,0.0,68.10647,6.280237,0.00047353242,0.0,0.41541034,1.0069993
1630,53.99962,0.0,103.778076,6.28025,0.00061478745,0.0,0.39512438,1.0069975
1631,89.471794,0.0,94.02928,6.2802577,0.00073628174,0.0,0.43458068,1.0069958
1632,122.86722,0.0,85.33182,6.2802625,0.00053142465,0.0,0.42102402,1.0069941
1633,66.719025,0.0,82.82575,6.280267,0.0009055966,0.0,0.4571004,1.0069922
1634,69.820625,0.0,64.07705,6.280274,0.00067890773,0.0,0.45949244,1.0069904
1635,82.7125,0.0,84.34642,6.280281,0.00075135025,0.0,0.47055537,1.0069884
1636,79.72306,0.0,98.58578,6.2802877,0.00047150534,0.0,0.41608533,1.0069882
1637,97.38816,0.0,84.96133,6.2802873,0.0007144114,0.0,0.42619365,1.0069877
1638,69.295685,0.0,92.23667,6.2802873,0.0006534485,0.0,0.45448196,1.0069871
1639,82.75941,0.0,92.11122,6.280287,0.00079661276,0.0,0.45036185,1.0069861
1640,74.30051,0.0,87.05248,6.2802877,0.00079613505,0.0,0.43276232,1.006985
1641,96.17834,0.0,89.824425,6.2802973,0.00061785127,0.0,0.44201142,1.0069838
1642,77.13545,0.0,104.39147,6.2803082,0.00058639207,0.0,0.4414712,1.0069822
1643,80.91389,0.0,94.07843,6.28032,0.000620989,0.0,0.4285745,1.0069809
1644,90.01045,0.0,97.17949,6.280335,0.0004995101,0.0,0.40763456,1.0069793
1645,66.86891,0.0,76.56212,6.2803507,0.0006185162,0.0,0.4632003,1.0069779
1646,62.729523,0.0,79.05257,6.280364,0.0007460178,0.0,0.4457744,1.0069764
1647,63.111027,0.0,98.408516,6.2803736,0.0005669869,0.0,0.40570468,1.0069752
1648,97.08393,0.0,85.15038,6.2803817,0.0004944692,0.0,0.39392203,1.006974
1649,54.671783,0.0,77.029655,6.28039,0.00079081574,0.0,0.40127838,1.0069726
1650,74.23719,0.0,74.39777,6.280402,0.0004894798,0.0,0.4108003,1.0069711
1651,72.58849,0.0,81.01312,6.280416,0.00046308764,0.0,0.45239815,1.0069695
1652,88.77609,0.0,70.927315,6.2804227,0.00068737566,0.0,0.40822452,1.0069678
1653,72.53126,0.0,91.10163,6.280428,0.0010329778,0.0,0.47282848,1.006966
1654,61.73834,0.0,92.53329,6.280428,0.0006395556,0.0,0.42068037,1.0069641
1655,47.554955,0.0,79.49871,6.2804418,0.0008422928,0.0,0.41628265,1.0069621
1656,71.94016,0.0,74.51178,6.2804565,0.00090290577,0.0,0.47450322,1.0069602
1657,81.55529,0.0,105.54671,6.2804713,0.00062198803,0.0,0.42677808,1.0069581
1658,66.29649,0.0,74.16313,6.280479,0.00095928943,0.0,0.39229923,1.0069563
1659,58.744537,0.0,91.090744,6.2804894,0.0005756334,0.0,0.4082249,1.0069541
1660,70.31639,0.0,81.09826,6.280493,0.0006527406,0.0,0.48362646,1.006952
1661,59.854427,0.0,78.187,6.280499,0.00087383797,0.0,0.43734592,1.00695
1662,70.38578,0.0,79.6105,6.2805076,0.0007846623,0.0,0.38539106,1.0069479
1663,90.96209,0.0,88.39785,6.280514,0.00063945644,0.0,0.42280638,1.0069456
1664,63.93462,0.0,83.7463,6.2805176,0.0006552364,0.0,0.4500053,1.0069436
1665,70.186516,0.0,98.73755,6.28052,0.00077335024,0.0,0.41977888,1.0069414
1666,58.191208,0.0,86.62492,6.2805214,0.00088663393,0.0,0.43587837,1.0069393
1667,79.13164,0.0,88.80341,6.2805257,0.0007003187,0.0,0.42670977,1.0069371
1668,71.79248,0.0,93.94244,6.2805243,0.0006242549,0.0,0.43279585,1.0069407
1669,63.112686,0.0,78.42227,6.28053,0.0008205393,0.0,0.3867286,1.0069436
1670,60.330265,0.0,78.706505,6.2805295,0.0006176184,0.0,0.41824216,1.0069462
1671,65.77436,0.0,75.56355,6.2805295,0.0006755504,0.0,0.42077383,1.0069476
1672,104.07681,0.0,71.95906,6.2805314,0.0006791406,0.0,0.44036365,1.0069488
1673,70.467964,0.0,93.68348,6.28053,0.0005538966,0.0,0.46652183,1.0069498
1674,67.9658,0.0,92.707664,6.280529,0.00070806534,0.0,0.46449122,1.0069509
1675,60.807884,0.0,74.28218,6.280529,0.00072168326,0.0,0.44209775,1.0069523
1676,74.16395,0.0,72.33712,6.280531,0.0006253476,0.0,0.4836415,1.0069532
1677,75.408,0.0,82.71058,6.2805343,0.00079112983,0.0,0.43208846,1.0069542
1678,82.63866,0.0,90.27945,6.2805357,0.00066724734,0.0,0.45067477,1.0069549
1679,74.32548,0.0,84.31305,6.2805405,0.0006458147,0.0,0.43677294,1.0069555
1680,94.23485,0.0,97.216446,6.280552,0.00061860983,0.0,0.42352742,1.0069561
1681,70.7276,0.0,93.92954,6.280565,0.00055410934,0.0,0.45060453,1.0069561
1682,78.445755,0.0,93.58973,6.2805743,0.0005807987,0.0,0.4503785,1.0069561
1683,71.290344,0.0,91.22833,6.280583,0.0006306883,0.0,0.44392484,1.0069557
1684,59.265293,0.0,69.974594,6.2805924,0.0006660364,0.0,0.42104745,1.0069554
1685,80.868774,0.0,83.62342,6.280598,0.00054278097,0.0,0.42738718,1.0069565
1686,65.721794,0.0,96.06236,6.2806063,0.0006459333,0.0,0.42400774,1.0069579
1687,95.534325,0.0,74.99983,6.2806153,0.00062034413,0.0,0.43650866,1.0069591
1688,70.0605,0.0,96.99091,6.280618,0.000607095,0.0,0.41148567,1.0069597
1689,65.658005,0.0,108.14837,6.2806215,0.00079297763,0.0,0.42143792,1.0069603
1690,98.52078,0.0,97.62104,6.2806225,0.00089645386,0.0,0.4558764,1.0069604
1691,73.940025,0.0,102.27722,6.2806196,0.0006061067,0.0,0.40694174,1.0069604
1692,97.55519,0.0,77.99883,6.2806168,0.00053294154,0.0,0.4258891,1.00696
1693,90.31764,0.0,82.26766,6.280616,0.00071516744,0.0,0.41000435,1.0069594
1694,78.402916,0.0,81.02021,6.2806125,0.00077781174,0.0,0.44181904,1.0069588
1695,93.954475,0.0,99.375175,6.280615,0.0010691585,0.0,0.42970714,1.0069581
1696,67.18207,0.0,108.21289,6.2806125,0.00068566145,0.0,0.43393943,1.006957
1697,67.87711,0.0,135.68825,6.28061,0.000647008,0.0,0.4346649,1.006956
1698,76.87635,0.0,78.67051,6.2806067,0.00072278053,0.0,0.49427578,1.0069549
1699,66.550095,0.0,108.58466,6.280602,0.0006070093,0.0,0.43080077,1.0069536
1700,64.73228,0.0,87.524345,6.2806044,0.0006438764,0.0,0.4553556,1.0069515
1701,69.96534,0.0,98.83163,6.280607,0.0006854475,0.0,0.40847453,1.0069493
1702,72.40674,0.0,79.500565,6.2806125,0.00062330253,0.0,0.40364265,1.0069503
1703,76.19671,0.0,94.21002,6.280618,0.0006169162,0.0,0.43299612,1.0069511
1704,104.070885,0.0,89.431145,6.2806253,0.00070173445,0.0,0.41648158,1.0069518
1705,70.93945,0.0,80.576996,6.2806277,0.00059001625,0.0,0.43298703,1.0069523
1706,66.17088,0.0,82.11541,6.2806344,0.0007995516,0.0,0.4281033,1.0069526
1707,68.13796,0.0,97.987366,6.280646,0.00092727493,0.0,0.4207667,1.0069543
1708,72.7533,0.0,87.89469,6.2806554,0.00046910322,0.0,0.4363435,1.0069586
1709,68.18471,0.0,92.62928,6.280668,0.000736163,0.0,0.42017227,1.0069622
1710,80.91243,0.0,86.27931,6.2806797,0.0007324297,0.0,0.437021,1.0069654
1711,76.365074,0.0,74.63682,6.2806926,0.000655908,0.0,0.4317782,1.0069677
1712,72.880844,0.0,74.670586,6.2807045,0.00053034164,0.0,0.41632771,1.0069692
1713,79.12045,0.0,99.85221,6.2807136,0.00077772065,0.0,0.41833228,1.0069708
1714,84.073616,0.0,94.02352,6.280722,0.0008764011,0.0,0.44059584,1.0069718
1715,99.87227,0.0,90.01795,6.2807374,0.0008182318,0.0,0.39881417,1.0069721
1716,81.10015,0.0,85.956924,6.280755,0.0005532117,0.0,0.45228863,1.0069721
1717,81.79224,0.0,93.011826,6.2807684,0.0013270567,0.0,0.42025638,1.0069721
1718,99.010735,0.0,109.13096,6.280776,0.0006912993,0.0,0.41353306,1.0069717
1719,78.00472,0.0,69.30954,6.280783,0.0005667219,0.0,0.42692944,1.0069711
1720,74.66024,0.0,82.87625,6.280794,0.00048453128,0.0,0.43816036,1.0069705
1721,74.093,0.0,78.92506,6.280805,0.00064817374,0.0,0.4184929,1.0069718
1722,97.464005,0.0,99.31945,6.2808146,0.00070100016,0.0,0.4393229,1.0069728
1723,77.17907,0.0,76.46174,6.280825,0.0004788881,0.0,0.464081,1.0069624
1724,77.93244,0.0,59.23535,6.2808375,0.0008030896,0.0,0.43014097,1.0069531
1725,64.33963,0.0,97.67527,6.2808485,0.0006169863,0.0,0.44316158,1.0069445
1726,75.537544,0.0,86.614624,6.28086,0.0004918772,0.0,0.45992702,1.0069367
1727,88.63847,0.0,74.11591,6.2808676,0.0005101644,0.0,0.41717768,1.0069294
1728,70.42828,0.0,73.17177,6.280876,0.00048647652,0.0,0.40284914,1.0069227
1729,67.60376,0.0,87.845505,6.280883,0.0008819596,0.0,0.45371625,1.0069166
1730,62.490536,0.0,99.48541,6.2808924,0.0007068365,0.0,0.41418183,1.0069095
1731,60.473267,0.0,78.73322,6.2809005,0.0007190736,0.0,0.4265474,1.0069029
1732,82.62866,0.0,85.33058,6.280906,0.00040086822,0.0,0.4346597,1.0068969
1733,96.69422,0.0,83.204475,6.280911,0.0006783166,0.0,0.42385322,1.0068913
1734,63.91543,0.0,90.75077,6.280916,0.00055453123,0.0,0.47717535,1.0068859
1735,67.36202,0.0,88.68675,6.280924,0.0007077445,0.0,0.43612808,1.0068803
1736,65.536865,0.0,78.38173,6.280929,0.0006420129,0.0,0.4626481,1.0068752
1737,92.395676,0.0,76.27469,6.280932,0.00045856857,0.0,0.4296962,1.0068702
1738,72.478775,0.0,96.56813,6.280935,0.00088678225,0.0,0.44422096,1.0068655
1739,58.4821,0.0,89.42881,6.280938,0.0005170637,0.0,0.4586204,1.0068611
1740,67.32663,0.0,101.356636,6.280951,0.00050088664,0.0,0.43318623,1.0068554
1741,78.15855,0.0,75.11636,6.280961,0.00047402474,0.0,0.41939592,1.00685
1742,68.46845,0.0,85.80147,6.280972,0.0008466317,0.0,0.46259946,1.006845
1743,65.97036,0.0,59.020275,6.280987,0.0008950498,0.0,0.41818675,1.00684
1744,82.260635,0.0,76.86579,6.2810016,0.0006835556,0.0,0.47818145,1.0068351
1745,100.386665,0.0,93.764084,6.2810187,0.0006639655,0.0,0.42895138,1.0068305
1746,63.0781,0.0,100.80492,6.2810335,0.00063469843,0.0,0.42053288,1.0068417
1747,71.49257,0.0,91.354546,6.281046,0.0006528245,0.0,0.4743416,1.0068517
1748,84.52046,0.0,88.2521,6.2810593,0.0008023192,0.0,0.4405496,1.0068605
1749,84.92061,0.0,97.92756,6.281074,0.0008606636,0.0,0.46043104,1.0068684
1750,62.322266,0.0,91.177635,6.281091,0.0006480671,0.0,0.45634744,1.0068755
1751,58.629223,0.0,83.56533,6.2811055,0.0010091414,0.0,0.42591032,1.0068815
1752,71.09058,0.0,95.09141,6.281115,0.0006026883,0.0,0.43102598,1.0068868
1753,76.02296,0.0,96.069756,6.2811213,0.00051314593,0.0,0.42828834,1.0068915
1754,78.696,0.0,68.05749,6.281123,0.0009585346,0.0,0.43906355,1.0068954
1755,66.11444,0.0,86.75651,6.281124,0.0008606622,0.0,0.40763792,1.0068989
1756,66.45921,0.0,92.714294,6.2811284,0.00073324423,0.0,0.47649294,1.0069016
1757,71.20584,0.0,119.369156,6.2811327,0.00075799634,0.0,0.43312165,1.006904
1758,57.843906,0.0,95.29285,6.2811356,0.0007805437,0.0,0.49534994,1.0069059
1759,97.20142,0.0,86.641,6.2811403,0.00084646186,0.0,0.423779,1.0069073
1760,62.011475,0.0,91.93328,6.2811465,0.0006001908,0.0,0.39661264,1.0069085
1761,60.36443,0.0,95.77352,6.2811527,0.0009531143,0.0,0.42638975,1.0069095
1762,76.252914,0.0,105.95838,6.281154,0.0005453974,0.0,0.44697618,1.0069194
1763,62.878937,0.0,73.41356,6.2811522,0.0010097601,0.0,0.42931852,1.0069282
1764,65.764244,0.0,84.06802,6.2811522,0.0010254811,0.0,0.45168766,1.0069361
1765,81.21162,0.0,94.85261,6.2811556,0.0006290723,0.0,0.43681964,1.0069431
1766,70.2902,0.0,67.07557,6.281154,0.00077534997,0.0,0.39773083,1.0069491
1767,55.58793,0.0,78.94353,6.2811546,0.00070702867,0.0,0.44196028,1.0069569
1768,87.016396,0.0,106.17749,6.281154,0.0009972013,0.0,0.43317246,1.0069662
1769,81.03283,0.0,96.20364,6.2811594,0.00066013203,0.0,0.45128202,1.006962
1770,68.9639,0.0,92.48007,6.2811613,0.000704154,0.0,0.4681836,1.006958
1771,77.41266,0.0,75.49098,6.2811675,0.0008598134,0.0,0.40378845,1.0069543
1772,59.036484,0.0,75.17835,6.281178,0.00066609355,0.0,0.41390026,1.0069507
1773,76.85965,0.0,94.36256,6.281192,0.000479702,0.0,0.41477942,1.0069475
1774,65.17862,0.0,108.74224,6.281206,0.00069967087,0.0,0.43167973,1.0069445
1775,67.90402,0.0,80.09969,6.2812204,0.0008908907,0.0,0.45329222,1.0069416
1776,100.63562,0.0,86.61143,6.2812366,0.00077186775,0.0,0.4414018,1.0069388
1777,88.12589,0.0,77.252785,6.2812524,0.0008501274,0.0,0.434775,1.0069386
1778,64.795746,0.0,84.64593,6.281263,0.0006889304,0.0,0.40947604,1.0069382
1779,81.450584,0.0,90.693184,6.2812705,0.00081356143,0.0,0.41127476,1.0069374
1780,65.7826,0.0,94.85431,6.281278,0.00074916997,0.0,0.41913605,1.0069362
1781,92.72574,0.0,82.27499,6.281286,0.00061033515,0.0,0.47406113,1.0069344
1782,80.791245,0.0,115.24106,6.281284,0.000648918,0.0,0.45430046,1.0069329
1783,68.93245,0.0,98.286865,6.2812824,0.0006381533,0.0,0.43201637,1.0069314
1784,77.00947,0.0,93.30348,6.281283,0.00066066475,0.0,0.43310374,1.0069301
1785,78.836586,0.0,81.11756,6.2812862,0.00083689636,0.0,0.46541643,1.0069286
1786,92.32346,0.0,76.87401,6.281287,0.001159484,0.0,0.4534672,1.0069269
1787,81.29943,0.0,85.51897,6.281291,0.0009662792,0.0,0.4349336,1.0069253
1788,88.23371,0.0,82.73027,6.2812996,0.000573795,0.0,0.41765472,1.0069236
1789,79.18348,0.0,83.952095,6.2813067,0.00057233,0.0,0.46395072,1.0069219
1790,102.919495,0.0,100.86735,6.2813163,0.0005566007,0.0,0.41365838,1.0069199
1791,71.2964,0.0,96.01758,6.281328,0.0011313097,0.0,0.41270933,1.0069181
1792,78.71398,0.0,77.60998,6.2813463,0.0005909386,0.0,0.4691063,1.0069158
1793,56.958504,0.0,83.977394,6.281362,0.001165936,0.0,0.44170833,1.0069135
1794,83.52414,0.0,99.5234,6.28138,0.0006261534,0.0,0.44674158,1.0069113
1795,58.775017,0.0,84.66341,6.281394,0.00054395676,0.0,0.4438848,1.006909
1796,79.4984,0.0,90.83463,6.2814074,0.00057311426,0.0,0.435078,1.0069067
1797,86.81871,0.0,87.731674,6.2814217,0.0006580774,0.0,0.42778903,1.0069045
1798,83.48212,0.0,126.08644,6.281433,0.0006519367,0.0,0.4256074,1.0069023
1799,78.10003,0.0,66.892235,6.281449,0.00077618397,0.0,0.41326627,1.0069134
1800,84.98073,0.0,84.86943,6.2814617,0.00053657976,0.0,0.4320353,1.0069232
1801,79.66048,0.0,85.79778,6.2814693,0.00047377436,0.0,0.4496077,1.0069319
1802,58.25036,0.0,85.3417,6.2814765,0.00048371017,0.0,0.41402555,1.0069395
1803,78.55977,0.0,73.14114,6.281482,0.0007063978,0.0,0.41117662,1.0069462
1804,65.616585,0.0,106.771454,6.2814875,0.0005831749,0.0,0.4591413,1.0069543
1805,62.35507,0.0,90.40208,6.281491,0.0005750626,0.0,0.48463616,1.0069612
1806,66.40157,0.0,87.673225,6.281497,0.000548868,0.0,0.44725975,1.0069786
1807,68.89352,0.0,91.04448,6.2814994,0.0012135862,0.0,0.42435616,1.0069927
1808,80.94056,0.0,81.40763,6.2814994,0.00096599123,0.0,0.40443215,1.0070051
1809,60.451954,0.0,117.63904,6.2815037,0.0007461211,0.0,0.45892686,1.0070266
1810,79.23815,0.0,82.14645,6.2815037,0.00085171795,0.0,0.4920041,1.0070457
1811,90.80788,0.0,99.29116,6.2815046,0.0008806178,0.0,0.40921795,1.0070632
1812,65.944595,0.0,75.42334,6.2815084,0.0009979056,0.0,0.45653495,1.007079
1813,81.665215,0.0,75.62516,6.2815213,0.0006803504,0.0,0.4193182,1.007093
1814,61.944904,0.0,100.57697,6.281531,0.00049501914,0.0,0.43706912,1.0071056
1815,106.856,0.0,81.95436,6.281539,0.00076189305,0.0,0.4525408,1.0071167
1816,82.12891,0.0,82.82927,6.281548,0.00071273,0.0,0.44997317,1.0071266
1817,59.479553,0.0,75.56457,6.2815547,0.00069247547,0.0,0.4250643,1.0071317
1818,61.02549,0.0,69.984406,6.281558,0.0009372084,0.0,0.42320105,1.0071359
1819,73.232475,0.0,102.82514,6.281561,0.0010224279,0.0,0.52327186,1.0071394
1820,70.82645,0.0,95.93356,6.2815666,0.00065531087,0.0,0.4472658,1.007153
1821,95.67525,0.0,87.08796,6.281568,0.00059476786,0.0,0.41293567,1.0071675
1822,69.743866,0.0,98.539986,6.2815733,0.00087008567,0.0,0.45185372,1.0071803
1823,82.78749,0.0,83.91072,6.281581,0.0006383465,0.0,0.4599588,1.0071918
1824,68.02617,0.0,74.27302,6.281591,0.0007196353,0.0,0.40966898,1.0072018
1825,78.80184,0.0,86.82715,6.2816024,0.00073671783,0.0,0.4352468,1.0072106
1826,58.542027,0.0,76.057274,6.281613,0.00071067875,0.0,0.43180212,1.0072186
1827,74.11845,0.0,68.59186,6.2816205,0.00084443495,0.0,0.4462367,1.0072255
1828,76.661865,0.0,83.19823,6.2816305,0.00076192495,0.0,0.42009467,1.0072315
1829,87.898575,0.0,116.48447,6.2816443,0.0007087588,0.0,0.45488974,1.0072365
1830,64.920715,0.0,79.608116,6.2816567,0.0009315802,0.0,0.42548415,1.0072432
1831,63.89598,0.0,113.14397,6.2816734,0.0004970634,0.0,0.4191433,1.0072489
1832,67.204926,0.0,80.570816,6.281691,0.00089345634,0.0,0.42354286,1.0072539
1833,61.29278,0.0,82.88872,6.2817125,0.0008153582,0.0,0.42611557,1.0072582
1834,86.88639,0.0,95.473,6.2817316,0.001006674,0.0,0.4506565,1.0072618
1835,88.41533,0.0,120.846565,6.281749,0.0007137804,0.0,0.42386052,1.0072647
1836,70.351105,0.0,65.61763,6.2817683,0.0005143841,0.0,0.4350888,1.007267
1837,77.138084,0.0,92.11732,6.2817893,0.00066443527,0.0,0.44156176,1.0072685
1838,90.943504,0.0,69.42953,6.281803,0.0007507764,0.0,0.4290969,1.0072696
1839,83.88078,0.0,89.64509,6.2818184,0.00086688483,0.0,0.49127746,1.0072706
1840,71.01049,0.0,103.389465,6.281838,0.00059242593,0.0,0.4435421,1.0072712
1841,94.47157,0.0,78.75584,6.2818565,0.00093229197,0.0,0.4644217,1.0072714
1842,90.30746,0.0,86.22268,6.2818704,0.0007423676,0.0,0.39766496,1.0072714
1843,82.45095,0.0,93.48213,6.28188,0.0007292166,0.0,0.439885,1.0072713
1844,60.28438,0.0,91.01445,6.281891,0.00060471724,0.0,0.43941098,1.0072721
1845,88.97385,0.0,82.908775,6.281899,0.0005881445,0.0,0.44725627,1.0072731
1846,94.60093,0.0,81.86159,6.2819076,0.0009519788,0.0,0.4161231,1.0072737
1847,66.561455,0.0,139.03294,6.2819157,0.0011100828,0.0,0.43714866,1.0072739
1848,95.27688,0.0,61.623787,6.2819195,0.0007714594,0.0,0.4762029,1.0072739
1849,80.186356,0.0,88.317604,6.2819195,0.00063547713,0.0,0.41731855,1.0072733
1850,74.98748,0.0,92.873886,6.281912,0.00064112095,0.0,0.42474288,1.007273
1851,65.46925,0.0,86.36225,6.281903,0.00065776124,0.0,0.4377585,1.0072845
1852,82.10445,0.0,74.321335,6.281894,0.00089586515,0.0,0.43980378,1.0072953
1853,93.84292,0.0,80.60986,6.2818904,0.0007870271,0.0,0.4428115,1.0073045
1854,70.39552,0.0,91.26094,6.281885,0.0006168228,0.0,0.44937313,1.0073127
1855,60.154865,0.0,93.75282,6.281883,0.0007296265,0.0,0.4438129,1.0073199
1856,77.7282,0.0,88.08485,6.2818823,0.00070699834,0.0,0.4335198,1.0073261
1857,59.887917,0.0,76.250656,6.281887,0.00056749093,0.0,0.41796106,1.0073316
1858,88.23698,0.0,71.552635,6.2818904,0.0008361781,0.0,0.45653248,1.0073364
1859,92.348145,0.0,112.82,6.281896,0.0005557836,0.0,0.42826065,1.0073403
1860,76.93719,0.0,74.55524,6.2819014,0.0007670719,0.0,0.4379232,1.007344
1861,66.51576,0.0,94.67032,6.2819014,0.00061480503,0.0,0.44825268,1.0073427
1862,83.5438,0.0,98.25904,6.2819037,0.0006110893,0.0,0.43834335,1.0073413
1863,85.75182,0.0,104.029526,6.281906,0.00057091727,0.0,0.41991886,1.0073398
1864,87.14444,0.0,80.33408,6.2819085,0.0005516757,0.0,0.4295534,1.0073415
1865,63.62826,0.0,80.25448,6.281914,0.00072603807,0.0,0.43042868,1.0073429
1866,81.04268,0.0,67.412415,6.281924,0.0005143802,0.0,0.4463422,1.0073439
1867,71.06256,0.0,87.24483,6.281931,0.0009202181,0.0,0.41447073,1.0073447
1868,79.603424,0.0,106.00956,6.2819405,0.00060409226,0.0,0.41483164,1.0073451
1869,92.754944,0.0,72.42327,6.281952,0.00055264606,0.0,0.41170606,1.0073452
1870,66.723885,0.0,81.127396,6.2819605,0.0005680855,0.0,0.44761717,1.0073451
1871,70.92147,0.0,83.35702,6.2819605,0.00070124416,0.0,0.42666173,1.0073441
1872,93.9471,0.0,82.0036,6.2819595,0.0007297329,0.0,0.43428096,1.0073433
1873,88.37791,0.0,85.379326,6.281962,0.00051080785,0.0,0.41640425,1.0073422
1874,69.06257,0.0,89.90084,6.2819695,0.0007556804,0.0,0.46537527,1.0073409
1875,77.09573,0.0,110.44115,6.281983,0.0004485077,0.0,0.45347208,1.0073396
1876,98.8826,0.0,91.08028,6.2819967,0.000559376,0.0,0.44181824,1.007338
1877,125.74627,0.0,85.14011,6.282015,0.0007100812,0.0,0.42129183,1.0073365
1878,46.637394,0.0,81.67064,6.2820373,0.0007614707,0.0,0.4516767,1.007336
1879,68.72299,0.0,91.3292,6.2820606,0.00054735504,0.0,0.42615235,1.0073408
1880,80.617805,0.0,85.6827,6.2820826,0.0007153197,0.0,0.44086036,1.0073423
1881,76.96842,0.0,84.760086,6.2821074,0.0005202572,0.0,0.41655558,1.0073436
1882,67.798386,0.0,70.432465,6.282127,0.0007179781,0.0,0.41398406,1.0073447
1883,60.43355,0.0,85.47112,6.2821445,0.0007412097,0.0,0.41220364,1.0073453
1884,62.14018,0.0,95.3582,6.2821603,0.0006837728,0.0,0.43262348,1.0073458
1885,50.384384,0.0,71.30454,6.282173,0.0007311243,0.0,0.443454,1.0073462
1886,70.051155,0.0,76.464195,6.282181,0.00071059307,0.0,0.44024158,1.0073462
1887,79.060394,0.0,112.06766,6.28219,0.0007086049,0.0,0.46015602,1.007346
1888,87.018616,0.0,70.64959,6.2821965,0.0009027659,0.0,0.4125592,1.0073458
1889,73.52666,0.0,93.18955,6.2822013,0.00039154635,0.0,0.47237763,1.0073456
1890,75.32627,0.0,95.24088,6.282208,0.0006636355,0.0,0.39879423,1.0073451
1891,86.644905,0.0,110.200424,6.282217,0.000680955,0.0,0.44518995,1.0073444
1892,72.67873,0.0,86.828606,6.282222,0.00076181954,0.0,0.4283727,1.0073436
1893,95.01033,0.0,96.49547,6.2822247,0.00058703194,0.0,0.43828174,1.0073426
1894,68.11626,0.0,90.33312,6.2822256,0.0004111076,0.0,0.45453286,1.0073413
1895,74.71076,0.0,85.39951,6.282228,0.0005537643,0.0,0.44984603,1.007338
1896,69.04891,0.0,122.53651,6.2822294,0.000986992,0.0,0.42249188,1.007335
1897,72.45953,0.0,83.80137,6.2822328,0.00054075266,0.0,0.43667635,1.0073403
1898,69.14746,0.0,87.92342,6.282233,0.0007266432,0.0,0.45302114,1.0073451
1899,80.97274,0.0,104.24608,6.2822347,0.00092967274,0.0,0.41753763,1.0073493
1900,74.98099,0.0,87.98605,6.2822323,0.00077079434,0.0,0.43439037,1.0073527
1901,71.752655,0.0,76.3268,6.2822347,0.00062169257,0.0,0.44891006,1.0073557
1902,78.73676,0.0,97.783104,6.2822366,0.00055350614,0.0,0.49468002,1.0073582
1903,94.80886,0.0,81.267586,6.2822404,0.00064318214,0.0,0.42051324,1.0073602
1904,65.877945,0.0,91.07075,6.2822485,0.0006018368,0.0,0.44107518,1.0073619
1905,65.862724,0.0,87.87669,6.282251,0.000606497,0.0,0.43194103,1.0073632
1906,80.84486,0.0,90.34862,6.282256,0.0005391304,0.0,0.4561753,1.0073639
1907,68.04212,0.0,61.369694,6.2822685,0.0005084501,0.0,0.41867888,1.0073647
1908,77.18757,0.0,71.18727,6.28228,0.0008046146,0.0,0.4417054,1.0073647
1909,84.85734,0.0,93.89213,6.2822943,0.00082058983,0.0,0.44942403,1.0073649
1910,85.81722,0.0,84.798485,6.2823105,0.0005809865,0.0,0.47239387,1.0073647
1911,68.60604,0.0,90.6236,6.2823277,0.00068088237,0.0,0.42164683,1.0073644
1912,75.3025,0.0,85.68589,6.2823524,0.0005402657,0.0,0.44392747,1.0073638
1913,68.175224,0.0,89.07899,6.2823753,0.00069708674,0.0,0.4331416,1.0073607
1914,72.38471,0.0,76.38426,6.282398,0.0006853847,0.0,0.47248387,1.0073574
1915,77.67012,0.0,78.75373,6.282421,0.00057176064,0.0,0.44407925,1.0073543
1916,76.288086,0.0,90.68556,6.282444,0.0006336024,0.0,0.46062368,1.0073513
1917,70.23397,0.0,90.808044,6.282463,0.00061457464,0.0,0.40236312,1.0073484
1918,68.359215,0.0,92.497185,6.2824817,0.0005066058,0.0,0.42427015,1.0073444
1919,92.9118,0.0,91.817184,6.282505,0.0007157367,0.0,0.43899626,1.0073391
1920,73.36691,0.0,89.80306,6.282529,0.0007345284,0.0,0.4560631,1.0073339
1921,83.87328,0.0,83.54419,6.2825522,0.0010034621,0.0,0.4331163,1.0073291
1922,72.30341,0.0,68.62176,6.2825727,0.0007612362,0.0,0.4405011,1.0073246
1923,87.19799,0.0,88.68553,6.282589,0.00058251823,0.0,0.43312806,1.0073203
1924,71.98753,0.0,88.55434,6.282604,0.0008683577,0.0,0.42857754,1.0073161
1925,60.73567,0.0,118.13114,6.2826204,0.00058536883,0.0,0.43244237,1.0073124
1926,68.83649,0.0,106.28429,6.2826347,0.00066375424,0.0,0.4179629,1.0073082
1927,83.65477,0.0,71.79949,6.2826433,0.0007246266,0.0,0.41882265,1.0073043
1928,84.44922,0.0,91.56312,6.2826486,0.000727957,0.0,0.42771515,1.0073007
1929,85.57451,0.0,71.384636,6.2826557,0.000585611,0.0,0.42879757,1.007297
1930,69.25645,0.0,100.42681,6.2826576,0.00047154003,0.0,0.43788847,1.0072954
1931,119.41584,0.0,86.37204,6.2826576,0.0007525253,0.0,0.4565727,1.0072939
1932,83.83028,0.0,91.3813,6.2826524,0.0006306618,0.0,0.43054813,1.007293
1933,83.21398,0.0,77.04302,6.2826533,0.00046862615,0.0,0.44375378,1.0072932
1934,101.1086,0.0,84.85139,6.2826576,0.0008359283,0.0,0.43223247,1.0072875
1935,71.09612,0.0,112.05469,6.282663,0.00062614767,0.0,0.45406002,1.0072821
1936,95.17223,0.0,82.28494,6.282668,0.0006545391,0.0,0.46481702,1.007277
1937,61.047047,0.0,83.61799,6.2826767,0.00085182337,0.0,0.47493014,1.0072722
1938,74.03547,0.0,65.777,6.2826858,0.00053735764,0.0,0.42985302,1.0072707
1939,87.39126,0.0,87.65289,6.282696,0.0010031778,0.0,0.4467835,1.007269
1940,73.59689,0.0,96.23791,6.2827044,0.0005438164,0.0,0.40477675,1.0072675
1941,62.72168,0.0,98.95587,6.2827125,0.0008067619,0.0,0.4341267,1.007265
1942,59.945152,0.0,83.7307,6.2827163,0.0007699336,0.0,0.4392067,1.0072626
1943,79.438095,0.0,82.07603,6.282723,0.0006114256,0.0,0.4248554,1.0072608
1944,70.799065,0.0,87.63191,6.282724,0.0006522922,0.0,0.40086994,1.0072588
1945,68.14643,0.0,91.158005,6.28272,0.00069510075,0.0,0.44094568,1.0072569
1946,57.947594,0.0,76.3873,6.282714,0.00066483323,0.0,0.4201424,1.007255
1947,87.06082,0.0,91.15087,6.282709,0.00049047195,0.0,0.4077544,1.0072529
1948,60.453564,0.0,80.42417,6.2827053,0.0007605072,0.0,0.47470778,1.007251
1949,84.899345,0.0,99.85166,6.282702,0.00075293606,0.0,0.43090147,1.007249
1950,62.952873,0.0,93.64344,6.2827005,0.00060833956,0.0,0.44118398,1.0072582
1951,79.12567,0.0,70.700134,6.2827,0.0005888072,0.0,0.44984373,1.0072664
1952,70.15452,0.0,74.72778,6.282703,0.000790886,0.0,0.44016016,1.0072917
1953,70.358376,0.0,91.24469,6.282714,0.0007205784,0.0,0.43347687,1.0073147
1954,67.69109,0.0,93.28686,6.2827263,0.000554305,0.0,0.4339521,1.0073351
1955,77.75797,0.0,92.067604,6.282736,0.00068247085,0.0,0.42301163,1.0073535
1956,74.92062,0.0,81.24391,6.282745,0.0005673119,0.0,0.46637124,1.0073701
1957,69.32267,0.0,99.35675,6.282754,0.00064857205,0.0,0.4524302,1.0073848
1958,83.9422,0.0,61.911427,6.282765,0.0004978102,0.0,0.4190893,1.0073975
1959,82.88903,0.0,93.57777,6.2827783,0.00049474323,0.0,0.47255296,1.0074091
1960,65.82717,0.0,70.6416,6.282794,0.0006374264,0.0,0.43106374,1.0074191
1961,75.46532,0.0,77.48601,6.282809,0.00055739353,0.0,0.4253369,1.0074282
1962,74.656425,0.0,86.27578,6.282823,0.0009515461,0.0,0.44264102,1.007436
1963,81.54711,0.0,97.07425,6.2828426,0.00086444843,0.0,0.4325078,1.007443
1964,60.600464,0.0,93.58739,6.282854,0.00082440453,0.0,0.48804873,1.0074544
1965,71.481125,0.0,79.00103,6.2828646,0.0004472704,0.0,0.41723603,1.0074645
1966,61.17344,0.0,117.06513,6.282874,0.00054363895,0.0,0.4422019,1.0074733
1967,63.467506,0.0,96.22643,6.282882,0.00073251675,0.0,0.4548956,1.0074812
1968,71.696205,0.0,93.679214,6.2828927,0.0007249587,0.0,0.41185984,1.007488
1969,71.21854,0.0,91.65151,6.282902,0.0006152794,0.0,0.39964914,1.007494
1970,67.50514,0.0,76.290955,6.28291,0.000739701,0.0,0.4433518,1.0074991
1971,62.962963,0.0,89.1438,6.2829185,0.00058007636,0.0,0.43122634,1.0075034
1972,76.97707,0.0,108.713425,6.2829256,0.00064076873,0.0,0.46708775,1.0075071
1973,69.83785,0.0,79.45165,6.2829337,0.00064029254,0.0,0.45364368,1.0075103
1974,84.869736,0.0,83.66815,6.282938,0.00048675953,0.0,0.3937906,1.0075128
1975,63.201008,0.0,94.330986,6.282942,0.0006031516,0.0,0.46717438,1.0075151
1976,66.21527,0.0,95.572655,6.282948,0.00057441945,0.0,0.4245947,1.0075166
1977,71.81249,0.0,90.86027,6.282955,0.0006760438,0.0,0.43356678,1.0075179
1978,77.62404,0.0,109.33628,6.2829666,0.0004991884,0.0,0.42657134,1.0075188
1979,96.59935,0.0,82.354866,6.2829785,0.0005544723,0.0,0.4522601,1.0075195
1980,87.716,0.0,69.57192,6.2829905,0.00072057464,0.0,0.4475025,1.0075155
1981,84.92422,0.0,82.51305,6.2830057,0.0007932772,0.0,0.42926678,1.0075121
1982,89.00462,0.0,62.548252,6.283019,0.0009026374,0.0,0.4360152,1.0075088
1983,65.6364,0.0,86.87978,6.28303,0.0006525008,0.0,0.42020643,1.007514
1984,74.3908,0.0,91.23413,6.2830358,0.0010854903,0.0,0.4073965,1.0075184
1985,74.290596,0.0,67.21761,6.2830424,0.00048493693,0.0,0.43075538,1.0075223
1986,68.11968,0.0,64.63301,6.2830467,0.000737694,0.0,0.42825276,1.0075262
1987,64.534195,0.0,89.35593,6.2830544,0.0006242395,0.0,0.42545575,1.0075294
1988,52.122105,0.0,71.80095,6.2830596,0.0006881462,0.0,0.4800768,1.0075321
1989,69.1734,0.0,71.341324,6.283069,0.00070034293,0.0,0.43974924,1.007537
1990,83.58698,0.0,100.860176,6.283083,0.00052520825,0.0,0.40929598,1.0075412
1991,98.14237,0.0,70.332954,6.283097,0.0007351809,0.0,0.4249178,1.0075426
1992,81.66488,0.0,89.47378,6.2831106,0.0006763494,0.0,0.41733283,1.0075439
1993,71.057465,0.0,72.45148,6.283126,0.0005639862,0.0,0.43512663,1.0075448
1994,76.92805,0.0,68.342964,6.283139,0.0006205167,0.0,0.432158,1.0075452
1995,71.54575,0.0,105.35468,6.2831516,0.0007193577,0.0,0.43935806,1.0075456
1996,87.15997,0.0,121.45591,6.283166,0.00047588485,0.0,0.44160998,1.0075455
1997,76.95394,0.0,99.53145,6.2831783,0.0005253011,0.0,0.46434152,1.0075452
1998,58.615635,0.0,85.48008,6.28319,0.00063735497,0.0,0.4612443,1.0075448
1999,78.597145,0.0,99.72119,6.283206,0.00090388604,0.0,0.45209226,1.0075442
2000,81.41024,0.0,82.10362,6.283222,0.00045267795,0.0,0.4540405,1.0075433
2001,72.8912,0.0,83.59681,6.283241,0.00054496503,0.0,0.49125296,1.0075423
2002,81.143234,0.0,106.06887,6.283268,0.00042835716,0.0,0.42855498,1.0075412
2003,65.89427,0.0,106.387985,6.283291,0.0007205192,0.0,0.4387374,1.00754
2004,79.219826,0.0,112.38978,6.283312,0.0007312661,0.0,0.4183846,1.0075386
2005,60.455223,0.0,106.606995,6.2833242,0.00053282053,0.0,0.43649897,1.0075372
2006,59.23313,0.0,88.862724,6.283334,0.0005111351,0.0,0.43254513,1.0075358
2007,64.26386,0.0,116.02631,6.2833424,0.00049925613,0.0,0.4195692,1.0075388
2008,82.86619,0.0,92.34625,6.2833476,0.00037049418,0.0,0.43699285,1.0075412
2009,96.86294,0.0,97.18408,6.283352,0.00039401453,0.0,0.4159875,1.0075436
2010,59.504833,0.0,85.65094,6.283356,0.0004773212,0.0,0.41744894,1.0075439
2011,67.80195,0.0,112.29794,6.2833557,0.00056160963,0.0,0.45212707,1.0075443
2012,82.32118,0.0,72.35557,6.2833505,0.0008228442,0.0,0.44001365,1.0075475
2013,75.10527,0.0,96.010735,6.2833385,0.0007608243,0.0,0.43981823,1.0075504
2014,92.526955,0.0,86.95473,6.2833266,0.0007317158,0.0,0.40186858,1.0075513
2015,72.41444,0.0,94.36081,6.2833114,0.0006074716,0.0,0.46205458,1.007552
2016,74.83271,0.0,78.30721,6.283298,0.0008291248,0.0,0.41941905,1.0075525
2017,69.4726,0.0,87.355774,6.283285,0.0005200979,0.0,0.43942285,1.0075526
2018,76.1409,0.0,101.88067,6.283276,0.0008385376,0.0,0.43646926,1.0075526
2019,68.72435,0.0,90.24605,6.2832737,0.00048709963,0.0,0.46044868,1.0075525
2020,63.52692,0.0,84.1187,6.283278,0.0006265316,0.0,0.40947384,1.0075521
2021,75.47258,0.0,83.69757,6.2832837,0.0008571895,0.0,0.42244864,1.0075516
2022,81.02305,0.0,83.464066,6.283288,0.0006208584,0.0,0.45678923,1.0075507
2023,64.94303,0.0,83.0649,6.283295,0.0007654753,0.0,0.43411812,1.0075499
2024,78.96522,0.0,82.0056,6.2833023,0.0010224188,0.0,0.43875653,1.007549
2025,79.38972,0.0,90.29556,6.283313,0.00073333475,0.0,0.4467394,1.0075483
2026,63.036407,0.0,85.17475,6.283325,0.0006160813,0.0,0.47192556,1.007548
2027,78.8089,0.0,99.78128,6.2833304,0.0008523301,0.0,0.43524846,1.0075474
2028,66.25615,0.0,73.72892,6.2833405,0.0005287386,0.0,0.43221527,1.0075465
2029,92.98288,0.0,80.73078,6.283352,0.0006593309,0.0,0.44044217,1.0075457
2030,80.04972,0.0,88.219894,6.283364,0.0005563478,0.0,0.43754885,1.0075446
2031,83.33295,0.0,85.187164,6.283375,0.00051618274,0.0,0.43913135,1.0075434
2032,60.0512,0.0,80.14058,6.283382,0.0005824596,0.0,0.45075879,1.0075421
2033,65.7076,0.0,90.22958,6.2833967,0.0006949458,0.0,0.41370925,1.0075408
2034,53.80441,0.0,79.27337,6.283409,0.00075079233,0.0,0.43210852,1.0075394
2035,79.50636,0.0,65.454185,6.283418,0.000647307,0.0,0.46264812,1.0075381
2036,99.710594,0.0,71.149086,6.2834272,0.0007745786,0.0,0.41149887,1.0075366
2037,69.2521,0.0,81.35593,6.283439,0.0005163802,0.0,0.43991232,1.0075351
2038,88.8988,0.0,88.05045,6.283448,0.00089269085,0.0,0.41159806,1.0075359
2039,68.2143,0.0,102.72385,6.283452,0.0007155128,0.0,0.41980943,1.0075365
2040,71.74611,0.0,85.83039,6.283456,0.0007177624,0.0,0.4519323,1.0075365
2041,80.84264,0.0,81.92445,6.283464,0.0006344594,0.0,0.43567634,1.007535
2042,77.27872,0.0,85.57456,6.283472,0.0006470921,0.0,0.44237542,1.0075333
2043,75.368866,0.0,84.99221,6.283478,0.0006905812,0.0,0.44774574,1.0075316
2044,65.436066,0.0,86.54008,6.2834835,0.00061825744,0.0,0.4812305,1.0075297
2045,68.44652,0.0,66.67088,6.2834954,0.0006491785,0.0,0.44236773,1.0075192
2046,91.60457,0.0,97.127754,6.2835064,0.00061905273,0.0,0.44700122,1.0075091
2047,78.08269,0.0,91.59388,6.2835116,0.0005296901,0.0,0.41405463,1.0074999
2048,77.87525,0.0,114.330956,6.283512,0.0006134021,0.0,0.46562248,1.0074916
2049,93.37275,0.0,85.12836,6.2835064,0.0008836516,0.0,0.4556969,1.007484
2050,83.16275,0.0,82.089874,6.2834992,0.0005001032,0.0,0.3970036,1.0074736
2051,79.142426,0.0,96.11945,6.2834935,0.0005978624,0.0,0.43154287,1.0074639
2052,60.830452,0.0,102.78794,6.2834888,0.00083026337,0.0,0.39853227,1.0074551
2053,71.628174,0.0,83.87134,6.283483,0.0005631821,0.0,0.42260188,1.0074466
2054,88.21209,0.0,101.78404,6.283475,0.0005782024,0.0,0.4603939,1.0074391
2055,85.244804,0.0,89.30366,6.283466,0.0006314801,0.0,0.38964796,1.0074317
2056,69.921074,0.0,100.28141,6.28346,0.0007852124,0.0,0.39858183,1.007425
2057,59.165485,0.0,83.46849,6.2834563,0.00067321537,0.0,0.4254598,1.0074186
2058,71.97381,0.0,87.545555,6.28346,0.0007542637,0.0,0.45566428,1.0074095
2059,80.2331,0.0,81.134895,6.283465,0.0006259468,0.0,0.511118,1.0074013
2060,87.34168,0.0,81.46162,6.2834744,0.00063108205,0.0,0.42993474,1.0073934
2061,72.24099,0.0,82.95114,6.283484,0.000532778,0.0,0.42810988,1.0073857
2062,80.83312,0.0,78.01768,6.283491,0.0005162842,0.0,0.4149402,1.0073787
2063,83.53418,0.0,81.79126,6.283502,0.0005493044,0.0,0.4458245,1.0073723
2064,81.70321,0.0,94.87316,6.2835135,0.00070000475,0.0,0.46065006,1.0073662
2065,75.58073,0.0,91.67509,6.2835264,0.0005192111,0.0,0.46781024,1.0073607
2066,76.58024,0.0,74.61003,6.283539,0.00055861165,0.0,0.46033677,1.0073667
2067,104.7812,0.0,91.79318,6.283552,0.0005243839,0.0,0.44795883,1.0073707
2068,70.30159,0.0,94.12334,6.283563,0.0006628499,0.0,0.42607814,1.0073744
2069,87.49579,0.0,92.37349,6.283575,0.0007836721,0.0,0.45105216,1.00739
2070,90.65889,0.0,70.05119,6.28358,0.0008703995,0.0,0.43210587,1.0074027
2071,75.31196,0.0,92.38779,6.283584,0.0006353161,0.0,0.4273239,1.007419
2072,87.76543,0.0,88.792625,6.2835903,0.0008008382,0.0,0.4715496,1.0074338
2073,65.14348,0.0,71.53983,6.283594,0.00069714047,0.0,0.46950874,1.0074468
2074,73.74921,0.0,77.98968,6.283597,0.00044759107,0.0,0.45055088,1.0074586
2075,96.954834,0.0,113.77811,6.2836018,0.0005853735,0.0,0.4278118,1.0074688
2076,72.265465,0.0,105.68232,6.283608,0.000706802,0.0,0.41216022,1.0074784
2077,72.44721,0.0,81.15332,6.283616,0.0005449686,0.0,0.4294213,1.0074865
2078,100.111824,0.0,89.80919,6.2836266,0.000656414,0.0,0.44166154,1.0074936
2079,67.85076,0.0,74.27434,6.2836323,0.00058420835,0.0,0.43540508,1.0075036
2080,70.45416,0.0,100.45168,6.2836385,0.00070999557,0.0,0.44904035,1.0075125
2081,62.89978,0.0,108.12708,6.2836447,0.0005006655,0.0,0.4129363,1.0075202
2082,71.98489,0.0,98.11335,6.2836537,0.0010350305,0.0,0.3994937,1.0075271
2083,75.27065,0.0,77.23213,6.2836666,0.00049328554,0.0,0.4258564,1.0075388
2084,92.62826,0.0,80.82438,6.283682,0.0006675804,0.0,0.43421277,1.0075494
2085,81.63078,0.0,80.595184,6.283696,0.00061852275,0.0,0.43202052,1.0075588
2086,54.388134,0.0,87.48066,6.2837076,0.00078348373,0.0,0.43461663,1.0075672
2087,65.40983,0.0,75.55342,6.283718,0.0007296285,0.0,0.41417527,1.0075746
2088,91.3015,0.0,90.59503,6.2837315,0.0005894898,0.0,0.4545092,1.0075809
2089,81.04629,0.0,87.2423,6.283748,0.0006970914,0.0,0.46169323,1.0075865
2090,78.04943,0.0,71.06098,6.2837634,0.00055685494,0.0,0.4074973,1.0075909
2091,66.101204,0.0,95.58298,6.2837777,0.00064394297,0.0,0.44197148,1.0075948
2092,54.980793,0.0,103.768974,6.2837887,0.0008057917,0.0,0.4195115,1.007598
2093,79.33891,0.0,105.19852,6.2837954,0.00080840744,0.0,0.41532725,1.0076243
2094,73.50841,0.0,83.44254,6.283801,0.00078349665,0.0,0.4358625,1.0076474
2095,78.45437,0.0,91.45337,6.283805,0.0005912571,0.0,0.44421172,1.0076684
2096,76.877785,0.0,113.37355,6.283807,0.00052392203,0.0,0.4220748,1.007687
2097,73.62417,0.0,73.875114,6.2838106,0.0007463377,0.0,0.4415984,1.0077037
2098,74.49032,0.0,73.64945,6.2838182,0.00077360123,0.0,0.4635633,1.0077196
2099,82.23234,0.0,66.527435,6.283826,0.0007519765,0.0,0.43011498,1.0077338
2100,101.31553,0.0,73.00623,6.2838364,0.0007288351,0.0,0.44776484,1.0077465
2101,78.094986,0.0,91.90506,6.283852,0.00041155142,0.0,0.44317657,1.0077577
2102,72.34579,0.0,112.063095,6.2838674,0.0008925175,0.0,0.411803,1.0077674
2103,87.91108,0.0,77.20753,6.2838855,0.0010085626,0.0,0.41803965,1.0077763
2104,71.73199,0.0,114.00825,6.2839046,0.0009739605,0.0,0.40787587,1.0077838
2105,70.10039,0.0,97.75543,6.2839246,0.0007312697,0.0,0.43819284,1.0077903
2106,85.17924,0.0,72.885414,6.283938,0.00049840566,0.0,0.44241154,1.007796
2107,79.0229,0.0,72.94601,6.283954,0.0006709976,0.0,0.4042693,1.0078008
2108,75.946815,0.0,75.50859,6.2839656,0.000917851,0.0,0.4264189,1.0078051
2109,65.52863,0.0,95.86743,6.283974,0.0008551699,0.0,0.405657,1.0078088
2110,54.745644,0.0,79.81174,6.283981,0.00066753593,0.0,0.43260464,1.007812
2111,76.58179,0.0,74.8129,6.2839856,0.0007111486,0.0,0.42661318,1.0078146
2112,67.397064,0.0,98.001854,6.28399,0.0007690803,0.0,0.43633908,1.0078169
2113,62.188633,0.0,95.35399,6.2839904,0.0007479363,0.0,0.4641734,1.0078187
2114,82.09881,0.0,79.456,6.2839923,0.00057195465,0.0,0.44145072,1.0078201
2115,77.96146,0.0,135.66417,6.2839923,0.0010086922,0.0,0.43504557,1.0078212
2116,72.99837,0.0,80.304085,6.2839975,0.0006410458,0.0,0.43865484,1.0078166
2117,82.237686,0.0,85.72956,6.2839994,0.00070851564,0.0,0.4542814,1.0078118
2118,72.06093,0.0,109.52064,6.2840047,0.0008158423,0.0,0.43600893,1.0078074
2119,66.38823,0.0,87.60833,6.2840095,0.0007028302,0.0,0.41194928,1.0078031
2120,61.176952,0.0,98.974724,6.284017,0.0009425895,0.0,0.43017596,1.007799
2121,77.80885,0.0,66.21167,6.2840223,0.0006225398,0.0,0.42681235,1.0077949
2122,63.515495,0.0,102.77513,6.284035,0.00073507935,0.0,0.4364365,1.007791
2123,99.8907,0.0,96.39671,6.2840505,0.0007593021,0.0,0.46261808,1.0077875
2124,65.63472,0.0,80.532684,6.284068,0.0007695034,0.0,0.407662,1.0077837
2125,66.89763,0.0,82.99813,6.2840867,0.00064344995,0.0,0.5004811,1.0077802
2126,66.987465,0.0,88.6186,6.284102,0.00094583974,0.0,0.4086326,1.0077844
2127,72.74655,0.0,85.555046,6.284119,0.00046756654,0.0,0.40271494,1.0077878
2128,75.726204,0.0,93.680565,6.2841406,0.00081560196,0.0,0.42351604,1.0077912
2129,74.235855,0.0,99.03259,6.2841616,0.00053549884,0.0,0.41770744,1.0077935
2130,67.287254,0.0,95.794075,6.2841773,0.0005613754,0.0,0.44101414,1.0077957
2131,88.60254,0.0,76.897766,6.284193,0.0006192937,0.0,0.45167637,1.0077976
2132,96.84486,0.0,86.44918,6.284208,0.0006813251,0.0,0.44260272,1.0077988
2133,78.806564,0.0,85.04889,6.2842193,0.00044403196,0.0,0.44492158,1.0078044
2134,69.93233,0.0,77.186134,6.284229,0.0006314152,0.0,0.44467497,1.0078093
2135,75.77884,0.0,89.65937,6.2842355,0.00079836405,0.0,0.43868697,1.0078132
2136,63.507797,0.0,79.81465,6.284243,0.00071992207,0.0,0.4485304,1.0078169
2137,81.23804,0.0,88.60867,6.284253,0.0006980839,0.0,0.43265027,1.0078199
2138,73.70039,0.0,90.737335,6.284256,0.0006565055,0.0,0.45039266,1.0078223
2139,88.747475,0.0,72.87414,6.284259,0.00083167775,0.0,0.4256407,1.0078242
2140,71.506935,0.0,97.01071,6.2842646,0.0008776933,0.0,0.43553942,1.0078259
2141,67.27311,0.0,115.61028,6.2842736,0.0008564856,0.0,0.42297667,1.0078288
2142,61.466732,0.0,80.53731,6.2842865,0.0006029019,0.0,0.44942963,1.0078311
2143,100.03242,0.0,105.320145,6.2843003,0.00060415355,0.0,0.45078978,1.0078331
2144,60.014774,0.0,87.53901,6.284315,0.0005186532,0.0,0.4397498,1.0078337
2145,78.466484,0.0,61.976246,6.2843313,0.0005603387,0.0,0.41580236,1.0078343
2146,72.09896,0.0,83.43331,6.2843466,0.00051618495,0.0,0.4067995,1.0078331
2147,64.86335,0.0,87.28553,6.2843623,0.00059553236,0.0,0.42736888,1.0078318
2148,63.75389,0.0,98.12371,6.2843766,0.00075431087,0.0,0.45660314,1.0078305
2149,56.81925,0.0,81.87069,6.284387,0.00059359067,0.0,0.42472017,1.0078291
2150,69.9182,0.0,96.82408,6.2843995,0.00066167396,0.0,0.4207128,1.0078279
2151,70.43716,0.0,77.48063,6.2844133,0.00050014124,0.0,0.4560917,1.0078263
2152,79.098976,0.0,116.148834,6.284429,0.0009320108,0.0,0.4317145,1.0078248
2153,69.33222,0.0,92.22119,6.284447,0.00058525027,0.0,0.4182157,1.0078231
2154,54.637554,0.0,73.23996,6.2844605,0.00070576457,0.0,0.44865572,1.0078322
2155,86.034195,0.0,72.64086,6.284472,0.00048203088,0.0,0.42414165,1.0078405
2156,70.2638,0.0,100.53001,6.2844768,0.0008337855,0.0,0.41270798,1.0078492
2157,82.44634,0.0,81.237854,6.284484,0.0006942599,0.0,0.43036908,1.0078615
2158,72.775375,0.0,90.947296,6.2844925,0.0006609891,0.0,0.42594403,1.0078719
2159,71.37026,0.0,96.82404,6.2845006,0.0005059248,0.0,0.45323214,1.0078816
2160,81.13908,0.0,92.19356,6.2845087,0.0007110936,0.0,0.4422152,1.0078902
2161,80.45488,0.0,73.24738,6.284511,0.00052975107,0.0,0.40834543,1.0078979
2162,59.34519,0.0,92.39192,6.2845116,0.00069386093,0.0,0.4515857,1.0079044
2163,77.44609,0.0,84.350235,6.2845154,0.00044961268,0.0,0.4544805,1.0079105
2164,66.41086,0.0,75.396454,6.2845173,0.0008245145,0.0,0.43288207,1.0079155
2165,82.56956,0.0,75.16074,6.284518,0.0007057722,0.0,0.44091582,1.0079203
2166,82.503365,0.0,94.62241,6.284516,0.0006846708,0.0,0.47229695,1.007924
2167,99.03127,0.0,92.92775,6.284514,0.00045008137,0.0,0.4383676,1.0079273
2168,72.97715,0.0,79.14054,6.2845073,0.0006219693,0.0,0.45692986,1.0079302
2169,74.5805,0.0,76.94772,6.2845,0.00064049655,0.0,0.42873463,1.0079324
2170,69.158325,0.0,74.752815,6.2844973,0.0005195196,0.0,0.4350525,1.0079387
2171,93.16411,0.0,104.78135,6.284498,0.0006175451,0.0,0.4213843,1.0079443
2172,84.57588,0.0,85.28151,6.284498,0.0009963237,0.0,0.4176647,1.0079494
2173,91.49782,0.0,89.870895,6.2845006,0.0006124511,0.0,0.4276503,1.0079535
2174,82.269905,0.0,110.879105,6.284506,0.00067720225,0.0,0.4308982,1.0079571
2175,74.300995,0.0,106.12289,6.2845097,0.00053503294,0.0,0.41238865,1.00796
2176,72.92317,0.0,96.53578,6.284516,0.0005107186,0.0,0.43494937,1.0079626
2177,98.64107,0.0,73.38478,6.2845206,0.000975728,0.0,0.41506028,1.0079666
2178,80.71259,0.0,80.52005,6.2845316,0.00060992426,0.0,0.4639737,1.0079697
2179,82.52842,0.0,83.71236,6.284539,0.0009964589,0.0,0.40515393,1.0079726
2180,71.314,0.0,85.56628,6.2845488,0.00068035204,0.0,0.421537,1.0079747
2181,66.470314,0.0,73.27031,6.2845554,0.00084525463,0.0,0.40885895,1.0079765
2182,102.52608,0.0,72.95447,6.2845626,0.00059683714,0.0,0.46777165,1.0079774
2183,71.18548,0.0,80.551315,6.2845745,0.00077392766,0.0,0.4369367,1.0079777
2184,66.85753,0.0,77.21964,6.2845817,0.001102475,0.0,0.41876757,1.0079777
2185,69.14448,0.0,76.508736,6.2845874,0.0006548903,0.0,0.46357393,1.0079776
2186,100.69487,0.0,81.80744,6.2845902,0.0006402187,0.0,0.4501351,1.007978
2187,69.58413,0.0,79.75692,6.28459,0.000678331,0.0,0.4695456,1.007978
2188,80.16544,0.0,91.379265,6.2845917,0.0006785613,0.0,0.44382757,1.0079778
2189,67.83755,0.0,95.906784,6.284596,0.00044896998,0.0,0.41805053,1.0079771
2190,78.130325,0.0,77.72085,6.284603,0.0007041801,0.0,0.4342899,1.0079764
2191,84.16696,0.0,115.25619,6.2846107,0.0006780346,0.0,0.43085107,1.0079756
2192,75.42917,0.0,87.90461,6.284623,0.0006744758,0.0,0.43737718,1.0079747
2193,77.57711,0.0,69.7854,6.2846403,0.00064677064,0.0,0.4239732,1.0079738
2194,87.44217,0.0,98.300674,6.284657,0.0008094342,0.0,0.43010437,1.0079728
2195,54.332287,0.0,84.29827,6.284671,0.0005749051,0.0,0.41141602,1.0079718
2196,96.12253,0.0,80.184326,6.2846847,0.0006356394,0.0,0.42822218,1.0079706
2197,65.49553,0.0,71.56419,6.284697,0.0005995475,0.0,0.44661456,1.0079693
2198,62.136993,0.0,94.35,6.2847123,0.00061559945,0.0,0.4814039,1.0079678
2199,57.45319,0.0,77.94614,6.284727,0.00062656566,0.0,0.40940887,1.0079664
2200,75.77092,0.0,77.049774,6.284742,0.0004901222,0.0,0.44215307,1.0079646
2201,73.15366,0.0,69.35532,6.2847533,0.00061552576,0.0,0.44706437,1.007963
2202,56.998997,0.0,110.75262,6.2847657,0.000564951,0.0,0.41698885,1.0079613
2203,71.92524,0.0,80.02932,6.284776,0.0007840028,0.0,0.43101904,1.0079596
2204,82.01962,0.0,77.659775,6.28478,0.00065384613,0.0,0.39735413,1.0079579
2205,69.21508,0.0,74.39299,6.2847805,0.0006920077,0.0,0.44466114,1.0079561
2206,102.46566,0.0,80.89423,6.284778,0.000742394,0.0,0.48490474,1.0079544
2207,75.09858,0.0,77.83469,6.2847753,0.00063256396,0.0,0.44072384,1.0079525
2208,88.07729,0.0,88.41597,6.2847705,0.0005505446,0.0,0.46623558,1.0079508
2209,76.30896,0.0,91.96479,6.2847705,0.00073597627,0.0,0.4557484,1.007949
2210,81.1719,0.0,94.005455,6.28477,0.0006013266,0.0,0.4501575,1.0079468
2211,64.731415,0.0,88.50316,6.2847686,0.0006597028,0.0,0.4373269,1.0079446
2212,60.12087,0.0,86.01969,6.2847686,0.00050734694,0.0,0.44134134,1.0079424
2213,74.64255,0.0,92.95794,6.284773,0.00065709715,0.0,0.430062,1.0079403
2214,66.250595,0.0,91.00906,6.284778,0.000726404,0.0,0.45849138,1.007938
2215,80.80923,0.0,94.629944,6.284787,0.0007871053,0.0,0.46252486,1.0079359
2216,73.35679,0.0,84.771614,6.284803,0.0008258963,0.0,0.44368428,1.0079336
2217,84.51792,0.0,77.7873,6.28482,0.0007840175,0.0,0.43243584,1.0079316
2218,73.89279,0.0,87.10052,6.2848363,0.00048622442,0.0,0.46902078,1.0079296
2219,75.260025,0.0,94.87723,6.28485,0.0006669715,0.0,0.46991655,1.0079274
2220,88.76454,0.0,97.55755,6.2848725,0.000777113,0.0,0.43654904,1.0079253
2221,62.645485,0.0,107.157486,6.2848973,0.00057419634,0.0,0.4023095,1.0079232
2222,80.13416,0.0,88.99315,6.2849126,0.0005768518,0.0,0.42510876,1.007921
2223,66.18098,0.0,90.189644,6.2849326,0.0007775667,0.0,0.4642377,1.0079188
2224,83.40789,0.0,82.98696,6.2849526,0.0006787465,0.0,0.43223605,1.0079167
2225,88.436295,0.0,78.69529,6.284972,0.00070893485,0.0,0.44738555,1.0079145
2226,58.87843,0.0,79.75733,6.2849884,0.0007793306,0.0,0.4083857,1.0079124
2227,61.50321,0.0,91.45453,6.2850018,0.000785493,0.0,0.44400606,1.00791
2228,65.342285,0.0,69.50348,6.285014,0.0008066305,0.0,0.47282523,1.0079079
2229,66.85641,0.0,69.10775,6.2850256,0.00051673054,0.0,0.4074801,1.0079056
2230,64.67553,0.0,69.81609,6.285034,0.00059411506,0.0,0.41689944,1.0079033
2231,83.7306,0.0,96.40208,6.285047,0.00053549977,0.0,0.43153355,1.0079012
2232,71.56575,0.0,113.232796,6.2850537,0.0006284476,0.0,0.42154384,1.0078996
2233,90.51719,0.0,81.45812,6.2850595,0.00053763686,0.0,0.45149612,1.0078979
2234,63.786053,0.0,88.49494,6.2850637,0.0004870301,0.0,0.4529509,1.0078962
2235,63.160133,0.0,93.598915,6.2850623,0.0008053393,0.0,0.42907795,1.0078943
2236,94.5432,0.0,103.16484,6.2850604,0.00082090235,0.0,0.42557928,1.0078926
2237,74.19738,0.0,83.964165,6.2850595,0.00079038454,0.0,0.43715256,1.0078899
2238,73.28156,0.0,77.2452,6.285058,0.00047546424,0.0,0.40579188,1.007888
2239,96.758835,0.0,80.811455,6.2850556,0.00068001077,0.0,0.44585723,1.0078921
2240,73.25882,0.0,98.42955,6.2850513,0.0006858862,0.0,0.44008097,1.0078956
2241,70.01913,0.0,98.57521,6.285044,0.00066459156,0.0,0.43587694,1.0078979
2242,83.736824,0.0,86.84804,6.2850456,0.0010668153,0.0,0.45241463,1.0078998
2243,87.66199,0.0,77.92232,6.285047,0.000754243,0.0,0.45768318,1.0079012
2244,60.536003,0.0,84.72088,6.2850447,0.00058808195,0.0,0.4405168,1.0079024
2245,69.04214,0.0,79.640366,6.285045,0.0005647674,0.0,0.41695803,1.0079031
2246,65.18856,0.0,75.98367,6.285044,0.0006163641,0.0,0.45030928,1.0079036
2247,72.63294,0.0,115.28895,6.2850423,0.0006449701,0.0,0.41739792,1.0079038
2248,93.24776,0.0,93.782745,6.285042,0.0008289275,0.0,0.39669627,1.0079038
2249,78.45798,0.0,88.26514,6.285041,0.000637818,0.0,0.43622896,1.0079031
2250,88.08564,0.0,74.47088,6.2850423,0.00078894896,0.0,0.43707046,1.0079025
2251,60.870476,0.0,94.17694,6.285037,0.00072264846,0.0,0.43442845,1.0079014
2252,71.379814,0.0,89.25267,6.285039,0.00063758553,0.0,0.41019902,1.0079005
2253,61.027702,0.0,101.67693,6.285044,0.0008733879,0.0,0.42475295,1.0078994
2254,64.85566,0.0,88.435074,6.285048,0.0009590052,0.0,0.46049377,1.0078981
2255,89.04249,0.0,92.72735,6.285051,0.00059635355,0.0,0.44569403,1.0078968
2256,69.39515,0.0,94.62562,6.2850566,0.0007895385,0.0,0.40280956,1.0078944
2257,70.00182,0.0,85.3452,6.2850704,0.00059272005,0.0,0.41880745,1.0078921
2258,65.412094,0.0,89.85148,6.2850857,0.0007880372,0.0,0.46419328,1.0078896
2259,63.219475,0.0,87.52493,6.285103,0.0007466681,0.0,0.41916007,1.0078872
2260,74.72738,0.0,74.119026,6.285118,0.0007106496,0.0,0.40545982,1.0079027
2261,70.54149,0.0,88.69817,6.285129,0.00073521276,0.0,0.43586636,1.007917
2262,61.920555,0.0,69.06667,6.2851367,0.0006540578,0.0,0.46296757,1.0079298
2263,59.01001,0.0,96.74068,6.2851443,0.00056535064,0.0,0.4007752,1.0079422
2264,67.94357,0.0,66.11115,6.285152,0.00065896055,0.0,0.48476624,1.0079532
2265,67.10316,0.0,88.86793,6.285161,0.00079494214,0.0,0.46825737,1.0079628
2266,77.667114,0.0,97.315346,6.2851644,0.0006223557,0.0,0.44067523,1.0079713
2267,62.014835,0.0,93.40026,6.285164,0.00059568905,0.0,0.42435548,1.0079788
2268,76.34089,0.0,86.16172,6.2851577,0.00056764635,0.0,0.43140435,1.0079855
2269,71.45983,0.0,88.43701,6.2851567,0.00042092078,0.0,0.41964325,1.0079912
2270,66.79592,0.0,77.61905,6.285155,0.00047820047,0.0,0.40174097,1.0079969
2271,74.3829,0.0,76.54801,6.2851505,0.00058566325,0.0,0.4479134,1.0080019
2272,58.822353,0.0,85.12985,6.2851467,0.000628272,0.0,0.42887282,1.0080061
2273,85.63968,0.0,84.93853,6.2851453,0.0006627734,0.0,0.46980882,1.0080097
2274,105.23774,0.0,77.09946,6.285148,0.00084871904,0.0,0.4498996,1.0080246
2275,73.81224,0.0,85.68905,6.28515,0.00041939382,0.0,0.45578906,1.0080377
2276,71.76179,0.0,86.53437,6.28515,0.00059116806,0.0,0.43845662,1.0080496
2277,81.34581,0.0,91.17463,6.285156,0.0005853857,0.0,0.47289896,1.0080602
2278,71.53574,0.0,73.58193,6.2851615,0.0006096782,0.0,0.43960142,1.0080698
2279,57.18487,0.0,80.50807,6.2851734,0.00057715824,0.0,0.43736094,1.0080781
2280,71.692215,0.0,65.304085,6.285187,0.0006685697,0.0,0.47920054,1.0080851
2281,78.17308,0.0,85.567894,6.285197,0.00076365727,0.0,0.4502573,1.0080853
2282,71.47528,0.0,109.11155,6.2852125,0.0006203677,0.0,0.42525816,1.0080854
2283,65.79804,0.0,83.860306,6.2852263,0.0007579479,0.0,0.41955066,1.0080851
2284,69.46467,0.0,68.1271,6.285238,0.0006426052,0.0,0.43120462,1.008085
2285,69.29261,0.0,110.535774,6.285251,0.00066922756,0.0,0.4447945,1.0080845
2286,75.451256,0.0,83.8299,6.28527,0.0007816776,0.0,0.44970927,1.0080839
2287,82.10225,0.0,84.41862,6.2852907,0.00079171127,0.0,0.4632709,1.0080942
2288,56.549404,0.0,102.3958,6.2853155,0.0006142603,0.0,0.45587748,1.0081036
2289,84.452,0.0,70.9124,6.2853417,0.00057676854,0.0,0.42600626,1.0081118
2290,76.284,0.0,112.28181,6.2853694,0.00051957683,0.0,0.46749943,1.008119
2291,84.88587,0.0,85.55054,6.2853947,0.00082987425,0.0,0.4239164,1.0081252
2292,86.15914,0.0,77.72853,6.285416,0.000640259,0.0,0.45340475,1.0081414
2293,84.02328,0.0,89.033424,6.2854347,0.0005468087,0.0,0.4113533,1.0081556
2294,67.188866,0.0,72.76838,6.2854505,0.0005673055,0.0,0.43441078,1.0081656
2295,62.091747,0.0,80.85479,6.2854624,0.00040518818,0.0,0.45296717,1.0081745
2296,76.63227,0.0,81.05195,6.285474,0.00091917225,0.0,0.43079934,1.0081824
2297,78.43781,0.0,92.88635,6.2854886,0.00086659286,0.0,0.42858088,1.0081893
2298,73.88283,0.0,84.42042,6.2854986,0.0006808722,0.0,0.42598924,1.0081952
2299,77.57399,0.0,81.0821,6.285506,0.00089470035,0.0,0.41705108,1.0082004
2300,70.87543,0.0,71.757484,6.2855053,0.0008753779,0.0,0.45535395,1.0082048
2301,68.821205,0.0,85.43068,6.2855077,0.000556142,0.0,0.44725415,1.0082089
2302,66.792015,0.0,90.22076,6.2855144,0.00078385667,0.0,0.4308858,1.008212
2303,78.484406,0.0,88.68506,6.2855186,0.00069785415,0.0,0.42861003,1.0082154
2304,66.76981,0.0,79.91676,6.2855186,0.0009046517,0.0,0.46388206,1.0082183
2305,81.24212,0.0,79.46761,6.285513,0.0006891661,0.0,0.4406029,1.0082226
2306,77.01655,0.0,117.05453,6.2855062,0.0009680431,0.0,0.40698105,1.0082263
2307,62.373386,0.0,113.4539,6.2854915,0.0006434828,0.0,0.45118427,1.008232
2308,76.12408,0.0,92.91099,6.285477,0.00071922166,0.0,0.44310975,1.0082368
2309,89.401955,0.0,75.63803,6.285465,0.0006372672,0.0,0.45403147,1.0082412
2310,51.246124,0.0,75.9666,6.2854543,0.000864387,0.0,0.4303503,1.0082433
2311,72.91959,0.0,80.96246,6.2854433,0.0007865549,0.0,0.46397313,1.0082453
2312,63.14736,0.0,76.884346,6.285434,0.00060873316,0.0,0.43684253,1.0082468
2313,71.10046,0.0,97.481544,6.285426,0.00056498137,0.0,0.43764567,1.008248
2314,94.61815,0.0,94.18494,6.2854185,0.00058681134,0.0,0.4377153,1.0082489
2315,73.243484,0.0,82.98657,6.285415,0.0007491631,0.0,0.43037003,1.0082495
2316,68.86092,0.0,109.76517,6.285418,0.0006763175,0.0,0.47134614,1.0082499
2317,75.06942,0.0,85.51905,6.2854204,0.00057785015,0.0,0.46401978,1.0082499
2318,69.574104,0.0,93.13828,6.2854285,0.0010016793,0.0,0.44530988,1.0082498
2319,53.90775,0.0,81.40997,6.2854342,0.0005890116,0.0,0.42155337,1.0082511
2320,86.10756,0.0,88.05549,6.2854404,0.0005482638,0.0,0.46757644,1.0082521
2321,80.1168,0.0,92.5623,6.2854433,0.00068052195,0.0,0.42974553,1.0082526
2322,80.61359,0.0,80.50305,6.2854505,0.00067099556,0.0,0.391693,1.0082532
2323,72.20812,0.0,74.383965,6.2854595,0.0006192161,0.0,0.4107275,1.0082512
2324,63.285313,0.0,69.94795,6.2854714,0.00045307117,0.0,0.43657646,1.0082493
2325,89.81779,0.0,69.190216,6.285484,0.000649379,0.0,0.39485464,1.0082474
2326,60.686687,0.0,83.48089,6.2854958,0.0008288316,0.0,0.41095525,1.0082452
2327,69.928894,0.0,73.16859,6.285509,0.00055905536,0.0,0.43321395,1.0082433
2328,81.467476,0.0,74.29079,6.2855244,0.00059562305,0.0,0.46472234,1.0082412
2329,61.107033,0.0,81.662544,6.2855444,0.0005100247,0.0,0.4368118,1.008239
2330,101.53684,0.0,84.33861,6.2855678,0.0006586517,0.0,0.44474897,1.0082369
2331,73.0985,0.0,76.21722,6.2855887,0.00041164452,0.0,0.4247436,1.0082349
2332,62.4597,0.0,92.08706,6.2856135,0.0005902659,0.0,0.44320834,1.008233
2333,77.92005,0.0,91.69102,6.2856374,0.00060637033,0.0,0.44625983,1.0082307
2334,73.15862,0.0,102.24839,6.2856574,0.00058191683,0.0,0.43925223,1.0082338
2335,68.83243,0.0,82.20249,6.2856746,0.0004642193,0.0,0.43650326,1.0082363
2336,63.052467,0.0,87.13434,6.2856975,0.0008272591,0.0,0.44490322,1.0082405
2337,71.36104,0.0,70.24827,6.285718,0.00074973796,0.0,0.422404,1.008244
2338,83.21139,0.0,94.05166,6.285736,0.0008235113,0.0,0.44108146,1.0082471
2339,81.22742,0.0,68.6794,6.2857533,0.000648292,0.0,0.44437143,1.0082501
2340,69.14114,0.0,103.3361,6.2857623,0.00046334037,0.0,0.46487996,1.0082529
2341,64.70814,0.0,72.53224,6.285771,0.0008053159,0.0,0.44146538,1.008253
2342,58.897797,0.0,99.684616,6.285775,0.00069107465,0.0,0.4075962,1.008253
2343,99.856026,0.0,85.08205,6.2857776,0.00050239987,0.0,0.43027374,1.0082526
2344,74.64448,0.0,84.029785,6.2857733,0.0007729188,0.0,0.44262916,1.0082524
2345,59.82062,0.0,88.422676,6.28577,0.0006436318,0.0,0.44996792,1.0082515
2346,61.69662,0.0,74.258965,6.2857623,0.0006249562,0.0,0.44337747,1.0082507
2347,64.3315,0.0,94.46661,6.2857594,0.00075865455,0.0,0.4333918,1.0082499
2348,95.25519,0.0,84.64387,6.2857566,0.0007349164,0.0,0.45820463,1.0082488
2349,90.109985,0.0,73.992874,6.285756,0.00064558204,0.0,0.47175646,1.0082476
2350,78.304245,0.0,92.32127,6.2857566,0.00045484313,0.0,0.4252764,1.0082463
2351,59.096874,0.0,84.30677,6.2857585,0.00044572572,0.0,0.44130504,1.0082449
2352,78.869286,0.0,113.67814,6.2857604,0.0007095132,0.0,0.45209092,1.0082433
2353,70.23393,0.0,90.71475,6.285768,0.00059445086,0.0,0.4377229,1.0082418
2354,73.02377,0.0,83.576416,6.2857733,0.00077498396,0.0,0.43534097,1.0082401
2355,73.7229,0.0,73.628265,6.2857795,0.00066160806,0.0,0.46072814,1.0082384
2356,68.50415,0.0,81.35675,6.2857866,0.00062284444,0.0,0.44352245,1.0082365
2357,76.012405,0.0,82.42951,6.285792,0.0005111673,0.0,0.46295008,1.0082347
2358,70.781,0.0,95.51948,6.285799,0.00069601915,0.0,0.453318,1.0082328
2359,101.66482,0.0,78.81821,6.2858114,0.0008080708,0.0,0.44444308,1.0082275
2360,65.78113,0.0,97.04276,6.285819,0.0007823431,0.0,0.4334855,1.0082221
2361,73.46691,0.0,70.86237,6.285827,0.0006730193,0.0,0.42423567,1.0082173
2362,93.92194,0.0,80.755974,6.285836,0.00077491417,0.0,0.4106266,1.0082126
2363,78.53428,0.0,105.83706,6.285845,0.00062897627,0.0,0.44029793,1.0082082
2364,70.68734,0.0,76.64865,6.285856,0.0005470358,0.0,0.41658115,1.008204
2365,87.46572,0.0,102.53055,6.285869,0.000561116,0.0,0.4017657,1.0082
2366,64.40512,0.0,132.2152,6.285883,0.00056189846,0.0,0.43384027,1.0081961
2367,62.800106,0.0,92.855545,6.2859,0.00067727006,0.0,0.41017765,1.0081923
2368,73.762024,0.0,82.5542,6.285916,0.00077080395,0.0,0.4623514,1.008187
2369,58.914627,0.0,82.80425,6.285931,0.0006873704,0.0,0.453806,1.008182
2370,85.37582,0.0,86.87445,6.285942,0.0006131563,0.0,0.4556834,1.0081873
2371,63.50201,0.0,87.1468,6.285952,0.0007510091,0.0,0.44441742,1.0081942
2372,88.68555,0.0,85.98429,6.285959,0.000695892,0.0,0.44007856,1.0082
2373,54.982025,0.0,77.155876,6.2859683,0.00057304266,0.0,0.46814427,1.0082047
2374,65.435,0.0,63.669807,6.285977,0.00071481057,0.0,0.42755446,1.0082091
2375,61.690773,0.0,90.969925,6.285985,0.0005681757,0.0,0.43200454,1.0082128
2376,70.104004,0.0,73.84799,6.2859945,0.0006199737,0.0,0.4177886,1.008216
2377,77.70864,0.0,112.117714,6.286007,0.00066475867,0.0,0.43191406,1.0082095
2378,61.55792,0.0,74.78306,6.286024,0.00079604704,0.0,0.44067,1.0082037
2379,73.15379,0.0,76.64489,6.286035,0.0007291329,0.0,0.4416761,1.0081983
2380,67.2968,0.0,80.07968,6.2860413,0.0006044082,0.0,0.43541616,1.0081933
2381,78.66803,0.0,73.20623,6.286048,0.0010022484,0.0,0.47011277,1.0081886
2382,86.66787,0.0,72.73908,6.286052,0.00050963246,0.0,0.46267503,1.0081842
2383,84.40032,0.0,58.96428,6.2860518,0.00060066953,0.0,0.43860483,1.0081799
2384,59.669224,0.0,87.11281,6.286051,0.00042546768,0.0,0.45643508,1.0081761
2385,72.8944,0.0,100.81405,6.286046,0.0005535334,0.0,0.44127342,1.0081723
2386,65.7853,0.0,78.011505,6.286044,0.00062187266,0.0,0.4721105,1.0081625
2387,78.92466,0.0,95.4396,6.2860394,0.0006421731,0.0,0.44854188,1.0081538
2388,68.688736,0.0,91.40483,6.286036,0.0006658046,0.0,0.466892,1.0081457
2389,71.511375,0.0,86.52437,6.286033,0.0005844968,0.0,0.44054657,1.0081382
2390,64.31273,0.0,89.168915,6.286036,0.0007759974,0.0,0.43898126,1.0081314
2391,74.91019,0.0,83.12912,6.286047,0.0008547394,0.0,0.42275167,1.0081223
2392,74.20833,0.0,93.15559,6.286062,0.00055475044,0.0,0.4537242,1.0081168
2393,56.027237,0.0,92.593025,6.286074,0.0005484732,0.0,0.43069983,1.0081145
2394,100.893654,0.0,86.03387,6.2860875,0.0008282051,0.0,0.43200558,1.0081123
2395,82.41153,0.0,109.159935,6.286099,0.00054693717,0.0,0.4243223,1.00811
2396,92.84033,0.0,87.46825,6.286104,0.00053175504,0.0,0.45415646,1.0081078
2397,103.443535,0.0,104.557045,6.2861104,0.00051565166,0.0,0.40716228,1.0081049
2398,78.319305,0.0,98.76023,6.2861166,0.00048187756,0.0,0.42568016,1.008102
2399,81.6654,0.0,82.55611,6.286127,0.0009249648,0.0,0.3838465,1.0080993
2400,74.95304,0.0,73.8558,6.286139,0.00067813916,0.0,0.45461473,1.0080967
2401,76.16302,0.0,108.76966,6.2861457,0.00072037004,0.0,0.42652708,1.0080942
2402,59.170067,0.0,85.07881,6.286154,0.00064734527,0.0,0.42513055,1.0080916
2403,78.65973,0.0,84.089165,6.2861595,0.00059713074,0.0,0.4283987,1.008089
2404,103.44569,0.0,94.39753,6.2861657,0.000539338,0.0,0.43191093,1.0080864
2405,68.00747,0.0,97.03197,6.2861705,0.0004389131,0.0,0.4421657,1.0080838
2406,77.851616,0.0,80.95532,6.286175,0.00059895596,0.0,0.4367741,1.0080813
2407,87.20031,0.0,80.21506,6.286178,0.00066367164,0.0,0.43616343,1.0080787
2408,75.539375,0.0,57.523884,6.2861805,0.00038328714,0.0,0.42574364,1.0080762
2409,64.86406,0.0,85.19907,6.2861876,0.00043100415,0.0,0.427454,1.0080734
2410,61.341854,0.0,77.70779,6.286195,0.0004493412,0.0,0.42065322,1.0080711
2411,63.913307,0.0,80.23877,6.2862043,0.0007189374,0.0,0.47201937,1.0080684
2412,119.46948,0.0,93.350266,6.286212,0.0005700548,0.0,0.44593567,1.0080653
2413,78.10211,0.0,102.01421,6.286221,0.00070689194,0.0,0.42695722,1.0080638
2414,65.29997,0.0,93.363106,6.2862296,0.0007291568,0.0,0.4113912,1.0080621
2415,68.10855,0.0,99.50618,6.2862387,0.0008079428,0.0,0.41390437,1.0080607
2416,73.78258,0.0,73.75078,6.286245,0.0006304063,0.0,0.46010822,1.0080593
2417,76.91401,0.0,89.84235,6.2862525,0.0005829285,0.0,0.4574419,1.0080582
2418,70.58137,0.0,68.72773,6.2862515,0.0004915481,0.0,0.45794818,1.0080571
2419,106.57343,0.0,58.087143,6.2862515,0.0005830071,0.0,0.47508156,1.0080558
2420,60.503677,0.0,108.58493,6.2862535,0.0005406306,0.0,0.40331566,1.0080544
2421,100.83335,0.0,82.594475,6.2862535,0.0006533959,0.0,0.425945,1.008053
2422,76.85047,0.0,99.759605,6.2862587,0.0006276533,0.0,0.43715343,1.0080514
2423,73.87042,0.0,96.65298,6.2862654,0.00061074237,0.0,0.45695803,1.0080497
2424,84.4286,0.0,99.45199,6.2862697,0.00070714613,0.0,0.48074865,1.0080479
2425,67.09744,0.0,94.64873,6.2862754,0.0005254274,0.0,0.4390278,1.0080475
2426,65.402794,0.0,94.51179,6.2862825,0.0010163006,0.0,0.4562111,1.0080467
2427,70.31484,0.0,87.71697,6.286292,0.00046897662,0.0,0.46615267,1.0080459
2428,74.24009,0.0,104.86397,6.2863035,0.0005192549,0.0,0.39951104,1.0080448
2429,66.576706,0.0,81.49922,6.286316,0.00060401333,0.0,0.44970345,1.0080438
2430,73.42395,0.0,84.67633,6.286325,0.00056134054,0.0,0.41292948,1.0080425
2431,80.105125,0.0,91.559746,6.286329,0.0005859252,0.0,0.45050892,1.0080411
2432,71.7796,0.0,92.61761,6.2863293,0.00079946517,0.0,0.41698122,1.0080417
2433,66.832664,0.0,96.48458,6.286331,0.00073681533,0.0,0.40928134,1.0080419
2434,89.05504,0.0,93.474754,6.2863355,0.0010387668,0.0,0.4775947,1.0080417
2435,79.43463,0.0,64.63591,6.2863417,0.0010172231,0.0,0.47458762,1.0080416
2436,67.76383,0.0,74.4756,6.2863507,0.00068624166,0.0,0.45514804,1.0080411
2437,95.8543,0.0,98.39929,6.2863646,0.00064068637,0.0,0.43685794,1.0080409
2438,65.85925,0.0,85.61188,6.286378,0.0005250271,0.0,0.45197576,1.0080372
2439,81.71092,0.0,89.68849,6.2863884,0.00060589996,0.0,0.43430158,1.0080334
2440,77.5264,0.0,106.67529,6.2864013,0.00061837095,0.0,0.43664378,1.0080297
2441,70.86186,0.0,78.15968,6.286416,0.00093524286,0.0,0.45627308,1.0080264
2442,88.0463,0.0,77.84111,6.286432,0.0006757317,0.0,0.44120026,1.0080231
2443,65.949165,0.0,72.8961,6.2864475,0.0005305164,0.0,0.46415937,1.0080203
2444,70.084175,0.0,95.05319,6.286463,0.00048223973,0.0,0.46148783,1.0080167
2445,74.73356,0.0,85.25921,6.2864766,0.0006709519,0.0,0.43004832,1.0080134
2446,80.50633,0.0,97.31724,6.286489,0.0009850869,0.0,0.45544606,1.0080101
2447,63.40799,0.0,92.05783,6.2865024,0.0006840731,0.0,0.4118509,1.008007
2448,74.63143,0.0,100.56076,6.2865157,0.00094243133,0.0,0.4551162,1.008004
2449,80.85217,0.0,97.58086,6.286523,0.00059032347,0.0,0.44517374,1.0080011
2450,69.58973,0.0,74.46506,6.286528,0.0005643039,0.0,0.49580687,1.0080161
2451,68.57998,0.0,96.85139,6.2865334,0.00058628543,0.0,0.4396523,1.0080303
2452,74.53055,0.0,72.06157,6.286539,0.0005865907,0.0,0.45719957,1.008042
2453,80.17835,0.0,75.79965,6.2865453,0.0010355704,0.0,0.39401755,1.0080528
2454,104.0063,0.0,70.472404,6.286548,0.00058158673,0.0,0.4762827,1.0080624
2455,65.776924,0.0,95.76208,6.2865467,0.0005782782,0.0,0.42684364,1.0080762
2456,54.222744,0.0,111.34046,6.286548,0.00057192123,0.0,0.43809032,1.0080885
2457,68.186226,0.0,92.42516,6.2865443,0.0008101928,0.0,0.4392709,1.0080994
2458,71.002815,0.0,98.70275,6.2865424,0.00080732134,0.0,0.45503566,1.0081092
2459,76.40295,0.0,69.714806,6.286545,0.000805532,0.0,0.42255634,1.00812
2460,78.236275,0.0,110.195625,6.286549,0.0007693814,0.0,0.43867716,1.0081296
2461,79.94468,0.0,90.66144,6.286554,0.00072426297,0.0,0.47079873,1.008138
2462,78.33482,0.0,102.64747,6.2865586,0.00046628373,0.0,0.4454193,1.0081458
2463,65.399086,0.0,87.587166,6.2865705,0.0007920281,0.0,0.4239827,1.0081527
2464,87.05689,0.0,83.21321,6.2865796,0.00060623,0.0,0.45448312,1.0081601
2465,93.49971,0.0,77.5658,6.28659,0.00064889237,0.0,0.40930256,1.0081664
2466,64.64074,0.0,81.09116,6.286602,0.0006644282,0.0,0.4323156,1.008172
2467,83.36346,0.0,78.61603,6.2866116,0.0006438393,0.0,0.43343613,1.0081768
2468,73.65726,0.0,85.14608,6.2866244,0.0011817765,0.0,0.41910326,1.008181
2469,92.25544,0.0,95.55134,6.2866397,0.00071606546,0.0,0.4264569,1.0081844
2470,70.18802,0.0,74.695015,6.286655,0.000524028,0.0,0.43792874,1.0081873
2471,93.19478,0.0,82.40669,6.2866697,0.0006897999,0.0,0.42037112,1.0081896
2472,69.43859,0.0,74.47326,6.286684,0.0005484496,0.0,0.43049476,1.0081961
2473,93.81701,0.0,91.13778,6.2866974,0.00065694365,0.0,0.48588905,1.0082017
2474,84.12396,0.0,81.56069,6.2867045,0.000763725,0.0,0.43738922,1.008211
2475,66.169464,0.0,80.11787,6.286708,0.00064246217,0.0,0.42918366,1.0082192
2476,67.69497,0.0,80.20143,6.2867165,0.00054893264,0.0,0.44672346,1.0082266
2477,72.88835,0.0,73.0006,6.2867246,0.00058083347,0.0,0.43434477,1.0082331
2478,79.359566,0.0,102.44381,6.286733,0.00045218266,0.0,0.43318552,1.0082386
2479,65.184906,0.0,82.808685,6.2867436,0.0008184747,0.0,0.43132472,1.0082501
2480,87.11789,0.0,86.416306,6.286757,0.00074049865,0.0,0.41716012,1.0082605
2481,71.856125,0.0,104.44391,6.286766,0.0006964238,0.0,0.43667662,1.0082674
2482,71.552185,0.0,96.07336,6.2867756,0.00064494426,0.0,0.46498203,1.0082735
2483,71.24139,0.0,83.513245,6.2867827,0.00060397864,0.0,0.45405316,1.0082787
2484,103.1413,0.0,83.71542,6.286789,0.0006408526,0.0,0.44764155,1.0082828
2485,63.12968,0.0,122.26787,6.286794,0.00050717144,0.0,0.43400306,1.0082858
2486,82.522194,0.0,85.74564,6.2867994,0.0009805782,0.0,0.43083066,1.0082881
2487,60.765137,0.0,64.60475,6.286804,0.0009581658,0.0,0.4411764,1.00829
2488,72.24769,0.0,84.31991,6.2868147,0.0005374264,0.0,0.44247305,1.0082917
2489,81.81642,0.0,85.61723,6.2868214,0.0008191922,0.0,0.42053598,1.008293
2490,60.387287,0.0,83.76771,6.28683,0.00068103045,0.0,0.44906935,1.0082939
2491,68.668724,0.0,91.125114,6.2868447,0.0004979405,0.0,0.44350284,1.0082943
2492,78.45149,0.0,55.814907,6.2868576,0.00058183295,0.0,0.43027872,1.0082946
2493,77.625175,0.0,89.25194,6.2868743,0.00050493417,0.0,0.45641404,1.0082947
2494,81.07643,0.0,79.99834,6.2868905,0.00066288223,0.0,0.43093666,1.0082943
2495,81.24671,0.0,94.44474,6.2869024,0.0009509658,0.0,0.42810947,1.0082941
2496,70.545334,0.0,73.81177,6.286912,0.0007476987,0.0,0.45094126,1.0082936
2497,96.94442,0.0,130.3726,6.28692,0.00049745815,0.0,0.48363507,1.0082929
2498,73.30999,0.0,80.54554,6.286926,0.00049649965,0.0,0.4295287,1.008292
2499,86.12905,0.0,70.3883,6.2869334,0.00046856393,0.0,0.4568015,1.008291
2500,70.19172,0.0,129.12666,6.2869377,0.00064519444,0.0,0.4394301,1.0082899
2501,64.76276,0.0,87.88135,6.2869463,0.0005769198,0.0,0.45985875,1.0082885
2502,60.198563,0.0,96.39923,6.286952,0.00077916746,0.0,0.43484777,1.0082905
2503,79.0837,0.0,79.80611,6.286958,0.00047351187,0.0,0.40766877,1.0082997
2504,75.96069,0.0,80.53201,6.286965,0.0008675295,0.0,0.42903596,1.0083069
2505,62.140583,0.0,95.381004,6.286974,0.00078205194,0.0,0.43960065,1.0083131
2506,85.90747,0.0,78.28338,6.2869763,0.00055557245,0.0,0.44524735,1.0083185
2507,58.94771,0.0,74.93354,6.286982,0.0008680457,0.0,0.43625876,1.0083234
2508,86.98457,0.0,92.112366,6.2869916,0.0006453373,0.0,0.44737214,1.0083276
2509,97.48116,0.0,63.90263,6.2869987,0.00054433476,0.0,0.41956687,1.0083289
2510,87.872475,0.0,93.353065,6.287007,0.0008270305,0.0,0.45469558,1.0083299
2511,83.57807,0.0,98.647644,6.287013,0.00068692677,0.0,0.41682374,1.0083349
2512,63.804897,0.0,85.56867,6.287021,0.0004005681,0.0,0.40603328,1.0083394
2513,99.242645,0.0,95.309654,6.287025,0.0011426787,0.0,0.47722536,1.008343
2514,85.67121,0.0,110.3705,6.2870255,0.0008349227,0.0,0.40797758,1.0083483
2515,53.411625,0.0,83.23038,6.2870283,0.0010067709,0.0,0.42084593,1.008353
2516,67.90247,0.0,83.41143,6.287033,0.0006222751,0.0,0.43619335,1.0083573
2517,71.300316,0.0,94.06008,6.287036,0.0009190936,0.0,0.47417268,1.0083609
2518,103.1966,0.0,96.735855,6.2870355,0.0009558426,0.0,0.42697346,1.008364
2519,71.42026,0.0,83.9062,6.287032,0.00044532598,0.0,0.48235458,1.0083667
2520,67.188995,0.0,78.745964,6.287032,0.00065486575,0.0,0.44350576,1.0083822
2521,60.777676,0.0,91.82992,6.287032,0.00088709634,0.0,0.4078297,1.0083963
2522,83.516045,0.0,84.855835,6.2870364,0.0005857338,0.0,0.45646405,1.008413
2523,82.93644,0.0,86.784874,6.287042,0.00088184973,0.0,0.40598178,1.0084281
2524,76.1798,0.0,82.76958,6.2870445,0.000674975,0.0,0.41117424,1.0084413
2525,96.17775,0.0,92.532585,6.2870564,0.0007556534,0.0,0.48806924,1.0084532
2526,68.09974,0.0,99.63191,6.287072,0.00079640327,0.0,0.44821915,1.0084637
2527,91.59421,0.0,81.290474,6.287087,0.000687822,0.0,0.45539063,1.008473
2528,68.87666,0.0,107.89886,6.287106,0.0004346495,0.0,0.40685543,1.0084814
2529,56.28426,0.0,99.38259,6.2871213,0.0005911821,0.0,0.43064636,1.0084873
2530,94.71209,0.0,70.34092,6.2871337,0.0005842837,0.0,0.42408156,1.0084918
2531,62.33707,0.0,66.81113,6.2871413,0.0006368485,0.0,0.44982058,1.0084963
2532,80.602455,0.0,87.57148,6.2871547,0.0005705885,0.0,0.49724507,1.0085001
2533,73.40267,0.0,76.81865,6.2871637,0.00071865215,0.0,0.4664402,1.0085127
2534,73.97606,0.0,105.969246,6.2871714,0.00065025093,0.0,0.4675144,1.0085179
2535,75.11525,0.0,89.13839,6.287174,0.0006412058,0.0,0.4261374,1.0085225
2536,82.21655,0.0,91.091324,6.2871704,0.00067220133,0.0,0.4396832,1.0085268
2537,60.09241,0.0,86.413475,6.287166,0.0008651357,0.0,0.44983405,1.0085305
2538,79.873,0.0,102.87378,6.2871637,0.0006676653,0.0,0.42674273,1.0085338
2539,88.3224,0.0,87.443275,6.2871633,0.00083569007,0.0,0.41991663,1.0085365
2540,82.81188,0.0,92.876045,6.287165,0.0005622424,0.0,0.46212643,1.0085387
2541,72.97644,0.0,79.34528,6.2871675,0.0008564929,0.0,0.48277828,1.0085403
2542,84.98146,0.0,94.29943,6.2871733,0.00067697593,0.0,0.46873826,1.0085428
2543,74.53489,0.0,87.67543,6.287176,0.000569039,0.0,0.48029774,1.0085446
2544,98.9825,0.0,58.493668,6.2871842,0.00067059,0.0,0.44305325,1.0085462
2545,61.857536,0.0,71.25413,6.287191,0.00082997995,0.0,0.43944168,1.0085528
2546,61.296783,0.0,77.084076,6.287204,0.0010968292,0.0,0.42163682,1.0085586
2547,93.937454,0.0,80.774536,6.2872195,0.0007087573,0.0,0.42266783,1.0085638
2548,62.480404,0.0,86.24374,6.2872367,0.0005508367,0.0,0.43855673,1.0085682
2549,76.14682,0.0,95.89657,6.2872534,0.0006601275,0.0,0.46137893,1.0085721
2550,80.140755,0.0,87.39448,6.2872705,0.0007542169,0.0,0.43015108,1.0085748
2551,78.13652,0.0,74.957886,6.287289,0.0006858263,0.0,0.43965626,1.0085772
2552,78.16406,0.0,75.695915,6.2873116,0.0008230169,0.0,0.44056493,1.0085789
2553,72.100044,0.0,77.84209,6.2873325,0.000627315,0.0,0.40566322,1.0085801
2554,66.84837,0.0,89.675095,6.2873497,0.00064118556,0.0,0.38900396,1.0085768
2555,81.18117,0.0,63.751026,6.287363,0.00091709866,0.0,0.4729647,1.0085734
2556,88.40306,0.0,86.2036,6.287378,0.0007293482,0.0,0.4433294,1.0085703
2557,79.806725,0.0,96.02688,6.2873893,0.0006188592,0.0,0.4176813,1.0085678
2558,63.81604,0.0,67.375,6.287398,0.00061478745,0.0,0.4214056,1.0085663
2559,92.81735,0.0,78.84894,6.287409,0.00089754234,0.0,0.42552277,1.008566
2560,80.88478,0.0,95.30404,6.287421,0.0006464387,0.0,0.46267533,1.0085654
2561,84.06674,0.0,104.705185,6.2874274,0.001152863,0.0,0.46509635,1.008565
2562,71.237564,0.0,91.523926,6.2874303,0.000599056,0.0,0.474149,1.0085641
2563,62.35829,0.0,86.612686,6.28744,0.00063682825,0.0,0.44762683,1.008563
2564,69.53932,0.0,80.41604,6.287451,0.00084625994,0.0,0.41287392,1.0085758
2565,73.89449,0.0,78.70026,6.287462,0.0005710495,0.0,0.4610053,1.0085875
2566,75.37256,0.0,86.0929,6.2874727,0.0006039314,0.0,0.43842983,1.0085975
2567,68.34453,0.0,74.53979,6.2874904,0.00053617184,0.0,0.41960916,1.0086067
2568,93.14248,0.0,87.41732,6.287506,0.00046158116,0.0,0.42608136,1.0086148
2569,80.937805,0.0,81.081696,6.2875257,0.00060061604,0.0,0.43009323,1.0086234
2570,79.81564,0.0,94.55364,6.2875395,0.0011578912,0.0,0.45279354,1.0086311
2571,84.36878,0.0,93.07643,6.2875533,0.0005244426,0.0,0.42282796,1.0086374
2572,84.19538,0.0,87.32801,6.287567,0.00083168084,0.0,0.41068348,1.0086433
2573,98.04788,0.0,84.41665,6.2875805,0.000622232,0.0,0.4257276,1.0086483
2574,77.39761,0.0,95.301155,6.2875896,0.0007729823,0.0,0.42893577,1.0086638
2575,101.745186,0.0,109.55976,6.2875986,0.0006169122,0.0,0.44490692,1.0086776
2576,101.283775,0.0,81.56786,6.287607,0.0005653628,0.0,0.46128768,1.0086898
2577,71.90889,0.0,82.96652,6.2876225,0.0007149674,0.0,0.41155696,1.0087006
2578,71.58327,0.0,132.83559,6.2876368,0.0005618675,0.0,0.47472346,1.0087101
2579,63.572796,0.0,91.065636,6.2876544,0.0006245345,0.0,0.42424458,1.0087186
2580,79.03578,0.0,74.781296,6.287669,0.0005142791,0.0,0.42358446,1.0087304
2581,52.211197,0.0,85.24844,6.2876925,0.00036252884,0.0,0.417567,1.0087409
2582,74.48127,0.0,72.21614,6.287717,0.00066681753,0.0,0.46205467,1.00875
2583,76.55361,0.0,66.65792,6.287739,0.0007782496,0.0,0.4646041,1.0087581
2584,66.85948,0.0,78.39631,6.2877555,0.00068834703,0.0,0.44800794,1.0087651
2585,64.982635,0.0,80.44425,6.287774,0.00073908054,0.0,0.44268996,1.0087713
2586,99.233025,0.0,106.05772,6.287789,0.00083704427,0.0,0.43966842,1.0087765
2587,82.96741,0.0,108.43244,6.287803,0.0008053689,0.0,0.41482645,1.0087813
2588,90.88949,0.0,81.118,6.287819,0.000969052,0.0,0.40658885,1.0087854
2589,72.29026,0.0,94.770836,6.287831,0.0005237442,0.0,0.44221944,1.0087941
2590,81.40775,0.0,90.003204,6.2878456,0.00072986627,0.0,0.44751555,1.0088018
2591,68.15197,0.0,86.77149,6.287857,0.00054008,0.0,0.46120772,1.0088089
2592,67.18653,0.0,82.975464,6.2878704,0.000559166,0.0,0.44996724,1.0088148
2593,101.53169,0.0,84.03668,6.2878866,0.0007110792,0.0,0.42058882,1.0088199
2594,63.820213,0.0,91.46864,6.287903,0.00065062847,0.0,0.41423082,1.0088245
2595,77.98949,0.0,78.17085,6.2879167,0.0006331043,0.0,0.43587264,1.0088284
2596,59.749626,0.0,125.707,6.2879257,0.0007140056,0.0,0.42330465,1.0088315
2597,76.38912,0.0,90.16938,6.287934,0.0005140884,0.0,0.49999171,1.0088344
2598,60.59895,0.0,79.9149,6.2879457,0.00067678624,0.0,0.43085307,1.0088364
2599,123.92889,0.0,88.65713,6.287962,0.0005707843,0.0,0.41548324,1.0088383
2600,63.97731,0.0,74.56275,6.2879767,0.00050103496,0.0,0.4494021,1.0088419
2601,81.175735,0.0,80.99062,6.2879906,0.00077699625,0.0,0.47035694,1.0088452
2602,84.15263,0.0,80.88975,6.288005,0.0007814602,0.0,0.42384642,1.0088477
2603,101.350945,0.0,96.153984,6.28802,0.000734419,0.0,0.4259073,1.0088501
2604,89.83678,0.0,96.392876,6.288032,0.00061139825,0.0,0.43181857,1.0088516
2605,65.6442,0.0,74.00976,6.288038,0.0007074404,0.0,0.39394522,1.0088531
2606,80.8289,0.0,91.992874,6.28804,0.0006726053,0.0,0.4208181,1.008859
2607,67.43288,0.0,84.447235,6.288043,0.00047152975,0.0,0.42630857,1.0088778
2608,92.802086,0.0,89.71336,6.2880416,0.0006866695,0.0,0.42516375,1.0088946
2609,69.63227,0.0,79.54945,6.288042,0.00038046576,0.0,0.40226814,1.0089098
2610,75.842285,0.0,88.93278,6.2880507,0.0007922088,0.0,0.39841032,1.0089235
2611,69.277054,0.0,78.31675,6.288064,0.0005052103,0.0,0.4529049,1.0089357
2612,68.912384,0.0,80.26717,6.288082,0.0006575358,0.0,0.43348932,1.0089467
2613,89.255,0.0,119.24948,6.288105,0.0004779646,0.0,0.4141601,1.0089571
2614,69.82956,0.0,106.32075,6.2881265,0.0006578971,0.0,0.41764113,1.0089666
2615,76.97027,0.0,92.20492,6.288146,0.00072156964,0.0,0.43334788,1.0089737
2616,76.22905,0.0,79.95773,6.2881665,0.00048400063,0.0,0.37326097,1.0089802
2617,77.89806,0.0,81.44633,6.288184,0.00082026934,0.0,0.45700797,1.0089856
2618,60.495304,0.0,120.68094,6.2881975,0.00076214614,0.0,0.44922483,1.0089903
2619,87.22001,0.0,80.21733,6.2882113,0.00083842396,0.0,0.41976926,1.0089945
2620,78.342514,0.0,91.07745,6.28822,0.0007316013,0.0,0.43520212,1.0089978
2621,92.61487,0.0,94.181015,6.288227,0.0006222764,0.0,0.46230596,1.0090075
2622,67.22859,0.0,88.60187,6.2882304,0.00062859745,0.0,0.39392114,1.009016
2623,85.145836,0.0,85.700356,6.2882338,0.00059935916,0.0,0.42579597,1.0090234
2624,92.83297,0.0,91.0512,6.2882385,0.0005842347,0.0,0.47882575,1.0090379
2625,72.17752,0.0,93.46486,6.2882457,0.00080166594,0.0,0.4515594,1.0090505
2626,63.41277,0.0,105.702995,6.2882543,0.0010683951,0.0,0.4194096,1.0090619
2627,70.1145,0.0,103.44171,6.2882633,0.0008110424,0.0,0.43607533,1.0090721
2628,79.28516,0.0,92.704475,6.288268,0.0005546659,0.0,0.42689157,1.0090809
2629,74.40799,0.0,84.44218,6.288278,0.00073643005,0.0,0.42669338,1.0090885
2630,61.56555,0.0,82.938,6.2882853,0.0005901505,0.0,0.4056029,1.0090954
2631,79.306816,0.0,85.09809,6.2882934,0.0007163381,0.0,0.44845495,1.0090996
2632,61.85916,0.0,65.53356,6.288298,0.00059793075,0.0,0.4106954,1.0091031
2633,79.84488,0.0,91.38276,6.2883043,0.000896515,0.0,0.40855628,1.0091001
2634,69.5761,0.0,72.34167,6.288311,0.0006717176,0.0,0.40949664,1.0090972
2635,69.92186,0.0,75.75013,6.288325,0.000685821,0.0,0.40534586,1.0090946
2636,72.86975,0.0,87.01604,6.288335,0.0006744694,0.0,0.48270524,1.0090922
2637,76.95593,0.0,78.6339,6.288347,0.00070074707,0.0,0.418058,1.0090892
2638,69.18309,0.0,94.55688,6.288359,0.0006527016,0.0,0.43272734,1.0090876
2639,93.38032,0.0,95.17741,6.288373,0.0005216938,0.0,0.4811393,1.0090866
2640,85.055275,0.0,85.174095,6.2883854,0.0007315185,0.0,0.3975345,1.0090853
2641,80.54227,0.0,90.041565,6.2883964,0.00047266562,0.0,0.4324561,1.0090839
2642,61.528774,0.0,83.651436,6.288404,0.0005072013,0.0,0.4100195,1.0090826
2643,89.5977,0.0,79.87796,6.2884126,0.00079199503,0.0,0.4640569,1.0090811
2644,95.08946,0.0,84.00906,6.288421,0.0009050113,0.0,0.42851156,1.0090795
2645,79.30875,0.0,73.276146,6.288427,0.0006971266,0.0,0.42462024,1.0090779
2646,64.987305,0.0,82.748245,6.2884326,0.00075270765,0.0,0.42769587,1.0090761
2647,63.153343,0.0,75.02042,6.28844,0.0004446046,0.0,0.4271974,1.0090743
2648,66.61354,0.0,85.18682,6.288444,0.00083615107,0.0,0.41651464,1.0090724
2649,88.94233,0.0,86.015305,6.2884507,0.00062484154,0.0,0.42046794,1.0090702
2650,69.21848,0.0,100.83005,6.288455,0.00053766335,0.0,0.43123326,1.0090684
2651,95.21657,0.0,74.60181,6.2884593,0.0008163915,0.0,0.44902682,1.0090666
2652,80.62458,0.0,83.97266,6.2884603,0.00092332944,0.0,0.4304251,1.0090646
2653,92.012634,0.0,83.96131,6.2884593,0.00051058794,0.0,0.4564119,1.0090628
2654,68.183136,0.0,107.61029,6.288456,0.0006291993,0.0,0.4468693,1.009063
2655,86.44017,0.0,92.64628,6.288455,0.0011005842,0.0,0.4912684,1.0090648
2656,84.8715,0.0,86.759995,6.288454,0.00054270093,0.0,0.42574367,1.0090662
2657,75.0578,0.0,77.51691,6.288455,0.00052158174,0.0,0.44349402,1.0090674
2658,62.926083,0.0,79.2463,6.2884526,0.0006845277,0.0,0.43634027,1.0090683
2659,65.356705,0.0,87.572945,6.288444,0.0007185444,0.0,0.4278776,1.009073
2660,67.371376,0.0,86.98111,6.288434,0.00060919055,0.0,0.44226572,1.0090772
2661,97.14976,0.0,102.19928,6.288434,0.00047434674,0.0,0.4435057,1.00908
2662,82.81037,0.0,96.91753,6.2884345,0.0007331921,0.0,0.44702882,1.0090824
2663,68.05832,0.0,76.85721,6.2884398,0.0008035506,0.0,0.41787097,1.0090935
2664,59.536537,0.0,81.55876,6.288449,0.00065725856,0.0,0.439857,1.0091032
2665,97.082695,0.0,95.98352,6.288459,0.0006546748,0.0,0.43710524,1.0091119
2666,74.56703,0.0,92.360664,6.2884703,0.00060235057,0.0,0.42951247,1.0091196
2667,72.0731,0.0,84.59001,6.2884836,0.0007132028,0.0,0.4574971,1.0091273
2668,64.85561,0.0,78.28063,6.288495,0.0006273947,0.0,0.4248576,1.0091338
2669,80.87499,0.0,86.27509,6.288508,0.0007088077,0.0,0.46535835,1.0091397
2670,81.56694,0.0,115.05407,6.288521,0.0007051531,0.0,0.45723626,1.0091448
2671,73.179474,0.0,93.99983,6.2885394,0.0010980538,0.0,0.4464354,1.0091491
2672,58.16722,0.0,73.69576,6.2885556,0.00061491726,0.0,0.44798884,1.0091525
2673,66.97337,0.0,95.68577,6.288568,0.0006308681,0.0,0.39657068,1.0091556
2674,84.14936,0.0,90.34061,6.2885766,0.0006565586,0.0,0.39775142,1.0091583
2675,87.86077,0.0,75.250275,6.288586,0.0006133966,0.0,0.4605659,1.009168
2676,66.049774,0.0,93.923645,6.288597,0.0006998265,0.0,0.40351886,1.0091767
2677,69.181366,0.0,75.61186,6.288608,0.0007613064,0.0,0.4303523,1.0091842
2678,81.521675,0.0,87.53153,6.288614,0.00052529847,0.0,0.42076546,1.009191
2679,93.950775,0.0,81.20402,6.2886233,0.0005039621,0.0,0.42496896,1.0091981
2680,62.305363,0.0,87.89007,6.288632,0.00054351904,0.0,0.41501606,1.0092043
2681,64.65938,0.0,78.59345,6.2886415,0.0005386103,0.0,0.4647665,1.0092096
2682,56.740665,0.0,70.56444,6.288647,0.0005584409,0.0,0.43296584,1.0092139
2683,71.02529,0.0,92.0192,6.288652,0.0006465425,0.0,0.44224998,1.009218
2684,66.529434,0.0,118.410545,6.28866,0.000580782,0.0,0.42463928,1.0092214
2685,70.74342,0.0,90.74896,6.2886715,0.0008047628,0.0,0.4394669,1.0092164
2686,85.33397,0.0,72.86713,6.288679,0.00052412925,0.0,0.42584276,1.009212
2687,66.52054,0.0,63.477425,6.2886868,0.0005244565,0.0,0.42230198,1.0092077
2688,61.592815,0.0,109.79277,6.2886944,0.00052151055,0.0,0.41524035,1.0092038
2689,93.04642,0.0,117.17167,6.2887015,0.00075523043,0.0,0.43157646,1.0092
2690,70.96944,0.0,66.80944,6.2887073,0.0006122697,0.0,0.42680687,1.0091964
2691,72.4514,0.0,84.41004,6.2887096,0.0010544512,0.0,0.4635501,1.009193
2692,77.69568,0.0,88.13577,6.2887144,0.0006293057,0.0,0.39897436,1.0091896
2693,98.62599,0.0,95.9098,6.2887235,0.0005310646,0.0,0.4050141,1.0091865
2694,86.258835,0.0,77.736015,6.288732,0.00068896485,0.0,0.45103502,1.0091835
2695,66.65988,0.0,81.356346,6.2887383,0.00060652354,0.0,0.4464584,1.0091803
2696,69.94452,0.0,97.79853,6.2887435,0.0007313875,0.0,0.43803495,1.0091774
2697,71.62227,0.0,89.256294,6.288752,0.001054351,0.0,0.46267542,1.0091745
2698,81.91766,0.0,93.41771,6.2887588,0.0008962611,0.0,0.40647027,1.0091716
2699,71.99041,0.0,100.65698,6.2887673,0.00053653005,0.0,0.4394011,1.0091686
2700,55.75227,0.0,92.334915,6.2887783,0.000806614,0.0,0.45199543,1.0091655
2701,70.173256,0.0,87.91011,6.2887926,0.00056659244,0.0,0.41817254,1.0091625
2702,83.646736,0.0,89.26238,6.288801,0.0009087047,0.0,0.41984248,1.0091602
2703,70.84675,0.0,80.55963,6.288811,0.00071919605,0.0,0.4315673,1.0091578
2704,94.48208,0.0,106.15474,6.2888203,0.00070799456,0.0,0.46779734,1.0091553
2705,68.982414,0.0,87.64053,6.2888303,0.000553392,0.0,0.4133193,1.0091529
2706,87.62644,0.0,85.00662,6.288847,0.0005113281,0.0,0.3898325,1.0091504
2707,54.960693,0.0,65.05545,6.288864,0.00064587005,0.0,0.45668107,1.0091476
2708,81.13234,0.0,82.76175,6.2888846,0.0006596056,0.0,0.43704876,1.0091451
2709,78.49048,0.0,89.97185,6.288901,0.00095409434,0.0,0.40799746,1.0091425
2710,75.42721,0.0,84.22567,6.2889137,0.0007059444,0.0,0.42602238,1.00914
2711,69.470634,0.0,70.356,6.288925,0.0005856836,0.0,0.44168326,1.0091372
2712,90.16436,0.0,93.31875,6.2889366,0.000905628,0.0,0.47048482,1.0091344
2713,63.06174,0.0,88.70952,6.2889466,0.00062056875,0.0,0.4532494,1.0091318
2714,64.12525,0.0,87.06437,6.2889543,0.0008126631,0.0,0.4594772,1.0091292
2715,65.82099,0.0,76.37845,6.2889643,0.0008225491,0.0,0.4216895,1.0091263
2716,82.54057,0.0,98.420555,6.2889733,0.0008724269,0.0,0.45275077,1.0091236
2717,85.660614,0.0,78.42863,6.2889833,0.0005651288,0.0,0.42814255,1.0091208
2718,60.270416,0.0,87.06661,6.2889934,0.0011063362,0.0,0.44122672,1.0091182
2719,60.845345,0.0,80.462494,6.2889943,0.0006221407,0.0,0.45126075,1.0091155
2720,63.858616,0.0,75.964745,6.2889967,0.0008894162,0.0,0.41605306,1.0091134
2721,98.01929,0.0,69.739716,6.288995,0.00073455216,0.0,0.4465642,1.0091114
2722,58.821518,0.0,92.76116,6.288997,0.0005993856,0.0,0.47110152,1.0091095
2723,96.899086,0.0,88.158195,6.2890024,0.0006974737,0.0,0.41285288,1.0091074
2724,77.82209,0.0,83.250046,6.2890053,0.0006191914,0.0,0.42847586,1.0091053
2725,71.71564,0.0,76.88299,6.2890053,0.00053175376,0.0,0.45088908,1.0091032
2726,71.92324,0.0,78.565414,6.2890053,0.0006677659,0.0,0.4534276,1.009101
2727,88.05159,0.0,83.83852,6.289011,0.00055458647,0.0,0.4391738,1.0090992
2728,75.3103,0.0,83.43013,6.289022,0.0010074596,0.0,0.46023047,1.0090973
2729,82.27505,0.0,78.68967,6.289032,0.0005364807,0.0,0.42712963,1.0090954
2730,89.775764,0.0,65.361885,6.2890377,0.00073631434,0.0,0.4011243,1.0090935
2731,80.04532,0.0,88.751976,6.289045,0.0009213467,0.0,0.41440615,1.0090915
2732,82.57795,0.0,80.725685,6.2890553,0.00080935704,0.0,0.39464545,1.0090901
2733,91.281975,0.0,78.03481,6.2890596,0.00074489054,0.0,0.43091768,1.0090885
2734,109.94125,0.0,72.560455,6.2890644,0.00078839844,0.0,0.4155283,1.009087
2735,83.94587,0.0,73.28705,6.289065,0.0008700931,0.0,0.42730695,1.0090867
2736,92.33556,0.0,75.68648,6.2890687,0.00055520714,0.0,0.46066102,1.009086
2737,84.09154,0.0,79.88449,6.289073,0.000669918,0.0,0.42731175,1.0090857
2738,76.19427,0.0,110.879745,6.2890744,0.00063467014,0.0,0.43213916,1.0090847
2739,85.84859,0.0,91.46795,6.2890844,0.00063063565,0.0,0.4332939,1.0090837
2740,72.903404,0.0,100.69087,6.289098,0.00074295764,0.0,0.4259779,1.0090828
2741,77.63694,0.0,89.264534,6.2891097,0.0007166172,0.0,0.4566784,1.0090815
2742,66.18065,0.0,84.94453,6.289121,0.00066917704,0.0,0.42636365,1.0090743
2743,74.032585,0.0,92.114456,6.2891326,0.0007173185,0.0,0.41559952,1.0090677
2744,62.441486,0.0,83.9345,6.2891464,0.000651606,0.0,0.45017716,1.0090612
2745,75.69969,0.0,95.32103,6.2891574,0.00062447967,0.0,0.4248566,1.0090553
2746,76.12114,0.0,101.36354,6.2891693,0.0006849369,0.0,0.4236995,1.0090498
2747,70.241875,0.0,93.99731,6.2891836,0.00066404016,0.0,0.4445719,1.0090446
2748,99.22236,0.0,88.93854,6.289196,0.0005351753,0.0,0.4520584,1.0090395
2749,75.09907,0.0,99.81696,6.289207,0.000681547,0.0,0.4446742,1.0090336
2750,62.190746,0.0,105.404,6.2892175,0.00082356966,0.0,0.47092748,1.0090253
2751,86.763535,0.0,75.78024,6.289232,0.0005847008,0.0,0.4718765,1.0090177
2752,64.31487,0.0,82.53322,6.2892485,0.00075987907,0.0,0.43465564,1.0090106
2753,69.73975,0.0,92.38472,6.289262,0.00065542257,0.0,0.42074928,1.0090039
2754,76.498634,0.0,80.49098,6.2892737,0.0006731148,0.0,0.45184386,1.0089978
2755,79.32319,0.0,89.839355,6.289282,0.00078001467,0.0,0.41438675,1.0089918
2756,53.142303,0.0,69.476105,6.2892885,0.0006713676,0.0,0.4061118,1.0089865
2757,75.60779,0.0,84.51022,6.289296,0.0010338624,0.0,0.4312374,1.0089799
2758,70.59725,0.0,75.67621,6.2893014,0.00088916614,0.0,0.42647418,1.0089737
2759,94.33137,0.0,78.40149,6.2893047,0.0008216251,0.0,0.4319049,1.0089688
2760,59.3586,0.0,90.14064,6.289302,0.00057826977,0.0,0.46048236,1.0089641
2761,62.230247,0.0,118.3938,6.2893023,0.0007752764,0.0,0.45539463,1.0089598
2762,81.63975,0.0,74.9408,6.289305,0.00054364104,0.0,0.4367672,1.0089555
2763,102.682076,0.0,74.71045,6.2893057,0.0005941576,0.0,0.44765458,1.0089513
2764,75.370384,0.0,85.82342,6.2893047,0.00077635003,0.0,0.44017273,1.0089475
2765,76.79787,0.0,109.09375,6.289304,0.0006343665,0.0,0.45087633,1.0089438
2766,94.63103,0.0,98.83611,6.2893023,0.0008646005,0.0,0.4405311,1.0089402
2767,60.628418,0.0,119.04613,6.289296,0.00077566353,0.0,0.41699034,1.0089366
2768,63.787582,0.0,101.27032,6.289293,0.0005803171,0.0,0.43318087,1.0089332
2769,74.19151,0.0,51.322834,6.2892933,0.00053698913,0.0,0.43776786,1.0089298
2770,67.04738,0.0,64.72042,6.2892923,0.00066016306,0.0,0.4554808,1.0089269
2771,61.554825,0.0,81.7607,6.2892966,0.00066536,0.0,0.43613088,1.008928
2772,78.96686,0.0,77.16367,6.2893066,0.000646265,0.0,0.41715997,1.0089345
2773,89.069855,0.0,113.34562,6.2893147,0.00066346035,0.0,0.47103724,1.0089403
2774,76.4781,0.0,78.569145,6.289322,0.00063864887,0.0,0.45367777,1.0089456
2775,92.76231,0.0,80.22985,6.289326,0.000549152,0.0,0.41658074,1.00895
2776,67.25445,0.0,74.1324,6.2893343,0.0006031405,0.0,0.4534821,1.0089539
2777,60.85219,0.0,73.584915,6.289343,0.0006971215,0.0,0.4243917,1.008957
2778,71.977974,0.0,80.37783,6.2893486,0.0007770278,0.0,0.45947456,1.0089597
2779,71.63553,0.0,100.262245,6.2893596,0.000624132,0.0,0.37566027,1.0089618
2780,61.56708,0.0,89.94951,6.289371,0.000651071,0.0,0.4382537,1.0089638
2781,72.463135,0.0,77.456924,6.289387,0.00054903934,0.0,0.42883623,1.0089655
2782,62.523617,0.0,80.12267,6.2894073,0.00054443226,0.0,0.4712387,1.0089669
2783,64.094086,0.0,84.14582,6.289426,0.00047363582,0.0,0.47506118,1.008968
2784,77.27871,0.0,97.83371,6.289446,0.00059486344,0.0,0.48433656,1.0089688
2785,70.77298,0.0,81.49054,6.289468,0.00085469615,0.0,0.43527603,1.0089691
2786,79.1811,0.0,81.830475,6.2894855,0.0006796198,0.0,0.44382343,1.0089692
2787,72.701904,0.0,96.23175,6.289504,0.0005934785,0.0,0.43129182,1.0089678
2788,70.5808,0.0,79.71223,6.289519,0.0006763524,0.0,0.41858506,1.0089663
2789,64.79703,0.0,107.40177,6.289534,0.0005623676,0.0,0.4308954,1.0089649
2790,94.77478,0.0,70.679855,6.289543,0.0005911916,0.0,0.4671926,1.0089633
2791,92.48402,0.0,90.37493,6.289547,0.0006166369,0.0,0.42438814,1.0089617
2792,76.565865,0.0,65.30288,6.2895484,0.00054788124,0.0,0.44308418,1.0089599
2793,71.62889,0.0,87.59115,6.2895503,0.000755043,0.0,0.4355855,1.0089581
2794,74.490036,0.0,83.64681,6.2895565,0.00067043694,0.0,0.40785298,1.0089564
2795,70.5688,0.0,79.596855,6.2895617,0.00075811567,0.0,0.4638431,1.0089544
2796,84.66979,0.0,87.81253,6.289568,0.0006165616,0.0,0.43903837,1.0089524
2797,81.08283,0.0,90.48424,6.2895765,0.00055027986,0.0,0.4447447,1.0089557
2798,56.849064,0.0,79.22293,6.2895827,0.0007815424,0.0,0.44303745,1.0089654
2799,101.89095,0.0,94.93797,6.289594,0.00044674714,0.0,0.45158577,1.0089737
2800,79.55564,0.0,76.056206,6.289603,0.0008014429,0.0,0.43083537,1.0089812
2801,77.14928,0.0,70.917244,6.2896104,0.0007189963,0.0,0.45079058,1.0089879
2802,78.445145,0.0,94.31476,6.28962,0.00087390456,0.0,0.46147975,1.0089936
2803,66.687645,0.0,76.651924,6.2896338,0.00065813086,0.0,0.48878974,1.0089988
2804,74.363945,0.0,79.15072,6.2896433,0.0006343118,0.0,0.43171582,1.0090009
2805,72.72605,0.0,87.77121,6.2896495,0.00047610805,0.0,0.45021448,1.0090026
2806,77.28895,0.0,74.97209,6.2896533,0.0006930822,0.0,0.4339515,1.0090041
2807,76.553955,0.0,98.3357,6.2896633,0.0008522884,0.0,0.39160833,1.0090051
2808,90.383675,0.0,68.86566,6.289679,0.00059166196,0.0,0.44770592,1.0090059
2809,72.21027,0.0,77.741486,6.2896957,0.000705851,0.0,0.42745838,1.0090063
2810,84.35091,0.0,100.94798,6.289714,0.00057552307,0.0,0.44662702,1.0090064
2811,107.26279,0.0,73.47234,6.289732,0.000412347,0.0,0.43203127,1.0090064
2812,68.25099,0.0,94.27823,6.289755,0.00057605305,0.0,0.4503859,1.0090051
2813,70.86603,0.0,84.58035,6.289776,0.000756184,0.0,0.47977123,1.0090039
2814,76.27681,0.0,92.87318,6.289791,0.0005941321,0.0,0.41644734,1.0090011
2815,82.50747,0.0,92.31792,6.289803,0.0005397765,0.0,0.45216236,1.0089985
2816,67.012054,0.0,90.99845,6.289809,0.00046876207,0.0,0.42849833,1.0089957
2817,70.491554,0.0,86.869675,6.2898107,0.000583662,0.0,0.40505135,1.0089931
2818,82.73817,0.0,97.37371,6.2898088,0.0006228159,0.0,0.41473556,1.0089905
2819,106.6044,0.0,77.10316,6.2898054,0.0006046366,0.0,0.43043154,1.0089874
2820,73.695015,0.0,77.838554,6.289799,0.0008275587,0.0,0.43164533,1.0089843
2821,72.44188,0.0,101.80602,6.2897935,0.00054364157,0.0,0.43398297,1.008981
2822,74.94209,0.0,86.53248,6.289786,0.0004919077,0.0,0.45942053,1.0089792
2823,59.90134,0.0,80.26015,6.289773,0.0006491145,0.0,0.4516469,1.0089772
2824,77.44795,0.0,134.10684,6.2897654,0.0006063484,0.0,0.50065064,1.0089723
2825,74.167366,0.0,98.054634,6.289762,0.00056022825,0.0,0.45404053,1.0089678
2826,69.59684,0.0,71.49984,6.2897654,0.00073748373,0.0,0.4201128,1.0089635
2827,75.72405,0.0,78.045425,6.289777,0.0006884957,0.0,0.40448785,1.0089593
2828,51.157944,0.0,77.47899,6.2897906,0.00077658915,0.0,0.4326505,1.0089562
2829,63.053253,0.0,97.672104,6.2898016,0.00037819936,0.0,0.41299522,1.0089533
2830,79.42074,0.0,84.03315,6.2898073,0.00062741176,0.0,0.4127702,1.0089501
2831,59.22983,0.0,104.93499,6.2898097,0.00073160895,0.0,0.43967813,1.0089469
2832,99.05054,0.0,93.07088,6.289815,0.00054477033,0.0,0.41649625,1.0089439
2833,74.05403,0.0,104.48032,6.289824,0.0005786004,0.0,0.4566625,1.008941
2834,72.95829,0.0,78.51255,6.2898297,0.00093716837,0.0,0.44075298,1.008936
2835,76.3506,0.0,87.4278,6.2898407,0.00081801775,0.0,0.4563933,1.0089313
2836,90.848175,0.0,84.54363,6.289844,0.00061658764,0.0,0.4164244,1.0089267
2837,76.29946,0.0,78.44838,6.2898498,0.0008130559,0.0,0.44149905,1.0089226
2838,71.32273,0.0,86.30339,6.289856,0.00057382527,0.0,0.40489492,1.0089185
2839,71.33714,0.0,87.98222,6.2898626,0.0004672655,0.0,0.4419564,1.0089154
2840,50.21417,0.0,77.494514,6.289878,0.0005083151,0.0,0.42938787,1.0089123
2841,80.58239,0.0,89.9978,6.289895,0.000725114,0.0,0.44697207,1.0089093
2842,104.89093,0.0,79.58515,6.2899146,0.0011305116,0.0,0.42365777,1.0089066
2843,92.73752,0.0,75.57054,6.2899294,0.0005737779,0.0,0.39661664,1.008904
2844,86.26489,0.0,93.80513,6.2899446,0.0006380816,0.0,0.44667774,1.0089011
2845,58.73568,0.0,85.4159,6.289955,0.00063076196,0.0,0.4441139,1.0088985
2846,71.682556,0.0,93.868225,6.289965,0.00055474986,0.0,0.43283862,1.0088958
2847,78.624825,0.0,75.09435,6.289969,0.0007103508,0.0,0.42239475,1.0088935
2848,95.10135,0.0,105.391945,6.2899733,0.00054350274,0.0,0.44612157,1.0088966
2849,74.17546,0.0,89.20112,6.28998,0.0008649739,0.0,0.4410437,1.0088999
2850,84.81035,0.0,73.247284,6.2899857,0.0008378959,0.0,0.4382194,1.0089025
2851,74.946304,0.0,68.29716,6.289992,0.0005431577,0.0,0.4414494,1.0089046
2852,68.42508,0.0,93.64442,6.290001,0.00050406385,0.0,0.43492526,1.0089061
2853,67.78869,0.0,95.0351,6.2900176,0.00060511066,0.0,0.42675716,1.0089076
2854,69.764694,0.0,84.329765,6.290028,0.0006142253,0.0,0.39870688,1.0089245
2855,70.089355,0.0,87.81447,6.290046,0.0005256687,0.0,0.3913272,1.00894
2856,76.37115,0.0,100.18504,6.2900577,0.000986706,0.0,0.4659562,1.0089601
2857,58.752636,0.0,90.58485,6.290072,0.0007095906,0.0,0.41256964,1.0089784
2858,86.9639,0.0,86.62919,6.29009,0.00093646103,0.0,0.4452153,1.0089947
2859,79.4991,0.0,71.21108,6.2901034,0.0006273179,0.0,0.4097271,1.0090092
2860,72.646706,0.0,82.07648,6.2901106,0.0007593436,0.0,0.42849764,1.009022
2861,79.09472,0.0,81.21237,6.2901187,0.0006208882,0.0,0.43882143,1.0090351
2862,95.7474,0.0,82.844,6.2901254,0.0006235987,0.0,0.42806333,1.0090514
2863,78.093895,0.0,96.34013,6.29013,0.0009067253,0.0,0.4297824,1.0090657
2864,75.67275,0.0,79.40122,6.2901382,0.0009966542,0.0,0.4400103,1.0090785
2865,98.722916,0.0,76.24786,6.2901506,0.0007408179,0.0,0.47343445,1.0090911
2866,71.8775,0.0,80.75974,6.290167,0.0008090843,0.0,0.43538412,1.0091025
2867,79.02754,0.0,90.283,6.290182,0.0009641545,0.0,0.45052552,1.0091122
2868,61.089428,0.0,82.782104,6.290192,0.0006585214,0.0,0.4223369,1.0091203
2869,84.7284,0.0,80.22537,6.2902055,0.0006834505,0.0,0.39675507,1.0091274
2870,62.010418,0.0,119.74071,6.2902236,0.00049293245,0.0,0.4412102,1.0091262
2871,65.388405,0.0,81.3733,6.2902446,0.0005431127,0.0,0.42682582,1.0091248
2872,65.2142,0.0,80.145065,6.2902665,0.00077020953,0.0,0.4533068,1.0091233
2873,68.24325,0.0,92.02315,6.290286,0.00059111597,0.0,0.4440441,1.0091218
2874,97.89798,0.0,100.78902,6.2903013,0.00067918736,0.0,0.43592486,1.0091205
2875,86.506516,0.0,86.122536,6.290312,0.00063144736,0.0,0.45769843,1.0091186
2876,91.802185,0.0,98.46855,6.2903204,0.0005378825,0.0,0.4474489,1.0091224
2877,78.54264,0.0,86.15891,6.290326,0.0010303113,0.0,0.44972345,1.0091254
2878,63.488224,0.0,67.43703,6.290331,0.0006384863,0.0,0.40899897,1.0091282
2879,105.224266,0.0,71.73145,6.2903395,0.0005134917,0.0,0.40330905,1.0091273
2880,62.40788,0.0,90.83684,6.290353,0.00082609185,0.0,0.43252152,1.0091231
2881,56.620575,0.0,86.242775,6.2903624,0.00084405317,0.0,0.44555768,1.0091192
2882,75.60851,0.0,96.364006,6.290374,0.0008819482,0.0,0.4148626,1.0091156
2883,101.82697,0.0,95.36797,6.2903852,0.00061800354,0.0,0.4166584,1.0091119
2884,66.00422,0.0,85.93437,6.2903953,0.000539218,0.0,0.4340396,1.0091087
2885,80.79912,0.0,86.88529,6.2904067,0.00078712497,0.0,0.43432793,1.0091054
2886,70.74878,0.0,82.50302,6.290418,0.00043158708,0.0,0.4406302,1.0091025
2887,71.79079,0.0,85.025505,6.2904263,0.00075085403,0.0,0.44374228,1.0090994
2888,68.31412,0.0,89.47917,6.2904315,0.001043923,0.0,0.4147095,1.0090964
2889,84.7919,0.0,78.11605,6.2904325,0.0007024808,0.0,0.46420223,1.0090934
2890,78.15892,0.0,98.512375,6.2904353,0.00077870616,0.0,0.44810468,1.0091037
2891,102.60037,0.0,77.55184,6.290444,0.000694613,0.0,0.46420306,1.0091128
2892,90.188576,0.0,85.05788,6.2904496,0.0011748674,0.0,0.44220835,1.009121
2893,77.06559,0.0,78.379555,6.290453,0.00059270556,0.0,0.42132163,1.0091282
2894,88.02096,0.0,75.05376,6.290462,0.0007655653,0.0,0.45180053,1.0091347
2895,63.905304,0.0,95.58917,6.290471,0.0004962384,0.0,0.4224369,1.0091395
2896,69.561386,0.0,94.20204,6.2904806,0.0005566813,0.0,0.45632097,1.0091437
2897,74.67226,0.0,72.728355,6.290488,0.0007695159,0.0,0.47085342,1.0091473
2898,83.6989,0.0,78.17633,6.2905016,0.000817667,0.0,0.47979563,1.0091501
2899,81.87451,0.0,93.43363,6.2905188,0.0008878335,0.0,0.41640025,1.0091723
2900,81.4719,0.0,102.40683,6.290538,0.00083614653,0.0,0.4468099,1.0091921
2901,85.80999,0.0,90.6771,6.2905545,0.00079245295,0.0,0.4275089,1.0092096
2902,67.6451,0.0,106.241714,6.290569,0.0010104983,0.0,0.43483385,1.0092252
2903,84.540245,0.0,70.97475,6.29058,0.00048210443,0.0,0.43777022,1.0092392
2904,71.40654,0.0,77.94775,6.29059,0.00064910616,0.0,0.46203512,1.0092517
2905,79.14489,0.0,107.68391,6.290598,0.0007832625,0.0,0.44698268,1.0092593
2906,117.38686,0.0,87.61569,6.2906027,0.0005551191,0.0,0.44040656,1.0092725
2907,94.38925,0.0,91.73298,6.2906075,0.0006895637,0.0,0.42671204,1.0092844
2908,67.03718,0.0,87.85316,6.2906094,0.0005356592,0.0,0.41844463,1.0092946
2909,80.96061,0.0,101.66719,6.2906103,0.0006456717,0.0,0.4317895,1.0093037
2910,58.567245,0.0,87.063446,6.2906094,0.0006949238,0.0,0.43658862,1.0093118
2911,78.12141,0.0,74.55206,6.2906094,0.0006594604,0.0,0.44383976,1.009319
2912,61.129753,0.0,98.36203,6.29061,0.0009312205,0.0,0.42315444,1.009327
2913,78.39469,0.0,103.02391,6.29061,0.00052443607,0.0,0.43099707,1.0093342
2914,59.192257,0.0,85.56387,6.290615,0.00071662315,0.0,0.44527555,1.0093403
2915,79.14954,0.0,78.49419,6.29062,0.0006816517,0.0,0.4321657,1.0093457
2916,66.29321,0.0,74.89027,6.2906227,0.0009743088,0.0,0.4533257,1.0093544
2917,73.576256,0.0,90.11441,6.2906294,0.0006654078,0.0,0.4275137,1.009359
2918,66.92474,0.0,88.35029,6.290638,0.00047071656,0.0,0.42352843,1.0093633
2919,74.12186,0.0,87.33576,6.290643,0.0005350456,0.0,0.47128725,1.0093668
2920,93.994194,0.0,78.54031,6.2906504,0.00078007346,0.0,0.44129035,1.0093707
2921,63.101032,0.0,109.07673,6.2906604,0.00070076913,0.0,0.41626137,1.0093632
2922,84.387245,0.0,84.58613,6.29067,0.00061072805,0.0,0.404183,1.0093563
2923,69.00385,0.0,82.20111,6.2906795,0.00057759497,0.0,0.43502662,1.0093498
2924,63.806973,0.0,74.03537,6.290691,0.00071758195,0.0,0.44293675,1.0093441
2925,80.18687,0.0,96.859505,6.2907033,0.0009079308,0.0,0.4391119,1.0093405
2926,82.59753,0.0,92.92908,6.290717,0.0005107428,0.0,0.46288854,1.0093371
2927,60.708935,0.0,93.756325,6.290729,0.0006305305,0.0,0.4441685,1.0093337
2928,84.06494,0.0,87.97428,6.290743,0.00058630016,0.0,0.42118272,1.0093306
2929,58.057438,0.0,91.94022,6.2907524,0.0005919481,0.0,0.4223102,1.0093277
2930,74.67668,0.0,79.91917,6.290762,0.0007750796,0.0,0.41923377,1.0093288
2931,70.05301,0.0,98.54206,6.2907696,0.00085161877,0.0,0.44303438,1.0093269
2932,84.73216,0.0,65.38761,6.2907815,0.0009434214,0.0,0.47126505,1.0093249
2933,71.42641,0.0,104.14904,6.2907915,0.0008815216,0.0,0.45455927,1.0093204
2934,84.07087,0.0,101.926056,6.290799,0.00064847496,0.0,0.43073654,1.0093163
2935,68.9303,0.0,67.58345,6.2908025,0.0007037487,0.0,0.4307986,1.0093137
2936,87.02012,0.0,79.608215,6.290807,0.00090674794,0.0,0.4287312,1.0093113
2937,62.350018,0.0,72.55795,6.290802,0.00062590855,0.0,0.44227046,1.0093107
2938,85.87704,0.0,100.68279,6.2908034,0.0006040932,0.0,0.43898696,1.0093039
2939,78.51761,0.0,77.22088,6.290801,0.00041881943,0.0,0.4481508,1.0092974
2940,63.05852,0.0,93.31102,6.290797,0.0006867269,0.0,0.4741587,1.0092915
2941,81.40252,0.0,103.82246,6.2907944,0.0006693837,0.0,0.44111532,1.009286
2942,78.886345,0.0,81.705345,6.2907877,0.0006013966,0.0,0.47599292,1.0092812
2943,76.43452,0.0,88.23086,6.2907853,0.000699307,0.0,0.44797096,1.0092764
2944,63.869053,0.0,104.88044,6.290782,0.00082172314,0.0,0.42634028,1.009272
2945,53.979362,0.0,84.635666,6.290783,0.0004764668,0.0,0.4451289,1.0092677
2946,61.51809,0.0,91.51271,6.2907853,0.000625598,0.0,0.45566115,1.0092639
2947,63.616974,0.0,78.05608,6.2907853,0.0006544159,0.0,0.48280907,1.0092602
2948,70.80045,0.0,78.74104,6.290783,0.0005852877,0.0,0.43711275,1.0092564
2949,70.49894,0.0,78.48112,6.2907815,0.00051694317,0.0,0.43442816,1.0092529
2950,76.76137,0.0,80.662224,6.29078,0.0007519724,0.0,0.42537868,1.0092496
2951,85.55575,0.0,69.74686,6.290778,0.0009475561,0.0,0.393919,1.0092463
2952,63.074146,0.0,86.197525,6.2907786,0.0009669431,0.0,0.4215517,1.0092432
2953,86.12899,0.0,94.06292,6.290777,0.00061728474,0.0,0.4235289,1.0092403
2954,65.82731,0.0,77.83693,6.290772,0.0006873985,0.0,0.4447353,1.0092373
2955,71.556145,0.0,130.99619,6.290774,0.0007708733,0.0,0.49553394,1.0092344
2956,66.805145,0.0,91.80872,6.2907763,0.000906083,0.0,0.4541131,1.0092306
2957,83.91673,0.0,94.38778,6.2907863,0.0004976599,0.0,0.47551686,1.0092267
2958,97.814766,0.0,86.847534,6.2907963,0.0005568044,0.0,0.44545555,1.0092232
2959,77.73324,0.0,76.58771,6.29081,0.0008436897,0.0,0.4519837,1.0092198
2960,69.28047,0.0,80.28312,6.2908244,0.0007927026,0.0,0.40653095,1.0092164
2961,68.09367,0.0,88.86564,6.290839,0.0006915884,0.0,0.45094797,1.0092133
2962,74.27815,0.0,76.20355,6.2908554,0.0008710145,0.0,0.42800924,1.0092102
2963,75.64783,0.0,100.058014,6.290869,0.0007098367,0.0,0.40128195,1.0092069
2964,73.65808,0.0,87.25375,6.290878,0.0005884719,0.0,0.41355357,1.009204
2965,83.593475,0.0,81.15148,6.2908864,0.0007072543,0.0,0.45234606,1.0092012
2966,74.06134,0.0,85.1797,6.2908945,0.000615553,0.0,0.43654633,1.0091995
2967,80.89454,0.0,95.59466,6.2909036,0.0007394883,0.0,0.488623,1.0091981
2968,82.68126,0.0,108.343285,6.2909136,0.0007454401,0.0,0.40247828,1.0091964
2969,54.245884,0.0,93.62243,6.2909207,0.000870743,0.0,0.45420823,1.0091949
2970,62.971443,0.0,82.68146,6.290927,0.0007717541,0.0,0.44876856,1.009193
2971,70.75133,0.0,84.528366,6.290938,0.0008428336,0.0,0.43066794,1.0091912
2972,67.57806,0.0,73.67282,6.2909455,0.0005444166,0.0,0.42353588,1.0091892
2973,99.459854,0.0,102.1758,6.290956,0.0006809869,0.0,0.45832238,1.0091875
2974,70.825,0.0,74.78464,6.2909656,0.0005988659,0.0,0.39604518,1.0091853
2975,74.14728,0.0,86.28086,6.290974,0.0007073462,0.0,0.42149597,1.0091834
2976,102.40562,0.0,97.303116,6.2909827,0.0006994149,0.0,0.47497177,1.0091813
2977,79.876045,0.0,93.37306,6.2909946,0.00056447403,0.0,0.4318229,1.0091867
2978,69.579865,0.0,90.342964,6.2910056,0.00080725166,0.0,0.386129,1.0091918
2979,71.19976,0.0,80.99264,6.291014,0.0006366109,0.0,0.47760922,1.0091959
2980,79.51792,0.0,78.32186,6.2910247,0.0006210669,0.0,0.42631876,1.0091995
2981,77.9886,0.0,84.61782,6.2910347,0.0005174031,0.0,0.44149074,1.0092025
2982,65.79572,0.0,89.08735,6.2910404,0.00071273313,0.0,0.44860816,1.0092049
2983,71.51329,0.0,77.95228,6.291044,0.0005692541,0.0,0.40418205,1.009207
2984,75.234764,0.0,90.62297,6.2910414,0.0005680327,0.0,0.4276333,1.0092089
2985,65.36106,0.0,99.303955,6.2910395,0.0004474895,0.0,0.4736676,1.0092101
2986,65.82749,0.0,98.446686,6.291035,0.0005885397,0.0,0.4952786,1.0092111
2987,77.48083,0.0,84.350395,6.291033,0.00071320275,0.0,0.43496558,1.0092119
2988,85.362564,0.0,100.57352,6.291031,0.00048493673,0.0,0.41567716,1.0092121
2989,85.74224,0.0,100.522606,6.291033,0.0006010146,0.0,0.46433616,1.0092121
2990,60.16996,0.0,71.980804,6.2910385,0.0006180146,0.0,0.4206912,1.0092119
2991,62.59892,0.0,91.06042,6.2910457,0.0006643066,0.0,0.44101605,1.0092117
2992,76.96633,0.0,73.20991,6.291053,0.0008296642,0.0,0.40299258,1.009211
2993,76.67342,0.0,93.20048,6.291062,0.00074107014,0.0,0.43935758,1.0092103
2994,64.52997,0.0,94.49681,6.291074,0.0007960424,0.0,0.42370638,1.0092095
2995,69.87709,0.0,78.997505,6.2910876,0.00071634044,0.0,0.40856633,1.0092084
2996,73.85231,0.0,79.64473,6.2911043,0.00075554766,0.0,0.39595413,1.0092074
2997,59.19118,0.0,105.23946,6.291113,0.000840017,0.0,0.45936427,1.0092034
2998,66.03329,0.0,76.37536,6.291119,0.0007093942,0.0,0.456068,1.0092032
2999,67.604065,0.0,88.314896,6.291125,0.0006034891,0.0,0.4135378,1.0092025
3000,70.27737,0.0,92.11408,6.2911277,0.0006955955,0.0,0.44952068,1.0092018
3001,92.564606,0.0,88.671486,6.291131,0.0005532048,0.0,0.45737457,1.0092008
3002,77.322205,0.0,107.18658,6.291136,0.001042718,0.0,0.4431096,1.0091999
3003,64.528725,0.0,93.412544,6.2911534,0.0008183098,0.0,0.41990376,1.0091988
3004,76.19991,0.0,106.130745,6.291169,0.0010986452,0.0,0.43778703,1.0091995
3005,84.10281,0.0,91.220894,6.29119,0.0004874962,0.0,0.44990748,1.0091982
3006,67.79348,0.0,101.32014,6.2912116,0.00071862247,0.0,0.45738935,1.0092081
3007,88.03697,0.0,97.29165,6.2912283,0.0008488938,0.0,0.48058718,1.0092173
3008,90.17011,0.0,87.70313,6.2912416,0.00047095897,0.0,0.44497532,1.0092251
3009,66.373634,0.0,77.73502,6.2912517,0.00042303902,0.0,0.4417264,1.0092322
3010,62.145393,0.0,85.41406,6.291257,0.0006194337,0.0,0.43571663,1.0092384
3011,59.381042,0.0,107.87873,6.2912574,0.0006587771,0.0,0.41916484,1.009244
3012,67.70396,0.0,88.82208,6.291256,0.00052982813,0.0,0.4462306,1.0092489
3013,80.86139,0.0,97.02581,6.291255,0.00048014242,0.0,0.45691872,1.0092531
3014,82.79709,0.0,84.0425,6.2912545,0.00074495364,0.0,0.44059882,1.0092567
3015,88.85732,0.0,98.78342,6.2912536,0.00081906596,0.0,0.43989468,1.0092598
3016,73.05548,0.0,71.7094,6.291256,0.00050737325,0.0,0.41653705,1.0092622
3017,85.026436,0.0,98.81405,6.291261,0.0007276833,0.0,0.46007466,1.0092655
3018,84.818665,0.0,89.79612,6.2912674,0.0006731893,0.0,0.46515688,1.0092683
3019,59.549145,0.0,95.209206,6.2912693,0.00062387064,0.0,0.44143128,1.0092704
3020,74.79977,0.0,79.32884,6.291274,0.0005612583,0.0,0.42972702,1.0092721
3021,87.7435,0.0,103.07038,6.2912803,0.0005846789,0.0,0.39768475,1.0092734
3022,72.506905,0.0,66.89176,6.291286,0.0008023365,0.0,0.41014755,1.0092745
3023,78.45531,0.0,79.96768,6.2912974,0.0006504584,0.0,0.43960088,1.0092709
3024,68.4342,0.0,77.53791,6.2913113,0.0005749756,0.0,0.41896218,1.0092677
3025,74.56265,0.0,89.754036,6.291325,0.000560534,0.0,0.41919923,1.0092646
3026,91.11357,0.0,91.96948,6.2913423,0.0007412968,0.0,0.44949183,1.0092616
3027,62.591682,0.0,91.7054,6.2913556,0.0006218354,0.0,0.4286924,1.0092586
3028,83.585075,0.0,93.58122,6.291362,0.0005277728,0.0,0.41925046,1.0092534
3029,90.10979,0.0,81.00289,6.291369,0.00041632736,0.0,0.4410474,1.009244
3030,75.89489,0.0,79.96554,6.2913823,0.0004319909,0.0,0.4145043,1.0092351
3031,89.255646,0.0,86.26152,6.2913985,0.0009097563,0.0,0.4303711,1.0092272
3032,78.51336,0.0,79.131294,6.29142,0.0004924089,0.0,0.42835248,1.0092196
3033,84.38255,0.0,60.632763,6.2914476,0.0006189541,0.0,0.43668756,1.0092126
3034,76.17598,0.0,87.23106,6.291473,0.00068022835,0.0,0.41192555,1.0092062
3035,69.606575,0.0,77.38866,6.291494,0.00057057256,0.0,0.41831738,1.0091975
3036,64.3488,0.0,109.37745,6.2915115,0.000637959,0.0,0.43766624,1.0091895
3037,75.29365,0.0,91.195305,6.2915277,0.0009974408,0.0,0.44024643,1.0091819
3038,67.96693,0.0,84.384926,6.2915425,0.0007089878,0.0,0.42132503,1.0091751
3039,68.64253,0.0,107.834984,6.291557,0.0006167554,0.0,0.42656654,1.0091683
3040,75.51263,0.0,84.72228,6.2915673,0.0006499394,0.0,0.4606492,1.0091621
3041,95.47993,0.0,112.86749,6.2915726,0.0006631529,0.0,0.43340525,1.0091565
3042,62.55455,0.0,87.46274,6.291573,0.00083940895,0.0,0.5118669,1.009151
3043,74.28519,0.0,87.36286,6.291573,0.0007384193,0.0,0.42817074,1.0091461
3044,70.87822,0.0,80.673584,6.291577,0.00073850155,0.0,0.44617218,1.0091416
3045,69.4941,0.0,76.84345,6.2915807,0.0006337196,0.0,0.42759472,1.0091372
3046,71.89517,0.0,94.162544,6.291587,0.0005974737,0.0,0.45323223,1.009133
3047,79.70899,0.0,86.47233,6.2915993,0.00064969773,0.0,0.41007864,1.0091289
3048,82.05047,0.0,79.4951,6.2916074,0.0005530111,0.0,0.40202284,1.0091252
3049,90.369446,0.0,73.57765,6.2916207,0.0006238349,0.0,0.4251911,1.0091215
3050,75.17389,0.0,80.77518,6.291637,0.0005663535,0.0,0.47066885,1.0091181
3051,67.0623,0.0,78.546555,6.2916512,0.00062999036,0.0,0.46542454,1.0091145
3052,69.65127,0.0,106.36196,6.2916603,0.0006890776,0.0,0.4237567,1.0091113
3053,81.61309,0.0,93.06886,6.291669,0.00052309816,0.0,0.44114208,1.0091081
3054,65.75459,0.0,71.97018,6.2916756,0.0005626913,0.0,0.46242127,1.0091048
3055,75.29732,0.0,89.576416,6.291681,0.0006998202,0.0,0.45483655,1.0091017
3056,77.58586,0.0,67.12852,6.2916856,0.0004940526,0.0,0.42649028,1.0090998
3057,90.08134,0.0,89.46055,6.2916865,0.0006693525,0.0,0.45598313,1.0090979
3058,84.86795,0.0,86.33298,6.291689,0.00059485715,0.0,0.41316062,1.0090916
3059,74.148094,0.0,83.8991,6.2916923,0.00045434892,0.0,0.4661197,1.0090858
3060,75.24619,0.0,73.009315,6.2916985,0.0006635766,0.0,0.42952985,1.00908
3061,78.0175,0.0,75.57347,6.2917027,0.000724466,0.0,0.40866566,1.009075
3062,65.73491,0.0,87.534584,6.2917037,0.00073983055,0.0,0.42861187,1.0090702
3063,91.52595,0.0,80.958916,6.291701,0.0007581881,0.0,0.41004658,1.0090655
3064,90.22248,0.0,97.49247,6.2916946,0.0007476831,0.0,0.43714172,1.0090612
3065,76.060005,0.0,82.23651,6.2916923,0.00056557206,0.0,0.41800874,1.0090533
3066,80.89837,0.0,81.00722,6.2916894,0.00060902326,0.0,0.39762244,1.0090463
3067,64.84727,0.0,81.803345,6.2916894,0.00077088963,0.0,0.45389575,1.0090396
3068,80.42346,0.0,102.62383,6.291698,0.0012449462,0.0,0.4377292,1.0090334
3069,67.23251,0.0,94.74315,6.291703,0.0006744784,0.0,0.43759355,1.0090278
3070,50.485165,0.0,96.68424,6.2917147,0.0006580029,0.0,0.43329796,1.009023
3071,76.12831,0.0,96.28591,6.291733,0.0009627851,0.0,0.40201348,1.0090182
3072,76.41892,0.0,98.797935,6.291751,0.0005913933,0.0,0.40820453,1.0090137
3073,57.559788,0.0,84.17858,6.2917757,0.0006877128,0.0,0.4449821,1.0090095
3074,71.568085,0.0,76.943146,6.291796,0.00070714595,0.0,0.46477267,1.0090054
3075,88.15136,0.0,79.32248,6.2918186,0.00075725594,0.0,0.45598945,1.009001
3076,91.82954,0.0,71.84118,6.2918377,0.0005667083,0.0,0.42638046,1.0089967
3077,82.83506,0.0,96.551155,6.291857,0.00056042423,0.0,0.42692885,1.0089928
3078,82.3227,0.0,83.74069,6.2918735,0.00053033244,0.0,0.40371177,1.008989
3079,59.1662,0.0,94.22168,6.2918916,0.0005937455,0.0,0.45823044,1.0089852
3080,67.938545,0.0,95.8461,6.291903,0.0007169416,0.0,0.48892558,1.0089816
3081,75.858696,0.0,98.03509,6.291911,0.00062962144,0.0,0.4206028,1.0089843
3082,74.870445,0.0,70.315834,6.2919173,0.00068892946,0.0,0.40600502,1.0089866
3083,95.00225,0.0,93.44526,6.291924,0.00069389836,0.0,0.42348045,1.0089886
3084,72.148224,0.0,88.282776,6.291924,0.000560764,0.0,0.4252666,1.0089904
3085,70.48444,0.0,78.41742,6.2919188,0.0007496976,0.0,0.40978146,1.0089918
3086,68.5856,0.0,101.75007,6.2919145,0.00048931246,0.0,0.4041618,1.0089927
3087,69.04448,0.0,67.5579,6.291909,0.00063172,0.0,0.4510662,1.0089936
3088,82.359,0.0,81.22639,6.2919025,0.0006861015,0.0,0.4006196,1.0089941
3089,82.88244,0.0,87.063,6.291895,0.0007908672,0.0,0.4494592,1.0089943
3090,67.08154,0.0,109.15059,6.2918854,0.00061071053,0.0,0.46081722,1.0089943
3091,73.11475,0.0,91.969,6.291879,0.0007669396,0.0,0.4106258,1.0089942
3092,78.4757,0.0,85.457405,6.2918797,0.0005168183,0.0,0.425919,1.0089937
3093,68.26536,0.0,110.48561,6.2918806,0.0006867156,0.0,0.4361524,1.0089946
3094,84.677155,0.0,86.75821,6.2918844,0.00072959845,0.0,0.43881857,1.008993
3095,61.632732,0.0,76.24077,6.2918906,0.00057970104,0.0,0.389188,1.0089911
3096,83.181046,0.0,65.36883,6.2918983,0.0006723938,0.0,0.41311187,1.0089896
3097,75.989365,0.0,95.53487,6.2919106,0.0005467045,0.0,0.45472664,1.0089879
3098,60.919003,0.0,91.70281,6.291927,0.00058772083,0.0,0.42865142,1.0089858
3099,88.945435,0.0,87.10291,6.2919507,0.00065680844,0.0,0.4236499,1.0089837
3100,86.044754,0.0,84.19634,6.291976,0.00083982514,0.0,0.3892932,1.0089818
3101,70.004265,0.0,102.38131,6.2919984,0.00070707937,0.0,0.45463714,1.0089796
3102,75.375786,0.0,87.65168,6.2920175,0.0005867224,0.0,0.45170563,1.0089778
3103,69.85824,0.0,68.176056,6.2920365,0.0006492482,0.0,0.40777773,1.0089769
3104,69.501305,0.0,80.53698,6.292055,0.0006366166,0.0,0.43851972,1.0089759
3105,77.92058,0.0,69.206665,6.292071,0.0009909538,0.0,0.4376441,1.0089748
3106,70.155136,0.0,82.86728,6.292084,0.00057203637,0.0,0.40056401,1.0089736
3107,79.636406,0.0,86.65594,6.2920947,0.0006274886,0.0,0.4105913,1.0089723
3108,88.33051,0.0,91.219444,6.2921047,0.00068792206,0.0,0.41609997,1.0089709
3109,115.664665,0.0,80.96024,6.2921114,0.0010291825,0.0,0.44843173,1.0089694
3110,86.61328,0.0,91.18517,6.2921195,0.0010167367,0.0,0.4205975,1.0089679
3111,63.5861,0.0,85.780815,6.292128,0.00062383316,0.0,0.4347272,1.0089747
3112,103.6572,0.0,83.082886,6.29214,0.0008347339,0.0,0.45366463,1.0089804
3113,99.02284,0.0,74.72173,6.292148,0.0007005089,0.0,0.41418466,1.0089854
3114,79.88281,0.0,93.52473,6.2921543,0.00069685344,0.0,0.4398719,1.0089897
3115,62.40415,0.0,66.78468,6.292155,0.0007621207,0.0,0.50315785,1.0089934
3116,83.73853,0.0,83.95041,6.2921543,0.0007183128,0.0,0.43273085,1.0089965
3117,89.95524,0.0,96.549805,6.2921567,0.00094989035,0.0,0.44559774,1.0090009
3118,72.38744,0.0,81.63312,6.2921534,0.0006577191,0.0,0.46459168,1.0090047
3119,79.74156,0.0,102.27266,6.2921486,0.00055380794,0.0,0.43011737,1.0090077
3120,69.90491,0.0,91.606995,6.2921457,0.0005973596,0.0,0.45763206,1.0090104
3121,63.269444,0.0,83.606316,6.2921443,0.0008724759,0.0,0.41584522,1.0090123
3122,73.06992,0.0,73.52559,6.292142,0.00075900706,0.0,0.41968924,1.009014
3123,65.07026,0.0,114.001625,6.2921395,0.0005349479,0.0,0.41399843,1.0090153
3124,62.816017,0.0,98.91594,6.2921476,0.00086432695,0.0,0.450912,1.0090231
3125,64.268326,0.0,82.93476,6.292164,0.00092482864,0.0,0.44590992,1.00903
3126,64.79228,0.0,76.546135,6.2921796,0.00083322584,0.0,0.44780406,1.009036
3127,93.36455,0.0,89.688896,6.292195,0.0012270773,0.0,0.40656734,1.0090412
3128,73.65122,0.0,78.75475,6.2922144,0.0006966976,0.0,0.4016064,1.0090456
3129,88.5089,0.0,92.58161,6.2922306,0.00071141677,0.0,0.42688745,1.009049
3130,70.12907,0.0,88.27365,6.292246,0.0007223892,0.0,0.41338247,1.0090528
3131,76.55576,0.0,77.311966,6.292261,0.00064759556,0.0,0.45484328,1.0090557
3132,52.328407,0.0,65.316925,6.2922773,0.0007505433,0.0,0.38722894,1.0090584
3133,75.26312,0.0,85.94958,6.29229,0.000610188,0.0,0.43849063,1.0090603
3134,80.21255,0.0,91.50422,6.2922997,0.0006196054,0.0,0.43916243,1.0090618
3135,68.98186,0.0,89.39054,6.292306,0.00067392166,0.0,0.4589499,1.0090632
3136,82.4625,0.0,80.41231,6.292309,0.0011460809,0.0,0.43137163,1.0090642
3137,70.05884,0.0,76.41354,6.2923083,0.0008742502,0.0,0.42882514,1.0090647
3138,89.55129,0.0,100.36069,6.2923093,0.0007792145,0.0,0.42918885,1.0090652
3139,53.46987,0.0,77.110985,6.292312,0.000599585,0.0,0.42974362,1.0090652
3140,73.254456,0.0,79.11519,6.292314,0.0007883873,0.0,0.42888987,1.0090655
3141,74.287346,0.0,72.39779,6.292314,0.00054564705,0.0,0.42915916,1.0090655
3142,64.975586,0.0,67.78285,6.2923126,0.00057921093,0.0,0.45501685,1.0090653
3143,75.07687,0.0,80.92515,6.2923126,0.0008819857,0.0,0.4637382,1.0090648
3144,73.38625,0.0,80.97003,6.292311,0.00047322508,0.0,0.40315926,1.0090642
3145,90.26528,0.0,87.756294,6.292317,0.00071367004,0.0,0.43147528,1.0090632
3146,80.71507,0.0,95.44182,6.29232,0.0005471333,0.0,0.44641656,1.0090623
3147,66.135994,0.0,86.727844,6.292324,0.0008243489,0.0,0.41019672,1.0090611
3148,82.020065,0.0,88.94296,6.29233,0.0009035549,0.0,0.4544946,1.0090599
3149,90.993805,0.0,77.69758,6.2923374,0.00059284613,0.0,0.39970374,1.0090585
3150,80.6408,0.0,85.78013,6.292351,0.00062746636,0.0,0.47866628,1.0090569
3151,82.226295,0.0,103.65859,6.292365,0.00060717383,0.0,0.44290027,1.0090554
3152,75.119064,0.0,87.396614,6.292378,0.000578622,0.0,0.42733592,1.0090537
3153,81.18129,0.0,86.90369,6.2923903,0.0006943687,0.0,0.40866452,1.0090587
3154,62.55913,0.0,70.335724,6.292402,0.00063999026,0.0,0.45705497,1.0090632
3155,68.29528,0.0,82.127335,6.2924085,0.00062846066,0.0,0.45725232,1.0090673
3156,65.40528,0.0,88.05206,6.292414,0.00056733435,0.0,0.44083995,1.0090705
3157,62.57832,0.0,84.44061,6.2924128,0.00071674,0.0,0.44554466,1.0090734
3158,77.496414,0.0,78.29944,6.2924113,0.0006508754,0.0,0.4354777,1.0090758
3159,78.03263,0.0,96.98304,6.2924094,0.0007792031,0.0,0.45912123,1.0090775
3160,58.524902,0.0,74.76535,6.2924104,0.0007328591,0.0,0.41081595,1.0090611
3161,66.12056,0.0,85.912926,6.2924113,0.00068305165,0.0,0.42344403,1.0090472
3162,72.82421,0.0,92.94382,6.29241,0.00046394888,0.0,0.45026273,1.0090345
3163,63.436523,0.0,78.2827,6.2924123,0.0006938623,0.0,0.45184264,1.0090208
3164,85.675735,0.0,73.658676,6.292418,0.0006333224,0.0,0.44481224,1.0090086
3165,80.46278,0.0,93.998566,6.2924285,0.00046868593,0.0,0.4705004,1.0089966
3166,80.89506,0.0,92.20211,6.2924347,0.0007801497,0.0,0.45518804,1.0089855
3167,69.807724,0.0,69.200485,6.2924414,0.00077313115,0.0,0.42843923,1.0089953
3168,80.05569,0.0,78.900665,6.2924476,0.00064982544,0.0,0.43811584,1.0090041
3169,85.379364,0.0,80.536736,6.2924576,0.00082260475,0.0,0.44071314,1.009012
3170,51.47614,0.0,79.35412,6.292468,0.0007514721,0.0,0.4220385,1.0090204
3171,66.1223,0.0,82.01515,6.2924795,0.0007298314,0.0,0.40289304,1.0090292
3172,89.76521,0.0,94.9201,6.292491,0.000575907,0.0,0.42476067,1.0090305
3173,72.51426,0.0,68.83775,6.292511,0.0006204724,0.0,0.44373423,1.0090314
3174,77.02607,0.0,82.4922,6.292532,0.00051985675,0.0,0.4342677,1.0090321
3175,82.793915,0.0,110.82752,6.2925515,0.0010259195,0.0,0.41981697,1.0090328
3176,67.14156,0.0,97.827095,6.292576,0.00085177366,0.0,0.43242988,1.0090333
3177,77.59922,0.0,120.59319,6.292598,0.0006772319,0.0,0.42170367,1.0090338
3178,78.19593,0.0,96.716156,6.292621,0.00063684187,0.0,0.46892637,1.009034
3179,76.267334,0.0,84.06815,6.292637,0.0007303881,0.0,0.44356236,1.0090339
3180,85.246544,0.0,66.53407,6.292653,0.0006715629,0.0,0.4365186,1.0090332
3181,52.97938,0.0,80.9786,6.292666,0.0006244173,0.0,0.41909975,1.0090324
3182,69.71084,0.0,78.36063,6.292678,0.0009471377,0.0,0.4301663,1.009035
3183,71.118996,0.0,94.169365,6.2926865,0.0007463137,0.0,0.46070275,1.0090374
3184,59.795948,0.0,89.57567,6.29269,0.000980997,0.0,0.4439636,1.00904
3185,70.54497,0.0,77.18598,6.292692,0.00052410015,0.0,0.44115895,1.0090454
3186,65.11443,0.0,85.75032,6.2926955,0.00081506715,0.0,0.42033708,1.0090503
3187,74.01408,0.0,82.9927,6.292696,0.00057715183,0.0,0.4240994,1.0090544
3188,66.83579,0.0,86.706474,6.292696,0.00096873345,0.0,0.38979363,1.0090581
3189,72.94384,0.0,91.80782,6.2926927,0.00078180496,0.0,0.41583917,1.0090611
3190,82.41644,0.0,74.92654,6.2926955,0.000618476,0.0,0.41915667,1.0090656
3191,82.84326,0.0,83.76219,6.292696,0.0008959252,0.0,0.43438944,1.0090702
3192,91.045715,0.0,95.42143,6.2927003,0.000563834,0.0,0.44192514,1.0090743
3193,75.889336,0.0,90.98766,6.292706,0.0006434916,0.0,0.4127493,1.0090774
3194,82.19821,0.0,73.648125,6.292714,0.00076627755,0.0,0.43567258,1.0090854
3195,74.596695,0.0,86.67453,6.2927265,0.00077917724,0.0,0.48154745,1.009098
3196,75.09106,0.0,112.96523,6.2927346,0.00059193413,0.0,0.4502375,1.0091096
3197,78.9244,0.0,96.06551,6.2927485,0.0007738214,0.0,0.4580383,1.0091234
3198,62.98033,0.0,106.00629,6.2927604,0.0006039139,0.0,0.40682292,1.0091369
3199,67.10804,0.0,98.82579,6.2927766,0.0006746119,0.0,0.42724833,1.009149
3200,72.46149,0.0,90.232994,6.292792,0.00087094563,0.0,0.46166766,1.0091597
3201,75.23433,0.0,62.742325,6.2928095,0.0008726709,0.0,0.4315256,1.0091685
3202,62.275806,0.0,87.001526,6.2928286,0.00062415935,0.0,0.44842273,1.009176
3203,67.585266,0.0,71.48703,6.2928452,0.0006250458,0.0,0.42835674,1.0091865
3204,89.475044,0.0,104.26643,6.292863,0.0010722231,0.0,0.44838732,1.0091958
3205,76.574234,0.0,92.66907,6.292875,0.000643912,0.0,0.44661826,1.009204
3206,50.616318,0.0,91.73973,6.2928843,0.0006394582,0.0,0.40065986,1.0092113
3207,75.19893,0.0,70.97553,6.2928915,0.0006521713,0.0,0.43884903,1.0092176
3208,94.99508,0.0,112.39057,6.2928967,0.0006065138,0.0,0.44793987,1.0092233
3209,71.19681,0.0,77.985954,6.2929034,0.00086253835,0.0,0.4312052,1.009228
3210,96.69201,0.0,84.78605,6.2929096,0.00072761707,0.0,0.4439468,1.009232
3211,101.94425,0.0,71.66559,6.2929115,0.00080344547,0.0,0.44416684,1.0092354
3212,88.47977,0.0,86.431366,6.2929125,0.00086949766,0.0,0.42413783,1.0092384
3213,66.66221,0.0,70.065926,6.2929096,0.0005159886,0.0,0.4564271,1.0092407
3214,89.85075,0.0,93.149345,6.2929068,0.0005771499,0.0,0.4355453,1.0092424
3215,77.58844,0.0,93.874985,6.2929087,0.00060679007,0.0,0.4200589,1.0092438
3216,105.366066,0.0,77.65729,6.292914,0.0007310881,0.0,0.41514093,1.0092435
3217,70.00665,0.0,94.62745,6.2929206,0.00063360843,0.0,0.43203354,1.0092431
3218,67.96284,0.0,97.04283,6.2929254,0.00053754693,0.0,0.41357946,1.009242
3219,62.992462,0.0,99.583496,6.29293,0.0006558157,0.0,0.43364486,1.0092409
3220,74.22307,0.0,94.06657,6.292936,0.0006556795,0.0,0.43419087,1.0092396
3221,78.852715,0.0,76.42759,6.2929354,0.0006770309,0.0,0.41833588,1.0092381
3222,71.00817,0.0,87.01442,6.292935,0.0011681626,0.0,0.4101665,1.0092367
3223,75.25042,0.0,74.752144,6.292936,0.0005534826,0.0,0.4593547,1.0092349
3224,70.300606,0.0,75.31232,6.292939,0.00074027095,0.0,0.42586344,1.0092282
3225,100.90579,0.0,98.226204,6.292939,0.00064397085,0.0,0.42028913,1.0092219
3226,76.13204,0.0,86.27578,6.2929454,0.0005638782,0.0,0.4406789,1.0092161
3227,95.478065,0.0,72.28111,6.2929516,0.00073985197,0.0,0.41645247,1.0092105
3228,64.34534,0.0,86.41061,6.2929544,0.0010448563,0.0,0.40277717,1.0092051
3229,67.007065,0.0,68.031364,6.292963,0.00061921583,0.0,0.40328687,1.009218
3230,74.85236,0.0,98.09881,6.2929735,0.0006177667,0.0,0.43999562,1.0092293
3231,71.06823,0.0,75.29266,6.292979,0.00067744555,0.0,0.40860933,1.0092392
3232,71.575264,0.0,71.95044,6.2929845,0.0005662641,0.0,0.39658624,1.009248
3233,65.347496,0.0,96.29389,6.292995,0.0005910556,0.0,0.48694915,1.0092556
3234,91.59111,0.0,83.20954,6.293007,0.0008060987,0.0,0.45739293,1.0092622
3235,77.116325,0.0,90.60106,6.2930207,0.0006812629,0.0,0.436006,1.0092683
3236,99.04312,0.0,109.96895,6.293042,0.0004398352,0.0,0.44215596,1.0092732
3237,68.22297,0.0,95.51745,6.293065,0.0012635561,0.0,0.40972352,1.0092773
3238,66.0995,0.0,87.242966,6.2930865,0.00037844732,0.0,0.42865074,1.009281
3239,69.088905,0.0,89.16536,6.2931094,0.00046711342,0.0,0.46352515,1.0092839
3240,86.77037,0.0,91.92795,6.293128,0.0005021081,0.0,0.43220228,1.0092862
3241,68.15521,0.0,83.63135,6.2931414,0.0006604993,0.0,0.4257885,1.0092876
3242,78.09329,0.0,78.48192,6.293153,0.0007528354,0.0,0.41507596,1.0092885
3243,74.89526,0.0,92.763626,6.29316,0.00076894497,0.0,0.4245677,1.0092893
3244,66.18447,0.0,85.32591,6.293167,0.000546032,0.0,0.4305436,1.0092896
3245,74.44629,0.0,90.50794,6.293172,0.0010899615,0.0,0.43247446,1.0092899
3246,59.931164,0.0,96.22531,6.293177,0.0006582065,0.0,0.43176863,1.0092897
3247,55.820442,0.0,71.326614,6.2931886,0.00041975832,0.0,0.42811102,1.0092896
3248,60.88995,0.0,103.176,6.293199,0.00060547265,0.0,0.4307457,1.009289
3249,92.051704,0.0,79.571915,6.2932076,0.00047930045,0.0,0.42030963,1.0092883
3250,48.750587,0.0,95.98838,6.293217,0.0005148961,0.0,0.43866166,1.0092875
3251,89.49601,0.0,81.48919,6.2932305,0.00049489544,0.0,0.43597445,1.0092864
3252,76.160385,0.0,89.71259,6.293244,0.00056040497,0.0,0.4462181,1.0092854
3253,76.03291,0.0,79.07025,6.293255,0.0006260134,0.0,0.46703503,1.0092841
3254,78.036,0.0,81.24018,6.2932663,0.0008886449,0.0,0.44404778,1.009283
3255,70.95304,0.0,79.307434,6.2932777,0.00048573382,0.0,0.41846704,1.0092782
3256,70.06546,0.0,90.18502,6.29329,0.00068691676,0.0,0.454311,1.0092736
3257,94.28467,0.0,92.74133,6.293304,0.00080313,0.0,0.4152398,1.0092696
3258,67.431946,0.0,68.41927,6.293315,0.00071660726,0.0,0.3993947,1.0092659
3259,67.082054,0.0,78.03991,6.29332,0.0007750252,0.0,0.45187983,1.0092608
3260,79.102516,0.0,104.41768,6.293325,0.00058883085,0.0,0.41038856,1.0092566
3261,72.0604,0.0,102.55319,6.293326,0.0006464912,0.0,0.43457288,1.0092528
3262,78.363396,0.0,100.67113,6.293327,0.0009909396,0.0,0.43721807,1.0092487
3263,73.0598,0.0,80.913246,6.2933283,0.000671802,0.0,0.43661052,1.0092448
3264,73.10058,0.0,123.399254,6.293331,0.0006450274,0.0,0.41861758,1.0092417
3265,71.01312,0.0,98.9237,6.2933283,0.00066089694,0.0,0.4237604,1.0092386
3266,61.93156,0.0,75.492165,6.293326,0.00067822717,0.0,0.42462656,1.0092354
3267,66.31041,0.0,87.35609,6.293322,0.0005404122,0.0,0.44977602,1.0092324
3268,74.43104,0.0,76.76094,6.293319,0.0008005518,0.0,0.42983192,1.0092295
3269,73.84663,0.0,94.04886,6.293322,0.000849568,0.0,0.4206135,1.0092268
3270,108.27463,0.0,85.3333,6.2933207,0.0008180784,0.0,0.4292644,1.0092239
3271,62.367474,0.0,107.130295,6.293327,0.000777903,0.0,0.44163662,1.0092211
3272,58.72552,0.0,80.39664,6.2933373,0.000657341,0.0,0.4028442,1.0092185
3273,65.55905,0.0,87.4909,6.2933526,0.000400807,0.0,0.449772,1.0092158
3274,68.313736,0.0,91.59994,6.29337,0.0007353592,0.0,0.46083713,1.0092132
3275,98.77744,0.0,97.60093,6.2933846,0.00070821465,0.0,0.4358769,1.0092229
3276,87.69523,0.0,82.56491,6.2933965,0.00093193416,0.0,0.45453438,1.0092316
3277,94.06782,0.0,103.418526,6.29341,0.0005838735,0.0,0.4483436,1.0092394
3278,69.635254,0.0,86.93832,6.2934217,0.000859682,0.0,0.43842793,1.0092463
3279,70.514114,0.0,79.851906,6.293436,0.0005360596,0.0,0.4708748,1.0092529
3280,73.84362,0.0,82.99243,6.293445,0.00070619024,0.0,0.46057564,1.0092582
3281,81.47967,0.0,71.76809,6.293454,0.00060439203,0.0,0.4458685,1.0092627
3282,87.15276,0.0,67.477165,6.2934623,0.0008155558,0.0,0.41931796,1.0092667
3283,86.87553,0.0,89.778946,6.2934666,0.00054214493,0.0,0.45716628,1.0092701
3284,86.19633,0.0,86.81315,6.2934723,0.0006552319,0.0,0.46517977,1.009273
3285,103.105225,0.0,75.14018,6.293481,0.000529118,0.0,0.4227056,1.0092754
3286,68.427864,0.0,92.055374,6.2934937,0.0005251445,0.0,0.4313888,1.0092775
3287,66.878296,0.0,89.88303,6.2935066,0.0006652157,0.0,0.44771546,1.0092791
3288,73.0011,0.0,87.2848,6.2935157,0.00059316744,0.0,0.4344523,1.0092803
3289,67.35065,0.0,95.2598,6.293526,0.00067159126,0.0,0.46394998,1.0092814
3290,61.03097,0.0,109.41238,6.2935357,0.0007171681,0.0,0.42987797,1.0092822
3291,87.99705,0.0,87.21819,6.293548,0.0006050557,0.0,0.4754828,1.0092839
3292,72.18054,0.0,70.1258,6.293562,0.00062442455,0.0,0.40010995,1.0092776
3293,92.4237,0.0,76.74892,6.293575,0.00052603753,0.0,0.43050313,1.0092716
3294,87.3579,0.0,69.08636,6.293584,0.00072887517,0.0,0.44289255,1.0092661
3295,87.55941,0.0,70.20462,6.2935896,0.00049600657,0.0,0.40583736,1.0092616
3296,76.8762,0.0,77.16843,6.293596,0.00043839816,0.0,0.39829147,1.009257
3297,59.88132,0.0,94.35158,6.293604,0.0006100143,0.0,0.4333342,1.0092518
3298,71.43257,0.0,95.87695,6.293604,0.0005464683,0.0,0.44073996,1.009247
3299,57.916195,0.0,77.23405,6.293608,0.0010052726,0.0,0.4709224,1.0092422
3300,65.872604,0.0,91.244576,6.293612,0.00084270485,0.0,0.42613816,1.0092379
3301,105.80732,0.0,88.20287,6.2936153,0.0007387013,0.0,0.43827498,1.0092337
3302,84.19355,0.0,81.566475,6.293619,0.00044716732,0.0,0.46017334,1.009229
3303,90.27437,0.0,77.477776,6.293618,0.0005889868,0.0,0.4304689,1.0092244
3304,70.26621,0.0,80.33841,6.293615,0.0005655665,0.0,0.4311845,1.0092202
3305,72.99432,0.0,89.94701,6.293613,0.0005125447,0.0,0.4378686,1.0092161
3306,113.99494,0.0,82.54336,6.293612,0.0005446699,0.0,0.44979042,1.0092121
3307,86.71639,0.0,81.7176,6.293614,0.00093665766,0.0,0.44828653,1.0092106
3308,67.21037,0.0,85.18423,6.293613,0.0006590402,0.0,0.46347046,1.0092071
3309,66.92829,0.0,97.32099,6.293614,0.0007053487,0.0,0.46490368,1.0092037
3310,90.33688,0.0,81.52769,6.2936187,0.0004110272,0.0,0.4266572,1.0092005
3311,69.613716,0.0,100.86416,6.293626,0.00054740824,0.0,0.41718125,1.0091931
3312,89.073006,0.0,93.12382,6.293634,0.0009977437,0.0,0.44499525,1.0091864
3313,66.102066,0.0,75.219246,6.293647,0.00051737204,0.0,0.43364748,1.00918
3314,69.78394,0.0,90.44123,6.2936625,0.00052102096,0.0,0.47265005,1.009174
3315,80.34842,0.0,82.87095,6.2936764,0.00068682,0.0,0.4508984,1.0091686
3316,77.89679,0.0,75.29337,6.2936893,0.00062197604,0.0,0.42817378,1.0091603
3317,66.14552,0.0,74.06416,6.293699,0.0005207766,0.0,0.4483952,1.0091524
3318,70.08759,0.0,85.75892,6.293705,0.00063072075,0.0,0.44356593,1.0091454
3319,54.829216,0.0,96.22551,6.2937117,0.0005271978,0.0,0.43207106,1.0091388
3320,70.35969,0.0,96.48032,6.2937217,0.0004467524,0.0,0.4724855,1.0091321
3321,89.0188,0.0,117.58745,6.293729,0.00047849515,0.0,0.46488914,1.0091257
3322,70.667305,0.0,79.50996,6.293742,0.000787882,0.0,0.43242127,1.0091212
3323,72.8194,0.0,63.849846,6.293754,0.0006379185,0.0,0.4297336,1.0091168
3324,68.89176,0.0,79.94707,6.2937655,0.0005159083,0.0,0.44067544,1.0091125
3325,65.689995,0.0,80.345314,6.293777,0.00045110867,0.0,0.43839735,1.0091084
3326,81.33475,0.0,88.453835,6.293787,0.001190414,0.0,0.4460215,1.0091056
3327,68.37219,0.0,85.68398,6.293799,0.0005132394,0.0,0.44013602,1.0091027
3328,79.682304,0.0,91.39047,6.2938094,0.00058633985,0.0,0.42012697,1.0090995
3329,96.66538,0.0,68.16466,6.293818,0.00052049465,0.0,0.44189772,1.0090964
3330,60.977512,0.0,85.95054,6.293822,0.000746693,0.0,0.44887322,1.0090933
3331,69.655464,0.0,95.58252,6.2938232,0.00075167406,0.0,0.40604234,1.0091008
3332,88.987175,0.0,109.04951,6.293821,0.00075976516,0.0,0.43737072,1.0091074
3333,66.96585,0.0,96.47762,6.2938232,0.00069612137,0.0,0.46104285,1.0091131
3334,66.486885,0.0,85.58149,6.293826,0.00077493687,0.0,0.4431686,1.0091181
3335,67.25261,0.0,92.95063,6.293828,0.00082094193,0.0,0.44348186,1.0091225
3336,92.35016,0.0,101.98982,6.293826,0.0006596773,0.0,0.4409032,1.009126
3337,95.00097,0.0,73.90672,6.2938323,0.0007173531,0.0,0.40777,1.0091289
3338,76.719124,0.0,106.03633,6.2938404,0.0006303579,0.0,0.41482377,1.0091316
3339,78.35119,0.0,77.45169,6.293851,0.00055942225,0.0,0.45335194,1.0091336
3340,89.44704,0.0,81.2502,6.293863,0.0005914727,0.0,0.43684408,1.0091352
3341,66.14007,0.0,90.11053,6.2938747,0.0005070511,0.0,0.42171273,1.0091364
3342,69.59458,0.0,81.172714,6.293886,0.0006353108,0.0,0.45519465,1.009137
3343,94.35952,0.0,90.050896,6.293896,0.00048543973,0.0,0.44297963,1.0091376
3344,102.573906,0.0,75.64403,6.2939043,0.0006109363,0.0,0.43526238,1.0091381
3345,93.03177,0.0,81.29963,6.293914,0.0005997631,0.0,0.40923676,1.0091386
3346,61.378563,0.0,75.831154,6.2939215,0.0008230824,0.0,0.44218487,1.0091387
3347,94.50795,0.0,83.631096,6.2939296,0.00074195996,0.0,0.46335566,1.0091386
3348,70.43764,0.0,80.19333,6.2939334,0.0006493,0.0,0.413588,1.0091414
3349,74.223404,0.0,110.05198,6.2939363,0.00080834626,0.0,0.4548571,1.0091436
3350,87.94514,0.0,91.56037,6.2939386,0.00054211,0.0,0.45183238,1.0091782
3351,73.38761,0.0,101.74478,6.293941,0.0007617603,0.0,0.43254122,1.0092059
3352,59.633644,0.0,99.6568,6.2939487,0.00076315366,0.0,0.43119133,1.0092307
3353,98.65474,0.0,83.3705,6.293958,0.0006151731,0.0,0.42815053,1.0092529
3354,68.37055,0.0,70.24217,6.2939672,0.0009946977,0.0,0.4167881,1.0092726
3355,58.42844,0.0,66.1837,6.2939773,0.0004445319,0.0,0.4478589,1.0092902
3356,95.277054,0.0,86.56916,6.293986,0.0007484382,0.0,0.43809104,1.009306
3357,69.328575,0.0,95.01102,6.293995,0.00079655263,0.0,0.42253408,1.0093199
3358,69.90744,0.0,79.59138,6.2939987,0.00073963404,0.0,0.46792006,1.0093325
3359,91.88236,0.0,67.131905,6.293999,0.0006148836,0.0,0.4338081,1.0093433
3360,62.00044,0.0,83.922516,6.294004,0.00096095604,0.0,0.4320881,1.0093529
3361,79.00353,0.0,65.10063,6.294005,0.00055211334,0.0,0.42783982,1.0093614
3362,90.64274,0.0,92.31885,6.294007,0.00058533513,0.0,0.4035488,1.0093684
3363,74.315765,0.0,89.23482,6.2940097,0.0004847926,0.0,0.4462596,1.0093746
3364,63.84183,0.0,76.09459,6.294016,0.00042658846,0.0,0.43485594,1.00938
3365,71.78292,0.0,66.07936,6.2940245,0.0007580649,0.0,0.4323507,1.0093845
3366,78.57677,0.0,100.352264,6.294036,0.0004517564,0.0,0.43051243,1.0093884
3367,59.139355,0.0,110.61741,6.2940516,0.0009035845,0.0,0.41237745,1.009392
3368,71.916145,0.0,108.805954,6.294065,0.00061644986,0.0,0.421813,1.0093951
3369,81.33838,0.0,81.80462,6.2940755,0.0006035296,0.0,0.41807693,1.0093977
3370,83.3401,0.0,73.98525,6.2940826,0.0007657196,0.0,0.45845017,1.0093997
3371,84.15137,0.0,73.41925,6.2940884,0.00065080274,0.0,0.4444562,1.0094013
3372,97.174324,0.0,104.25218,6.294095,0.00058128283,0.0,0.4402307,1.0094024
3373,78.30802,0.0,106.29271,6.2940984,0.0005606143,0.0,0.4246505,1.0094022
3374,65.64997,0.0,77.47217,6.2940955,0.00049759215,0.0,0.42683405,1.0094016
3375,88.203545,0.0,75.26558,6.294091,0.0006845763,0.0,0.40372166,1.0094007
3376,78.02422,0.0,71.23969,6.2940884,0.00048025989,0.0,0.42663333,1.0093999
3377,63.433983,0.0,93.13151,6.2940884,0.0005412868,0.0,0.47906765,1.0093988
3378,64.44609,0.0,89.91042,6.2940836,0.00046994997,0.0,0.42916107,1.0093979
3379,83.98315,0.0,66.04241,6.2940755,0.00056244904,0.0,0.4259361,1.0093989
3380,73.576546,0.0,103.471596,6.294069,0.0009255775,0.0,0.43803534,1.0093997
3381,65.570656,0.0,87.47639,6.2940674,0.0004273426,0.0,0.44140416,1.0094002
3382,65.00464,0.0,75.72627,6.294065,0.0004140689,0.0,0.44172284,1.0094005
3383,73.312935,0.0,87.19322,6.2940683,0.0005694318,0.0,0.4591268,1.0094005
3384,60.71004,0.0,87.1786,6.2940764,0.00065067224,0.0,0.45401415,1.0093999
3385,72.05815,0.0,92.78979,6.2940874,0.0007569882,0.0,0.4252667,1.0093993
3386,71.244095,0.0,96.02335,6.294098,0.00072213216,0.0,0.45721087,1.0093986
3387,83.98473,0.0,65.17573,6.2941046,0.0004330902,0.0,0.44676527,1.0093975
3388,65.782974,0.0,87.011,6.2941103,0.00057598477,0.0,0.46638608,1.0093964
3389,70.45565,0.0,86.212616,6.29412,0.0006909262,0.0,0.4418509,1.0093951
3390,90.456795,0.0,89.18993,6.2941318,0.0007359128,0.0,0.44718933,1.0093943
3391,70.06507,0.0,72.05479,6.2941394,0.0005999212,0.0,0.43555117,1.0093932
3392,70.02779,0.0,88.80621,6.294144,0.0006699403,0.0,0.43350333,1.0093905
3393,61.687286,0.0,82.16647,6.2941527,0.00082012516,0.0,0.43734097,1.0093877
3394,99.9242,0.0,113.00409,6.2941637,0.00059416424,0.0,0.41281372,1.0093699
3395,76.436066,0.0,72.0094,6.2941656,0.00064905384,0.0,0.42552346,1.0093534
3396,75.05577,0.0,73.76159,6.2941685,0.0007547533,0.0,0.43908104,1.0093374
3397,60.85402,0.0,82.224464,6.2941747,0.0005567578,0.0,0.4558947,1.0093226
3398,69.66779,0.0,97.21188,6.2941847,0.0006485868,0.0,0.43352503,1.0093093
3399,77.21493,0.0,94.76596,6.2941923,0.0007132157,0.0,0.43324172,1.0092998
3400,102.36043,0.0,82.629616,6.294205,0.0005007305,0.0,0.4508228,1.0092909
3401,50.88751,0.0,98.44645,6.294215,0.0006884503,0.0,0.44798607,1.0093014
3402,76.626526,0.0,89.274475,6.294224,0.0005741302,0.0,0.4308022,1.0093122
3403,52.874966,0.0,89.03403,6.2942333,0.00075820216,0.0,0.45534438,1.0093213
3404,85.92769,0.0,81.201866,6.294241,0.0007707862,0.0,0.41913423,1.0093297
3405,55.376747,0.0,91.68392,6.294244,0.00066592917,0.0,0.44254184,1.0093368
3406,80.087654,0.0,106.168526,6.2942476,0.00046158195,0.0,0.4435309,1.0093433
3407,68.20474,0.0,87.46789,6.294249,0.00052141206,0.0,0.40594602,1.0093488
3408,69.984535,0.0,81.85264,6.2942486,0.0006518582,0.0,0.4459743,1.009346
3409,50.361874,0.0,102.01195,6.29425,0.00045758404,0.0,0.4452376,1.009343
3410,65.34207,0.0,123.83039,6.2942567,0.0006955925,0.0,0.4142774,1.0093405
3411,67.580894,0.0,96.28896,6.294261,0.00064727286,0.0,0.49216673,1.0093378
3412,78.935234,0.0,98.39445,6.2942686,0.0006740356,0.0,0.42785832,1.0093354
3413,64.35206,0.0,79.66133,6.2942824,0.00089638156,0.0,0.4362068,1.0093327
3414,79.69857,0.0,80.64088,6.2942977,0.0008493398,0.0,0.43871486,1.0093304
3415,76.13285,0.0,91.81781,6.2943125,0.00054370175,0.0,0.42724487,1.0093279
3416,80.16211,0.0,96.25035,6.2943296,0.00056844624,0.0,0.4519679,1.0093255
3417,90.865555,0.0,88.1896,6.2943454,0.000604223,0.0,0.45302328,1.0093228
3418,75.294716,0.0,80.158615,6.2943597,0.00053968804,0.0,0.43277615,1.0093191
3419,79.42572,0.0,89.44536,6.2943745,0.0007821856,0.0,0.46987844,1.0093155
3420,75.977036,0.0,84.34118,6.294385,0.0007632137,0.0,0.4424023,1.0093102
3421,83.62678,0.0,95.38895,6.2943926,0.00070106203,0.0,0.44944453,1.0093054
3422,81.17166,0.0,96.21823,6.294403,0.0005154183,0.0,0.42512345,1.0093008
3423,72.757095,0.0,74.12333,6.294411,0.0007284392,0.0,0.44018015,1.009302
3424,57.93867,0.0,90.452065,6.294414,0.00064865,0.0,0.43180645,1.0093027
3425,68.33988,0.0,87.69392,6.294418,0.00063116977,0.0,0.4045465,1.0093033
3426,56.797455,0.0,86.65562,6.2944207,0.00081949326,0.0,0.43479344,1.0093037
3427,73.18891,0.0,69.337456,6.2944245,0.00057847134,0.0,0.44985127,1.0093037
3428,65.965805,0.0,74.35915,6.2944307,0.0006370245,0.0,0.4450006,1.0093037
3429,71.374115,0.0,103.47669,6.294438,0.0008017604,0.0,0.44967803,1.0093033
3430,72.05615,0.0,83.40016,6.294445,0.0008300099,0.0,0.4285909,1.0093027
3431,90.35791,0.0,95.82868,6.294454,0.0008048725,0.0,0.45783275,1.0093024
3432,77.972946,0.0,81.40827,6.294463,0.00081048714,0.0,0.4496166,1.0093029
3433,89.94371,0.0,85.093666,6.294474,0.0005525119,0.0,0.437775,1.0093035
3434,77.62557,0.0,95.295265,6.2944846,0.0007678962,0.0,0.44515032,1.0093106
3435,77.65563,0.0,89.86347,6.2944937,0.00074204605,0.0,0.44133848,1.0093198
3436,88.30799,0.0,91.39116,6.2945027,0.0008179223,0.0,0.3962266,1.009328
3437,72.39438,0.0,97.04756,6.2945147,0.0005916003,0.0,0.43335828,1.009335
3438,66.21129,0.0,85.175575,6.2945323,0.0008353854,0.0,0.42670888,1.0093412
3439,91.474335,0.0,80.30199,6.2945495,0.00070474076,0.0,0.40981027,1.0093466
3440,63.526684,0.0,98.769844,6.294572,0.00074575003,0.0,0.42958927,1.0093513
3441,57.60703,0.0,89.8805,6.294595,0.0007425727,0.0,0.44884253,1.0093551
3442,67.710884,0.0,100.673744,6.2946196,0.0006570408,0.0,0.41840062,1.0093583
3443,85.5672,0.0,91.81762,6.294643,0.0004928975,0.0,0.42601252,1.0093614
3444,99.59284,0.0,121.43368,6.294663,0.0008653134,0.0,0.44507226,1.0093638
3445,69.97619,0.0,116.656204,6.2946863,0.00046965672,0.0,0.40183637,1.0093657
3446,65.967964,0.0,68.80342,6.294704,0.00057229685,0.0,0.45547634,1.0093673
3447,88.61225,0.0,62.44129,6.2947173,0.00071262615,0.0,0.4305731,1.0093687
3448,73.26887,0.0,90.384926,6.294726,0.00088774494,0.0,0.41321486,1.0093696
3449,97.18046,0.0,82.786674,6.2947307,0.000702093,0.0,0.41956598,1.0093704
3450,79.02521,0.0,102.84397,6.2947354,0.0008214332,0.0,0.458533,1.0093693
3451,68.69822,0.0,69.47956,6.2947373,0.0005208315,0.0,0.43628082,1.0093689
3452,68.261116,0.0,116.52745,6.2947397,0.0005709721,0.0,0.4485643,1.0093669
3453,58.95529,0.0,81.430504,6.2947397,0.00049826753,0.0,0.42959392,1.0093653
3454,74.946236,0.0,92.20649,6.2947383,0.0009727019,0.0,0.43810603,1.0093645
3455,56.422092,0.0,70.41649,6.29474,0.00058465084,0.0,0.44381782,1.0093632
3456,67.02308,0.0,95.39064,6.294741,0.00066260714,0.0,0.439367,1.0093622
3457,82.62718,0.0,86.908676,6.2947445,0.0007488737,0.0,0.41750938,1.0093615
3458,71.239815,0.0,78.24616,6.2947474,0.0010209953,0.0,0.42873654,1.0093604
3459,65.50749,0.0,79.88813,6.294753,0.0008996497,0.0,0.461972,1.0093596
3460,75.3883,0.0,77.97412,6.294758,0.0009318631,0.0,0.4312119,1.0093567
3461,65.005516,0.0,66.6405,6.2947655,0.0005260112,0.0,0.44118857,1.009354
3462,83.94828,0.0,109.82613,6.2947764,0.00063420803,0.0,0.4776337,1.0093514
3463,78.956604,0.0,96.73939,6.294788,0.00051464536,0.0,0.3953831,1.0093488
3464,67.71817,0.0,79.70631,6.2948,0.00048844295,0.0,0.47662354,1.0093461
3465,60.49559,0.0,99.06494,6.2948103,0.00082216226,0.0,0.45280522,1.0093436
3466,67.37138,0.0,106.65635,6.294818,0.00061767304,0.0,0.4407402,1.0093411
3467,76.39658,0.0,101.72346,6.294826,0.0007886911,0.0,0.44105405,1.0093383
3468,74.25122,0.0,80.86731,6.2948394,0.0006791403,0.0,0.44745502,1.0093356
3469,57.989918,0.0,85.35203,6.2948594,0.00088716263,0.0,0.44034344,1.009333
3470,103.73914,0.0,104.97612,6.29488,0.0005688703,0.0,0.48241353,1.0093304
3471,58.38651,0.0,87.702,6.2949066,0.00042797145,0.0,0.4546041,1.009328
3472,70.79889,0.0,105.47962,6.294935,0.00077728735,0.0,0.42467687,1.0093255
3473,73.01294,0.0,73.064644,6.2949634,0.0005411673,0.0,0.4576683,1.009323
3474,81.958595,0.0,103.037735,6.2949805,0.00057048595,0.0,0.46692705,1.0093204
3475,78.91393,0.0,83.01452,6.2949924,0.00066099444,0.0,0.42643064,1.0093184
3476,76.6013,0.0,101.85533,6.295001,0.00076334964,0.0,0.4374047,1.009316
3477,76.636246,0.0,78.72119,6.2950044,0.00083068374,0.0,0.46607825,1.009314
3478,62.788704,0.0,93.550766,6.2949986,0.00078169676,0.0,0.430942,1.0093118
3479,70.43079,0.0,97.61772,6.294986,0.0009617497,0.0,0.4589208,1.0093095
3480,70.92632,0.0,78.29392,6.2949696,0.0006447678,0.0,0.44706187,1.0093071
3481,69.11831,0.0,85.19747,6.2949553,0.0007364491,0.0,0.43135428,1.0093048
3482,73.823975,0.0,81.81032,6.294942,0.0006076602,0.0,0.41118592,1.0093014
3483,77.50248,0.0,76.85407,6.294935,0.00059427967,0.0,0.44171995,1.0092977
3484,70.81227,0.0,101.826355,6.294928,0.0006647066,0.0,0.42777342,1.0092945
3485,74.4454,0.0,76.11196,6.2949233,0.0006666102,0.0,0.43510827,1.0092912
3486,69.55256,0.0,71.16528,6.2949185,0.0006504884,0.0,0.4456378,1.009288
3487,62.020294,0.0,83.00387,6.2949147,0.0008360784,0.0,0.42001733,1.0092847
3488,59.49711,0.0,137.83978,6.294913,0.00055432593,0.0,0.4815316,1.0092819
3489,65.898506,0.0,88.405205,6.29491,0.0006391519,0.0,0.4463172,1.0092717
3490,57.41233,0.0,78.313866,6.2949095,0.0005489908,0.0,0.41621146,1.0092626
3491,58.719524,0.0,84.6212,6.2949114,0.0006237986,0.0,0.41850895,1.009254
3492,65.6206,0.0,102.66451,6.2949133,0.0006128153,0.0,0.4271304,1.0092494
3493,70.01377,0.0,64.937775,6.294918,0.0005398834,0.0,0.4604474,1.0092453
3494,78.32897,0.0,105.22666,6.294926,0.0006243222,0.0,0.42763302,1.0092415
3495,66.24102,0.0,89.953445,6.294932,0.00063440995,0.0,0.42758438,1.0092378
3496,84.87554,0.0,87.056465,6.294941,0.00045704807,0.0,0.42594236,1.0092343
3497,102.03715,0.0,89.83673,6.2949514,0.00064618234,0.0,0.44348463,1.0092312
3498,65.70008,0.0,86.98607,6.2949576,0.00051426317,0.0,0.4454082,1.0092282
3499,69.68987,0.0,96.67842,6.294964,0.0005442419,0.0,0.41769457,1.0092254
3500,66.53716,0.0,75.0459,6.2949715,0.0006722451,0.0,0.41664562,1.0092276
3501,66.34321,0.0,96.35861,6.294979,0.0006172686,0.0,0.43682534,1.0092278
3502,64.60241,0.0,90.03486,6.294989,0.0005253997,0.0,0.4190187,1.0092279
3503,64.64735,0.0,91.42231,6.294996,0.00085460156,0.0,0.44275236,1.0092276
3504,75.44695,0.0,75.367805,6.2950053,0.0006363912,0.0,0.4415297,1.0092272
3505,95.066635,0.0,98.826385,6.2950187,0.00067701115,0.0,0.45296583,1.0092283
3506,82.14449,0.0,76.343796,6.29503,0.00070117775,0.0,0.41139215,1.0092292
3507,58.724773,0.0,85.870514,6.2950463,0.0005177787,0.0,0.4118895,1.0092298
3508,86.333206,0.0,72.88246,6.2950597,0.0016999948,0.0,0.45130795,1.0092301
3509,82.57954,0.0,84.87298,6.2950726,0.0011885725,0.0,0.45569584,1.0092301
3510,74.60517,0.0,70.60611,6.2950854,0.000736318,0.0,0.46341547,1.0092299
3511,109.54246,0.0,87.20258,6.2950945,0.0007270159,0.0,0.43808603,1.0092295
3512,70.339645,0.0,126.166084,6.2951026,0.00073875766,0.0,0.4486049,1.009229
3513,81.12973,0.0,80.45875,6.2951107,0.0005724747,0.0,0.42852175,1.0092282
3514,82.816376,0.0,93.891464,6.29512,0.00081056514,0.0,0.42990753,1.0092273
3515,68.01712,0.0,82.976425,6.295128,0.0007534325,0.0,0.45047876,1.0092264
3516,97.50202,0.0,69.57438,6.295143,0.0004775432,0.0,0.38431478,1.0092255
3517,85.47287,0.0,92.81448,6.295161,0.0005960099,0.0,0.39434922,1.0092243
3518,92.74162,0.0,81.30783,6.2951765,0.0005891449,0.0,0.43430898,1.0092169
3519,93.68056,0.0,78.767265,6.2951818,0.0009125056,0.0,0.4734261,1.0092034
3520,64.40689,0.0,69.975845,6.29519,0.00054456823,0.0,0.42784494,1.0091915
3521,61.026554,0.0,84.00923,6.295194,0.0005953859,0.0,0.42767274,1.0091803
3522,91.89886,0.0,78.218796,6.295195,0.000647053,0.0,0.41894454,1.0091702
3523,70.73799,0.0,82.08374,6.295197,0.00066320336,0.0,0.40117452,1.0091609
3524,108.434456,0.0,78.30111,6.2951994,0.0006217918,0.0,0.45000315,1.0091553
3525,76.53753,0.0,108.08679,6.295201,0.00076461956,0.0,0.49002612,1.0091503
3526,101.31088,0.0,95.617256,6.2952,0.0007685707,0.0,0.44184297,1.0091461
3527,69.16131,0.0,88.163895,6.295196,0.00090308016,0.0,0.40883848,1.0091422
3528,72.6701,0.0,98.3872,6.295191,0.00069467595,0.0,0.4466412,1.0091383
3529,97.339714,0.0,88.16547,6.295193,0.00062839634,0.0,0.42510948,1.0091351
3530,87.6508,0.0,78.63005,6.295198,0.0008272838,0.0,0.43151623,1.0091319
3531,68.92359,0.0,81.49692,6.295209,0.0008675348,0.0,0.45845437,1.0091288
3532,110.9536,0.0,87.463196,6.2952204,0.0005621229,0.0,0.4481814,1.009126
3533,59.615845,0.0,88.14192,6.2952337,0.0010546608,0.0,0.4304112,1.009123
3534,77.54442,0.0,88.75631,6.2952466,0.00073234783,0.0,0.39531988,1.0091203
3535,59.95431,0.0,91.38396,6.2952557,0.0006395584,0.0,0.4699754,1.0091177
3536,85.04297,0.0,86.22266,6.295269,0.0007608772,0.0,0.43019485,1.0091151
3537,80.32992,0.0,77.46284,6.295283,0.0008712256,0.0,0.4232428,1.0091125
3538,72.96169,0.0,71.125824,6.295294,0.0007502943,0.0,0.40949306,1.00911
3539,83.179,0.0,86.619385,6.295303,0.00090044446,0.0,0.40788186,1.0091076
3540,101.11937,0.0,75.883575,6.2953115,0.0005483079,0.0,0.44178772,1.009105
3541,62.06983,0.0,90.66015,6.2953196,0.0006144644,0.0,0.41749674,1.0091026
3542,89.78669,0.0,100.869675,6.2953243,0.0008371528,0.0,0.45512423,1.0091
3543,83.69441,0.0,90.80396,6.2953258,0.0008286169,0.0,0.46664464,1.0091002
3544,59.950493,0.0,96.843216,6.295327,0.0008913571,0.0,0.43784618,1.0091001
3545,78.6905,0.0,74.817696,6.2953258,0.0010410626,0.0,0.45033044,1.0090998
3546,64.85261,0.0,74.156685,6.2953234,0.00081546337,0.0,0.44963503,1.0090995
3547,86.05901,0.0,74.32771,6.295323,0.0005678212,0.0,0.43903595,1.0090988
3548,65.84362,0.0,71.03661,6.2953253,0.0008444459,0.0,0.4633952,1.0090983
3549,64.95251,0.0,85.62671,6.2953277,0.0006292013,0.0,0.42149282,1.0090971
3550,80.30495,0.0,88.362045,6.2953324,0.0011088576,0.0,0.44200358,1.0090961
3551,72.69689,0.0,77.95791,6.295341,0.00082987495,0.0,0.47193354,1.009095
3552,78.06623,0.0,87.90136,6.2953453,0.00086472544,0.0,0.4698162,1.0090938
3553,58.91793,0.0,100.27539,6.2953544,0.00097235746,0.0,0.4386023,1.0090923
3554,64.32244,0.0,104.97846,6.2953653,0.00071959605,0.0,0.48104024,1.0090908
3555,77.70306,0.0,88.91587,6.295377,0.0006619048,0.0,0.44676661,1.0090892
3556,62.315617,0.0,87.05213,6.2953887,0.0010003753,0.0,0.44106096,1.0090874
3557,82.92239,0.0,111.291145,6.295405,0.0005362069,0.0,0.42777145,1.0090857
3558,71.51459,0.0,89.88449,6.2954164,0.0007551559,0.0,0.45414674,1.0090828
3559,89.09626,0.0,82.31503,6.295432,0.00056748226,0.0,0.52416754,1.00908
3560,77.528175,0.0,86.75368,6.295446,0.00087949255,0.0,0.43181682,1.0090773
3561,54.58243,0.0,91.8811,6.2954597,0.00088155735,0.0,0.4290002,1.0090747
3562,61.282627,0.0,75.924995,6.295477,0.0009381812,0.0,0.41633877,1.0090721
3563,89.95159,0.0,69.13244,6.295491,0.0007483418,0.0,0.43345198,1.0090693
3564,70.51735,0.0,76.19981,6.2955046,0.0007976737,0.0,0.42924857,1.0090667
3565,86.74051,0.0,101.20987,6.295514,0.0006684986,0.0,0.42809853,1.0090641
3566,70.04211,0.0,79.57489,6.2955213,0.00072212366,0.0,0.41755694,1.0090616
3567,80.967316,0.0,90.626175,6.2955275,0.00063894765,0.0,0.43853807,1.0090591
3568,77.3086,0.0,108.38088,6.295529,0.0006926695,0.0,0.426616,1.0090563
3569,64.674065,0.0,88.45041,6.295531,0.0012383773,0.0,0.43161768,1.009054
3570,73.23291,0.0,89.799805,6.2955303,0.0006624408,0.0,0.45142746,1.0090513
3571,86.61537,0.0,89.164795,6.295535,0.0006162789,0.0,0.422611,1.0090488
3572,59.904057,0.0,88.39611,6.2955403,0.0006833132,0.0,0.43106854,1.0090464
3573,56.940357,0.0,105.76362,6.295548,0.0007942626,0.0,0.44828212,1.0090438
3574,89.940765,0.0,86.9174,6.29555,0.001456537,0.0,0.46697974,1.0090414
3575,95.262535,0.0,77.853096,6.295558,0.00045847357,0.0,0.41631636,1.0090445
3576,53.942623,0.0,79.25148,6.295566,0.0005907264,0.0,0.44758666,1.009047
3577,80.566765,0.0,84.3911,6.295573,0.0006854816,0.0,0.46880162,1.009049
3578,54.212273,0.0,71.76217,6.295583,0.00074720464,0.0,0.4591081,1.0090505
3579,77.81376,0.0,84.23864,6.2955885,0.000774428,0.0,0.4482541,1.0090514
3580,83.64856,0.0,64.11989,6.295595,0.000630629,0.0,0.4602221,1.009052
3581,68.69969,0.0,78.889854,6.2956004,0.00079990644,0.0,0.44356322,1.0090525
3582,76.324165,0.0,92.87582,6.295604,0.0006143393,0.0,0.48751387,1.0090526
3583,78.31813,0.0,83.05444,6.2956085,0.0006218722,0.0,0.43148994,1.0090524
3584,82.51738,0.0,84.86681,6.2956076,0.0005224833,0.0,0.4179598,1.009052
3585,71.1192,0.0,84.14782,6.2956104,0.00071968604,0.0,0.44591492,1.0090668
3586,86.02068,0.0,78.82482,6.295615,0.0007496858,0.0,0.40672165,1.0090799
3587,87.35786,0.0,86.87394,6.2956266,0.0005520816,0.0,0.44126952,1.0090913
3588,64.70037,0.0,89.20524,6.295636,0.00077884924,0.0,0.417963,1.0090959
3589,63.88427,0.0,82.09967,6.29565,0.0009841737,0.0,0.48114765,1.0090997
3590,81.087,0.0,91.79515,6.2956595,0.00067204394,0.0,0.47040161,1.0091027
3591,77.77812,0.0,111.07344,6.2956657,0.00072079635,0.0,0.42663893,1.0091048
3592,82.258675,0.0,77.825165,6.295667,0.00078662706,0.0,0.42131394,1.0091069
3593,71.23534,0.0,75.86483,6.2956657,0.00080184673,0.0,0.44205022,1.0091083
3594,72.229195,0.0,70.217575,6.2956624,0.00082775834,0.0,0.41542494,1.0091096
3595,70.438354,0.0,94.2439,6.295663,0.0006393024,0.0,0.4270278,1.0091097
3596,83.66926,0.0,81.19794,6.2956624,0.0006912632,0.0,0.4352424,1.0091101
3597,84.122345,0.0,85.31351,6.295665,0.00086199725,0.0,0.45712948,1.0091108
3598,75.95685,0.0,69.59449,6.2956653,0.0006445246,0.0,0.4562158,1.0091112
3599,67.53725,0.0,101.669495,6.295672,0.0006489515,0.0,0.41883278,1.0091113
3600,54.881588,0.0,103.0959,6.295678,0.0006800158,0.0,0.41869444,1.0091113
3601,73.32522,0.0,117.70638,6.2956896,0.0006930976,0.0,0.47480643,1.0091112
3602,77.063774,0.0,98.17432,6.295703,0.0005897032,0.0,0.42423284,1.009107
3603,66.72441,0.0,102.24693,6.2957172,0.00068836566,0.0,0.42177397,1.0091033
3604,93.96013,0.0,76.76118,6.295728,0.00081132527,0.0,0.42490667,1.0091048
3605,82.865326,0.0,95.64062,6.2957377,0.0005858296,0.0,0.44901234,1.009106
3606,73.81151,0.0,104.939,6.2957463,0.0005321627,0.0,0.42878017,1.0091071
3607,87.07289,0.0,90.050095,6.295756,0.0007294853,0.0,0.46307373,1.0091065
3608,86.511406,0.0,88.14402,6.295761,0.0007531705,0.0,0.4946437,1.0091057
3609,74.89061,0.0,80.53815,6.29577,0.0008217989,0.0,0.4293271,1.0091068
3610,61.1771,0.0,65.99394,6.295778,0.0007419017,0.0,0.40876755,1.0091072
3611,82.62223,0.0,92.8996,6.2957854,0.00079085573,0.0,0.42397124,1.0091078
3612,74.83597,0.0,80.126335,6.2957916,0.0004566279,0.0,0.4212141,1.009108
3613,78.45461,0.0,101.1116,6.2957973,0.0007333346,0.0,0.43756983,1.0091081
3614,70.23265,0.0,78.606735,6.2958074,0.0006469021,0.0,0.42300376,1.0091078
3615,67.90556,0.0,80.90256,6.2958198,0.0004971916,0.0,0.45465982,1.0091076
3616,66.012825,0.0,68.42585,6.295833,0.00067734474,0.0,0.40167743,1.0091169
3617,94.02966,0.0,78.237045,6.2958384,0.0004776326,0.0,0.44068193,1.0091252
3618,69.80999,0.0,73.164894,6.295844,0.0005031229,0.0,0.44400835,1.0091323
3619,90.16355,0.0,89.10762,6.295849,0.0006241306,0.0,0.44721276,1.0091386
3620,80.93785,0.0,79.279495,6.295852,0.00073606276,0.0,0.43648443,1.0091441
3621,72.35501,0.0,67.12871,6.295853,0.0004656103,0.0,0.4393681,1.0091488
3622,81.441734,0.0,104.359474,6.295855,0.0006354819,0.0,0.40633592,1.009153
3623,59.161594,0.0,81.174255,6.2958517,0.00043711587,0.0,0.40305635,1.0091567
3624,72.89983,0.0,75.51237,6.29585,0.00063553295,0.0,0.42714605,1.0091596
3625,77.03901,0.0,87.39973,6.2958474,0.0004976293,0.0,0.45039058,1.009162
3626,61.943043,0.0,93.16643,6.295849,0.0007159055,0.0,0.45273575,1.0091614
3627,102.693535,0.0,99.32944,6.2958465,0.0005303222,0.0,0.4388528,1.0091609
3628,76.65127,0.0,78.385826,6.2958465,0.0005499171,0.0,0.46784878,1.0091602
3629,107.11071,0.0,70.93464,6.295849,0.0005724904,0.0,0.4437052,1.0091593
3630,68.92143,0.0,86.87381,6.2958527,0.0005709955,0.0,0.42812046,1.0091583
3631,79.256165,0.0,90.901505,6.295856,0.0007712067,0.0,0.39694425,1.0091629
3632,84.017235,0.0,79.69788,6.2958636,0.0006458205,0.0,0.42336422,1.0091671
3633,72.03477,0.0,87.37153,6.295872,0.0005501496,0.0,0.44880852,1.0091677
3634,76.72632,0.0,71.93884,6.2958803,0.00064226496,0.0,0.4728768,1.0091748
3635,68.9805,0.0,88.276375,6.295889,0.00047372928,0.0,0.405529,1.0091811
3636,65.07438,0.0,78.60879,6.2958975,0.0006998838,0.0,0.4188145,1.0091869
3637,72.55659,0.0,93.29353,6.295911,0.0005560984,0.0,0.4428297,1.0091921
3638,74.73697,0.0,87.34836,6.2959228,0.00062812143,0.0,0.41029403,1.0091963
3639,79.54478,0.0,94.83767,6.2959332,0.0005772567,0.0,0.41906857,1.0091999
3640,73.44842,0.0,79.0485,6.2959433,0.00054771674,0.0,0.4388491,1.0092031
3641,81.72196,0.0,82.395065,6.2959466,0.0005506982,0.0,0.41090673,1.0092058
3642,66.972755,0.0,75.664375,6.2959514,0.00065160583,0.0,0.44338903,1.0092078
3643,59.31257,0.0,85.28829,6.2959557,0.000705114,0.0,0.45026228,1.0092096
3644,78.3277,0.0,80.10972,6.2959642,0.0007321066,0.0,0.4649547,1.0092108
3645,68.15778,0.0,73.76923,6.295972,0.00066373916,0.0,0.41686755,1.009212
3646,63.267185,0.0,102.192986,6.2959776,0.00081554556,0.0,0.45279688,1.0092126
3647,77.955185,0.0,97.793755,6.2959824,0.00041515366,0.0,0.39982677,1.0092132
3648,94.9777,0.0,82.77316,6.295991,0.0007555322,0.0,0.4311312,1.0092107
3649,60.55453,0.0,97.098625,6.2960014,0.00045101967,0.0,0.40607566,1.0092127
3650,75.51919,0.0,84.42316,6.296012,0.0006436242,0.0,0.45259082,1.0092144
3651,95.86736,0.0,80.154106,6.2960334,0.00066549226,0.0,0.43566865,1.0092155
3652,62.213078,0.0,80.964066,6.2960525,0.00059548963,0.0,0.4733805,1.0092164
3653,86.25105,0.0,90.791,6.2960687,0.00080123206,0.0,0.46072936,1.0092207
3654,79.58262,0.0,70.85808,6.2960835,0.00062804576,0.0,0.44768846,1.0092247
3655,76.48959,0.0,92.443085,6.2960963,0.0005045461,0.0,0.46304202,1.0092279
3656,70.941536,0.0,91.169304,6.2961044,0.00073214306,0.0,0.41187173,1.0092305
3657,82.36021,0.0,100.872154,6.2961154,0.0007006146,0.0,0.45721397,1.009233
3658,77.03884,0.0,91.34486,6.2961245,0.00069123105,0.0,0.42936945,1.0092274
3659,74.07691,0.0,69.54268,6.2961354,0.00071492343,0.0,0.4202978,1.0092223
3660,67.53796,0.0,99.35616,6.296142,0.00068375556,0.0,0.50217235,1.0092174
3661,80.325035,0.0,109.744675,6.2961555,0.0005728907,0.0,0.41720474,1.009213
3662,71.75534,0.0,83.87307,6.2961664,0.0005749505,0.0,0.44493732,1.0092088
3663,81.995186,0.0,88.81846,6.2961745,0.0009636327,0.0,0.4590151,1.0092047
3664,74.33774,0.0,82.92155,6.2961807,0.0005648413,0.0,0.4396517,1.0092007
3665,53.69891,0.0,78.13408,6.2961855,0.00052820175,0.0,0.4068571,1.0091834
3666,81.25712,0.0,75.8097,6.2961903,0.0008802188,0.0,0.4742341,1.0091679
3667,90.18493,0.0,86.39483,6.2962008,0.0007189132,0.0,0.42978394,1.0091534
3668,78.06548,0.0,116.26855,6.296212,0.0006329798,0.0,0.42025894,1.0091422
3669,69.1392,0.0,83.81089,6.2962203,0.00075074006,0.0,0.44617033,1.0091319
3670,69.51435,0.0,81.91256,6.296229,0.0006395554,0.0,0.42533422,1.0091223
3671,72.80293,0.0,85.84652,6.296234,0.0005471528,0.0,0.4564343,1.0091136
3672,75.763504,0.0,69.05994,6.2962437,0.0004469106,0.0,0.41281843,1.0091056
3673,86.176125,0.0,97.62275,6.2962546,0.0007374572,0.0,0.4623382,1.0091004
3674,67.45808,0.0,89.83068,6.296259,0.00051825173,0.0,0.4751278,1.0090959
3675,65.19116,0.0,74.22749,6.2962675,0.00050412555,0.0,0.4273991,1.0090917
3676,86.82721,0.0,95.19148,6.2962794,0.0011123612,0.0,0.41788015,1.0090874
3677,61.297623,0.0,82.03553,6.296297,0.000657966,0.0,0.42129856,1.0090837
3678,81.95973,0.0,67.63382,6.296315,0.0007549666,0.0,0.45403084,1.0090799
3679,67.48123,0.0,67.97909,6.296332,0.00085704,0.0,0.4041049,1.0090762
3680,59.308178,0.0,80.60633,6.2963476,0.00042575784,0.0,0.4624157,1.0090728
3681,66.448044,0.0,84.80578,6.296362,0.00060269615,0.0,0.472767,1.0090694
3682,62.00973,0.0,65.00366,6.2963715,0.0005877324,0.0,0.41751707,1.0090662
3683,60.659943,0.0,93.21088,6.2963805,0.0009999839,0.0,0.40816492,1.009063
3684,86.47047,0.0,97.33656,6.296389,0.00056635065,0.0,0.4298571,1.0090601
3685,83.881805,0.0,79.25896,6.2963977,0.0005165865,0.0,0.44761297,1.0090566
3686,79.93464,0.0,101.27229,6.296405,0.0005531879,0.0,0.44346285,1.0090531
3687,75.73595,0.0,84.651726,6.2964106,0.0009110103,0.0,0.4477917,1.0090498
3688,71.765976,0.0,100.94209,6.2964144,0.00068839587,0.0,0.43661234,1.0090466
3689,72.995674,0.0,80.37804,6.2964168,0.00062221417,0.0,0.4295708,1.0090433
3690,76.767006,0.0,72.42762,6.296417,0.00076151703,0.0,0.4170165,1.0090419
3691,75.55783,0.0,87.4814,6.2964163,0.0006369631,0.0,0.43876073,1.0090405
3692,98.52202,0.0,91.86362,6.296416,0.0008763777,0.0,0.434057,1.009039
3693,52.36757,0.0,133.25792,6.2964168,0.0007993327,0.0,0.4646941,1.009035
3694,90.68732,0.0,96.421776,6.2964168,0.0007123483,0.0,0.44830927,1.0090312
3695,63.548008,0.0,78.11229,6.29642,0.0007997606,0.0,0.4406771,1.0090278
3696,92.19731,0.0,66.720535,6.2964234,0.0006294737,0.0,0.4605398,1.0090245
3697,55.86789,0.0,92.8188,6.2964272,0.0005518029,0.0,0.42851883,1.0090214
3698,63.62925,0.0,80.86263,6.2964315,0.0007718713,0.0,0.42456278,1.0090183
3699,68.12601,0.0,84.72057,6.2964377,0.0007124589,0.0,0.42857966,1.0090154
3700,70.304,0.0,71.46059,6.296444,0.0007306127,0.0,0.45087585,1.0090127
3701,82.40379,0.0,78.329666,6.296452,0.0008723079,0.0,0.43737167,1.00901
3702,74.30657,0.0,91.16105,6.296459,0.0008746794,0.0,0.4248477,1.009007
3703,76.0478,0.0,85.56104,6.2964635,0.0006973778,0.0,0.45081347,1.0090044
3704,75.60518,0.0,65.20883,6.2964654,0.0008129498,0.0,0.4108569,1.0090015
3705,83.30285,0.0,80.3374,6.2964716,0.00060294446,0.0,0.4470672,1.0089964
3706,65.03913,0.0,103.730774,6.2964754,0.0008443819,0.0,0.41890606,1.008992
3707,68.437935,0.0,70.28079,6.296478,0.00061190955,0.0,0.43276477,1.0089875
3708,61.32657,0.0,92.618286,6.296481,0.00082739274,0.0,0.44186592,1.0089831
3709,53.154358,0.0,79.55317,6.296486,0.00052564376,0.0,0.43255982,1.0089792
3710,67.65147,0.0,75.899635,6.29649,0.00071849715,0.0,0.4043785,1.0089753
3711,90.31149,0.0,94.4367,6.2964926,0.0005276102,0.0,0.4386475,1.0089717
3712,70.10262,0.0,99.17967,6.2964954,0.0005831911,0.0,0.4468847,1.0089681
3713,97.60152,0.0,80.62119,6.2964926,0.00043575722,0.0,0.46734577,1.0089649
3714,60.41162,0.0,86.33032,6.2964897,0.00067562144,0.0,0.44177756,1.0089558
3715,83.347496,0.0,88.589554,6.2964826,0.00061219017,0.0,0.40965828,1.0089475
3716,60.604103,0.0,77.479004,6.2964764,0.000647292,0.0,0.4273864,1.0089397
3717,70.126564,0.0,123.636734,6.296474,0.0006148653,0.0,0.40199202,1.0089326
3718,68.1577,0.0,89.309006,6.296478,0.0005633411,0.0,0.41958952,1.0089259
3719,69.33932,0.0,77.77902,6.2964826,0.0006366778,0.0,0.4648698,1.0089197
3720,58.042805,0.0,81.32218,6.2964907,0.00053848256,0.0,0.41434956,1.008914
3721,60.860596,0.0,71.380165,6.296502,0.0007006186,0.0,0.44863448,1.0089085
3722,68.07966,0.0,72.47055,6.2965136,0.00064026273,0.0,0.44626772,1.0088995
3723,79.95911,0.0,97.90277,6.2965217,0.0005581063,0.0,0.420857,1.008891
3724,71.66728,0.0,87.064674,6.2965307,0.00066260935,0.0,0.4181895,1.008883
3725,94.14341,0.0,78.55372,6.2965446,0.0005101453,0.0,0.45411372,1.0088745
3726,79.473206,0.0,82.246796,6.2965536,0.00047437157,0.0,0.48529693,1.0088671
3727,75.68171,0.0,83.446075,6.296563,0.0010325036,0.0,0.45826793,1.0088584
3728,59.99172,0.0,86.40571,6.296578,0.0007078035,0.0,0.45012075,1.0088502
3729,49.673843,0.0,83.21173,6.2965913,0.0005081261,0.0,0.45337674,1.008843
3730,72.58768,0.0,113.07017,6.2966037,0.0007554799,0.0,0.47328895,1.008836
3731,90.79741,0.0,82.28014,6.296617,0.0005909148,0.0,0.4486096,1.0088302
3732,76.899216,0.0,76.56918,6.296624,0.00050867075,0.0,0.43060446,1.0088245
3733,107.26165,0.0,82.77648,6.2966304,0.00052730954,0.0,0.43130773,1.0088191
3734,68.98018,0.0,79.012146,6.2966347,0.0005865756,0.0,0.45483515,1.0088142
3735,94.823616,0.0,88.52931,6.29664,0.00059009006,0.0,0.44806013,1.0088099
3736,71.86262,0.0,108.438545,6.296648,0.00074445223,0.0,0.4173262,1.0088053
3737,82.634094,0.0,74.35726,6.2966547,0.00059005653,0.0,0.3850698,1.008801
3738,69.63456,0.0,76.625336,6.2966623,0.00070925814,0.0,0.44444227,1.0087968
3739,68.64423,0.0,119.40672,6.2966695,0.0006499344,0.0,0.44367737,1.0087949
3740,90.83509,0.0,80.41659,6.296681,0.00066265604,0.0,0.4259634,1.008793
3741,74.95178,0.0,87.702095,6.296695,0.0006938152,0.0,0.43681216,1.0087911
3742,96.22829,0.0,85.696304,6.29671,0.0005730248,0.0,0.47251827,1.008789
3743,55.526024,0.0,79.552795,6.296729,0.00050188176,0.0,0.4495759,1.0087867
3744,60.496437,0.0,103.61447,6.2967486,0.00074357155,0.0,0.39727098,1.0087842
3745,50.44484,0.0,82.28424,6.2967668,0.0004840559,0.0,0.44508934,1.0087821
3746,74.27538,0.0,105.281746,6.296781,0.00089357345,0.0,0.4067597,1.0087796
3747,69.297775,0.0,103.694405,6.2967935,0.0006291169,0.0,0.4125147,1.0087746
3748,71.0084,0.0,94.263626,6.2968035,0.0006249656,0.0,0.41498217,1.0087699
3749,66.772446,0.0,86.0508,6.2968144,0.0006319429,0.0,0.41221344,1.0087653
3750,96.36953,0.0,81.38581,6.2968273,0.0006432334,0.0,0.42248267,1.008761
3751,82.74103,0.0,89.348145,6.296841,0.0004348015,0.0,0.45308924,1.0087571
3752,72.34021,0.0,76.34938,6.2968507,0.00068005593,0.0,0.436445,1.0087551
3753,84.355644,0.0,95.68618,6.296862,0.0006834421,0.0,0.41791698,1.0087526
3754,66.45291,0.0,87.81743,6.2968736,0.0006576679,0.0,0.47387943,1.0087503
3755,93.51264,0.0,82.805336,6.2968783,0.00070850726,0.0,0.4017172,1.008748
3756,85.48798,0.0,103.176544,6.296884,0.00059888745,0.0,0.42085403,1.0087472
3757,58.15416,0.0,73.41925,6.2968903,0.0007344291,0.0,0.44893396,1.0087463
3758,58.199852,0.0,86.33556,6.2968926,0.0007939713,0.0,0.4369954,1.0087453
3759,68.04429,0.0,117.00078,6.2968936,0.00044958736,0.0,0.4182257,1.0087441
3760,83.830635,0.0,76.397995,6.2968907,0.0006386437,0.0,0.44766364,1.0087429
3761,62.390755,0.0,100.76147,6.2968826,0.00048720953,0.0,0.43817186,1.0087416
3762,60.166607,0.0,87.42555,6.29688,0.00083286583,0.0,0.4237374,1.0087402
3763,63.888412,0.0,81.17459,6.296882,0.0006351146,0.0,0.45583338,1.0087385
3764,104.645905,0.0,64.49461,6.296883,0.0006611197,0.0,0.42436227,1.0087371
3765,80.879234,0.0,66.7422,6.296888,0.0010352145,0.0,0.48307508,1.0087353
3766,63.090813,0.0,96.47849,6.296897,0.0005825163,0.0,0.43121704,1.0087359
3767,108.27081,0.0,75.284256,6.2969017,0.00062287366,0.0,0.46663496,1.0087333
3768,84.98714,0.0,81.35111,6.29691,0.0005911519,0.0,0.46688685,1.0087309
3769,58.92724,0.0,74.28343,6.296915,0.0006340903,0.0,0.4290627,1.0087283
3770,76.36091,0.0,90.953445,6.296922,0.0005102045,0.0,0.44121,1.0087258
3771,75.79132,0.0,86.34838,6.2969246,0.0006218709,0.0,0.43011004,1.0087234
3772,56.26881,0.0,86.88922,6.296925,0.00066400284,0.0,0.4410357,1.0087211
3773,61.64178,0.0,82.92851,6.296928,0.0006054442,0.0,0.4257085,1.0087187
3774,64.589386,0.0,93.76136,6.2969346,0.00066301436,0.0,0.46354938,1.0087166
3775,75.09684,0.0,95.36732,6.296946,0.0007547634,0.0,0.42984647,1.0087141
3776,76.9467,0.0,91.873276,6.2969575,0.0009080871,0.0,0.4638097,1.0087118
3777,83.48037,0.0,82.77837,6.2969704,0.0007155605,0.0,0.43992254,1.0087095
3778,67.214714,0.0,95.4478,6.296982,0.0008018529,0.0,0.46416128,1.008707
3779,69.055046,0.0,95.66447,6.296991,0.001001167,0.0,0.46280205,1.0087048
3780,61.359993,0.0,84.35964,6.2970004,0.000897406,0.0,0.41715416,1.0087025
3781,88.65813,0.0,75.86622,6.2970095,0.00056497846,0.0,0.4330195,1.0087001
3782,76.36686,0.0,100.95589,6.2970166,0.0005611661,0.0,0.4255312,1.0086973
3783,81.42214,0.0,96.76683,6.2970247,0.0007510544,0.0,0.4355517,1.0086913
3784,65.60448,0.0,115.87831,6.2970333,0.0007776471,0.0,0.42226666,1.0086857
3785,64.12446,0.0,77.31049,6.2970448,0.0007143765,0.0,0.43736324,1.0086805
3786,87.62084,0.0,76.09312,6.297054,0.00090595323,0.0,0.4313085,1.0086747
3787,70.21315,0.0,95.57854,6.2970605,0.0007328416,0.0,0.4314084,1.0086694
3788,85.71159,0.0,74.78659,6.2970743,0.00060001726,0.0,0.43242568,1.0086644
3789,74.808754,0.0,82.38064,6.2970877,0.0006190398,0.0,0.42526877,1.0086592
3790,75.95982,0.0,94.66763,6.297098,0.00063510257,0.0,0.42766163,1.0086547
3791,79.37568,0.0,98.876465,6.297106,0.0007698589,0.0,0.36843485,1.0086504
3792,78.14972,0.0,74.71338,6.297116,0.0006388463,0.0,0.4223559,1.0086462
3793,69.43835,0.0,87.44168,6.2971234,0.00072889536,0.0,0.3820343,1.0086423
3794,77.23475,0.0,84.9726,6.29713,0.000572831,0.0,0.4380231,1.0086384
3795,69.15562,0.0,91.83363,6.2971344,0.0005985297,0.0,0.4295786,1.0086362
3796,64.886,0.0,105.06763,6.2971416,0.0007263547,0.0,0.4434638,1.0086341
3797,81.39187,0.0,99.518,6.2971516,0.0007050795,0.0,0.44835204,1.0086321
3798,74.436554,0.0,72.81259,6.297159,0.00086006033,0.0,0.41853094,1.0086298
3799,89.078896,0.0,66.324455,6.2971697,0.0008024184,0.0,0.44796515,1.0086275
3800,61.12876,0.0,97.36809,6.297182,0.00066733634,0.0,0.4446712,1.0086253
3801,88.088554,0.0,111.850525,6.2971964,0.00085806614,0.0,0.45420742,1.0086232
3802,117.73465,0.0,99.59147,6.2972064,0.0005924391,0.0,0.43252838,1.0086207
3803,66.20504,0.0,83.59625,6.297214,0.0009829293,0.0,0.45581788,1.0086185
3804,71.54782,0.0,81.24486,6.29722,0.000560347,0.0,0.42137963,1.0086163
3805,73.752075,0.0,96.12427,6.2972283,0.00076030206,0.0,0.48797798,1.0086141
3806,69.71233,0.0,90.998375,6.297231,0.00069634605,0.0,0.44120687,1.008612
3807,66.98338,0.0,71.87279,6.2972307,0.00080947333,0.0,0.44950217,1.00861
3808,66.49881,0.0,107.51036,6.297229,0.00065589277,0.0,0.42744634,1.0086079
3809,79.88502,0.0,96.80285,6.2972307,0.0006775049,0.0,0.45366114,1.0086057
3810,83.235916,0.0,65.08443,6.2972364,0.0008783685,0.0,0.42830908,1.0086035
3811,79.58627,0.0,90.34625,6.2972417,0.00045271215,0.0,0.4162955,1.0086013
3812,91.253975,0.0,79.863235,6.297243,0.0006527136,0.0,0.45589682,1.0085992
3813,59.37943,0.0,88.85352,6.297243,0.00058795256,0.0,0.42656398,1.0085967
3814,65.09417,0.0,95.65681,6.2972484,0.0006499317,0.0,0.42685375,1.0085942
3815,75.23928,0.0,122.75563,6.2972584,0.0006601247,0.0,0.4351473,1.008588
3816,67.544,0.0,91.935905,6.2972703,0.00090219895,0.0,0.45873484,1.0085821
3817,91.64183,0.0,88.21524,6.297278,0.0006156675,0.0,0.4187325,1.0085766
3818,88.33047,0.0,98.05725,6.2972836,0.00088798924,0.0,0.46361575,1.0085716
3819,73.409485,0.0,81.82176,6.2972846,0.00064273295,0.0,0.4263149,1.0085667
3820,80.217445,0.0,88.179,6.2972856,0.0006970385,0.0,0.45186365,1.0085622
3821,73.94642,0.0,83.62385,6.2972913,0.0011437836,0.0,0.4304658,1.0085592
3822,81.3574,0.0,103.950714,6.2972994,0.00091355573,0.0,0.4720529,1.0085562
3823,71.40846,0.0,107.01411,6.2973056,0.0007284434,0.0,0.41811964,1.0085534
3824,102.861404,0.0,80.68085,6.29731,0.000719198,0.0,0.44405055,1.0085505
3825,86.631615,0.0,75.91484,6.2973185,0.0006760509,0.0,0.4206857,1.0085479
3826,68.86562,0.0,82.51801,6.2973275,0.0008001415,0.0,0.42852268,1.0085521
3827,82.20271,0.0,120.07668,6.2973385,0.0005983757,0.0,0.40504405,1.0085558
3828,83.624146,0.0,80.22494,6.29735,0.00084235554,0.0,0.44203126,1.0085589
3829,86.96317,0.0,88.856705,6.2973576,0.0009429512,0.0,0.49113393,1.0085615
3830,76.436005,0.0,100.717834,6.297365,0.00078432466,0.0,0.4672868,1.0085635
3831,58.74455,0.0,76.599915,6.2973714,0.00065081764,0.0,0.47189292,1.0085651
3832,81.690186,0.0,73.14622,6.2973785,0.0006155892,0.0,0.47080326,1.0085665
3833,92.350784,0.0,78.99195,6.2973833,0.0006553737,0.0,0.44383228,1.0085672
3834,77.434555,0.0,90.25725,6.297395,0.000588451,0.0,0.4593465,1.008571
3835,87.461296,0.0,66.247795,6.2974014,0.00058901624,0.0,0.43181205,1.0085744
3836,62.078125,0.0,94.4097,6.297409,0.0007227665,0.0,0.42953584,1.0085772
3837,103.85616,0.0,71.85022,6.2974143,0.00079658953,0.0,0.4377501,1.0085794
3838,71.249855,0.0,92.98587,6.29742,0.00063527655,0.0,0.4255821,1.0085812
3839,76.396904,0.0,99.85618,6.297425,0.00071024476,0.0,0.42082414,1.0085826
3840,88.78141,0.0,99.78803,6.297429,0.0006896301,0.0,0.44334647,1.0085838
3841,64.87064,0.0,73.50462,6.2974367,0.0006082819,0.0,0.467416,1.0085846
3842,89.107346,0.0,93.12846,6.2974505,0.0005074593,0.0,0.43888637,1.008585
3843,69.7624,0.0,104.74195,6.2974534,0.00067789224,0.0,0.4621122,1.0085851
3844,81.91366,0.0,77.09819,6.2974544,0.00063386734,0.0,0.4238311,1.0085835
3845,82.782425,0.0,110.173225,6.29746,0.00071538624,0.0,0.4020228,1.0085818
3846,94.893196,0.0,115.845634,6.2974625,0.00045640697,0.0,0.46138462,1.0085794
3847,84.049034,0.0,100.851166,6.2974677,0.00072380865,0.0,0.42268738,1.0085772
3848,75.573006,0.0,84.298256,6.2974706,0.00044708297,0.0,0.41110215,1.008575
3849,119.33552,0.0,85.17544,6.2974734,0.00055086537,0.0,0.4378725,1.0085725
3850,54.265495,0.0,93.603806,6.297478,0.0005642667,0.0,0.50839114,1.0085678
3851,75.86364,0.0,92.75454,6.297485,0.0005779258,0.0,0.39777517,1.0085629
3852,85.41912,0.0,82.896904,6.297493,0.00058460917,0.0,0.4481957,1.0085585
3853,61.007496,0.0,95.41427,6.2974977,0.00070740323,0.0,0.42859548,1.008554
3854,72.72873,0.0,79.69532,6.2975035,0.001081845,0.0,0.438429,1.00855
3855,85.43041,0.0,103.39152,6.297515,0.00064316485,0.0,0.4592796,1.0085471
3856,81.49965,0.0,85.08428,6.297526,0.0009775012,0.0,0.41781163,1.008544
3857,70.07286,0.0,99.206795,6.297536,0.00063502387,0.0,0.44303042,1.0085411
3858,75.981285,0.0,84.29469,6.2975454,0.00074640586,0.0,0.46222836,1.0085382
3859,98.793785,0.0,84.04629,6.2975564,0.0005906604,0.0,0.44093806,1.0085354
3860,77.62385,0.0,102.750885,6.2975655,0.00093855214,0.0,0.43920204,1.0085273
3861,73.03474,0.0,85.875885,6.2975707,0.00050514855,0.0,0.42433667,1.0085168
3862,76.64847,0.0,94.4311,6.29758,0.0004568464,0.0,0.43135792,1.0085073
3863,99.03131,0.0,83.38694,6.297595,0.00069258816,0.0,0.45663044,1.0084984
3864,85.84355,0.0,90.27879,6.297612,0.0004984424,0.0,0.39717755,1.0084902
3865,71.582924,0.0,80.755,6.297633,0.0006799301,0.0,0.47174805,1.0084817
3866,103.96909,0.0,77.46786,6.2976503,0.0007145582,0.0,0.47054872,1.0084769
3867,64.4658,0.0,97.413155,6.2976685,0.0006633564,0.0,0.4432029,1.0084721
3868,68.75892,0.0,87.91539,6.297686,0.0006679575,0.0,0.43045983,1.0084677
3869,70.38109,0.0,79.31856,6.2977066,0.0008030908,0.0,0.40704307,1.0084633
3870,77.12662,0.0,62.5994,6.297723,0.00057889556,0.0,0.43710756,1.0084594
3871,89.4645,0.0,92.69438,6.2977395,0.00072952174,0.0,0.43411598,1.0084555
3872,68.258934,0.0,82.49081,6.2977557,0.00043951915,0.0,0.41826352,1.0084517
3873,70.82733,0.0,88.63149,6.2977777,0.0005191369,0.0,0.44790372,1.0084482
3874,91.276695,0.0,80.15947,6.297794,0.00082890986,0.0,0.4153201,1.0084447
3875,79.408264,0.0,75.196236,6.297808,0.0007466121,0.0,0.4563014,1.0084403
3876,67.74938,0.0,89.08533,6.29782,0.00061828387,0.0,0.41268295,1.0084345
3877,68.26425,0.0,91.674965,6.2978315,0.0007813405,0.0,0.41357002,1.0084292
3878,81.97104,0.0,86.021385,6.2978373,0.00048179514,0.0,0.44521064,1.0084243
3879,80.09119,0.0,83.888855,6.297841,0.0009176475,0.0,0.3982305,1.0084248
3880,79.3018,0.0,64.79164,6.297843,0.0006703213,0.0,0.42390454,1.008425
3881,64.22796,0.0,77.43107,6.2978477,0.0004777064,0.0,0.420132,1.0084249
3882,71.78784,0.0,95.176704,6.297849,0.0010684929,0.0,0.43150073,1.008424
3883,90.46421,0.0,77.18224,6.297858,0.0005943848,0.0,0.42298585,1.0084232
3884,91.021194,0.0,82.09365,6.297866,0.0006894971,0.0,0.46398228,1.0084219
3885,91.19225,0.0,101.68329,6.2978764,0.0005522154,0.0,0.458511,1.0084192
3886,75.812386,0.0,74.55549,6.2978845,0.00072798925,0.0,0.4150331,1.0084165
3887,78.14589,0.0,63.93198,6.2978945,0.000745851,0.0,0.41901416,1.0084139
3888,82.19468,0.0,73.44858,6.2979035,0.00042189722,0.0,0.42638248,1.0084112
3889,75.27789,0.0,72.907196,6.297911,0.0006608771,0.0,0.47472155,1.0084087
3890,82.4029,0.0,92.67405,6.297917,0.00075703085,0.0,0.40920302,1.0084094
3891,63.91787,0.0,87.368195,6.297916,0.0006689909,0.0,0.48446023,1.0084175
3892,73.67727,0.0,71.97563,6.2979164,0.0006990996,0.0,0.4304149,1.0084245
3893,85.512665,0.0,92.625175,6.2979193,0.0005301002,0.0,0.45874926,1.0084308
3894,70.25451,0.0,93.42986,6.297921,0.0005576221,0.0,0.4404623,1.0084362
3895,91.95761,0.0,94.99894,6.297922,0.0008347011,0.0,0.4069218,1.0084406
3896,62.312054,0.0,88.7679,6.29793,0.00064462866,0.0,0.4092151,1.0084445
3897,72.99025,0.0,70.20593,6.2979383,0.00074771687,0.0,0.43860376,1.0084476
3898,82.66425,0.0,77.71815,6.2979426,0.00053495186,0.0,0.4713522,1.0084503
3899,72.69076,0.0,83.967285,6.29795,0.0006573549,0.0,0.39169964,1.0084525
3900,79.86291,0.0,86.229,6.2979507,0.000609281,0.0,0.43611014,1.0084542
3901,76.59636,0.0,78.03677,6.2979517,0.00077402004,0.0,0.44591007,1.0084556
3902,70.322525,0.0,85.67608,6.2979555,0.00057814014,0.0,0.44836733,1.0084559
3903,98.94802,0.0,82.34582,6.297962,0.00073744345,0.0,0.4271079,1.0084559
3904,72.69715,0.0,118.2251,6.297962,0.00046232468,0.0,0.4237737,1.0084556
3905,72.64564,0.0,70.60455,6.297964,0.0005957036,0.0,0.41301996,1.0084596
3906,62.422817,0.0,81.41281,6.2979712,0.00056081853,0.0,0.46216565,1.0084628
3907,57.891186,0.0,63.989265,6.297973,0.0004531097,0.0,0.44379437,1.0084652
3908,85.832634,0.0,94.38412,6.2979755,0.00049240654,0.0,0.43318856,1.0084674
3909,75.436325,0.0,100.63004,6.297983,0.0007897493,0.0,0.4511591,1.0084692
3910,61.084084,0.0,74.35064,6.2979884,0.00066667766,0.0,0.41721973,1.0084707
3911,71.28688,0.0,75.140495,6.2979946,0.00065137586,0.0,0.44187802,1.0084716
3912,76.6404,0.0,101.73881,6.2980056,0.0009406725,0.0,0.45698738,1.0084724
3913,92.4031,0.0,70.775894,6.298013,0.00050015247,0.0,0.42610607,1.0084726
3914,71.986145,0.0,93.587776,6.298016,0.00056448986,0.0,0.40942,1.0084721
3915,60.465706,0.0,88.83693,6.2980213,0.00043657067,0.0,0.44437647,1.0084715
3916,92.08651,0.0,92.59638,6.2980275,0.0008244694,0.0,0.44025618,1.008472
3917,73.109085,0.0,73.370346,6.298031,0.0008418979,0.0,0.43806034,1.0084723
3918,55.64927,0.0,90.42054,6.298035,0.0006620799,0.0,0.4386236,1.0084724
3919,77.57854,0.0,89.12492,6.298035,0.0006985718,0.0,0.41282147,1.0084721
3920,70.2095,0.0,106.338776,6.298032,0.0006829606,0.0,0.45070073,1.0084716
3921,96.46491,0.0,76.62509,6.298032,0.0005951039,0.0,0.3887596,1.0084711
3922,71.77648,0.0,83.744934,6.298023,0.00076011405,0.0,0.43699068,1.0084703
3923,71.00208,0.0,65.12552,6.2980146,0.00046473427,0.0,0.42236066,1.0084695
3924,97.80796,0.0,110.536316,6.2980056,0.00047022523,0.0,0.42963928,1.0084683
3925,60.968132,0.0,92.11239,6.297997,0.00041217235,0.0,0.41739234,1.0084671
3926,79.96581,0.0,86.95136,6.297991,0.00066861,0.0,0.42297432,1.0084658
3927,76.517494,0.0,95.23768,6.297988,0.00072404294,0.0,0.4047546,1.0084642
3928,57.27708,0.0,99.26313,6.2979846,0.0006316984,0.0,0.43045887,1.0084624
3929,52.70791,0.0,79.87904,6.297986,0.000639498,0.0,0.45282277,1.0084738
3930,73.29917,0.0,88.33449,6.2979884,0.00052154466,0.0,0.40926594,1.0084839
3931,75.16069,0.0,101.91629,6.297994,0.000528933,0.0,0.4026003,1.0084927
3932,79.20212,0.0,91.87293,6.298002,0.0007586039,0.0,0.4554728,1.0085006
3933,75.65246,0.0,88.33793,6.29801,0.0007624502,0.0,0.45031303,1.0085074
3934,67.18426,0.0,103.30296,6.298023,0.0006248212,0.0,0.43404803,1.0085136
3935,62.92673,0.0,87.24042,6.2980337,0.00063639437,0.0,0.41382426,1.0085188
3936,68.79238,0.0,90.51481,6.2980475,0.00078231003,0.0,0.42116758,1.0085235
3937,66.29534,0.0,96.680305,6.2980633,0.000476044,0.0,0.44808716,1.008527
3938,55.53664,0.0,99.34588,6.2980747,0.0012212588,0.0,0.43849677,1.0085293
3939,82.404,0.0,98.118355,6.2980886,0.00071543606,0.0,0.4143839,1.0085311
3940,90.731155,0.0,77.73503,6.298105,0.00073220365,0.0,0.45716614,1.0085328
3941,75.26629,0.0,91.27403,6.2981205,0.0006456167,0.0,0.4189937,1.0085338
3942,71.31313,0.0,88.88388,6.2981324,0.00069851003,0.0,0.46710056,1.0085344
3943,85.62194,0.0,81.10822,6.2981434,0.00063904276,0.0,0.42587656,1.0085351
3944,85.952866,0.0,90.32679,6.2981505,0.000643984,0.0,0.4584671,1.0085351
3945,92.37542,0.0,74.08523,6.298157,0.0009118353,0.0,0.42978567,1.008535
3946,74.90231,0.0,87.75007,6.298166,0.00045266876,0.0,0.43087214,1.0085347
3947,73.326805,0.0,88.171524,6.2981744,0.0007762868,0.0,0.42974326,1.0085342
3948,68.63963,0.0,89.04531,6.2981834,0.00057284173,0.0,0.4196721,1.0085335
3949,65.84396,0.0,99.999985,6.2981906,0.00060260994,0.0,0.4132956,1.0085324
3950,75.83316,0.0,83.68559,6.2981935,0.00046895223,0.0,0.4133535,1.0085315
3951,91.43138,0.0,118.52857,6.2981944,0.00082601653,0.0,0.44449115,1.0085311
3952,92.44852,0.0,87.177444,6.2982,0.00065915496,0.0,0.4112603,1.0085303
3953,71.578476,0.0,84.3791,6.2982073,0.00064484065,0.0,0.47928572,1.0085294
3954,58.68597,0.0,90.60739,6.2982116,0.00054289,0.0,0.44579968,1.0085282
3955,78.49811,0.0,86.691475,6.298217,0.0007178208,0.0,0.4200812,1.0085272
3956,85.918625,0.0,70.73059,6.2982197,0.0006885844,0.0,0.45153522,1.0085258
3957,71.998604,0.0,93.68351,6.298223,0.00047411502,0.0,0.4329234,1.0085243
3958,69.2236,0.0,67.14288,6.298227,0.0007353021,0.0,0.43121982,1.0085227
3959,94.57501,0.0,87.609924,6.2982345,0.0006251689,0.0,0.40091452,1.0085202
3960,78.37029,0.0,91.45,6.2982492,0.00073096267,0.0,0.4097733,1.0085177
3961,91.864845,0.0,87.121,6.2982626,0.0005583606,0.0,0.43117595,1.0085152
3962,72.16313,0.0,104.35235,6.2982717,0.0011292514,0.0,0.45699784,1.0085126
3963,96.253365,0.0,117.89814,6.2982855,0.0006693948,0.0,0.45360202,1.0085101
3964,82.28158,0.0,78.80773,6.298297,0.00071397,0.0,0.47688603,1.0085075
3965,84.86741,0.0,86.04577,6.2983074,0.00085332815,0.0,0.43599367,1.0085229
3966,98.72736,0.0,90.187325,6.2983212,0.00057121995,0.0,0.47144175,1.0085374
3967,68.06647,0.0,98.54487,6.298337,0.00060073985,0.0,0.45490015,1.00855
3968,96.58828,0.0,77.900024,6.298354,0.0006643231,0.0,0.41017509,1.0085615
3969,86.73869,0.0,71.273834,6.2983694,0.00074442493,0.0,0.45815,1.0085714
3970,72.14508,0.0,84.1134,6.2983837,0.0005880021,0.0,0.41050148,1.0085803
3971,69.4321,0.0,106.98855,6.2983937,0.0006573051,0.0,0.47711802,1.0085849
3972,82.72655,0.0,79.00462,6.298402,0.00063010096,0.0,0.4244216,1.0085893
3973,76.77041,0.0,103.91305,6.298406,0.0007024865,0.0,0.4312806,1.0085931
3974,65.7571,0.0,99.22214,6.2984114,0.00061124365,0.0,0.4264056,1.0085963
3975,75.203514,0.0,86.0923,6.2984204,0.0006199081,0.0,0.42291588,1.0086001
3976,67.74107,0.0,82.53178,6.2984314,0.00062529236,0.0,0.41952106,1.008603
3977,84.16912,0.0,70.67723,6.29844,0.0006115665,0.0,0.44803998,1.0086058
3978,71.9539,0.0,96.87384,6.298447,0.00047858013,0.0,0.43065426,1.008608
3979,76.52975,0.0,90.31979,6.298448,0.00076934556,0.0,0.4686231,1.0086176
3980,63.330055,0.0,75.247604,6.2984533,0.0007127415,0.0,0.44532228,1.0086262
3981,71.63484,0.0,90.65542,6.2984657,0.0007815309,0.0,0.42122984,1.008634
3982,84.01937,0.0,71.21146,6.298479,0.00066772616,0.0,0.42927086,1.0086404
3983,92.876564,0.0,100.68806,6.298493,0.0006051024,0.0,0.4159883,1.0086462
3984,84.829346,0.0,73.118935,6.29851,0.0007660169,0.0,0.4039194,1.0086516
3985,75.28012,0.0,113.82717,6.298522,0.0005704254,0.0,0.4550001,1.0086563
3986,91.628235,0.0,93.88695,6.2985396,0.0006711315,0.0,0.4347558,1.0086722
3987,91.95698,0.0,95.007126,6.2985497,0.00076249236,0.0,0.4723973,1.0086865
3988,69.15194,0.0,82.006516,6.2985578,0.0004918361,0.0,0.4371489,1.008699
3989,67.17963,0.0,86.195786,6.2985616,0.00061377796,0.0,0.473631,1.0087099
3990,80.055,0.0,76.01771,6.2985687,0.0006320881,0.0,0.43539393,1.0087196
3991,68.02449,0.0,84.0501,6.2985754,0.0006459361,0.0,0.49015176,1.0087283
3992,87.79654,0.0,77.74676,6.2985826,0.0005479575,0.0,0.41167828,1.0087354
3993,87.343956,0.0,75.03534,6.298591,0.0005088343,0.0,0.48780903,1.008742
3994,92.163284,0.0,103.62124,6.298597,0.0005862533,0.0,0.4774383,1.0087476
3995,62.4263,0.0,82.044876,6.2986016,0.0007633228,0.0,0.40976435,1.0087522
3996,80.01461,0.0,91.74317,6.2986045,0.00041300862,0.0,0.41664577,1.0087564
3997,64.54609,0.0,81.098206,6.29861,0.0007288939,0.0,0.4361127,1.0087599
3998,70.48236,0.0,79.63975,6.2986164,0.0006133199,0.0,0.4318607,1.0087651
3999,62.36461,0.0,63.00652,6.298624,0.00071316,0.0,0.46614355,1.0087687
4000,81.93773,0.0,93.597725,6.2986345,0.0008895254,0.0,0.44745466,1.0087718
4001,79.33598,0.0,80.670296,6.2986364,0.00075738307,0.0,0.429321,1.0087744
4002,76.63081,0.0,86.41975,6.2986336,0.0007316877,0.0,0.4360777,1.0087767
4003,55.38999,0.0,86.85907,6.2986355,0.00056248205,0.0,0.4417637,1.0087786
4004,79.62151,0.0,88.16113,6.298642,0.00070725894,0.0,0.44088662,1.0087798
4005,66.98801,0.0,92.09094,6.298649,0.00058101624,0.0,0.41152415,1.0087807
4006,63.064495,0.0,76.82783,6.298657,0.00083499413,0.0,0.43567866,1.0087814
4007,71.51555,0.0,83.46517,6.2986608,0.0006202668,0.0,0.44072127,1.0087839
4008,60.991398,0.0,101.980804,6.2986684,0.0007795786,0.0,0.4590118,1.0087861
4009,69.61237,0.0,90.99095,6.29868,0.0008160055,0.0,0.40075862,1.0087878
4010,105.212,0.0,102.8264,6.2986917,0.00061624445,0.0,0.43257445,1.008789
4011,74.50207,0.0,86.975845,6.2987113,0.0006577372,0.0,0.43953878,1.0087916
4012,91.13881,0.0,82.62707,6.2987275,0.00043574077,0.0,0.43081567,1.0087936
4013,76.9812,0.0,89.2276,6.298746,0.00053811015,0.0,0.41961083,1.0087953
4014,74.91019,0.0,90.661125,6.2987614,0.00052010355,0.0,0.4094305,1.0087968
4015,82.73701,0.0,81.11393,6.298773,0.0006563994,0.0,0.44189668,1.0087978
4016,76.10584,0.0,93.04516,6.2987857,0.0006806056,0.0,0.41785544,1.0087987
4017,84.754295,0.0,81.61714,6.298801,0.00084694556,0.0,0.41803512,1.008799
4018,77.292465,0.0,88.514565,6.2988124,0.00056932855,0.0,0.46453828,1.0087991
4019,74.367256,0.0,88.401825,6.2988243,0.00044751866,0.0,0.45508647,1.008799
4020,75.9611,0.0,94.99318,6.29884,0.00083992037,0.0,0.42530197,1.0087986
4021,69.63243,0.0,92.18093,6.2988553,0.0006981522,0.0,0.427463,1.0087979
4022,94.098404,0.0,91.89422,6.298867,0.00070262013,0.0,0.43887705,1.0087972
4023,58.384007,0.0,81.48001,6.298875,0.00060912484,0.0,0.43555197,1.0087962
4024,87.20272,0.0,81.58848,6.2988825,0.0005776722,0.0,0.40646955,1.0087973
4025,75.15474,0.0,89.02339,6.298888,0.00052506046,0.0,0.44313997,1.0087982
4026,85.66317,0.0,74.2984,6.2988925,0.00087607343,0.0,0.41258484,1.0087988
4027,82.07271,0.0,81.698975,6.298902,0.0007194779,0.0,0.47782752,1.0087992
4028,78.561844,0.0,81.89852,6.298916,0.00065634534,0.0,0.4000922,1.008799
4029,79.19724,0.0,92.387596,6.298936,0.0007538234,0.0,0.43979296,1.0087987
4030,90.29728,0.0,79.889366,6.2989535,0.00086776534,0.0,0.40885133,1.0087984
4031,84.30699,0.0,96.679146,6.298974,0.00071027194,0.0,0.41747183,1.0087976
4032,65.600845,0.0,56.44557,6.2989964,0.00062781875,0.0,0.4134134,1.0088018
4033,70.07998,0.0,93.20754,6.2990203,0.00056413154,0.0,0.40433177,1.0088052
4034,68.49218,0.0,92.351776,6.299042,0.0004909517,0.0,0.44831452,1.0088081
4035,84.51196,0.0,75.529755,6.299062,0.000761452,0.0,0.45543832,1.0088104
4036,95.19896,0.0,74.799,6.2990794,0.00077341404,0.0,0.43030486,1.0088142
4037,76.55788,0.0,72.48832,6.299096,0.00048011876,0.0,0.43476996,1.0088176
4038,53.39824,0.0,69.3681,6.2991085,0.00053307053,0.0,0.4580617,1.0088158
4039,61.882153,0.0,77.67243,6.2991176,0.0005763642,0.0,0.43641406,1.0088136
4040,60.835728,0.0,85.09327,6.299122,0.00057958055,0.0,0.4098148,1.008812
4041,64.80436,0.0,99.36388,6.299126,0.0007116002,0.0,0.41414914,1.00881
4042,101.47653,0.0,87.38224,6.299132,0.000609138,0.0,0.45304736,1.0088081
4043,94.602425,0.0,94.93916,6.299133,0.0006381229,0.0,0.47755036,1.0088067
4044,83.98415,0.0,74.894424,6.2991323,0.0007613166,0.0,0.45450824,1.0088052
4045,69.19563,0.0,85.34733,6.299132,0.00073750684,0.0,0.3992765,1.0088037
4046,68.156235,0.0,89.951355,6.299129,0.00068990764,0.0,0.41196916,1.008802
4047,74.86787,0.0,74.26743,6.2991257,0.0006254962,0.0,0.4738148,1.0088004
4048,70.35871,0.0,88.077034,6.299118,0.00064227043,0.0,0.39415646,1.0087984
4049,62.011467,0.0,76.63729,6.299114,0.0005442838,0.0,0.40849984,1.0087974
4050,95.354546,0.0,80.75567,6.299112,0.0007219011,0.0,0.4504462,1.0087963
4051,79.35102,0.0,92.20387,6.299107,0.00058474625,0.0,0.3982997,1.0087949
4052,80.44217,0.0,99.85455,6.2991037,0.0006783507,0.0,0.4377516,1.0087892
4053,76.613335,0.0,80.3187,6.299101,0.00076918653,0.0,0.4347114,1.0087906
4054,69.174965,0.0,91.4347,6.2990966,0.0007008909,0.0,0.46322274,1.0088013
4055,71.27403,0.0,86.35109,6.2990956,0.0006224366,0.0,0.4383112,1.0088109
4056,78.40246,0.0,88.38314,6.2990956,0.00086149306,0.0,0.4697728,1.0088193
4057,92.60681,0.0,83.72918,6.299098,0.0006258199,0.0,0.42002818,1.0088274
4058,65.57307,0.0,82.17017,6.2991023,0.0007768999,0.0,0.42997384,1.0088345
4059,62.38985,0.0,91.215355,6.299108,0.00057953224,0.0,0.4863983,1.0088396
4060,69.72793,0.0,67.565384,6.299112,0.0008323303,0.0,0.44567868,1.0088446
4061,62.940395,0.0,77.90689,6.2991166,0.0007351494,0.0,0.44146952,1.0088488
4062,74.59723,0.0,94.12825,6.2991285,0.0010116419,0.0,0.44044465,1.0088522
4063,101.29609,0.0,74.87691,6.299144,0.00071341894,0.0,0.44428548,1.0088552
4064,69.51646,0.0,99.88446,6.2991595,0.0009617421,0.0,0.44055986,1.00886
4065,80.10688,0.0,87.09059,6.299171,0.00059624034,0.0,0.4367758,1.0088638
4066,87.85677,0.0,101.13283,6.299182,0.0008827433,0.0,0.44486445,1.0088673
4067,64.601974,0.0,79.467834,6.2991977,0.0005633652,0.0,0.40293068,1.0088701
4068,85.8144,0.0,90.746025,6.299207,0.0009021952,0.0,0.4572142,1.0088724
4069,75.82806,0.0,91.29816,6.299218,0.00048954156,0.0,0.46705446,1.0088742
4070,78.46322,0.0,88.91364,6.2992287,0.00054876774,0.0,0.437998,1.0088757
4071,68.68621,0.0,73.90869,6.299239,0.00068046956,0.0,0.4122331,1.0088768
4072,75.34586,0.0,87.537285,6.2992506,0.000623859,0.0,0.4456274,1.0088778
4073,87.100746,0.0,85.96722,6.29926,0.00054136233,0.0,0.4177503,1.0088784
4074,65.9533,0.0,87.11285,6.299265,0.00081172027,0.0,0.43248498,1.0088786
4075,79.05621,0.0,70.19126,6.299269,0.00077258644,0.0,0.4453544,1.0088785
4076,84.08937,0.0,79.958885,6.2992735,0.00054262974,0.0,0.4274424,1.0088782
4077,82.37396,0.0,92.85798,6.2992764,0.00068270974,0.0,0.4029519,1.0088776
4078,88.03859,0.0,79.34961,6.299274,0.0006482788,0.0,0.44634363,1.0088769
4079,88.593216,0.0,86.28525,6.299269,0.000772913,0.0,0.40740865,1.008876
4080,65.22204,0.0,115.522415,6.2992644,0.0007557252,0.0,0.4615872,1.0088738
4081,80.16337,0.0,98.590866,6.29926,0.00067608216,0.0,0.42125845,1.0088716
4082,90.66144,0.0,74.545746,6.299254,0.0005741562,0.0,0.44987375,1.0088692
4083,79.37089,0.0,75.57113,6.2992487,0.0005887583,0.0,0.45208615,1.0088667
4084,83.381165,0.0,72.3229,6.2992473,0.00081040384,0.0,0.4321332,1.0088643
4085,62.185146,0.0,70.49341,6.2992477,0.00061127613,0.0,0.4529813,1.0088618
4086,76.70571,0.0,72.6645,6.299254,0.0005830955,0.0,0.44131777,1.0088595
4087,63.65096,0.0,91.03732,6.299257,0.00089933095,0.0,0.42049676,1.0088571
4088,96.012405,0.0,97.58189,6.299263,0.0005729185,0.0,0.43266147,1.0088543
4089,94.23892,0.0,88.18011,6.299273,0.0006920559,0.0,0.41087565,1.0088513
4090,83.103455,0.0,93.24384,6.2992854,0.0008075135,0.0,0.41454935,1.0088485
4091,63.389072,0.0,79.1138,6.2992935,0.0009320956,0.0,0.39923483,1.0088457
4092,76.494675,0.0,74.67542,6.2993045,0.00081188197,0.0,0.42096123,1.0088428
4093,89.13043,0.0,101.96309,6.2993145,0.00067867123,0.0,0.44088024,1.0088402
4094,57.680687,0.0,93.33525,6.299327,0.0009410285,0.0,0.3988719,1.0088378
4095,77.8112,0.0,116.0596,6.299339,0.00068838196,0.0,0.43506527,1.0088356
4096,63.79933,0.0,84.97552,6.299346,0.00071398634,0.0,0.4418307,1.0088333
4097,78.365234,0.0,69.07686,6.2993584,0.00086431496,0.0,0.41448253,1.0088296
4098,71.230064,0.0,97.86239,6.2993717,0.00069608603,0.0,0.463641,1.008826
4099,63.96317,0.0,102.79834,6.299389,0.0007757357,0.0,0.44320172,1.0088226
4100,62.957405,0.0,87.17367,6.2994075,0.00083483977,0.0,0.41011867,1.0088191
4101,74.86646,0.0,75.923775,6.299425,0.0008509107,0.0,0.43400037,1.0088161
4102,87.14684,0.0,98.86569,6.299448,0.00072986487,0.0,0.4452009,1.0088079
4103,64.54079,0.0,85.78779,6.2994685,0.0005326676,0.0,0.45275396,1.0088005
4104,72.25357,0.0,78.95307,6.299491,0.00058887305,0.0,0.41519484,1.0087935
4105,75.75325,0.0,93.86003,6.299507,0.00079722673,0.0,0.43409008,1.008787
4106,69.63046,0.0,74.259285,6.299519,0.0010509959,0.0,0.42914742,1.008781
4107,67.47557,0.0,76.76564,6.2995296,0.0006098768,0.0,0.43835926,1.0087754
4108,80.99414,0.0,92.64587,6.299541,0.000956875,0.0,0.45717877,1.0087701
4109,76.6633,0.0,75.81794,6.2995524,0.0005451744,0.0,0.4200227,1.0087651
4110,65.24156,0.0,87.1546,6.2995596,0.000522068,0.0,0.4131729,1.0087603
4111,102.24407,0.0,86.174385,6.299561,0.0007467365,0.0,0.47290462,1.0087558
4112,80.30667,0.0,83.476875,6.299566,0.0007472138,0.0,0.41517013,1.0087514
4113,69.103355,0.0,94.16304,6.299568,0.0006632996,0.0,0.4390325,1.0087473
4114,55.92191,0.0,117.34823,6.299569,0.0005897467,0.0,0.4405628,1.0087434
4115,57.089966,0.0,107.725044,6.2995653,0.0007583454,0.0,0.43573403,1.0087396
4116,105.42293,0.0,81.94788,6.299561,0.0007541307,0.0,0.4315104,1.0087358
4117,61.095078,0.0,88.22098,6.299555,0.00079628814,0.0,0.45202625,1.0087324
4118,65.65776,0.0,102.67301,6.2995477,0.0006051238,0.0,0.43940842,1.0087289
4119,67.6145,0.0,77.123695,6.299539,0.0005541386,0.0,0.44179732,1.0087254
4120,71.81829,0.0,111.359825,6.2995324,0.00061676285,0.0,0.42146844,1.0087227
4121,81.70458,0.0,82.90728,6.299524,0.0004819963,0.0,0.46040654,1.0087198
4122,85.81001,0.0,79.62668,6.2995205,0.00067292823,0.0,0.47585642,1.0087172
4123,79.76834,0.0,106.06523,6.299517,0.00089108164,0.0,0.44150233,1.0087144
4124,70.64731,0.0,92.17149,6.2995167,0.0008701284,0.0,0.4326477,1.0087118
4125,78.10717,0.0,75.911865,6.2995195,0.0006091971,0.0,0.45715827,1.0087092
4126,69.974556,0.0,105.90692,6.299524,0.00061059324,0.0,0.4365794,1.0087065
4127,68.81144,0.0,86.09676,6.299527,0.0006641009,0.0,0.43045253,1.0087038
4128,59.059547,0.0,66.211296,6.299533,0.00048122005,0.0,0.45223194,1.0087012
4129,76.80941,0.0,102.57575,6.2995434,0.0010004649,0.0,0.43435106,1.0086999
4130,56.098118,0.0,73.14254,6.299564,0.0007240366,0.0,0.47069532,1.0086985
4131,71.32816,0.0,106.61607,6.2995815,0.0008141964,0.0,0.45973104,1.008697
4132,93.85494,0.0,93.66128,6.2996006,0.0006124011,0.0,0.44959754,1.0086955
4133,74.594925,0.0,78.34818,6.299624,0.0010323895,0.0,0.44139156,1.0086937
4134,69.856,0.0,93.80604,6.299645,0.0007064373,0.0,0.46197218,1.0086919
4135,112.035736,0.0,114.62088,6.2996616,0.0007936482,0.0,0.40822983,1.0086901
4136,60.69066,0.0,75.5047,6.299678,0.0005537572,0.0,0.42164934,1.0086884
4137,67.9612,0.0,88.6362,6.2996964,0.0006186854,0.0,0.462075,1.0086863
4138,87.9075,0.0,74.4033,6.2997146,0.000535061,0.0,0.39030775,1.0086857
4139,70.14538,0.0,65.69909,6.2997313,0.00077548355,0.0,0.41710943,1.0086848
4140,89.11398,0.0,84.22221,6.2997427,0.000666608,0.0,0.41024703,1.0086836
4141,89.14059,0.0,83.17964,6.299756,0.0006112898,0.0,0.44518825,1.0086823
4142,66.48819,0.0,73.59145,6.2997665,0.0006727901,0.0,0.41970223,1.008681
4143,63.19318,0.0,93.4387,6.299782,0.000729313,0.0,0.43559164,1.0086993
4144,71.897675,0.0,102.00111,6.2997894,0.0007254345,0.0,0.41948557,1.008716
4145,85.31499,0.0,81.22815,6.2997975,0.0008876859,0.0,0.4167496,1.0087268
4146,72.16505,0.0,85.58266,6.299809,0.0005968336,0.0,0.40493208,1.0087367
4147,78.88193,0.0,74.96567,6.299822,0.00065831793,0.0,0.43546423,1.0087454
4148,51.591587,0.0,94.19038,6.2998385,0.0005292112,0.0,0.44096792,1.0087534
4149,64.54551,0.0,73.30359,6.2998524,0.0005965942,0.0,0.4594636,1.0087601
4150,70.50337,0.0,75.74193,6.2998686,0.0006977713,0.0,0.4128687,1.0087665
4151,70.59526,0.0,115.741905,6.2998853,0.0006925624,0.0,0.44369325,1.0087721
4152,71.91582,0.0,106.04791,6.2999005,0.00052403816,0.0,0.4176031,1.0087768
4153,55.397533,0.0,108.35711,6.299911,0.000678704,0.0,0.44177732,1.008781
4154,86.56696,0.0,96.659035,6.299917,0.0006030837,0.0,0.43779764,1.0087976
4155,74.96844,0.0,70.22069,6.299926,0.00065520883,0.0,0.4687885,1.0088171
4156,64.79449,0.0,72.62417,6.2999325,0.0006425725,0.0,0.41088063,1.0088346
4157,92.3507,0.0,66.866196,6.2999406,0.00071614835,0.0,0.41067538,1.0088502
4158,92.09256,0.0,98.96602,6.2999496,0.00040786434,0.0,0.43492055,1.0088643
4159,95.77868,0.0,89.34549,6.2999587,0.00067747524,0.0,0.4430078,1.0088767
4160,84.69974,0.0,88.21224,6.2999654,0.00057473127,0.0,0.43585825,1.0088876
4161,74.37204,0.0,87.32716,6.299971,0.00075821433,0.0,0.43518406,1.0088998
4162,82.80318,0.0,88.44547,6.299976,0.000787256,0.0,0.4648627,1.0089108
4163,63.823257,0.0,85.2201,6.299975,0.0008892771,0.0,0.4657259,1.0089204
4164,75.701675,0.0,102.77161,6.299971,0.00067907496,0.0,0.41942066,1.0089293
4165,70.43398,0.0,97.0429,6.299967,0.0005549767,0.0,0.4618351,1.0089368
4166,67.85611,0.0,103.17274,6.299967,0.00040555897,0.0,0.45686206,1.0089432
4167,78.655754,0.0,96.984566,6.2999682,0.0007513077,0.0,0.4377135,1.0089489
4168,77.27869,0.0,76.940834,6.299975,0.0005416133,0.0,0.42759418,1.0089601
4169,82.87728,0.0,93.57679,6.2999883,0.00051243865,0.0,0.42018157,1.0089649
4170,57.219124,0.0,84.14279,6.3000026,0.00047005384,0.0,0.41909486,1.008969
4171,97.51893,0.0,82.00093,6.3000197,0.0005760952,0.0,0.4288429,1.0089724
4172,72.5869,0.0,75.52227,6.300037,0.00063682295,0.0,0.43335468,1.0089753
4173,77.70867,0.0,84.12979,6.300057,0.00087136845,0.0,0.46420538,1.0089779
4174,78.69035,0.0,119.517365,6.3000765,0.00057657086,0.0,0.43630895,1.0089798
4175,95.42255,0.0,84.18325,6.3000884,0.00067222444,0.0,0.45026892,1.0089886
4176,70.81004,0.0,103.69944,6.3001018,0.0005153043,0.0,0.44297585,1.0090047
4177,102.27808,0.0,82.18105,6.300112,0.000655543,0.0,0.45862707,1.009019
4178,106.11284,0.0,67.74719,6.300126,0.0007752059,0.0,0.45467472,1.0090319
4179,74.99223,0.0,85.30198,6.3001456,0.0004992322,0.0,0.44972798,1.0090433
4180,99.51229,0.0,84.58789,6.300167,0.0006604054,0.0,0.40948674,1.0090492
4181,87.84721,0.0,90.87992,6.300188,0.00085070095,0.0,0.39323303,1.0090541
4182,80.97138,0.0,78.6119,6.300202,0.0006798228,0.0,0.4620877,1.0090569
4183,69.900215,0.0,107.008125,6.300219,0.000605864,0.0,0.4089626,1.0090595
4184,79.177536,0.0,88.69819,6.3002324,0.0007023943,0.0,0.41417146,1.0090616
4185,85.32531,0.0,95.97285,6.3002424,0.00092464697,0.0,0.42442894,1.0090629
4186,82.26081,0.0,73.41581,6.300255,0.00068401406,0.0,0.44626093,1.009063
4187,96.77414,0.0,83.956154,6.3002634,0.0006089471,0.0,0.46361694,1.0090628
4188,77.963936,0.0,93.893166,6.300269,0.0006043233,0.0,0.4577864,1.0090624
4189,91.706024,0.0,63.20249,6.300269,0.000991276,0.0,0.4305231,1.0090619
4190,82.35621,0.0,79.85208,6.3002663,0.00053128274,0.0,0.4276247,1.0090611
4191,102.25522,0.0,103.62298,6.30026,0.00062072405,0.0,0.4269658,1.0090604
4192,67.3441,0.0,104.10429,6.3002543,0.00057382643,0.0,0.42857522,1.0090593
4193,55.327744,0.0,98.41402,6.30025,0.0006706007,0.0,0.37912947,1.0090563
4194,70.90379,0.0,79.200714,6.300245,0.00048226467,0.0,0.44533485,1.0090541
4195,73.32886,0.0,75.2601,6.3002396,0.0007977718,0.0,0.4294334,1.0090518
4196,68.74681,0.0,79.566795,6.300233,0.00060169946,0.0,0.4243605,1.0090497
4197,59.188778,0.0,99.080635,6.300232,0.00059659424,0.0,0.4712171,1.0090474
4198,78.74174,0.0,94.658615,6.3002343,0.00047672645,0.0,0.45754498,1.0090456
4199,78.49616,0.0,79.467674,6.3002424,0.00061001617,0.0,0.43083382,1.0090438
4200,69.41846,0.0,106.52064,6.30025,0.00054543605,0.0,0.44383144,1.0090419
4201,68.560905,0.0,90.85267,6.300259,0.0009377062,0.0,0.4033583,1.0090402
4202,83.5587,0.0,90.75556,6.3002706,0.000540538,0.0,0.44696522,1.0090381
4203,74.13587,0.0,89.93983,6.3002863,0.0006413217,0.0,0.40602744,1.0090361
4204,78.35086,0.0,101.52404,6.300299,0.0004031069,0.0,0.44110054,1.0090338
4205,70.04166,0.0,88.21486,6.3003087,0.00056256447,0.0,0.45156038,1.0090319
4206,86.35932,0.0,67.16285,6.3003144,0.0009495159,0.0,0.46399474,1.0090294
4207,87.99583,0.0,89.45559,6.300326,0.00064434524,0.0,0.4146169,1.009027
4208,60.142033,0.0,69.91403,6.3003354,0.000659665,0.0,0.4607062,1.009025
4209,75.90203,0.0,75.683136,6.300343,0.0007955357,0.0,0.40732855,1.0090224
4210,73.35682,0.0,82.79089,6.300348,0.0005830292,0.0,0.42861757,1.0090197
4211,59.287373,0.0,78.308266,6.3003488,0.00055806036,0.0,0.40894598,1.0090173
4212,74.92982,0.0,72.089325,6.3003464,0.0005263932,0.0,0.43631387,1.0090146
4213,70.270744,0.0,68.84082,6.3003464,0.00055066386,0.0,0.39805686,1.009012
4214,65.03182,0.0,83.72433,6.300348,0.0006192293,0.0,0.42163736,1.0090095
4215,64.89594,0.0,67.10869,6.3003507,0.00072897726,0.0,0.47375023,1.009007
4216,62.097233,0.0,94.33589,6.30035,0.0004278281,0.0,0.47901887,1.0090044
4217,75.88688,0.0,88.09806,6.300349,0.00075778336,0.0,0.4049985,1.0090019
4218,63.54471,0.0,84.074165,6.3003507,0.000741254,0.0,0.4185046,1.0089992
4219,69.767746,0.0,93.582634,6.3003564,0.00064860017,0.0,0.42913812,1.0089968
4220,66.82282,0.0,101.42707,6.3003616,0.0010573645,0.0,0.41954944,1.0089942
4221,59.700153,0.0,75.28348,6.3003664,0.0006227422,0.0,0.42832267,1.0089918
4222,79.72734,0.0,111.413826,6.300371,0.00044038982,0.0,0.3929877,1.0089892
4223,87.40415,0.0,90.02949,6.30038,0.0005671762,0.0,0.41232455,1.0089866
4224,85.6396,0.0,76.244545,6.300394,0.00051267364,0.0,0.43265852,1.0089839
4225,62.596752,0.0,94.33918,6.300408,0.0006288322,0.0,0.44892848,1.0089811
4226,80.99871,0.0,66.779915,6.300422,0.0007343687,0.0,0.44620752,1.0089784
4227,67.72403,0.0,102.37319,6.300436,0.00054256164,0.0,0.4152877,1.0089806
4228,67.823715,0.0,69.67683,6.300457,0.0004911643,0.0,0.4350747,1.008974
4229,88.43021,0.0,104.729256,6.3004827,0.00056620827,0.0,0.43349308,1.0089682
4230,69.24367,0.0,81.94419,6.3005023,0.0005057994,0.0,0.42220208,1.0089629
4231,71.73254,0.0,93.17363,6.3005214,0.0006185168,0.0,0.41786656,1.0089581
4232,78.42975,0.0,99.816536,6.300533,0.0008013395,0.0,0.41878158,1.0089538
4233,55.780674,0.0,79.408554,6.300546,0.00050604617,0.0,0.4207352,1.00895
4234,61.442966,0.0,83.08318,6.3005557,0.0006235666,0.0,0.4966712,1.0089462
4235,91.94921,0.0,93.92011,6.3005624,0.00054006674,0.0,0.44166458,1.0089427
4236,77.3885,0.0,106.019966,6.3005676,0.0005067777,0.0,0.4118759,1.0089397
4237,66.05695,0.0,82.15647,6.3005743,0.00051278574,0.0,0.44349027,1.008937
4238,90.54341,0.0,89.53937,6.3005815,0.00087049673,0.0,0.41544688,1.0089345
4239,57.799126,0.0,94.812614,6.3005867,0.00061536086,0.0,0.44403946,1.0089338
4240,75.363106,0.0,107.52773,6.300591,0.00049155124,0.0,0.46538377,1.0089328
4241,98.724884,0.0,97.43407,6.300598,0.00066116446,0.0,0.46525845,1.0089325
4242,74.5796,0.0,88.266556,6.3006063,0.0005157561,0.0,0.4679088,1.0089319
4243,71.8819,0.0,70.18452,6.3006144,0.00067917386,0.0,0.44797122,1.0089307
4244,82.49279,0.0,83.25866,6.30062,0.0010059824,0.0,0.43945408,1.0089241
4245,76.82594,0.0,88.35177,6.3006263,0.0005208855,0.0,0.43386126,1.0089183
4246,61.29804,0.0,102.87922,6.300632,0.0006514336,0.0,0.44054574,1.0089127
4247,102.29859,0.0,72.82327,6.3006377,0.00046234904,0.0,0.45326552,1.0089077
4248,74.655014,0.0,98.192924,6.300641,0.000602913,0.0,0.43191886,1.0089027
4249,63.57241,0.0,82.84747,6.3006463,0.00080815115,0.0,0.46533427,1.0088979
4250,90.06336,0.0,89.32783,6.3006487,0.00063599297,0.0,0.43431455,1.0088936
4251,96.83914,0.0,79.90521,6.3006516,0.0005873708,0.0,0.41393897,1.0088893
4252,78.94427,0.0,94.29694,6.3006573,0.0006554737,0.0,0.4608016,1.0088857
4253,70.14398,0.0,78.572365,6.300666,0.0007358861,0.0,0.43473375,1.0088811
4254,111.37789,0.0,86.570175,6.3006773,0.0005435997,0.0,0.4034711,1.0088767
4255,87.56623,0.0,81.37085,6.300689,0.000637793,0.0,0.44103,1.0088724
4256,73.27779,0.0,80.99766,6.3007026,0.0005394656,0.0,0.44337842,1.0088685
4257,77.417,0.0,64.89666,6.3007164,0.0009448816,0.0,0.3993783,1.0088645
4258,86.93395,0.0,83.79159,6.3007274,0.00067792635,0.0,0.41358048,1.0088608
4259,95.37599,0.0,98.345085,6.3007407,0.0007691714,0.0,0.41767508,1.0088571
4260,64.045654,0.0,118.24445,6.3007555,0.00045891662,0.0,0.45132542,1.0088506
4261,71.34741,0.0,88.11591,6.300769,0.0007662361,0.0,0.42892584,1.0088444
4262,86.28976,0.0,88.51538,6.3007812,0.0006521405,0.0,0.4452989,1.0088383
4263,100.91683,0.0,86.54087,6.3007946,0.0004971606,0.0,0.4196875,1.0088327
4264,87.75425,0.0,91.65461,6.300811,0.00064044143,0.0,0.47167715,1.0088274
4265,63.157627,0.0,77.09113,6.300829,0.00045664443,0.0,0.42458057,1.0088226
4266,72.37148,0.0,84.738495,6.300847,0.00050884974,0.0,0.45195603,1.0088179
4267,83.24885,0.0,84.94948,6.300861,0.0007080984,0.0,0.45935142,1.0088134
4268,69.31342,0.0,80.56961,6.300873,0.0005968957,0.0,0.45692033,1.0088091
4269,68.44201,0.0,89.889435,6.300887,0.0006538546,0.0,0.43254036,1.0088049
4270,65.78786,0.0,102.71045,6.300903,0.00066250487,0.0,0.42034206,1.0088025
4271,67.95366,0.0,75.49859,6.300919,0.0006442922,0.0,0.43924683,1.0088004
4272,72.26944,0.0,97.80684,6.300933,0.0006433194,0.0,0.416744,1.0088004
4273,58.512295,0.0,67.55526,6.3009467,0.0006115256,0.0,0.4186117,1.0087999
4274,52.827305,0.0,69.58193,6.30096,0.0007586034,0.0,0.42139527,1.0087991
4275,82.66052,0.0,72.33159,6.3009663,0.00071144325,0.0,0.44095147,1.0087981
4276,73.91326,0.0,80.6326,6.300961,0.00071732205,0.0,0.41964376,1.0087973
4277,61.1141,0.0,80.27226,6.3009515,0.0007459343,0.0,0.41314787,1.0087962
4278,72.32336,0.0,88.101135,6.3009415,0.0005200188,0.0,0.4007257,1.0087981
4279,69.25377,0.0,79.98994,6.300927,0.00082495285,0.0,0.45883796,1.0087997
4280,92.9042,0.0,78.92994,6.3009143,0.00059336016,0.0,0.40829486,1.0088009
4281,75.34147,0.0,95.85116,6.3009076,0.00073171797,0.0,0.39802402,1.0088019
4282,85.46859,0.0,66.90661,6.3009048,0.00072210765,0.0,0.45751652,1.0088013
4283,75.28919,0.0,80.71083,6.3009024,0.00067687535,0.0,0.45931834,1.0088044
4284,78.562355,0.0,105.23115,6.300905,0.00056855706,0.0,0.4303479,1.008807
4285,86.53852,0.0,92.11934,6.300908,0.00066640135,0.0,0.44735596,1.0088091
4286,71.9145,0.0,96.76434,6.300913,0.0005720528,0.0,0.45549735,1.0088108
4287,76.83638,0.0,98.60327,6.300915,0.0005551117,0.0,0.47666177,1.0088097
4288,84.27989,0.0,99.261505,6.300911,0.0008066417,0.0,0.425853,1.0088097
4289,98.64673,0.0,84.71639,6.300913,0.00086207164,0.0,0.43500602,1.0088096
4290,65.47715,0.0,92.89375,6.3009157,0.0007460722,0.0,0.4367962,1.0088089
4291,79.52022,0.0,91.70304,6.3009124,0.0005528242,0.0,0.40400428,1.0088072
4292,59.032734,0.0,85.734474,6.3009124,0.00071925996,0.0,0.3949313,1.0088055
4293,61.51255,0.0,76.8729,6.30091,0.0009305358,0.0,0.4275177,1.0088037
4294,73.642426,0.0,75.18637,6.300903,0.0006569253,0.0,0.45925722,1.0088083
4295,79.3031,0.0,77.35249,6.3008995,0.00071479427,0.0,0.5128462,1.0088121
4296,68.14938,0.0,68.07985,6.3009024,0.0007230941,0.0,0.44184598,1.0088154
4297,74.093994,0.0,81.716866,6.3009043,0.00054014236,0.0,0.38171,1.0088181
4298,78.291664,0.0,110.367294,6.300908,0.00071357394,0.0,0.41569376,1.0088209
4299,65.25714,0.0,99.74535,6.3009167,0.00047267455,0.0,0.4187917,1.0088233
4300,68.35184,0.0,73.85972,6.3009276,0.00074103754,0.0,0.44179487,1.0088261
4301,73.46554,0.0,83.930305,6.3009377,0.00057656126,0.0,0.44519696,1.0088284
4302,69.30558,0.0,87.10851,6.300951,0.0005235562,0.0,0.43174908,1.0088301
4303,63.396385,0.0,82.852066,6.3009653,0.0009959824,0.0,0.475111,1.0088314
4304,71.78822,0.0,105.89649,6.3009715,0.0006157836,0.0,0.41970333,1.0088322
4305,80.4914,0.0,81.52324,6.300983,0.0006830874,0.0,0.45412883,1.0088328
4306,65.24997,0.0,99.24795,6.300996,0.00054916664,0.0,0.4765556,1.0088332
4307,92.48641,0.0,83.69883,6.3010035,0.0005446798,0.0,0.45921212,1.0088332
4308,76.104965,0.0,69.96727,6.30101,0.0010805861,0.0,0.46189794,1.008833
4309,78.27942,0.0,87.617676,6.301013,0.000581237,0.0,0.45656425,1.0088326
4310,74.254135,0.0,70.55756,6.3010178,0.00072151085,0.0,0.44835648,1.008832
4311,58.169743,0.0,114.07077,6.3010254,0.000515821,0.0,0.40909255,1.0088311
4312,56.099667,0.0,93.19363,6.3010306,0.0006041081,0.0,0.47949466,1.0088303
4313,67.10749,0.0,110.57383,6.301033,0.0006021096,0.0,0.42057833,1.0088291
4314,78.95054,0.0,90.751274,6.301036,0.00067944935,0.0,0.43130776,1.0088301
4315,67.53872,0.0,81.46194,6.3010435,0.001178428,0.0,0.5013611,1.0088241
4316,62.576252,0.0,88.6119,6.3010516,0.00059331965,0.0,0.43412203,1.0088189
4317,70.14044,0.0,73.77427,6.3010597,0.0006174195,0.0,0.4704946,1.008814
4318,68.79157,0.0,96.67019,6.301067,0.000737017,0.0,0.4519362,1.0088094
4319,71.106026,0.0,105.49199,6.3010745,0.0007281908,0.0,0.44744915,1.0088053
4320,76.20982,0.0,81.14059,6.3010783,0.00065768964,0.0,0.42264566,1.0088013
4321,60.940674,0.0,87.47509,6.3010836,0.0005940033,0.0,0.42203888,1.0087975
4322,75.61424,0.0,100.68434,6.301092,0.00072094303,0.0,0.44476494,1.0087876
4323,73.20554,0.0,108.71066,6.3010955,0.0007224566,0.0,0.41255292,1.0087785
4324,81.44996,0.0,80.9594,6.3011007,0.00048179048,0.0,0.40954947,1.0087699
4325,68.02607,0.0,97.182205,6.3011026,0.0006629151,0.0,0.459617,1.008762
4326,71.754326,0.0,59.54558,6.3011084,0.00091641606,0.0,0.43640038,1.008755
4327,60.146408,0.0,96.57023,6.3011103,0.0006741072,0.0,0.43479162,1.0087509
4328,78.896774,0.0,106.308556,6.301115,0.00074333063,0.0,0.45939037,1.0087472
4329,58.5448,0.0,108.61738,6.301123,0.0006748719,0.0,0.42646646,1.0087436
4330,68.5181,0.0,79.74641,6.3011312,0.0011973558,0.0,0.41097564,1.0087403
4331,65.94329,0.0,102.13916,6.3011413,0.0009692274,0.0,0.42962003,1.0087371
4332,82.066734,0.0,86.56408,6.301152,0.0008829249,0.0,0.4026791,1.0087339
4333,63.450684,0.0,87.28288,6.3011622,0.0009862179,0.0,0.43982595,1.0087309
4334,85.85523,0.0,102.22106,6.301175,0.00051118934,0.0,0.43810472,1.0087278
4335,66.308754,0.0,87.38567,6.3011875,0.0007256783,0.0,0.43552822,1.0087248
4336,75.30036,0.0,103.07954,6.301199,0.0011228126,0.0,0.44679093,1.0087221
4337,60.44249,0.0,101.70389,6.3012114,0.00055418274,0.0,0.4402542,1.0087191
4338,81.17476,0.0,89.71624,6.301222,0.00060195464,0.0,0.44978303,1.0087162
4339,66.40842,0.0,77.9766,6.3012323,0.00061158405,0.0,0.4477578,1.0087131
4340,60.8698,0.0,86.70675,6.3012443,0.00083549344,0.0,0.46603155,1.0087101
4341,68.881,0.0,86.38594,6.30126,0.00078105135,0.0,0.43412322,1.0087028
4342,71.021515,0.0,84.526726,6.301273,0.00080621697,0.0,0.47074756,1.008696
4343,60.26263,0.0,98.6774,6.301288,0.0008317313,0.0,0.4039595,1.0086896
4344,71.71196,0.0,72.087204,6.301303,0.0006267707,0.0,0.47827244,1.0086836
4345,76.506966,0.0,82.82266,6.3013196,0.00079383445,0.0,0.41003424,1.008678
4346,64.23378,0.0,94.3154,6.301335,0.00082927884,0.0,0.4169411,1.0086725
4347,63.663273,0.0,89.02388,6.3013463,0.0007132356,0.0,0.46913227,1.0086803
4348,55.287678,0.0,76.19604,6.301355,0.00088736345,0.0,0.426102,1.0086967
4349,62.821533,0.0,89.48392,6.30136,0.00061535987,0.0,0.46339712,1.0087113
4350,64.43407,0.0,84.42205,6.3013625,0.00065085624,0.0,0.4406216,1.0087248
4351,75.2248,0.0,66.25281,6.3013644,0.00066449185,0.0,0.43368658,1.0087368
4352,85.56456,0.0,90.78945,6.3013663,0.0010473154,0.0,0.45298392,1.008748
4353,71.938,0.0,89.89847,6.301366,0.0011930808,0.0,0.4237756,1.008758
4354,66.044426,0.0,97.43131,6.3013663,0.0005738614,0.0,0.4286153,1.0087659
4355,70.69494,0.0,72.8592,6.3013597,0.00043105028,0.0,0.38107094,1.0087732
4356,62.96071,0.0,84.28047,6.301357,0.00076803926,0.0,0.45955813,1.0087795
4357,101.41279,0.0,75.96638,6.3013554,0.0006224592,0.0,0.42388177,1.0087851
4358,101.76217,0.0,90.63913,6.3013606,0.0005911032,0.0,0.42693794,1.0087901
4359,75.34396,0.0,73.8346,6.301368,0.0005449151,0.0,0.43602264,1.0087943
4360,93.27707,0.0,71.028694,6.3013744,0.0007385211,0.0,0.43834615,1.008798
4361,68.826,0.0,97.877556,6.301381,0.0005056702,0.0,0.4241305,1.0088011
4362,81.7125,0.0,125.42376,6.301389,0.0006260995,0.0,0.4520669,1.0088125
4363,82.69984,0.0,72.30783,6.3013954,0.00055154314,0.0,0.45730472,1.0088228
4364,70.14621,0.0,74.38812,6.3013973,0.00074318564,0.0,0.44157714,1.0088319
4365,83.261,0.0,91.20322,6.301397,0.0007185705,0.0,0.4548219,1.0088398
4366,70.79096,0.0,96.74279,6.3013964,0.0010782209,0.0,0.47967124,1.0088482
4367,76.554886,0.0,87.11297,6.3013964,0.00044638274,0.0,0.4219091,1.0088557
4368,63.603855,0.0,88.30197,6.3013945,0.00039067608,0.0,0.46328747,1.0088621
4369,77.1738,0.0,94.38439,6.3013983,0.0006623054,0.0,0.41848153,1.0088999
4370,73.08033,0.0,92.87726,6.3014007,0.0005552553,0.0,0.43081936,1.0089339
4371,68.99217,0.0,90.35618,6.301403,0.00070596574,0.0,0.42916965,1.0089642
4372,53.872765,0.0,88.43273,6.301409,0.0012481265,0.0,0.41902828,1.0089917
4373,68.84642,0.0,82.772446,6.3014145,0.00057294365,0.0,0.43835092,1.0090162
4374,76.6372,0.0,68.39785,6.301421,0.00063530996,0.0,0.44147262,1.0090388
4375,81.6491,0.0,95.305016,6.3014293,0.0006012271,0.0,0.42105338,1.009059
4376,53.267406,0.0,95.39266,6.301439,0.0007010507,0.0,0.4321999,1.0090772
4377,68.65468,0.0,81.50198,6.3014503,0.00067232025,0.0,0.4410231,1.009093
4378,71.99131,0.0,87.81867,6.3014655,0.00052183063,0.0,0.4247377,1.0091074
4379,81.75211,0.0,95.036575,6.301477,0.0004279294,0.0,0.4230156,1.0091201
4380,59.991375,0.0,81.89999,6.301493,0.0005248663,0.0,0.40327352,1.0091313
4381,78.70542,0.0,90.426895,6.3015037,0.000608209,0.0,0.4315657,1.0091411
4382,61.166798,0.0,72.77763,6.3015103,0.00086464867,0.0,0.477007,1.0091498
4383,109.08612,0.0,93.94422,6.3015165,0.00058263505,0.0,0.41768402,1.0091567
4384,72.335884,0.0,94.98945,6.3015256,0.00060880603,0.0,0.41820335,1.0091625
4385,58.654495,0.0,92.94331,6.301534,0.0005042243,0.0,0.44353956,1.0091679
4386,57.705273,0.0,86.41301,6.3015423,0.00050704693,0.0,0.46459064,1.0091695
4387,73.26979,0.0,78.8661,6.301544,0.0007856967,0.0,0.42662102,1.0091714
4388,91.98288,0.0,71.38008,6.301548,0.00053327455,0.0,0.4561559,1.0091748
4389,81.23838,0.0,78.62803,6.301556,0.0007133106,0.0,0.43631706,1.0091777
4390,99.59827,0.0,82.41478,6.3015614,0.0006545365,0.0,0.44166717,1.0091802
4391,86.43377,0.0,91.745255,6.3015647,0.00054170593,0.0,0.4314022,1.0091823
4392,68.25026,0.0,73.97194,6.3015676,0.00055912964,0.0,0.4633863,1.0091869
4393,82.68345,0.0,77.233925,6.3015738,0.00058142655,0.0,0.43548888,1.0091907
4394,63.494156,0.0,96.68387,6.301574,0.00064062816,0.0,0.41923165,1.0091941
4395,76.57453,0.0,77.3497,6.3015733,0.0008439291,0.0,0.42362767,1.0092026
4396,58.28766,0.0,91.42087,6.3015733,0.00059896114,0.0,0.44430816,1.0092102
4397,89.429016,0.0,95.89574,6.3015766,0.0006068439,0.0,0.47092578,1.0092161
4398,68.69336,0.0,96.996765,6.30158,0.00058142655,0.0,0.4198777,1.0092211
4399,88.94995,0.0,87.44855,6.3015866,0.00079081475,0.0,0.4039949,1.0092252
4400,58.657566,0.0,73.00259,6.3015957,0.00054916216,0.0,0.39738998,1.0092291
4401,74.35381,0.0,92.27944,6.3016076,0.00053845416,0.0,0.41759795,1.0092318
4402,73.17805,0.0,79.12442,6.301622,0.0006362329,0.0,0.4343811,1.0092418
4403,85.48058,0.0,82.33132,6.3016343,0.00066644436,0.0,0.4227898,1.0092503
4404,104.02181,0.0,78.934944,6.301641,0.0007143533,0.0,0.44519085,1.0092578
4405,96.026436,0.0,79.970024,6.3016477,0.0008640777,0.0,0.40681395,1.0092648
4406,99.102776,0.0,68.50041,6.3016567,0.00057725154,0.0,0.4328878,1.0092709
4407,64.97701,0.0,79.71979,6.3016667,0.00066280423,0.0,0.43105787,1.0092762
4408,81.34345,0.0,79.50628,6.301677,0.00081555283,0.0,0.44213235,1.009285
4409,70.56414,0.0,99.77778,6.301692,0.00060723646,0.0,0.45857686,1.0092925
4410,68.18286,0.0,95.45772,6.3017035,0.00060825143,0.0,0.42295203,1.0092992
4411,70.19353,0.0,77.73399,6.3017097,0.0006442539,0.0,0.41209286,1.0093046
4412,63.563564,0.0,106.377914,6.301717,0.00061639654,0.0,0.47418436,1.0093098
4413,68.03761,0.0,91.28599,6.301718,0.00097102753,0.0,0.46445665,1.009314
4414,95.58063,0.0,106.07194,6.3017216,0.00082581386,0.0,0.44421813,1.0093184
4415,67.536995,0.0,81.97419,6.3017244,0.0005378796,0.0,0.44668758,1.0093222
4416,120.8603,0.0,96.40388,6.3017263,0.0008818655,0.0,0.44197172,1.0093251
4417,71.419014,0.0,95.09506,6.301727,0.0009121937,0.0,0.4103191,1.0093263
4418,73.58041,0.0,83.24889,6.301729,0.00061459624,0.0,0.42183465,1.0093273
4419,55.93643,0.0,94.42506,6.301732,0.00066778006,0.0,0.4220664,1.0093277
4420,58.86548,0.0,86.76618,6.3017373,0.0005791585,0.0,0.42609358,1.009328
4421,71.51538,0.0,69.35409,6.30174,0.00059125293,0.0,0.43476784,1.0093279
4422,74.68192,0.0,84.418144,6.301745,0.0006113611,0.0,0.4518221,1.0093277
4423,83.81389,0.0,106.063,6.301752,0.00075419265,0.0,0.45585394,1.009327
4424,82.108986,0.0,82.157295,6.3017592,0.0007860067,0.0,0.44338807,1.0093265
4425,101.77323,0.0,81.59318,6.3017645,0.0006514703,0.0,0.46596107,1.0093254
4426,72.96474,0.0,87.11821,6.301772,0.0005231572,0.0,0.4804018,1.0093243
4427,71.31497,0.0,102.854095,6.301786,0.0007915317,0.0,0.4376565,1.0093232
4428,62.272697,0.0,82.52486,6.3017964,0.00060729054,0.0,0.46462426,1.0093217
4429,77.49206,0.0,80.04426,6.3018045,0.00063663453,0.0,0.43472132,1.0093201
4430,74.666405,0.0,87.68839,6.301809,0.00046957907,0.0,0.43127817,1.0093187
4431,78.7319,0.0,69.19886,6.301817,0.0009258182,0.0,0.48404834,1.0093173
4432,71.74588,0.0,91.62245,6.301817,0.00062189146,0.0,0.45744056,1.0093158
4433,68.32018,0.0,73.75187,6.301817,0.0010170554,0.0,0.4615317,1.0093142
4434,86.05898,0.0,97.80115,6.301815,0.00052106945,0.0,0.41552246,1.0093126
4435,61.234,0.0,87.71577,6.3018146,0.0006705434,0.0,0.43240318,1.0093107
4436,78.67057,0.0,114.715675,6.301817,0.0009165808,0.0,0.44905362,1.0093089
4437,79.04679,0.0,90.45109,6.301822,0.0006792485,0.0,0.43171543,1.009307
4438,73.47751,0.0,78.277054,6.301825,0.0009033005,0.0,0.4573815,1.009305
4439,64.3943,0.0,80.754654,6.3018255,0.00059909537,0.0,0.44048786,1.009303
4440,56.492374,0.0,78.277016,6.301826,0.0011728148,0.0,0.425511,1.0093079
4441,74.805145,0.0,67.03441,6.301829,0.0005692043,0.0,0.4263518,1.0093118
4442,60.60995,0.0,89.01728,6.3018374,0.0007685387,0.0,0.4645936,1.0093155
4443,69.608025,0.0,85.87075,6.3018456,0.0007881974,0.0,0.44877863,1.0093327
4444,86.21354,0.0,83.70827,6.3018527,0.00056960084,0.0,0.45280814,1.0093483
4445,68.141785,0.0,116.44461,6.30186,0.0004694678,0.0,0.4222376,1.0093623
4446,77.93,0.0,82.24458,6.3018646,0.0006154711,0.0,0.3999362,1.00938
4447,64.03901,0.0,80.20632,6.3018703,0.00056532293,0.0,0.44234508,1.009396
4448,82.65925,0.0,76.19316,6.301881,0.00087500224,0.0,0.4199438,1.0094162
4449,69.96232,0.0,86.57045,6.301892,0.0011176352,0.0,0.4225243,1.0094343
4450,71.582924,0.0,86.65119,6.3018985,0.0006346002,0.0,0.4371265,1.0094503
4451,72.209015,0.0,85.622765,6.3019066,0.00048631613,0.0,0.42605233,1.0094646
4452,74.87209,0.0,73.64937,6.3019114,0.00073144666,0.0,0.40657228,1.0094774
4453,73.094185,0.0,92.281685,6.301919,0.0005377805,0.0,0.41527855,1.0094888
4454,69.68915,0.0,85.30742,6.301931,0.00072040403,0.0,0.42888498,1.009499
4455,82.91256,0.0,101.04195,6.301947,0.0004679113,0.0,0.42949325,1.0095079
4456,69.35511,0.0,86.20122,6.3019624,0.0005097184,0.0,0.48499006,1.0095158
4457,67.51973,0.0,97.33724,6.3019776,0.0006282017,0.0,0.42999315,1.0095226
4458,83.883026,0.0,81.80038,6.301987,0.00049739843,0.0,0.41750348,1.0095285
4459,67.856895,0.0,63.50003,6.301998,0.00070964167,0.0,0.42428327,1.0095338
4460,104.4266,0.0,82.79352,6.302005,0.0005380686,0.0,0.44237718,1.0095376
4461,74.26468,0.0,91.00776,6.3020096,0.00070942007,0.0,0.41338906,1.009541
4462,73.874886,0.0,61.032993,6.302017,0.0006311268,0.0,0.4073941,1.0095439
4463,75.69478,0.0,83.14788,6.3020225,0.0005970616,0.0,0.46412003,1.0095464
4464,60.798607,0.0,108.70138,6.302026,0.0007548381,0.0,0.4259711,1.0095482
4465,62.27621,0.0,81.122055,6.302028,0.0005191236,0.0,0.41963542,1.0095496
4466,79.35531,0.0,85.522545,6.3020296,0.00066223246,0.0,0.4365934,1.0095508
4467,85.82562,0.0,81.58342,6.3020334,0.00043745287,0.0,0.4448893,1.0095515
4468,71.61371,0.0,92.7646,6.302039,0.000715383,0.0,0.44358692,1.009552
4469,78.82242,0.0,83.848045,6.302049,0.001003336,0.0,0.43667752,1.009552
4470,93.681625,0.0,72.28083,6.302056,0.000601907,0.0,0.4067918,1.0095519
4471,87.58268,0.0,87.63617,6.302061,0.0006053853,0.0,0.42657733,1.0095515
4472,80.21751,0.0,88.94788,6.302064,0.00090400036,0.0,0.41487342,1.0095512
4473,59.508034,0.0,99.53156,6.3020663,0.0006082863,0.0,0.45993942,1.0095507
4474,85.29675,0.0,98.81315,6.302071,0.00076005043,0.0,0.43340477,1.0095499
4475,80.385284,0.0,96.35397,6.3020735,0.00064233365,0.0,0.4314661,1.0095489
4476,60.738396,0.0,87.55216,6.302075,0.0008444737,0.0,0.41385967,1.0095476
4477,64.01482,0.0,74.87368,6.302078,0.0007525962,0.0,0.4697652,1.0095465
4478,68.409164,0.0,61.356762,6.302081,0.0006677326,0.0,0.4135983,1.0095437
4479,91.491,0.0,91.85638,6.302083,0.0007205511,0.0,0.4838624,1.009541
4480,65.700455,0.0,95.66808,6.302089,0.0007144265,0.0,0.4337108,1.0095384
4481,73.56364,0.0,81.534996,6.302095,0.00051259896,0.0,0.4292549,1.0095356
4482,79.85736,0.0,85.55522,6.3021035,0.0006358401,0.0,0.40807605,1.0095345
4483,62.17447,0.0,74.63778,6.302113,0.0006602225,0.0,0.4148041,1.0095333
4484,62.57085,0.0,103.75191,6.302127,0.00061511854,0.0,0.40636593,1.0095321
4485,83.823975,0.0,94.58743,6.3021426,0.00069601496,0.0,0.453724,1.0095305
4486,78.791145,0.0,81.87177,6.302155,0.0008228423,0.0,0.40460652,1.0095291
4487,82.51432,0.0,83.65316,6.3021646,0.0011865343,0.0,0.42070884,1.0095274
4488,74.51467,0.0,85.37081,6.3021736,0.00082778453,0.0,0.4057133,1.0095257
4489,92.31019,0.0,97.08661,6.3021836,0.0008073383,0.0,0.4347012,1.009524
4490,71.626144,0.0,94.268715,6.3021965,0.0005454974,0.0,0.43468377,1.0095232
4491,69.22642,0.0,73.5799,6.30221,0.0007098543,0.0,0.43967876,1.0095223
4492,68.96133,0.0,68.06457,6.302222,0.0006829569,0.0,0.43288955,1.0095199
4493,64.72734,0.0,76.513084,6.302231,0.00060547766,0.0,0.49012932,1.009518
4494,77.16344,0.0,91.82284,6.30224,0.0005571962,0.0,0.40148783,1.0095158
4495,93.39694,0.0,80.687584,6.3022485,0.00052536064,0.0,0.43958843,1.0095136
4496,66.109505,0.0,75.36377,6.3022566,0.000732881,0.0,0.44682878,1.0095116
4497,89.00936,0.0,77.18062,6.3022685,0.0006330641,0.0,0.44152415,1.0095097
4498,68.71108,0.0,88.47519,6.302286,0.0007310544,0.0,0.42429098,1.0095081
4499,88.03556,0.0,67.402435,6.3023047,0.0005100478,0.0,0.4465258,1.0095161
4500,94.04007,0.0,73.97456,6.3023243,0.0006279659,0.0,0.45586008,1.0095233
4501,59.37265,0.0,87.851555,6.3023443,0.0006949694,0.0,0.43840396,1.0095296
4502,96.83941,0.0,86.04893,6.3023634,0.00050922955,0.0,0.42338273,1.0095351
4503,70.50655,0.0,82.54168,6.3023844,0.00085275143,0.0,0.43194252,1.0095391
4504,84.28815,0.0,82.00436,6.302401,0.0006385561,0.0,0.46315265,1.0095426
4505,57.005665,0.0,90.565056,6.302417,0.0007684687,0.0,0.428506,1.0095454
4506,68.32029,0.0,84.717476,6.3024273,0.00061861624,0.0,0.44943708,1.0095441
4507,80.536766,0.0,94.65648,6.3024387,0.00072699564,0.0,0.43201578,1.009543
4508,66.7282,0.0,88.55317,6.3024483,0.00074215524,0.0,0.3898055,1.0095415
4509,68.04328,0.0,78.86315,6.3024516,0.0004589843,0.0,0.44508743,1.009542
4510,65.14265,0.0,114.0996,6.302459,0.000606775,0.0,0.39737114,1.009542
4511,71.538506,0.0,89.302895,6.3024583,0.0007120126,0.0,0.40547714,1.0095419
4512,74.09554,0.0,87.12669,6.3024583,0.000649436,0.0,0.43158922,1.0095412
4513,67.88234,0.0,85.19043,6.302459,0.000636299,0.0,0.41361713,1.0095403
4514,80.81595,0.0,90.26709,6.302458,0.00069427857,0.0,0.43207026,1.0095398
4515,82.29902,0.0,97.08693,6.3024573,0.000698314,0.0,0.45290315,1.0095394
4516,68.26225,0.0,89.23047,6.302457,0.0004635034,0.0,0.42940187,1.0095387
4517,91.47273,0.0,91.2811,6.3024554,0.0008401242,0.0,0.4233869,1.0095376
4518,92.41899,0.0,74.87208,6.3024554,0.0005848231,0.0,0.45053968,1.0095365
4519,61.94777,0.0,106.67126,6.302453,0.0007366439,0.0,0.41807172,1.0095353
4520,60.144115,0.0,82.40365,6.302455,0.00073501014,0.0,0.4281714,1.009534
4521,54.028004,0.0,82.52625,6.302458,0.0004907319,0.0,0.45578384,1.0095325
4522,88.88806,0.0,94.57393,6.3024607,0.00053299026,0.0,0.4359201,1.0095311
4523,100.00619,0.0,88.70661,6.3024626,0.0005103282,0.0,0.45739418,1.0095298
4524,68.056885,0.0,90.72246,6.3024697,0.0005211726,0.0,0.443366,1.009528
4525,66.62471,0.0,85.27176,6.3024783,0.0006611098,0.0,0.445376,1.0095264
4526,71.67878,0.0,83.41702,6.3024864,0.0008096596,0.0,0.4164433,1.0095247
4527,74.09666,0.0,94.755135,6.302492,0.0007187959,0.0,0.42582172,1.0095229
4528,95.0183,0.0,74.12378,6.302497,0.00065104605,0.0,0.43532032,1.0095271
4529,89.63013,0.0,99.43232,6.3025002,0.0005449861,0.0,0.42708704,1.0095305
4530,77.1741,0.0,95.54919,6.30251,0.0009007548,0.0,0.41871306,1.0095326
4531,89.0869,0.0,99.98112,6.3025217,0.0006268039,0.0,0.3966717,1.0095365
4532,86.63984,0.0,73.50345,6.302533,0.0004686665,0.0,0.41685098,1.0095397
4533,92.13827,0.0,84.677925,6.302547,0.001085122,0.0,0.43200487,1.0095423
4534,80.92448,0.0,79.56391,6.302558,0.00090004265,0.0,0.4146901,1.0095445
4535,69.805336,0.0,82.173584,6.30257,0.0006931137,0.0,0.4283164,1.0095464
4536,77.507195,0.0,87.229996,6.302584,0.0006550161,0.0,0.40323946,1.0095481
4537,52.295696,0.0,80.62036,6.3025975,0.0009844344,0.0,0.40702176,1.0095491
4538,82.96056,0.0,88.349106,6.302606,0.0012876473,0.0,0.43923777,1.00955
4539,80.47711,0.0,95.49839,6.3026094,0.0005726606,0.0,0.4262167,1.0095506
4540,93.67109,0.0,69.66889,6.3026175,0.00071209914,0.0,0.46773896,1.0095507
4541,80.76449,0.0,82.54496,6.302624,0.00078539504,0.0,0.44554517,1.0095506
4542,70.20768,0.0,77.15842,6.3026304,0.0009743743,0.0,0.41788834,1.0095503
4543,71.42864,0.0,89.23864,6.3026395,0.000628741,0.0,0.4071896,1.0095496
4544,63.006054,0.0,106.79282,6.302641,0.0007757582,0.0,0.3998639,1.0095489
4545,60.96885,0.0,76.85625,6.302644,0.0005722765,0.0,0.40055716,1.0095481
4546,87.837975,0.0,72.07637,6.302646,0.0008093602,0.0,0.42755175,1.0095469
4547,74.475296,0.0,97.405365,6.3026466,0.00077489857,0.0,0.43074584,1.0095456
4548,83.39219,0.0,82.75544,6.3026514,0.00069600355,0.0,0.4463722,1.0095444
4549,68.51586,0.0,81.66455,6.3026586,0.0007044561,0.0,0.44671676,1.009543
4550,80.01846,0.0,79.92267,6.3026676,0.000575877,0.0,0.42871374,1.0095414
4551,91.3102,0.0,88.8277,6.3026767,0.0005638153,0.0,0.45237875,1.0095397
4552,67.52903,0.0,75.91647,6.3026876,0.00077839725,0.0,0.38040257,1.0095379
4553,88.204346,0.0,90.67799,6.302701,0.0005233431,0.0,0.44525906,1.0095356
4554,59.672867,0.0,75.472404,6.302715,0.0008127958,0.0,0.4725179,1.0095334
4555,71.04694,0.0,118.54391,6.3027244,0.0009015125,0.0,0.42614692,1.0095311
4556,68.15058,0.0,90.85843,6.3027368,0.0006031271,0.0,0.42559904,1.009529
4557,95.92049,0.0,95.07327,6.3027444,0.0007383075,0.0,0.44602263,1.0095267
4558,65.63359,0.0,81.94909,6.3027487,0.0008188334,0.0,0.43711504,1.0095243
4559,84.24479,0.0,101.54011,6.3027515,0.00062709517,0.0,0.40529293,1.0095222
4560,65.13526,0.0,85.12912,6.302754,0.00074408855,0.0,0.4366089,1.0095198
4561,66.285774,0.0,82.12739,6.3027534,0.001102458,0.0,0.4267559,1.0095176
4562,70.64674,0.0,94.506966,6.302758,0.0007290974,0.0,0.40335125,1.0095153
4563,79.17457,0.0,83.83142,6.302756,0.00075055886,0.0,0.4364012,1.0095167
4564,68.10867,0.0,109.38823,6.3027563,0.0006672456,0.0,0.41102013,1.0095177
4565,70.387245,0.0,85.21248,6.30276,0.00047832433,0.0,0.44128713,1.0095185
4566,67.114235,0.0,63.551666,6.302763,0.0008108583,0.0,0.4529401,1.0095189
4567,133.86592,0.0,75.50986,6.3027654,0.0007953557,0.0,0.4528522,1.0095191
4568,74.70597,0.0,79.49287,6.3027663,0.0005872191,0.0,0.4423952,1.009521
4569,90.410194,0.0,92.65881,6.3027735,0.00066014775,0.0,0.41776818,1.0095224
4570,82.74367,0.0,90.250656,6.3027806,0.0006453906,0.0,0.44466668,1.0095233
4571,79.11533,0.0,74.78503,6.302788,0.0006388331,0.0,0.4513584,1.009524
4572,79.50461,0.0,78.35578,6.302798,0.0006236179,0.0,0.44325453,1.0095241
4573,67.30235,0.0,99.51224,6.3028,0.00076087925,0.0,0.41915828,1.009525
4574,65.761444,0.0,73.85564,6.302809,0.0007424513,0.0,0.44904074,1.0095255
4575,48.950413,0.0,70.70844,6.302815,0.0010103689,0.0,0.43167895,1.0095257
4576,73.39621,0.0,73.2344,6.3028235,0.0005768649,0.0,0.4636492,1.0095255
4577,76.61095,0.0,76.67252,6.302834,0.00063564186,0.0,0.42760321,1.0095253
4578,76.88337,0.0,85.98576,6.3028474,0.00078978296,0.0,0.42665523,1.0095247
4579,70.32202,0.0,77.869125,6.3028555,0.00059694273,0.0,0.41862938,1.0095212
4580,87.21071,0.0,76.462685,6.302863,0.00062629394,0.0,0.44433984,1.0095178
4581,71.60373,0.0,75.47897,6.3028708,0.0007816398,0.0,0.46410307,1.0095143
4582,76.31489,0.0,74.0645,6.302876,0.00047482568,0.0,0.43144822,1.0095114
4583,77.744286,0.0,72.90376,6.3028817,0.00081255625,0.0,0.4252205,1.0095085
4584,72.73126,0.0,102.314285,6.302886,0.0004998755,0.0,0.41767165,1.0095054
4585,65.71338,0.0,83.876045,6.3028884,0.000721442,0.0,0.44857454,1.0095025
4586,59.06148,0.0,83.6551,6.3028936,0.0007542513,0.0,0.4324221,1.0094985
4587,80.76283,0.0,82.49551,6.3028975,0.0004960992,0.0,0.40918073,1.0094955
4588,66.84458,0.0,85.74233,6.3029017,0.00078158255,0.0,0.47065735,1.0094926
4589,81.695816,0.0,74.0571,6.302912,0.0007485688,0.0,0.43095523,1.0094895
4590,73.14616,0.0,89.3852,6.3029227,0.0008142936,0.0,0.43823513,1.0094864
4591,81.243965,0.0,83.92521,6.3029356,0.0007428591,0.0,0.43458575,1.0094836
4592,83.03823,0.0,99.058365,6.3029475,0.00071171595,0.0,0.435188,1.0094806
4593,67.75349,0.0,100.47,6.3029633,0.0005945355,0.0,0.3829275,1.0094777
4594,72.81112,0.0,72.7694,6.30298,0.0007201842,0.0,0.41430146,1.0094749
4595,71.2926,0.0,108.54811,6.3029923,0.0004875307,0.0,0.42483863,1.0094723
4596,90.127655,0.0,99.13838,6.3030066,0.0006105607,0.0,0.49505568,1.0094694
4597,78.099884,0.0,96.02677,6.3030224,0.00076343975,0.0,0.4068315,1.0094666
4598,62.88666,0.0,88.50312,6.3030324,0.0009081463,0.0,0.43592042,1.0094641
4599,90.25361,0.0,84.926216,6.3030467,0.0004428227,0.0,0.427327,1.0094621
4600,69.34528,0.0,75.23851,6.3030605,0.0007846562,0.0,0.45958623,1.0094601
4601,75.64819,0.0,72.849205,6.3030753,0.00069501996,0.0,0.41699743,1.0094676
4602,73.04023,0.0,74.36943,6.303086,0.0005516048,0.0,0.44738913,1.0094754
4603,72.384995,0.0,79.5069,6.3030868,0.00066652335,0.0,0.47157538,1.0094819
4604,70.382484,0.0,62.717155,6.303087,0.00036906925,0.0,0.4185234,1.0094879
4605,82.18343,0.0,84.86529,6.3030896,0.00065632677,0.0,0.46971247,1.009493
4606,73.50605,0.0,100.631546,6.303095,0.000540389,0.0,0.42112193,1.0094975
4607,55.352173,0.0,99.41841,6.303104,0.0005538977,0.0,0.42406985,1.0094999
4608,74.59869,0.0,66.41172,6.3031073,0.0005152512,0.0,0.43027648,1.0095018
4609,74.35902,0.0,87.89753,6.3031125,0.0005705416,0.0,0.42233467,1.0095029
4610,63.29353,0.0,88.46219,6.3031225,0.000964514,0.0,0.4523215,1.009506
4611,75.55935,0.0,96.74987,6.30313,0.00069403945,0.0,0.45377597,1.0095112
4612,93.95514,0.0,91.686165,6.3031344,0.001293493,0.0,0.4160964,1.0095156
4613,69.41322,0.0,106.047226,6.303141,0.00078945066,0.0,0.4391572,1.0095198
4614,75.47064,0.0,125.72552,6.303144,0.0006528365,0.0,0.43464375,1.0095229
4615,103.81918,0.0,100.07734,6.303152,0.00070008426,0.0,0.41511163,1.0095258
4616,69.69881,0.0,79.19034,6.3031607,0.0004850381,0.0,0.43226716,1.0095282
4617,63.333115,0.0,77.20617,6.30317,0.0007990442,0.0,0.43852955,1.0095378
4618,73.83969,0.0,80.50901,6.30318,0.000505418,0.0,0.4241264,1.0095471
4619,52.799534,0.0,87.97915,6.303191,0.00088193186,0.0,0.4327454,1.0095553
4620,74.91153,0.0,77.68905,6.3032055,0.00079829566,0.0,0.44465888,1.0095627
4621,82.17326,0.0,88.98045,6.3032203,0.0005405125,0.0,0.42974386,1.0095693
4622,84.91779,0.0,71.82451,6.303234,0.0007555884,0.0,0.41088623,1.0095748
4623,66.835335,0.0,84.97589,6.303248,0.00086870545,0.0,0.4155576,1.0095797
4624,84.025,0.0,92.981575,6.3032637,0.00071172457,0.0,0.38366807,1.0095838
4625,76.61769,0.0,97.85495,6.3032775,0.00070251804,0.0,0.42128727,1.0095874
4626,81.9179,0.0,85.64415,6.303296,0.0005960729,0.0,0.44400203,1.0095925
4627,63.740723,0.0,77.176476,6.3033137,0.0010448929,0.0,0.4439028,1.009597
4628,78.9254,0.0,82.939804,6.30333,0.00087287696,0.0,0.44437432,1.0096008
4629,61.62767,0.0,85.43223,6.303342,0.0007437845,0.0,0.4236022,1.009604
4630,80.6137,0.0,90.62194,6.3033495,0.0009077337,0.0,0.42259735,1.0096067
4631,91.71478,0.0,97.900925,6.303351,0.00064119924,0.0,0.42271906,1.0096089
4632,78.92136,0.0,70.033806,6.3033476,0.0007011149,0.0,0.43795976,1.0096107
4633,69.58383,0.0,97.28208,6.303346,0.00060405914,0.0,0.4137847,1.009612
4634,69.59097,0.0,85.32458,6.303345,0.0011746621,0.0,0.43181026,1.009613
4635,88.36722,0.0,91.75472,6.303345,0.0007135384,0.0,0.3939417,1.0096136
4636,68.988495,0.0,85.28254,6.3033404,0.0007520864,0.0,0.4398738,1.009614
4637,74.88237,0.0,73.79384,6.3033414,0.0006455399,0.0,0.45451102,1.009614
4638,75.39951,0.0,94.27544,6.3033447,0.0008732548,0.0,0.40276742,1.0096177
4639,76.35873,0.0,77.22488,6.3033476,0.000887602,0.0,0.4604544,1.0096205
4640,84.145325,0.0,86.909805,6.303357,0.0006574346,0.0,0.43748853,1.0096232
4641,70.35632,0.0,72.02275,6.303364,0.00059249334,0.0,0.40652913,1.0096251
4642,62.374786,0.0,107.43088,6.3033724,0.0006670066,0.0,0.44981882,1.0096262
4643,54.069176,0.0,92.40239,6.3033795,0.0010513738,0.0,0.422181,1.0096266
4644,62.526505,0.0,83.12661,6.3033876,0.0007656989,0.0,0.46365032,1.0096234
4645,62.032356,0.0,100.896805,6.3033996,0.0006955035,0.0,0.42117223,1.0096202
4646,74.74173,0.0,58.95031,6.303411,0.0005558316,0.0,0.42693743,1.009617
4647,72.46201,0.0,82.155685,6.3034234,0.0006058872,0.0,0.46614307,1.0096141
4648,67.217125,0.0,89.600815,6.3034344,0.0007149754,0.0,0.44298872,1.009611
4649,65.00642,0.0,91.53089,6.3034425,0.0006135185,0.0,0.42092675,1.009608
4650,64.034424,0.0,91.79328,6.303456,0.0006698586,0.0,0.398076,1.0096053
4651,88.58351,0.0,94.042206,6.303469,0.0005522029,0.0,0.42201895,1.0096025
4652,76.23999,0.0,69.350655,6.303481,0.0005515025,0.0,0.41901192,1.0095998
4653,68.199936,0.0,81.82014,6.30349,0.0005416916,0.0,0.42346364,1.0095968
4654,69.36847,0.0,75.041214,6.303501,0.0010616696,0.0,0.4181534,1.0095937
4655,75.28053,0.0,82.682846,6.303513,0.0007108066,0.0,0.4537805,1.0095909
4656,80.56668,0.0,99.68279,6.303524,0.0009855633,0.0,0.43367648,1.0095896
4657,70.0207,0.0,119.6795,6.303536,0.0006934553,0.0,0.43156478,1.0095882
4658,71.58729,0.0,110.42423,6.303545,0.00089691085,0.0,0.47694597,1.0095868
4659,58.977318,0.0,94.63143,6.303546,0.00074854994,0.0,0.4353211,1.0095856
4660,73.76883,0.0,81.653694,6.303546,0.00086020137,0.0,0.4380352,1.0095844
4661,76.17109,0.0,103.50211,6.303543,0.0011237105,0.0,0.4108044,1.0095829
4662,71.75013,0.0,99.82541,6.3035407,0.0009794738,0.0,0.44638538,1.0095845
4663,67.528435,0.0,100.5234,6.3035407,0.001036626,0.0,0.42330438,1.009586
4664,102.94249,0.0,77.87302,6.303536,0.00044332477,0.0,0.4755296,1.0095862
4665,45.659275,0.0,66.55391,6.303537,0.00085083366,0.0,0.41331404,1.0095966
4666,84.23566,0.0,90.40842,6.3035383,0.0007154349,0.0,0.41832098,1.0096085
4667,73.798454,0.0,80.19375,6.3035398,0.0008901024,0.0,0.45782924,1.0096194
4668,66.04375,0.0,82.50504,6.3035417,0.0005999583,0.0,0.4276522,1.009629
4669,74.31719,0.0,77.721596,6.3035464,0.0006989815,0.0,0.407201,1.0096374
4670,72.42134,0.0,70.91403,6.303551,0.0007294078,0.0,0.4309911,1.0096447
4671,73.84562,0.0,71.45451,6.303552,0.00090066413,0.0,0.43555206,1.0096512
4672,98.63425,0.0,90.25929,6.303552,0.0009864371,0.0,0.4290551,1.0096575
4673,73.45932,0.0,76.50625,6.303552,0.0006206685,0.0,0.45111477,1.0096629
4674,63.740997,0.0,65.83421,6.3035517,0.00067838206,0.0,0.42454755,1.0096647
4675,64.14518,0.0,69.72844,6.3035536,0.0008402942,0.0,0.41990805,1.0096658
4676,64.603714,0.0,82.29868,6.3035593,0.00075490976,0.0,0.46094736,1.0096668
4677,59.463223,0.0,76.45239,6.3035674,0.0009792874,0.0,0.41728038,1.0096674
4678,84.56284,0.0,83.14746,6.30358,0.0006334631,0.0,0.42659968,1.0096679
4679,60.920467,0.0,85.499596,6.3035917,0.0008803021,0.0,0.4165392,1.009668
4680,81.072334,0.0,111.61403,6.3036065,0.0007454385,0.0,0.44382948,1.0096679
4681,71.330475,0.0,98.33556,6.3036194,0.00060957624,0.0,0.42223334,1.0096687
4682,62.95528,0.0,73.46393,6.3036323,0.00050967326,0.0,0.42934808,1.0096691
4683,72.934685,0.0,96.86851,6.3036466,0.0009913254,0.0,0.4560201,1.0096694
4684,71.862274,0.0,76.23868,6.3036547,0.00087173906,0.0,0.4215753,1.0096693
4685,70.62814,0.0,90.24473,6.3036695,0.00073941326,0.0,0.41215146,1.009669
4686,69.18398,0.0,84.91723,6.303687,0.00067777827,0.0,0.40966982,1.0096685
4687,76.24414,0.0,77.9909,6.3036995,0.0006347444,0.0,0.450607,1.0096676
4688,95.38517,0.0,96.10182,6.3037066,0.0008151561,0.0,0.46986502,1.0096658
4689,90.03426,0.0,75.53254,6.3037086,0.0007722221,0.0,0.43085966,1.0096649
4690,119.25595,0.0,95.16557,6.303711,0.0005205305,0.0,0.4345804,1.009664
4691,107.67749,0.0,94.19878,6.303716,0.00067954225,0.0,0.44683808,1.009663
4692,72.85319,0.0,81.314766,6.303724,0.00054552837,0.0,0.45288128,1.0096619
4693,72.467445,0.0,98.184166,6.30373,0.00063494494,0.0,0.49161205,1.0096608
4694,72.75391,0.0,87.8414,6.3037343,0.0008288432,0.0,0.4104442,1.0096596
4695,69.677666,0.0,71.72667,6.3037395,0.0006409117,0.0,0.43964118,1.0096583
4696,60.157322,0.0,90.21982,6.30375,0.0006081952,0.0,0.45073235,1.0096569
4697,92.38731,0.0,93.297066,6.3037586,0.000684935,0.0,0.45902,1.0096583
4698,70.78652,0.0,75.2602,6.3037677,0.00077693793,0.0,0.4682684,1.0096593
4699,87.59635,0.0,71.21019,6.3037786,0.00062529335,0.0,0.4004109,1.00966
4700,76.08776,0.0,85.31033,6.3037896,0.00085793587,0.0,0.40538344,1.0096605
4701,68.59863,0.0,99.076935,6.303801,0.0007687129,0.0,0.44333696,1.0096607
4702,78.3831,0.0,75.018906,6.3038135,0.0006551796,0.0,0.4482835,1.0096605
4703,77.566124,0.0,90.939125,6.303829,0.00063960114,0.0,0.46425027,1.0096656
4704,95.72334,0.0,74.1249,6.3038487,0.00072974,0.0,0.42886302,1.00967
4705,67.67995,0.0,71.72609,6.3038697,0.00087842334,0.0,0.3936616,1.0096736
4706,82.03059,0.0,92.08301,6.303894,0.000759009,0.0,0.46349317,1.0096767
4707,63.753963,0.0,91.52714,6.3039145,0.00081663625,0.0,0.44760323,1.0096793
4708,71.32293,0.0,78.8216,6.3039317,0.00086272776,0.0,0.46349892,1.0096812
4709,93.57426,0.0,98.6601,6.3039474,0.0006962572,0.0,0.40449306,1.009683
4710,91.04139,0.0,79.98384,6.30396,0.0006742901,0.0,0.4374319,1.0096842
4711,66.79444,0.0,81.59603,6.3039703,0.0006656492,0.0,0.43979752,1.0096852
4712,71.14898,0.0,80.504105,6.3039813,0.0007491732,0.0,0.4570125,1.0096856
4713,74.32014,0.0,95.78627,6.303994,0.0005985044,0.0,0.4206856,1.0096859
4714,71.65151,0.0,102.796616,6.3040085,0.0006049403,0.0,0.41486228,1.0096859
4715,80.3813,0.0,72.93184,6.304024,0.00088753103,0.0,0.42050904,1.0096859
4716,68.82984,0.0,84.873566,6.304039,0.00069284474,0.0,0.42835948,1.0096849
4717,73.50883,0.0,92.87209,6.3040485,0.0008634906,0.0,0.45284888,1.0096843
4718,71.85274,0.0,96.75151,6.304058,0.00076706253,0.0,0.40681836,1.0096903
4719,71.20265,0.0,91.74899,6.3040643,0.00086424913,0.0,0.41776818,1.0096958
4720,97.944244,0.0,94.97488,6.304078,0.0005215428,0.0,0.4486619,1.0097004
4721,72.230934,0.0,79.09982,6.304085,0.0006905452,0.0,0.48498878,1.0097048
4722,82.73985,0.0,78.24619,6.3040924,0.0008837643,0.0,0.43451965,1.0097086
4723,65.21338,0.0,95.582924,6.304099,0.0006454934,0.0,0.42945844,1.0097121
4724,50.40341,0.0,95.211655,6.304106,0.00064765214,0.0,0.4141489,1.00972
4725,71.37626,0.0,91.7743,6.304118,0.0006031304,0.0,0.44326782,1.009727
4726,66.550224,0.0,81.939964,6.3041277,0.00074648595,0.0,0.46353945,1.0097336
4727,53.390472,0.0,66.551125,6.304141,0.00057915266,0.0,0.436693,1.0097393
4728,61.45963,0.0,91.85593,6.304162,0.00078090717,0.0,0.44411677,1.0097442
4729,88.56269,0.0,93.02573,6.304185,0.0006555654,0.0,0.44082308,1.0097483
4730,108.68309,0.0,77.07936,6.3042064,0.0006967119,0.0,0.40231913,1.0097586
4731,62.33759,0.0,86.322334,6.3042293,0.00059889106,0.0,0.4495369,1.0097677
4732,59.71812,0.0,89.81038,6.3042493,0.00052362913,0.0,0.39641184,1.0097866
4733,70.15231,0.0,117.743866,6.3042717,0.0005258064,0.0,0.445235,1.0098035
4734,68.063194,0.0,104.708885,6.3042946,0.0006048948,0.0,0.42872465,1.0098184
4735,92.37331,0.0,75.28471,6.304317,0.0005778426,0.0,0.429847,1.0098318
4736,85.52168,0.0,82.40977,6.3043323,0.0006747422,0.0,0.4364241,1.0098433
4737,81.54027,0.0,91.364075,6.3043394,0.00058366236,0.0,0.46991807,1.009854
4738,72.53068,0.0,97.914536,6.3043404,0.0004582285,0.0,0.45098615,1.0098631
4739,77.485985,0.0,90.75671,6.304339,0.0006761339,0.0,0.40624675,1.0098711
4740,66.721725,0.0,82.552536,6.3043346,0.000571313,0.0,0.4509015,1.009878
4741,74.49948,0.0,73.31016,6.3043303,0.0004716902,0.0,0.41832918,1.0098842
4742,64.166756,0.0,86.17205,6.3043227,0.00074976677,0.0,0.48366714,1.0098894
4743,75.21694,0.0,71.33639,6.3043118,0.000687052,0.0,0.46889862,1.0098938
4744,74.0681,0.0,101.28929,6.304309,0.0006028261,0.0,0.44491467,1.0098975
4745,109.304436,0.0,95.760445,6.3043084,0.00056088006,0.0,0.4272847,1.0099006
4746,63.719482,0.0,74.17081,6.304311,0.0006007758,0.0,0.42424053,1.009903
4747,66.28053,0.0,90.34724,6.304316,0.0008446497,0.0,0.42927623,1.0099055
4748,70.84638,0.0,86.85204,6.3043303,0.00083214877,0.0,0.43688077,1.0099078
4749,78.069565,0.0,104.10138,6.3043456,0.0007557156,0.0,0.4597734,1.0099097
4750,76.72009,0.0,78.93939,6.304365,0.00059613946,0.0,0.47925502,1.0099186
4751,86.95735,0.0,84.47435,6.3043823,0.0005934052,0.0,0.45518202,1.009929
4752,66.44518,0.0,88.47699,6.304396,0.0009061133,0.0,0.44582176,1.0099382
4753,61.31008,0.0,93.262085,6.3044105,0.000704966,0.0,0.4530438,1.0099463
4754,63.34073,0.0,96.47401,6.304423,0.0004923617,0.0,0.45680892,1.0099535
4755,68.83789,0.0,87.368454,6.3044324,0.0005986906,0.0,0.42405316,1.0099597
4756,66.53526,0.0,93.843704,6.304441,0.00081246387,0.0,0.39192638,1.0099652
4757,75.051704,0.0,81.834595,6.304447,0.0008840151,0.0,0.46735772,1.0099713
4758,79.13976,0.0,98.353516,6.304451,0.00094394654,0.0,0.44378257,1.0099766
4759,72.28081,0.0,84.56178,6.30446,0.0005057859,0.0,0.49062344,1.0100183
4760,66.904366,0.0,68.80598,6.304464,0.00073039037,0.0,0.43785453,1.010056
4761,86.45431,0.0,66.57131,6.304465,0.00049727916,0.0,0.4464168,1.0100896
4762,63.069294,0.0,78.12398,6.3044624,0.00056831946,0.0,0.4398783,1.01012
4763,100.2872,0.0,90.38732,6.3044634,0.00044182825,0.0,0.42905283,1.0101476
4764,76.53276,0.0,72.71842,6.3044643,0.00065622176,0.0,0.45601958,1.0101721
4765,62.277256,0.0,108.6412,6.3044615,0.00073279743,0.0,0.4188463,1.010194
4766,62.963818,0.0,72.21908,6.304458,0.00062997034,0.0,0.41123843,1.0102115
4767,81.10273,0.0,81.0347,6.3044553,0.00056202954,0.0,0.44065616,1.0102383
4768,74.583206,0.0,87.276794,6.304452,0.0007999344,0.0,0.43461046,1.0102623
4769,75.12672,0.0,66.147835,6.304449,0.00064212945,0.0,0.42681763,1.0102837
4770,68.59455,0.0,95.26169,6.304447,0.0007461746,0.0,0.45308822,1.0103029
4771,61.999786,0.0,77.57106,6.3044415,0.00047598488,0.0,0.46493256,1.01032
4772,75.11219,0.0,95.03551,6.3044357,0.00072717824,0.0,0.44422996,1.0103353
4773,71.59195,0.0,96.474236,6.304439,0.0008720942,0.0,0.46430477,1.0103489
4774,65.59877,0.0,83.23603,6.304449,0.00048642053,0.0,0.44084758,1.010361
4775,71.25931,0.0,73.00889,6.304463,0.0005672429,0.0,0.43000668,1.0103714
4776,83.01508,0.0,62.83584,6.3044763,0.00067213585,0.0,0.43815136,1.010386
4777,90.21649,0.0,80.32225,6.304493,0.00048042455,0.0,0.41437,1.010399
4778,80.903534,0.0,76.2375,6.304515,0.00064735924,0.0,0.38161945,1.0104103
4779,82.01102,0.0,86.783165,6.3045397,0.0009050879,0.0,0.45501682,1.0104204
4780,70.832924,0.0,99.50428,6.3045645,0.0009395207,0.0,0.48068938,1.0104291
4781,58.66004,0.0,92.408806,6.3045883,0.0005138365,0.0,0.42532533,1.0104349
4782,81.31362,0.0,74.29845,6.304609,0.0007655402,0.0,0.44729683,1.01044
4783,76.311,0.0,80.23063,6.304628,0.00079818536,0.0,0.42505392,1.0104443
4784,72.996414,0.0,91.57137,6.304647,0.00071507064,0.0,0.42076787,1.010448
4785,62.77315,0.0,77.43239,6.304668,0.00086944964,0.0,0.43502745,1.0104526
4786,72.49011,0.0,82.74511,6.304683,0.00054717646,0.0,0.44153628,1.0104563
4787,87.246506,0.0,91.73663,6.304696,0.00065359444,0.0,0.47581536,1.0104597
4788,72.77104,0.0,97.60227,6.3047085,0.0005778232,0.0,0.44448936,1.0104623
4789,75.029366,0.0,70.07928,6.3047214,0.0005671971,0.0,0.40629357,1.0104647
4790,68.0839,0.0,75.6258,6.304737,0.0005014022,0.0,0.4505794,1.0104663
4791,69.78764,0.0,82.516754,6.304752,0.0004147428,0.0,0.40887356,1.0104676
4792,71.150635,0.0,90.16133,6.3047647,0.0007593378,0.0,0.4370768,1.0104686
4793,73.36603,0.0,95.61253,6.3047776,0.00064376247,0.0,0.47324106,1.0104691
4794,62.778263,0.0,86.8604,6.3047915,0.00068279606,0.0,0.41330278,1.0104694
4795,78.797165,0.0,88.186966,6.304805,0.00082619616,0.0,0.45332295,1.0104693
4796,64.34751,0.0,71.57558,6.3048186,0.00059369626,0.0,0.4774701,1.0104692
4797,62.54233,0.0,74.52576,6.304832,0.0006036421,0.0,0.42191124,1.0104675
4798,67.58686,0.0,81.94682,6.304843,0.000950707,0.0,0.44682488,1.010466
4799,75.73005,0.0,92.99803,6.304853,0.00071111147,0.0,0.4323653,1.0104723
4800,81.05893,0.0,75.47044,6.3048635,0.0008806051,0.0,0.40950084,1.0104804
4801,76.49212,0.0,79.84913,6.3048763,0.00062214944,0.0,0.4054677,1.0104893
4802,84.00436,0.0,91.8372,6.3048906,0.0009314061,0.0,0.43588385,1.0104973
4803,63.50979,0.0,84.69062,6.3049088,0.0007093702,0.0,0.44641945,1.010504
4804,67.086716,0.0,85.8273,6.304926,0.00047099352,0.0,0.43435687,1.0105101
4805,78.00585,0.0,80.20703,6.304939,0.0007358664,0.0,0.41556048,1.0105151
4806,66.97639,0.0,93.45327,6.3049436,0.00088027696,0.0,0.45286435,1.0105186
4807,57.22533,0.0,97.30186,6.3049364,0.00061232527,0.0,0.41781127,1.0105214
4808,51.468212,0.0,75.98578,6.3049235,0.0009356977,0.0,0.45878756,1.0105237
4809,104.17511,0.0,68.8071,6.3049054,0.00080880325,0.0,0.4021352,1.0105255
4810,87.393776,0.0,85.73745,6.3048854,0.0008947499,0.0,0.42426333,1.010527
4811,84.14049,0.0,91.525375,6.3048687,0.0008798316,0.0,0.44881904,1.0105532
4812,77.96804,0.0,118.57189,6.3048577,0.0008037532,0.0,0.46120954,1.0105768
4813,69.90888,0.0,135.39781,6.3048477,0.00057901925,0.0,0.42141646,1.010598
4814,95.04969,0.0,83.0938,6.3048406,0.00077475805,0.0,0.4196915,1.0106169
4815,55.886093,0.0,68.615166,6.3048368,0.0006881395,0.0,0.48123908,1.0106337
4816,71.24816,0.0,76.92114,6.30484,0.00059275975,0.0,0.41125727,1.0106486
4817,65.85886,0.0,77.14778,6.304847,0.00067987933,0.0,0.42277536,1.0106618
4818,97.599106,0.0,72.73265,6.3048553,0.0006626264,0.0,0.4425498,1.0106739
4819,82.90302,0.0,105.7592,6.304861,0.0005950708,0.0,0.45155737,1.0106846
4820,72.20051,0.0,101.37718,6.3048677,0.0006895695,0.0,0.42138624,1.0106939
4821,77.96081,0.0,78.220314,6.304876,0.0007799018,0.0,0.44533485,1.0107018
4822,68.62855,0.0,82.24279,6.3048816,0.00071878254,0.0,0.38875923,1.0107116
4823,75.74329,0.0,79.31657,6.3048825,0.00091719243,0.0,0.40793186,1.01072
4824,72.78277,0.0,78.43042,6.304883,0.0007395879,0.0,0.42780888,1.0107282
4825,57.725327,0.0,63.55865,6.304888,0.0007156441,0.0,0.4360134,1.0107356
4826,73.09261,0.0,98.281555,6.304895,0.00047748972,0.0,0.42631406,1.0107417
4827,80.33582,0.0,80.64945,6.3049006,0.00074334163,0.0,0.4242509,1.010747
4828,62.446312,0.0,82.55858,6.3049088,0.00066361827,0.0,0.4386378,1.0107529
4829,74.9354,0.0,91.784996,6.304912,0.00037532026,0.0,0.42324027,1.010758
4830,69.67344,0.0,85.64349,6.3049145,0.00085179997,0.0,0.4266649,1.0107626
4831,81.36201,0.0,89.68745,6.3049154,0.00081269274,0.0,0.43025464,1.0107661
4832,65.556114,0.0,107.32086,6.3049126,0.0009916767,0.0,0.41611332,1.0107695
4833,79.03853,0.0,71.78184,6.304912,0.00061728695,0.0,0.45902345,1.0107719
4834,82.6758,0.0,76.22889,6.304914,0.000610651,0.0,0.43523645,1.010774
4835,98.96953,0.0,85.211624,6.3049164,0.000708194,0.0,0.4064722,1.0107757
4836,71.39151,0.0,99.93753,6.304918,0.00052344607,0.0,0.4496058,1.0107769
4837,93.83308,0.0,84.65895,6.30492,0.0005349902,0.0,0.4493739,1.010778
4838,78.99785,0.0,75.27963,6.304924,0.00057455816,0.0,0.43748945,1.0107785
4839,76.559395,0.0,84.086754,6.3049245,0.0005159986,0.0,0.39990327,1.0107789
4840,82.51999,0.0,87.59217,6.3049245,0.0006057501,0.0,0.4435814,1.0107789
4841,70.11525,0.0,90.70676,6.304929,0.00063253037,0.0,0.4095913,1.0107785
4842,91.09958,0.0,107.96666,6.304938,0.00052738737,0.0,0.44368586,1.0107781
4843,68.9917,0.0,78.74677,6.304944,0.0005762622,0.0,0.4278345,1.0107775
4844,60.64869,0.0,99.53596,6.3049517,0.0008097993,0.0,0.42220598,1.0107893
4845,101.22428,0.0,94.51314,6.3049626,0.0006752502,0.0,0.4454344,1.0107995
4846,61.121037,0.0,66.94669,6.3049803,0.0006616841,0.0,0.4623623,1.0108085
4847,72.57195,0.0,87.85437,6.3049927,0.0005580427,0.0,0.4278819,1.0108165
4848,71.624954,0.0,79.40706,6.3050013,0.0006544759,0.0,0.45263928,1.0108252
4849,71.2998,0.0,84.62427,6.3050113,0.00048355776,0.0,0.47831398,1.0108325
4850,73.92397,0.0,89.369026,6.3050213,0.00070475205,0.0,0.44341487,1.010839
4851,66.770454,0.0,93.4294,6.3050327,0.0005550665,0.0,0.4312175,1.0108446
4852,82.48455,0.0,83.427635,6.3050404,0.000544254,0.0,0.4276712,1.0108507
4853,60.63636,0.0,92.01118,6.3050504,0.0004624487,0.0,0.39181775,1.0108557
4854,84.70245,0.0,84.38278,6.3050656,0.00051597896,0.0,0.47988495,1.0108559
4855,75.650185,0.0,85.66876,6.3050766,0.000612616,0.0,0.45917472,1.0108558
4856,62.79363,0.0,92.39466,6.3050838,0.0008544952,0.0,0.42286,1.0108554
4857,75.00534,0.0,84.62928,6.305085,0.00043560425,0.0,0.4433251,1.010855
4858,69.19626,0.0,81.531166,6.305094,0.00050383236,0.0,0.41476008,1.0108544
4859,73.84557,0.0,83.555855,6.3051014,0.00062287314,0.0,0.43745172,1.0108535
4860,68.68428,0.0,71.47951,6.305108,0.00046068453,0.0,0.42183408,1.0108526
4861,79.412735,0.0,78.181625,6.3051195,0.00075120665,0.0,0.4444824,1.0108514
4862,81.86419,0.0,74.42031,6.305131,0.0005780294,0.0,0.45669985,1.0108501
4863,81.67241,0.0,85.825264,6.30514,0.00062716287,0.0,0.4096105,1.0108484
4864,71.3702,0.0,90.16978,6.305146,0.0007611116,0.0,0.42183656,1.0108467
4865,95.718636,0.0,81.41095,6.3051524,0.00071413367,0.0,0.43033284,1.0108448
4866,63.74885,0.0,116.862144,6.3051553,0.00056942867,0.0,0.43263873,1.0108432
4867,78.75385,0.0,91.43836,6.305161,0.0005319124,0.0,0.4197554,1.0108414
4868,104.921074,0.0,79.27684,6.305163,0.00082651566,0.0,0.45756894,1.0108392
4869,58.94315,0.0,82.950424,6.3051667,0.0005692025,0.0,0.41312933,1.0108341
4870,74.66089,0.0,98.558174,6.3051667,0.00066764606,0.0,0.4392713,1.0108291
4871,59.21408,0.0,95.27815,6.3051677,0.0008516824,0.0,0.43616813,1.0108244
4872,78.76953,0.0,104.37001,6.3051715,0.0005358169,0.0,0.41229293,1.0108202
4873,79.75908,0.0,81.19997,6.3051705,0.0006436558,0.0,0.43199754,1.0108159
4874,69.41984,0.0,90.64246,6.3051705,0.0010196066,0.0,0.42965484,1.0108118
4875,85.419495,0.0,71.31299,6.3051786,0.0005459818,0.0,0.4380252,1.0108112
4876,80.17575,0.0,85.8742,6.3051863,0.0005536282,0.0,0.4217552,1.0108106
4877,86.68385,0.0,84.71382,6.30519,0.00067860633,0.0,0.45528612,1.0108097
4878,74.06382,0.0,88.147804,6.305201,0.0005465342,0.0,0.39442998,1.0108088
4879,86.276024,0.0,80.891045,6.3052154,0.0006496626,0.0,0.43617663,1.0108081
4880,69.784065,0.0,90.6114,6.3052354,0.0006066686,0.0,0.4152058,1.0108072
4881,83.8374,0.0,86.89726,6.3052616,0.0006304018,0.0,0.44,1.0108066
4882,89.69513,0.0,98.54036,6.3052897,0.0006841379,0.0,0.40646952,1.010806
4883,79.43524,0.0,76.154526,6.30532,0.00062691077,0.0,0.46350592,1.0108047
4884,87.26464,0.0,83.40861,6.3053455,0.00046775665,0.0,0.45576853,1.0108043
4885,71.90822,0.0,90.53449,6.3053703,0.00078342133,0.0,0.4320295,1.0108037
4886,78.348206,0.0,79.09266,6.305391,0.00074657623,0.0,0.4462372,1.0108031
4887,72.25942,0.0,90.22441,6.3054132,0.0005710222,0.0,0.47136912,1.0108023
4888,87.439186,0.0,86.46911,6.3054366,0.0005422041,0.0,0.4455287,1.0108012
4889,66.9617,0.0,94.44222,6.305455,0.00057636475,0.0,0.41801995,1.0108
4890,83.66691,0.0,88.22144,6.3054705,0.0008440007,0.0,0.42183918,1.0107988
4891,81.60313,0.0,77.76855,6.3054786,0.00081832067,0.0,0.43423814,1.0107989
4892,103.60705,0.0,70.13813,6.305486,0.0005266621,0.0,0.47857112,1.010799
4893,66.90717,0.0,84.124596,6.305488,0.0007448701,0.0,0.41538155,1.0107985
4894,69.34203,0.0,90.89719,6.305484,0.00064936583,0.0,0.41825587,1.0107988
4895,78.09013,0.0,108.264206,6.30548,0.00067741255,0.0,0.43037128,1.0107988
4896,77.55565,0.0,94.786316,6.3054805,0.0005539496,0.0,0.41365337,1.010798
4897,79.72385,0.0,76.70623,6.3054776,0.0004682301,0.0,0.44787854,1.010797
4898,75.84428,0.0,91.11559,6.305477,0.000853184,0.0,0.45082363,1.010796
4899,75.461845,0.0,94.68352,6.3054795,0.0006937472,0.0,0.4403788,1.0107948
4900,74.71976,0.0,85.823,6.305485,0.00046984944,0.0,0.4264916,1.0107926
4901,69.64555,0.0,86.949005,6.3054905,0.00049939106,0.0,0.4340472,1.0107907
4902,82.41408,0.0,89.97391,6.305494,0.0013602617,0.0,0.4327591,1.0107886
4903,84.45258,0.0,91.28798,6.3055024,0.00071371987,0.0,0.41166502,1.0107863
4904,80.097725,0.0,98.69556,6.3055096,0.00081331347,0.0,0.42742276,1.0107799
4905,68.85226,0.0,76.279465,6.305523,0.0010592212,0.0,0.43852067,1.0107744
4906,60.369938,0.0,83.24287,6.305533,0.0009297777,0.0,0.4657697,1.0107691
4907,72.47441,0.0,84.027565,6.305543,0.00077620934,0.0,0.40046573,1.0107642
4908,115.016594,0.0,85.0666,6.3055515,0.00066345406,0.0,0.425639,1.0107597
4909,85.36637,0.0,79.895805,6.305564,0.0006235022,0.0,0.45243472,1.010755
4910,72.95816,0.0,86.62062,6.3055763,0.0006457765,0.0,0.42614716,1.0107503
4911,86.99447,0.0,63.354393,6.305589,0.0006263621,0.0,0.4617623,1.010746
4912,72.16206,0.0,60.62522,6.305599,0.0008657572,0.0,0.42315072,1.010742
4913,86.31409,0.0,107.63818,6.305607,0.00050588534,0.0,0.41982436,1.0107381
4914,104.18774,0.0,81.64619,6.3056097,0.0005926207,0.0,0.43532142,1.010741
4915,61.39415,0.0,76.82264,6.3056173,0.0005735714,0.0,0.41829163,1.0107435
4916,85.109924,0.0,75.74808,6.3056264,0.0006411936,0.0,0.45424208,1.0107455
4917,73.2435,0.0,129.35426,6.3056374,0.0005969907,0.0,0.436329,1.0107473
4918,84.61267,0.0,79.796165,6.305652,0.0007294572,0.0,0.4207756,1.0107489
4919,73.9864,0.0,82.32624,6.305663,0.00096601143,0.0,0.4359851,1.0107499
4920,78.82339,0.0,76.329636,6.305669,0.0006100627,0.0,0.41056022,1.0107509
4921,78.37513,0.0,82.64167,6.3056746,0.00081766135,0.0,0.43151173,1.0107512
4922,74.14495,0.0,90.986145,6.305674,0.00066095515,0.0,0.44210482,1.0107515
4923,62.013638,0.0,76.11449,6.305678,0.00061584933,0.0,0.44805974,1.0107515
4924,97.26823,0.0,86.051285,6.3056803,0.000670452,0.0,0.43430814,1.0107512
4925,86.22946,0.0,83.86738,6.3056803,0.0007948794,0.0,0.45520744,1.0107509
4926,70.65669,0.0,81.52155,6.3056817,0.0006423724,0.0,0.44671196,1.0107502
4927,71.16761,0.0,78.09621,6.3056846,0.00062470895,0.0,0.43202442,1.0107493
4928,81.47655,0.0,78.71595,6.3056903,0.00069913844,0.0,0.429293,1.010748
4929,64.06499,0.0,95.2034,6.3056946,0.00060728466,0.0,0.42393193,1.0107464
4930,60.22553,0.0,78.66503,6.305701,0.0008050058,0.0,0.45146483,1.0107456
4931,74.83261,0.0,78.79927,6.305705,0.0006789327,0.0,0.4349848,1.0107448
4932,72.71583,0.0,93.73523,6.305705,0.0009881564,0.0,0.40169758,1.0107434
4933,72.09368,0.0,72.11735,6.3057003,0.0006616502,0.0,0.4134775,1.010742
4934,83.51191,0.0,91.020004,6.3056974,0.00056784076,0.0,0.41755828,1.0107406
4935,78.052345,0.0,92.80081,6.3056903,0.00063715933,0.0,0.41897425,1.0107392
4936,73.049835,0.0,77.354675,6.305683,0.0007495625,0.0,0.44493932,1.0107377
4937,57.00205,0.0,89.816505,6.3056717,0.00065302127,0.0,0.39847326,1.0107391
4938,63.93296,0.0,78.372955,6.305665,0.00065063057,0.0,0.4314303,1.0107388
4939,95.446,0.0,83.717255,6.305657,0.00085422245,0.0,0.4217907,1.010738
4940,68.94544,0.0,99.68964,6.3056483,0.000889332,0.0,0.45046234,1.0107371
4941,90.748085,0.0,73.7994,6.305647,0.00066118006,0.0,0.4120686,1.0107359
4942,65.40656,0.0,64.2284,6.3056464,0.0004907829,0.0,0.42973313,1.0107347
4943,65.669754,0.0,93.15086,6.305645,0.0006460061,0.0,0.46016988,1.0107331
4944,69.82709,0.0,91.54178,6.3056507,0.0007281576,0.0,0.42752165,1.0107317
4945,102.797356,0.0,77.22341,6.305665,0.0006990709,0.0,0.3886889,1.0107301
4946,58.231396,0.0,90.88239,6.305677,0.00066370866,0.0,0.4188293,1.0107285
4947,83.320435,0.0,80.60488,6.305683,0.00068615575,0.0,0.420475,1.0107267
4948,58.56831,0.0,70.45466,6.3056884,0.0007684842,0.0,0.41964433,1.0107248
4949,79.404785,0.0,78.29716,6.3056955,0.00082053186,0.0,0.44457698,1.010723
4950,64.7286,0.0,79.190544,6.3057117,0.0006556764,0.0,0.41974935,1.010719
4951,57.29821,0.0,103.668526,6.305732,0.00064670085,0.0,0.4031591,1.0107149
4952,70.43956,0.0,76.10833,6.3057537,0.0009867349,0.0,0.44719565,1.0107112
4953,77.96947,0.0,90.67321,6.3057766,0.00089712813,0.0,0.4338069,1.0107073
4954,81.89629,0.0,68.6386,6.3057957,0.00057226745,0.0,0.44376534,1.0107039
4955,74.56385,0.0,88.319984,6.305811,0.00054666767,0.0,0.4310797,1.0107003
4956,81.516014,0.0,76.40695,6.3058267,0.00066924584,0.0,0.42724308,1.0106971
4957,73.33582,0.0,84.159195,6.305844,0.0008290423,0.0,0.4598963,1.0106938
4958,71.67419,0.0,79.90088,6.305862,0.0007105187,0.0,0.4323274,1.0106907
4959,71.33206,0.0,72.542305,6.3058796,0.00062964624,0.0,0.4210937,1.0106875
4960,106.75849,0.0,73.330284,6.3058915,0.0005588107,0.0,0.3856431,1.010683
4961,101.478516,0.0,92.82223,6.305902,0.0006125262,0.0,0.43094742,1.0106786
4962,68.7749,0.0,82.45741,6.3059115,0.0006555469,0.0,0.4245164,1.0106746
4963,61.180054,0.0,84.42752,6.3059154,0.0005858314,0.0,0.43249568,1.010684
4964,73.77162,0.0,70.65983,6.3059225,0.0005526546,0.0,0.40349233,1.0106925
4965,80.90792,0.0,68.90215,6.3059297,0.00078110764,0.0,0.42252097,1.0107
4966,77.91094,0.0,94.8671,6.30594,0.0005860451,0.0,0.46496361,1.0107062
4967,53.741085,0.0,90.74669,6.305954,0.00058981206,0.0,0.4204023,1.0107119
4968,60.792812,0.0,70.72567,6.3059673,0.0006424576,0.0,0.4379235,1.0107168
4969,66.50319,0.0,91.9363,6.305978,0.0007413055,0.0,0.43908796,1.010721
4970,72.019684,0.0,82.60735,6.305984,0.00059056986,0.0,0.46190965,1.0107274
4971,68.29211,0.0,74.15288,6.3059926,0.0004890248,0.0,0.46254563,1.0107329
4972,85.57514,0.0,88.83421,6.306001,0.00052881957,0.0,0.39059374,1.0107378
4973,78.39747,0.0,81.115524,6.3060064,0.00079320534,0.0,0.4290832,1.010742
4974,63.333397,0.0,84.34624,6.3060155,0.0004967232,0.0,0.39981604,1.0107456
4975,78.61504,0.0,96.568214,6.3060255,0.00058870926,0.0,0.4475584,1.0107487
4976,67.8647,0.0,81.36374,6.3060308,0.0008443398,0.0,0.41439098,1.0107512
4977,75.44013,0.0,87.444435,6.3060336,0.00056516496,0.0,0.4121252,1.0107533
4978,85.5224,0.0,100.236946,6.306035,0.00063422427,0.0,0.460921,1.010755
4979,68.45185,0.0,71.41483,6.3060403,0.00065446127,0.0,0.4520321,1.0107561
4980,65.026924,0.0,80.47895,6.3060493,0.00052236393,0.0,0.39762065,1.010757
4981,73.95974,0.0,84.393524,6.306058,0.0006886534,0.0,0.42051932,1.0107571
4982,70.60987,0.0,77.976265,6.306064,0.0007233284,0.0,0.42415136,1.0107571
4983,77.609116,0.0,92.04521,6.306077,0.00076226145,0.0,0.4267187,1.0107569
4984,76.73248,0.0,90.25645,6.306086,0.00083763356,0.0,0.4478291,1.0107565
4985,76.14924,0.0,77.47683,6.306099,0.0005444847,0.0,0.4458817,1.0107557
4986,66.28617,0.0,75.12878,6.3061094,0.0005007218,0.0,0.39333618,1.0107541
4987,77.6189,0.0,87.8338,6.306119,0.0007703171,0.0,0.43046647,1.0107526
4988,82.31061,0.0,90.33752,6.3061314,0.000624508,0.0,0.43756485,1.0107509
4989,73.68706,0.0,86.52799,6.306142,0.00067999994,0.0,0.407511,1.0107491
4990,62.523228,0.0,100.457504,6.306154,0.00085767393,0.0,0.4021469,1.0107473
4991,78.34689,0.0,100.32515,6.3061647,0.00070565933,0.0,0.43071032,1.0107455
4992,47.987694,0.0,102.86815,6.3061814,0.0006816712,0.0,0.41428027,1.0107435
4993,85.5151,0.0,73.447174,6.306197,0.0007971884,0.0,0.4616936,1.0107416
4994,74.70649,0.0,101.292984,6.306217,0.0007743584,0.0,0.43472046,1.0107396
4995,68.586555,0.0,91.72826,6.3062377,0.000752892,0.0,0.44769058,1.0107375
4996,82.66202,0.0,96.60281,6.3062544,0.00070999144,0.0,0.42846867,1.0107355
4997,82.178856,0.0,95.423035,6.3062706,0.00062849734,0.0,0.4108604,1.0107334
4998,101.92363,0.0,79.1527,6.306289,0.0007960446,0.0,0.4528392,1.0107312
4999,80.09938,0.0,78.757256,6.306306,0.00076155516,0.0,0.398472,1.0107301
5000,84.08361,0.0,87.89752,6.3063245,0.0009049494,0.0,0.4833096,1.010729
5001,64.231636,0.0,100.07563,6.3063354,0.00060792465,0.0,0.46222305,1.0107278
5002,78.96605,0.0,80.00719,6.3063455,0.00074560195,0.0,0.45337313,1.0107265
5003,89.35471,0.0,90.738716,6.306352,0.0007654943,0.0,0.46202847,1.010725
5004,80.40302,0.0,99.26185,6.3063593,0.00058883766,0.0,0.43980965,1.0107229
5005,82.504524,0.0,83.589905,6.3063674,0.00059292826,0.0,0.437857,1.0107211
5006,103.48384,0.0,88.345825,6.3063774,0.00053642853,0.0,0.4473791,1.0107188
5007,95.6104,0.0,76.08541,6.3063855,0.00056901434,0.0,0.43359947,1.0107169
5008,57.261646,0.0,74.613815,6.306396,0.0010478708,0.0,0.38519394,1.0107148
5009,69.90415,0.0,93.171875,6.306407,0.0006407818,0.0,0.4339217,1.0107102
5010,93.45846,0.0,89.76444,6.306416,0.0005750166,0.0,0.45127076,1.010706
5011,68.107925,0.0,86.94707,6.30642,0.00078584696,0.0,0.3689778,1.0107021
5012,64.13241,0.0,90.52403,6.3064284,0.00045461266,0.0,0.442739,1.0106984
5013,62.93723,0.0,98.237236,6.3064394,0.0007174782,0.0,0.3951108,1.0106947
5014,71.33137,0.0,95.312416,6.3064446,0.0007136133,0.0,0.4461174,1.0106913
5015,66.878876,0.0,91.763535,6.3064485,0.00052806095,0.0,0.42103633,1.0106921
5016,62.84449,0.0,92.29993,6.306448,0.0008465543,0.0,0.43949553,1.0106928
5017,73.485214,0.0,80.81443,6.306452,0.0007294187,0.0,0.40121526,1.0106931
5018,73.12471,0.0,106.901695,6.3064537,0.0007585971,0.0,0.3959491,1.0106933
5019,61.636475,0.0,103.37272,6.3064513,0.0008695865,0.0,0.4463043,1.0106932
5020,72.8542,0.0,92.302795,6.3064528,0.00076819444,0.0,0.41154498,1.0106927
5021,76.13093,0.0,89.34928,6.30646,0.00058999815,0.0,0.4345921,1.0106922
5022,79.79818,0.0,72.31695,6.3064623,0.0006926572,0.0,0.4379023,1.0106914
5023,65.7381,0.0,96.34928,6.306469,0.000496289,0.0,0.41331702,1.0106903
5024,61.143654,0.0,82.636215,6.3064747,0.00064819184,0.0,0.43745393,1.0106893
5025,58.279396,0.0,96.7419,6.30648,0.0007601251,0.0,0.4021035,1.0106882
5026,71.40665,0.0,86.27725,6.3064866,0.0007153762,0.0,0.41888258,1.010687
5027,65.137665,0.0,74.849945,6.306492,0.0006491885,0.0,0.43271336,1.0106857
5028,71.56981,0.0,95.28972,6.3064985,0.00061616197,0.0,0.4406144,1.010684
5029,92.03227,0.0,72.03049,6.306511,0.00045173982,0.0,0.4086295,1.0106825
5030,88.46844,0.0,86.68159,6.3065267,0.00043724242,0.0,0.46924633,1.0106808
5031,67.22873,0.0,94.582275,6.3065405,0.00065519894,0.0,0.43097827,1.0106789
5032,76.839874,0.0,87.461784,6.30656,0.0007112123,0.0,0.44727772,1.0106769
5033,57.519306,0.0,95.28206,6.3065767,0.0007285507,0.0,0.4152369,1.0106747
5034,74.26131,0.0,75.71671,6.3065915,0.00065396517,0.0,0.44953403,1.0106694
5035,68.10589,0.0,82.241035,6.3066044,0.00063242496,0.0,0.41669017,1.0106645
5036,100.75809,0.0,75.49358,6.3066177,0.00061530585,0.0,0.45684445,1.0106597
5037,71.57918,0.0,73.89935,6.306626,0.0006138437,0.0,0.42692623,1.0106578
5038,81.38003,0.0,94.402214,6.306636,0.0011407346,0.0,0.43685278,1.0106559
5039,83.05939,0.0,85.49763,6.3066463,0.00066393474,0.0,0.43160617,1.010654
5040,64.022,0.0,71.13056,6.3066554,0.00071272627,0.0,0.44666332,1.010652
5041,76.83151,0.0,88.77795,6.306665,0.00075344206,0.0,0.43235025,1.0106499
5042,73.76069,0.0,115.90031,6.306676,0.0006065243,0.0,0.4218595,1.0106478
5043,67.00817,0.0,89.10189,6.3066807,0.0006846964,0.0,0.41691265,1.0106459
5044,83.13989,0.0,67.73338,6.306687,0.00067567755,0.0,0.43074784,1.0106437
5045,68.61668,0.0,69.82682,6.306695,0.00046913535,0.0,0.4503116,1.0106416
5046,62.51566,0.0,72.1028,6.3066974,0.0009985964,0.0,0.44657227,1.0106393
5047,90.10484,0.0,84.19076,6.3066974,0.0016239987,0.0,0.45486578,1.010637
5048,102.29248,0.0,92.054306,6.306703,0.0007341492,0.0,0.44112366,1.0106348
5049,57.255665,0.0,88.19422,6.3067064,0.0006031853,0.0,0.42756316,1.0106325
5050,74.4076,0.0,70.074844,6.3067093,0.0009788254,0.0,0.41896194,1.0106304
5051,70.959785,0.0,84.55695,6.30671,0.0006141869,0.0,0.4447775,1.0106279
5052,57.795567,0.0,89.38942,6.3067083,0.00066138,0.0,0.4453842,1.0106256
5053,82.03745,0.0,67.97816,6.3067102,0.00062632444,0.0,0.42335233,1.0106232
5054,73.83688,0.0,94.136795,6.306715,0.00055652705,0.0,0.44049448,1.0106208
5055,78.11894,0.0,90.36022,6.306718,0.00081478665,0.0,0.4422868,1.0106184
5056,59.518826,0.0,74.89826,6.3067207,0.0005535221,0.0,0.44570875,1.0106162
5057,74.83109,0.0,92.596825,6.3067307,0.0008303388,0.0,0.40713042,1.0106137
5058,76.010445,0.0,82.14131,6.3067427,0.00079489837,0.0,0.40618634,1.0106082
5059,74.86884,0.0,76.25658,6.306752,0.00061247114,0.0,0.45048827,1.0106031
5060,72.80664,0.0,85.2153,6.306764,0.0007408051,0.0,0.4199576,1.0105981
5061,66.38662,0.0,93.17912,6.3067727,0.00087756175,0.0,0.41281852,1.0105935
5062,79.25771,0.0,89.01557,6.3067756,0.00068673166,0.0,0.43336377,1.0105894
5063,80.03891,0.0,82.20137,6.306779,0.00056872645,0.0,0.42774642,1.0105853
5064,70.37615,0.0,82.225845,6.3067827,0.00076827605,0.0,0.44233108,1.0105811
5065,71.0736,0.0,76.03408,6.30679,0.0007432611,0.0,0.4494285,1.0105774
5066,70.06839,0.0,83.073746,6.306796,0.0008851503,0.0,0.4222963,1.0105792
5067,55.727367,0.0,74.19343,6.306797,0.00058992417,0.0,0.42326173,1.0105804
5068,83.12549,0.0,87.26268,6.3068,0.0009354268,0.0,0.42898473,1.0105809
5069,76.23957,0.0,99.626724,6.306798,0.00067508774,0.0,0.42445096,1.0105819
5070,75.43522,0.0,81.49892,6.306796,0.0010672682,0.0,0.45748195,1.0105816
5071,73.21325,0.0,83.22441,6.3067994,0.0005636522,0.0,0.41531736,1.0105811
5072,73.826355,0.0,90.72425,6.3068056,0.0007372547,0.0,0.42937613,1.0105808
5073,57.29848,0.0,84.179825,6.3068185,0.0009716136,0.0,0.4308221,1.0105803
5074,69.95696,0.0,80.97866,6.306829,0.0005602619,0.0,0.40788627,1.0105795
5075,76.31174,0.0,84.772835,6.3068438,0.00067298807,0.0,0.3806002,1.0105771
5076,66.576935,0.0,72.31033,6.306857,0.000580799,0.0,0.4320345,1.0105745
5077,69.95156,0.0,100.15408,6.3068666,0.0008866286,0.0,0.44807538,1.010572
5078,75.84252,0.0,103.30708,6.3068767,0.00075480033,0.0,0.44275427,1.0105696
5079,80.38148,0.0,86.11397,6.3068933,0.0006807945,0.0,0.468948,1.0105671
5080,85.60151,0.0,95.190346,6.3069077,0.00066485925,0.0,0.41618416,1.0105654
5081,80.939354,0.0,104.18469,6.3069186,0.0008356513,0.0,0.4609748,1.0105636
5082,85.75976,0.0,95.30352,6.306923,0.00073710707,0.0,0.4302834,1.010562
5083,73.223175,0.0,106.40812,6.3069253,0.00076834083,0.0,0.44633365,1.0105602
5084,80.78981,0.0,82.47955,6.3069324,0.00067190424,0.0,0.4554311,1.0105582
5085,73.58753,0.0,83.10871,6.306941,0.00071210944,0.0,0.40386897,1.0105563
5086,71.30248,0.0,83.150215,6.3069477,0.00075017207,0.0,0.41900557,1.0105542
5087,63.579433,0.0,91.59329,6.3069525,0.00070886145,0.0,0.45594633,1.0105524
5088,81.50187,0.0,68.70692,6.306959,0.00080036884,0.0,0.41598248,1.0105503
5089,76.28858,0.0,89.115776,6.306967,0.00066593394,0.0,0.4065456,1.0105481
5090,79.486,0.0,78.04535,6.3069763,0.0008405502,0.0,0.4623507,1.010546
5091,85.889915,0.0,88.89344,6.3069882,0.00077041396,0.0,0.4062435,1.0105438
5092,89.51174,0.0,77.37189,6.307004,0.0006383489,0.0,0.43877912,1.0105416
5093,67.265854,0.0,78.24069,6.3070235,0.0006423594,0.0,0.377017,1.0105393
5094,82.37709,0.0,91.95932,6.307044,0.0007441502,0.0,0.43918118,1.010537
5095,76.00092,0.0,96.40846,6.307068,0.00067554077,0.0,0.44067985,1.0105348
5096,66.23738,0.0,74.06221,6.3070917,0.0007951094,0.0,0.43456292,1.0105325
5097,81.49531,0.0,82.16728,6.307112,0.00066588435,0.0,0.40248924,1.0105299
5098,59.28856,0.0,112.66547,6.3071313,0.0007940607,0.0,0.4453392,1.0105277
5099,87.50184,0.0,78.480095,6.3071456,0.0007336334,0.0,0.40836594,1.0105255
5100,97.16834,0.0,76.19889,6.3071594,0.0007422452,0.0,0.4302714,1.0105308
5101,60.42867,0.0,87.0375,6.307166,0.00062079396,0.0,0.4697039,1.0105355
5102,75.09357,0.0,90.78784,6.307174,0.0007853856,0.0,0.4574486,1.0105402
5103,83.76584,0.0,92.84586,6.3071756,0.00048417712,0.0,0.4025944,1.0105442
5104,62.855812,0.0,85.54393,6.3071733,0.0006588462,0.0,0.40806767,1.0105478
5105,66.31757,0.0,76.04904,6.307167,0.0006066107,0.0,0.46306854,1.0105505
5106,88.28047,0.0,108.818474,6.3071613,0.00077478145,0.0,0.43573317,1.0105528
5107,91.45074,0.0,85.44122,6.3071585,0.00045530935,0.0,0.3940574,1.0105542
5108,81.34486,0.0,68.672455,6.307158,0.00089016557,0.0,0.40417504,1.0105556
5109,71.559135,0.0,74.5773,6.307158,0.00072740274,0.0,0.42757893,1.010557
5110,68.92716,0.0,96.62629,6.3071575,0.000727499,0.0,0.44423383,1.0105581
5111,89.76743,0.0,66.65415,6.3071604,0.00046906163,0.0,0.43624616,1.0105563
5112,81.40254,0.0,90.37973,6.3071637,0.00072683394,0.0,0.4268567,1.0105547
5113,54.104115,0.0,77.05412,6.3071685,0.0006996216,0.0,0.4237215,1.0105532
5114,90.54878,0.0,89.32844,6.3071747,0.0006999422,0.0,0.41440052,1.010552
5115,75.65938,0.0,71.65832,6.3071814,0.00078479946,0.0,0.41986197,1.0105507
5116,88.05487,0.0,72.91794,6.3071885,0.0006135591,0.0,0.4131443,1.0105495
5117,77.20616,0.0,104.46821,6.3071957,0.00050885807,0.0,0.44999802,1.0105605
5118,77.07195,0.0,111.7449,6.307203,0.0008973214,0.0,0.4512083,1.0105703
5119,85.988884,0.0,96.99916,6.3072104,0.0006994433,0.0,0.4172307,1.0105792
5120,93.62093,0.0,94.3456,6.3072186,0.0006336082,0.0,0.43313682,1.0105875
5121,79.52923,0.0,99.06928,6.307225,0.0006143126,0.0,0.4511537,1.010595
5122,71.482,0.0,66.457985,6.3072343,0.00063815684,0.0,0.4489666,1.0106039
5123,69.488884,0.0,93.35826,6.307243,0.00074892305,0.0,0.4378922,1.0106276
5124,70.77606,0.0,77.53681,6.307251,0.00065126084,0.0,0.43437845,1.0106486
5125,78.583534,0.0,90.44846,6.307256,0.00051911396,0.0,0.42682934,1.0106678
5126,59.620476,0.0,112.34364,6.3072624,0.0005865054,0.0,0.43298683,1.0106848
5127,82.48641,0.0,95.67879,6.3072705,0.0007347659,0.0,0.40365157,1.0107007
5128,87.79634,0.0,97.342316,6.307275,0.0005458483,0.0,0.44481552,1.0107183
5129,66.3588,0.0,118.221466,6.307278,0.0007215494,0.0,0.4505871,1.0107341
5130,74.28965,0.0,71.25438,6.307285,0.00083074335,0.0,0.4300588,1.0107471
5131,60.935947,0.0,96.291534,6.3072853,0.0004250307,0.0,0.4771437,1.0107586
5132,76.10112,0.0,85.79792,6.3072886,0.00056583894,0.0,0.39831278,1.0107689
5133,81.932785,0.0,74.490105,6.307291,0.0006501137,0.0,0.4180952,1.0107781
5134,78.850716,0.0,106.46967,6.3072944,0.00060712994,0.0,0.40427312,1.0107859
5135,82.162254,0.0,100.59491,6.3072963,0.00064842415,0.0,0.41042137,1.010793
5136,72.45358,0.0,81.51073,6.307302,0.00046380836,0.0,0.43575317,1.0107992
5137,80.90802,0.0,78.33973,6.307308,0.00059961365,0.0,0.43595546,1.0108044
5138,79.857925,0.0,95.72315,6.3073144,0.0008001536,0.0,0.4218728,1.0108088
5139,61.358017,0.0,89.03644,6.307332,0.0005570507,0.0,0.43781823,1.0108134
5140,64.42863,0.0,80.77994,6.3073483,0.0007015478,0.0,0.42793167,1.0108172
5141,56.865875,0.0,79.938194,6.307369,0.0005526796,0.0,0.46177372,1.0108204
5142,85.8646,0.0,82.95615,6.307386,0.0007213898,0.0,0.42270577,1.010823
5143,91.18252,0.0,98.567665,6.3074007,0.0008267753,0.0,0.42893013,1.0108252
5144,88.19475,0.0,77.081604,6.307417,0.0008859184,0.0,0.41651344,1.010827
5145,77.45097,0.0,101.89064,6.3074284,0.0006552377,0.0,0.45206618,1.0108285
5146,88.587975,0.0,79.15758,6.3074403,0.00062229246,0.0,0.45734513,1.0108294
5147,91.406296,0.0,79.86789,6.307452,0.00067814894,0.0,0.41854513,1.0108364
5148,109.385025,0.0,114.96819,6.307466,0.00081088825,0.0,0.4033751,1.0108511
5149,83.09378,0.0,66.48808,6.307479,0.0005848949,0.0,0.48805094,1.010864
5150,77.85202,0.0,73.47399,6.3074946,0.0008836316,0.0,0.41348433,1.0108755
5151,75.63848,0.0,100.64387,6.3075075,0.0009278445,0.0,0.4219936,1.0108961
5152,53.07237,0.0,88.75412,6.3075256,0.00060242706,0.0,0.47105464,1.0109147
5153,64.64417,0.0,80.56893,6.3075457,0.0005433728,0.0,0.40715298,1.0109314
5154,81.769585,0.0,79.602554,6.3075666,0.0005517002,0.0,0.46711618,1.010946
5155,78.75056,0.0,83.13462,6.3075833,0.0006607742,0.0,0.41689634,1.0109563
5156,57.252815,0.0,89.45666,6.307599,0.000512403,0.0,0.4497467,1.0109631
5157,70.67304,0.0,65.08304,6.3076096,0.0006331689,0.0,0.44926715,1.0109692
5158,66.611465,0.0,83.80514,6.307616,0.00047892984,0.0,0.44068134,1.010967
5159,59.76533,0.0,88.29249,6.30762,0.0006485153,0.0,0.42388332,1.0109651
5160,56.98989,0.0,103.66473,6.307622,0.0008149955,0.0,0.46570048,1.0109631
5161,96.2674,0.0,87.33872,6.3076267,0.0005675739,0.0,0.44430423,1.0109612
5162,70.52141,0.0,122.806915,6.307632,0.00071698206,0.0,0.44013998,1.010959
5163,63.291325,0.0,77.6821,6.307646,0.00046205334,0.0,0.46922898,1.010957
5164,62.742718,0.0,90.91033,6.3076606,0.00058667635,0.0,0.47642803,1.0109551
5165,81.816475,0.0,73.51423,6.3076773,0.00078426895,0.0,0.4334241,1.0109531
5166,82.105675,0.0,78.725006,6.307687,0.0006418587,0.0,0.4295269,1.010951
5167,71.73153,0.0,86.61263,6.3076963,0.0008744631,0.0,0.4794801,1.0109489
5168,67.6428,0.0,107.605774,6.3077054,0.0006038153,0.0,0.4627183,1.0109471
5169,67.68441,0.0,83.25107,6.3077145,0.00072400214,0.0,0.4664374,1.0109451
5170,93.9811,0.0,86.037254,6.3077197,0.0009157782,0.0,0.43168068,1.0109428
5171,84.76771,0.0,95.1578,6.3077216,0.0010732622,0.0,0.43722296,1.0109409
5172,89.123375,0.0,85.74789,6.3077207,0.00069093273,0.0,0.43271798,1.0109372
5173,82.30859,0.0,85.928665,6.3077183,0.00073744607,0.0,0.41534942,1.0109339
5174,70.12945,0.0,80.43019,6.307721,0.00061585754,0.0,0.45955694,1.0109304
5175,48.970238,0.0,86.70323,6.307725,0.00070261693,0.0,0.4389108,1.0109273
5176,70.0626,0.0,79.917984,6.307731,0.0007410458,0.0,0.39985237,1.0109242
5177,59.448605,0.0,101.70793,6.3077383,0.0010331844,0.0,0.41884267,1.0109211
5178,96.89943,0.0,86.04267,6.307744,0.0007913314,0.0,0.44486603,1.0109181
5179,86.35659,0.0,87.409775,6.307745,0.00078424567,0.0,0.42886433,1.010908
5180,70.9827,0.0,95.169815,6.307747,0.0008079956,0.0,0.41196674,1.0108987
5181,82.84575,0.0,89.96746,6.3077474,0.00080656307,0.0,0.44996947,1.0108875
5182,62.15121,0.0,76.44244,6.307747,0.0007263352,0.0,0.40939435,1.0108849
5183,61.74256,0.0,73.36238,6.307752,0.0007491489,0.0,0.40708566,1.0108821
5184,79.57095,0.0,78.79012,6.3077526,0.00053917925,0.0,0.45258212,1.0108799
5185,101.6197,0.0,75.88272,6.3077564,0.0005563117,0.0,0.432314,1.0108776
5186,73.94292,0.0,77.32138,6.307768,0.00086474646,0.0,0.44920373,1.0108753
5187,72.09259,0.0,72.553215,6.3077765,0.00079248275,0.0,0.45017666,1.0108728
5188,77.147736,0.0,95.736115,6.307782,0.0008331646,0.0,0.41686743,1.0108706
5189,78.98113,0.0,95.80502,6.3077903,0.0009291893,0.0,0.4173668,1.0108684
5190,72.0984,0.0,132.13344,6.307795,0.00088041945,0.0,0.46330118,1.0108663
5191,86.9087,0.0,94.795715,6.3078003,0.00060188025,0.0,0.426687,1.0108643
5192,66.89079,0.0,92.98179,6.3078084,0.0011393311,0.0,0.49145687,1.010862
5193,85.99634,0.0,76.085236,6.3078146,0.0009003384,0.0,0.409007,1.0108598
5194,76.49803,0.0,84.342026,6.307822,0.0010578468,0.0,0.44843268,1.0108577
5195,81.213425,0.0,77.694466,6.3078313,0.00082239835,0.0,0.4276371,1.0108556
5196,72.58486,0.0,64.823105,6.307838,0.0007532031,0.0,0.41733617,1.0108534
5197,61.693123,0.0,77.75632,6.3078456,0.0008248658,0.0,0.44486612,1.0108511
5198,80.6707,0.0,92.83848,6.307857,0.0008963052,0.0,0.42425632,1.0108553
5199,95.4613,0.0,87.55577,6.3078604,0.00109547,0.0,0.42720017,1.010859
5200,75.92065,0.0,82.02892,6.3078637,0.00068754004,0.0,0.4230059,1.0108619
5201,78.15323,0.0,97.3064,6.307872,0.0008096525,0.0,0.39965147,1.0108647
5202,88.27174,0.0,81.22856,6.307883,0.0006873439,0.0,0.4566253,1.010867
5203,68.21128,0.0,78.43995,6.307895,0.0009608896,0.0,0.41599393,1.0108687
5204,77.14082,0.0,72.48055,6.3079023,0.00092444906,0.0,0.43696415,1.0108699
5205,63.534267,0.0,83.8417,6.3079066,0.00073534704,0.0,0.41483462,1.0108707
5206,75.282364,0.0,71.152756,6.307916,0.00071885204,0.0,0.4539017,1.0108714
5207,81.84494,0.0,116.550446,6.3079267,0.00062222104,0.0,0.42394683,1.0108716
5208,78.004326,0.0,76.82136,6.30794,0.00072588975,0.0,0.42642748,1.0108716
5209,67.056816,0.0,72.28783,6.307956,0.0006861558,0.0,0.40581536,1.0108715
5210,83.926674,0.0,121.305374,6.307966,0.00078677194,0.0,0.44523844,1.010871
5211,62.957333,0.0,86.4394,6.3079734,0.00063706946,0.0,0.41429687,1.0108705
5212,59.88644,0.0,64.197,6.3079777,0.00069548946,0.0,0.42920992,1.0108805
5213,85.14401,0.0,90.60236,6.307985,0.0007090153,0.0,0.42790315,1.0108896
5214,79.444466,0.0,82.00936,6.307992,0.0007890122,0.0,0.455839,1.0108978
5215,83.726555,0.0,93.33633,6.308007,0.0006469365,0.0,0.4678352,1.0109048
5216,75.16262,0.0,63.104034,6.308019,0.00076954014,0.0,0.44222927,1.0109111
5217,81.45001,0.0,76.69677,6.308037,0.0006638837,0.0,0.44432205,1.0109165
5218,87.810936,0.0,80.71592,6.3080535,0.0007623889,0.0,0.42096293,1.0109211
5219,57.848724,0.0,68.0238,6.308069,0.000650074,0.0,0.41161284,1.0109252
5220,97.36871,0.0,102.99943,6.3080797,0.00073854835,0.0,0.4372735,1.0109237
5221,73.71845,0.0,73.9839,6.308088,0.000845004,0.0,0.43556112,1.0109226
5222,85.25962,0.0,82.80634,6.308098,0.00063634943,0.0,0.41893137,1.0109173
5223,63.961174,0.0,93.386955,6.3081074,0.00087072654,0.0,0.4264838,1.0109123
5224,80.56371,0.0,74.243225,6.308117,0.00083611195,0.0,0.42961472,1.010908
5225,63.525734,0.0,85.7563,6.3081264,0.0010814674,0.0,0.42292652,1.0109038
5226,77.44639,0.0,87.4228,6.308133,0.00066855917,0.0,0.43671343,1.0109001
5227,57.390114,0.0,77.14734,6.308144,0.0006245882,0.0,0.41111553,1.0108966
5228,63.29279,0.0,79.498604,6.308155,0.000756986,0.0,0.4057735,1.0108924
5229,75.18333,0.0,85.16908,6.308162,0.00076041545,0.0,0.4220028,1.0108885
5230,62.363483,0.0,64.094536,6.3081703,0.0007238942,0.0,0.45686,1.0108846
5231,104.61291,0.0,100.583496,6.3081803,0.0007106172,0.0,0.43012604,1.0108811
5232,91.40571,0.0,101.70905,6.3081865,0.00090802775,0.0,0.43070787,1.0108776
5233,85.60904,0.0,87.50658,6.3081965,0.0004202305,0.0,0.41832966,1.0108744
5234,95.46658,0.0,80.56449,6.3082023,0.00057126733,0.0,0.42947787,1.0108713
5235,71.999756,0.0,86.0866,6.308206,0.0004929226,0.0,0.41942692,1.0108681
5236,71.07098,0.0,67.73612,6.3082113,0.00071011664,0.0,0.46172303,1.0108647
5237,90.90156,0.0,103.88199,6.308217,0.00072041986,0.0,0.4390697,1.0108631
5238,82.43483,0.0,116.9595,6.3082285,0.0004850067,0.0,0.45881495,1.010861
5239,75.33511,0.0,93.34321,6.308238,0.0008053336,0.0,0.4419299,1.0108613
5240,72.83045,0.0,96.79324,6.3082523,0.0005803939,0.0,0.43902707,1.0108613
5241,82.538475,0.0,80.380775,6.308264,0.0009081424,0.0,0.43329453,1.0108626
5242,81.314766,0.0,87.10273,6.308276,0.0004983628,0.0,0.4666786,1.0108635
5243,56.9202,0.0,93.659744,6.3082824,0.00047210365,0.0,0.40032464,1.0108644
5244,87.20558,0.0,71.87653,6.3082914,0.00084949925,0.0,0.42293358,1.010868
5245,73.460884,0.0,85.72902,6.3083057,0.00063442765,0.0,0.45903575,1.0108707
5246,72.61039,0.0,98.28475,6.3083196,0.000522779,0.0,0.45688054,1.0108731
5247,87.52476,0.0,70.78774,6.3083377,0.0008711065,0.0,0.40432644,1.010875
5248,86.659874,0.0,84.87769,6.308354,0.0007017299,0.0,0.4398961,1.0108765
5249,95.71655,0.0,78.86736,6.308365,0.0009072697,0.0,0.4154416,1.0108776
5250,86.74154,0.0,80.075745,6.308373,0.000630956,0.0,0.4389152,1.0108784
5251,72.11145,0.0,70.74846,6.3083816,0.00071229367,0.0,0.45005006,1.0108789
5252,69.37835,0.0,91.873566,6.308382,0.0008519212,0.0,0.4215094,1.0108789
5253,65.2404,0.0,87.17396,6.3083878,0.00065391156,0.0,0.41686663,1.0108789
5254,68.54038,0.0,78.27238,6.3083916,0.0008218093,0.0,0.4302259,1.0108784
5255,69.667435,0.0,73.61202,6.308397,0.0006187919,0.0,0.4355607,1.0108778
5256,72.393845,0.0,73.21331,6.308397,0.00094811886,0.0,0.43961263,1.0108774
5257,57.449913,0.0,79.18697,6.308399,0.00076121464,0.0,0.42141172,1.0108764
5258,63.288307,0.0,91.101234,6.3084044,0.00064391945,0.0,0.44392896,1.0108753
5259,51.60983,0.0,82.749794,6.3084087,0.00055938447,0.0,0.44434905,1.0108743
5260,84.185974,0.0,63.764736,6.30841,0.00067011383,0.0,0.44555545,1.0108728
5261,102.43411,0.0,75.08607,6.3084154,0.00076198345,0.0,0.4445293,1.0108715
5262,65.237625,0.0,106.524284,6.308422,0.000599096,0.0,0.44953698,1.0108699
5263,72.427864,0.0,93.577255,6.3084283,0.0006284671,0.0,0.48714003,1.0108677
5264,75.04207,0.0,89.014175,6.308437,0.0006764819,0.0,0.41953692,1.0108657
5265,72.0238,0.0,69.91976,6.3084416,0.0006322088,0.0,0.42023668,1.0108635
5266,64.05971,0.0,82.77802,6.3084517,0.00072486955,0.0,0.4492993,1.0108614
5267,90.75059,0.0,87.591515,6.3084607,0.0006533169,0.0,0.43630394,1.0108591
5268,76.34601,0.0,75.68021,6.3084707,0.00044646248,0.0,0.41893792,1.0108569
5269,66.7095,0.0,88.29182,6.3084803,0.00043162247,0.0,0.43239832,1.0108548
5270,87.21772,0.0,117.09212,6.3084846,0.00078989344,0.0,0.43414307,1.0108525
5271,71.00557,0.0,83.58289,6.3084917,0.00057814247,0.0,0.39703116,1.0108501
5272,65.853966,0.0,105.47773,6.3084936,0.00080448866,0.0,0.41638052,1.0108453
5273,65.017075,0.0,104.03927,6.308494,0.0006454123,0.0,0.44423854,1.0108408
5274,61.76044,0.0,75.33055,6.308492,0.0009509718,0.0,0.41827017,1.0108451
5275,64.291954,0.0,86.54754,6.3084936,0.000708912,0.0,0.44605935,1.0108491
5276,67.43016,0.0,106.365074,6.308496,0.0007103134,0.0,0.41783723,1.0108528
5277,71.8125,0.0,83.94107,6.3085012,0.00062030135,0.0,0.44872183,1.0108565
5278,79.644875,0.0,96.56466,6.30851,0.0007052282,0.0,0.44972166,1.0108596
5279,74.34725,0.0,80.495995,6.3085203,0.0006055923,0.0,0.43764448,1.0108624
5280,57.11657,0.0,97.06903,6.308535,0.0008112739,0.0,0.40681967,1.0108647
5281,70.12764,0.0,86.13634,6.308552,0.0009775277,0.0,0.4279393,1.0108702
5282,63.95778,0.0,89.90017,6.308562,0.0006955061,0.0,0.4272307,1.010875
5283,65.48939,0.0,91.7822,6.308574,0.00072180404,0.0,0.39448246,1.0108793
5284,69.430786,0.0,89.98879,6.308589,0.0007807908,0.0,0.43281472,1.010883
5285,79.056114,0.0,86.43313,6.3086033,0.0005251822,0.0,0.42322955,1.010883
5286,70.424866,0.0,88.672424,6.30862,0.00078493956,0.0,0.4303834,1.0108824
5287,52.281487,0.0,69.94106,6.308634,0.0007976149,0.0,0.43846506,1.0108818
5288,60.339485,0.0,88.16307,6.308651,0.00045720916,0.0,0.41856778,1.0108808
5289,53.213654,0.0,104.71806,6.308668,0.0006220499,0.0,0.4105574,1.01088
5290,64.77348,0.0,85.175735,6.3086767,0.00051238283,0.0,0.4526282,1.0108801
5291,74.73174,0.0,77.3404,6.3086843,0.0005983662,0.0,0.42936715,1.0108804
5292,80.12627,0.0,80.906784,6.3086925,0.000625513,0.0,0.45246696,1.0108801
5293,62.687542,0.0,88.6418,6.3086977,0.000607212,0.0,0.42888865,1.0108796
5294,83.98104,0.0,80.68927,6.3087015,0.00052165776,0.0,0.4459607,1.010879
5295,66.21783,0.0,95.283585,6.3087053,0.00096177816,0.0,0.44920608,1.0108783
5296,73.44115,0.0,76.65604,6.3087153,0.00060017913,0.0,0.43357262,1.0108774
5297,70.69622,0.0,92.18487,6.308719,0.00057167205,0.0,0.42889413,1.0108762
5298,68.24516,0.0,75.78,6.308718,0.0009656818,0.0,0.41887528,1.0108751
5299,60.849186,0.0,78.98713,6.3087163,0.00055909477,0.0,0.42383894,1.0108747
5300,74.324394,0.0,90.173256,6.308717,0.00082661165,0.0,0.42718238,1.0108743
5301,87.65389,0.0,80.853455,6.308716,0.0003667613,0.0,0.4289543,1.0108737
5302,80.15688,0.0,103.51709,6.308713,0.00063712534,0.0,0.39844388,1.0108799
5303,64.98468,0.0,96.59186,6.3087134,0.00061126344,0.0,0.4613014,1.0108855
5304,55.1358,0.0,80.92904,6.30871,0.00053746934,0.0,0.42812443,1.0108904
5305,57.58095,0.0,67.95567,6.3087087,0.00035354364,0.0,0.45158404,1.0108933
5306,83.548096,0.0,103.602005,6.3087087,0.00078892044,0.0,0.42027283,1.010896
5307,72.13494,0.0,91.69514,6.3087153,0.00051994366,0.0,0.4302784,1.0108991
5308,71.642654,0.0,105.74831,6.3087215,0.00044913794,0.0,0.46641824,1.0109018
5309,83.034515,0.0,93.802155,6.308731,0.0006863458,0.0,0.43374604,1.0109042
5310,63.23191,0.0,91.54673,6.3087425,0.0005578329,0.0,0.41807088,1.0109059
5311,89.86291,0.0,61.22208,6.308757,0.0007820818,0.0,0.43010825,1.0109076
5312,75.22581,0.0,80.948814,6.3087754,0.00083883095,0.0,0.4199986,1.0109088
5313,85.40807,0.0,94.50345,6.3087907,0.0005890289,0.0,0.4416898,1.01091
5314,77.86136,0.0,93.47264,6.308804,0.00081137865,0.0,0.41709408,1.0109138
5315,90.82185,0.0,88.68729,6.3088145,0.0009703558,0.0,0.42695925,1.0109171
5316,83.31529,0.0,94.195656,6.3088274,0.0006330608,0.0,0.43726963,1.0109197
5317,74.70597,0.0,97.1257,6.3088436,0.00064617814,0.0,0.43079758,1.0109218
5318,78.57179,0.0,78.65823,6.308858,0.00055194594,0.0,0.41794762,1.0109236
5319,63.45505,0.0,86.3119,6.3088694,0.00073732104,0.0,0.44282746,1.010925
5320,59.94959,0.0,65.07648,6.308881,0.0008219273,0.0,0.4101841,1.010923
5321,81.04374,0.0,92.73686,6.308891,0.000501456,0.0,0.44865426,1.010921
5322,83.85725,0.0,73.21638,6.3089013,0.0006552471,0.0,0.46394217,1.0109189
5323,72.362144,0.0,72.18472,6.308915,0.00074653927,0.0,0.42049122,1.0109168
5324,89.75003,0.0,109.654755,6.308926,0.0005579096,0.0,0.44028872,1.0109147
5325,79.9205,0.0,85.24276,6.308936,0.00043186033,0.0,0.45242056,1.0109125
5326,65.311195,0.0,82.49805,6.308943,0.00082039874,0.0,0.43360418,1.0109105
5327,58.553604,0.0,83.910614,6.308949,0.0006118905,0.0,0.44336256,1.0109082
5328,90.224396,0.0,82.57201,6.3089557,0.000816118,0.0,0.4013146,1.010906
5329,96.77648,0.0,94.81806,6.3089576,0.0010633613,0.0,0.47823176,1.0109038
5330,92.24245,0.0,62.52802,6.3089566,0.00049654185,0.0,0.46358174,1.0109017
5331,66.41083,0.0,91.04765,6.3089547,0.0005232447,0.0,0.44944662,1.0108997
5332,87.74311,0.0,91.63083,6.308953,0.00046094353,0.0,0.43382657,1.0108975
5333,81.48462,0.0,87.47848,6.308953,0.00063441216,0.0,0.41962832,1.0108944
5334,79.99357,0.0,72.84279,6.3089557,0.0009068462,0.0,0.41603613,1.0108914
5335,88.96431,0.0,82.01038,6.30896,0.0005174472,0.0,0.44204712,1.0108818
5336,63.18619,0.0,95.4858,6.3089633,0.0005876188,0.0,0.43454957,1.0108732
5337,75.29631,0.0,102.00872,6.308962,0.0006401715,0.0,0.43195254,1.0108652
5338,66.02564,0.0,107.72093,6.308955,0.0006157266,0.0,0.4164525,1.010858
5339,78.427574,0.0,89.42744,6.308947,0.0006933291,0.0,0.44400162,1.010851
5340,80.12441,0.0,76.321625,6.3089423,0.000698982,0.0,0.4070147,1.0108448
5341,78.30646,0.0,88.466255,6.3089404,0.0006316454,0.0,0.3933861,1.010839
5342,66.134636,0.0,84.95539,6.308943,0.00071965926,0.0,0.41899824,1.0108335
5343,70.25861,0.0,86.80274,6.308948,0.0006106351,0.0,0.44272828,1.0108284
5344,70.27511,0.0,79.006546,6.3089542,0.0010353728,0.0,0.46646494,1.0108236
5345,92.3147,0.0,69.6331,6.3089633,0.0005290959,0.0,0.40704465,1.010819
5346,65.89424,0.0,94.93942,6.3089757,0.0006058876,0.0,0.4156452,1.0108147
5347,77.993996,0.0,95.86097,6.3089924,0.0010515861,0.0,0.4414165,1.0108105
5348,67.66967,0.0,88.4211,6.3090124,0.00060959614,0.0,0.46536946,1.0108064
5349,100.76237,0.0,90.352264,6.309031,0.0009415762,0.0,0.44303617,1.0108027
5350,61.53295,0.0,89.73573,6.3090525,0.00068536,0.0,0.45623514,1.0107989
5351,69.42389,0.0,92.596344,6.309064,0.00063373806,0.0,0.4719373,1.0107954
5352,53.88094,0.0,105.18872,6.309076,0.00066147716,0.0,0.4400514,1.0107919
5353,77.31353,0.0,72.6515,6.309087,0.0007905119,0.0,0.41761288,1.0107886
5354,84.58844,0.0,84.19357,6.3090963,0.0007417714,0.0,0.47155103,1.0107853
5355,86.76091,0.0,104.1188,6.309103,0.0005859743,0.0,0.47116536,1.0107824
5356,73.3549,0.0,91.19395,6.30911,0.0007938832,0.0,0.42214525,1.0107791
5357,96.67121,0.0,100.92007,6.3091183,0.0007628127,0.0,0.43992585,1.0107762
5358,67.941986,0.0,89.552765,6.3091316,0.0007209933,0.0,0.4320273,1.0107733
5359,63.848118,0.0,80.00609,6.309142,0.00044564198,0.0,0.49056435,1.0107702
5360,75.90222,0.0,87.61064,6.309148,0.00080401095,0.0,0.45000634,1.0107757
5361,87.54547,0.0,69.18561,6.309156,0.000705295,0.0,0.41873845,1.0107802
5362,63.41043,0.0,87.16572,6.3091674,0.00052128424,0.0,0.40084383,1.0107844
5363,91.30991,0.0,70.99943,6.3091803,0.00067545305,0.0,0.43969315,1.0107878
5364,76.76263,0.0,91.01937,6.3091955,0.00095064915,0.0,0.41575456,1.0107906
5365,71.98192,0.0,89.04144,6.3092127,0.0010486579,0.0,0.42911646,1.0107929
5366,61.2205,0.0,82.5104,6.30923,0.00067953754,0.0,0.45272404,1.010799
5367,65.69765,0.0,93.34184,6.3092427,0.0007400841,0.0,0.4437101,1.010804
5368,82.560844,0.0,90.78841,6.309251,0.00053476857,0.0,0.4251814,1.0108088
5369,61.057934,0.0,71.02391,6.309257,0.00080646685,0.0,0.41089648,1.0108124
5370,60.306583,0.0,81.71044,6.3092604,0.000606177,0.0,0.4339132,1.0108188
5371,113.64341,0.0,105.842575,6.309265,0.00076066237,0.0,0.4342998,1.0108247
5372,81.7081,0.0,65.24447,6.3092747,0.0005030469,0.0,0.41001078,1.0108294
5373,91.44356,0.0,90.50039,6.309282,0.00044511698,0.0,0.4550022,1.0108336
5374,85.26146,0.0,80.163506,6.309291,0.00071360753,0.0,0.4347478,1.0108373
5375,63.942905,0.0,115.60548,6.3092966,0.0010016004,0.0,0.43323714,1.01084
5376,68.44605,0.0,91.66217,6.309301,0.0008176988,0.0,0.4549039,1.0108426
5377,86.72467,0.0,75.90942,6.3093057,0.00055121974,0.0,0.4014672,1.0108442
5378,76.43808,0.0,92.67383,6.3093076,0.0007410503,0.0,0.42255014,1.0108457
5379,67.697685,0.0,89.43292,6.309315,0.0005563005,0.0,0.42950973,1.0108443
5380,77.44504,0.0,97.42474,6.3093195,0.0006725134,0.0,0.41892833,1.0108429
5381,86.84261,0.0,96.66919,6.309325,0.0006555483,0.0,0.42762423,1.0108415
5382,101.6999,0.0,73.018,6.30933,0.00061016326,0.0,0.41117567,1.01084
5383,87.7618,0.0,85.82798,6.3093367,0.000573506,0.0,0.432589,1.0108384
5384,89.16168,0.0,81.00712,6.3093424,0.0008244381,0.0,0.3971196,1.0108471
5385,79.80804,0.0,84.35462,6.309355,0.0005851329,0.0,0.42181048,1.010855
5386,83.53355,0.0,100.69598,6.3093724,0.00087350747,0.0,0.46199304,1.010862
5387,80.960495,0.0,78.15902,6.3093886,0.0007615754,0.0,0.47255167,1.0108681
5388,75.61733,0.0,94.047264,6.309402,0.0007672458,0.0,0.4613678,1.0108733
5389,62.940113,0.0,96.96611,6.3094115,0.000916683,0.0,0.46978173,1.0108778
5390,68.04464,0.0,88.56466,6.309422,0.0007416969,0.0,0.43518102,1.0108771
5391,90.94105,0.0,90.577736,6.3094316,0.0007813871,0.0,0.46888107,1.010876
5392,79.00169,0.0,87.91457,6.3094454,0.00057670067,0.0,0.43247876,1.0108752
5393,73.15673,0.0,79.36333,6.3094587,0.0006448652,0.0,0.4678472,1.010874
5394,89.82435,0.0,87.22398,6.3094726,0.0005407635,0.0,0.4452967,1.0108726
5395,72.48827,0.0,78.29858,6.309488,0.00073481444,0.0,0.42311788,1.0108712
5396,85.885826,0.0,90.868164,6.3095036,0.00077899394,0.0,0.41895473,1.0108746
5397,78.997734,0.0,83.83655,6.3095145,0.0006833235,0.0,0.43330646,1.0108777
5398,79.781525,0.0,88.97516,6.3095245,0.0005711933,0.0,0.4565712,1.0108804
5399,72.684975,0.0,82.19527,6.3095284,0.000911642,0.0,0.4203753,1.0108823
5400,53.389256,0.0,78.797325,6.309532,0.0004637284,0.0,0.45568976,1.0108839
5401,68.63474,0.0,67.16115,6.309533,0.00051156606,0.0,0.43501958,1.0108851
5402,81.37349,0.0,76.929756,6.3095365,0.0007393593,0.0,0.43044886,1.0108832
5403,75.149124,0.0,70.548355,6.309538,0.0009782824,0.0,0.42139515,1.010881
5404,63.066628,0.0,88.835396,6.30954,0.0006337102,0.0,0.45450625,1.0108782
5405,67.03866,0.0,86.672005,6.309542,0.00053034397,0.0,0.44712633,1.0108756
5406,72.36284,0.0,103.40936,6.309536,0.0007090148,0.0,0.43445095,1.0108732
5407,72.20213,0.0,80.864075,6.3095307,0.0004669678,0.0,0.44467038,1.0108708
5408,53.561546,0.0,78.52645,6.3095303,0.0006412252,0.0,0.43836838,1.0108687
5409,79.83401,0.0,78.5544,6.3095264,0.0007539025,0.0,0.43727165,1.0108663
5410,98.01395,0.0,82.43115,6.3095217,0.00071641285,0.0,0.3923781,1.010864
5411,72.56466,0.0,98.26001,6.309517,0.00049303507,0.0,0.42458853,1.0108621
5412,78.59753,0.0,94.37329,6.30952,0.00050681917,0.0,0.3818632,1.0108602
5413,70.11159,0.0,78.80062,6.3095236,0.00063122524,0.0,0.4224279,1.0108584
5414,105.85147,0.0,91.35715,6.3095326,0.0005658214,0.0,0.44161648,1.0108564
5415,80.75771,0.0,84.59221,6.3095493,0.00068926415,0.0,0.43654883,1.0108544
5416,68.59173,0.0,95.84552,6.3095665,0.0005651971,0.0,0.41518396,1.0108525
5417,77.431244,0.0,88.65467,6.309585,0.00058191805,0.0,0.43313456,1.0108503
5418,69.08973,0.0,92.15632,6.309608,0.0005692366,0.0,0.44526,1.0108483
5419,79.728325,0.0,77.57337,6.3096323,0.0004429364,0.0,0.37712967,1.0108461
5420,76.183716,0.0,75.593285,6.3096576,0.0008568165,0.0,0.41947383,1.010844
5421,84.01495,0.0,111.39326,6.309682,0.000748264,0.0,0.44725394,1.0108417
5422,79.26574,0.0,94.970634,6.3097095,0.0005805397,0.0,0.44827017,1.0108413
5423,67.61121,0.0,77.66014,6.309738,0.00057074806,0.0,0.41054982,1.0108407
5424,86.021835,0.0,71.94949,6.3097615,0.00051028415,0.0,0.46356177,1.0108398
5425,75.49749,0.0,68.75399,6.3097796,0.00069829257,0.0,0.45252308,1.010839
5426,62.91863,0.0,91.2834,6.3097973,0.00056813937,0.0,0.43576217,1.0108378
5427,74.26468,0.0,90.71455,6.3098097,0.00071831455,0.0,0.42784184,1.0108366
5428,72.374535,0.0,95.14647,6.3098226,0.00052904757,0.0,0.41024822,1.0108353
5429,76.3227,0.0,100.4339,6.3098273,0.00075799105,0.0,0.41887555,1.0108323
5430,66.79426,0.0,83.74529,6.30983,0.0007076181,0.0,0.44078884,1.0108292
5431,69.84004,0.0,81.52687,6.3098326,0.00054476573,0.0,0.4205581,1.0108266
5432,74.24406,0.0,89.36738,6.309834,0.0007716812,0.0,0.42620772,1.010824
5433,87.42033,0.0,98.60674,6.3098354,0.00057359156,0.0,0.41439733,1.0108178
5434,75.42,0.0,95.56029,6.309838,0.00092778157,0.0,0.44075942,1.010812
5435,85.13412,0.0,91.05275,6.309844,0.0006522902,0.0,0.46440446,1.0108066
5436,83.53698,0.0,86.06923,6.3098497,0.0007632951,0.0,0.4435048,1.0108021
5437,58.097416,0.0,69.60933,6.3098583,0.0012407139,0.0,0.4393592,1.0107985
5438,64.80818,0.0,88.95545,6.3098664,0.00056147785,0.0,0.453755,1.0107952
5439,66.89448,0.0,78.63897,6.309874,0.00074921467,0.0,0.4475279,1.0107923
5440,71.96203,0.0,98.27091,6.309881,0.00047197306,0.0,0.4390843,1.0107892
5441,73.823944,0.0,76.114624,6.309891,0.000620474,0.0,0.4185861,1.0107863
5442,63.39243,0.0,75.77046,6.309895,0.00053837796,0.0,0.45945603,1.0107836
5443,89.02909,0.0,78.07673,6.3098965,0.00067808427,0.0,0.43733424,1.0107808
5444,56.00293,0.0,90.93613,6.3098984,0.00064007915,0.0,0.4431686,1.0107778
5445,74.48293,0.0,90.62384,6.3098993,0.0006255867,0.0,0.43757173,1.0107752
5446,68.445755,0.0,78.665405,6.3099027,0.00058880873,0.0,0.4393079,1.0107725
5447,79.23881,0.0,83.79629,6.309907,0.0007214539,0.0,0.42305666,1.0107737
5448,58.688713,0.0,87.27249,6.3099136,0.0008017022,0.0,0.4239875,1.0107774
5449,51.542038,0.0,89.18821,6.3099227,0.0005653051,0.0,0.4366005,1.0107806
5450,77.61284,0.0,84.50472,6.309934,0.00058373786,0.0,0.4399589,1.0107832
5451,72.16035,0.0,84.464294,6.309946,0.00065354083,0.0,0.45006785,1.0107852
5452,76.75372,0.0,96.32754,6.3099594,0.00041232107,0.0,0.4508099,1.0107869
5453,67.97753,0.0,98.32681,6.3099775,0.000822323,0.0,0.41668862,1.0107882
5454,73.20726,0.0,79.64772,6.309994,0.0007456904,0.0,0.42637986,1.0107892
5455,65.54313,0.0,79.586815,6.310007,0.00076035026,0.0,0.40259218,1.010791
5456,69.75637,0.0,77.057106,6.310011,0.0006052528,0.0,0.42815423,1.0107925
5457,66.59337,0.0,84.856476,6.3100133,0.0007149155,0.0,0.42831966,1.0107938
5458,83.42515,0.0,85.61126,6.3100176,0.00080625387,0.0,0.4235441,1.0107944
5459,65.91136,0.0,80.25518,6.310022,0.0005490938,0.0,0.4172338,1.0107949
5460,70.64344,0.0,102.93049,6.310033,0.0004924204,0.0,0.4166782,1.0107952
5461,62.05655,0.0,94.82648,6.3100414,0.0008198579,0.0,0.3976696,1.0107952
5462,75.00442,0.0,67.19014,6.3100495,0.0009412322,0.0,0.39493752,1.010795
5463,70.27619,0.0,109.284294,6.310059,0.00058169744,0.0,0.4305664,1.0107943
5464,65.595245,0.0,77.485596,6.310073,0.00065851834,0.0,0.42474622,1.0107937
5465,70.046295,0.0,88.028694,6.310087,0.0007097169,0.0,0.41433185,1.0107927
5466,78.18224,0.0,91.742645,6.3101077,0.00084270944,0.0,0.42786336,1.0107918
5467,74.36092,0.0,74.06936,6.310124,0.0005680264,0.0,0.4520098,1.0107905
5468,68.20377,0.0,94.21092,6.3101377,0.0004921232,0.0,0.43177366,1.0107851
5469,88.135704,0.0,97.34105,6.3101544,0.00061721937,0.0,0.4015724,1.01078
5470,75.64865,0.0,84.98065,6.310169,0.00058312557,0.0,0.44781554,1.0107751
5471,96.74028,0.0,98.78068,6.310181,0.00083375344,0.0,0.44094986,1.0107721
5472,65.84594,0.0,87.10456,6.3101892,0.00051541615,0.0,0.39681703,1.0107696
5473,75.13955,0.0,72.55325,6.310195,0.0007187901,0.0,0.41296285,1.0107669
5474,107.25849,0.0,87.20154,6.3102,0.0007767807,0.0,0.4409741,1.0107641
5475,83.62186,0.0,69.87931,6.310203,0.00058324134,0.0,0.44251657,1.0107615
5476,75.71945,0.0,72.029495,6.310206,0.00052260834,0.0,0.44297355,1.010759
5477,69.07899,0.0,90.3993,6.3102126,0.00059497263,0.0,0.4669842,1.0107536
5478,74.07815,0.0,96.034904,6.310224,0.00058635336,0.0,0.4570098,1.0107485
5479,75.45278,0.0,87.21265,6.3102374,0.00082038646,0.0,0.43555504,1.0107436
5480,59.1064,0.0,88.26354,6.3102517,0.00050890393,0.0,0.44501603,1.010739
5481,76.69992,0.0,90.949905,6.3102655,0.0007367552,0.0,0.4212157,1.0107342
5482,73.289925,0.0,104.16603,6.310281,0.0004997454,0.0,0.42430538,1.0107299
5483,84.24545,0.0,89.81281,6.3102956,0.0007553672,0.0,0.46534675,1.0107257
5484,68.23527,0.0,98.32295,6.310308,0.00053740724,0.0,0.44568503,1.0107216
5485,64.161865,0.0,88.91291,6.3103223,0.00067598745,0.0,0.43684262,1.0107179
5486,67.56173,0.0,89.49763,6.3103347,0.0009770407,0.0,0.41659278,1.0107143
5487,76.48841,0.0,73.55132,6.3103485,0.000851844,0.0,0.45044208,1.0107107
5488,102.15584,0.0,73.257576,6.3103566,0.00084319845,0.0,0.4481531,1.0107111
5489,82.64611,0.0,84.280396,6.310359,0.0011628936,0.0,0.42559642,1.0107108
5490,67.96756,0.0,80.8728,6.310361,0.00062638626,0.0,0.45592174,1.0107104
5491,83.691475,0.0,103.193115,6.310363,0.00066709344,0.0,0.4256533,1.0107096
5492,60.915127,0.0,94.24074,6.31036,0.00071638264,0.0,0.42502174,1.0107087
5493,70.46231,0.0,106.17747,6.310357,0.00055830006,0.0,0.4246726,1.0107075
5494,65.63383,0.0,86.62078,6.310359,0.00065106654,0.0,0.40716404,1.0107065
5495,98.385735,0.0,82.69904,6.310359,0.00096504856,0.0,0.4238469,1.0107054
5496,73.8256,0.0,93.130905,6.3103566,0.00066337816,0.0,0.44936955,1.010704
5497,70.06679,0.0,79.663376,6.3103504,0.00047339755,0.0,0.42043886,1.0107025
5498,60.04068,0.0,92.22165,6.3103437,0.0007004499,0.0,0.43916202,1.0107011
5499,73.71996,0.0,85.50843,6.3103366,0.0011600503,0.0,0.43471766,1.0106993
5500,81.22041,0.0,98.870705,6.3103347,0.0005644347,0.0,0.43238854,1.0106977
5501,73.007355,0.0,71.82234,6.3103333,0.00048382318,0.0,0.42646393,1.0106956
5502,53.64497,0.0,103.34674,6.310334,0.00071861106,0.0,0.4264018,1.0106934
5503,84.19457,0.0,99.0754,6.3103395,0.0006244979,0.0,0.40845197,1.010691
5504,88.27755,0.0,88.770485,6.3103495,0.0005802139,0.0,0.4519665,1.0106888
5505,96.17269,0.0,91.48322,6.310363,0.0006226804,0.0,0.42473516,1.0106866
5506,92.955,0.0,82.89794,6.3103766,0.0006853164,0.0,0.4337859,1.0106844
5507,108.89212,0.0,68.42072,6.310391,0.0006414991,0.0,0.41137308,1.0106819
5508,69.670235,0.0,79.13704,6.3104053,0.0007678898,0.0,0.38837084,1.0106732
5509,80.38536,0.0,91.88428,6.310421,0.000773532,0.0,0.41201255,1.0106655
5510,58.989494,0.0,93.26598,6.310437,0.00067035406,0.0,0.44358525,1.010658
5511,75.88567,0.0,106.946915,6.3104553,0.0006393546,0.0,0.41442555,1.0106512
5512,91.91958,0.0,88.18457,6.3104725,0.00062556454,0.0,0.43641612,1.010647
5513,63.139915,0.0,72.02358,6.3104887,0.000626424,0.0,0.43669996,1.010643
5514,84.72088,0.0,84.36074,6.3105083,0.0007268325,0.0,0.47083133,1.010639
5515,82.15309,0.0,76.402214,6.3105254,0.00069119333,0.0,0.43023878,1.0106353
5516,73.64212,0.0,90.42634,6.3105397,0.00055956026,0.0,0.4427795,1.0106313
5517,71.891014,0.0,66.97485,6.3105516,0.0006153743,0.0,0.41659555,1.0106279
5518,64.04696,0.0,76.59786,6.3105655,0.00043544284,0.0,0.43022287,1.0106242
5519,91.24521,0.0,89.74544,6.3105783,0.0007979128,0.0,0.48074302,1.0106279
5520,80.72197,0.0,82.7327,6.3105836,0.00065645063,0.0,0.4122195,1.0106312
5521,75.094696,0.0,94.179306,6.310587,0.00067814736,0.0,0.4123009,1.0106342
5522,78.092316,0.0,65.84141,6.310585,0.0005485072,0.0,0.43763816,1.0106366
5523,74.70947,0.0,80.403496,6.3105826,0.00064809085,0.0,0.41586804,1.0106387
5524,98.66973,0.0,98.97043,6.310583,0.0007147769,0.0,0.42813993,1.0106404
5525,73.45135,0.0,91.48097,6.310585,0.00063727505,0.0,0.44360968,1.0106417
5526,62.398956,0.0,91.56194,6.310588,0.0006155463,0.0,0.40505165,1.0106425
5527,71.34088,0.0,80.29575,6.310592,0.00044943905,0.0,0.4139088,1.0106434
5528,61.482033,0.0,91.90979,6.310597,0.0006170087,0.0,0.41939175,1.0106437
5529,72.731804,0.0,92.70916,6.3106036,0.0006867395,0.0,0.42165598,1.010642
5530,69.870766,0.0,89.24831,6.3106093,0.0007525877,0.0,0.38565648,1.0106436
5531,73.907814,0.0,75.3911,6.310618,0.00048401463,0.0,0.4643669,1.0106452
5532,68.76492,0.0,98.6317,6.310632,0.0005703971,0.0,0.43313918,1.0106463
5533,81.61842,0.0,105.907104,6.3106456,0.00064855313,0.0,0.43387538,1.0106473
5534,61.954216,0.0,82.7572,6.3106556,0.0006213052,0.0,0.45442757,1.0106479
5535,104.073906,0.0,90.55145,6.310664,0.0008710988,0.0,0.42450103,1.0106483
5536,64.755,0.0,77.539444,6.310674,0.0007776263,0.0,0.39295372,1.0106386
5537,81.19675,0.0,88.83022,6.310684,0.00090052927,0.0,0.41520637,1.01063
5538,75.24237,0.0,104.97184,6.310697,0.0007449746,0.0,0.42648315,1.0106229
5539,63.151367,0.0,85.15348,6.310703,0.0008583867,0.0,0.432635,1.0106137
5540,67.7008,0.0,81.886406,6.3107142,0.00074554136,0.0,0.4509246,1.0106056
5541,64.82549,0.0,81.25905,6.3107257,0.00045025325,0.0,0.41230878,1.0105956
5542,98.23216,0.0,108.41159,6.3107343,0.000501001,0.0,0.46481484,1.0105844
5543,80.598465,0.0,87.31294,6.3107433,0.00072462985,0.0,0.4178711,1.0105742
5544,79.90325,0.0,81.24464,6.3107505,0.0006118869,0.0,0.45944747,1.0105654
5545,79.93203,0.0,88.36014,6.3107524,0.0005608368,0.0,0.4496313,1.0105588
5546,79.56356,0.0,89.15715,6.3107557,0.0008160899,0.0,0.4324902,1.0105529
5547,79.78695,0.0,86.88719,6.3107533,0.0005270398,0.0,0.4362708,1.0105472
5548,67.455734,0.0,92.38534,6.3107557,0.0010795065,0.0,0.47544107,1.010542
5549,77.28807,0.0,62.429474,6.3107595,0.00072811043,0.0,0.43919748,1.0105371
5550,66.388596,0.0,89.02012,6.310766,0.0012228198,0.0,0.40084094,1.0105325
5551,71.59323,0.0,75.27718,6.310774,0.0006453247,0.0,0.47784135,1.0105281
5552,72.47365,0.0,78.00666,6.310785,0.0008371744,0.0,0.40024513,1.010524
5553,74.81249,0.0,86.50918,6.3107967,0.00096936605,0.0,0.4135117,1.0105218
5554,62.99913,0.0,80.73807,6.3108025,0.00056959095,0.0,0.411574,1.0105195
5555,69.523094,0.0,95.86035,6.3108053,0.0007581915,0.0,0.42437467,1.0105196
5556,83.69489,0.0,88.18034,6.3108077,0.0007178771,0.0,0.41260666,1.0105194
5557,67.95226,0.0,54.515476,6.310809,0.00096003094,0.0,0.40968502,1.0105189
5558,62.142147,0.0,84.44893,6.3108177,0.00078163284,0.0,0.41958874,1.0105184
5559,69.92365,0.0,103.55193,6.310827,0.00084862206,0.0,0.4198231,1.0105175
5560,77.630646,0.0,91.06177,6.3108373,0.0007722769,0.0,0.43758506,1.0105168
5561,77.21649,0.0,106.68154,6.310842,0.0009314667,0.0,0.43202227,1.0105156
5562,100.725174,0.0,95.51333,6.3108487,0.000766048,0.0,0.45592436,1.0105144
5563,78.54575,0.0,91.826965,6.3108587,0.0006642497,0.0,0.42908654,1.010513
5564,93.48258,0.0,83.80829,6.31087,0.0007215905,0.0,0.46962452,1.0105115
5565,63.81935,0.0,88.19811,6.3108826,0.00057820906,0.0,0.42907333,1.01051
5566,90.7248,0.0,84.31463,6.310893,0.000719973,0.0,0.412435,1.0105084
5567,77.24262,0.0,85.54564,6.3109045,0.00061529217,0.0,0.44255564,1.0105066
5568,73.021576,0.0,80.49762,6.310915,0.0012573248,0.0,0.41231975,1.0105047
5569,85.199,0.0,72.08267,6.310927,0.0008308919,0.0,0.43183312,1.0105028
5570,68.37285,0.0,102.279,6.3109365,0.0007459751,0.0,0.42194462,1.0105008
5571,87.38089,0.0,102.61131,6.310948,0.0006018375,0.0,0.41663834,1.0104988
5572,86.62319,0.0,68.09744,6.310957,0.0007261572,0.0,0.41055012,1.0104969
5573,69.10426,0.0,75.5926,6.3109674,0.0009820539,0.0,0.44558018,1.0104952
5574,88.486244,0.0,100.195915,6.3109765,0.00065368874,0.0,0.41408455,1.0104932
5575,72.99845,0.0,105.7516,6.3109794,0.0008154112,0.0,0.43122882,1.0104913
5576,84.50374,0.0,78.41351,6.3109837,0.00051533635,0.0,0.43712282,1.0104892
5577,56.77115,0.0,90.62316,6.3109894,0.00067158596,0.0,0.41120964,1.0104872
5578,60.58055,0.0,97.56753,6.310995,0.00082866906,0.0,0.4256065,1.010485
5579,64.67915,0.0,115.19671,6.310995,0.0009850718,0.0,0.4787659,1.0104799
5580,79.40571,0.0,101.01299,6.310999,0.0005358839,0.0,0.45096606,1.0104774
5581,88.54696,0.0,89.65137,6.311006,0.00069950277,0.0,0.39128995,1.0104748
5582,75.23267,0.0,73.85395,6.311011,0.0005845913,0.0,0.40326032,1.010477
5583,67.73722,0.0,77.372505,6.311015,0.0006143536,0.0,0.40340257,1.0104786
5584,75.05356,0.0,88.17423,6.3110137,0.00078724435,0.0,0.40050802,1.01048
5585,66.66987,0.0,71.34197,6.311014,0.00074065744,0.0,0.44961953,1.0104872
5586,79.507065,0.0,66.1916,6.3110127,0.00061986357,0.0,0.39533466,1.0104936
5587,54.92417,0.0,80.697044,6.311015,0.0008916297,0.0,0.4498222,1.0105022
5588,65.172676,0.0,85.06783,6.3110185,0.00085373037,0.0,0.4399669,1.01051
5589,86.71102,0.0,89.342415,6.3110213,0.00059838046,0.0,0.4354508,1.0105166
5590,78.9443,0.0,82.688034,6.311021,0.00066459243,0.0,0.43930098,1.0105226
5591,62.91432,0.0,128.60774,6.3110223,0.0007298896,0.0,0.414711,1.0105276
5592,56.12579,0.0,72.09646,6.311026,0.00057997426,0.0,0.4268508,1.0105293
5593,117.43253,0.0,89.77265,6.311031,0.0008305814,0.0,0.4269212,1.010531
5594,85.15092,0.0,108.22368,6.3110347,0.0005228666,0.0,0.47243047,1.0105318
5595,83.60693,0.0,81.21536,6.311038,0.00081031595,0.0,0.4281033,1.0105326
5596,84.332794,0.0,93.911606,6.311039,0.0007497007,0.0,0.43178794,1.0105331
5597,63.68613,0.0,106.216995,6.3110347,0.00109214,0.0,0.45797667,1.0105333
5598,82.64268,0.0,84.304886,6.3110285,0.0005519091,0.0,0.42597133,1.0105331
5599,59.313152,0.0,85.86038,6.311023,0.0008196782,0.0,0.43021226,1.0105329
5600,82.2687,0.0,97.59424,6.3110204,0.00088211836,0.0,0.39888805,1.0105321
5601,92.05913,0.0,92.60529,6.311021,0.0007360836,0.0,0.44475704,1.010531
5602,75.329254,0.0,82.29924,6.311017,0.0006561509,0.0,0.484233,1.0105298
5603,72.02674,0.0,55.47414,6.311015,0.0007148708,0.0,0.46159142,1.0105284
5604,61.207176,0.0,117.77142,6.311018,0.0006960359,0.0,0.4453188,1.0105268
5605,83.60205,0.0,95.60598,6.311022,0.000689995,0.0,0.397749,1.0105227
5606,91.23664,0.0,102.67396,6.3110285,0.00050756935,0.0,0.46613201,1.0105275
5607,69.21387,0.0,83.486115,6.31103,0.0005119664,0.0,0.44124883,1.0105318
5608,59.19769,0.0,86.726135,6.311031,0.0007765779,0.0,0.40910086,1.0105351
5609,77.24849,0.0,71.754234,6.3110404,0.0007215919,0.0,0.43106693,1.0105385
5610,95.30081,0.0,73.73761,6.3110495,0.000683628,0.0,0.45166916,1.0105412
5611,68.7712,0.0,80.50774,6.31106,0.00055091805,0.0,0.43571156,1.0105433
5612,82.76826,0.0,87.34402,6.3110714,0.00056008383,0.0,0.4290155,1.010545
5613,82.50288,0.0,96.2961,6.3110824,0.00063042296,0.0,0.39650914,1.0105464
5614,69.86286,0.0,60.71189,6.311093,0.0008822011,0.0,0.4392637,1.0105472
5615,85.116974,0.0,86.02549,6.311106,0.0007920745,0.0,0.43297017,1.0105469
5616,93.54685,0.0,83.77865,6.3111196,0.000737229,0.0,0.44049996,1.0105462
5617,82.59576,0.0,86.58358,6.31113,0.00061935734,0.0,0.41884097,1.0105455
5618,84.23265,0.0,86.05348,6.311137,0.00052828924,0.0,0.41451478,1.0105442
5619,63.22884,0.0,84.34486,6.3111415,0.00069392397,0.0,0.44766206,1.0105428
5620,70.42693,0.0,87.71096,6.311148,0.0006069797,0.0,0.44745523,1.0105416
5621,83.593765,0.0,93.377205,6.311151,0.0007365166,0.0,0.46037334,1.0105399
5622,65.94685,0.0,89.732124,6.311159,0.00073633995,0.0,0.4008866,1.0105382
5623,100.139465,0.0,100.56476,6.311168,0.0004883243,0.0,0.4554444,1.0105364
5624,63.528378,0.0,101.68328,6.3111763,0.0006603901,0.0,0.43596447,1.0105345
5625,82.38369,0.0,73.86911,6.3111854,0.0007766051,0.0,0.41093954,1.0105324
5626,72.7913,0.0,89.97345,6.3112006,0.0007090423,0.0,0.41200036,1.0105306
5627,59.313545,0.0,74.42506,6.3112197,0.00064199016,0.0,0.41658652,1.0105287
5628,67.54313,0.0,81.51655,6.3112416,0.00082392356,0.0,0.4147025,1.0105269
5629,61.283424,0.0,59.089756,6.311267,0.00065950974,0.0,0.41964945,1.0105339
5630,67.38851,0.0,81.413345,6.3112884,0.0007003965,0.0,0.44047686,1.01054
5631,94.134926,0.0,89.58609,6.311311,0.00062476925,0.0,0.45442653,1.0105456
5632,80.264,0.0,73.92879,6.311333,0.00080374756,0.0,0.4316679,1.0105513
5633,86.42904,0.0,86.074554,6.3113527,0.00079748634,0.0,0.44469833,1.0105565
5634,59.29197,0.0,79.656525,6.3113647,0.0007623757,0.0,0.45914578,1.0105609
5635,92.35532,0.0,91.74925,6.3113756,0.0007283256,0.0,0.42709368,1.0105697
5636,96.29011,0.0,90.10681,6.3113847,0.0009590184,0.0,0.41399845,1.0105826
5637,84.07509,0.0,86.49397,6.3113847,0.00056008756,0.0,0.42053398,1.0105939
5638,67.74934,0.0,89.41372,6.311391,0.0006214618,0.0,0.41730222,1.0106039
5639,77.71258,0.0,79.54525,6.311394,0.0008580913,0.0,0.42898744,1.010613
5640,89.92607,0.0,73.78472,6.311395,0.00071048265,0.0,0.42631972,1.0106207
5641,75.04914,0.0,107.09601,6.3114,0.00071405806,0.0,0.43916863,1.0106276
5642,69.84782,0.0,75.90741,6.31141,0.0006244939,0.0,0.4674483,1.0106335
5643,64.524086,0.0,68.792015,6.311419,0.0006763274,0.0,0.47444138,1.0106386
5644,73.02268,0.0,72.29799,6.3114243,0.0009836238,0.0,0.45618352,1.0106431
5645,71.08634,0.0,78.37905,6.311425,0.0006380049,0.0,0.40697974,1.0106468
5646,75.02072,0.0,111.644966,6.3114257,0.000648028,0.0,0.43101555,1.0106498
5647,68.712135,0.0,83.654335,6.311428,0.0009113457,0.0,0.43644494,1.0106523
5648,94.96062,0.0,90.128075,6.311434,0.00092597347,0.0,0.46157217,1.0106543
5649,73.585396,0.0,68.13846,6.3114424,0.00067055074,0.0,0.41793466,1.0106547
5650,74.57912,0.0,97.35229,6.3114486,0.0006410589,0.0,0.4053888,1.0106546
5651,67.14041,0.0,72.88311,6.311455,0.0007565624,0.0,0.45472503,1.0106548
5652,105.814156,0.0,81.851166,6.311459,0.0006696045,0.0,0.4204005,1.0106547
5653,89.80436,0.0,109.928955,6.311461,0.00080422283,0.0,0.44649372,1.0106542
5654,93.79834,0.0,78.1848,6.3114643,0.0010531342,0.0,0.4680353,1.0106537
5655,74.0073,0.0,89.28363,6.3114686,0.00072876725,0.0,0.44839358,1.0106554
5656,76.38821,0.0,103.91264,6.3114696,0.0006214349,0.0,0.4327875,1.0106577
5657,75.46081,0.0,85.02422,6.3114705,0.0006856685,0.0,0.49584317,1.0106597
5658,83.3295,0.0,73.45936,6.3114715,0.00072141166,0.0,0.45350993,1.0106614
5659,82.259224,0.0,113.119026,6.3114743,0.0007238125,0.0,0.40716022,1.0106626
5660,81.16046,0.0,89.73825,6.3114786,0.0005900011,0.0,0.4546215,1.0106642
5661,85.20436,0.0,97.73237,6.31149,0.0006542252,0.0,0.4362156,1.0106654
5662,79.28889,0.0,89.67478,6.3115,0.00070918375,0.0,0.42075214,1.0106664
5663,78.970604,0.0,110.62157,6.311511,0.00090728176,0.0,0.46219525,1.010667
5664,96.14901,0.0,101.07878,6.3115277,0.0007289428,0.0,0.44054216,1.0106672
5665,64.43825,0.0,72.02612,6.3115406,0.00074881566,0.0,0.43598706,1.0106671
5666,87.636024,0.0,76.9832,6.311552,0.00092042657,0.0,0.44102943,1.0106667
5667,96.55486,0.0,98.94857,6.311564,0.0005751888,0.0,0.45412812,1.0106661
5668,65.15647,0.0,78.232994,6.311578,0.00048659949,0.0,0.45929664,1.0106653
5669,103.20853,0.0,85.76807,6.3115897,0.00063687447,0.0,0.43444023,1.0106646
5670,87.97045,0.0,86.45691,6.3116035,0.00069924764,0.0,0.4051165,1.0106635
5671,72.112404,0.0,77.24051,6.3116164,0.0006902066,0.0,0.41961998,1.0106623
5672,61.84171,0.0,110.30843,6.3116255,0.00080287963,0.0,0.47339666,1.0106599
5673,66.72718,0.0,68.78523,6.3116326,0.0006529875,0.0,0.41809195,1.0106758
5674,74.15675,0.0,84.390366,6.311639,0.00084528374,0.0,0.41806847,1.0106896
5675,80.915634,0.0,80.71636,6.311648,0.00045148295,0.0,0.47057933,1.0107002
5676,66.72285,0.0,82.860725,6.3116574,0.0007105437,0.0,0.3957945,1.0107094
5677,91.89082,0.0,84.812515,6.311667,0.0007651526,0.0,0.40792006,1.0107179
5678,75.61945,0.0,83.40647,6.3116746,0.0009428667,0.0,0.4115146,1.010725
5679,75.05525,0.0,97.23481,6.311679,0.0008738064,0.0,0.43781608,1.0107311
5680,58.97646,0.0,96.225174,6.31169,0.0008811249,0.0,0.43324527,1.0107366
5681,96.12124,0.0,97.51597,6.311704,0.0008972627,0.0,0.41563886,1.010741
5682,82.395805,0.0,114.03228,6.3117175,0.00069026195,0.0,0.4492314,1.010745
5683,67.55414,0.0,89.89846,6.311732,0.0008505996,0.0,0.4283921,1.0107483
5684,60.820774,0.0,61.77434,6.3117423,0.000698148,0.0,0.41836405,1.0107626
5685,56.36625,0.0,96.8278,6.3117514,0.0007186669,0.0,0.4279651,1.0107756
5686,60.756622,0.0,85.41473,6.3117604,0.00063557824,0.0,0.45967513,1.0107869
5687,88.31634,0.0,95.885445,6.31177,0.0010718534,0.0,0.39841652,1.0107969
5688,90.039246,0.0,72.759865,6.3117805,0.0006363696,0.0,0.4405834,1.010806
5689,65.387085,0.0,86.4663,6.31179,0.0008545723,0.0,0.45830405,1.0108138
5690,69.39191,0.0,81.03047,6.3117976,0.00082445086,0.0,0.41880497,1.0108187
5691,77.90808,0.0,102.15659,6.3118057,0.0006544573,0.0,0.40247163,1.0108238
5692,79.50228,0.0,106.938805,6.3118105,0.0004999709,0.0,0.46374422,1.0108283
5693,78.68409,0.0,93.87235,6.3118167,0.0007889308,0.0,0.417628,1.0108322
5694,97.31142,0.0,89.18229,6.3118234,0.00076272123,0.0,0.44168425,1.0108354
5695,94.71599,0.0,86.46137,6.311828,0.0010920094,0.0,0.46652365,1.0108379
5696,71.33055,0.0,90.444565,6.3118305,0.0009198091,0.0,0.39507264,1.0108396
5697,85.667984,0.0,82.70219,6.3118343,0.00067711796,0.0,0.41748556,1.0108408
5698,77.67352,0.0,91.55711,6.311834,0.00064576295,0.0,0.43275487,1.0108417
5699,70.109474,0.0,88.24554,6.311832,0.0008848467,0.0,0.44323903,1.0108422
5700,72.882065,0.0,97.498215,6.31183,0.0005668368,0.0,0.41949925,1.0108505
5701,69.51642,0.0,101.935524,6.3118286,0.0006043148,0.0,0.42558202,1.0108576
5702,78.62756,0.0,104.75286,6.311833,0.00087499083,0.0,0.43134743,1.0108639
5703,64.91826,0.0,93.48035,6.3118296,0.0007167875,0.0,0.43856248,1.0108694
5704,69.68359,0.0,76.38447,6.3118253,0.000625588,0.0,0.42973956,1.0108739
5705,63.576157,0.0,101.8534,6.311828,0.0004664567,0.0,0.4333695,1.0108777
5706,64.21404,0.0,71.958015,6.3118343,0.0007537621,0.0,0.45286983,1.0108811
5707,90.72471,0.0,79.57036,6.311848,0.0007163362,0.0,0.45651612,1.0108839
5708,70.24457,0.0,56.086647,6.3118644,0.0005977186,0.0,0.422152,1.010886
5709,86.03544,0.0,75.81267,6.3118834,0.0006041196,0.0,0.43054134,1.0108879
5710,74.492065,0.0,91.885445,6.311897,0.00068765774,0.0,0.47296828,1.0108892
5711,73.310455,0.0,79.60291,6.3119154,0.00037638424,0.0,0.43361554,1.0108902
5712,82.216194,0.0,90.21684,6.311933,0.00072169513,0.0,0.47606152,1.0108907
5713,71.82965,0.0,95.05752,6.3119497,0.0008420618,0.0,0.42312157,1.010891
5714,64.041725,0.0,88.392296,6.3119645,0.0008646654,0.0,0.41608828,1.0108911
5715,87.775505,0.0,97.04331,6.3119817,0.0007540798,0.0,0.42333007,1.0108922
5716,96.32312,0.0,71.81921,6.3120003,0.0006445874,0.0,0.42818147,1.0108893
5717,88.67028,0.0,102.87227,6.312021,0.0008955607,0.0,0.42778406,1.0108865
5718,49.614384,0.0,82.00602,6.312034,0.0006332514,0.0,0.4683095,1.0108838
5719,63.17166,0.0,86.70192,6.3120475,0.00065559027,0.0,0.44635686,1.0108812
5720,75.185905,0.0,78.89576,6.3120627,0.00069332187,0.0,0.46653363,1.0108786
5721,74.2968,0.0,71.29791,6.312076,0.0009439794,0.0,0.4174742,1.010876
5722,70.43744,0.0,79.91486,6.312089,0.0006008151,0.0,0.43501765,1.0108733
5723,75.47201,0.0,97.568306,6.3121033,0.00074011245,0.0,0.41820544,1.0108706
5724,86.95095,0.0,86.9281,6.312119,0.0006201991,0.0,0.45508346,1.0108681
5725,76.79873,0.0,83.476875,6.312133,0.00065721327,0.0,0.42578995,1.0108656
5726,73.39173,0.0,72.094864,6.3121414,0.0008161728,0.0,0.41430444,1.0108631
5727,70.207886,0.0,82.165344,6.3121505,0.00093149673,0.0,0.48799896,1.0108604
5728,64.51362,0.0,94.00726,6.3121576,0.0008041196,0.0,0.43599734,1.0108576
5729,64.6374,0.0,100.42039,6.3121634,0.00068296347,0.0,0.44735536,1.0108547
5730,86.0845,0.0,92.49394,6.3121696,0.0008985059,0.0,0.45111117,1.010852
5731,76.68847,0.0,100.86824,6.312177,0.0005785456,0.0,0.43768582,1.010849
5732,71.82605,0.0,78.473526,6.3121877,0.0007793423,0.0,0.4357849,1.0108463
5733,85.440994,0.0,85.49604,6.3121967,0.0007637249,0.0,0.44310904,1.0108434
5734,82.74938,0.0,62.11578,6.3122044,0.0005033241,0.0,0.43410072,1.0108407
5735,69.677765,0.0,79.90193,6.31221,0.000506221,0.0,0.42757577,1.0108378
5736,85.586494,0.0,81.92828,6.3122168,0.0004774495,0.0,0.42839858,1.0108397
5737,83.77366,0.0,90.511086,6.312219,0.000722356,0.0,0.42870516,1.0108415
5738,75.04466,0.0,76.900566,6.312227,0.0005448541,0.0,0.41951904,1.0108427
5739,70.832405,0.0,109.741745,6.3122377,0.00074353925,0.0,0.4591288,1.0108434
5740,74.391304,0.0,71.815865,6.3122497,0.0005926511,0.0,0.46332496,1.010844
5741,64.22751,0.0,76.72096,6.312266,0.0008061065,0.0,0.43645605,1.0108442
5742,79.81478,0.0,74.03141,6.312284,0.000489161,0.0,0.44567108,1.010847
5743,81.86808,0.0,73.90809,6.312299,0.0005721247,0.0,0.41254568,1.0108491
5744,64.3614,0.0,77.24749,6.3123074,0.0007781981,0.0,0.44034034,1.0108507
5745,80.624214,0.0,92.19349,6.3123193,0.00048360118,0.0,0.42928895,1.0108521
5746,91.22301,0.0,65.74641,6.31233,0.0005003765,0.0,0.41686302,1.010853
5747,70.4222,0.0,82.640274,6.31234,0.00082673086,0.0,0.42461,1.0108534
5748,63.831745,0.0,80.05779,6.3123503,0.0007273968,0.0,0.45307946,1.0108536
5749,87.29227,0.0,80.917885,6.312363,0.00059065106,0.0,0.41348812,1.0108538
5750,76.85957,0.0,74.60688,6.3123746,0.00057265186,0.0,0.43689483,1.0108534
5751,76.64839,0.0,98.370445,6.312384,0.00087948353,0.0,0.4528628,1.0108539
5752,62.218082,0.0,84.33101,6.312395,0.000604263,0.0,0.39202738,1.010854
5753,96.39566,0.0,88.05504,6.3124113,0.0006345592,0.0,0.41554686,1.010854
5754,68.15204,0.0,76.51535,6.3124223,0.0005288428,0.0,0.42748392,1.0108538
5755,82.372215,0.0,78.75301,6.3124366,0.00047084255,0.0,0.4666688,1.0108533
5756,80.52544,0.0,83.08893,6.31245,0.0006022134,0.0,0.4622833,1.0108526
5757,76.48725,0.0,94.12499,6.3124595,0.00051907334,0.0,0.42894244,1.0108517
5758,69.44492,0.0,81.66823,6.3124747,0.00045613627,0.0,0.44070625,1.010851
5759,74.59499,0.0,75.660355,6.3124943,0.0007233423,0.0,0.46946487,1.0108501
5760,67.549385,0.0,118.068596,6.3125134,0.00062701915,0.0,0.437849,1.010849
5761,92.519,0.0,88.59497,6.312531,0.00057601806,0.0,0.4339816,1.0108477
5762,77.41066,0.0,80.43661,6.312543,0.0005968253,0.0,0.40933436,1.0108463
5763,64.99299,0.0,72.90963,6.312553,0.00049385324,0.0,0.4408025,1.0108447
5764,80.90717,0.0,119.14861,6.3125567,0.00065291347,0.0,0.47917494,1.0108432
5765,76.37185,0.0,85.309906,6.3125577,0.00057831756,0.0,0.45131838,1.010841
5766,73.07515,0.0,85.437584,6.312562,0.0006978667,0.0,0.41049045,1.0108413
5767,101.92792,0.0,72.88517,6.312568,0.000642106,0.0,0.41509724,1.0108422
5768,57.38755,0.0,112.75366,6.3125796,0.0006433503,0.0,0.41799435,1.0108428
5769,86.45673,0.0,97.063034,6.3125925,0.0006834554,0.0,0.42395636,1.0108434
5770,100.65702,0.0,94.80017,6.312602,0.0005920931,0.0,0.42688286,1.0108436
5771,69.75453,0.0,99.95228,6.312609,0.00063767284,0.0,0.4443222,1.0108436
5772,69.16296,0.0,88.93569,6.312614,0.0006012056,0.0,0.41713518,1.0108432
5773,69.99302,0.0,90.09634,6.312614,0.000707953,0.0,0.4018948,1.0108424
5774,89.00918,0.0,81.64564,6.312614,0.00047397026,0.0,0.430199,1.0108434
5775,83.42136,0.0,107.67056,6.3126144,0.00074243906,0.0,0.41088137,1.0108438
5776,68.40241,0.0,89.917854,6.312618,0.00036530205,0.0,0.41973138,1.010844
5777,71.10306,0.0,100.157326,6.312622,0.00078078406,0.0,0.43452606,1.010844
5778,81.66681,0.0,91.53854,6.3126206,0.0005818518,0.0,0.4039827,1.0108436
5779,77.662926,0.0,92.535934,6.3126144,0.000765565,0.0,0.41367316,1.0108432
5780,91.83571,0.0,84.28768,6.312607,0.00052381837,0.0,0.4545364,1.0108422
5781,80.79125,0.0,79.28366,6.312605,0.0006092306,0.0,0.43227848,1.0108414
5782,71.99608,0.0,76.6485,6.3125978,0.0006764072,0.0,0.4270475,1.0108402
5783,81.78436,0.0,86.14549,6.312591,0.00045475073,0.0,0.42759818,1.0108385
5784,84.55037,0.0,94.978905,6.312588,0.000618895,0.0,0.42226905,1.010837
5785,85.652016,0.0,88.76537,6.312586,0.0008027919,0.0,0.4377521,1.0108349
5786,66.254585,0.0,78.11177,6.3125863,0.00041292148,0.0,0.44537628,1.0108392
5787,88.342926,0.0,90.611275,6.3125844,0.0005690038,0.0,0.43175882,1.0108428
5788,75.41818,0.0,75.24323,6.3125877,0.00062029646,0.0,0.44849008,1.0108457
5789,68.47352,0.0,72.63985,6.312591,0.0005643793,0.0,0.42029876,1.0108482
5790,61.342243,0.0,70.13527,6.312596,0.0005471695,0.0,0.43948275,1.0108501
5791,59.70907,0.0,74.04734,6.312599,0.0008138162,0.0,0.41509765,1.0108516
5792,64.913055,0.0,85.63527,6.312606,0.00055275724,0.0,0.426377,1.0108527
5793,72.08239,0.0,77.30844,6.312614,0.00056843593,0.0,0.4102453,1.0108534
5794,61.48505,0.0,86.778366,6.312624,0.0006517334,0.0,0.4308474,1.0108538
5795,81.41954,0.0,92.719215,6.3126364,0.00049072714,0.0,0.4405907,1.0108539
5796,67.10193,0.0,94.8951,6.312648,0.0006574031,0.0,0.40872574,1.0108536
5797,73.291306,0.0,75.137726,6.312663,0.0005868532,0.0,0.40586266,1.0108532
5798,67.71071,0.0,74.58579,6.3126817,0.00059417,0.0,0.4386835,1.0108526
5799,81.44116,0.0,83.693245,6.3126984,0.00057253847,0.0,0.42560554,1.0108526
5800,74.17111,0.0,80.46829,6.3127184,0.00045880186,0.0,0.43220195,1.0108526
5801,67.05295,0.0,99.80859,6.3127427,0.00062129274,0.0,0.42081308,1.0108521
5802,72.56458,0.0,82.822655,6.31277,0.00063611096,0.0,0.44222972,1.0108515
5803,70.714874,0.0,79.384346,6.3127966,0.00063576864,0.0,0.43296444,1.0108573
5804,87.01933,0.0,67.75566,6.3128214,0.0007454892,0.0,0.43590772,1.0108622
5805,100.32936,0.0,79.73152,6.3128395,0.0006542957,0.0,0.51578164,1.0108664
5806,74.287315,0.0,77.44317,6.312853,0.0006292749,0.0,0.4295054,1.0108701
5807,70.90937,0.0,101.48926,6.3128624,0.0006465261,0.0,0.4735875,1.010873
5808,68.84526,0.0,75.68441,6.312874,0.00087375165,0.0,0.4330276,1.0108755
5809,67.53959,0.0,84.07673,6.3128877,0.0005888253,0.0,0.45012075,1.0108832
5810,79.50309,0.0,87.763,6.3129005,0.00079821947,0.0,0.4106258,1.0108899
5811,74.02015,0.0,90.576775,6.312915,0.0006339165,0.0,0.47856045,1.0108956
5812,61.672638,0.0,96.50402,6.312934,0.00054686575,0.0,0.4397053,1.0109005
5813,69.62592,0.0,80.37665,6.3129516,0.00042119756,0.0,0.4300322,1.0109048
5814,61.69344,0.0,75.10324,6.3129735,0.00072090514,0.0,0.41823158,1.0109081
5815,64.210304,0.0,86.334366,6.312998,0.0007306631,0.0,0.4381122,1.0109116
5816,73.149765,0.0,78.60198,6.313024,0.00058588595,0.0,0.4449818,1.0109143
5817,57.914894,0.0,93.44581,6.313047,0.00093716534,0.0,0.42168006,1.0109168
5818,84.87104,0.0,68.49647,6.3130655,0.0007813903,0.0,0.41966352,1.0109185
5819,79.8695,0.0,71.70051,6.313084,0.0004789502,0.0,0.401555,1.0109198
5820,85.14038,0.0,80.866356,6.313098,0.0010409576,0.0,0.4275542,1.0109208
5821,82.14845,0.0,72.81082,6.313111,0.0008057349,0.0,0.42661524,1.010921
5822,84.00902,0.0,96.85755,6.3131166,0.00062069553,0.0,0.44483352,1.010921
5823,85.57946,0.0,83.03862,6.313117,0.00060707814,0.0,0.45967674,1.0109209
5824,87.256294,0.0,112.27356,6.313115,0.00080883666,0.0,0.43066406,1.0109202
5825,77.84443,0.0,78.86745,6.3131113,0.0006355465,0.0,0.4270668,1.0109196
5826,78.84382,0.0,84.4577,6.3131037,0.00052659726,0.0,0.40156817,1.0109186
5827,88.3382,0.0,78.50145,6.3130927,0.00038920794,0.0,0.40499687,1.0109175
5828,76.5408,0.0,85.88695,6.313086,0.0006334787,0.0,0.42199978,1.0109162
5829,65.77194,0.0,97.188065,6.3130803,0.0006119334,0.0,0.43428633,1.0109152
5830,75.80994,0.0,92.125435,6.3130803,0.0005379837,0.0,0.4401594,1.010914
5831,81.788284,0.0,93.52355,6.3130813,0.0007369457,0.0,0.41440576,1.0109127
5832,79.71854,0.0,78.926506,6.31308,0.0005388122,0.0,0.3991024,1.0109112
5833,81.67433,0.0,97.50588,6.313077,0.0005522242,0.0,0.43183947,1.0109097
5834,90.042625,0.0,80.79656,6.313078,0.0004898857,0.0,0.41620415,1.0109074
5835,64.55915,0.0,73.95944,6.3130765,0.0007307054,0.0,0.44337198,1.0109059
5836,60.206104,0.0,80.445465,6.3130774,0.0005387659,0.0,0.42250216,1.0109037
5837,77.56515,0.0,74.93795,6.3130794,0.0006003228,0.0,0.4688288,1.0109016
5838,55.465588,0.0,120.75729,6.313088,0.0007439677,0.0,0.4384666,1.0108992
5839,90.448616,0.0,78.359634,6.3130984,0.0008216497,0.0,0.41393661,1.0108969
5840,71.08071,0.0,101.14147,6.3131056,0.0011124689,0.0,0.43145904,1.0109098
5841,80.958115,0.0,81.4221,6.3131227,0.00051648705,0.0,0.40008792,1.0109227
5842,82.34174,0.0,89.219315,6.313146,0.0009771658,0.0,0.45597523,1.0109346
5843,76.80042,0.0,117.904366,6.31317,0.0007185491,0.0,0.42895898,1.0109454
5844,72.126785,0.0,91.197624,6.313196,0.00064790196,0.0,0.42978138,1.0109552
5845,64.940926,0.0,75.76133,6.3132195,0.0006492307,0.0,0.4014431,1.010964
5846,67.99606,0.0,74.562614,6.313239,0.00090444076,0.0,0.40897292,1.010963
5847,91.313965,0.0,96.99329,6.313256,0.000443778,0.0,0.4596401,1.0109619
5848,88.835045,0.0,92.640884,6.3132663,0.0005116602,0.0,0.40835285,1.0109609
5849,63.405804,0.0,83.19483,6.313275,0.0005094369,0.0,0.45664388,1.0109597
5850,62.64607,0.0,88.93724,6.3132834,0.00074476487,0.0,0.45235133,1.0109587
5851,64.71984,0.0,73.90754,6.3132873,0.00051679375,0.0,0.4633505,1.0109575
5852,85.03856,0.0,107.269104,6.3132887,0.00058919744,0.0,0.43161854,1.0109615
5853,62.40134,0.0,98.35855,6.3132873,0.0006403139,0.0,0.43042326,1.0109651
5854,69.353485,0.0,86.529655,6.313283,0.0006818259,0.0,0.4570958,1.0109683
5855,75.51814,0.0,82.77509,6.3132763,0.00053297426,0.0,0.45328268,1.0109711
5856,90.161705,0.0,67.25837,6.3132753,0.0007238467,0.0,0.42416677,1.0109736
5857,85.79863,0.0,97.1069,6.313275,0.00076137995,0.0,0.4208766,1.0109754
5858,67.80109,0.0,84.52339,6.313279,0.00071014906,0.0,0.41029045,1.0109771
5859,64.07881,0.0,78.147835,6.313281,0.00051420997,0.0,0.4105409,1.0109783
5860,79.09927,0.0,85.506966,6.313282,0.0010063683,0.0,0.45760918,1.0109819
5861,67.38768,0.0,92.81241,6.313285,0.00053129153,0.0,0.42321023,1.010985
5862,62.124424,0.0,88.04912,6.3132863,0.0008798269,0.0,0.4430511,1.0109876
5863,58.882557,0.0,93.31622,6.313291,0.00090912933,0.0,0.46471834,1.0109895
5864,81.15975,0.0,72.43128,6.3132973,0.00071725127,0.0,0.45361727,1.0109912
5865,73.97126,0.0,80.7396,6.313307,0.000658269,0.0,0.41333875,1.0109925
5866,54.731583,0.0,76.24727,6.313321,0.0007113476,0.0,0.4136567,1.0109935
5867,73.68388,0.0,77.48509,6.3133383,0.00067211455,0.0,0.4427955,1.010994
5868,61.485195,0.0,75.802086,6.3133574,0.0006350379,0.0,0.43477315,1.0109905
5869,68.927475,0.0,79.26043,6.3133774,0.00068697624,0.0,0.46010804,1.0109875
5870,70.91606,0.0,80.5133,6.313396,0.00097221247,0.0,0.42650443,1.0109843
5871,68.16812,0.0,93.79235,6.3134174,0.00070197356,0.0,0.47380322,1.0109813
5872,76.34473,0.0,96.54023,6.313436,0.00060895085,0.0,0.41015023,1.0109887
5873,95.12848,0.0,76.51358,6.3134575,0.0006576978,0.0,0.41571122,1.0109949
5874,68.48387,0.0,87.61828,6.3134747,0.00081780454,0.0,0.4605411,1.010997
5875,96.27091,0.0,77.30318,6.313487,0.0005518893,0.0,0.44992334,1.0110004
5876,89.498955,0.0,79.25129,6.3134995,0.0006808861,0.0,0.44837198,1.0110053
5877,95.70755,0.0,92.98737,6.313506,0.0007156036,0.0,0.45137748,1.0110095
5878,86.99217,0.0,95.439186,6.31351,0.00057897944,0.0,0.43214124,1.011013
5879,79.1794,0.0,99.19105,6.3135033,0.0006207851,0.0,0.44552702,1.011016
5880,74.27407,0.0,71.39887,6.3134947,0.000444741,0.0,0.45442808,1.0110182
5881,67.638885,0.0,81.59556,6.313489,0.000441074,0.0,0.4208309,1.0110203
5882,56.477337,0.0,90.98229,6.313484,0.0006558056,0.0,0.45953625,1.0110216
5883,90.709984,0.0,77.40115,6.3134813,0.0004966996,0.0,0.42365134,1.0110155
5884,73.429756,0.0,89.63481,6.313476,0.0005666293,0.0,0.4388666,1.0110106
5885,64.69779,0.0,78.864136,6.313475,0.0006745291,0.0,0.4483002,1.011006
5886,85.69579,0.0,95.55109,6.3134756,0.0008135302,0.0,0.4395833,1.0110017
5887,70.10674,0.0,80.26494,6.3134785,0.0007232282,0.0,0.4365099,1.0109975
5888,89.63397,0.0,86.28764,6.3134837,0.000549961,0.0,0.4521727,1.0109936
5889,75.97707,0.0,79.70962,6.313491,0.00055234856,0.0,0.45961845,1.0109909
5890,98.158295,0.0,91.853,6.313501,0.0005465919,0.0,0.42831334,1.0109881
5891,80.30625,0.0,92.06083,6.3135138,0.0004575966,0.0,0.42230988,1.0109853
5892,66.83704,0.0,111.60724,6.313529,0.00083027984,0.0,0.42866847,1.0109826
5893,68.65909,0.0,79.786385,6.313542,0.00067749986,0.0,0.45846683,1.0109799
5894,103.51903,0.0,72.2021,6.3135552,0.0009240329,0.0,0.43890464,1.0109818
5895,84.81756,0.0,84.26357,6.3135633,0.00057049916,0.0,0.42366093,1.0109831
5896,77.56878,0.0,114.4266,6.313572,0.00094220554,0.0,0.41455382,1.0109843
5897,68.185234,0.0,86.8093,6.313581,0.00036838776,0.0,0.4540932,1.0109851
5898,67.24323,0.0,82.142715,6.31359,0.00074818777,0.0,0.4426152,1.0109875
5899,75.84083,0.0,60.583065,6.3135977,0.00062636903,0.0,0.44488308,1.0109895
5900,78.581,0.0,80.45261,6.313605,0.00063954684,0.0,0.42727005,1.0109909
5901,72.91838,0.0,69.68021,6.313609,0.00058288034,0.0,0.4246032,1.0109919
5902,71.39274,0.0,77.69226,6.3136187,0.00072028895,0.0,0.4016535,1.0109925
5903,71.00454,0.0,91.81874,6.313631,0.0005655185,0.0,0.4047061,1.010993
5904,78.036514,0.0,94.505516,6.313641,0.000617617,0.0,0.4457888,1.010993
5905,77.583694,0.0,59.667603,6.313646,0.00056041044,0.0,0.43492,1.0109929
5906,66.38039,0.0,95.23353,6.313651,0.000777691,0.0,0.40495986,1.0109915
5907,64.09406,0.0,78.48405,6.3136587,0.000691063,0.0,0.43572044,1.0109901
5908,82.29163,0.0,89.919945,6.3136616,0.00066153816,0.0,0.48137662,1.0109886
5909,77.15219,0.0,78.84605,6.313659,0.0006849109,0.0,0.50905144,1.0109864
5910,77.47842,0.0,67.83826,6.313654,0.0005673164,0.0,0.43086785,1.0109851
5911,70.32655,0.0,83.671906,6.313646,0.0008039753,0.0,0.43702275,1.0109836
5912,116.96425,0.0,100.50329,6.3136406,0.000562798,0.0,0.42435962,1.0109822
5913,64.86077,0.0,109.49291,6.3136353,0.0006527555,0.0,0.4443977,1.0109806
5914,76.86188,0.0,80.55447,6.3136306,0.000765467,0.0,0.43969828,1.0109787
5915,77.26227,0.0,87.588356,6.313627,0.00070783374,0.0,0.42911953,1.010977
5916,59.926914,0.0,86.155334,6.3136234,0.0006606885,0.0,0.4496127,1.0109752
5917,67.70767,0.0,88.98823,6.313621,0.0006466715,0.0,0.4582045,1.0109738
5918,68.73004,0.0,89.700356,6.3136196,0.00064747885,0.0,0.458014,1.0109725
5919,70.5708,0.0,94.43891,6.313623,0.00072398287,0.0,0.44292396,1.0109711
5920,72.89772,0.0,87.374214,6.3136263,0.0008797175,0.0,0.44127426,1.0109696
5921,87.16674,0.0,82.001495,6.3136306,0.0005563353,0.0,0.472861,1.0109715
5922,75.72047,0.0,71.428055,6.313634,0.0006324438,0.0,0.40855914,1.0109732
5923,75.36827,0.0,74.4189,6.3136425,0.0008004097,0.0,0.41561002,1.0109746
5924,88.696175,0.0,82.105225,6.3136477,0.0005582058,0.0,0.41259795,1.0109756
5925,82.309746,0.0,115.93219,6.313652,0.00059779064,0.0,0.42979306,1.0109763
5926,82.69756,0.0,79.748146,6.3136587,0.0006359209,0.0,0.41311288,1.0109768
5927,65.974945,0.0,99.27166,6.313665,0.00067105796,0.0,0.39776963,1.0109768
5928,87.66157,0.0,85.25959,6.31368,0.00069798296,0.0,0.45258594,1.0109787
5929,71.73269,0.0,70.417305,6.3136926,0.0005659448,0.0,0.4172506,1.0109805
5930,84.08752,0.0,71.07929,6.31371,0.0005087033,0.0,0.44214138,1.0109819
5931,76.11688,0.0,60.999935,6.3137255,0.000775506,0.0,0.41613516,1.0109829
5932,83.54244,0.0,89.94536,6.313739,0.00080359494,0.0,0.47605476,1.010984
5933,105.20495,0.0,68.86652,6.3137484,0.00056343095,0.0,0.47029656,1.0109845
5934,93.724556,0.0,82.37461,6.313757,0.00077667774,0.0,0.43445307,1.010985
5935,72.51696,0.0,105.57848,6.3137646,0.00047625392,0.0,0.4260795,1.0109851
5936,91.85455,0.0,79.53107,6.31378,0.00052909116,0.0,0.4194538,1.0109868
5937,78.75037,0.0,90.34282,6.313792,0.00054975925,0.0,0.42945954,1.0109881
5938,84.75708,0.0,74.17951,6.3138022,0.00051596516,0.0,0.44235322,1.0109891
5939,74.06768,0.0,71.49349,6.3138137,0.00046433866,0.0,0.4092934,1.0109898
5940,75.90503,0.0,82.74979,6.3138204,0.0007699893,0.0,0.4364621,1.0109903
5941,75.94308,0.0,79.19824,6.31382,0.000377909,0.0,0.4374125,1.0109903
5942,97.52614,0.0,78.36934,6.313828,0.00070302945,0.0,0.4750496,1.01099
5943,68.40127,0.0,92.8421,6.313837,0.00078494474,0.0,0.3986629,1.0109901
5944,64.74245,0.0,75.49391,6.3138466,0.0006327901,0.0,0.42147768,1.0109919
5945,68.025696,0.0,78.95487,6.313854,0.0008400938,0.0,0.48217496,1.0109932
5946,58.61128,0.0,88.23757,6.3138614,0.00064085424,0.0,0.42375314,1.0109884
5947,79.62049,0.0,85.58668,6.3138647,0.0007938354,0.0,0.45646405,1.010984
5948,68.62132,0.0,78.008514,6.313868,0.0005077563,0.0,0.3937162,1.0109797
5949,72.25985,0.0,83.69172,6.3138676,0.00070519233,0.0,0.43204522,1.0109754
5950,72.54616,0.0,85.63037,6.3138723,0.000404455,0.0,0.4427275,1.0109714
5951,61.94122,0.0,76.35531,6.313877,0.00068500254,0.0,0.4236815,1.0109695
5952,57.95004,0.0,95.071815,6.3138824,0.0005819637,0.0,0.46165022,1.0109673
5953,84.97305,0.0,74.74339,6.3138866,0.0009542634,0.0,0.4303469,1.010965
5954,69.07297,0.0,73.214905,6.313894,0.0006875174,0.0,0.43851495,1.0109627
5955,52.807583,0.0,84.94981,6.3139005,0.00051937666,0.0,0.45736003,1.0109603
5956,73.84634,0.0,123.74139,6.3139076,0.0005577372,0.0,0.42901787,1.0109581
5957,94.46722,0.0,103.26803,6.3139124,0.0008022435,0.0,0.4680923,1.0109556
5958,90.656425,0.0,80.33503,6.31392,0.0007407573,0.0,0.45142648,1.01094
5959,72.20008,0.0,94.45091,6.3139305,0.00056232506,0.0,0.4280208,1.0109257
5960,89.82936,0.0,70.989075,6.313944,0.00060625584,0.0,0.46848392,1.0109128
5961,79.93503,0.0,118.56357,6.313957,0.00058106123,0.0,0.4664913,1.0109009
5962,73.57815,0.0,87.94424,6.3139696,0.0005558746,0.0,0.43709573,1.01089
5963,86.54482,0.0,83.5051,6.3139772,0.0006669088,0.0,0.44964737,1.0108801
5964,75.717445,0.0,78.811554,6.3139863,0.000820995,0.0,0.43012965,1.010875
5965,70.43648,0.0,86.79294,6.3139977,0.00066585955,0.0,0.4276995,1.0108656
5966,65.02449,0.0,79.394325,6.314009,0.00056880515,0.0,0.4573412,1.0108434
5967,61.8735,0.0,77.462975,6.3140206,0.00055428594,0.0,0.4448349,1.0108298
5968,81.38589,0.0,75.32632,6.3140283,0.00058607035,0.0,0.3966629,1.0108175
5969,75.39526,0.0,82.56378,6.314039,0.0006794275,0.0,0.4351364,1.0108064
5970,79.19474,0.0,98.5191,6.3140473,0.0009088641,0.0,0.44170842,1.0107961
5971,88.49578,0.0,84.48723,6.3140655,0.00048805363,0.0,0.47509354,1.0107868
5972,74.3939,0.0,80.17373,6.314086,0.0007963404,0.0,0.44811457,1.0107772
5973,86.2189,0.0,79.91001,6.314107,0.0005996401,0.0,0.479526,1.0107675
5974,58.892338,0.0,77.97672,6.3141265,0.0007207265,0.0,0.43167207,1.0107585
5975,84.405685,0.0,88.51822,6.3141418,0.00052458956,0.0,0.41803885,1.0107502
5976,77.76136,0.0,91.24655,6.314157,0.00072709256,0.0,0.44164515,1.0107427
5977,73.27892,0.0,100.96929,6.3141623,0.00082768727,0.0,0.38888645,1.0107358
5978,92.40778,0.0,95.262825,6.314167,0.0007698249,0.0,0.42013168,1.0107293
5979,67.09269,0.0,83.41329,6.3141694,0.00090415066,0.0,0.4447947,1.0107231
5980,76.45288,0.0,109.74507,6.314174,0.0006179153,0.0,0.40555525,1.010716
5981,89.48656,0.0,100.246925,6.314177,0.0009341311,0.0,0.43397436,1.010709
5982,88.74642,0.0,74.29083,6.3141875,0.0006558917,0.0,0.48334262,1.0107027
5983,67.994415,0.0,82.04354,6.314197,0.0005875583,0.0,0.4502287,1.0106968
5984,79.861465,0.0,95.70637,6.3142023,0.0006417385,0.0,0.43742555,1.0106913
5985,80.978096,0.0,87.364,6.3142104,0.0005515898,0.0,0.41140243,1.010697
5986,84.59744,0.0,73.73709,6.3142147,0.0007334087,0.0,0.44377837,1.0107018
5987,74.21349,0.0,77.279724,6.3142157,0.000828585,0.0,0.48924488,1.0107061
5988,83.608345,0.0,76.6768,6.3142157,0.0006692554,0.0,0.4018045,1.01071
5989,69.34815,0.0,70.93009,6.314214,0.0007941131,0.0,0.48537537,1.0107132
5990,100.88845,0.0,119.9618,6.3142157,0.0007295496,0.0,0.47326764,1.0107158
5991,96.343025,0.0,95.29272,6.314214,0.00063940237,0.0,0.4337407,1.010718
5992,88.90278,0.0,78.9875,6.314215,0.00095462,0.0,0.46830422,1.0107191
5993,67.45198,0.0,91.34772,6.314217,0.0006291941,0.0,0.456388,1.01072
5994,87.53322,0.0,77.502754,6.3142185,0.00067032396,0.0,0.41770226,1.0107205
5995,78.64199,0.0,94.600716,6.314215,0.0009527455,0.0,0.41168183,1.0107207
5996,62.010044,0.0,75.63664,6.3142166,0.0006897539,0.0,0.46683514,1.0107206
5997,67.25813,0.0,92.48459,6.3142176,0.00044311828,0.0,0.40238547,1.0107204
5998,64.57903,0.0,88.24196,6.3142233,0.0012722511,0.0,0.4288188,1.0107198
5999,87.19297,0.0,78.49499,6.314229,0.00082765165,0.0,0.4646817,1.010719
6000,55.504063,0.0,78.65498,6.3142357,0.00072818156,0.0,0.43383822,1.0107181
6001,77.06595,0.0,74.7203,6.3142376,0.00058006385,0.0,0.4509564,1.010717
6002,75.6074,0.0,81.03124,6.3142433,0.00080815627,0.0,0.43118975,1.0107157
6003,63.535313,0.0,75.82474,6.314252,0.0006622672,0.0,0.44160247,1.0107143
6004,57.090244,0.0,70.22589,6.3142653,0.00072203245,0.0,0.41783047,1.0107127
6005,77.19116,0.0,84.26862,6.3142753,0.0007675509,0.0,0.4615806,1.0107112
6006,55.74991,0.0,88.71944,6.3142843,0.00091490726,0.0,0.41914296,1.0107094
6007,75.059845,0.0,97.35547,6.3142943,0.00078123494,0.0,0.41817927,1.0107075
6008,77.9347,0.0,71.8741,6.314304,0.0008291219,0.0,0.42633924,1.0107057
6009,61.031666,0.0,88.214455,6.3143167,0.0006134744,0.0,0.3878095,1.0107037
6010,71.29317,0.0,74.242615,6.314333,0.00061186653,0.0,0.43494314,1.010702
6011,66.66162,0.0,96.990875,6.314344,0.00057387917,0.0,0.47278246,1.0107
6012,54.586216,0.0,83.5561,6.314357,0.000420321,0.0,0.4571259,1.0106982
6013,69.957596,0.0,88.802536,6.3143663,0.000505177,0.0,0.45327052,1.0106958
6014,73.46424,0.0,81.533104,6.3143764,0.0007618691,0.0,0.4439184,1.0106931
6015,70.72003,0.0,78.29907,6.314382,0.00084128574,0.0,0.4356805,1.0106907
6016,77.23579,0.0,78.41442,6.3143907,0.0006760856,0.0,0.42814302,1.0106882
6017,94.6315,0.0,85.768654,6.314398,0.00074566435,0.0,0.39854753,1.0106847
6018,53.758587,0.0,82.25306,6.3144064,0.0006451243,0.0,0.41928405,1.0106672
6019,62.978596,0.0,89.68981,6.3144155,0.0006872203,0.0,0.40828654,1.0106514
6020,65.61883,0.0,82.8479,6.3144207,0.0006138905,0.0,0.4581934,1.0106368
6021,73.4543,0.0,85.35719,6.3144264,0.00081658305,0.0,0.47033697,1.0106286
6022,69.84952,0.0,95.59931,6.3144355,0.0007814184,0.0,0.4546495,1.0106211
6023,70.817116,0.0,91.09687,6.314445,0.0004945798,0.0,0.4450794,1.0106143
6024,76.80592,0.0,80.664856,6.314457,0.00085143,0.0,0.46248886,1.010608
6025,58.870045,0.0,83.96006,6.3144627,0.0007215167,0.0,0.4484508,1.0106021
6026,88.33723,0.0,84.137024,6.314464,0.0005030473,0.0,0.4289691,1.0105966
6027,78.31094,0.0,95.065254,6.314464,0.0008052717,0.0,0.41951308,1.0105944
6028,109.26207,0.0,90.322784,6.3144584,0.00072585826,0.0,0.39648184,1.0105921
6029,73.49455,0.0,82.449005,6.3144574,0.0005543282,0.0,0.40150523,1.0105898
6030,70.44504,0.0,70.30469,6.314457,0.000853586,0.0,0.43069252,1.0105877
6031,90.190895,0.0,106.14684,6.3144536,0.00047753862,0.0,0.4084813,1.010583
6032,86.3991,0.0,80.66759,6.31445,0.0005545943,0.0,0.46659684,1.0105788
6033,75.33268,0.0,86.0411,6.3144455,0.0010457321,0.0,0.42418823,1.0105747
6034,77.4624,0.0,87.69342,6.314442,0.00052677526,0.0,0.3960197,1.0105705
6035,81.425766,0.0,95.55778,6.314443,0.00082574587,0.0,0.46401128,1.0105668
6036,75.92134,0.0,92.15124,6.314448,0.0006428248,0.0,0.4648971,1.010563
6037,75.679756,0.0,91.80778,6.314457,0.00097383605,0.0,0.4443977,1.0105596
6038,78.83674,0.0,72.701126,6.314472,0.0006230208,0.0,0.43626475,1.0105548
6039,85.14865,0.0,95.64749,6.314483,0.000845192,0.0,0.42517075,1.0105482
6040,53.298225,0.0,70.99646,6.3144946,0.00061802816,0.0,0.44197115,1.0105418
6041,90.788765,0.0,91.457306,6.3145037,0.00061483716,0.0,0.45168337,1.010536
6042,99.46645,0.0,82.27708,6.314513,0.0007367783,0.0,0.44957232,1.0105304
6043,54.903515,0.0,86.572754,6.3145237,0.00068487553,0.0,0.45765072,1.0105251
6044,71.28342,0.0,69.2236,6.314529,0.00064877584,0.0,0.43065414,1.01052
6045,73.49971,0.0,97.8376,6.3145366,0.0008973341,0.0,0.47951016,1.0105153
6046,73.737625,0.0,74.055466,6.3145437,0.00059642724,0.0,0.46663556,1.010511
6047,70.46,0.0,102.40612,6.314553,0.0007699867,0.0,0.43753052,1.0105069
6048,81.606094,0.0,84.827995,6.314566,0.0006844096,0.0,0.45903134,1.0105029
6049,81.39315,0.0,79.694855,6.31458,0.00071287825,0.0,0.4331656,1.0105042
6050,72.98312,0.0,102.74459,6.3145943,0.0008111866,0.0,0.44516063,1.0105051
6051,66.70428,0.0,78.59419,6.314606,0.0010190265,0.0,0.41878217,1.0105057
6052,52.07932,0.0,95.907684,6.3146186,0.00100038,0.0,0.45074987,1.0105058
6053,73.31677,0.0,73.75456,6.314634,0.0007089678,0.0,0.42659673,1.0105183
6054,66.95222,0.0,90.37303,6.3146434,0.00068417087,0.0,0.46233115,1.0105292
6055,53.98895,0.0,114.877,6.3146567,0.0007813518,0.0,0.42883128,1.0105389
6056,93.8278,0.0,80.94824,6.3146663,0.0006516165,0.0,0.4792431,1.0105475
6057,88.83631,0.0,95.40941,6.3146796,0.001086144,0.0,0.40368605,1.0105525
6058,77.72975,0.0,82.61147,6.3146877,0.0005892389,0.0,0.48842812,1.0105567
6059,71.4885,0.0,81.755264,6.314693,0.00053825125,0.0,0.45397696,1.0105604
6060,70.71308,0.0,91.63768,6.3146977,0.00071505597,0.0,0.4365183,1.0105635
6061,61.19789,0.0,73.49506,6.314703,0.0006108269,0.0,0.4366122,1.0105659
6062,71.236015,0.0,72.39567,6.3147044,0.0009255863,0.0,0.39143008,1.0105679
6063,85.2246,0.0,88.60052,6.314704,0.00060058245,0.0,0.46338677,1.0105696
6064,95.357216,0.0,95.36346,6.3147078,0.0007414587,0.0,0.43754372,1.0105706
6065,55.26744,0.0,88.17286,6.3147154,0.00050559256,0.0,0.42491412,1.0105714
6066,74.05454,0.0,76.46794,6.314717,0.00050228415,0.0,0.45727265,1.0105717
6067,66.285835,0.0,74.42132,6.3147187,0.0007952139,0.0,0.42036772,1.010572
6068,68.81867,0.0,80.14278,6.3147197,0.0008918904,0.0,0.47548437,1.0105717
6069,65.11961,0.0,77.50617,6.314719,0.0010133423,0.0,0.43125433,1.0105711
6070,75.22773,0.0,94.581,6.314719,0.0006560612,0.0,0.4213346,1.0105706
6071,79.423355,0.0,75.93168,6.3147197,0.0008008058,0.0,0.4473097,1.0105698
6072,78.207405,0.0,84.970215,6.3147225,0.0007096013,0.0,0.45579502,1.010569
6073,67.64219,0.0,83.702545,6.314724,0.00060664036,0.0,0.4160614,1.0105673
6074,74.3625,0.0,104.98162,6.3147264,0.00064809126,0.0,0.38971812,1.0105667
6075,73.26045,0.0,79.42047,6.31473,0.00062502525,0.0,0.42169064,1.0105656
6076,81.13742,0.0,90.85802,6.314736,0.00056023477,0.0,0.46328986,1.0105644
6077,63.57011,0.0,82.49587,6.3147407,0.00068952044,0.0,0.419488,1.0105633
6078,70.690544,0.0,89.74515,6.314744,0.0005837409,0.0,0.40857503,1.010562
6079,74.75573,0.0,90.872246,6.3147492,0.00068253925,0.0,0.4200549,1.0105604
6080,69.94231,0.0,82.04332,6.3147492,0.0006163189,0.0,0.42326674,1.0105588
6081,90.592354,0.0,91.69658,6.3147497,0.00051371835,0.0,0.45116812,1.0105569
6082,93.62131,0.0,87.957664,6.3147526,0.0008989568,0.0,0.4418666,1.0105554
6083,61.645557,0.0,73.67638,6.314759,0.00058033434,0.0,0.45030218,1.0105534
6084,86.360985,0.0,83.465965,6.314766,0.00069580367,0.0,0.41919178,1.0105519
6085,81.86579,0.0,68.314644,6.3147726,0.00062317343,0.0,0.46246457,1.0105501
6086,87.70714,0.0,81.81698,6.314779,0.00088240905,0.0,0.4593347,1.0105491
6087,66.85365,0.0,90.60908,6.314788,0.00067157176,0.0,0.4395648,1.0105476
6088,66.92539,0.0,83.42498,6.314796,0.0005979242,0.0,0.42637235,1.0105463
6089,78.37871,0.0,87.700096,6.3148046,0.0005860838,0.0,0.44260263,1.0105448
6090,88.05298,0.0,99.00795,6.314811,0.0006095222,0.0,0.4128706,1.0105431
6091,70.322365,0.0,91.349915,6.3148146,0.0015314026,0.0,0.43830237,1.0105414
6092,84.64122,0.0,60.113873,6.31482,0.0005076992,0.0,0.47351822,1.0105398
6093,64.54674,0.0,85.43401,6.3148212,0.0006468354,0.0,0.44058597,1.0105376
6094,81.93312,0.0,84.23951,6.3148236,0.0005998263,0.0,0.4247074,1.0105356
6095,83.4002,0.0,79.38976,6.3148236,0.00096084713,0.0,0.43550056,1.0105336
6096,75.52324,0.0,91.57146,6.314826,0.0006689929,0.0,0.43634853,1.0105313
6097,80.43682,0.0,86.88652,6.3148293,0.00073243416,0.0,0.46605086,1.010529
6098,58.44841,0.0,88.90031,6.3148303,0.00048292763,0.0,0.42010984,1.0105265
6099,67.67762,0.0,124.59639,6.3148327,0.0005925274,0.0,0.45621008,1.010524
6100,67.53331,0.0,104.20911,6.3148375,0.0007761023,0.0,0.46079063,1.0105217
6101,66.64189,0.0,81.84419,6.3148413,0.00072863925,0.0,0.41684997,1.0105193
6102,74.07399,0.0,78.17541,6.314842,0.00073146774,0.0,0.45540065,1.0105182
6103,80.451454,0.0,90.01258,6.3148437,0.000740406,0.0,0.43008775,1.0105168
6104,77.290054,0.0,88.656,6.3148527,0.0007406826,0.0,0.43169603,1.0105153
6105,64.12075,0.0,80.73637,6.314859,0.000601892,0.0,0.39720926,1.0105137
6106,73.37679,0.0,84.961624,6.3148685,0.0005770395,0.0,0.4160169,1.0105119
6107,78.24393,0.0,99.52545,6.314881,0.0008576952,0.0,0.44742417,1.0105128
6108,81.3798,0.0,76.07479,6.3148923,0.0006369401,0.0,0.44655395,1.0105132
6109,81.37977,0.0,111.810745,6.3149047,0.00072740385,0.0,0.4378539,1.0105133
6110,89.371796,0.0,93.74729,6.314922,0.0004987385,0.0,0.45501333,1.0105131
6111,65.26594,0.0,82.79972,6.314941,0.00064753956,0.0,0.44350362,1.0105128
6112,76.83522,0.0,81.47586,6.3149595,0.00054529915,0.0,0.44876513,1.0105121
6113,86.57663,0.0,76.5236,6.3149767,0.0005708524,0.0,0.43952173,1.0105118
6114,64.536896,0.0,85.79731,6.3149915,0.00046319398,0.0,0.43395942,1.0105112
6115,55.25942,0.0,64.674095,6.3150067,0.0006635526,0.0,0.4627038,1.0105101
6116,78.21196,0.0,94.22201,6.3150225,0.0005183966,0.0,0.46614596,1.010511
6117,69.75036,0.0,89.036865,6.31504,0.0007230933,0.0,0.41461453,1.0105119
6118,70.85739,0.0,83.96831,6.315052,0.00046708086,0.0,0.41134232,1.0105089
6119,76.93383,0.0,69.22701,6.3150616,0.0005991529,0.0,0.43480247,1.0105301
6120,95.17866,0.0,102.31159,6.3150725,0.0007161057,0.0,0.42601156,1.0105627
6121,71.87262,0.0,88.71199,6.315081,0.00080920395,0.0,0.4258964,1.0105923
6122,91.66414,0.0,75.78794,6.315088,0.00070957514,0.0,0.4482605,1.0106184
6123,78.83706,0.0,90.79837,6.3150935,0.00051375886,0.0,0.43187642,1.010643
6124,68.35789,0.0,71.66952,6.3151026,0.00072534604,0.0,0.44480735,1.0106648
6125,80.24619,0.0,83.68396,6.3151135,0.0007008791,0.0,0.47501764,1.010692
6126,71.28994,0.0,100.57883,6.31512,0.0005448606,0.0,0.4631234,1.0107203
6127,71.326096,0.0,95.44733,6.3151193,0.0006138984,0.0,0.4461636,1.0107456
6128,70.183815,0.0,93.0541,6.315121,0.0005558189,0.0,0.4348032,1.0107683
6129,80.123474,0.0,78.19835,6.315122,0.00069403154,0.0,0.44381833,1.0107884
6130,70.23791,0.0,85.417046,6.315125,0.00066239643,0.0,0.4246897,1.0108066
6131,69.31135,0.0,86.1083,6.3151255,0.0007812235,0.0,0.43501168,1.0108225
6132,68.6788,0.0,97.94831,6.31513,0.0008134985,0.0,0.3841246,1.0108393
6133,74.68977,0.0,96.933105,6.315137,0.0006699881,0.0,0.43168864,1.0108544
6134,72.341805,0.0,93.233215,6.3151417,0.0006443368,0.0,0.45481592,1.010868
6135,79.1771,0.0,88.47775,6.315146,0.0008725206,0.0,0.45414814,1.01088
6136,79.38353,0.0,97.48411,6.3151507,0.0005724306,0.0,0.43105373,1.0108902
6137,64.91211,0.0,73.17189,6.3151584,0.00079259335,0.0,0.42549583,1.0109044
6138,94.80244,0.0,110.40161,6.315167,0.00055639027,0.0,0.44142064,1.010917
6139,66.52905,0.0,91.10102,6.3151793,0.0009487874,0.0,0.45732975,1.0109282
6140,69.1297,0.0,85.454315,6.315185,0.0007886096,0.0,0.39945698,1.0109383
6141,71.61875,0.0,75.905334,6.3151946,0.00050353,0.0,0.40335983,1.010947
6142,61.70835,0.0,84.47694,6.315206,0.0005253678,0.0,0.42746758,1.0109519
6143,75.225464,0.0,80.403534,6.3152175,0.00041513913,0.0,0.43114066,1.0109562
6144,95.98093,0.0,108.88686,6.315225,0.0005204779,0.0,0.46339643,1.0109597
6145,77.51722,0.0,87.486206,6.315233,0.000607084,0.0,0.48580465,1.0109626
6146,66.11341,0.0,88.200195,6.31524,0.00046881806,0.0,0.48727655,1.0109655
6147,88.03623,0.0,92.90946,6.315246,0.00074302795,0.0,0.43815503,1.0109674
6148,71.45466,0.0,88.75555,6.3152523,0.00054396177,0.0,0.4355576,1.0109688
6149,80.234085,0.0,96.9832,6.31526,0.00059581257,0.0,0.4758296,1.01097
6150,69.33978,0.0,80.84603,6.315264,0.0010497182,0.0,0.43285653,1.0109781
6151,94.73395,0.0,79.42609,6.315273,0.00047125315,0.0,0.43890125,1.010985
6152,75.03336,0.0,98.13135,6.3152847,0.0006956691,0.0,0.43938503,1.010991
6153,90.37188,0.0,72.535965,6.3152947,0.00054051954,0.0,0.44129455,1.0109961
6154,65.057915,0.0,75.35194,6.3153024,0.0006548095,0.0,0.44073606,1.0110004
6155,96.517944,0.0,80.67646,6.315312,0.00067718414,0.0,0.4359196,1.011004
6156,82.390816,0.0,88.61872,6.31532,0.0005591828,0.0,0.4498427,1.0110073
6157,82.251396,0.0,72.550446,6.3153315,0.0005584878,0.0,0.43744063,1.0110098
6158,65.22774,0.0,82.38978,6.3153477,0.0005052517,0.0,0.45729753,1.0110117
6159,50.640175,0.0,75.62138,6.315361,0.0005897175,0.0,0.42330432,1.0110114
6160,69.337494,0.0,91.23219,6.3153715,0.00078729854,0.0,0.4323333,1.0110109
6161,78.072975,0.0,63.15311,6.315384,0.00067155296,0.0,0.44676882,1.0110102
6162,67.86087,0.0,84.187935,6.3153887,0.0006971386,0.0,0.40623093,1.0110092
6163,68.560936,0.0,94.40334,6.3153963,0.0004046721,0.0,0.45465153,1.011008
6164,62.965977,0.0,83.873985,6.315405,0.00066334865,0.0,0.45424256,1.0110121
6165,59.98123,0.0,94.58048,6.3154125,0.00057434116,0.0,0.44790983,1.0110154
6166,77.39635,0.0,102.79138,6.315422,0.00073795987,0.0,0.40799206,1.0110182
6167,76.644844,0.0,86.68931,6.315431,0.0005132421,0.0,0.42829055,1.0110204
6168,101.54536,0.0,70.67933,6.3154507,0.00083295174,0.0,0.39644504,1.0110222
6169,77.15204,0.0,81.61802,6.3154693,0.00064555835,0.0,0.4643814,1.0110235
6170,69.95998,0.0,70.04268,6.3154955,0.0008265325,0.0,0.41711545,1.0110246
6171,62.354836,0.0,72.8696,6.315516,0.0005702135,0.0,0.44520137,1.0110251
6172,78.81088,0.0,93.61444,6.3155365,0.0006592703,0.0,0.49474046,1.0110253
6173,80.99232,0.0,101.266136,6.3155518,0.0007534739,0.0,0.49591035,1.0110254
6174,90.23399,0.0,92.642265,6.3155646,0.0005461373,0.0,0.43533096,1.0110251
6175,78.13714,0.0,99.06448,6.315573,0.0006063409,0.0,0.43667206,1.0110244
6176,65.4488,0.0,102.54011,6.31558,0.0006037875,0.0,0.44355378,1.0110236
6177,78.41926,0.0,94.65858,6.3155866,0.0006222717,0.0,0.410081,1.0110226
6178,77.96014,0.0,77.196106,6.3155923,0.0006730065,0.0,0.44372463,1.0110215
6179,67.00461,0.0,87.43816,6.315597,0.00050773466,0.0,0.42115802,1.0110202
6180,62.64502,0.0,76.84135,6.3155994,0.00058378186,0.0,0.4315374,1.0110186
6181,75.754395,0.0,93.235176,6.315603,0.0005872636,0.0,0.4514554,1.0110172
6182,91.90255,0.0,79.23797,6.315607,0.000505148,0.0,0.45924124,1.0110154
6183,84.34089,0.0,93.43918,6.315608,0.0007419946,0.0,0.4293786,1.0110136
6184,69.48032,0.0,70.86437,6.3156095,0.00048726247,0.0,0.4370184,1.011012
6185,92.09346,0.0,84.60452,6.315612,0.00057414523,0.0,0.44790608,1.0110099
6186,100.981125,0.0,87.86164,6.3156166,0.00065930415,0.0,0.42838675,1.011008
6187,72.35761,0.0,82.65525,6.315622,0.00049655803,0.0,0.4563861,1.0110059
6188,64.333755,0.0,103.417816,6.3156266,0.00041467772,0.0,0.4282946,1.0110037
6189,63.266277,0.0,88.068375,6.3156276,0.0006111183,0.0,0.43175372,1.0110016
6190,77.70558,0.0,79.76076,6.3156304,0.0009709377,0.0,0.43016028,1.0109993
6191,72.75807,0.0,82.72536,6.315631,0.00081374426,0.0,0.43944892,1.010997
6192,72.650116,0.0,84.35026,6.315635,0.00057708775,0.0,0.4483601,1.0109948
6193,55.405674,0.0,85.06934,6.3156385,0.00056733773,0.0,0.4384434,1.0109922
6194,62.791603,0.0,87.74421,6.3156424,0.00061024126,0.0,0.42136163,1.0109898
6195,68.4956,0.0,86.291336,6.3156466,0.0009902255,0.0,0.44393134,1.0109874
6196,106.02723,0.0,73.819214,6.3156533,0.0007692845,0.0,0.41077647,1.010985
6197,75.19977,0.0,99.906204,6.3156643,0.0006727075,0.0,0.45235813,1.0109825
6198,78.1385,0.0,88.05858,6.315674,0.0006169153,0.0,0.48248363,1.01098
6199,72.140335,0.0,97.42788,6.3156896,0.00074132084,0.0,0.4390096,1.0109773
6200,82.25024,0.0,79.13322,6.3157063,0.00066171924,0.0,0.38512313,1.0109804
6201,82.52082,0.0,90.343056,6.3157263,0.00067623553,0.0,0.42150494,1.0109829
6202,69.06207,0.0,73.80993,6.31575,0.000994738,0.0,0.3879363,1.0109851
6203,70.15795,0.0,72.61164,6.315771,0.00084757374,0.0,0.48693818,1.0109867
6204,92.55444,0.0,73.45166,6.315789,0.0007812737,0.0,0.44237432,1.010988
6205,61.946075,0.0,75.074165,6.3158097,0.0006973294,0.0,0.4260603,1.0109893
6206,75.02427,0.0,87.57469,6.315829,0.0007080912,0.0,0.44411796,1.0109905
6207,87.34514,0.0,68.226494,6.315845,0.00089415995,0.0,0.41992244,1.0109912
6208,68.22445,0.0,81.10162,6.315863,0.0006003883,0.0,0.46241197,1.0109916
6209,85.356026,0.0,104.56379,6.3158755,0.0006391228,0.0,0.48511228,1.0110065
6210,76.6555,0.0,72.940216,6.315883,0.0007871123,0.0,0.4550587,1.0110196
6211,79.50509,0.0,79.44518,6.3158855,0.0018801059,0.0,0.44528186,1.0110314
6212,64.5893,0.0,78.6582,6.3158894,0.00056294067,0.0,0.38479456,1.0110416
6213,77.24326,0.0,95.8727,6.3158903,0.0005709019,0.0,0.40925926,1.0110506
6214,91.74249,0.0,72.893456,6.3158903,0.00078357355,0.0,0.47855636,1.0110556
6215,86.59811,0.0,96.1002,6.3158956,0.0007911351,0.0,0.43667984,1.0110601
6216,78.32929,0.0,80.23133,6.315902,0.00055463536,0.0,0.440643,1.0110638
6217,76.02496,0.0,84.16465,6.315909,0.0005913543,0.0,0.45133,1.0110668
6218,57.66826,0.0,72.33818,6.3159113,0.0007989947,0.0,0.4220185,1.0110695
6219,97.34755,0.0,83.938675,6.3159146,0.00062377733,0.0,0.45234835,1.0110717
6220,55.6079,0.0,98.33924,6.3159156,0.00076868234,0.0,0.4292974,1.0110732
6221,69.74589,0.0,101.90513,6.3159165,0.00069880526,0.0,0.45957977,1.0110745
6222,78.67295,0.0,76.635185,6.315917,0.0005092383,0.0,0.45337105,1.0110755
6223,77.35585,0.0,79.664764,6.315915,0.00090269546,0.0,0.4468983,1.0110761
6224,77.05326,0.0,84.507164,6.315916,0.0007686002,0.0,0.4327163,1.0110812
6225,93.15288,0.0,106.747284,6.315916,0.00047276117,0.0,0.43420142,1.0110856
6226,66.97838,0.0,81.24061,6.315917,0.0007591962,0.0,0.45257315,1.0110893
6227,69.64367,0.0,84.686264,6.315918,0.0005957725,0.0,0.4524501,1.0110924
6228,83.91492,0.0,77.331985,6.315921,0.00067214575,0.0,0.43339092,1.0110949
6229,55.01617,0.0,91.49128,6.315926,0.00069592707,0.0,0.41716737,1.011097
6230,81.095375,0.0,133.85097,6.3159328,0.00061924336,0.0,0.4705474,1.0110999
6231,81.253365,0.0,78.0845,6.315935,0.0007874814,0.0,0.43751976,1.0111022
6232,83.25428,0.0,83.444305,6.3159366,0.00053190766,0.0,0.4212889,1.0111042
6233,65.98101,0.0,93.13327,6.315937,0.0006589733,0.0,0.43424472,1.0111064
6234,74.74806,0.0,83.070915,6.3159394,0.00058698584,0.0,0.4259028,1.0111083
6235,92.16757,0.0,83.73798,6.3159423,0.0004811769,0.0,0.43857282,1.01111
6236,94.1834,0.0,95.51491,6.3159475,0.0005641371,0.0,0.43273067,1.0111111
6237,59.371353,0.0,63.934055,6.3159537,0.00059840915,0.0,0.4191819,1.0111119
6238,60.887474,0.0,107.46266,6.315963,0.00041059926,0.0,0.40844464,1.0111127
6239,75.11875,0.0,84.15379,6.3159714,0.00071792025,0.0,0.39830106,1.0111129
6240,69.37793,0.0,84.979935,6.315978,0.00057606347,0.0,0.4188823,1.0111129
6241,83.74714,0.0,90.08864,6.3159842,0.00075138285,0.0,0.4236675,1.0111127
6242,101.112144,0.0,107.66243,6.3159866,0.00075687026,0.0,0.44516748,1.0111122
6243,68.95926,0.0,98.264114,6.3160005,0.00071666855,0.0,0.44444358,1.0111164
6244,91.85649,0.0,84.52866,6.316006,0.0007504066,0.0,0.4315594,1.01112
6245,86.10768,0.0,79.37046,6.3160095,0.00080424815,0.0,0.46522784,1.0111228
6246,78.975716,0.0,72.79035,6.3160152,0.00088075985,0.0,0.4605406,1.0111251
6247,66.59904,0.0,94.50607,6.316026,0.00082830095,0.0,0.44207,1.011127
6248,96.50092,0.0,97.05518,6.316037,0.0011358914,0.0,0.42277092,1.0111285
6249,77.89176,0.0,87.188255,6.31605,0.0012897769,0.0,0.4412877,1.0111295
6250,78.36017,0.0,99.75617,6.316059,0.00054702023,0.0,0.43262577,1.0111302
6251,78.84845,0.0,98.68203,6.3160686,0.00074428663,0.0,0.3917044,1.011131
6252,81.18461,0.0,82.36201,6.316079,0.0006526957,0.0,0.4432544,1.0111327
6253,71.6151,0.0,105.801674,6.3160896,0.0007670942,0.0,0.44445127,1.0111336
6254,55.743523,0.0,92.94588,6.3161006,0.00093384157,0.0,0.46106005,1.0111334
6255,73.883804,0.0,80.51665,6.3161106,0.0007990878,0.0,0.44612783,1.0111332
6256,81.051834,0.0,92.58747,6.316119,0.0006875042,0.0,0.46425694,1.0111327
6257,95.9511,0.0,84.33914,6.316127,0.0007982928,0.0,0.4266177,1.011132
6258,73.70358,0.0,84.0658,6.316137,0.00082598685,0.0,0.44008565,1.011131
6259,90.8284,0.0,87.31625,6.316144,0.00059572456,0.0,0.49954158,1.01113
6260,69.03831,0.0,82.718864,6.3161483,0.00069654564,0.0,0.47120333,1.0111287
6261,93.53008,0.0,95.17855,6.31615,0.00094435946,0.0,0.4395666,1.0111274
6262,62.573643,0.0,86.56645,6.316155,0.0006551193,0.0,0.4633355,1.0111259
6263,56.078854,0.0,90.01755,6.3161635,0.00065989763,0.0,0.42730564,1.0111244
6264,61.78466,0.0,82.752556,6.316174,0.0006624185,0.0,0.45681745,1.0111226
6265,83.72811,0.0,89.110435,6.3161845,0.0005940121,0.0,0.4206228,1.0111208
6266,65.25642,0.0,92.34525,6.3161964,0.0008944579,0.0,0.4117801,1.0111189
6267,72.80288,0.0,76.08686,6.3162074,0.0007219397,0.0,0.43187135,1.011117
6268,77.847984,0.0,89.64353,6.316216,0.0006358774,0.0,0.45229304,1.0111148
6269,66.078674,0.0,112.99529,6.3162255,0.0007791611,0.0,0.46747375,1.0111128
6270,60.691277,0.0,78.63548,6.316233,0.00071301265,0.0,0.44764704,1.0111105
6271,72.374886,0.0,85.561485,6.3162417,0.0005269865,0.0,0.45699093,1.0111084
6272,82.5649,0.0,104.41924,6.316249,0.00075951964,0.0,0.45877528,1.011106
6273,87.287926,0.0,90.62159,6.316252,0.0006531383,0.0,0.4708105,1.0111039
6274,60.804832,0.0,80.92469,6.3162637,0.00058102695,0.0,0.44304115,1.0111016
6275,72.14011,0.0,98.07796,6.3162785,0.0005755123,0.0,0.41407096,1.0110991
6276,72.44052,0.0,70.29936,6.3162975,0.000631357,0.0,0.46185705,1.011096
6277,72.16975,0.0,90.426704,6.316317,0.000682084,0.0,0.40310678,1.0110929
6278,66.13975,0.0,79.06162,6.3163404,0.0006199889,0.0,0.44952363,1.0110967
6279,86.83206,0.0,88.2148,6.3163586,0.0008210532,0.0,0.42693037,1.0111
6280,72.49393,0.0,90.86694,6.316372,0.000568217,0.0,0.3899512,1.011105
6281,59.403976,0.0,98.66701,6.3163834,0.00067785586,0.0,0.45641065,1.011126
6282,70.93115,0.0,87.32126,6.3163924,0.00071734574,0.0,0.45785162,1.0111451
6283,71.559456,0.0,92.807076,6.3164077,0.0006886985,0.0,0.43976474,1.0111623
6284,64.4141,0.0,71.7332,6.316419,0.0006740065,0.0,0.41683087,1.0111774
6285,92.877396,0.0,82.32603,6.3164263,0.0007043574,0.0,0.43391162,1.011191
6286,65.691696,0.0,65.95758,6.3164325,0.0011074706,0.0,0.40883958,1.0112137
6287,61.30081,0.0,104.84619,6.3164372,0.0007262632,0.0,0.4511361,1.0112315
6288,84.38439,0.0,88.22972,6.3164396,0.0006189485,0.0,0.45307133,1.0112475
6289,75.189156,0.0,76.05659,6.3164454,0.0007937608,0.0,0.44527817,1.0112617
6290,88.81899,0.0,89.54084,6.31645,0.00053699565,0.0,0.4300129,1.0112745
6291,79.70145,0.0,69.29987,6.3164563,0.00064730877,0.0,0.44534874,1.0112762
6292,78.79643,0.0,96.0392,6.3164635,0.0009027673,0.0,0.4239683,1.0112783
6293,74.93285,0.0,86.30395,6.316477,0.00057445245,0.0,0.45783934,1.0112797
6294,73.66606,0.0,86.71841,6.3164907,0.00068647106,0.0,0.4211572,1.0112791
6295,68.8236,0.0,99.109085,6.3165026,0.00056489446,0.0,0.42171818,1.0112783
6296,64.850845,0.0,83.64722,6.316514,0.00059343106,0.0,0.42154372,1.011277
6297,93.681465,0.0,67.92881,6.316527,0.0005482021,0.0,0.46491146,1.0112752
6298,80.58917,0.0,79.3832,6.3165393,0.00044278134,0.0,0.4572457,1.0112742
6299,87.45888,0.0,80.83783,6.3165526,0.0005895995,0.0,0.41624117,1.0112733
6300,85.781265,0.0,79.243454,6.3165693,0.0004744159,0.0,0.41891417,1.011272
6301,64.63158,0.0,95.21782,6.3165865,0.00052246044,0.0,0.43396267,1.0112706
6302,77.90806,0.0,79.82122,6.316602,0.0006889875,0.0,0.43707156,1.0112765
6303,87.930855,0.0,84.50744,6.3166184,0.0005011881,0.0,0.42399582,1.0112803
6304,86.66823,0.0,70.212875,6.3166304,0.000467414,0.0,0.4311281,1.0112833
6305,66.081764,0.0,90.08213,6.316639,0.0008094058,0.0,0.42723453,1.0112858
6306,75.79083,0.0,75.6102,6.3166466,0.0007227668,0.0,0.44114465,1.0112878
6307,69.55928,0.0,88.18917,6.316652,0.0006813732,0.0,0.4398439,1.0112895
6308,80.88912,0.0,77.28704,6.3166523,0.0005743362,0.0,0.42678285,1.0112907
6309,73.97907,0.0,96.19959,6.3166566,0.0005470159,0.0,0.44094142,1.0112916
6310,71.84615,0.0,78.899025,6.31666,0.00058401184,0.0,0.46821636,1.0112921
6311,74.994286,0.0,95.65276,6.3166604,0.0005743643,0.0,0.4016653,1.0112923
6312,64.02789,0.0,96.07868,6.316658,0.0010090311,0.0,0.4806989,1.0112922
6313,67.32925,0.0,94.494446,6.3166523,0.00051056186,0.0,0.42186648,1.0112932
6314,78.61274,0.0,103.30711,6.3166475,0.0006228311,0.0,0.44501615,1.0112934
6315,66.66075,0.0,93.0432,6.316641,0.0005464156,0.0,0.41964337,1.0112935
6316,70.06172,0.0,74.84832,6.3166366,0.0006935159,0.0,0.4404255,1.0112934
6317,65.0619,0.0,62.937916,6.3166394,0.0010443063,0.0,0.40886852,1.0112965
6318,77.555725,0.0,72.663574,6.316644,0.000605618,0.0,0.41826963,1.0112988
6319,82.008514,0.0,106.70204,6.316654,0.0006350776,0.0,0.41473228,1.0113008
6320,86.04353,0.0,94.18206,6.3166666,0.00057379575,0.0,0.4056086,1.0113025
6321,69.463135,0.0,83.706535,6.316681,0.0007632006,0.0,0.46012056,1.0113034
6322,64.82719,0.0,82.45914,6.316699,0.00064507406,0.0,0.42471683,1.0113043
6323,71.06855,0.0,75.228516,6.316718,0.0007744273,0.0,0.42875072,1.0113041
6324,82.52912,0.0,84.30633,6.316732,0.00066492334,0.0,0.4301277,1.011304
6325,54.463318,0.0,93.419716,6.3167443,0.000749695,0.0,0.40023917,1.0113034
6326,75.11703,0.0,116.832985,6.3167577,0.00067970174,0.0,0.48017144,1.011303
6327,86.024124,0.0,83.74978,6.3167663,0.0007966488,0.0,0.4352611,1.011302
6328,72.78644,0.0,97.17038,6.3167744,0.0005375731,0.0,0.42719764,1.0113009
6329,90.03207,0.0,104.38174,6.3167834,0.00072144065,0.0,0.4280352,1.0112996
6330,82.34201,0.0,66.697296,6.316793,0.0007046402,0.0,0.4165047,1.0112982
6331,78.72049,0.0,80.245285,6.3167996,0.0006491473,0.0,0.4716574,1.0112969
6332,56.96592,0.0,81.11871,6.3168025,0.0008276088,0.0,0.42418918,1.0112954
6333,88.69491,0.0,65.17426,6.3168077,0.00066469744,0.0,0.4394221,1.0113015
6334,83.97677,0.0,82.76382,6.316817,0.0007656284,0.0,0.433055,1.0113066
6335,80.13301,0.0,74.21376,6.316827,0.0005384734,0.0,0.44271004,1.0113112
6336,101.674614,0.0,100.026596,6.3168354,0.00080494577,0.0,0.46991023,1.0113158
6337,65.763756,0.0,110.40218,6.3168397,0.0006670945,0.0,0.4228031,1.0113201
6338,66.46205,0.0,75.70171,6.316847,0.00057103246,0.0,0.43092626,1.0113236
6339,81.81844,0.0,94.12961,6.3168507,0.00053633435,0.0,0.42897576,1.0113266
6340,91.68097,0.0,102.901405,6.3168573,0.00041991973,0.0,0.45515066,1.0113292
6341,89.12633,0.0,77.84577,6.316864,0.0008133768,0.0,0.40039533,1.0113312
6342,82.73476,0.0,89.10995,6.3168736,0.0005504091,0.0,0.44909418,1.0113328
6343,100.713295,0.0,113.613785,6.316885,0.00079413754,0.0,0.4766156,1.0113447
6344,82.00559,0.0,101.70894,6.3168917,0.0010306792,0.0,0.41436386,1.0113553
6345,64.55241,0.0,95.125145,6.3168983,0.0006170903,0.0,0.4465023,1.0113646
6346,76.723434,0.0,86.133934,6.316902,0.0005077154,0.0,0.44827724,1.0113727
6347,77.35396,0.0,78.69504,6.316907,0.0006501413,0.0,0.43220204,1.0113802
6348,72.21409,0.0,74.24585,6.3169155,0.0005471957,0.0,0.46117494,1.0113868
6349,70.48908,0.0,81.33525,6.316926,0.00080910505,0.0,0.40754366,1.0113924
6350,78.97221,0.0,80.558655,6.316943,0.0010452338,0.0,0.47491646,1.011397
6351,73.76584,0.0,76.55669,6.3169575,0.00080892304,0.0,0.41234574,1.011401
6352,93.311226,0.0,81.52529,6.316971,0.00090776774,0.0,0.43357664,1.0114048
6353,89.509415,0.0,83.79805,6.31698,0.0008402452,0.0,0.43079147,1.0114075
6354,85.63937,0.0,97.221535,6.3169875,0.0004955033,0.0,0.45257124,1.0114112
6355,97.13165,0.0,85.05339,6.316996,0.0010697932,0.0,0.4233672,1.011414
6356,58.837475,0.0,73.38606,6.317005,0.00086709426,0.0,0.42838427,1.0114167
6357,59.05057,0.0,146.45306,6.3170133,0.0005411932,0.0,0.44964087,1.0114187
6358,59.69421,0.0,92.55574,6.317025,0.00073623424,0.0,0.4263193,1.0114202
6359,100.87009,0.0,71.15698,6.3170304,0.0012477821,0.0,0.4397038,1.0114214
6360,76.0217,0.0,81.60723,6.317033,0.0012204121,0.0,0.4903127,1.0114218
6361,99.3544,0.0,84.698494,6.3170376,0.0006995841,0.0,0.4518246,1.011422
6362,76.17693,0.0,67.84964,6.3170433,0.000604635,0.0,0.41194686,1.011422
6363,73.10423,0.0,93.40236,6.317054,0.00068735133,0.0,0.43932265,1.0114216
6364,72.71888,0.0,110.5228,6.317066,0.00048750907,0.0,0.43984327,1.0114211
6365,72.71145,0.0,102.285934,6.317075,0.0005388908,0.0,0.45226663,1.0114205
6366,80.46184,0.0,92.41813,6.3170815,0.0010204953,0.0,0.43545493,1.0114173
6367,83.00594,0.0,85.20164,6.3170886,0.00067658816,0.0,0.44021767,1.011414
6368,72.24651,0.0,101.73846,6.3170943,0.0006343156,0.0,0.4549588,1.0114105
6369,70.51555,0.0,69.98719,6.317104,0.00061513315,0.0,0.42067346,1.0114073
6370,80.29671,0.0,78.70726,6.3171115,0.00087701576,0.0,0.4692317,1.0114038
6371,79.465706,0.0,83.33041,6.317118,0.0009551807,0.0,0.4074825,1.0114005
6372,66.29784,0.0,90.53655,6.3171234,0.0005135401,0.0,0.45417583,1.0113972
6373,71.6743,0.0,93.7439,6.3171287,0.00067246286,0.0,0.45590124,1.0113939
6374,75.07806,0.0,112.77304,6.3171353,0.00048706433,0.0,0.411854,1.011391
6375,70.899345,0.0,76.4856,6.317145,0.0006609843,0.0,0.4468101,1.011388
6376,71.34204,0.0,81.899124,6.3171535,0.000576313,0.0,0.42887056,1.0113848
6377,90.11684,0.0,69.13517,6.317168,0.00049861934,0.0,0.43280035,1.0113817
6378,64.232635,0.0,81.89703,6.3171763,0.0007030812,0.0,0.47379026,1.0113789
6379,78.54182,0.0,91.26037,6.317185,0.0007417938,0.0,0.43024415,1.0113759
6380,64.46255,0.0,122.02213,6.3171935,0.000790525,0.0,0.437394,1.011373
6381,68.496574,0.0,105.33265,6.317203,0.0006895365,0.0,0.44783878,1.0113702
6382,96.07943,0.0,99.76874,6.3172135,0.00065741036,0.0,0.44327125,1.0113673
6383,59.33379,0.0,90.34742,6.317224,0.0007714034,0.0,0.43538475,1.0113757
6384,69.98847,0.0,67.927925,6.3172297,0.00070873694,0.0,0.42582998,1.011383
6385,75.431755,0.0,91.32343,6.3172364,0.0007155213,0.0,0.4508732,1.0113896
6386,73.15836,0.0,98.80015,6.3172417,0.00096808607,0.0,0.4464299,1.0113953
6387,61.576992,0.0,93.970505,6.3172445,0.00077340443,0.0,0.4262548,1.0114002
6388,74.43684,0.0,87.06603,6.3172474,0.0006321315,0.0,0.43289515,1.0114044
6389,63.520954,0.0,94.0842,6.3172474,0.00070463563,0.0,0.44578323,1.0114019
6390,82.50477,0.0,102.093155,6.317254,0.0006695957,0.0,0.46806306,1.0113968
6391,72.944,0.0,81.453926,6.3172603,0.00045621657,0.0,0.43939194,1.0113921
6392,63.01084,0.0,88.21789,6.31727,0.00052910304,0.0,0.4253765,1.0113875
6393,55.417603,0.0,94.95996,6.31728,0.00046873832,0.0,0.45028612,1.0113827
6394,72.709145,0.0,104.49951,6.317289,0.0004648338,0.0,0.42959762,1.0113797
6395,64.7292,0.0,90.17309,6.317293,0.00071272964,0.0,0.44572768,1.011377
6396,87.9229,0.0,72.04613,6.3172936,0.0005030317,0.0,0.4221773,1.0113745
6397,83.308174,0.0,71.60735,6.3172917,0.00065667613,0.0,0.42024,1.011372
6398,73.13886,0.0,84.60073,6.317293,0.0008298605,0.0,0.4586074,1.0113696
6399,77.10894,0.0,102.766205,6.3172927,0.00055043015,0.0,0.40870327,1.011367
6400,86.61172,0.0,110.93084,6.3172927,0.00062948494,0.0,0.438316,1.0113645
6401,78.806694,0.0,84.32297,6.3172946,0.0007766229,0.0,0.45053327,1.0113646
6402,59.860962,0.0,91.93245,6.3172994,0.0006799033,0.0,0.4646885,1.0113648
6403,69.22446,0.0,74.86225,6.317304,0.0008127834,0.0,0.44957432,1.0113647
6404,70.90515,0.0,80.53477,6.317312,0.00076790544,0.0,0.41608185,1.0113646
6405,89.51512,0.0,96.73801,6.317318,0.00046163262,0.0,0.4609557,1.0113653
6406,73.85669,0.0,83.659615,6.317324,0.00048455579,0.0,0.42681473,1.0113657
6407,77.76322,0.0,95.52781,6.317329,0.00047530723,0.0,0.4435551,1.0113659
6408,72.36378,0.0,83.40825,6.317333,0.00051284244,0.0,0.42734927,1.0113658
6409,72.57048,0.0,82.03928,6.317338,0.00059599424,0.0,0.41950715,1.0113658
6410,79.37399,0.0,88.52422,6.3173423,0.00045392962,0.0,0.472166,1.0113665
6411,73.39849,0.0,79.36374,6.317352,0.00058629457,0.0,0.4032588,1.0113671
6412,70.6703,0.0,95.23787,6.3173647,0.0008516695,0.0,0.44093388,1.0113671
6413,63.839436,0.0,106.5041,6.317377,0.0007454536,0.0,0.4469219,1.011367
6414,69.92177,0.0,79.40417,6.317384,0.0007763451,0.0,0.45578206,1.0113667
6415,53.380432,0.0,79.84931,6.317395,0.0006380076,0.0,0.44930518,1.0113659
6416,71.7397,0.0,89.36294,6.317407,0.00049929705,0.0,0.46340322,1.0113652
6417,70.12843,0.0,105.92413,6.317418,0.0007446545,0.0,0.45847744,1.0113643
6418,63.462734,0.0,79.39256,6.317429,0.0005786858,0.0,0.46029985,1.011363
6419,77.249084,0.0,90.593155,6.3174405,0.00077612203,0.0,0.44345516,1.0113616
6420,82.609276,0.0,99.20724,6.317449,0.000861159,0.0,0.42201757,1.0113598
6421,86.26127,0.0,120.10469,6.317455,0.00078277657,0.0,0.44978958,1.0113584
6422,112.322205,0.0,74.94694,6.3174543,0.00059080665,0.0,0.42986184,1.0113566
6423,75.08044,0.0,94.04816,6.317456,0.00087997224,0.0,0.45565653,1.0113616
6424,79.82861,0.0,86.34214,6.317459,0.00082880305,0.0,0.44469,1.0113664
6425,93.95486,0.0,93.75879,6.317461,0.0007858979,0.0,0.42097303,1.0113704
6426,70.75925,0.0,103.35407,6.317461,0.0007258511,0.0,0.46829197,1.0113739
6427,63.77234,0.0,89.99304,6.317463,0.0006039875,0.0,0.43353528,1.0113765
6428,73.66014,0.0,85.83187,6.317464,0.0018596968,0.0,0.4308953,1.0113786
6429,67.123955,0.0,111.45649,6.317472,0.0006661063,0.0,0.4256414,1.0113804
6430,77.28747,0.0,77.64908,6.317482,0.0006265158,0.0,0.4572495,1.0113819
6431,69.75698,0.0,106.10724,6.3174872,0.00066553423,0.0,0.47077402,1.0113826
6432,54.522003,0.0,83.29719,6.317496,0.0007009168,0.0,0.45019478,1.0113827
6433,61.39986,0.0,66.70263,6.317503,0.00056678173,0.0,0.43167228,1.0113826
6434,87.52128,0.0,87.287,6.317512,0.0004966554,0.0,0.41830015,1.0113823
6435,59.589157,0.0,65.19179,6.3175244,0.0005166376,0.0,0.4477727,1.0113817
6436,69.39362,0.0,82.12189,6.317535,0.0004998407,0.0,0.41049045,1.0113857
6437,72.87822,0.0,102.16138,6.3175464,0.0008331331,0.0,0.44618484,1.011389
6438,71.155365,0.0,96.7852,6.317559,0.0008632626,0.0,0.4249558,1.0113916
6439,107.55869,0.0,71.88188,6.317575,0.0007254846,0.0,0.46013212,1.0113939
6440,86.09885,0.0,87.44771,6.3175893,0.00057792844,0.0,0.42544183,1.0113951
6441,73.935104,0.0,76.5512,6.3176055,0.0006249313,0.0,0.42668372,1.011396
6442,69.2948,0.0,91.172676,6.317624,0.0006881004,0.0,0.45203707,1.0113966
6443,58.000397,0.0,84.96787,6.3176336,0.00071642955,0.0,0.41053408,1.0113968
6444,77.08332,0.0,82.66175,6.317639,0.0006933631,0.0,0.4335152,1.0113968
6445,71.22523,0.0,101.104866,6.3176446,0.00065634435,0.0,0.4182118,1.0113965
6446,70.272285,0.0,94.82232,6.317648,0.000567734,0.0,0.45141935,1.0113959
6447,79.78537,0.0,85.5312,6.317653,0.0006791991,0.0,0.4572308,1.0113951
6448,83.27838,0.0,93.166306,6.3176613,0.00077631994,0.0,0.45364413,1.0113941
6449,67.65078,0.0,78.81188,6.3176713,0.0005949988,0.0,0.44023904,1.0113931
6450,75.8213,0.0,123.36403,6.317682,0.00065238157,0.0,0.441624,1.0113918
6451,70.38308,0.0,76.51635,6.3176947,0.00048506586,0.0,0.4506919,1.0113903
6452,85.66932,0.0,81.404465,6.317709,0.0004416931,0.0,0.43613824,1.0113904
6453,74.82123,0.0,117.897125,6.3177223,0.00046962313,0.0,0.4311993,1.01139
6454,85.44699,0.0,63.335278,6.3177366,0.0006488238,0.0,0.41587806,1.0113931
6455,77.56538,0.0,82.57865,6.3177524,0.00064430083,0.0,0.43288335,1.0113935
6456,74.446144,0.0,91.2095,6.317765,0.0006241526,0.0,0.4541133,1.0113938
6457,73.39419,0.0,86.11115,6.317781,0.00093848666,0.0,0.4332442,1.0113939
6458,88.422676,0.0,97.24059,6.3177977,0.00041844707,0.0,0.4399261,1.0113938
6459,60.833397,0.0,97.739845,6.3178115,0.0005443157,0.0,0.45232368,1.0113933
6460,70.83796,0.0,77.62861,6.3178244,0.0008052396,0.0,0.42741132,1.0113926
6461,68.54652,0.0,83.42311,6.317843,0.0005757483,0.0,0.43542117,1.011392
6462,56.67375,0.0,82.24956,6.317857,0.0008991271,0.0,0.4432639,1.0113939
6463,64.48615,0.0,81.66362,6.317869,0.00058142684,0.0,0.41527915,1.0113952
6464,61.494255,0.0,95.5057,6.3178782,0.0007381725,0.0,0.4183948,1.0113963
6465,68.84694,0.0,83.60718,6.3178854,0.0006480538,0.0,0.42446062,1.0113943
6466,78.001526,0.0,80.150764,6.317887,0.0007134414,0.0,0.394422,1.0113924
6467,65.15246,0.0,78.739746,6.3178897,0.00078650675,0.0,0.42478448,1.0113904
6468,52.979664,0.0,70.11164,6.3178906,0.00047533546,0.0,0.44386166,1.0113883
6469,85.20772,0.0,99.631996,6.3178897,0.00084127847,0.0,0.44517097,1.0113747
6470,64.538315,0.0,94.760254,6.3178825,0.00059390615,0.0,0.441261,1.0113616
6471,68.61453,0.0,86.69111,6.3178825,0.00083059276,0.0,0.4645862,1.0113497
6472,69.48858,0.0,73.20444,6.3178835,0.00060740253,0.0,0.46684027,1.0113386
6473,61.441837,0.0,85.83957,6.3178873,0.0006442856,0.0,0.3957642,1.0113283
6474,77.558975,0.0,79.870705,6.3178897,0.0007485157,0.0,0.44263834,1.0113188
6475,75.10049,0.0,73.93657,6.3178964,0.00067057123,0.0,0.44898817,1.01131
6476,80.4939,0.0,99.67809,6.317902,0.00061743474,0.0,0.39364094,1.0113019
6477,62.222412,0.0,95.67749,6.317909,0.0006698988,0.0,0.43753514,1.0112942
6478,89.46113,0.0,103.49421,6.31792,0.0009282174,0.0,0.43417448,1.0112816
6479,84.109924,0.0,67.95674,6.317931,0.00059496355,0.0,0.45616698,1.01127
6480,80.67321,0.0,81.485855,6.3179455,0.0006419234,0.0,0.44604862,1.0112596
6481,81.99836,0.0,77.796425,6.317962,0.0006704295,0.0,0.46137124,1.0112693
6482,104.58003,0.0,93.49916,6.317978,0.0010786143,0.0,0.44643724,1.0112782
6483,69.6756,0.0,91.41667,6.317992,0.00050033804,0.0,0.42769656,1.0113006
6484,81.762985,0.0,73.32368,6.318007,0.0008086213,0.0,0.4256755,1.0113206
6485,94.06652,0.0,98.73579,6.318023,0.0006941705,0.0,0.4037482,1.0113385
6486,62.11487,0.0,85.882225,6.31804,0.00064801436,0.0,0.45663095,1.0113543
6487,54.291317,0.0,94.530464,6.3180523,0.0006914215,0.0,0.44244632,1.0113684
6488,98.838776,0.0,91.256165,6.3180623,0.0006101091,0.0,0.45174032,1.011381
6489,66.68163,0.0,88.82122,6.318072,0.0004932727,0.0,0.44749436,1.0113918
6490,82.92368,0.0,85.82617,6.318083,0.0005388814,0.0,0.42815274,1.0114013
6491,75.712906,0.0,91.854836,6.318091,0.0007893798,0.0,0.41723987,1.0114074
6492,71.72678,0.0,100.60597,6.318095,0.0005456246,0.0,0.43223605,1.0114126
6493,77.23221,0.0,77.333725,6.318101,0.0006543762,0.0,0.43729472,1.0114172
6494,80.69866,0.0,82.8604,6.318105,0.0005116783,0.0,0.38985392,1.0114208
6495,78.09607,0.0,92.93325,6.3181076,0.0007009567,0.0,0.4279445,1.0114241
6496,73.66629,0.0,81.98488,6.3181157,0.0006261127,0.0,0.3885445,1.0114269
6497,79.68021,0.0,90.80439,6.3181195,0.00069676107,0.0,0.40212736,1.0114292
6498,90.48029,0.0,73.57805,6.3181267,0.00068280956,0.0,0.42782646,1.011431
6499,63.144905,0.0,75.11188,6.3181357,0.00075834565,0.0,0.42308658,1.011435
6500,75.424774,0.0,95.46092,6.3181467,0.0006321934,0.0,0.4212916,1.0114383
6501,72.28333,0.0,96.84328,6.3181586,0.0006890035,0.0,0.44098204,1.0114412
6502,108.57861,0.0,83.945656,6.3181677,0.0005526707,0.0,0.43745717,1.0114434
6503,69.71764,0.0,80.87348,6.318177,0.00062549766,0.0,0.43335018,1.0114478
6504,81.04749,0.0,69.26729,6.3181834,0.0005752082,0.0,0.46963033,1.0114515
6505,66.151405,0.0,91.44198,6.318186,0.0007281361,0.0,0.4443667,1.0114557
6506,83.9518,0.0,91.46297,6.3181825,0.00047176698,0.0,0.44957608,1.0114591
6507,63.880283,0.0,78.35853,6.3181815,0.00066509604,0.0,0.43719578,1.011462
6508,85.222176,0.0,76.679855,6.3181787,0.00051901734,0.0,0.4221166,1.0114763
6509,79.70002,0.0,84.66825,6.318179,0.0007410118,0.0,0.44883952,1.0114889
6510,72.025055,0.0,73.56723,6.318181,0.00076581957,0.0,0.42184576,1.0115025
6511,86.474915,0.0,95.28507,6.318187,0.00069035066,0.0,0.41735524,1.011518
6512,76.98614,0.0,83.190094,6.318193,0.00068405474,0.0,0.41369423,1.0115383
6513,81.89368,0.0,85.1827,6.3182054,0.0010121715,0.0,0.4075783,1.0115561
6514,91.05148,0.0,92.27339,6.3182173,0.00073599524,0.0,0.43601155,1.0115724
6515,78.73547,0.0,62.42189,6.3182287,0.0008431873,0.0,0.41907698,1.0115867
6516,62.264183,0.0,89.20383,6.318242,0.00087005703,0.0,0.49505377,1.0115995
6517,59.76266,0.0,97.03331,6.31826,0.001137909,0.0,0.48448747,1.0116109
6518,79.33074,0.0,73.20795,6.3182807,0.0005798784,0.0,0.47176886,1.0116209
6519,77.38873,0.0,80.15263,6.318301,0.00076665025,0.0,0.468718,1.0116296
6520,63.417522,0.0,80.92568,6.3183193,0.0006931212,0.0,0.43739933,1.0116376
6521,79.22471,0.0,105.72474,6.3183336,0.00073505414,0.0,0.45133218,1.0116442
6522,80.30789,0.0,76.663445,6.318349,0.0006637971,0.0,0.41494352,1.0116501
6523,68.96443,0.0,85.44243,6.318361,0.000802957,0.0,0.44854861,1.0116551
6524,75.10406,0.0,79.69938,6.318366,0.00057039666,0.0,0.422289,1.0116594
6525,83.45218,0.0,83.555084,6.318376,0.0006719331,0.0,0.42757863,1.011662
6526,73.17329,0.0,87.58149,6.3183846,0.00093462213,0.0,0.43986613,1.011664
6527,83.30363,0.0,81.37869,6.318392,0.00064986787,0.0,0.4336898,1.0116656
6528,74.686775,0.0,93.11663,6.3183923,0.0007902244,0.0,0.42192492,1.0116657
6529,65.57595,0.0,102.27802,6.318393,0.0007214262,0.0,0.4636721,1.0116655
6530,78.55529,0.0,92.98753,6.3183985,0.0005134161,0.0,0.45600814,1.011665
6531,55.212864,0.0,70.11704,6.3184037,0.00056182634,0.0,0.42492455,1.0116644
6532,64.79862,0.0,82.08591,6.318413,0.00048556103,0.0,0.4417264,1.0116639
6533,63.060577,0.0,83.30897,6.3184156,0.0005952191,0.0,0.4422238,1.0116633
6534,68.843765,0.0,67.62674,6.318415,0.00074323034,0.0,0.47877777,1.0116624
6535,79.56208,0.0,81.83566,6.3184133,0.00079755456,0.0,0.43806297,1.0116595
6536,88.18072,0.0,78.443634,6.31841,0.00091633445,0.0,0.42756248,1.0116532
6537,100.12788,0.0,86.3092,6.3184056,0.0007282625,0.0,0.43790197,1.0116472
6538,73.97358,0.0,95.15023,6.3184032,0.00050862407,0.0,0.44879323,1.0116485
6539,82.93345,0.0,73.95774,6.318402,0.00075824524,0.0,0.41907287,1.0116495
6540,79.83226,0.0,65.095245,6.318405,0.00071270484,0.0,0.42605203,1.0116501
6541,83.18046,0.0,114.827255,6.3184056,0.0006673295,0.0,0.46029657,1.0116504
6542,70.01488,0.0,84.35547,6.318404,0.00064078154,0.0,0.47169775,1.0116506
6543,85.17382,0.0,75.901115,6.318404,0.0007564169,0.0,0.48587775,1.0116504
6544,86.227135,0.0,73.15532,6.3184047,0.00065832643,0.0,0.46723378,1.0116497
6545,65.888245,0.0,105.914925,6.318407,0.0012500442,0.0,0.45978507,1.0116493
6546,89.41686,0.0,73.13998,6.31841,0.000558621,0.0,0.44770265,1.0116487
6547,85.88468,0.0,88.9099,6.3184156,0.000830055,0.0,0.4271105,1.0116478
6548,81.99948,0.0,83.30776,6.3184266,0.00076669676,0.0,0.4587925,1.0116465
6549,87.02715,0.0,79.71397,6.3184376,0.00081736804,0.0,0.43680125,1.0116454
6550,91.65839,0.0,73.979034,6.318446,0.00073590537,0.0,0.4602219,1.0116439
6551,53.21926,0.0,90.31411,6.3184543,0.00075854093,0.0,0.46524888,1.0116882
6552,77.809746,0.0,83.22783,6.31846,0.0010941136,0.0,0.44221553,1.011728
6553,65.34845,0.0,72.61015,6.318461,0.00044934143,0.0,0.45946497,1.0117639
6554,65.990746,0.0,95.08525,6.318465,0.00059057283,0.0,0.4422344,1.0117962
6555,84.131996,0.0,70.17848,6.3184643,0.0009037091,0.0,0.45827818,1.011823
6556,66.95849,0.0,80.74663,6.318461,0.0007190645,0.0,0.43392712,1.0118624
6557,72.10912,0.0,101.9729,6.3184586,0.0005742823,0.0,0.44502062,1.0118972
6558,73.0506,0.0,66.7175,6.3184576,0.00045925094,0.0,0.43595022,1.0119272
6559,63.101414,0.0,102.38145,6.3184595,0.0006092193,0.0,0.41969675,1.011965
6560,70.8858,0.0,88.62585,6.318468,0.00070593733,0.0,0.41851807,1.011999
6561,83.820854,0.0,98.86493,6.3184757,0.0007556865,0.0,0.46177143,1.0120293
6562,75.33197,0.0,82.08433,6.3184857,0.000725165,0.0,0.41924748,1.012059
6563,57.560875,0.0,105.98356,6.3184958,0.00075000664,0.0,0.38581038,1.0120858
6564,77.84011,0.0,95.03553,6.318501,0.0006407613,0.0,0.43974504,1.012108
6565,68.065834,0.0,83.94695,6.318505,0.0006921577,0.0,0.41714686,1.012128
6566,63.091587,0.0,58.85453,6.3185062,0.000793456,0.0,0.4253883,1.0121458
6567,80.23335,0.0,84.7892,6.3185062,0.0008290154,0.0,0.44485182,1.0121642
6568,67.9739,0.0,91.371796,6.3185053,0.0007723956,0.0,0.44381222,1.0121808
6569,80.905876,0.0,100.59971,6.3185077,0.00059121184,0.0,0.4349297,1.012196
6570,104.68815,0.0,95.5396,6.318513,0.0011112075,0.0,0.46445352,1.0122108
6571,67.56119,0.0,110.41378,6.3185143,0.0005503142,0.0,0.4577194,1.0122242
6572,72.81057,0.0,74.06809,6.318516,0.0008075031,0.0,0.44821596,1.012236
6573,64.7216,0.0,70.048874,6.318512,0.0005886351,0.0,0.44709262,1.012243
6574,75.9562,0.0,88.985435,6.3185067,0.00050378864,0.0,0.4315995,1.0122494
6575,90.163155,0.0,100.31984,6.3184977,0.00075925176,0.0,0.4191494,1.0122548
6576,69.47272,0.0,109.47402,6.3184915,0.00057968654,0.0,0.42456147,1.0122595
6577,76.389984,0.0,93.59075,6.3184857,0.0007052653,0.0,0.4220496,1.0122637
6578,66.00094,0.0,84.81189,6.3184853,0.00086733606,0.0,0.4356804,1.0122671
6579,66.04336,0.0,94.623566,6.318487,0.0006328154,0.0,0.45691776,1.0122691
6580,69.66536,0.0,75.3531,6.318487,0.0005787371,0.0,0.43528605,1.0122744
6581,97.60468,0.0,81.57057,6.318489,0.00038608626,0.0,0.4635318,1.012279
6582,65.47936,0.0,78.769516,6.3184934,0.00062202034,0.0,0.441576,1.0122827
6583,45.31035,0.0,69.91873,6.318501,0.00039447687,0.0,0.42530823,1.0122857
6584,81.95531,0.0,95.036995,6.318512,0.0003708431,0.0,0.42093062,1.0122883
6585,58.217983,0.0,86.35394,6.3185167,0.0006018176,0.0,0.41987717,1.0122905
6586,70.16072,0.0,78.12586,6.318523,0.0005785525,0.0,0.4553183,1.012292
6587,97.311035,0.0,88.06093,6.3185334,0.0007745207,0.0,0.44875073,1.0122935
6588,91.2196,0.0,93.08515,6.3185406,0.00067785586,0.0,0.43665093,1.0122945
6589,55.685913,0.0,102.93325,6.318554,0.00051378773,0.0,0.43810353,1.012295
6590,80.30287,0.0,78.71125,6.318564,0.0006144158,0.0,0.4436172,1.0122952
6591,75.401955,0.0,83.89795,6.3185744,0.00081394025,0.0,0.433426,1.0122954
6592,91.10824,0.0,76.66909,6.318586,0.00066270994,0.0,0.50297034,1.0122958
6593,55.639744,0.0,78.49656,6.3186035,0.000662937,0.0,0.4340043,1.0123099
6594,69.31902,0.0,84.5033,6.3186235,0.000857881,0.0,0.43030572,1.0123227
6595,58.78811,0.0,104.45087,6.3186455,0.00065765344,0.0,0.43604884,1.0123341
6596,62.84663,0.0,116.60794,6.318665,0.00091096055,0.0,0.4544112,1.0123457
6597,77.56134,0.0,95.05657,6.3186765,0.00074316026,0.0,0.46077713,1.0123568
6598,81.923935,0.0,86.042336,6.3186884,0.00063559355,0.0,0.48176223,1.0123669
6599,81.65289,0.0,82.20049,6.3187,0.0007596491,0.0,0.4459885,1.012376
6600,89.40085,0.0,100.04149,6.318709,0.0006974018,0.0,0.4421224,1.0123839
6601,61.97102,0.0,132.358,6.3187175,0.00076434435,0.0,0.4350029,1.0123909
6602,70.25303,0.0,97.90524,6.3187194,0.0008627563,0.0,0.41103742,1.0123972
6603,88.98045,0.0,86.090256,6.3187237,0.0006229393,0.0,0.4688118,1.0124024
6604,80.90249,0.0,75.646454,6.318728,0.0008466408,0.0,0.4482994,1.012407
6605,93.23229,0.0,83.16475,6.31873,0.00068582443,0.0,0.47322106,1.012411
6606,69.27489,0.0,93.49396,6.318733,0.0007431847,0.0,0.4229816,1.0124143
6607,62.04178,0.0,88.79687,6.318742,0.0006717588,0.0,0.40718383,1.0124168
6608,63.59686,0.0,71.89256,6.318756,0.0007965727,0.0,0.4231581,1.0124192
6609,69.709175,0.0,78.06275,6.3187695,0.00065049663,0.0,0.4262405,1.0124213
6610,49.988007,0.0,83.71784,6.3187814,0.00053235394,0.0,0.4309202,1.0124197
6611,58.312542,0.0,72.46428,6.318795,0.0007679197,0.0,0.44909906,1.0124183
6612,86.36776,0.0,90.625824,6.3188114,0.00054054835,0.0,0.4327074,1.0124167
6613,81.849915,0.0,81.67139,6.318829,0.00081688643,0.0,0.42610997,1.0124155
6614,79.27972,0.0,101.80922,6.318844,0.0004632519,0.0,0.47136697,1.0124139
6615,90.13539,0.0,95.21998,6.318861,0.0006453076,0.0,0.42072392,1.0124124
6616,75.587074,0.0,98.312096,6.3188787,0.00070580095,0.0,0.43493423,1.012411
6617,66.98604,0.0,90.854866,6.318894,0.0005954944,0.0,0.4081874,1.0124093
6618,56.215485,0.0,141.49402,6.3189135,0.00059751596,0.0,0.4127563,1.0124078
6619,70.69363,0.0,99.604836,6.3189235,0.00082281407,0.0,0.45105028,1.0124061
6620,72.55511,0.0,85.823944,6.3189335,0.00056024175,0.0,0.41273254,1.0124041
6621,89.7437,0.0,116.96136,6.3189425,0.00067963044,0.0,0.47620273,1.0124023
6622,63.970905,0.0,92.088234,6.31895,0.0006554047,0.0,0.4124833,1.0124004
6623,88.25181,0.0,84.06229,6.318958,0.0006432593,0.0,0.45200384,1.0123985
6624,106.296455,0.0,103.150665,6.3189645,0.00066938566,0.0,0.45872492,1.0123974
6625,67.14188,0.0,95.78849,6.3189697,0.00068106235,0.0,0.42158383,1.0123997
6626,75.966064,0.0,100.48446,6.318977,0.0007687739,0.0,0.4421891,1.0124013
6627,92.204315,0.0,94.930534,6.318986,0.00054714945,0.0,0.39266056,1.0124025
6628,62.54969,0.0,115.544876,6.318999,0.0011149836,0.0,0.44997913,1.0123993
6629,65.67072,0.0,75.74574,6.3190107,0.00079381303,0.0,0.42484015,1.0123962
6630,76.999596,0.0,104.40181,6.31902,0.00064416724,0.0,0.45252514,1.0123962
6631,97.95001,0.0,79.9174,6.3190303,0.00046452807,0.0,0.4177074,1.012396
6632,88.683586,0.0,73.46747,6.3190393,0.0007864313,0.0,0.41702867,1.012396
6633,67.21188,0.0,100.32121,6.3190465,0.0005013852,0.0,0.40068263,1.0123968
6634,72.88947,0.0,94.1453,6.319056,0.0005084699,0.0,0.46218437,1.0123974
6635,76.99042,0.0,77.27484,6.319065,0.00052824954,0.0,0.43136784,1.0123978
6636,56.617752,0.0,80.360405,6.3190756,0.0007436589,0.0,0.43188235,1.012398
6637,84.193146,0.0,91.539665,6.3190875,0.0004903161,0.0,0.43752846,1.0123972
6638,74.681404,0.0,84.95994,6.3191004,0.00070095004,0.0,0.45744717,1.0123965
6639,84.269745,0.0,104.695114,6.31911,0.0005902976,0.0,0.44513035,1.0124127
6640,67.14206,0.0,100.68377,6.3191204,0.0006144673,0.0,0.46737203,1.0124272
6641,94.028496,0.0,88.712555,6.31913,0.00072255556,0.0,0.42186886,1.0124403
6642,71.158264,0.0,101.399,6.319139,0.0006213753,0.0,0.43158555,1.012452
6643,62.90556,0.0,83.38976,6.319148,0.0006186671,0.0,0.4386927,1.0124626
6644,70.81893,0.0,65.55757,6.319159,0.0005353767,0.0,0.4317767,1.0124722
6645,66.9612,0.0,92.72672,6.3191686,0.0009866278,0.0,0.4353275,1.0124805
6646,61.919636,0.0,90.41168,6.319178,0.0008376033,0.0,0.4849286,1.0124876
6647,61.77906,0.0,85.34846,6.319192,0.00058510515,0.0,0.43424124,1.0124941
6648,77.200294,0.0,74.64737,6.319204,0.00059157447,0.0,0.45124146,1.0124997
6649,57.9196,0.0,66.63189,6.3192177,0.00060822343,0.0,0.4233259,1.0125045
6650,72.48201,0.0,87.08206,6.3192263,0.0006783904,0.0,0.4408729,1.0125086
6651,70.53322,0.0,78.10138,6.3192368,0.0005338361,0.0,0.42059797,1.0125121
6652,77.16782,0.0,87.20882,6.3192425,0.00054194394,0.0,0.46690473,1.012515
6653,70.33435,0.0,82.87299,6.319249,0.00082216447,0.0,0.41707444,1.0125173
6654,59.926975,0.0,83.47646,6.3192573,0.00059049355,0.0,0.42479187,1.0125184
6655,82.89068,0.0,93.43864,6.319267,0.0007727493,0.0,0.3889563,1.0125192
6656,52.988083,0.0,73.11345,6.319277,0.0006922106,0.0,0.45555776,1.0125197
6657,64.42268,0.0,80.863785,6.3192897,0.0008974413,0.0,0.406842,1.01252
6658,87.88798,0.0,105.090996,6.319299,0.00085572514,0.0,0.4190467,1.0125198
6659,74.341194,0.0,89.812325,6.319306,0.0006977428,0.0,0.42613566,1.0125197
6660,54.314396,0.0,105.27746,6.319314,0.0007376033,0.0,0.4383267,1.0125191
6661,66.272064,0.0,91.37394,6.3193183,0.0007092856,0.0,0.4634126,1.0125188
6662,55.476254,0.0,83.31473,6.3193235,0.00046947988,0.0,0.44079638,1.0125176
6663,91.78017,0.0,88.290146,6.31933,0.0009105614,0.0,0.4319573,1.0125166
6664,71.797745,0.0,79.08579,6.319337,0.00064432505,0.0,0.41290635,1.0125154
6665,69.84448,0.0,79.295685,6.3193445,0.0007524939,0.0,0.45164,1.0125141
6666,99.31466,0.0,86.55841,6.319355,0.00064638525,0.0,0.4271341,1.0125098
6667,89.964874,0.0,84.22157,6.3193655,0.00047711455,0.0,0.48018262,1.0125059
6668,82.49245,0.0,78.24934,6.319377,0.0007609042,0.0,0.46261114,1.012502
6669,55.95969,0.0,74.13703,6.3193846,0.00070393446,0.0,0.47979283,1.0124984
6670,76.80539,0.0,96.81911,6.3193927,0.0005377281,0.0,0.45149192,1.0124948
6671,66.941925,0.0,91.08373,6.3194036,0.000509319,0.0,0.43137965,1.0124911
6672,92.28498,0.0,91.29781,6.3194127,0.00080266286,0.0,0.4332858,1.0124875
6673,80.92501,0.0,75.11528,6.319421,0.00067618757,0.0,0.4239238,1.0124842
6674,74.77819,0.0,79.222984,6.319429,0.00061220786,0.0,0.4255614,1.0124807
6675,75.94193,0.0,96.30117,6.3194385,0.00055391056,0.0,0.4329276,1.012477
6676,75.11056,0.0,86.29419,6.3194494,0.00080799847,0.0,0.44078654,1.0124735
6677,84.1375,0.0,76.87908,6.319464,0.00083050336,0.0,0.43222672,1.01247
6678,83.221634,0.0,84.89927,6.3194795,0.0005057086,0.0,0.41933677,1.0124667
6679,83.68464,0.0,92.85715,6.3194923,0.00075655396,0.0,0.43002242,1.0124635
6680,71.95251,0.0,92.78966,6.3195095,0.00053825637,0.0,0.42358118,1.0124602
6681,72.34284,0.0,94.680405,6.3195233,0.0007943263,0.0,0.45171,1.0124571
6682,57.893673,0.0,92.2006,6.31953,0.00081081036,0.0,0.44245398,1.0124542
6683,65.15237,0.0,82.39852,6.3195395,0.0005926491,0.0,0.42746374,1.0124508
6684,60.457317,0.0,100.7007,6.319547,0.00055157347,0.0,0.41659412,1.012448
6685,77.212234,0.0,78.005615,6.3195534,0.0007033949,0.0,0.42648897,1.0124451
6686,77.23936,0.0,88.657906,6.3195543,0.00060178293,0.0,0.44880402,1.0124422
6687,95.01905,0.0,98.21178,6.319555,0.0007465024,0.0,0.4204749,1.0124394
6688,82.43843,0.0,85.9623,6.3195534,0.00068939704,0.0,0.4568275,1.0124365
6689,67.13735,0.0,86.59832,6.319555,0.0010504061,0.0,0.4597146,1.0124353
6690,79.725555,0.0,94.731544,6.3195577,0.0006314622,0.0,0.40714914,1.0124344
6691,83.6989,0.0,87.60722,6.319555,0.000659821,0.0,0.43204898,1.012433
6692,73.10353,0.0,89.46497,6.3195505,0.00071269134,0.0,0.42813104,1.0124321
6693,75.87601,0.0,109.11137,6.3195496,0.0006188186,0.0,0.4536147,1.0124422
6694,78.967476,0.0,79.86176,6.3195486,0.0008157698,0.0,0.4456912,1.0124512
6695,78.24201,0.0,81.85555,6.319553,0.0006755381,0.0,0.40746722,1.0124593
6696,70.74144,0.0,83.93019,6.31956,0.0005074475,0.0,0.44806403,1.0124663
6697,75.612404,0.0,108.20234,6.319563,0.0007672595,0.0,0.46248287,1.0124724
6698,75.05173,0.0,69.63553,6.319569,0.00090358034,0.0,0.43801093,1.0124778
6699,68.56398,0.0,83.97791,6.319578,0.0006671157,0.0,0.45519388,1.0124823
6700,60.288128,0.0,83.87842,6.3195915,0.0006754388,0.0,0.46696395,1.0124862
6701,88.279854,0.0,78.26957,6.319604,0.0007078494,0.0,0.4321673,1.0124896
6702,76.3853,0.0,78.812584,6.319613,0.00093049323,0.0,0.47062695,1.0124922
6703,66.107414,0.0,83.25048,6.3196225,0.0007725644,0.0,0.45747742,1.0124944
6704,80.09123,0.0,73.987854,6.3196297,0.00053573184,0.0,0.41440052,1.0124962
6705,72.80509,0.0,94.66274,6.319637,0.00080617116,0.0,0.4266287,1.0124975
6706,70.03323,0.0,84.037224,6.319641,0.00052488735,0.0,0.45337695,1.0124986
6707,63.079727,0.0,82.20149,6.3196383,0.001109286,0.0,0.46682772,1.0124995
6708,67.860634,0.0,78.31857,6.319635,0.0007195261,0.0,0.43375143,1.0125002
6709,87.590866,0.0,69.634,6.3196335,0.0005165579,0.0,0.45154476,1.0125004
6710,67.50834,0.0,64.737366,6.319631,0.0006488367,0.0,0.45088768,1.0125014
6711,74.35444,0.0,79.359764,6.3196282,0.00063461636,0.0,0.42102048,1.012502
6712,74.90112,0.0,104.399536,6.3196287,0.0004553763,0.0,0.46504998,1.0125023
6713,73.08957,0.0,104.76651,6.3196273,0.00058099406,0.0,0.4668058,1.0125024
6714,70.33001,0.0,77.07544,6.319627,0.0007279384,0.0,0.4568239,1.0124998
6715,89.34289,0.0,77.00776,6.3196325,0.00080871413,0.0,0.4024942,1.0124973
6716,60.724064,0.0,76.63841,6.3196344,0.00050490006,0.0,0.40729445,1.0124947
6717,74.33198,0.0,74.383705,6.319635,0.0006096047,0.0,0.435919,1.0124921
6718,82.970535,0.0,93.55868,6.3196406,0.0006811972,0.0,0.451307,1.0124897
6719,82.76053,0.0,77.47795,6.319646,0.0006835388,0.0,0.42879033,1.0124804
6720,65.26507,0.0,89.263374,6.319656,0.00062206923,0.0,0.430718,1.0124718
6721,91.63087,0.0,83.8802,6.319665,0.0006962558,0.0,0.4623512,1.0124637
6722,88.23451,0.0,90.279335,6.319672,0.00059567933,0.0,0.42686415,1.0124563
6723,64.91711,0.0,77.0893,6.3196797,0.000962208,0.0,0.46492958,1.0124493
6724,72.2446,0.0,69.51989,6.319688,0.0006643395,0.0,0.42456028,1.0124427
6725,85.28632,0.0,74.510956,6.3196955,0.00053862657,0.0,0.4648795,1.0124365
6726,77.45211,0.0,86.76004,6.3197026,0.0006477523,0.0,0.44272316,1.0124307
6727,95.76608,0.0,76.109985,6.3197093,0.00074222777,0.0,0.44357952,1.0124252
6728,68.77961,0.0,87.2016,6.3197155,0.0006507359,0.0,0.406321,1.01242
6729,59.954865,0.0,87.83015,6.319721,0.0007046444,0.0,0.41634583,1.0124152
6730,70.789566,0.0,63.60672,6.3197246,0.0005242729,0.0,0.42168134,1.0124106
6731,56.231037,0.0,113.68187,6.319729,0.001007878,0.0,0.4509736,1.0124108
6732,77.901695,0.0,100.768456,6.3197303,0.00053944264,0.0,0.45661253,1.0124108
6733,67.305565,0.0,90.62236,6.3197317,0.0007088156,0.0,0.42790955,1.0124105
6734,63.912144,0.0,78.33025,6.319736,0.0007516849,0.0,0.40167722,1.0124143
6735,71.75188,0.0,79.24197,6.319741,0.00062786456,0.0,0.4551842,1.0124177
6736,74.74618,0.0,73.78319,6.3197446,0.0005581464,0.0,0.48319554,1.0124205
6737,80.99835,0.0,84.306465,6.319751,0.0005008129,0.0,0.41148788,1.0124234
6738,74.1377,0.0,65.18961,6.3197584,0.0006588347,0.0,0.42697632,1.0124264
6739,71.53595,0.0,87.20489,6.3197646,0.0005474176,0.0,0.48095477,1.0124289
6740,65.74897,0.0,82.75244,6.3197703,0.00048205498,0.0,0.42538187,1.0124309
6741,62.213093,0.0,92.31187,6.3197827,0.00079516217,0.0,0.43398178,1.0124323
6742,68.4096,0.0,82.26653,6.3197947,0.00052745244,0.0,0.42338014,1.0124336
6743,86.75327,0.0,78.85118,6.319804,0.0004924824,0.0,0.44827828,1.012434
6744,56.789257,0.0,82.62023,6.319815,0.0004432588,0.0,0.4545368,1.0124344
6745,86.26133,0.0,72.375435,6.3198237,0.00062090764,0.0,0.4234607,1.0124344
6746,68.47417,0.0,83.64886,6.3198338,0.00071986776,0.0,0.480103,1.012434
6747,65.03857,0.0,122.34013,6.319839,0.00052489125,0.0,0.39373225,1.0124338
6748,69.93369,0.0,81.252144,6.3198442,0.00078941014,0.0,0.4472505,1.0124329
6749,56.839508,0.0,91.20247,6.3198524,0.00062341505,0.0,0.4586205,1.0124322
6750,78.486084,0.0,76.75907,6.319859,0.0003961979,0.0,0.4184502,1.0124311
6751,84.62336,0.0,99.97318,6.319868,0.0006541803,0.0,0.44375262,1.0124301
6752,73.166504,0.0,76.871666,6.31988,0.0005796654,0.0,0.47381014,1.0124289
6753,69.544586,0.0,92.42148,6.3198924,0.0006768177,0.0,0.42773724,1.0124273
6754,60.756493,0.0,72.38882,6.3199077,0.00053938816,0.0,0.4800083,1.0124259
6755,84.63844,0.0,83.92162,6.3199263,0.0006845007,0.0,0.44575748,1.0124243
6756,73.29758,0.0,76.0626,6.3199477,0.0005165525,0.0,0.47053766,1.0124227
6757,60.77338,0.0,109.68174,6.3199673,0.00048385363,0.0,0.459449,1.0124209
6758,74.70072,0.0,97.638596,6.319984,0.0006247902,0.0,0.44563955,1.0124189
6759,68.445435,0.0,120.9124,6.32,0.0006740731,0.0,0.43353844,1.0124168
6760,94.87181,0.0,87.28704,6.320018,0.00050627894,0.0,0.44211134,1.0124142
6761,98.64119,0.0,103.601585,6.3200254,0.00052343274,0.0,0.44909668,1.0124115
6762,68.48666,0.0,106.689735,6.320035,0.00038857944,0.0,0.46794325,1.0124124
6763,79.19804,0.0,81.366165,6.3200455,0.00073667895,0.0,0.45136523,1.0124141
6764,62.754436,0.0,86.70018,6.320054,0.0007424834,0.0,0.4172554,1.0124154
6765,74.10185,0.0,89.946724,6.3200607,0.0004097678,0.0,0.45311153,1.0124158
6766,75.88133,0.0,79.74946,6.320066,0.00062688906,0.0,0.4680743,1.0124155
6767,83.54162,0.0,76.7198,6.3200755,0.0005437463,0.0,0.44927964,1.0124093
6768,87.04631,0.0,88.038506,6.3200817,0.00065397186,0.0,0.4221421,1.0124032
6769,103.40161,0.0,99.11355,6.320091,0.0006672231,0.0,0.4388094,1.0123978
6770,61.227318,0.0,92.15949,6.3200974,0.000602002,0.0,0.43350184,1.0123935
6771,81.92633,0.0,88.6996,6.320104,0.0005081432,0.0,0.4200651,1.0123895
6772,95.31817,0.0,78.88115,6.3201094,0.00078454614,0.0,0.42804036,1.0123858
6773,63.43401,0.0,96.60872,6.320116,0.0006768095,0.0,0.4224918,1.012382
6774,76.9442,0.0,94.03344,6.32012,0.00087964034,0.0,0.437718,1.0123785
6775,58.295677,0.0,87.76603,6.3201265,0.0006882966,0.0,0.46030867,1.0123751
6776,80.95051,0.0,94.69945,6.3201375,0.0010390382,0.0,0.43986425,1.0123718
6777,68.886086,0.0,99.78833,6.320144,0.0009937726,0.0,0.443985,1.0123684
6778,61.690746,0.0,87.55555,6.3201494,0.0010326265,0.0,0.4271834,1.0123653
6779,90.29658,0.0,79.552315,6.3201494,0.0010066351,0.0,0.43727112,1.0123624
6780,69.458916,0.0,68.819855,6.320147,0.0007862581,0.0,0.41697907,1.0123593
6781,94.822845,0.0,81.17111,6.3201447,0.0006724028,0.0,0.43635648,1.0123562
6782,74.06602,0.0,90.82394,6.3201423,0.00089154113,0.0,0.44432104,1.0123533
6783,65.544876,0.0,75.39167,6.3201385,0.00078504765,0.0,0.41200384,1.0123503
6784,67.023056,0.0,88.20054,6.3201375,0.00065537513,0.0,0.46372688,1.0123478
6785,77.67674,0.0,83.886795,6.320138,0.0006475858,0.0,0.4197989,1.0123454
6786,75.78986,0.0,76.776344,6.3201413,0.00086443656,0.0,0.44203705,1.0123429
6787,67.811165,0.0,84.535706,6.320144,0.0006832322,0.0,0.44540676,1.0123408
6788,76.12978,0.0,84.32867,6.320151,0.0007389848,0.0,0.469715,1.0123386
6789,80.65094,0.0,80.282104,6.320163,0.0008382068,0.0,0.4432678,1.0123363
6790,70.00288,0.0,79.541916,6.32017,0.0006848356,0.0,0.43916196,1.0123341
6791,60.5948,0.0,86.979065,6.3201785,0.0005504455,0.0,0.455818,1.0123317
6792,67.644905,0.0,78.25071,6.320187,0.00060442905,0.0,0.44576353,1.0123296
6793,93.254684,0.0,98.76198,6.3201976,0.00060640776,0.0,0.46729907,1.0123272
6794,63.447052,0.0,95.11441,6.320208,0.00069179636,0.0,0.4740607,1.0123248
6795,72.84401,0.0,79.98383,6.3202224,0.00060745253,0.0,0.43595243,1.0123225
6796,96.00902,0.0,78.590675,6.3202343,0.000544755,0.0,0.44554788,1.0123202
6797,68.52382,0.0,83.44619,6.3202496,0.0005013332,0.0,0.4225845,1.0123092
6798,78.262856,0.0,70.09869,6.320269,0.0007281358,0.0,0.42886123,1.0122994
6799,79.79014,0.0,84.107414,6.320291,0.0006760999,0.0,0.428761,1.0122906
6800,60.31069,0.0,79.50187,6.3203087,0.00062796316,0.0,0.45270514,1.0122827
6801,71.02102,0.0,84.52987,6.320322,0.0005699404,0.0,0.43016618,1.0122757
6802,80.59223,0.0,85.01612,6.320332,0.0007806092,0.0,0.4661917,1.0122691
6803,60.637737,0.0,90.46551,6.320345,0.0006930108,0.0,0.42423272,1.0122632
6804,81.3998,0.0,87.875275,6.320356,0.00058710785,0.0,0.44829005,1.0122576
6805,87.991776,0.0,86.26629,6.320367,0.0005852585,0.0,0.43740886,1.0122523
6806,56.47341,0.0,80.45868,6.320374,0.0006634706,0.0,0.43367356,1.0122476
6807,67.46948,0.0,86.032936,6.3203773,0.00067093014,0.0,0.4793894,1.0122429
6808,63.227856,0.0,97.58361,6.3203797,0.0006650819,0.0,0.44605452,1.0122385
6809,72.62369,0.0,103.98786,6.320384,0.0006070619,0.0,0.4470148,1.0122344
6810,85.190834,0.0,110.69491,6.3203883,0.00071541517,0.0,0.40879667,1.0122304
6811,70.67549,0.0,78.62849,6.3203917,0.00063281343,0.0,0.46853715,1.0122082
6812,63.401913,0.0,96.4536,6.3203945,0.0008791032,0.0,0.47912943,1.0121921
6813,66.8346,0.0,75.18075,6.3203964,0.00075575773,0.0,0.42220983,1.0121777
6814,89.67822,0.0,84.1224,6.320401,0.0007317432,0.0,0.45490116,1.0121652
6815,91.51209,0.0,86.71609,6.3204074,0.0009084864,0.0,0.4501738,1.0121537
6816,81.93011,0.0,99.97785,6.3204193,0.0006543218,0.0,0.4597339,1.0121433
6817,73.79425,0.0,75.61964,6.320428,0.0007208516,0.0,0.44980773,1.0121337
6818,84.294014,0.0,104.284676,6.3204336,0.00057436974,0.0,0.4415722,1.012125
6819,65.53142,0.0,82.31615,6.320443,0.0005150264,0.0,0.44209456,1.012117
6820,48.98345,0.0,72.81247,6.3204503,0.000679202,0.0,0.45463142,1.0121098
6821,76.47902,0.0,94.694626,6.3204556,0.000581092,0.0,0.43014413,1.0121028
6822,80.32224,0.0,91.17246,6.3204637,0.00075910485,0.0,0.4273033,1.0120964
6823,77.42988,0.0,95.54708,6.320472,0.00070503604,0.0,0.45742306,1.0120906
6824,59.799194,0.0,71.308235,6.3204794,0.000738026,0.0,0.46160483,1.012088
6825,74.59132,0.0,69.68769,6.3204927,0.00075845025,0.0,0.47058225,1.0120856
6826,75.09533,0.0,59.38269,6.3205037,0.0007604004,0.0,0.42538485,1.012083
6827,62.114365,0.0,84.81923,6.320515,0.00061582704,0.0,0.4535517,1.0120808
6828,62.60241,0.0,92.21183,6.3205266,0.0007243281,0.0,0.43355855,1.012079
6829,67.60236,0.0,78.360245,6.320542,0.00045250723,0.0,0.48624977,1.012077
6830,67.21375,0.0,96.09983,6.320553,0.00039325602,0.0,0.42285737,1.0120901
6831,78.63053,0.0,116.02757,6.3205643,0.00066275324,0.0,0.413728,1.0121018
6832,69.415794,0.0,81.91833,6.3205714,0.0006856023,0.0,0.44617063,1.012112
6833,75.83617,0.0,97.1789,6.3205843,0.00048170914,0.0,0.41804826,1.0121228
6834,77.850655,0.0,90.56698,6.320591,0.00045541138,0.0,0.4019768,1.0121324
6835,64.048515,0.0,92.27997,6.320602,0.0005382563,0.0,0.41684514,1.012141
6836,77.926575,0.0,79.49298,6.3206143,0.00057947554,0.0,0.47953483,1.0121486
6837,87.03685,0.0,94.89935,6.320628,0.00096981984,0.0,0.41937137,1.0121552
6838,82.013084,0.0,102.27128,6.320641,0.0005051255,0.0,0.435179,1.0121611
6839,72.229294,0.0,107.93981,6.320646,0.0005798402,0.0,0.42394876,1.012166
6840,58.494648,0.0,84.71599,6.320652,0.0005482132,0.0,0.43511996,1.0121717
6841,87.56915,0.0,84.7578,6.3206534,0.0006645693,0.0,0.40661502,1.0121768
6842,83.966385,0.0,76.70615,6.320654,0.00061210885,0.0,0.4217416,1.012181
6843,75.32785,0.0,81.163,6.320655,0.0006640257,0.0,0.42336735,1.0121847
6844,68.52332,0.0,91.043045,6.320657,0.00056109927,0.0,0.4181041,1.0121878
6845,77.209496,0.0,80.50404,6.320665,0.0006265331,0.0,0.43745613,1.0121909
6846,80.72617,0.0,96.687805,6.3206763,0.000951681,0.0,0.42782897,1.0121934
6847,74.92868,0.0,91.3815,6.3206882,0.00077867496,0.0,0.43879136,1.0121955
6848,77.20233,0.0,86.06626,6.320694,0.00060840044,0.0,0.4424629,1.0121973
6849,64.51073,0.0,101.241844,6.320706,0.0005966661,0.0,0.43450546,1.0121983
6850,82.29777,0.0,84.72951,6.3207197,0.00050469063,0.0,0.497326,1.0121994
6851,103.24098,0.0,63.874985,6.3207335,0.0006215858,0.0,0.43614233,1.0121999
6852,78.09547,0.0,82.430244,6.320749,0.0008319974,0.0,0.4447919,1.0122002
6853,76.78133,0.0,100.87995,6.32076,0.00053938176,0.0,0.4773445,1.0122004
6854,81.52445,0.0,81.56444,6.3207717,0.00051740103,0.0,0.4490628,1.0122
6855,80.69968,0.0,96.93343,6.320782,0.00065007317,0.0,0.41257548,1.0121996
6856,67.70719,0.0,69.87157,6.32079,0.0006592793,0.0,0.44005394,1.0121992
6857,71.32201,0.0,95.42341,6.3207927,0.00068154465,0.0,0.42359108,1.0121982
6858,67.56466,0.0,85.15833,6.3207893,0.000507785,0.0,0.4166093,1.0121971
6859,75.36815,0.0,93.93414,6.3207846,0.00056582893,0.0,0.43407246,1.0121962
6860,71.2549,0.0,82.91497,6.3207765,0.00079708686,0.0,0.48224062,1.0121949
6861,87.83245,0.0,63.539837,6.3207717,0.00067975593,0.0,0.41824168,1.0121936
6862,56.464478,0.0,92.35224,6.320764,0.0005523162,0.0,0.4364056,1.012192
6863,93.149055,0.0,83.91291,6.320756,0.00041546073,0.0,0.43560073,1.0121905
6864,110.86248,0.0,100.58522,6.3207426,0.0008428348,0.0,0.4195878,1.0121888
6865,75.38538,0.0,80.03506,6.3207355,0.00058786257,0.0,0.43951052,1.0121869
6866,74.136955,0.0,91.73983,6.3207283,0.0005428548,0.0,0.45426035,1.0121877
6867,82.71308,0.0,75.93737,6.3207226,0.0005642772,0.0,0.43608662,1.0121882
6868,68.06467,0.0,73.07338,6.3207154,0.0006656295,0.0,0.41406333,1.0121883
6869,68.559616,0.0,92.82564,6.320709,0.00078598736,0.0,0.43720585,1.0121951
6870,97.74542,0.0,92.583786,6.3207064,0.0009057761,0.0,0.41059408,1.0122008
6871,70.0841,0.0,102.90186,6.320703,0.0008622773,0.0,0.4018746,1.0122058
6872,65.69733,0.0,94.789536,6.3207064,0.0006831576,0.0,0.4049213,1.0122101
6873,82.04837,0.0,102.20584,6.320711,0.0007732121,0.0,0.4358983,1.0122138
6874,73.72013,0.0,115.13649,6.320711,0.00057702616,0.0,0.44788688,1.0122253
6875,71.87445,0.0,90.60043,6.32071,0.00049972517,0.0,0.4536446,1.0122356
6876,67.1208,0.0,81.39603,6.320706,0.00052463915,0.0,0.4757596,1.0122447
6877,70.44098,0.0,80.98896,6.3207045,0.00053908146,0.0,0.4464723,1.0122524
6878,87.4711,0.0,97.31684,6.3207083,0.00058233715,0.0,0.4307786,1.0122594
6879,68.248726,0.0,93.414375,6.3207145,0.00067212735,0.0,0.4424739,1.0122652
6880,70.75604,0.0,83.75931,6.3207273,0.0005339517,0.0,0.4530805,1.0122705
6881,109.27447,0.0,84.58396,6.3207417,0.0007187344,0.0,0.44316584,1.0122747
6882,69.75678,0.0,66.79798,6.3207593,0.00067269616,0.0,0.50517046,1.0122783
6883,84.27974,0.0,79.68733,6.320771,0.00085207925,0.0,0.4438476,1.0122814
6884,72.10784,0.0,105.558464,6.320782,0.0006267977,0.0,0.4363836,1.0122862
6885,76.79698,0.0,64.82229,6.320795,0.0006055719,0.0,0.45279622,1.0122905
6886,74.561615,0.0,84.56035,6.320808,0.0005782448,0.0,0.47093385,1.0122939
6887,84.19389,0.0,77.90567,6.320817,0.0007392535,0.0,0.4432398,1.0122969
6888,76.35505,0.0,109.47488,6.3208222,0.00063868886,0.0,0.4139288,1.0122993
6889,73.584946,0.0,84.25042,6.3208246,0.00058895105,0.0,0.43829462,1.0123013
6890,63.597828,0.0,95.61022,6.3208265,0.0007689826,0.0,0.41891187,1.0123029
6891,86.98286,0.0,88.83139,6.32083,0.0005923458,0.0,0.44423747,1.0123041
6892,72.42324,0.0,80.77134,6.320828,0.00066353835,0.0,0.43008733,1.0123048
6893,81.522575,0.0,78.56857,6.3208284,0.0005785285,0.0,0.4317482,1.0123053
6894,73.25178,0.0,85.48997,6.3208294,0.00053966575,0.0,0.4611392,1.0123056
6895,71.70855,0.0,81.19732,6.320832,0.0007127994,0.0,0.433558,1.0123054
6896,70.07575,0.0,83.238716,6.320835,0.0007101195,0.0,0.4465903,1.0123066
6897,78.02729,0.0,64.5488,6.3208375,0.0005380655,0.0,0.46637195,1.0123073
6898,65.6605,0.0,86.09428,6.320841,0.0008344606,0.0,0.44359565,1.0123078
6899,69.399284,0.0,82.16849,6.3208466,0.0007598689,0.0,0.3746662,1.012308
6900,76.033134,0.0,83.889305,6.320854,0.00057460443,0.0,0.43430075,1.0123079
6901,75.18138,0.0,79.411934,6.3208656,0.00080266176,0.0,0.49063677,1.0123075
6902,79.26622,0.0,85.74795,6.320877,0.00042072902,0.0,0.41378784,1.0123073
6903,73.87043,0.0,80.210396,6.3208947,0.00042866397,0.0,0.41851506,1.0123066
6904,101.5784,0.0,99.78255,6.3209114,0.00045533903,0.0,0.44355887,1.0123062
6905,79.03151,0.0,99.28164,6.3209267,0.00063431915,0.0,0.45233572,1.0123057
6906,80.69456,0.0,82.93514,6.3209376,0.0008024208,0.0,0.40847546,1.012305
6907,80.98766,0.0,80.866005,6.3209476,0.0010356861,0.0,0.4388013,1.0123076
6908,66.096756,0.0,96.48475,6.320954,0.000761918,0.0,0.4296747,1.0123097
6909,91.44583,0.0,83.85129,6.3209553,0.0005350922,0.0,0.4629463,1.0123115
6910,73.60454,0.0,99.8686,6.3209643,0.0007999926,0.0,0.42181167,1.0123125
6911,69.99427,0.0,76.39676,6.320972,0.00072078616,0.0,0.42844558,1.0123134
6912,90.71979,0.0,96.68,6.3209815,0.0006084066,0.0,0.4286345,1.012312
6913,75.49177,0.0,75.74438,6.3209934,0.00068824657,0.0,0.451814,1.0123109
6914,84.14191,0.0,84.40439,6.3210044,0.00070174865,0.0,0.45257306,1.0123093
6915,60.149242,0.0,101.15952,6.3210177,0.0009671339,0.0,0.44574732,1.0123078
6916,76.879715,0.0,122.83831,6.3210287,0.00055147684,0.0,0.42209733,1.0123061
6917,66.37238,0.0,65.07239,6.3210397,0.00065263547,0.0,0.41808933,1.0123045
6918,63.900806,0.0,94.07033,6.321051,0.0007040957,0.0,0.44493705,1.0123026
6919,76.27046,0.0,107.28403,6.3210607,0.00075291784,0.0,0.47063744,1.0123084
6920,53.538296,0.0,92.43415,6.3210707,0.0005439243,0.0,0.4082029,1.0123128
6921,78.14603,0.0,79.63862,6.321078,0.0009344402,0.0,0.4909644,1.0123166
6922,71.87108,0.0,82.19025,6.321081,0.0006166757,0.0,0.4179755,1.0123209
6923,70.3418,0.0,77.368484,6.321088,0.0007301089,0.0,0.43791968,1.0123246
6924,60.16153,0.0,80.09819,6.321087,0.0005517464,0.0,0.4782568,1.0123277
6925,65.06653,0.0,99.262566,6.3210835,0.0008688857,0.0,0.44087443,1.0123303
6926,55.401863,0.0,108.337685,6.3210783,0.00063651666,0.0,0.41987246,1.0123324
6927,74.74424,0.0,86.510605,6.3210797,0.0008294074,0.0,0.43298325,1.0123343
6928,82.3541,0.0,77.09955,6.3210845,0.0006435978,0.0,0.49523515,1.0123358
6929,73.70344,0.0,93.465836,6.321091,0.00051449466,0.0,0.41888413,1.0123367
6930,72.46467,0.0,87.1384,6.321097,0.0007559319,0.0,0.46633705,1.0123374
6931,80.9237,0.0,86.540985,6.3210993,0.0006778465,0.0,0.38990468,1.0123379
6932,59.22405,0.0,69.847725,6.3211083,0.0008075945,0.0,0.4336201,1.012338
6933,81.33098,0.0,82.23671,6.3211174,0.0006821947,0.0,0.4824763,1.012338
6934,59.833916,0.0,78.323685,6.321125,0.0007313505,0.0,0.4429751,1.0123377
6935,78.04972,0.0,113.11499,6.3211403,0.0006657985,0.0,0.44801897,1.0123372
6936,81.94214,0.0,78.37964,6.32115,0.00062665745,0.0,0.41999024,1.0123365
6937,77.73703,0.0,79.03518,6.321161,0.0005887528,0.0,0.4641826,1.0123354
6938,57.94383,0.0,85.92651,6.3211727,0.0006267403,0.0,0.46971926,1.0123345
6939,68.73418,0.0,81.62856,6.32119,0.000720009,0.0,0.4240323,1.0123332
6940,77.62658,0.0,92.063156,6.3212104,0.00060477224,0.0,0.43281078,1.0123336
6941,61.920383,0.0,78.01655,6.3212304,0.0005721174,0.0,0.41462025,1.0123338
6942,75.974815,0.0,76.21774,6.3212457,0.0005753305,0.0,0.41647968,1.0123338
6943,67.74862,0.0,94.26904,6.321256,0.0006711255,0.0,0.42189872,1.0123332
6944,69.79857,0.0,84.6236,6.321266,0.00069731823,0.0,0.41885647,1.0123328
6945,75.16577,0.0,109.814476,6.3212743,0.0006408218,0.0,0.44142717,1.0123317
6946,73.55939,0.0,122.04728,6.3212795,0.00072489993,0.0,0.41166735,1.0123308
6947,72.80802,0.0,91.80735,6.321283,0.00069364195,0.0,0.43543935,1.0123298
6948,75.88484,0.0,75.47832,6.321283,0.00047144093,0.0,0.46034092,1.0123284
6949,70.74437,0.0,73.24562,6.321283,0.0007705622,0.0,0.44721207,1.0123271
6950,88.70748,0.0,92.37335,6.321284,0.0006363749,0.0,0.41695035,1.0123256
6951,55.316357,0.0,100.41865,6.321289,0.0005924885,0.0,0.44367003,1.012324
6952,67.571884,0.0,109.4881,6.3212953,0.0007996505,0.0,0.41007552,1.0123273
6953,78.24833,0.0,74.3779,6.3212953,0.00069535803,0.0,0.45003146,1.0123302
6954,55.467472,0.0,71.33582,6.3213,0.00055079616,0.0,0.42293262,1.0123324
6955,75.69799,0.0,95.18257,6.321301,0.00058284414,0.0,0.41353226,1.0123396
6956,65.95926,0.0,97.7551,6.3213034,0.00069635815,0.0,0.41902214,1.0123458
6957,71.12671,0.0,71.63968,6.3212967,0.0005561601,0.0,0.43790504,1.0123513
6958,70.1896,0.0,103.20825,6.321297,0.0010783308,0.0,0.47093087,1.0123557
6959,84.103294,0.0,89.826614,6.3212976,0.0006320749,0.0,0.43112502,1.0123595
6960,90.43397,0.0,78.259926,6.321298,0.0005092521,0.0,0.44452423,1.0123627
6961,63.63893,0.0,72.41283,6.3212934,0.0006940483,0.0,0.41381902,1.0123655
6962,80.39844,0.0,86.66051,6.3212924,0.0006431292,0.0,0.4321986,1.0123676
6963,78.30479,0.0,91.15419,6.32129,0.0005965905,0.0,0.47314534,1.0123694
6964,96.843925,0.0,85.33795,6.321294,0.0007665187,0.0,0.45537728,1.0123696
6965,69.916504,0.0,105.07142,6.3212976,0.00054846605,0.0,0.45331073,1.0123698
6966,73.82429,0.0,70.25058,6.321309,0.0006264496,0.0,0.4267103,1.0123696
6967,77.087494,0.0,92.617516,6.3213205,0.0005332656,0.0,0.44722593,1.012369
6968,62.6232,0.0,96.56013,6.3213344,0.00061560445,0.0,0.42742524,1.0123686
6969,67.43233,0.0,74.421936,6.3213496,0.00049546966,0.0,0.45476815,1.0123678
6970,70.73712,0.0,82.587776,6.3213625,0.00071637135,0.0,0.42792365,1.0123668
6971,75.380516,0.0,102.95551,6.321379,0.0008132154,0.0,0.44124746,1.0123656
6972,70.37611,0.0,82.34759,6.3213973,0.0005200831,0.0,0.42238888,1.0123641
6973,70.990845,0.0,79.623405,6.321419,0.00066937594,0.0,0.44583735,1.0123637
6974,69.54355,0.0,82.72294,6.32144,0.00086395245,0.0,0.4303608,1.012363
6975,76.0344,0.0,102.14322,6.3214574,0.0007487668,0.0,0.46619862,1.0123712
6976,79.869026,0.0,97.69406,6.321471,0.000584657,0.0,0.4502823,1.0123743
6977,64.72425,0.0,89.724785,6.321487,0.000753361,0.0,0.4320624,1.0123771
6978,68.34747,0.0,69.84683,6.321498,0.0011514713,0.0,0.4360978,1.0123798
6979,57.304684,0.0,81.96208,6.3215075,0.00056941505,0.0,0.46686047,1.0123861
6980,59.540363,0.0,79.591194,6.321521,0.0005866253,0.0,0.47844738,1.0123917
6981,75.74873,0.0,78.97199,6.3215313,0.00067905604,0.0,0.46700248,1.0123965
6982,70.68996,0.0,77.35842,6.321539,0.0006197071,0.0,0.42826065,1.0124007
6983,73.93377,0.0,73.97523,6.3215427,0.0006269125,0.0,0.44146273,1.0124043
6984,72.24966,0.0,79.65,6.321547,0.00062096654,0.0,0.45807838,1.0124042
6985,93.602455,0.0,67.32902,6.3215504,0.0008537796,0.0,0.4251464,1.012404
6986,83.38439,0.0,83.571236,6.3215537,0.00056158635,0.0,0.4366847,1.0124034
6987,63.23617,0.0,85.07485,6.3215556,0.00085896486,0.0,0.4407643,1.0124028
6988,96.25644,0.0,72.34853,6.321552,0.0006629013,0.0,0.43174356,1.0124019
6989,90.48694,0.0,73.35448,6.321551,0.0005885104,0.0,0.4365577,1.0124011
6990,85.91185,0.0,104.33239,6.3215547,0.00063391717,0.0,0.43825933,1.0123999
6991,74.144356,0.0,86.88693,6.3215556,0.00060985994,0.0,0.4029945,1.012399
6992,62.96211,0.0,75.84385,6.3215613,0.0006952227,0.0,0.4190725,1.0123976
6993,65.06284,0.0,78.00593,6.321565,0.0005157389,0.0,0.45656765,1.0123963
6994,64.00513,0.0,83.43561,6.321572,0.0007453853,0.0,0.43918237,1.0123968
6995,62.456413,0.0,86.569466,6.3215747,0.0006855079,0.0,0.47005045,1.0123973
6996,69.918915,0.0,79.567055,6.321575,0.00054149743,0.0,0.44684952,1.012398
6997,71.22306,0.0,123.85165,6.321577,0.000630473,0.0,0.43797916,1.0123982
6998,81.091095,0.0,88.416115,6.321577,0.00071178866,0.0,0.4338492,1.0123986
6999,69.4381,0.0,94.240395,6.3215814,0.00058709073,0.0,0.4357216,1.012411
7000,72.035645,0.0,80.07603,6.32159,0.00086187583,0.0,0.427566,1.0124224
7001,73.79911,0.0,90.39647,6.3216014,0.00055924605,0.0,0.41518235,1.0124323
7002,66.51943,0.0,87.68269,6.3216095,0.0006881274,0.0,0.42385393,1.0124412
7003,88.08854,0.0,80.4879,6.3216133,0.00096122175,0.0,0.43977186,1.012449
7004,72.65278,0.0,74.61774,6.3216143,0.00064227043,0.0,0.42844677,1.012456
7005,73.47246,0.0,91.424614,6.321613,0.0004596724,0.0,0.41060233,1.0124608
7006,71.87484,0.0,89.00597,6.321615,0.00061343674,0.0,0.42961955,1.0124651
7007,91.56452,0.0,60.8781,6.3216186,0.0005958597,0.0,0.4414512,1.0124686
7008,69.15571,0.0,83.091606,6.3216205,0.0007449896,0.0,0.4448936,1.012471
7009,112.366196,0.0,66.312325,6.321623,0.00059060607,0.0,0.4592007,1.0124725
7010,64.941444,0.0,94.32034,6.3216248,0.0005511024,0.0,0.44538236,1.012474
7011,70.487236,0.0,95.159706,6.321627,0.0009134378,0.0,0.42020553,1.0124749
7012,83.900894,0.0,103.600334,6.3216295,0.0006763192,0.0,0.4034762,1.0124755
7013,58.818954,0.0,60.435303,6.3216286,0.000779513,0.0,0.40736765,1.012476
7014,92.127,0.0,72.36943,6.3216314,0.0010240979,0.0,0.45235443,1.0124762
7015,72.22001,0.0,91.126854,6.321638,0.0007072861,0.0,0.4385569,1.0124761
7016,90.44655,0.0,113.94063,6.3216457,0.00051774643,0.0,0.44992346,1.0124751
7017,69.66355,0.0,91.3469,6.321652,0.00055326876,0.0,0.4350675,1.0124742
7018,75.72126,0.0,74.114845,6.321661,0.0005584545,0.0,0.43604296,1.012473
7019,61.983616,0.0,81.054115,6.3216715,0.00041844742,0.0,0.4357141,1.0124727
7020,60.8884,0.0,78.50763,6.321681,0.0006028616,0.0,0.41614062,1.0124723
7021,62.43378,0.0,78.1153,6.321689,0.0005991964,0.0,0.47575158,1.0124717
7022,94.94689,0.0,98.369415,6.3216977,0.00063644676,0.0,0.44723758,1.0124707
7023,83.66386,0.0,78.326454,6.321705,0.0006087268,0.0,0.43911535,1.0124698
7024,56.985764,0.0,103.612946,6.321713,0.0005185155,0.0,0.43932676,1.0124643
7025,81.81538,0.0,77.62757,6.321722,0.0008132699,0.0,0.4751396,1.012459
7026,69.389336,0.0,77.92194,6.32173,0.00040297172,0.0,0.44266444,1.0124544
7027,54.34628,0.0,83.023224,6.3217335,0.0006754959,0.0,0.4408146,1.0124497
7028,70.898476,0.0,106.03258,6.3217387,0.0007846368,0.0,0.47626874,1.0124453
7029,71.385414,0.0,82.58172,6.32174,0.0006860889,0.0,0.42673087,1.0124412
7030,80.968796,0.0,84.989586,6.3217416,0.0008302571,0.0,0.43652242,1.0124371
7031,70.44161,0.0,84.47664,6.3217416,0.000628062,0.0,0.45331556,1.0124333
7032,52.685684,0.0,74.27335,6.321742,0.0007827063,0.0,0.433233,1.0124295
7033,98.84437,0.0,78.77661,6.321745,0.000559155,0.0,0.43693334,1.012428
7034,70.401886,0.0,95.60813,6.3217525,0.00097227533,0.0,0.39111203,1.0124258
7035,86.61852,0.0,74.082306,6.321765,0.0007086657,0.0,0.44031382,1.0124239
7036,82.04682,0.0,79.08354,6.3217735,0.00066412165,0.0,0.4512336,1.0124224
7037,76.38324,0.0,90.06767,6.321781,0.0006105445,0.0,0.48279947,1.012421
7038,80.433784,0.0,112.44004,6.3217883,0.00061987434,0.0,0.45726234,1.0124196
7039,90.59913,0.0,93.29478,6.3217974,0.00072702736,0.0,0.42768383,1.012418
7040,79.54894,0.0,92.00734,6.3217998,0.0005684451,0.0,0.4490367,1.0124162
7041,73.26353,0.0,71.11823,6.3217974,0.00056707516,0.0,0.4633925,1.012415
7042,67.86782,0.0,70.629,6.321795,0.000708495,0.0,0.45845243,1.0124136
7043,89.48038,0.0,83.11143,6.3217945,0.0007136764,0.0,0.44295678,1.0124122
7044,66.4166,0.0,67.59504,6.3217998,0.0011192171,0.0,0.42344612,1.012411
7045,48.701088,0.0,99.3123,6.3218055,0.00069172186,0.0,0.46472222,1.0124096
7046,84.49319,0.0,84.89907,6.321811,0.00076205644,0.0,0.42250216,1.0124083
7047,85.371124,0.0,82.15648,6.321822,0.0007415165,0.0,0.44868088,1.0124068
7048,74.01165,0.0,71.982925,6.321834,0.00094687095,0.0,0.43434376,1.0124054
7049,66.55999,0.0,96.88007,6.3218446,0.00062056485,0.0,0.46039838,1.0124028
7050,67.11739,0.0,82.74606,6.3218565,0.0007190164,0.0,0.39715537,1.0124004
7051,66.48895,0.0,84.636566,6.321878,0.00049850927,0.0,0.4046278,1.012398
7052,59.577133,0.0,67.83565,6.3219023,0.0009379384,0.0,0.44371897,1.0123943
7053,70.67163,0.0,82.384995,6.3219233,0.0006307033,0.0,0.48486528,1.0123909
7054,57.28956,0.0,92.785515,6.3219423,0.00071990676,0.0,0.47597998,1.0123875
7055,85.90952,0.0,82.55936,6.3219657,0.0006080427,0.0,0.50246996,1.012384
7056,88.872,0.0,97.874084,6.3219852,0.0005453725,0.0,0.47270438,1.012381
7057,100.25935,0.0,84.974236,6.321999,0.0006895121,0.0,0.42248535,1.012378
7058,76.09559,0.0,84.953316,6.322011,0.0006809089,0.0,0.4221835,1.0123746
7059,70.54756,0.0,88.66837,6.322021,0.0008849432,0.0,0.44467467,1.0123718
7060,63.289234,0.0,74.5569,6.322028,0.0007028328,0.0,0.46741983,1.012369
7061,76.90163,0.0,86.48331,6.322037,0.0006059704,0.0,0.433119,1.0123649
7062,77.16728,0.0,83.1062,6.322044,0.00083578296,0.0,0.4586694,1.012356
7063,59.440113,0.0,75.324936,6.322049,0.0006609097,0.0,0.45545083,1.0123479
7064,60.11836,0.0,92.81076,6.322054,0.0009753397,0.0,0.43695232,1.0123408
7065,73.02439,0.0,71.39281,6.3220572,0.00044550942,0.0,0.46597207,1.0123343
7066,79.22838,0.0,71.70594,6.32206,0.0007755819,0.0,0.41851243,1.0123283
7067,77.340096,0.0,93.52746,6.3220577,0.0005857456,0.0,0.47890806,1.0123225
7068,76.710495,0.0,103.24394,6.3220563,0.0006749419,0.0,0.45164442,1.0123172
7069,111.64358,0.0,96.17472,6.322055,0.00083269214,0.0,0.46461138,1.0123123
7070,60.695168,0.0,86.86032,6.3220496,0.0006932804,0.0,0.44785032,1.0123075
7071,79.03043,0.0,97.65443,6.3220525,0.00062460615,0.0,0.4286972,1.0123031
7072,70.88513,0.0,72.86965,6.32206,0.00075541844,0.0,0.42538184,1.0122982
7073,73.28392,0.0,91.1006,6.3220706,0.00091884565,0.0,0.44681948,1.0122938
7074,69.87278,0.0,90.392525,6.3220797,0.000609985,0.0,0.44649976,1.0122896
7075,92.66411,0.0,73.389275,6.322085,0.0011331469,0.0,0.46967548,1.0122856
7076,84.13346,0.0,80.506035,6.3220882,0.000525679,0.0,0.43309316,1.0122812
7077,75.32513,0.0,83.30431,6.3220882,0.0007528354,0.0,0.44153142,1.0122769
7078,69.489075,0.0,73.87628,6.3220854,0.0010332623,0.0,0.395563,1.012273
7079,82.139175,0.0,70.88076,6.3220844,0.0007854194,0.0,0.43316704,1.012269
7080,58.56809,0.0,69.44911,6.322083,0.00059720746,0.0,0.4140529,1.0122652
7081,73.4914,0.0,100.38444,6.3220863,0.00052982767,0.0,0.41736436,1.0122616
7082,70.73105,0.0,94.659035,6.322088,0.00061917154,0.0,0.48266143,1.0122582
7083,59.63519,0.0,88.98847,6.3220887,0.0004415825,0.0,0.43378267,1.0122548
7084,63.09859,0.0,70.968925,6.322089,0.0005888714,0.0,0.4419703,1.0122516
7085,67.59204,0.0,79.59392,6.322092,0.00054680026,0.0,0.4774476,1.0122482
7086,78.69531,0.0,89.31748,6.3220997,0.0006428595,0.0,0.3984692,1.012245
7087,65.14123,0.0,89.729515,6.3221154,0.0006211605,0.0,0.4105669,1.0122422
7088,82.843834,0.0,90.422455,6.322126,0.00086588215,0.0,0.39928922,1.0122391
7089,82.04117,0.0,84.1521,6.322139,0.001107123,0.0,0.41822594,1.0122352
7090,93.17527,0.0,73.22082,6.3221455,0.0007050568,0.0,0.4418981,1.0122313
7091,69.93856,0.0,78.569885,6.3221536,0.0006025645,0.0,0.46545705,1.0122318
7092,87.15359,0.0,67.31243,6.3221607,0.0009703038,0.0,0.4477539,1.012232
7093,85.19729,0.0,74.58269,6.3221693,0.0008675604,0.0,0.43960214,1.0122318
7094,84.580956,0.0,96.577095,6.322175,0.00059429486,0.0,0.41748485,1.0122316
7095,78.6379,0.0,76.380196,6.3221807,0.0008103786,0.0,0.428485,1.0122309
7096,78.51942,0.0,76.67068,6.3221836,0.00087943603,0.0,0.41408157,1.0122303
7097,76.164734,0.0,67.14347,6.322192,0.0009764135,0.0,0.44270858,1.0122292
7098,63.98477,0.0,91.48761,6.322199,0.0005903779,0.0,0.43161887,1.0122278
7099,76.706856,0.0,69.37042,6.322205,0.00060072343,0.0,0.4541255,1.0122265
7100,70.505875,0.0,70.88484,6.3222084,0.0006548994,0.0,0.39710706,1.0122249
7101,62.39585,0.0,89.49377,6.322217,0.00073428056,0.0,0.4089762,1.0122232
7102,77.37018,0.0,95.406784,6.3222246,0.0006596024,0.0,0.42099914,1.012222
7103,94.103294,0.0,79.83948,6.322234,0.00049456273,0.0,0.45946342,1.0122206
7104,74.64826,0.0,73.24819,6.322247,0.0006490614,0.0,0.40771133,1.0122191
7105,60.004253,0.0,80.449425,6.3222575,0.0006390619,0.0,0.43458557,1.0122173
7106,74.77574,0.0,96.34684,6.322267,0.0007928717,0.0,0.43273696,1.0122157
7107,99.58515,0.0,64.38491,6.3222756,0.00069830864,0.0,0.42579374,1.012214
7108,61.221233,0.0,89.86505,6.322277,0.00047887932,0.0,0.46189725,1.0122122
7109,70.28042,0.0,74.918785,6.322278,0.0007144123,0.0,0.47192344,1.0122157
7110,92.37811,0.0,91.02059,6.322278,0.0007678969,0.0,0.4175813,1.0122181
7111,67.571106,0.0,95.23922,6.3222775,0.00060050184,0.0,0.42476225,1.0122266
7112,56.897243,0.0,89.302444,6.322282,0.00068529625,0.0,0.43263054,1.0122342
7113,73.175354,0.0,96.139,6.322286,0.00091630314,0.0,0.47284672,1.0122408
7114,70.22628,0.0,93.672325,6.3222876,0.00057606585,0.0,0.40198728,1.0122464
7115,73.254944,0.0,87.78005,6.3222847,0.0004961199,0.0,0.44383317,1.0122513
7116,63.34974,0.0,85.14683,6.3222785,0.00070730876,0.0,0.42677307,1.0122553
7117,69.32173,0.0,87.82637,6.3222704,0.00067919417,0.0,0.42557883,1.0122589
7118,79.45749,0.0,84.84742,6.322258,0.00061441556,0.0,0.43807778,1.0122619
7119,80.54316,0.0,73.531044,6.3222446,0.0006837076,0.0,0.43945512,1.012264
7120,74.390396,0.0,95.17371,6.32224,0.0007564813,0.0,0.4308742,1.0122659
7121,76.81309,0.0,92.70273,6.3222356,0.0007079918,0.0,0.4292994,1.0122674
7122,93.44221,0.0,81.36699,6.322237,0.00056763116,0.0,0.48357147,1.0122684
7123,96.27816,0.0,77.86499,6.322242,0.00060772,0.0,0.4588097,1.0122691
7124,73.43025,0.0,83.63771,6.322248,0.00067742926,0.0,0.41740942,1.0122607
7125,61.68322,0.0,78.72007,6.322255,0.00089034217,0.0,0.46596226,1.0122528
7126,104.839005,0.0,82.065506,6.322266,0.00056340976,0.0,0.41187024,1.0122457
7127,56.094307,0.0,98.28974,6.322274,0.0006762375,0.0,0.44611558,1.012239
7128,88.649124,0.0,76.44292,6.3222833,0.0008174406,0.0,0.42500705,1.0122329
7129,95.173676,0.0,90.81328,6.322292,0.00066628563,0.0,0.42666993,1.0122243
7130,67.39942,0.0,71.485466,6.322303,0.0006064564,0.0,0.40879107,1.0122164
7131,102.14045,0.0,92.27482,6.322315,0.00059252314,0.0,0.4322192,1.0122093
7132,73.67185,0.0,108.44129,6.322322,0.00065318233,0.0,0.42743906,1.0122025
7133,76.21286,0.0,72.229195,6.3223343,0.00050723593,0.0,0.43668276,1.0121961
7134,68.17679,0.0,77.41643,6.322341,0.0009556801,0.0,0.41039905,1.0121902
7135,104.20014,0.0,86.03102,6.3223495,0.0005729706,0.0,0.41177845,1.012185
7136,82.86644,0.0,77.865685,6.3223596,0.00042082387,0.0,0.43135005,1.0121799
7137,114.581215,0.0,103.82343,6.3223667,0.00079848943,0.0,0.47055382,1.0121748
7138,67.213554,0.0,89.40784,6.3223705,0.00049092656,0.0,0.45924565,1.0121703
7139,76.299286,0.0,89.95587,6.322375,0.0007160077,0.0,0.43173409,1.0121659
7140,65.6142,0.0,99.83981,6.3223767,0.00046434588,0.0,0.43140134,1.0121585
7141,66.013245,0.0,97.23476,6.3223815,0.00081027526,0.0,0.3984346,1.0121596
7142,83.13063,0.0,91.81931,6.3223853,0.0006943619,0.0,0.44376466,1.0121601
7143,72.83046,0.0,116.76154,6.322392,0.0007645135,0.0,0.4455334,1.0121799
7144,87.911835,0.0,80.633675,6.322403,0.0005884526,0.0,0.47746664,1.0121883
7145,76.993324,0.0,99.10169,6.3224177,0.00078897126,0.0,0.42690834,1.0121958
7146,77.32289,0.0,80.84149,6.32243,0.00068123545,0.0,0.414205,1.0122036
7147,55.584045,0.0,89.86805,6.3224406,0.0006443013,0.0,0.4313917,1.0122101
7148,61.254738,0.0,126.89568,6.322455,0.0005151923,0.0,0.43070614,1.0122161
7149,77.39249,0.0,78.19098,6.3224697,0.00085073913,0.0,0.46901178,1.0122211
7150,74.74852,0.0,79.957275,6.322491,0.00064118265,0.0,0.43469235,1.0122254
7151,79.2458,0.0,81.16066,6.322512,0.00058047916,0.0,0.3986276,1.0122292
7152,70.39976,0.0,68.81915,6.322537,0.0008984925,0.0,0.42879042,1.0122309
7153,86.72995,0.0,68.96602,6.3225617,0.00045030317,0.0,0.41048056,1.0122317
7154,97.95574,0.0,74.57053,6.322582,0.0006608283,0.0,0.42301387,1.0122309
7155,73.2697,0.0,82.75356,6.3226037,0.00070754054,0.0,0.4509971,1.0122299
7156,82.47416,0.0,75.295525,6.3226185,0.0011515709,0.0,0.4598378,1.0122287
7157,80.19946,0.0,79.20541,6.3226366,0.00055615883,0.0,0.42067727,1.0122278
7158,107.73798,0.0,84.56953,6.322652,0.001046471,0.0,0.44890746,1.0122265
7159,59.97474,0.0,107.617836,6.322665,0.0007180266,0.0,0.44168982,1.0122252
7160,88.43621,0.0,80.805504,6.3226786,0.0005061064,0.0,0.43090457,1.0122238
7161,73.0334,0.0,105.09496,6.322687,0.00074456446,0.0,0.45412788,1.0122222
7162,80.4264,0.0,81.02333,6.322701,0.0006532975,0.0,0.47350526,1.0122205
7163,88.91933,0.0,66.7608,6.3227115,0.00073211425,0.0,0.42665166,1.0122187
7164,66.59316,0.0,84.96024,6.322722,0.00064689596,0.0,0.45737097,1.0122181
7165,69.98058,0.0,71.98541,6.322726,0.00072218257,0.0,0.41343623,1.012217
7166,70.73068,0.0,99.48565,6.3227296,0.0007165099,0.0,0.44775903,1.012216
7167,60.403255,0.0,82.27111,6.32273,0.00088605046,0.0,0.43492088,1.0122149
7168,63.78757,0.0,77.628876,6.3227262,0.0005777985,0.0,0.4456765,1.0122136
7169,80.47562,0.0,109.95276,6.3227234,0.00088293327,0.0,0.43305546,1.012212
7170,64.93353,0.0,92.60722,6.3227186,0.000530183,0.0,0.4474469,1.0122106
7171,86.6982,0.0,85.31368,6.322718,0.00060169614,0.0,0.43568623,1.0122089
7172,74.908195,0.0,86.63977,6.3227124,0.00077062065,0.0,0.41757354,1.012207
7173,67.19238,0.0,83.63073,6.3227115,0.00063308806,0.0,0.3793581,1.0122133
7174,84.801254,0.0,73.82275,6.3227158,0.00071368366,0.0,0.4198488,1.0122191
7175,70.23816,0.0,81.4664,6.3227215,0.0006272955,0.0,0.47766826,1.0122249
7176,85.08019,0.0,77.295525,6.32273,0.0005603784,0.0,0.42215514,1.01223
7177,68.0971,0.0,101.49939,6.3227406,0.00084773917,0.0,0.44163164,1.0122346
7178,100.541245,0.0,85.8281,6.322752,0.00059885776,0.0,0.43650794,1.0122381
7179,69.74554,0.0,91.20024,6.322763,0.00066589226,0.0,0.44514674,1.0122414
7180,73.834984,0.0,77.46124,6.3227777,0.00057805155,0.0,0.4092626,1.0122442
7181,65.51556,0.0,71.642365,6.3227935,0.0008185443,0.0,0.4084682,1.0122464
7182,80.059784,0.0,72.51907,6.3228083,0.00077893,0.0,0.4236762,1.0122479
7183,62.982952,0.0,81.41153,6.3228207,0.0006366341,0.0,0.42747828,1.0122741
7184,77.46818,0.0,62.669506,6.3228316,0.00068821164,0.0,0.41969296,1.0122975
7185,67.770164,0.0,99.53151,6.322849,0.000635147,0.0,0.4104925,1.0123183
7186,64.51281,0.0,116.37854,6.3228683,0.00063317816,0.0,0.49287677,1.0123369
7187,81.771194,0.0,78.27726,6.3228836,0.00067408755,0.0,0.45279026,1.0123533
7188,69.17824,0.0,74.03263,6.3228993,0.0005682694,0.0,0.39389646,1.0123682
7189,92.79779,0.0,105.59004,6.322916,0.0006306933,0.0,0.41989225,1.0123812
7190,106.96161,0.0,87.45249,6.322929,0.000605476,0.0,0.45590186,1.0123931
7191,73.253586,0.0,88.778305,6.322941,0.000642519,0.0,0.4594818,1.0124104
7192,74.72848,0.0,106.4834,6.3229537,0.00063125964,0.0,0.46954677,1.0124255
7193,75.927666,0.0,82.26911,6.322962,0.0005328152,0.0,0.45240554,1.0124394
7194,71.11149,0.0,79.68011,6.322962,0.000950017,0.0,0.4797965,1.0124513
7195,94.76679,0.0,81.33608,6.3229613,0.00045895748,0.0,0.47564825,1.0124619
7196,88.74672,0.0,80.4973,6.322964,0.0007649108,0.0,0.46145508,1.0124712
7197,56.08735,0.0,90.16711,6.3229675,0.0006139264,0.0,0.42825243,1.0124795
7198,73.57941,0.0,74.269104,6.3229723,0.00081567996,0.0,0.4424561,1.0124887
7199,79.31003,0.0,78.557434,6.322979,0.00043675708,0.0,0.4395083,1.0124967
7200,71.70731,0.0,79.66026,6.322979,0.00066792005,0.0,0.43271527,1.0125043
7201,78.05449,0.0,83.412056,6.3229775,0.0006623658,0.0,0.4459519,1.0125147
7202,66.89313,0.0,111.25164,6.3229723,0.00077003695,0.0,0.42583942,1.0125238
7203,74.816536,0.0,88.234344,6.32297,0.00056423096,0.0,0.48257935,1.0125318
7204,59.5137,0.0,97.37241,6.3229675,0.0006114439,0.0,0.43706426,1.0125387
7205,49.128807,0.0,75.29273,6.3229623,0.00049301254,0.0,0.39691696,1.0125446
7206,84.102196,0.0,80.57839,6.322962,0.00078755047,0.0,0.45538825,1.0125487
7207,87.8131,0.0,105.29468,6.322959,0.0007100364,0.0,0.44462514,1.0125517
7208,74.52336,0.0,71.999306,6.3229585,0.00048184674,0.0,0.41655108,1.0125543
7209,59.300285,0.0,88.58531,6.322959,0.0005368046,0.0,0.43482575,1.0125556
7210,82.43166,0.0,98.87531,6.3229594,0.0007682961,0.0,0.44693312,1.0125563
7211,70.3815,0.0,82.53537,6.322957,0.0005960602,0.0,0.42224035,1.0125568
7212,81.7508,0.0,89.91813,6.3229566,0.00086090376,0.0,0.43078205,1.0125567
7213,57.938686,0.0,96.342705,6.322958,0.001140793,0.0,0.44843864,1.0125548
7214,71.683784,0.0,105.15194,6.322957,0.00059509673,0.0,0.4220509,1.0125529
7215,71.2216,0.0,85.00306,6.322962,0.00055188895,0.0,0.43435872,1.0125508
7216,74.57244,0.0,69.32133,6.322966,0.0006718639,0.0,0.44217747,1.0125488
7217,59.212124,0.0,83.23906,6.3229733,0.00046842181,0.0,0.47602987,1.012547
7218,73.82832,0.0,74.74407,6.3229856,0.00062761456,0.0,0.42815375,1.012545
7219,77.28796,0.0,97.070946,6.322997,0.0008742648,0.0,0.4226355,1.0125428
7220,78.87665,0.0,98.67803,6.323007,0.0007745225,0.0,0.42281574,1.0125407
7221,78.25265,0.0,91.74409,6.3230176,0.000605842,0.0,0.4535364,1.0125387
7222,81.284325,0.0,81.43912,6.3230267,0.00072678365,0.0,0.39562058,1.0125364
7223,65.02153,0.0,72.66743,6.323037,0.0007515384,0.0,0.4086202,1.0125335
7224,85.72159,0.0,79.00929,6.3230433,0.0005855756,0.0,0.43936235,1.0125307
7225,59.751995,0.0,86.080124,6.3230515,0.0005955006,0.0,0.42582333,1.0125277
7226,71.16463,0.0,72.04028,6.3230586,0.00095501164,0.0,0.46269307,1.012525
7227,71.12181,0.0,68.7979,6.323073,0.00060012995,0.0,0.39130276,1.0125222
7228,57.056698,0.0,80.288,6.3230886,0.0007650637,0.0,0.45687515,1.0125196
7229,61.59633,0.0,89.467514,6.323105,0.0007930719,0.0,0.43741593,1.012517
7230,62.961025,0.0,81.98561,6.3231173,0.0006244796,0.0,0.44015607,1.0125145
7231,63.986107,0.0,76.47075,6.3231273,0.0005718239,0.0,0.44623494,1.0125117
7232,74.43506,0.0,72.56838,6.323138,0.000503465,0.0,0.47430938,1.0125091
7233,72.38162,0.0,101.104935,6.323146,0.0005477431,0.0,0.44637984,1.0125066
7234,88.09802,0.0,70.21776,6.323159,0.0007448159,0.0,0.4508699,1.012504
7235,97.34209,0.0,77.16596,6.323174,0.000568611,0.0,0.44281816,1.0125014
7236,84.18778,0.0,83.29978,6.323185,0.00088339974,0.0,0.42044863,1.0124989
7237,77.74007,0.0,80.277534,6.323197,0.00074126956,0.0,0.4600776,1.0124962
7238,68.300224,0.0,101.83429,6.323204,0.0006335281,0.0,0.42333478,1.0124949
7239,65.13472,0.0,76.93091,6.3232136,0.00063602335,0.0,0.43076056,1.0124936
7240,77.49684,0.0,72.91869,6.3232193,0.0006139802,0.0,0.43860826,1.0124917
7241,67.94864,0.0,99.46752,6.3232245,0.0005702115,0.0,0.4409648,1.0124815
7242,80.756966,0.0,120.954506,6.3232336,0.00045176852,0.0,0.42600024,1.012472
7243,71.279594,0.0,83.875916,6.3232436,0.00053985475,0.0,0.43411097,1.0124633
7244,72.110985,0.0,87.97187,6.323255,0.000920159,0.0,0.42726517,1.0124552
7245,62.143913,0.0,73.48884,6.323264,0.0007602875,0.0,0.4208734,1.0124477
7246,88.69042,0.0,95.51475,6.323268,0.00068171276,0.0,0.46230662,1.0124408
7247,66.311966,0.0,89.1842,6.3232775,0.0005124511,0.0,0.45724016,1.0124403
7248,65.10352,0.0,86.176926,6.3232865,0.00076511526,0.0,0.45112976,1.0124397
7249,60.411823,0.0,69.18618,6.3232946,0.0005698799,0.0,0.41866732,1.0124391
7250,56.38595,0.0,93.72211,6.323303,0.0009339615,0.0,0.46519908,1.0124383
7251,69.42671,0.0,87.736916,6.323313,0.0011177848,0.0,0.42033407,1.0124372
7252,64.58044,0.0,66.03293,6.323324,0.00071816635,0.0,0.45610893,1.0124363
7253,66.050896,0.0,97.49137,6.3233314,0.00061764,0.0,0.48530215,1.0124348
7254,83.87516,0.0,93.301735,6.323337,0.00067702634,0.0,0.45689785,1.0124335
7255,80.76937,0.0,88.30449,6.323341,0.00061035954,0.0,0.39561456,1.0124321
7256,63.326073,0.0,75.84164,6.323346,0.00069726113,0.0,0.4648684,1.0124305
7257,66.02637,0.0,86.38553,6.323348,0.00072696013,0.0,0.44275782,1.0124286
7258,84.05032,0.0,93.26462,6.3233514,0.0007418641,0.0,0.44242653,1.0124265
7259,59.91826,0.0,98.26875,6.3233533,0.0005964735,0.0,0.45448136,1.012424
7260,58.780926,0.0,89.15515,6.323359,0.0007453471,0.0,0.44396704,1.012422
7261,66.896866,0.0,81.89106,6.32337,0.0005823316,0.0,0.45690545,1.0124187
7262,79.780655,0.0,97.85332,6.3233857,0.00053766975,0.0,0.45389706,1.0124153
7263,56.516697,0.0,85.52622,6.323398,0.0010986797,0.0,0.46765876,1.0124118
7264,71.57316,0.0,86.69597,6.32341,0.00089824776,0.0,0.41501558,1.0124086
7265,110.38787,0.0,94.26347,6.3234262,0.0006295241,0.0,0.4341464,1.0124054
7266,71.73614,0.0,73.7618,6.3234386,0.0006555829,0.0,0.4456254,1.0124022
7267,78.51338,0.0,89.496254,6.323451,0.0007433577,0.0,0.43054408,1.012399
7268,69.12909,0.0,71.33738,6.3234596,0.0007020381,0.0,0.43727148,1.012396
7269,77.7189,0.0,74.025246,6.3234625,0.00069411914,0.0,0.48321447,1.0123929
7270,63.42736,0.0,70.22937,6.323463,0.0007868778,0.0,0.430865,1.01239
7271,69.1625,0.0,85.08601,6.3234663,0.00081192655,0.0,0.46205482,1.0123879
7272,63.754402,0.0,79.61719,6.323468,0.0007187332,0.0,0.46242008,1.0124054
7273,71.24545,0.0,85.95306,6.323469,0.0005498394,0.0,0.43322182,1.0124211
7274,70.066765,0.0,81.334,6.3234735,0.00057637505,0.0,0.42805263,1.0124325
7275,73.07669,0.0,89.80615,6.3234777,0.00056693447,0.0,0.44959277,1.0124422
7276,82.427444,0.0,102.719154,6.323485,0.0009172756,0.0,0.44963107,1.012457
7277,68.26986,0.0,92.96944,6.323493,0.0005908343,0.0,0.4423017,1.0124772
7278,63.29826,0.0,81.83689,6.3234973,0.000823948,0.0,0.443498,1.0124953
7279,62.074738,0.0,77.24802,6.3235044,0.00058181596,0.0,0.46649325,1.0125117
7280,65.80626,0.0,81.01066,6.323509,0.0006710814,0.0,0.4404487,1.0125266
7281,59.783382,0.0,83.385704,6.3235145,0.0005214404,0.0,0.47209448,1.0125401
7282,73.66661,0.0,88.3816,6.3235188,0.0005696759,0.0,0.44841942,1.0125519
7283,72.75958,0.0,115.67703,6.323527,0.00090960774,0.0,0.4498578,1.0125628
7284,86.04001,0.0,89.647484,6.3235264,0.000616197,0.0,0.41204727,1.012572
7285,70.54717,0.0,78.85,6.323516,0.0006531339,0.0,0.41848928,1.0125805
7286,67.44365,0.0,66.86,6.3235054,0.00065083156,0.0,0.4164582,1.0125877
7287,66.01198,0.0,85.43555,6.3234982,0.00072274404,0.0,0.44868928,1.0125941
7288,108.27661,0.0,89.81986,6.3234897,0.0005557643,0.0,0.4540465,1.012604
7289,72.0345,0.0,82.21305,6.3234844,0.00071697606,0.0,0.46271205,1.0126098
7290,46.534096,0.0,84.61663,6.3234825,0.0006832089,0.0,0.4513287,1.0126151
7291,68.89979,0.0,106.34039,6.3234854,0.00066176726,0.0,0.4348749,1.0126199
7292,76.579124,0.0,101.345055,6.3234887,0.0005276217,0.0,0.42667675,1.0126251
7293,78.439384,0.0,93.11302,6.3234925,0.00074098795,0.0,0.41397804,1.0126309
7294,60.63142,0.0,97.89588,6.323492,0.0008105141,0.0,0.43895632,1.0126361
7295,81.382286,0.0,92.4291,6.323494,0.00043627582,0.0,0.41214192,1.0126405
7296,68.63599,0.0,82.01849,6.3234973,0.0007192058,0.0,0.43813702,1.0126442
7297,79.38123,0.0,75.56661,6.323492,0.0008159041,0.0,0.43950984,1.0126475
7298,82.33802,0.0,92.64865,6.323484,0.0008571732,0.0,0.46542138,1.0126501
7299,80.18394,0.0,73.73546,6.3234797,0.0006786977,0.0,0.46098876,1.0126524
7300,80.81513,0.0,100.12796,6.323475,0.0006142987,0.0,0.43669605,1.0126578
7301,71.67941,0.0,87.52434,6.3234725,0.0007743916,0.0,0.46862763,1.0126624
7302,67.333305,0.0,73.90988,6.323472,0.0006920564,0.0,0.45738754,1.0126666
7303,71.81141,0.0,93.15439,6.323472,0.0007337474,0.0,0.46225366,1.0126609
7304,68.491455,0.0,89.12169,6.3234806,0.00062092533,0.0,0.4432256,1.0126677
7305,63.808193,0.0,80.90141,6.3234887,0.00089416903,0.0,0.41683334,1.0126861
7306,70.367516,0.0,69.570015,6.323507,0.00075483497,0.0,0.45347136,1.0127026
7307,83.60018,0.0,111.34168,6.323523,0.00073012325,0.0,0.4260062,1.0127177
7308,70.326126,0.0,83.36156,6.32354,0.00058931473,0.0,0.3903398,1.0127302
7309,67.68779,0.0,83.8376,6.3235593,0.0006919415,0.0,0.46068954,1.0127414
7310,83.31992,0.0,81.5084,6.3235826,0.0007332127,0.0,0.43985662,1.0127516
7311,88.66645,0.0,86.923164,6.323609,0.00079229695,0.0,0.4579603,1.0127605
7312,78.48726,0.0,89.33597,6.3236356,0.00064708566,0.0,0.43300623,1.0127681
7313,84.341255,0.0,103.10285,6.323664,0.00067823566,0.0,0.38929498,1.0127751
7314,69.95462,0.0,73.169304,6.3236856,0.0006876213,0.0,0.45374697,1.0127786
7315,67.293625,0.0,74.25645,6.323697,0.00050554215,0.0,0.45814785,1.0127817
7316,73.47402,0.0,105.0207,6.3237104,0.00058578874,0.0,0.4246918,1.012784
7317,77.90113,0.0,107.691475,6.3237214,0.00095487945,0.0,0.4648268,1.0127858
7318,68.58509,0.0,76.50827,6.3237243,0.0006907487,0.0,0.44252807,1.0127875
7319,80.113686,0.0,75.26938,6.3237233,0.0008896835,0.0,0.48832902,1.0127885
7320,90.35215,0.0,92.713356,6.323724,0.00066382636,0.0,0.45890075,1.0127896
7321,79.96911,0.0,78.2612,6.3237243,0.00066017377,0.0,0.42359287,1.0127892
7322,87.484566,0.0,77.10243,6.3237243,0.0006428953,0.0,0.45107302,1.0127885
7323,73.06621,0.0,87.42228,6.323719,0.00068004703,0.0,0.43355346,1.012788
7324,70.51945,0.0,91.85384,6.3237147,0.0009779229,0.0,0.4197504,1.0127872
7325,82.06828,0.0,74.9234,6.323712,0.0007455172,0.0,0.42665872,1.0127865
7326,84.95088,0.0,94.7987,6.3237133,0.00058886915,0.0,0.45916814,1.0127856
7327,62.133934,0.0,81.88061,6.323716,0.00060829765,0.0,0.42896676,1.0127842
7328,59.246555,0.0,100.06305,6.3237205,0.00052964524,0.0,0.44889402,1.0127835
7329,60.867847,0.0,75.797905,6.3237267,0.0006204302,0.0,0.44816896,1.0127827
7330,83.962364,0.0,101.56426,6.3237324,0.0009527639,0.0,0.45938325,1.0127826
7331,89.34637,0.0,87.02577,6.3237333,0.00076100323,0.0,0.4517797,1.0127827
7332,83.20119,0.0,80.83024,6.3237357,0.00077847764,0.0,0.4477452,1.0127828
7333,60.11099,0.0,69.66132,6.3237386,0.00067755923,0.0,0.4255361,1.0127926
7334,47.17679,0.0,100.35033,6.323743,0.00053131534,0.0,0.44908044,1.012801
7335,74.85486,0.0,85.365326,6.323751,0.00089542323,0.0,0.42628717,1.0128083
7336,74.555595,0.0,76.5987,6.323759,0.00072974456,0.0,0.46242982,1.0128148
7337,74.71904,0.0,74.48207,6.323766,0.0006951898,0.0,0.448222,1.0128204
7338,64.62444,0.0,85.58747,6.3237724,0.00046895302,0.0,0.4592794,1.0128253
7339,72.82645,0.0,72.52731,6.323787,0.0007177125,0.0,0.4515195,1.012829
7340,70.488525,0.0,74.29588,6.3237987,0.00068491,0.0,0.4495775,1.0128323
7341,67.38825,0.0,51.53637,6.3238134,0.0008139083,0.0,0.44951972,1.0128347
7342,83.39184,0.0,79.60924,6.32383,0.0006276778,0.0,0.43948454,1.0128369
7343,73.136635,0.0,78.40162,6.3238454,0.00065409567,0.0,0.42438865,1.0128318
7344,71.751274,0.0,87.17117,6.3238606,0.00066852884,0.0,0.4191608,1.012827
7345,87.28134,0.0,89.94095,6.323872,0.0009451014,0.0,0.41258347,1.0128267
7346,71.144104,0.0,86.46119,6.323885,0.0007673625,0.0,0.41570994,1.0128263
7347,58.04306,0.0,84.15917,6.3238955,0.000525033,0.0,0.42157802,1.012826
7348,68.76764,0.0,79.79155,6.323906,0.000709651,0.0,0.4204844,1.0128281
7349,65.87849,0.0,91.578415,6.323916,0.000665042,0.0,0.45004734,1.0128299
7350,60.393555,0.0,88.45511,6.3239202,0.0008172637,0.0,0.44176778,1.0128293
7351,93.867516,0.0,77.0138,6.3239183,0.0008072089,0.0,0.45131895,1.0128287
7352,93.97233,0.0,70.70016,6.323919,0.0008416956,0.0,0.43891677,1.0128279
7353,106.74457,0.0,96.35145,6.3239193,0.00066064874,0.0,0.43498275,1.0128267
7354,67.58328,0.0,96.72444,6.3239236,0.0005740289,0.0,0.40986693,1.0128254
7355,77.45974,0.0,86.066864,6.3239264,0.0008991229,0.0,0.4405416,1.0128243
7356,71.89767,0.0,67.14193,6.323937,0.0007629652,0.0,0.44010985,1.0128251
7357,100.98558,0.0,76.32798,6.3239446,0.00054904574,0.0,0.46839786,1.0128255
7358,90.4979,0.0,87.160225,6.32395,0.0005834549,0.0,0.47464347,1.0128264
7359,69.32018,0.0,85.79341,6.3239565,0.0006957042,0.0,0.44444257,1.0128268
7360,68.95344,0.0,69.70334,6.323962,0.00049776456,0.0,0.4307327,1.0128272
7361,66.27928,0.0,111.45397,6.3239713,0.00066340424,0.0,0.46892178,1.0128272
7362,77.17322,0.0,70.520454,6.3239794,0.00066278223,0.0,0.43592224,1.0128268
7363,67.05283,0.0,84.22922,6.323989,0.00056813296,0.0,0.42004955,1.0128264
7364,75.49442,0.0,74.30634,6.323996,0.000694014,0.0,0.44747823,1.0128257
7365,78.28045,0.0,70.12223,6.3240056,0.0005985906,0.0,0.43875527,1.012825
7366,62.604465,0.0,89.80378,6.324016,0.0005858623,0.0,0.44699806,1.0128239
7367,68.44616,0.0,78.301094,6.324021,0.0006024492,0.0,0.44394112,1.0128229
7368,74.67371,0.0,104.80763,6.324023,0.00056494115,0.0,0.45347437,1.0128217
7369,75.03164,0.0,70.036385,6.324027,0.00076417474,0.0,0.44152233,1.0128204
7370,69.56043,0.0,101.44456,6.324031,0.00060900056,0.0,0.46158552,1.0128186
7371,62.443237,0.0,97.53913,6.3240314,0.0005736143,0.0,0.43423876,1.0128126
7372,68.26353,0.0,76.90016,6.3240356,0.0005797462,0.0,0.44445977,1.012807
7373,60.405647,0.0,93.85168,6.3240404,0.00080835813,0.0,0.42103457,1.012802
7374,74.545944,0.0,82.16087,6.324046,0.0006475468,0.0,0.41826582,1.0127974
7375,80.78771,0.0,75.38873,6.3240485,0.0007362899,0.0,0.45680425,1.0127932
7376,68.284676,0.0,104.00361,6.324049,0.0008737708,0.0,0.4397176,1.0127883
7377,85.48695,0.0,90.56085,6.324053,0.0006031313,0.0,0.45666456,1.0127832
7378,72.212326,0.0,65.06543,6.3240547,0.0005190867,0.0,0.45786834,1.0127785
7379,68.50764,0.0,88.25163,6.3240547,0.00054354884,0.0,0.44430074,1.012774
7380,81.841805,0.0,70.800995,6.324054,0.0005475937,0.0,0.4198513,1.0127696
7381,90.90974,0.0,83.69406,6.3240523,0.00064463634,0.0,0.45172018,1.0127655
7382,59.3191,0.0,88.46307,6.32405,0.00043694308,0.0,0.4539572,1.0127616
7383,57.04586,0.0,121.441925,6.3240504,0.00080455747,0.0,0.42444664,1.0127579
7384,82.76165,0.0,84.66578,6.324047,0.00073094404,0.0,0.44867456,1.0127543
7385,81.32057,0.0,86.31605,6.32405,0.0007820006,0.0,0.41688895,1.012751
7386,65.34837,0.0,71.53266,6.3240495,0.0007102703,0.0,0.41713318,1.0127475
7387,74.58008,0.0,75.49262,6.3240495,0.00064223434,0.0,0.3960365,1.0127444
7388,78.26325,0.0,70.23517,6.324052,0.00072404335,0.0,0.4339819,1.0127412
7389,79.55506,0.0,108.03002,6.324053,0.00067720487,0.0,0.4135321,1.012738
7390,79.17888,0.0,79.567986,6.3240542,0.00079766393,0.0,0.40506575,1.0127351
7391,77.3699,0.0,91.27433,6.3240566,0.00071178534,0.0,0.43584883,1.0127378
7392,86.33991,0.0,76.05685,6.3240614,0.0008221652,0.0,0.44058523,1.01274
7393,83.29603,0.0,87.36179,6.3240724,0.00057944667,0.0,0.47559676,1.0127417
7394,54.61419,0.0,87.95384,6.3240886,0.0005387771,0.0,0.38319492,1.012743
7395,72.7801,0.0,97.63972,6.3241,0.0006194193,0.0,0.42656922,1.0127438
7396,74.16442,0.0,92.90664,6.32411,0.0005693037,0.0,0.42424482,1.0127443
7397,95.20222,0.0,80.491135,6.324118,0.0009296298,0.0,0.4228208,1.0127445
7398,88.72928,0.0,86.48919,6.324127,0.00070530333,0.0,0.4367983,1.012745
7399,69.26008,0.0,87.71064,6.3241386,0.0006074125,0.0,0.39034197,1.0127624
7400,78.62276,0.0,84.53246,6.3241496,0.0006801269,0.0,0.4502384,1.0127779
7401,78.51854,0.0,86.56102,6.324161,0.00046702017,0.0,0.44736284,1.0127848
7402,86.52656,0.0,85.66525,6.324174,0.0005870933,0.0,0.45543677,1.0127902
7403,61.892178,0.0,96.64982,6.324185,0.00065289275,0.0,0.46637592,1.012795
7404,79.975716,0.0,74.69214,6.3241973,0.0007895973,0.0,0.42233667,1.0127993
7405,107.214096,0.0,104.94759,6.3242097,0.0007538439,0.0,0.44898558,1.012803
7406,76.20413,0.0,91.80542,6.324219,0.00062772864,0.0,0.41094586,1.012806
7407,84.03342,0.0,89.66256,6.3242292,0.0007711502,0.0,0.4348627,1.0128096
7408,87.25594,0.0,99.00563,6.324247,0.0008623313,0.0,0.41065377,1.0128127
7409,76.945335,0.0,83.53918,6.3242583,0.0011313681,0.0,0.4494885,1.0128154
7410,72.60303,0.0,79.10186,6.3242707,0.000490501,0.0,0.40973276,1.0128174
7411,66.73409,0.0,74.773865,6.3242793,0.00082312594,0.0,0.43212074,1.012819
7412,79.767235,0.0,88.38107,6.32429,0.0007775626,0.0,0.44859216,1.0128202
7413,89.193016,0.0,96.96034,6.3242946,0.00048375744,0.0,0.42519897,1.0128211
7414,106.30694,0.0,80.630646,6.3242984,0.0007643247,0.0,0.44364828,1.0128218
7415,89.653885,0.0,88.65013,6.324305,0.00042570493,0.0,0.4224918,1.0128222
7416,53.800446,0.0,102.99697,6.3243074,0.0007508776,0.0,0.41963047,1.0128222
7417,72.86095,0.0,86.24358,6.324312,0.00062452414,0.0,0.4022966,1.0128254
7418,91.51564,0.0,77.623344,6.3243113,0.0006678213,0.0,0.4477216,1.0128278
7419,56.47609,0.0,81.30944,6.324309,0.00079867,0.0,0.4227333,1.0128286
7420,75.88799,0.0,88.89779,6.3243074,0.0005682714,0.0,0.42240125,1.0128291
7421,88.31471,0.0,65.08888,6.324308,0.00054041727,0.0,0.41565657,1.0128273
7422,70.87552,0.0,71.47531,6.3243093,0.0005780776,0.0,0.4531557,1.0128243
7423,64.93927,0.0,85.367966,6.3243113,0.0005473802,0.0,0.432544,1.0128212
7424,68.58631,0.0,84.657196,6.3243203,0.00070162717,0.0,0.42516956,1.0128183
7425,65.32221,0.0,100.92542,6.324328,0.00085287745,0.0,0.44705343,1.0128154
7426,59.0503,0.0,83.26661,6.3243337,0.00062312186,0.0,0.4217298,1.0128125
7427,90.072655,0.0,85.73053,6.3243394,0.0007529409,0.0,0.46924275,1.0128098
7428,65.642494,0.0,96.47859,6.324344,0.0006013002,0.0,0.45791182,1.012807
7429,70.01903,0.0,75.20405,6.3243513,0.0007207043,0.0,0.43882748,1.0128044
7430,89.50068,0.0,84.96946,6.3243566,0.00046409035,0.0,0.4557266,1.0128016
7431,118.59553,0.0,91.692825,6.3243585,0.00066816073,0.0,0.4105885,1.0127991
7432,60.652596,0.0,74.14367,6.324362,0.00048743805,0.0,0.43329406,1.0127981
7433,97.295006,0.0,89.63771,6.3243685,0.0008615934,0.0,0.4225491,1.0127968
7434,81.370636,0.0,74.523994,6.324378,0.00069494516,0.0,0.4453715,1.0127954
7435,74.95677,0.0,83.95848,6.324387,0.0004907127,0.0,0.43342268,1.0127939
7436,73.86492,0.0,77.6862,6.324396,0.000747398,0.0,0.45333248,1.0127922
7437,73.04693,0.0,79.5456,6.324403,0.000530566,0.0,0.4140764,1.012796
7438,80.54205,0.0,87.053955,6.324414,0.0005353285,0.0,0.44316137,1.0127995
7439,67.73615,0.0,79.39173,6.3244214,0.0005628899,0.0,0.46325848,1.0128019
7440,96.08757,0.0,82.66889,6.3244247,0.00040714658,0.0,0.44123197,1.0128043
7441,54.93111,0.0,77.79184,6.324428,0.00069439225,0.0,0.42028433,1.012806
7442,68.81097,0.0,103.69349,6.32443,0.00090847234,0.0,0.4019528,1.0128073
7443,95.95891,0.0,74.97432,6.3244348,0.0006214576,0.0,0.47638434,1.0128084
7444,74.17756,0.0,102.41423,6.3244433,0.0007147952,0.0,0.45814204,1.012809
7445,78.372055,0.0,98.480316,6.324456,0.0008064996,0.0,0.4464657,1.0128095
7446,90.34834,0.0,80.60519,6.324468,0.0006133366,0.0,0.40008777,1.0128096
7447,90.611374,0.0,74.780876,6.324476,0.0008031572,0.0,0.4569274,1.0128095
7448,86.10675,0.0,77.37157,6.3244867,0.00048922416,0.0,0.44886893,1.0128092
7449,72.60293,0.0,81.91809,6.324493,0.00069339736,0.0,0.44494236,1.0128087
7450,84.57564,0.0,79.70307,6.3245034,0.00080821523,0.0,0.42432183,1.0128089
7451,80.32746,0.0,88.55183,6.324511,0.0011238836,0.0,0.42092645,1.0128139
7452,94.45479,0.0,82.08364,6.324521,0.00051675324,0.0,0.44875535,1.0128182
7453,80.46108,0.0,69.75372,6.324527,0.0006093988,0.0,0.4510308,1.0128218
7454,61.93029,0.0,79.70021,6.3245306,0.00044977324,0.0,0.3913136,1.0128249
7455,58.233162,0.0,97.22845,6.3245335,0.0005269539,0.0,0.43437085,1.0128275
7456,76.94719,0.0,101.73911,6.324536,0.0007554247,0.0,0.39599365,1.0128295
7457,68.333954,0.0,77.76287,6.3245325,0.0005629329,0.0,0.41315898,1.0128411
7458,80.52404,0.0,94.12129,6.324527,0.00042982234,0.0,0.4127437,1.0128512
7459,53.747017,0.0,84.71308,6.324519,0.00059036777,0.0,0.44773048,1.0128604
7460,59.519215,0.0,74.43781,6.324516,0.0005814759,0.0,0.38832277,1.0128682
7461,58.904697,0.0,78.675064,6.3245153,0.000798566,0.0,0.41479445,1.0128751
7462,66.010254,0.0,70.84599,6.324513,0.0005201163,0.0,0.40125284,1.0128813
7463,71.734,0.0,97.58029,6.324511,0.00052477047,0.0,0.44894212,1.0128864
7464,79.967445,0.0,92.70159,6.324514,0.00069309765,0.0,0.41127014,1.0128907
7465,85.42175,0.0,111.643265,6.324519,0.0009437652,0.0,0.43571314,1.0128952
7466,60.59921,0.0,90.61675,6.3245335,0.00054294977,0.0,0.44913757,1.012899
7467,71.69336,0.0,82.13297,6.324547,0.00058960443,0.0,0.46178025,1.0129025
7468,77.68914,0.0,84.67788,6.3245654,0.0007093071,0.0,0.4240458,1.0129051
7469,68.084785,0.0,88.70806,6.3245807,0.000630438,0.0,0.42787275,1.0129076
7470,69.15224,0.0,68.85035,6.324598,0.0005357353,0.0,0.45069736,1.0129106
7471,54.93733,0.0,102.776924,6.3246126,0.00090443774,0.0,0.44392666,1.0129132
7472,85.46052,0.0,84.665695,6.324633,0.00063865853,0.0,0.42922366,1.012916
7473,69.01606,0.0,76.82043,6.3246503,0.00068418536,0.0,0.44972667,1.0129184
7474,77.29468,0.0,78.30389,6.324671,0.0006665806,0.0,0.39633268,1.0129197
7475,83.71324,0.0,84.30304,6.324688,0.00072744646,0.0,0.43592453,1.0129207
7476,87.72738,0.0,84.73604,6.324707,0.0006108384,0.0,0.41382283,1.0129215
7477,68.46091,0.0,109.2533,6.324728,0.0006608394,0.0,0.4141383,1.0129222
7478,60.83423,0.0,75.19461,6.3247466,0.00074904616,0.0,0.40465248,1.0129272
7479,72.31872,0.0,75.10794,6.3247623,0.00061755907,0.0,0.43736625,1.0129316
7480,78.78376,0.0,78.5075,6.324776,0.0006830557,0.0,0.4352886,1.0129352
7481,76.69029,0.0,83.25703,6.3247933,0.0005495688,0.0,0.44059938,1.0129385
7482,62.503597,0.0,85.65351,6.3248158,0.0007068072,0.0,0.45832548,1.0129412
7483,75.9026,0.0,87.36175,6.3248343,0.00064597576,0.0,0.41164798,1.0129434
7484,111.33688,0.0,99.86237,6.324849,0.00058909593,0.0,0.39477897,1.012943
7485,86.15358,0.0,97.20977,6.3248644,0.0005362919,0.0,0.4260708,1.0129423
7486,69.37568,0.0,72.488396,6.324876,0.00044169705,0.0,0.4566561,1.0129348
7487,109.08599,0.0,97.47967,6.3248835,0.0005872022,0.0,0.44502935,1.0129278
7488,70.50355,0.0,76.23209,6.324892,0.0006003115,0.0,0.42952615,1.0129211
7489,74.78544,0.0,76.59782,6.324896,0.0005303639,0.0,0.3856355,1.0129149
7490,66.43427,0.0,83.48041,6.324898,0.00062091823,0.0,0.45884007,1.0129094
7491,73.698006,0.0,71.21397,6.324901,0.00073804904,0.0,0.42958325,1.0129042
7492,71.3247,0.0,84.815094,6.324905,0.0005618324,0.0,0.44775575,1.012899
7493,69.94333,0.0,100.83792,6.3249063,0.00061982544,0.0,0.4526603,1.012892
7494,70.792625,0.0,97.05907,6.3249183,0.0005844836,0.0,0.39530882,1.0128856
7495,77.641945,0.0,68.13831,6.3249288,0.00045160117,0.0,0.42160326,1.0128796
7496,69.21341,0.0,68.777824,6.324939,0.0008770543,0.0,0.443367,1.0128742
7497,64.009094,0.0,85.932045,6.324947,0.0008599867,0.0,0.40718445,1.0128692
7498,67.161995,0.0,88.98496,6.3249545,0.0010219216,0.0,0.40386102,1.0128642
7499,72.64549,0.0,74.600876,6.324963,0.0008123154,0.0,0.42331824,1.0128596
7500,73.9617,0.0,98.40195,6.324971,0.00048725767,0.0,0.5100751,1.0128553
7501,70.53193,0.0,72.30859,6.3249774,0.00083665084,0.0,0.39436468,1.0128511
7502,78.77599,0.0,71.47099,6.324986,0.0005952547,0.0,0.412173,1.0128473
7503,74.176865,0.0,84.65651,6.324997,0.0007721571,0.0,0.44269395,1.0128435
7504,54.265774,0.0,77.047905,6.325011,0.0008108276,0.0,0.46547365,1.0128396
7505,75.58994,0.0,96.1687,6.325021,0.00061456684,0.0,0.4175509,1.0128362
7506,58.111877,0.0,100.32313,6.3250327,0.00050392316,0.0,0.43440935,1.0128328
7507,72.41195,0.0,106.67766,6.32504,0.00073379837,0.0,0.43798882,1.0128295
7508,74.1459,0.0,83.490074,6.3250504,0.00055500737,0.0,0.47521347,1.0128264
7509,72.926186,0.0,101.302,6.3250613,0.00061645196,0.0,0.45885205,1.0128231
7510,76.36298,0.0,69.94504,6.3250766,0.00069605233,0.0,0.46039066,1.0128201
7511,73.11974,0.0,84.14044,6.3250947,0.0006010809,0.0,0.450589,1.0128171
7512,71.92782,0.0,70.27605,6.325113,0.00094668975,0.0,0.41817808,1.0128142
7513,79.9565,0.0,92.49181,6.325135,0.00081465783,0.0,0.41778594,1.0128112
7514,69.77518,0.0,96.035355,6.325152,0.00058597996,0.0,0.39604783,1.0128086
7515,79.13592,0.0,90.29473,6.3251677,0.0007110426,0.0,0.45663556,1.0128057
7516,58.226433,0.0,78.67946,6.3251786,0.0007461192,0.0,0.41356072,1.012803
7517,52.7384,0.0,91.84606,6.3251915,0.0006937146,0.0,0.44559288,1.0128003
7518,76.80183,0.0,91.43342,6.325201,0.00049676205,0.0,0.45030993,1.0127964
7519,87.46608,0.0,80.181625,6.325209,0.0007014188,0.0,0.46718615,1.0127931
7520,60.682404,0.0,99.013245,6.3252153,0.0006723,0.0,0.44162628,1.0127903
7521,64.23808,0.0,81.21474,6.325218,0.00048104706,0.0,0.44048783,1.0127891
7522,81.35451,0.0,84.79834,6.325218,0.0005290703,0.0,0.44181773,1.0127879
7523,68.427895,0.0,86.07504,6.325217,0.0006144271,0.0,0.41587037,1.0127864
7524,110.15208,0.0,73.437454,6.325216,0.0006934833,0.0,0.43119115,1.0127846
7525,65.63571,0.0,92.42463,6.3252177,0.0008544812,0.0,0.44923753,1.0127829
7526,67.270325,0.0,83.824036,6.325219,0.00087383087,0.0,0.4374171,1.0127813
7527,72.843,0.0,86.39867,6.325216,0.00070326636,0.0,0.45758066,1.0127797
7528,75.70202,0.0,85.9083,6.325214,0.00091598206,0.0,0.46092433,1.0127778
7529,70.75732,0.0,88.102684,6.3252115,0.000695811,0.0,0.42857885,1.0127759
7530,77.02272,0.0,90.82912,6.325205,0.00056199543,0.0,0.41878662,1.0127741
7531,71.81433,0.0,75.14388,6.325197,0.00052314193,0.0,0.41788802,1.0127723
7532,65.668015,0.0,89.10952,6.325196,0.0005543212,0.0,0.45677835,1.0127702
7533,86.0263,0.0,94.321075,6.325199,0.00076708524,0.0,0.4473208,1.0127683
7534,61.76212,0.0,80.41981,6.3252025,0.0008120746,0.0,0.3998291,1.0127662
7535,88.453224,0.0,80.55666,6.3252125,0.000671982,0.0,0.430717,1.0127643
7536,69.12209,0.0,81.95878,6.325224,0.0005192528,0.0,0.41763723,1.0127622
7537,66.26848,0.0,60.97206,6.3252373,0.0005654144,0.0,0.47212696,1.01276
7538,60.67084,0.0,72.430466,6.325252,0.00069157605,0.0,0.45801568,1.0127579
7539,104.37135,0.0,96.02117,6.3252687,0.0004783169,0.0,0.45300087,1.0127558
7540,75.40417,0.0,97.384865,6.3252845,0.0009274143,0.0,0.48390335,1.0127535
7541,89.31348,0.0,85.64577,6.325296,0.00079326925,0.0,0.4352623,1.0127515
7542,71.18423,0.0,86.74237,6.325311,0.0007329894,0.0,0.46814817,1.0127487
7543,84.589386,0.0,81.65693,6.325326,0.00080454536,0.0,0.4402277,1.0127463
7544,58.028675,0.0,110.3313,6.325337,0.00070850574,0.0,0.44707608,1.0127388
7545,71.013985,0.0,79.2254,6.325351,0.00071392325,0.0,0.40405893,1.0127319
7546,80.987,0.0,103.16393,6.325366,0.0005369119,0.0,0.4453127,1.0127257
7547,63.798267,0.0,94.7421,6.3253794,0.0008058194,0.0,0.4409638,1.0127196
7548,68.173065,0.0,103.68093,6.3253927,0.0007617354,0.0,0.45183563,1.0127141
7549,69.89386,0.0,81.97419,6.325404,0.0007038535,0.0,0.45374474,1.0127087
7550,65.408035,0.0,73.98706,6.325415,0.00063281995,0.0,0.44528016,1.0127035
7551,72.22442,0.0,97.528366,6.3254247,0.0007845928,0.0,0.43869704,1.0127038
7552,97.15177,0.0,86.83445,6.325435,0.0005558171,0.0,0.43280658,1.012686
7553,59.425205,0.0,76.45278,6.3254447,0.00061114284,0.0,0.44144988,1.0126699
7554,91.92698,0.0,100.59655,6.325454,0.0006962735,0.0,0.4028622,1.0126494
7555,76.38692,0.0,101.95832,6.3254657,0.00068665267,0.0,0.43800282,1.0126307
7556,69.309784,0.0,68.10491,6.3254814,0.00067819626,0.0,0.44376963,1.0126139
7557,76.08009,0.0,92.341995,6.325499,0.00073615153,0.0,0.45083964,1.0125977
7558,71.198456,0.0,96.50479,6.3255186,0.00054679706,0.0,0.43607664,1.0125831
7559,88.39907,0.0,84.58022,6.3255396,0.0004954501,0.0,0.4260927,1.0125698
7560,66.61809,0.0,90.37582,6.325555,0.0005698609,0.0,0.41004938,1.0125577
7561,66.84016,0.0,87.03768,6.3255725,0.00048798052,0.0,0.45828152,1.0125467
7562,68.95018,0.0,80.0487,6.325592,0.000602398,0.0,0.46736997,1.0125363
7563,66.47838,0.0,90.430336,6.3256097,0.0006714437,0.0,0.43847495,1.012527
7564,63.526333,0.0,85.86257,6.325627,0.0006475543,0.0,0.43731278,1.0125183
7565,62.028435,0.0,87.9005,6.32564,0.00047752372,0.0,0.4739482,1.0125103
7566,75.27346,0.0,87.89741,6.3256536,0.0006226238,0.0,0.44221005,1.012507
7567,97.14492,0.0,90.70519,6.3256664,0.00055750995,0.0,0.3979618,1.0125041
7568,70.74017,0.0,80.93613,6.325683,0.0006666578,0.0,0.4163165,1.012497
7569,75.05382,0.0,109.3538,6.3257,0.00066898065,0.0,0.48067853,1.0124904
7570,72.40131,0.0,101.94099,6.325711,0.00039260765,0.0,0.4271676,1.0124841
7571,62.668774,0.0,89.353745,6.325716,0.00056838844,0.0,0.44953287,1.0124799
7572,95.93028,0.0,89.4647,6.3257194,0.0005316852,0.0,0.45810613,1.0124758
7573,79.18654,0.0,74.07764,6.3257217,0.0008040968,0.0,0.4427396,1.012472
7574,73.81647,0.0,72.095,6.325727,0.00051125005,0.0,0.4344941,1.0124683
7575,72.3367,0.0,93.291374,6.325734,0.00054719386,0.0,0.44947004,1.0124649
7576,62.688858,0.0,97.51167,6.3257437,0.0005239055,0.0,0.43772048,1.0124615
7577,79.024086,0.0,97.82477,6.3257504,0.00039488566,0.0,0.45976087,1.0124583
7578,60.47329,0.0,106.40307,6.3257623,0.0004359054,0.0,0.48400876,1.0124552
7579,75.99299,0.0,103.227844,6.3257737,0.00069106295,0.0,0.45950228,1.0124522
7580,68.73492,0.0,85.242935,6.3257866,0.0006429117,0.0,0.45831937,1.0124494
7581,70.05842,0.0,93.580826,6.3257966,0.00067134225,0.0,0.4366791,1.0124464
7582,61.129208,0.0,81.96125,6.3258033,0.0007104612,0.0,0.44643015,1.0124435
7583,73.686104,0.0,91.936615,6.3258114,0.00057800545,0.0,0.42885202,1.0124406
7584,88.91983,0.0,74.277504,6.325818,0.0008410161,0.0,0.40397915,1.0124379
7585,100.14647,0.0,76.8278,6.325828,0.00083913235,0.0,0.44860387,1.0124352
7586,69.81343,0.0,94.97827,6.3258357,0.00078187947,0.0,0.46626586,1.0124325
7587,63.619293,0.0,92.67311,6.325843,0.0009497781,0.0,0.47778508,1.0124297
7588,69.1472,0.0,68.68903,6.3258457,0.00057590025,0.0,0.4480698,1.0124272
7589,86.945946,0.0,91.67121,6.325849,0.00047332267,0.0,0.42242837,1.0124282
7590,58.90283,0.0,76.51735,6.3258443,0.000564956,0.0,0.45924792,1.0124291
7591,64.41185,0.0,86.98913,6.3258414,0.0010162758,0.0,0.42396998,1.0124295
7592,93.14888,0.0,94.74596,6.3258395,0.00059393904,0.0,0.44042253,1.0124298
7593,75.59923,0.0,86.1654,6.3258467,0.0005608167,0.0,0.39311928,1.0124298
7594,78.103096,0.0,81.66659,6.325854,0.0004211907,0.0,0.47428903,1.0124297
7595,74.31427,0.0,81.88965,6.3258653,0.000617422,0.0,0.43963417,1.0124292
7596,89.435135,0.0,74.41195,6.3258758,0.00049392105,0.0,0.4210264,1.0124286
7597,79.46592,0.0,74.02166,6.32588,0.0006105049,0.0,0.46673363,1.0124466
7598,79.80408,0.0,98.16352,6.3258815,0.00058551505,0.0,0.45886272,1.012463
7599,75.46906,0.0,86.89141,6.3258862,0.0006859046,0.0,0.47394618,1.0124773
7600,77.90806,0.0,96.062164,6.325887,0.0006094082,0.0,0.45252615,1.01249
7601,78.87437,0.0,84.11803,6.3258934,0.00045387575,0.0,0.45403728,1.0125014
7602,76.022995,0.0,75.27131,6.3258986,0.00084031746,0.0,0.42620906,1.0125114
7603,70.97422,0.0,66.6035,6.3259044,0.00056592206,0.0,0.40399343,1.0125202
7604,79.92103,0.0,86.55134,6.3259106,0.0004288493,0.0,0.4119872,1.012528
7605,70.62563,0.0,93.37215,6.325916,0.00063688774,0.0,0.44107264,1.0125318
7606,75.20218,0.0,83.20541,6.325926,0.0005848076,0.0,0.4260505,1.0125351
7607,54.02224,0.0,75.268974,6.3259377,0.00062643905,0.0,0.43793055,1.012538
7608,88.10204,0.0,93.63939,6.325944,0.00065243605,0.0,0.43700057,1.0125402
7609,99.141426,0.0,89.95966,6.3259478,0.0008445453,0.0,0.42953902,1.0125419
7610,61.528233,0.0,98.657295,6.3259535,0.0006386728,0.0,0.42628157,1.0125436
7611,86.217354,0.0,75.86911,6.3259597,0.0006596704,0.0,0.41246718,1.0125443
7612,72.630844,0.0,92.595535,6.3259673,0.0007259977,0.0,0.44421232,1.0125444
7613,64.17419,0.0,69.32798,6.325976,0.00048882305,0.0,0.40380573,1.0125448
7614,73.22625,0.0,100.822464,6.3259835,0.0008292386,0.0,0.4397087,1.012545
7615,67.67325,0.0,103.94569,6.3259835,0.00063656224,0.0,0.44154844,1.0125448
7616,84.31725,0.0,76.87106,6.3259854,0.0006278055,0.0,0.42720398,1.0125444
7617,81.60191,0.0,86.89976,6.3259892,0.0007993455,0.0,0.4453385,1.0125437
7618,67.53121,0.0,86.07511,6.325995,0.00084679655,0.0,0.42457187,1.012543
7619,85.39704,0.0,82.017395,6.3260007,0.0005924642,0.0,0.4363371,1.012542
7620,69.58552,0.0,82.5156,6.325999,0.00046166498,0.0,0.4233511,1.0125412
7621,75.57326,0.0,61.829132,6.325997,0.0006874049,0.0,0.40460992,1.0125406
7622,63.827866,0.0,75.14894,6.3259954,0.00044238288,0.0,0.42456076,1.0125331
7623,85.73452,0.0,89.376564,6.325992,0.0007099445,0.0,0.46121258,1.0125262
7624,77.475914,0.0,84.145325,6.3259892,0.0007156792,0.0,0.42443895,1.0125197
7625,76.9754,0.0,88.23281,6.3259864,0.0005047917,0.0,0.4388902,1.012514
7626,85.58442,0.0,96.76873,6.3259883,0.0005829904,0.0,0.45179364,1.0125086
7627,69.650734,0.0,80.77594,6.325992,0.0007657038,0.0,0.4238721,1.0125035
7628,73.73961,0.0,96.478935,6.3259983,0.0006225283,0.0,0.4017938,1.0124989
7629,81.352196,0.0,69.475105,6.326013,0.00076092395,0.0,0.41649944,1.0124943
7630,67.73364,0.0,66.64181,6.326034,0.0005057267,0.0,0.39725363,1.0124898
7631,67.20423,0.0,94.5987,6.326058,0.0005492518,0.0,0.4335208,1.0124857
7632,58.219498,0.0,97.17416,6.3260818,0.0005886743,0.0,0.4454714,1.0124819
7633,57.518837,0.0,100.013695,6.326099,0.000647442,0.0,0.4167053,1.012478
7634,67.22603,0.0,83.50737,6.3261156,0.0005993907,0.0,0.4591249,1.0124745
7635,85.195114,0.0,85.33076,6.326135,0.00046695583,0.0,0.4569882,1.0124708
7636,63.12531,0.0,93.89524,6.326155,0.0009295511,0.0,0.43389726,1.0124671
7637,84.45084,0.0,75.68525,6.3261814,0.0007205083,0.0,0.37744245,1.0124638
7638,62.64011,0.0,78.50583,6.326205,0.0006915367,0.0,0.44811305,1.0124607
7639,80.20745,0.0,77.86743,6.3262296,0.0007017203,0.0,0.38382608,1.0124575
7640,90.043846,0.0,80.93619,6.3262496,0.0006579756,0.0,0.40638137,1.0124544
7641,80.663994,0.0,93.35125,6.3262663,0.0005981483,0.0,0.42705196,1.0124514
7642,65.89247,0.0,96.905174,6.326278,0.0004979387,0.0,0.41604492,1.0124483
7643,81.152855,0.0,81.745895,6.3262877,0.0005140861,0.0,0.42572498,1.0124453
7644,88.15171,0.0,98.89765,6.326295,0.00046997407,0.0,0.4477163,1.0124425
7645,76.08334,0.0,95.06276,6.3263006,0.00083925173,0.0,0.46604759,1.0124397
7646,86.40214,0.0,88.430046,6.3262997,0.0005206157,0.0,0.43692255,1.0124369
7647,67.227715,0.0,72.77931,6.326301,0.0003448315,0.0,0.419077,1.0124341
7648,64.20484,0.0,71.93359,6.326303,0.00052048266,0.0,0.41454607,1.0124315
7649,60.30239,0.0,83.822464,6.326304,0.0005929719,0.0,0.42624784,1.0124288
7650,61.852516,0.0,85.52925,6.326301,0.0007130254,0.0,0.431154,1.0124261
7651,92.15741,0.0,81.56807,6.326305,0.00060384575,0.0,0.43777013,1.0124235
7652,64.22174,0.0,92.25182,6.326307,0.00048209797,0.0,0.4468175,1.012421
7653,89.0734,0.0,93.186455,6.326314,0.00063717493,0.0,0.42071006,1.0124184
7654,96.78767,0.0,71.99141,6.326323,0.00074450846,0.0,0.42747158,1.0124158
7655,77.06909,0.0,86.29271,6.326332,0.0006233515,0.0,0.4504095,1.0124238
7656,71.39666,0.0,81.60831,6.3263407,0.0006898764,0.0,0.39320588,1.0124308
7657,69.18493,0.0,93.98541,6.3263507,0.00066075556,0.0,0.44411492,1.0124372
7658,65.87969,0.0,81.49996,6.3263645,0.0005010049,0.0,0.42602476,1.012443
7659,54.876724,0.0,80.458565,6.326379,0.0007133493,0.0,0.43675226,1.0124453
7660,61.751343,0.0,90.63598,6.326395,0.0004108764,0.0,0.4660322,1.0124474
7661,89.42274,0.0,78.574265,6.326409,0.000650102,0.0,0.44949684,1.012449
7662,100.63615,0.0,82.28802,6.326419,0.0008036578,0.0,0.4327585,1.0124503
7663,88.04619,0.0,99.04116,6.3264313,0.00068145373,0.0,0.4284377,1.0124512
7664,66.5187,0.0,77.79764,6.3264494,0.00066206965,0.0,0.4349358,1.0124518
7665,80.37181,0.0,104.13784,6.3264594,0.0006077337,0.0,0.43223286,1.012452
7666,60.047825,0.0,85.22586,6.326473,0.0006769213,0.0,0.44879,1.012452
7667,73.19559,0.0,99.97698,6.326486,0.00076377904,0.0,0.42525333,1.0124519
7668,67.18696,0.0,89.87355,6.3264985,0.0004796396,0.0,0.42263266,1.0124514
7669,73.53501,0.0,103.59475,6.326511,0.00039318786,0.0,0.44887468,1.0124508
7670,89.84182,0.0,98.0496,6.32652,0.00045346058,0.0,0.45066613,1.0124499
7671,69.97116,0.0,76.41754,6.3265257,0.0005355048,0.0,0.40875554,1.012449
7672,74.24523,0.0,107.661026,6.3265333,0.00048372452,0.0,0.4278853,1.012448
7673,72.863815,0.0,68.77476,6.3265333,0.0006536075,0.0,0.39180315,1.0124466
7674,69.06286,0.0,95.912125,6.3265333,0.0006034763,0.0,0.41512138,1.0124458
7675,92.33914,0.0,78.44758,6.326531,0.00059912924,0.0,0.39669675,1.012445
7676,52.149723,0.0,84.04004,6.3265285,0.0005844098,0.0,0.42797515,1.0124438
7677,67.29847,0.0,92.126144,6.3265314,0.000856088,0.0,0.4293236,1.0124426
7678,78.74847,0.0,85.87751,6.3265367,0.0005715013,0.0,0.42388877,1.0124409
7679,63.73606,0.0,90.636314,6.3265424,0.0006638983,0.0,0.42287526,1.0124394
7680,58.500237,0.0,101.57603,6.326555,0.0005138628,0.0,0.44026226,1.0124376
7681,57.040894,0.0,107.001114,6.3265696,0.00086136337,0.0,0.4298738,1.0124345
7682,86.15773,0.0,98.018684,6.3265805,0.0007255777,0.0,0.41056442,1.0124316
7683,61.740444,0.0,76.367836,6.326592,0.00038389218,0.0,0.41037667,1.0124303
7684,83.16904,0.0,92.93914,6.326602,0.0004915761,0.0,0.4343712,1.0124289
7685,71.36989,0.0,73.577736,6.3266172,0.0005348165,0.0,0.41669673,1.0124274
7686,82.77832,0.0,83.86203,6.326626,0.00071340305,0.0,0.45979667,1.0124292
7687,92.66685,0.0,70.64281,6.3266335,0.00055185327,0.0,0.3961347,1.0124305
7688,80.45848,0.0,108.27387,6.3266397,0.0007659934,0.0,0.4461589,1.0124317
7689,76.51935,0.0,75.82335,6.3266478,0.0006531737,0.0,0.4458744,1.0124322
7690,64.24046,0.0,86.84667,6.3266544,0.0006182308,0.0,0.46583056,1.0124326
7691,76.13079,0.0,98.73962,6.3266606,0.0005123358,0.0,0.4490263,1.0124326
7692,64.02787,0.0,93.73177,6.326664,0.0007725712,0.0,0.45592842,1.0124325
7693,85.486885,0.0,69.68457,6.3266644,0.0004752666,0.0,0.45854387,1.0124292
7694,69.190735,0.0,80.05042,6.3266635,0.00080254895,0.0,0.43959507,1.0124263
7695,71.48225,0.0,89.669136,6.326664,0.00066090666,0.0,0.4127556,1.0124232
7696,78.88776,0.0,93.223526,6.3266644,0.00055476086,0.0,0.45355996,1.0124203
7697,89.82627,0.0,74.571594,6.326666,0.0006410948,0.0,0.42618632,1.0124173
7698,81.15572,0.0,78.941956,6.326665,0.0008145983,0.0,0.43681705,1.0124142
7699,78.007706,0.0,81.63174,6.3266673,0.0006474999,0.0,0.4738927,1.0124114
7700,64.92329,0.0,83.32871,6.3266745,0.00081849366,0.0,0.4974357,1.0124085
7701,70.651276,0.0,96.628334,6.32668,0.00063914614,0.0,0.44428247,1.0124058
7702,60.85656,0.0,86.24287,6.326682,0.00082707463,0.0,0.47261024,1.012403
7703,67.58812,0.0,86.052666,6.3266892,0.00074114115,0.0,0.41120523,1.0124002
7704,90.52479,0.0,96.35547,6.3266993,0.00053860777,0.0,0.45091507,1.0123975
7705,67.63614,0.0,74.6366,6.3267074,0.0005451278,0.0,0.42555416,1.0123949
7706,76.52641,0.0,88.535484,6.326722,0.0007517985,0.0,0.4345951,1.0123922
7707,103.67011,0.0,71.75407,6.326743,0.0007070526,0.0,0.44904503,1.0123892
7708,74.880745,0.0,75.24329,6.326765,0.00065064384,0.0,0.45433745,1.0123864
7709,84.55657,0.0,90.4868,6.326787,0.000867963,0.0,0.45179948,1.0123838
7710,79.4322,0.0,81.75646,6.3268037,0.0007692947,0.0,0.4318069,1.0123808
7711,63.9125,0.0,73.98432,6.3268147,0.0006864834,0.0,0.43086928,1.0123782
7712,67.962906,0.0,84.43211,6.3268185,0.0005065629,0.0,0.45996723,1.0123755
7713,105.69502,0.0,75.6162,6.326822,0.0005550665,0.0,0.40716267,1.0123727
7714,68.69694,0.0,70.40776,6.326823,0.0008369958,0.0,0.41260397,1.0123733
7715,62.82495,0.0,91.07122,6.3268266,0.00063358137,0.0,0.43715128,1.012373
7716,108.18569,0.0,94.60349,6.326833,0.00082359335,0.0,0.4107227,1.0123723
7717,48.967896,0.0,104.625404,6.32684,0.00071875396,0.0,0.4278396,1.0123689
7718,75.25843,0.0,111.54808,6.326852,0.00047877664,0.0,0.4452262,1.0123658
7719,61.923985,0.0,90.495865,6.326861,0.00064691325,0.0,0.47288188,1.0123628
7720,70.00992,0.0,84.72529,6.3268723,0.0006007327,0.0,0.43751824,1.01236
7721,71.52077,0.0,97.4351,6.3268805,0.0005854452,0.0,0.4400476,1.0123575
7722,71.58687,0.0,82.99342,6.3268905,0.00074525125,0.0,0.45617184,1.0123558
7723,94.272026,0.0,86.39133,6.326896,0.00052139576,0.0,0.42332578,1.0123543
7724,64.873184,0.0,70.54865,6.326905,0.00051368657,0.0,0.40846702,1.0123527
7725,90.57105,0.0,116.24285,6.3269114,0.00066601596,0.0,0.47405136,1.0123512
7726,67.9758,0.0,73.60225,6.3269205,0.0005016865,0.0,0.41334876,1.0123492
7727,63.768196,0.0,91.83278,6.3269267,0.0005928825,0.0,0.42544645,1.0123476
7728,66.60425,0.0,85.586174,6.326936,0.00079188123,0.0,0.46155843,1.0123509
7729,70.750046,0.0,68.15978,6.326943,0.00071754656,0.0,0.41646975,1.0123538
7730,101.099075,0.0,86.30669,6.326951,0.00067201926,0.0,0.467695,1.012356
7731,68.627525,0.0,77.22454,6.3269587,0.0006166232,0.0,0.44013667,1.0123581
7732,93.98304,0.0,86.60968,6.3269634,0.0008244547,0.0,0.43056715,1.0123607
7733,76.123726,0.0,76.700294,6.3269706,0.0009903627,0.0,0.4531768,1.012363
7734,75.15799,0.0,77.94741,6.3269773,0.0006080171,0.0,0.45332465,1.0123652
7735,80.313705,0.0,69.54111,6.326986,0.00067119364,0.0,0.44293746,1.0123669
7736,80.183495,0.0,82.3341,6.326991,0.0005318767,0.0,0.47030482,1.012364
7737,84.86874,0.0,96.136765,6.326992,0.00058407517,0.0,0.4312286,1.0123614
7738,86.03828,0.0,104.72556,6.326992,0.00048974593,0.0,0.45038486,1.0123589
7739,66.84622,0.0,85.96046,6.326992,0.0004766357,0.0,0.43394327,1.0123585
7740,83.36612,0.0,94.66168,6.326991,0.00056572293,0.0,0.4590549,1.0123581
7741,85.073685,0.0,90.94564,6.326995,0.0007449677,0.0,0.42825115,1.0123575
7742,92.36211,0.0,78.021774,6.3269973,0.00060849625,0.0,0.4483821,1.0123568
7743,75.9919,0.0,84.31922,6.326999,0.00093685667,0.0,0.42214537,1.0123557
7744,80.240166,0.0,76.39967,6.327004,0.0005864146,0.0,0.43672603,1.0123547
7745,68.32686,0.0,97.35859,6.327007,0.000899142,0.0,0.44484043,1.012371
7746,90.654526,0.0,119.272804,6.327009,0.0007391324,0.0,0.44978637,1.0123855
7747,62.47058,0.0,82.8826,6.3270144,0.0007620797,0.0,0.4763808,1.0123982
7748,89.3659,0.0,70.63165,6.3270273,0.0006405243,0.0,0.4340577,1.0124097
7749,57.884884,0.0,88.328186,6.3270407,0.000948663,0.0,0.42820948,1.0124196
7750,80.07324,0.0,104.57587,6.327053,0.00062389055,0.0,0.45732543,1.0124283
7751,59.875523,0.0,79.51681,6.3270664,0.00091697805,0.0,0.46093285,1.0124362
7752,65.239174,0.0,96.85078,6.327082,0.00061721564,0.0,0.4301402,1.0124428
7753,76.9076,0.0,87.817726,6.3271003,0.0004964594,0.0,0.42575523,1.0124487
7754,70.19671,0.0,96.92423,6.327118,0.0005923371,0.0,0.4605922,1.0124537
7755,58.904026,0.0,92.866646,6.327135,0.0007073413,0.0,0.47778043,1.0124488
7756,89.12299,0.0,82.549706,6.32715,0.0005161496,0.0,0.4919603,1.0124443
7757,69.75142,0.0,88.362495,6.3271637,0.000762191,0.0,0.43404183,1.0124398
7758,85.44816,0.0,115.51341,6.3271747,0.0006518214,0.0,0.42019135,1.0124359
7759,72.56733,0.0,85.61459,6.3271747,0.00047220755,0.0,0.43615508,1.0124315
7760,72.97407,0.0,75.48465,6.3271728,0.000559722,0.0,0.43451422,1.0124273
7761,78.32729,0.0,110.61163,6.3271694,0.0008743752,0.0,0.40444887,1.0124232
7762,88.815186,0.0,87.92518,6.3271627,0.0005037487,0.0,0.4468193,1.012419
7763,81.19001,0.0,54.563995,6.3271575,0.00086268573,0.0,0.39694977,1.012415
7764,77.104164,0.0,104.83301,6.3271513,0.00091813755,0.0,0.44263625,1.0124111
7765,70.075584,0.0,93.30052,6.3271456,0.000961675,0.0,0.49437928,1.0124077
7766,75.30177,0.0,88.39007,6.327135,0.0005704578,0.0,0.4583509,1.012404
7767,89.90229,0.0,96.48669,6.327128,0.00074914796,0.0,0.4843108,1.0124007
7768,60.225372,0.0,74.40737,6.3271194,0.00071603333,0.0,0.47500134,1.0123974
7769,80.19165,0.0,106.02257,6.3271136,0.00089072937,0.0,0.42777282,1.0123941
7770,75.121124,0.0,94.644325,6.327117,0.0006306185,0.0,0.4440866,1.0123911
7771,66.65186,0.0,78.612495,6.3271184,0.00071840355,0.0,0.42515835,1.012388
7772,67.26364,0.0,79.13627,6.3271184,0.00062839716,0.0,0.46638283,1.0123849
7773,80.42858,0.0,85.560905,6.3271174,0.0007114284,0.0,0.47002825,1.0123819
7774,66.07703,0.0,86.12559,6.3271155,0.0010224308,0.0,0.41915846,1.012379
7775,106.41741,0.0,84.44996,6.3271184,0.0005936959,0.0,0.40960953,1.0123769
7776,73.40667,0.0,82.34183,6.3271236,0.00074700674,0.0,0.4892578,1.0123745
7777,81.57241,0.0,118.499825,6.3271317,0.00055339304,0.0,0.42212486,1.0123734
7778,75.18924,0.0,67.770706,6.3271422,0.00054916803,0.0,0.42473733,1.0123719
7779,76.96454,0.0,63.92067,6.3271503,0.000707267,0.0,0.47016796,1.0123707
7780,122.153275,0.0,109.41618,6.327157,0.0009180528,0.0,0.42624134,1.0123692
7781,93.25654,0.0,57.085896,6.3271623,0.0007398445,0.0,0.43956184,1.0123677
7782,73.744125,0.0,82.4264,6.3271685,0.0006240992,0.0,0.39431757,1.0123662
7783,75.68378,0.0,69.722824,6.327167,0.0006231288,0.0,0.4389108,1.0123644
7784,75.314835,0.0,73.109245,6.327169,0.00078647555,0.0,0.43066257,1.0123628
7785,68.72219,0.0,96.9574,6.327171,0.0007486823,0.0,0.4065094,1.0123609
7786,75.98407,0.0,103.268425,6.3271737,0.00085021206,0.0,0.4082448,1.0123568
7787,77.56427,0.0,84.345055,6.327174,0.00093106704,0.0,0.41368005,1.0123526
7788,73.65428,0.0,84.97284,6.3271737,0.00060145365,0.0,0.42554182,1.0123487
7789,96.193,0.0,79.76005,6.327173,0.0007596946,0.0,0.44002813,1.0123451
7790,71.99971,0.0,83.9078,6.3271747,0.00049109844,0.0,0.40821368,1.0123416
7791,73.72251,0.0,79.69204,6.327178,0.0006745419,0.0,0.47587487,1.0123385
7792,101.24461,0.0,82.280334,6.3271775,0.0007881529,0.0,0.42843398,1.0123389
7793,60.28108,0.0,91.354805,6.327178,0.0008074776,0.0,0.44990683,1.012339
7794,65.77813,0.0,88.65529,6.3271785,0.00055389584,0.0,0.4579438,1.012339
7795,68.54948,0.0,69.224625,6.327184,0.0007255037,0.0,0.4835604,1.0123388
7796,87.57119,0.0,94.947105,6.3271866,0.0007532045,0.0,0.44455403,1.0123383
7797,58.467796,0.0,84.24764,6.3271894,0.00076042477,0.0,0.4538965,1.0123376
7798,82.27555,0.0,82.74952,6.327192,0.00078600104,0.0,0.4566768,1.0123367
7799,79.10824,0.0,114.82066,6.3271933,0.0005627703,0.0,0.40127355,1.0123357
7800,79.640594,0.0,90.26597,6.3272066,0.00078013935,0.0,0.42938155,1.0123345
7801,79.091064,0.0,70.65449,6.327225,0.0006973422,0.0,0.44089836,1.0123345
7802,67.49427,0.0,96.683075,6.3272467,0.00061661866,0.0,0.42156118,1.0123357
7803,81.65095,0.0,76.98951,6.3272705,0.00054758054,0.0,0.43470633,1.0123364
7804,81.73466,0.0,86.7591,6.327292,0.0007862416,0.0,0.43189597,1.0123453
7805,101.620766,0.0,80.11767,6.327313,0.00053023983,0.0,0.4606707,1.0123503
7806,75.371025,0.0,82.29864,6.327333,0.00072157074,0.0,0.46673664,1.0123589
7807,67.69579,0.0,75.60873,6.3273535,0.00052734785,0.0,0.44937858,1.0123665
7808,79.98138,0.0,88.5416,6.327374,0.0006565767,0.0,0.40622592,1.0123731
7809,72.74662,0.0,76.69666,6.327392,0.0004478736,0.0,0.41434354,1.0123781
7810,69.137276,0.0,82.67258,6.327408,0.0006370987,0.0,0.46189377,1.0123856
7811,91.81464,0.0,68.454605,6.3274264,0.00050703826,0.0,0.4284975,1.0123924
7812,75.948616,0.0,89.76808,6.3274455,0.00067007344,0.0,0.41623506,1.0123984
7813,78.426094,0.0,101.96678,6.327464,0.000547849,0.0,0.45315683,1.0124032
7814,71.42253,0.0,100.504745,6.327487,0.00065245514,0.0,0.4327621,1.0124077
7815,86.6562,0.0,89.09211,6.3275084,0.00064275425,0.0,0.40284175,1.0124112
7816,71.5923,0.0,87.91237,6.327527,0.00055981666,0.0,0.44987893,1.0124143
7817,62.134983,0.0,75.08469,6.3275485,0.0007814857,0.0,0.45081782,1.012417
7818,75.89458,0.0,90.11015,6.3275642,0.00075379823,0.0,0.43020105,1.012419
7819,69.85212,0.0,75.57081,6.3275766,0.000744354,0.0,0.44543025,1.0124207
7820,79.80617,0.0,77.81948,6.3275847,0.00055762054,0.0,0.48225316,1.0124323
7821,94.26511,0.0,75.59527,6.327587,0.0006245908,0.0,0.428338,1.0124425
7822,77.2063,0.0,103.55919,6.327586,0.0007122853,0.0,0.4692983,1.0124515
7823,73.35676,0.0,103.60383,6.327588,0.00061723543,0.0,0.46031722,1.0124594
7824,69.939896,0.0,84.3768,6.327593,0.0008672223,0.0,0.41326302,1.0124664
7825,55.050327,0.0,76.76594,6.3275995,0.0010996955,0.0,0.41756782,1.0124725
7826,69.09797,0.0,90.347664,6.327605,0.0005885847,0.0,0.4539009,1.0124778
7827,78.7791,0.0,80.524734,6.327605,0.00073636824,0.0,0.44120654,1.0124824
7828,75.95592,0.0,108.85587,6.327601,0.00048714585,0.0,0.47379836,1.0124862
7829,80.69152,0.0,80.18702,6.3275948,0.0009032599,0.0,0.41367528,1.0124897
7830,72.14536,0.0,99.4131,6.3275905,0.00065585336,0.0,0.43507308,1.0124923
7831,74.18389,0.0,80.040886,6.327588,0.0006987429,0.0,0.43810767,1.0124946
7832,70.12387,0.0,89.62022,6.3275857,0.0007905719,0.0,0.39308923,1.0124961
7833,73.82393,0.0,72.84724,6.327586,0.0006687641,0.0,0.42360863,1.0124973
7834,77.71384,0.0,116.65707,6.3275843,0.00066842436,0.0,0.42902035,1.012498
7835,74.077324,0.0,81.909775,6.3275886,0.00039803213,0.0,0.42639393,1.0124984
7836,60.02,0.0,86.46179,6.327593,0.00064548943,0.0,0.4468598,1.0124989
7837,71.31248,0.0,79.85556,6.3276005,0.0004883746,0.0,0.45359576,1.0124986
7838,78.79568,0.0,75.655,6.3276157,0.00065785705,0.0,0.41426823,1.0124983
7839,86.70755,0.0,88.22871,6.3276334,0.00045861327,0.0,0.4332486,1.0124978
7840,77.46486,0.0,90.77957,6.327652,0.00089442905,0.0,0.4540995,1.0124971
7841,79.00254,0.0,81.231606,6.3276715,0.00058533624,0.0,0.43688267,1.0124961
7842,75.02811,0.0,87.043144,6.327694,0.0006534899,0.0,0.45848283,1.012495
7843,92.42983,0.0,77.9477,6.3277116,0.0007547647,0.0,0.43184513,1.012494
7844,70.73896,0.0,108.39841,6.3277245,0.0006092789,0.0,0.46410882,1.0124922
7845,93.28473,0.0,92.246544,6.32773,0.00063048926,0.0,0.43763268,1.0124925
7846,68.55595,0.0,84.94902,6.327738,0.0005108951,0.0,0.42149526,1.012493
7847,73.675865,0.0,95.37371,6.3277454,0.00042595784,0.0,0.441566,1.012493
7848,61.988583,0.0,97.83719,6.3277526,0.00076981983,0.0,0.4421104,1.0124929
7849,66.20532,0.0,79.57557,6.327757,0.0007936334,0.0,0.45994562,1.0124925
7850,66.41875,0.0,98.20883,6.327761,0.0005612114,0.0,0.4417208,1.0124904
7851,77.350945,0.0,75.28204,6.327767,0.00088117755,0.0,0.4573388,1.0124881
7852,75.51344,0.0,66.397415,6.3277745,0.0007139865,0.0,0.4570758,1.0124862
7853,66.50384,0.0,102.70682,6.3277807,0.0006340837,0.0,0.42355785,1.0124842
7854,86.85932,0.0,67.14598,6.327788,0.0005378877,0.0,0.44180518,1.0124823
7855,72.50441,0.0,71.76767,6.3277936,0.0009444435,0.0,0.4528674,1.0124792
7856,63.710953,0.0,97.3171,6.327801,0.0008234135,0.0,0.41557807,1.0124819
7857,91.68199,0.0,100.55683,6.327805,0.00079084816,0.0,0.46332914,1.012484
7858,71.12471,0.0,77.72131,6.3278093,0.00061473943,0.0,0.4566384,1.0124857
7859,68.52915,0.0,94.01777,6.3278146,0.00075251085,0.0,0.43295714,1.0124873
7860,97.684456,0.0,79.17931,6.3278213,0.00060832954,0.0,0.4589116,1.0124881
7861,83.09134,0.0,93.93545,6.3278236,0.000651139,0.0,0.4101785,1.0124888
7862,73.15449,0.0,77.734474,6.327826,0.0007259988,0.0,0.4709664,1.0124891
7863,60.289307,0.0,75.264435,6.3278265,0.0007338337,0.0,0.45535558,1.0124894
7864,81.75573,0.0,77.95147,6.327831,0.0005182994,0.0,0.45719713,1.0124893
7865,82.75652,0.0,67.14612,6.3278317,0.00080093317,0.0,0.39340433,1.0124892
7866,69.774216,0.0,79.133125,6.3278317,0.0006074912,0.0,0.44126832,1.012489
7867,74.873856,0.0,92.69158,6.3278317,0.0007340742,0.0,0.4024486,1.0124886
7868,76.92725,0.0,86.58673,6.32783,0.0007273037,0.0,0.46754318,1.0124876
7869,64.35954,0.0,83.236275,6.3278303,0.0007186613,0.0,0.41097593,1.012487
7870,71.104294,0.0,93.74805,6.327827,0.0012092104,0.0,0.425842,1.0124851
7871,61.03247,0.0,97.36156,6.3278303,0.00084909203,0.0,0.4284739,1.0124836
7872,70.36066,0.0,87.120766,6.327835,0.0005817802,0.0,0.46389192,1.0124778
7873,93.864876,0.0,83.15071,6.327838,0.00077080063,0.0,0.4210304,1.0124764
7874,71.99388,0.0,94.54639,6.3278418,0.0007137632,0.0,0.4224437,1.0124751
7875,74.058784,0.0,79.91181,6.327845,0.000616546,0.0,0.4383744,1.0124738
7876,95.7493,0.0,94.92308,6.327846,0.00090775616,0.0,0.4257977,1.0124725
7877,80.57137,0.0,79.51615,6.327847,0.0009866788,0.0,0.39734334,1.0124708
7878,72.33209,0.0,75.154,6.3278522,0.00065062987,0.0,0.4315413,1.0124692
7879,83.20246,0.0,75.92007,6.32786,0.00081136066,0.0,0.453907,1.0124677
7880,68.38216,0.0,75.936844,6.3278646,0.00070425856,0.0,0.45444545,1.012466
7881,64.77851,0.0,87.37178,6.327867,0.0007400401,0.0,0.41669148,1.0124642
7882,92.70565,0.0,102.76591,6.3278704,0.000901293,0.0,0.4488232,1.0124624
7883,84.70186,0.0,99.96986,6.327868,0.0005960036,0.0,0.44814795,1.0124604
7884,68.84345,0.0,72.596344,6.3278656,0.00076301896,0.0,0.46077117,1.0124586
7885,119.15449,0.0,79.853935,6.3278637,0.00084051595,0.0,0.41173887,1.0124564
7886,69.72895,0.0,90.13903,6.3278646,0.0004626765,0.0,0.42517394,1.0124545
7887,80.30247,0.0,71.01681,6.3278637,0.0008181464,0.0,0.44140428,1.012452
7888,80.77238,0.0,89.332375,6.3278623,0.000702139,0.0,0.4142651,1.0124496
7889,72.87831,0.0,80.15425,6.327859,0.00062290684,0.0,0.42545694,1.0124472
7890,67.28934,0.0,88.91115,6.32786,0.000598061,0.0,0.45943743,1.0124428
7891,59.977444,0.0,76.155235,6.327861,0.0008529943,0.0,0.47271758,1.0124387
7892,66.27371,0.0,73.13205,6.327866,0.00072168047,0.0,0.40330538,1.0124346
7893,78.36904,0.0,118.5808,6.3278737,0.0007162126,0.0,0.42229816,1.0124308
7894,67.19184,0.0,94.92811,6.327886,0.0007188568,0.0,0.40896815,1.012427
7895,82.50546,0.0,93.834,6.3279004,0.0008324705,0.0,0.41312194,1.0124234
7896,61.38453,0.0,102.17357,6.32792,0.0007098566,0.0,0.45409656,1.01242
7897,84.18134,0.0,79.517975,6.3279405,0.0007603909,0.0,0.41090602,1.0124167
7898,73.734406,0.0,83.624176,6.32796,0.0007812589,0.0,0.4423129,1.0124136
7899,79.341194,0.0,88.59859,6.327979,0.00065091765,0.0,0.45080084,1.0124103
7900,80.38142,0.0,79.975784,6.3279977,0.0008526067,0.0,0.44147378,1.0124072
7901,77.265495,0.0,83.88981,6.328018,0.0004623213,0.0,0.41879436,1.0124072
7902,105.89132,0.0,83.44339,6.328041,0.00062497193,0.0,0.43456423,1.0124068
7903,60.701015,0.0,69.67468,6.32806,0.0006853234,0.0,0.4521165,1.0124058
7904,76.57778,0.0,76.28211,6.3280807,0.0006255101,0.0,0.41610333,1.0124004
7905,73.10918,0.0,88.15561,6.3281,0.0011622937,0.0,0.43192744,1.0123955
7906,66.42912,0.0,112.76558,6.328124,0.00058794185,0.0,0.40513772,1.0123831
7907,64.74857,0.0,104.250626,6.3281417,0.00055774325,0.0,0.3919714,1.0123727
7908,76.718216,0.0,73.55881,6.3281565,0.00075437315,0.0,0.41305313,1.01236
7909,69.49949,0.0,108.08726,6.3281703,0.0006210862,0.0,0.43821716,1.0123487
7910,82.856636,0.0,68.779434,6.328184,0.0006559025,0.0,0.43483257,1.0123378
7911,84.6832,0.0,87.444664,6.328194,0.0007234811,0.0,0.41618156,1.0123283
7912,77.58341,0.0,64.13162,6.3281994,0.00072354125,0.0,0.43774945,1.0123186
7913,76.47415,0.0,104.05101,6.3282056,0.0006591253,0.0,0.44730744,1.0123098
7914,97.0269,0.0,82.26818,6.3282113,0.00071479427,0.0,0.43441087,1.0123017
7915,81.689735,0.0,88.57586,6.328216,0.00057672913,0.0,0.4654394,1.012294
7916,94.99886,0.0,104.31509,6.3282228,0.00071072014,0.0,0.43110508,1.0122871
7917,83.01307,0.0,108.72189,6.328227,0.00052981905,0.0,0.44738042,1.0122805
7918,62.47464,0.0,112.06887,6.328234,0.0004947863,0.0,0.41449142,1.0122745
7919,82.68211,0.0,78.040375,6.3282404,0.0007035695,0.0,0.43369764,1.0122687
7920,84.3681,0.0,108.55869,6.3282466,0.00070539105,0.0,0.4545079,1.0122634
7921,100.67942,0.0,123.266174,6.328258,0.0006758668,0.0,0.43479866,1.0122583
7922,102.85151,0.0,95.22993,6.3282695,0.00078088825,0.0,0.42396218,1.0122535
7923,68.14501,0.0,65.44077,6.3282833,0.00072805106,0.0,0.43922973,1.0122489
7924,72.31349,0.0,91.514336,6.328293,0.00062860444,0.0,0.44873834,1.0122463
7925,56.710556,0.0,79.2895,6.3282967,0.00046006366,0.0,0.4481768,1.0122435
7926,69.28123,0.0,90.8071,6.3282995,0.0006758943,0.0,0.43612266,1.0122433
7927,80.1468,0.0,77.97697,6.328299,0.000507346,0.0,0.43810344,1.0122397
7928,72.75742,0.0,81.16695,6.3283005,0.0007176729,0.0,0.4291153,1.0122415
7929,58.078465,0.0,85.220345,6.3282995,0.0007129753,0.0,0.44699216,1.0122429
7930,88.95988,0.0,81.01393,6.328299,0.00054818613,0.0,0.4452358,1.0122439
7931,56.619316,0.0,95.47675,6.3283005,0.0005776326,0.0,0.40275213,1.0122447
7932,71.946495,0.0,103.67482,6.328298,0.0006101766,0.0,0.39472198,1.0122448
7933,93.57033,0.0,102.1072,6.3282905,0.00053590804,0.0,0.44591483,1.0122447
7934,67.493965,0.0,75.628876,6.328292,0.0007768203,0.0,0.45047092,1.0122441
7935,83.930435,0.0,101.64727,6.3282905,0.00057966856,0.0,0.45644122,1.0122435
7936,61.938305,0.0,91.24245,6.328291,0.0004963096,0.0,0.42004997,1.0122428
7937,88.56238,0.0,74.611115,6.328292,0.00058468134,0.0,0.39887476,1.0122418
7938,85.663315,0.0,79.062065,6.3282924,0.0005272644,0.0,0.4314958,1.0122408
7939,74.95119,0.0,72.90794,6.3282957,0.0008737673,0.0,0.43912834,1.0122395
7940,70.91017,0.0,80.55068,6.328295,0.00065311295,0.0,0.38261604,1.0122381
7941,61.94231,0.0,96.194496,6.328302,0.0005748555,0.0,0.42948925,1.0122368
7942,56.779346,0.0,61.633472,6.3283124,0.0006307756,0.0,0.4384358,1.0122356
7943,63.37424,0.0,94.49697,6.3283286,0.0010452773,0.0,0.42364234,1.0122342
7944,78.97785,0.0,88.36838,6.328341,0.00061994063,0.0,0.38630205,1.0122333
7945,64.71554,0.0,81.95381,6.3283553,0.00067068345,0.0,0.4566929,1.0122322
7946,67.38894,0.0,75.08423,6.3283734,0.0006519558,0.0,0.4492507,1.0122309
7947,75.97938,0.0,75.641335,6.3283863,0.00080302067,0.0,0.47564757,1.0122294
7948,90.90145,0.0,83.310455,6.3284006,0.0004997218,0.0,0.43479675,1.012228
7949,75.45269,0.0,77.87495,6.3284106,0.0006005035,0.0,0.43298835,1.0122265
7950,71.287544,0.0,88.70281,6.32842,0.00047418982,0.0,0.4274999,1.012223
7951,65.606155,0.0,98.77088,6.32843,0.0006939173,0.0,0.4163437,1.0122195
7952,65.98629,0.0,82.65667,6.328441,0.0007064687,0.0,0.4495755,1.0122164
7953,80.82651,0.0,84.68955,6.3284564,0.0005839716,0.0,0.43871173,1.0122133
7954,71.28132,0.0,89.982506,6.328472,0.0005331987,0.0,0.44740552,1.01221
7955,79.94997,0.0,77.90335,6.3284883,0.0005797282,0.0,0.43021578,1.012207
7956,78.66781,0.0,79.03804,6.3285065,0.0006860597,0.0,0.42461628,1.012204
7957,75.49932,0.0,74.42771,6.328525,0.00064554694,0.0,0.46052665,1.0122012
7958,70.0374,0.0,87.41657,6.3285446,0.0007456231,0.0,0.43297976,1.0121983
7959,77.12402,0.0,94.68935,6.328563,0.00072304596,0.0,0.4347447,1.0121957
7960,93.81349,0.0,81.61302,6.328579,0.00048364984,0.0,0.4455936,1.0121928
7961,85.02446,0.0,84.08317,6.328587,0.0006315349,0.0,0.41409394,1.0121901
7962,78.97858,0.0,98.378586,6.3285937,0.0005956357,0.0,0.39902085,1.0121874
7963,64.17827,0.0,86.65852,6.328596,0.00063043996,0.0,0.4085507,1.0121846
7964,74.29344,0.0,86.606674,6.3285947,0.0006405789,0.0,0.44150132,1.012184
7965,84.65825,0.0,87.13234,6.3285913,0.0006178659,0.0,0.4355485,1.0121834
7966,61.114445,0.0,71.59833,6.3285923,0.0009525971,0.0,0.4283654,1.0121826
7967,67.55192,0.0,71.164986,6.3285985,0.00072602474,0.0,0.43561023,1.0121814
7968,75.057396,0.0,96.780556,6.3286023,0.0007057707,0.0,0.46214908,1.0121804
7969,67.967445,0.0,88.96449,6.328603,0.0006305712,0.0,0.44246492,1.0121777
7970,69.56942,0.0,83.78729,6.3286085,0.00064355345,0.0,0.41522416,1.0121751
7971,76.90006,0.0,82.2742,6.3286147,0.0005017887,0.0,0.4296341,1.0121722
7972,84.53362,0.0,109.14683,6.3286223,0.000831509,0.0,0.41631824,1.0121696
7973,73.41703,0.0,73.793365,6.3286285,0.000682082,0.0,0.40124866,1.0121669
7974,95.43234,0.0,82.58018,6.3286357,0.000741627,0.0,0.44706067,1.0121641
7975,66.7668,0.0,85.38288,6.328643,0.0007320076,0.0,0.47262043,1.0121614
7976,83.81494,0.0,74.7306,6.3286505,0.0007664889,0.0,0.40946555,1.0121588
7977,74.31768,0.0,92.41685,6.3286605,0.00053162244,0.0,0.4395944,1.0121561
7978,64.10353,0.0,89.00638,6.328672,0.0006560277,0.0,0.41726232,1.0121535
7979,76.50861,0.0,85.9914,6.3286777,0.0006574911,0.0,0.44023547,1.0121512
7980,84.0692,0.0,72.91329,6.3286877,0.0005878713,0.0,0.44334006,1.0121487
7981,67.70208,0.0,79.18572,6.328699,0.0005362338,0.0,0.41610953,1.0121465
7982,78.619484,0.0,88.987366,6.3287086,0.0006655338,0.0,0.45366892,1.0121442
7983,74.25904,0.0,86.62858,6.328721,0.00095297024,0.0,0.45048723,1.0121418
7984,96.54836,0.0,84.215996,6.3287272,0.00073791784,0.0,0.438756,1.0121393
7985,89.7846,0.0,83.94971,6.328738,0.00088234013,0.0,0.4222966,1.012137
7986,63.78864,0.0,92.46213,6.3287444,0.00081624294,0.0,0.42528677,1.0121346
7987,80.32791,0.0,88.55809,6.3287525,0.00070332823,0.0,0.39862797,1.0121322
7988,87.68123,0.0,78.052795,6.3287544,0.0006146217,0.0,0.40914354,1.0121293
7989,104.49419,0.0,91.1687,6.328756,0.0006766701,0.0,0.4151716,1.0121266
7990,78.40802,0.0,93.82673,6.328756,0.0008739594,0.0,0.5165641,1.012124
7991,53.567352,0.0,72.45544,6.328754,0.00070783915,0.0,0.49628067,1.0121387
7992,66.30861,0.0,73.08795,6.328754,0.00071022694,0.0,0.438991,1.0121516
7993,88.17409,0.0,82.24285,6.328756,0.0006655995,0.0,0.40810892,1.012163
7994,64.66036,0.0,89.84533,6.3287597,0.00069272256,0.0,0.4500471,1.012165
7995,93.53773,0.0,90.31338,6.328767,0.00074731605,0.0,0.44663438,1.0121671
7996,54.911247,0.0,84.77394,6.3287764,0.0005715179,0.0,0.44344687,1.012168
7997,82.600525,0.0,114.71792,6.328786,0.00046562598,0.0,0.43763775,1.0121686
7998,71.47854,0.0,101.330055,6.328799,0.0005565722,0.0,0.4072344,1.0121694
7999,82.69147,0.0,66.30734,6.32881,0.0006204221,0.0,0.421129,1.0121696
8000,75.35539,0.0,76.62868,6.32882,0.0006174528,0.0,0.41203606,1.0121696
8001,59.052032,0.0,79.31076,6.3288245,0.0006798585,0.0,0.42378578,1.0121694
8002,85.614044,0.0,89.10771,6.32882,0.0008451195,0.0,0.4327588,1.012169
8003,89.7877,0.0,71.99225,6.328817,0.0005542687,0.0,0.43046504,1.0121684
8004,77.84052,0.0,89.2027,6.328817,0.0007623,0.0,0.44347543,1.0121676
8005,68.75814,0.0,75.46346,6.328821,0.00083537854,0.0,0.44882393,1.0121666
8006,59.899876,0.0,96.73485,6.328823,0.00074169616,0.0,0.4341011,1.0121655
8007,62.572853,0.0,68.66676,6.328825,0.0005668531,0.0,0.40293452,1.0121645
8008,63.081314,0.0,87.35737,6.3288236,0.0008947714,0.0,0.445275,1.0121633
8009,75.62865,0.0,90.005104,6.328829,0.00049326406,0.0,0.438449,1.0121621
8010,91.53613,0.0,88.75379,6.328839,0.00066694326,0.0,0.47704872,1.0121605
8011,88.125755,0.0,85.20208,6.32885,0.00052971666,0.0,0.45252705,1.0121592
8012,76.13942,0.0,98.02667,6.32886,0.0007408277,0.0,0.42965183,1.0121566
8013,87.89824,0.0,95.73717,6.328871,0.0010933883,0.0,0.43937135,1.0121542
8014,65.531296,0.0,98.11847,6.3288817,0.0007999397,0.0,0.45260698,1.0121517
8015,66.46648,0.0,86.633606,6.328896,0.0009804638,0.0,0.40364408,1.01215
8016,58.178596,0.0,89.71154,6.328914,0.0006660534,0.0,0.46054405,1.0121484
8017,48.19054,0.0,92.631645,6.3289347,0.0007401024,0.0,0.41062936,1.0121475
8018,78.06077,0.0,82.354904,6.3289633,0.00086039817,0.0,0.4617843,1.0121415
8019,74.88394,0.0,91.814095,6.328994,0.0005927972,0.0,0.45355543,1.0121355
8020,71.0895,0.0,83.89593,6.3290186,0.00055177533,0.0,0.4733337,1.0121391
8021,67.75411,0.0,77.074646,6.329043,0.0007136392,0.0,0.44292936,1.0121423
8022,67.34806,0.0,90.06296,6.3290634,0.0005188637,0.0,0.4609239,1.012146
8023,76.316376,0.0,77.7798,6.3290854,0.00055903895,0.0,0.45480013,1.0121491
8024,51.867546,0.0,95.792206,6.3291087,0.0005106955,0.0,0.4417077,1.012152
8025,70.16631,0.0,78.25601,6.329126,0.0006641394,0.0,0.43525645,1.0121541
8026,104.86901,0.0,73.58066,6.329147,0.0006384821,0.0,0.44575748,1.0121564
8027,76.805244,0.0,87.23351,6.329164,0.00042974425,0.0,0.45413494,1.012158
8028,80.82514,0.0,64.34354,6.32918,0.00047949888,0.0,0.4255004,1.0121591
8029,63.299187,0.0,82.65103,6.3291965,0.00068710314,0.0,0.42885002,1.0121557
8030,69.89264,0.0,89.924995,6.3292117,0.0006807688,0.0,0.42759344,1.012152
8031,122.61776,0.0,85.98545,6.3292203,0.0006200342,0.0,0.43411618,1.0121481
8032,61.483864,0.0,112.88145,6.329228,0.0009958219,0.0,0.44341087,1.0121443
8033,80.027916,0.0,93.38406,6.3292346,0.0007688184,0.0,0.44342566,1.012141
8034,87.3787,0.0,92.904755,6.3292356,0.0005104976,0.0,0.43856582,1.0121369
8035,85.94599,0.0,104.59272,6.3292418,0.0005310952,0.0,0.4184777,1.012133
8036,108.53821,0.0,79.38702,6.3292475,0.00077619404,0.0,0.44580388,1.0121292
8037,67.67413,0.0,103.1528,6.3292546,0.0005330205,0.0,0.40110463,1.0121254
8038,60.713078,0.0,90.821335,6.329258,0.00066099426,0.0,0.41891724,1.0121223
8039,81.904755,0.0,91.638985,6.3292613,0.0005616929,0.0,0.4394707,1.0121187
8040,79.663956,0.0,81.97163,6.3292675,0.00040669856,0.0,0.4502982,1.0121152
8041,67.426216,0.0,97.350334,6.329277,0.000511242,0.0,0.43911368,1.0121117
8042,77.004036,0.0,75.72297,6.329282,0.00071293034,0.0,0.43614107,1.0121083
8043,60.679478,0.0,101.00762,6.3292894,0.0007597845,0.0,0.468215,1.012105
8044,66.60295,0.0,91.751335,6.3292975,0.00043620705,0.0,0.45125365,1.012102
8045,75.67602,0.0,89.63038,6.3293066,0.0006198145,0.0,0.43828914,1.0120958
8046,63.62233,0.0,97.940575,6.329317,0.00059413497,0.0,0.4286294,1.0120901
8047,78.10928,0.0,80.85733,6.3293285,0.00083837047,0.0,0.42891097,1.0120825
8048,69.48794,0.0,100.995804,6.3293414,0.00072639034,0.0,0.4240372,1.0120755
8049,99.6602,0.0,94.80456,6.3293486,0.00078165316,0.0,0.44951424,1.012069
8050,60.94669,0.0,97.668655,6.3293567,0.0006675081,0.0,0.42538294,1.0120635
8051,67.629364,0.0,82.13108,6.3293653,0.0007589885,0.0,0.4335668,1.0120603
8052,83.138626,0.0,68.98305,6.3293705,0.00048675187,0.0,0.4418497,1.0120575
8053,66.11644,0.0,78.192314,6.329369,0.0006346746,0.0,0.43108726,1.0120549
8054,72.18963,0.0,93.879456,6.3293676,0.0006189985,0.0,0.44399914,1.0120543
8055,69.37506,0.0,90.46406,6.329365,0.0005623868,0.0,0.46045077,1.0120537
8056,64.06507,0.0,72.88886,6.329365,0.00046246996,0.0,0.41503105,1.0120529
8057,100.10148,0.0,103.84803,6.3293567,0.00060879206,0.0,0.42800018,1.012052
8058,75.25968,0.0,81.931786,6.329351,0.00068599684,0.0,0.4318889,1.0120509
8059,57.33304,0.0,102.11742,6.329346,0.0004981844,0.0,0.4221458,1.0120494
8060,92.82482,0.0,82.39439,6.329346,0.00073990796,0.0,0.43160844,1.012048
8061,75.70031,0.0,80.67793,6.3293447,0.00057715946,0.0,0.42466244,1.0120467
8062,56.16525,0.0,92.54759,6.3293433,0.0006267479,0.0,0.43646306,1.0120453
8063,80.4912,0.0,75.872604,6.3293376,0.00057544967,0.0,0.42539358,1.0120363
8064,58.407063,0.0,90.218666,6.3293395,0.0005236183,0.0,0.42429972,1.012028
8065,95.64001,0.0,81.22682,6.3293395,0.00049083354,0.0,0.4693106,1.0120206
8066,71.15223,0.0,88.326805,6.329345,0.00067556574,0.0,0.4204994,1.0120134
8067,74.07451,0.0,65.28679,6.329353,0.00066846143,0.0,0.42258108,1.0120068
8068,66.60969,0.0,88.117386,6.3293657,0.00052055105,0.0,0.43973792,1.0120007
8069,77.54133,0.0,101.11456,6.329379,0.0004537913,0.0,0.4216807,1.0119915
8070,69.60078,0.0,91.81398,6.3293943,0.0006268257,0.0,0.4100775,1.0119829
8071,85.95861,0.0,93.83014,6.3294106,0.0005519,0.0,0.4420249,1.0119752
8072,80.105644,0.0,88.34131,6.329427,0.00073945126,0.0,0.42795765,1.0119679
8073,76.54132,0.0,74.41981,6.3294497,0.0006750816,0.0,0.4672591,1.0119611
8074,80.145836,0.0,90.901985,6.3294725,0.00075434305,0.0,0.41818148,1.0119545
8075,88.06997,0.0,98.46944,6.3294973,0.0006391059,0.0,0.41379678,1.0119486
8076,66.45393,0.0,77.27075,6.329518,0.00058060396,0.0,0.43207607,1.0119429
8077,70.746315,0.0,115.2744,6.329539,0.00080649136,0.0,0.46307644,1.0119374
8078,59.01129,0.0,95.15431,6.3295565,0.00059084187,0.0,0.43025327,1.0119324
8079,80.344536,0.0,73.22829,6.3295727,0.00057555165,0.0,0.4592703,1.0119275
8080,50.509064,0.0,85.46484,6.3295846,0.0008282986,0.0,0.42943937,1.0119228
8081,86.71118,0.0,81.99804,6.3295913,0.0006688803,0.0,0.4472468,1.0119184
8082,68.99342,0.0,93.103195,6.329598,0.00049586117,0.0,0.42205405,1.0119141
8083,75.48432,0.0,88.07041,6.3296003,0.00052088953,0.0,0.45069203,1.01191
8084,74.03218,0.0,85.81792,6.3295965,0.0005980718,0.0,0.45443878,1.0119061
8085,67.566696,0.0,88.59157,6.329591,0.0007916009,0.0,0.44872254,1.0119057
8086,73.23994,0.0,104.55509,6.329588,0.0011253823,0.0,0.45465028,1.0119048
8087,93.21045,0.0,81.80993,6.329583,0.0008364857,0.0,0.43371886,1.0119038
8088,82.11134,0.0,70.02914,6.3295817,0.00086735486,0.0,0.41805273,1.0119027
8089,46.58355,0.0,80.63971,6.3295803,0.0007889291,0.0,0.44823202,1.0119015
8090,79.423965,0.0,78.512695,6.3295813,0.00060892105,0.0,0.4705109,1.0119001
8091,77.80856,0.0,97.037704,6.329578,0.00067732297,0.0,0.43867588,1.0118985
8092,65.55061,0.0,93.78156,6.329575,0.00060110324,0.0,0.4048965,1.011897
8093,65.348305,0.0,88.5973,6.3295684,0.0006613689,0.0,0.45427346,1.0118952
8094,80.93901,0.0,78.995575,6.329563,0.00052598136,0.0,0.44931957,1.0118933
8095,68.35286,0.0,67.765015,6.3295574,0.0010140869,0.0,0.44795153,1.0118909
8096,65.77609,0.0,79.04201,6.3295565,0.0006055322,0.0,0.44692215,1.0118887
8097,73.40931,0.0,88.04787,6.3295608,0.00059965905,0.0,0.44509077,1.0118862
8098,74.907326,0.0,103.05305,6.3295674,0.0005119641,0.0,0.39671,1.0118848
8099,56.349567,0.0,89.220314,6.329574,0.0007878923,0.0,0.41665602,1.0118833
8100,60.32335,0.0,91.92928,6.3295774,0.0007199523,0.0,0.4522016,1.0118814
8101,61.708576,0.0,69.736176,6.329578,0.0005564645,0.0,0.47784507,1.0118797
8102,75.247955,0.0,76.80887,6.3295765,0.0007430454,0.0,0.41117382,1.011874
8103,80.91998,0.0,77.635544,6.329576,0.00089566165,0.0,0.45664915,1.011869
8104,65.30423,0.0,99.23003,6.3295817,0.0008408185,0.0,0.40489316,1.011864
8105,83.149315,0.0,98.013756,6.3295937,0.00074106286,0.0,0.44907707,1.0118597
8106,96.961655,0.0,88.79419,6.329605,0.00072900014,0.0,0.42322725,1.0118518
8107,58.06526,0.0,76.82607,6.3296204,0.001005205,0.0,0.42839694,1.01185
8108,67.85817,0.0,93.56748,6.329634,0.00077964726,0.0,0.42791328,1.011848
8109,83.837685,0.0,79.99836,6.3296533,0.0007367641,0.0,0.43920025,1.0118463
8110,68.90885,0.0,87.14657,6.3296685,0.0005031043,0.0,0.4284398,1.011845
8111,63.603733,0.0,91.93517,6.3296795,0.00057026744,0.0,0.42655337,1.0118394
8112,69.70518,0.0,95.46268,6.329691,0.00063781603,0.0,0.43382606,1.0118341
8113,56.606007,0.0,91.07804,6.329703,0.0004217205,0.0,0.4077139,1.0118294
8114,69.78624,0.0,85.730156,6.329714,0.0007243188,0.0,0.4162342,1.0118247
8115,75.895294,0.0,86.11232,6.329725,0.0004988585,0.0,0.4481473,1.0118206
8116,57.43086,0.0,89.51022,6.3297353,0.0006845463,0.0,0.43945235,1.0118164
8117,87.19033,0.0,85.84838,6.329746,0.00094052346,0.0,0.43379387,1.0118123
8118,78.33924,0.0,69.665535,6.3297534,0.00057286175,0.0,0.40454185,1.0118086
8119,96.575714,0.0,91.08879,6.3297625,0.0005189581,0.0,0.4416431,1.0118049
8120,85.773926,0.0,131.44124,6.3297687,0.0007697064,0.0,0.4433392,1.0118012
8121,59.51743,0.0,99.82795,6.329771,0.00066287594,0.0,0.48461947,1.0117964
8122,69.20283,0.0,83.5151,6.329777,0.0009881763,0.0,0.44859034,1.0117918
8123,105.13037,0.0,81.05579,6.3297772,0.00070214545,0.0,0.4585124,1.0117873
8124,59.55675,0.0,70.720634,6.3297777,0.00063454395,0.0,0.41740596,1.0117831
8125,71.871895,0.0,77.09855,6.3297777,0.00069361774,0.0,0.37865037,1.0117792
8126,86.34929,0.0,88.33332,6.32978,0.0005110166,0.0,0.4249279,1.0117754
8127,78.05402,0.0,79.73164,6.3297815,0.00053701,0.0,0.41210493,1.0117716
8128,74.043076,0.0,71.21797,6.329784,0.0006815883,0.0,0.45156235,1.011768
8129,102.49873,0.0,120.68094,6.3297873,0.0006280687,0.0,0.4687384,1.0117645
8130,45.553524,0.0,71.03605,6.3297896,0.0008798083,0.0,0.39992794,1.0117601
8131,61.79278,0.0,72.62401,6.3297906,0.0004974205,0.0,0.43054926,1.0117557
8132,70.94478,0.0,78.48546,6.329797,0.0007917843,0.0,0.46243915,1.0117514
8133,55.030727,0.0,88.77012,6.3297997,0.0006284843,0.0,0.390146,1.0117471
8134,81.36866,0.0,83.78971,6.3298078,0.00060912356,0.0,0.38549525,1.0117431
8135,64.26645,0.0,100.9308,6.3298187,0.00050980086,0.0,0.44908267,1.0117391
8136,94.72831,0.0,79.5926,6.3298273,0.00067972427,0.0,0.45004138,1.0117356
8137,74.13411,0.0,86.81981,6.329834,0.0005516333,0.0,0.41541338,1.0117319
8138,111.609764,0.0,75.35264,6.3298454,0.0006523918,0.0,0.46197638,1.0117283
8139,69.28495,0.0,85.10145,6.3298564,0.00054574886,0.0,0.39910114,1.0117251
8140,102.0747,0.0,112.068344,6.3298707,0.0006125885,0.0,0.4654723,1.0117217
8141,64.23227,0.0,67.94751,6.3298807,0.0005485525,0.0,0.4207456,1.0117131
8142,65.937096,0.0,79.384224,6.329888,0.0006340504,0.0,0.4612928,1.0117056
8143,83.28065,0.0,96.796776,6.3298936,0.00063590903,0.0,0.45707035,1.0116982
8144,62.44336,0.0,86.576195,6.3299017,0.0006562506,0.0,0.41736922,1.0116926
8145,79.90924,0.0,85.7939,6.3299117,0.00057622546,0.0,0.44589192,1.011687
8146,82.531395,0.0,73.81476,6.32992,0.00055003254,0.0,0.45080352,1.011682
8147,95.41297,0.0,93.562874,6.329929,0.0007333433,0.0,0.422088,1.0116774
8148,78.30634,0.0,97.30814,6.3299403,0.00069999974,0.0,0.43717107,1.0116727
8149,59.222378,0.0,93.00659,6.3299513,0.0005236485,0.0,0.39580607,1.0116684
8150,88.8129,0.0,70.315254,6.329963,0.0005391766,0.0,0.41718596,1.0116644
8151,66.913956,0.0,94.457985,6.329976,0.0005075425,0.0,0.4419857,1.0116602
8152,65.126945,0.0,68.50812,6.3299913,0.0006734519,0.0,0.44157696,1.0116563
8153,66.53213,0.0,75.76818,6.3300085,0.00047331065,0.0,0.41963935,1.0116528
8154,67.44336,0.0,91.08336,6.3300233,0.0007833418,0.0,0.41797274,1.011648
8155,73.0567,0.0,92.46289,6.330035,0.0006151529,0.0,0.46385404,1.0116458
8156,63.96757,0.0,81.30678,6.3300457,0.0005923122,0.0,0.43501663,1.0116435
8157,62.648655,0.0,88.15427,6.3300557,0.0007193616,0.0,0.4319751,1.0116409
8158,88.7679,0.0,96.55915,6.330066,0.0011058289,0.0,0.47286594,1.0116384
8159,58.301018,0.0,83.98475,6.3300824,0.00087781716,0.0,0.4482909,1.011636
8160,80.21239,0.0,79.82639,6.3300986,0.00056413596,0.0,0.45376104,1.0116432
8161,63.063778,0.0,69.46684,6.330115,0.000654136,0.0,0.42109728,1.0116594
8162,84.16784,0.0,83.94455,6.3301296,0.00073200575,0.0,0.45427603,1.0116742
8163,64.844315,0.0,85.024345,6.330142,0.0010555877,0.0,0.41387862,1.0116909
8164,57.63409,0.0,81.26314,6.3301535,0.00066605274,0.0,0.43769428,1.0117061
8165,63.657444,0.0,78.23241,6.3301635,0.0005505006,0.0,0.42524332,1.01172
8166,68.51337,0.0,81.53272,6.3301706,0.00064247113,0.0,0.45001775,1.011732
8167,55.72696,0.0,97.80224,6.330173,0.0007065108,0.0,0.4317143,1.011743
8168,72.31055,0.0,85.48312,6.3301764,0.0005533342,0.0,0.44252336,1.0117526
8169,75.176125,0.0,82.96257,6.3301787,0.0005228917,0.0,0.47812685,1.0117612
8170,57.701065,0.0,89.47418,6.3301845,0.00048658036,0.0,0.4507365,1.0117686
8171,73.81421,0.0,94.46206,6.3301888,0.0007844737,0.0,0.42852983,1.011775
8172,72.94336,0.0,66.17267,6.3301916,0.0005103512,0.0,0.44399747,1.0117849
8173,74.84734,0.0,91.972786,6.3301964,0.00067658117,0.0,0.45026731,1.0117936
8174,76.420616,0.0,99.5599,6.330201,0.0005680918,0.0,0.45477694,1.0118015
8175,71.73865,0.0,97.922585,6.3302035,0.00069429027,0.0,0.43463713,1.0118084
8176,64.99406,0.0,75.16992,6.3302116,0.00082112197,0.0,0.4404146,1.0118144
8177,76.998535,0.0,95.80415,6.3302197,0.0006180424,0.0,0.38240457,1.0118196
8178,67.32881,0.0,82.762886,6.330228,0.0006573784,0.0,0.43936738,1.0118239
8179,73.15558,0.0,81.06942,6.3302407,0.00049720745,0.0,0.4293167,1.011828
8180,105.82073,0.0,93.264725,6.330252,0.0004682787,0.0,0.44811663,1.0118308
8181,56.449654,0.0,92.77878,6.330262,0.0004652585,0.0,0.39879584,1.0118246
8182,60.64553,0.0,97.448296,6.330273,0.0005041725,0.0,0.44850752,1.0118189
8183,70.78463,0.0,80.26601,6.3302855,0.0005545995,0.0,0.4484465,1.0118138
8184,71.09831,0.0,75.83049,6.330298,0.00055755174,0.0,0.45685703,1.011809
8185,55.55368,0.0,84.39331,6.3303065,0.00055853155,0.0,0.42973465,1.0118058
8186,89.945244,0.0,86.26154,6.3303175,0.00063432124,0.0,0.4507831,1.0118027
8187,64.684166,0.0,64.99287,6.33033,0.0005326932,0.0,0.4221521,1.0117997
8188,69.292244,0.0,77.28912,6.3303375,0.00051030936,0.0,0.43962213,1.011797
8189,62.41884,0.0,84.094154,6.330344,0.0005481269,0.0,0.42753524,1.011794
8190,71.91683,0.0,78.0882,6.3303504,0.0006999976,0.0,0.4262324,1.0117911
8191,90.39958,0.0,100.1542,6.330355,0.0004724698,0.0,0.40292406,1.0117861
8192,63.080036,0.0,102.04907,6.33036,0.00049951655,0.0,0.42271385,1.0117813
8193,78.804886,0.0,73.77892,6.3303657,0.00046283563,0.0,0.4445868,1.0117769
8194,57.150898,0.0,64.97773,6.330372,0.00061413855,0.0,0.40814862,1.0117726
8195,76.119774,0.0,79.505486,6.3303757,0.00076329696,0.0,0.43335244,1.0117686
8196,62.157642,0.0,101.169044,6.3303733,0.00053691433,0.0,0.44720978,1.0117688
8197,67.26836,0.0,106.26933,6.3303757,0.0006463649,0.0,0.4446897,1.0117702
8198,97.179825,0.0,96.156784,6.330381,0.00090922636,0.0,0.41452926,1.0117714
8199,79.762535,0.0,80.54672,6.33038,0.0005106181,0.0,0.4722639,1.0117697
8200,62.3249,0.0,96.73386,6.330377,0.00062189536,0.0,0.42980534,1.0117679
8201,76.91106,0.0,82.87007,6.330372,0.00053204194,0.0,0.44160646,1.011766
8202,95.985435,0.0,103.76822,6.330373,0.0007293321,0.0,0.43302974,1.011764
8203,67.6928,0.0,103.557945,6.3303714,0.0007672288,0.0,0.43999547,1.0117618
8204,87.598434,0.0,76.195816,6.330372,0.00061983423,0.0,0.43791974,1.0117599
8205,90.32116,0.0,104.87286,6.3303666,0.00057865784,0.0,0.4210604,1.0117577
8206,66.588524,0.0,107.501045,6.3303614,0.000993974,0.0,0.44698966,1.0117556
8207,97.16672,0.0,81.1277,6.3303556,0.0005838438,0.0,0.48587316,1.0117534
8208,75.86176,0.0,111.125046,6.33035,0.00046906754,0.0,0.4248956,1.0117513
8209,87.039375,0.0,83.230156,6.3303494,0.00054986135,0.0,0.4262844,1.0117482
8210,67.72642,0.0,77.102165,6.330354,0.00074597,0.0,0.44232607,1.0117453
8211,70.545906,0.0,78.691505,6.3303614,0.0006316529,0.0,0.42650852,1.0117424
8212,64.12347,0.0,78.07873,6.33037,0.0008442662,0.0,0.43092936,1.0117393
8213,67.772835,0.0,86.01856,6.330377,0.00054575305,0.0,0.4374234,1.0117365
8214,79.07554,0.0,88.09441,6.3303795,0.0006328216,0.0,0.42573938,1.0117338
8215,85.32821,0.0,71.44788,6.330381,0.0008399886,0.0,0.44275612,1.0117328
8216,101.92834,0.0,87.42248,6.330385,0.0007592637,0.0,0.41212034,1.0117316
8217,81.307884,0.0,104.01689,6.3303857,0.00053157,0.0,0.4607349,1.0117292
8218,67.98629,0.0,72.72565,6.330392,0.0007328625,0.0,0.41704342,1.0117245
8219,63.809544,0.0,76.732925,6.330402,0.0007938141,0.0,0.4591219,1.011721
8220,95.17689,0.0,75.15385,6.3304176,0.00057011534,0.0,0.43576607,1.0117196
8221,79.935745,0.0,66.65604,6.3304324,0.00041005315,0.0,0.46940812,1.011718
8222,72.69229,0.0,104.70005,6.3304462,0.0006239469,0.0,0.43857515,1.0117167
8223,76.77816,0.0,96.8656,6.330458,0.00063920923,0.0,0.48602292,1.0117153
8224,83.86816,0.0,70.74381,6.3304663,0.00069624785,0.0,0.4531206,1.0117139
8225,71.05713,0.0,84.25385,6.3304777,0.00068196387,0.0,0.42840752,1.0117024
8226,74.34701,0.0,77.53727,6.3304896,0.00059568055,0.0,0.41997012,1.0116922
8227,63.097275,0.0,71.11414,6.3304996,0.0007970234,0.0,0.40971848,1.0116832
8228,71.01119,0.0,76.31323,6.3305073,0.00049827487,0.0,0.4265337,1.0116751
8229,74.06076,0.0,83.784065,6.3305197,0.0005489079,0.0,0.45224828,1.0116712
8230,87.841324,0.0,93.61474,6.3305335,0.00055339857,0.0,0.47204325,1.0116675
8231,88.79928,0.0,84.34641,6.3305454,0.00077847415,0.0,0.45057154,1.0116638
8232,85.690735,0.0,94.89559,6.3305597,0.0006935733,0.0,0.4585492,1.0116683
8233,64.788704,0.0,85.10539,6.3305683,0.00064096577,0.0,0.45571324,1.0116721
8234,76.3812,0.0,103.25658,6.3305783,0.0005585793,0.0,0.4627589,1.0116755
8235,102.54184,0.0,97.62946,6.3305874,0.000588811,0.0,0.40882885,1.0116781
8236,61.557877,0.0,89.927956,6.330595,0.0005541367,0.0,0.40712175,1.0116804
8237,68.41821,0.0,104.37962,6.3306036,0.00048642428,0.0,0.42186683,1.0116822
8238,74.8796,0.0,80.35014,6.330609,0.00063310214,0.0,0.40479895,1.0116837
8239,65.95987,0.0,102.58431,6.3306127,0.00072535546,0.0,0.42880568,1.0116847
8240,77.99204,0.0,97.33635,6.330621,0.0007904386,0.0,0.48073906,1.0116853
8241,68.94504,0.0,71.56941,6.330622,0.000550304,0.0,0.42594463,1.0116854
8242,76.71449,0.0,88.54355,6.3306246,0.0007126316,0.0,0.43161902,1.0116855
8243,73.1036,0.0,75.08416,6.3306236,0.0007701525,0.0,0.45208162,1.0116851
8244,79.338005,0.0,73.88201,6.330623,0.00052238617,0.0,0.4522203,1.0116847
8245,73.58378,0.0,95.984566,6.330618,0.0005672454,0.0,0.4380382,1.0116838
8246,87.1841,0.0,84.00701,6.330615,0.0005373509,0.0,0.4555868,1.0116831
8247,78.041664,0.0,77.586586,6.3306127,0.00079646846,0.0,0.42963308,1.0116822
8248,80.62128,0.0,108.5737,6.33061,0.00082252396,0.0,0.42181003,1.0116795
8249,72.576546,0.0,95.96817,6.3306074,0.0006256199,0.0,0.46526608,1.0116762
8250,114.11988,0.0,102.82099,6.3306084,0.00065435586,0.0,0.40472087,1.0116715
8251,67.13947,0.0,84.4561,6.3306103,0.00077130797,0.0,0.422853,1.0116673
8252,66.82425,0.0,69.99089,6.3306146,0.00043245344,0.0,0.4156153,1.0116622
8253,65.502144,0.0,60.067673,6.330617,0.00068886473,0.0,0.44206703,1.0116577
8254,72.68825,0.0,84.13158,6.3306265,0.00060341426,0.0,0.4356037,1.0116533
8255,83.273125,0.0,88.35099,6.330635,0.00064448145,0.0,0.4461217,1.0116491
8256,57.269516,0.0,102.11469,6.3306484,0.0007515582,0.0,0.41939187,1.011645
8257,79.969925,0.0,82.22502,6.3306584,0.0006207176,0.0,0.42060298,1.011641
8258,58.042515,0.0,77.99329,6.3306684,0.0006538788,0.0,0.46970722,1.0116373
8259,69.45293,0.0,64.99905,6.3306804,0.0009120139,0.0,0.499122,1.0116336
8260,81.307785,0.0,76.60576,6.3306932,0.0005750354,0.0,0.418967,1.0116302
8261,76.59523,0.0,70.796074,6.3307023,0.00054998376,0.0,0.4297973,1.0116266
8262,68.87705,0.0,82.57373,6.3307114,0.0005457356,0.0,0.43471742,1.0116392
8263,72.11709,0.0,76.40637,6.3307185,0.0005350873,0.0,0.46522832,1.0116506
8264,58.381973,0.0,92.75239,6.330726,0.0007024195,0.0,0.41870654,1.0116606
8265,63.8129,0.0,102.97221,6.3307357,0.0006307968,0.0,0.44625634,1.0116714
8266,82.011986,0.0,71.42984,6.330746,0.00077853934,0.0,0.4533325,1.011681
8267,62.15782,0.0,92.863205,6.330758,0.0007030227,0.0,0.44258994,1.0116897
8268,58.122852,0.0,82.79031,6.330767,0.00045887422,0.0,0.43689442,1.0116972
8269,78.485016,0.0,100.8108,6.3307757,0.00060523255,0.0,0.438098,1.0117036
8270,73.508675,0.0,105.93591,6.330782,0.0005346581,0.0,0.42871818,1.0117166
8271,75.6744,0.0,98.61177,6.3307843,0.0009495644,0.0,0.42922902,1.0117278
8272,63.36211,0.0,80.93457,6.330786,0.0005513969,0.0,0.43340898,1.011738
8273,53.6699,0.0,94.197334,6.330789,0.0006812563,0.0,0.445364,1.0117468
8274,53.54578,0.0,87.783485,6.3307896,0.00062236725,0.0,0.44492382,1.0117544
8275,60.50214,0.0,90.23742,6.3307843,0.0008192928,0.0,0.44067535,1.0117612
8276,72.677986,0.0,74.24539,6.330781,0.000601069,0.0,0.39852056,1.011767
8277,92.02223,0.0,76.1983,6.3307757,0.0005925746,0.0,0.42098713,1.0117719
8278,75.46915,0.0,70.96489,6.330774,0.00078486156,0.0,0.456182,1.0117761
8279,72.40374,0.0,83.07843,6.3307757,0.00068445364,0.0,0.42712015,1.0117798
8280,58.61863,0.0,74.63506,6.3307796,0.0006976593,0.0,0.4465437,1.0117826
8281,80.27328,0.0,96.7393,6.3307905,0.0006643926,0.0,0.463029,1.0117848
8282,88.123405,0.0,93.57235,6.330802,0.0005491336,0.0,0.43190214,1.0117868
8283,59.300518,0.0,86.980286,6.3308105,0.0005352731,0.0,0.4231685,1.0117918
8284,73.72206,0.0,98.26294,6.330822,0.0006685901,0.0,0.41449684,1.0117961
8285,61.85679,0.0,94.435074,6.3308344,0.0006743681,0.0,0.40140814,1.0117997
8286,80.27529,0.0,67.44365,6.3308473,0.0008795333,0.0,0.42720374,1.0118026
8287,78.42532,0.0,95.18646,6.330858,0.00044732058,0.0,0.43361625,1.0118052
8288,94.10537,0.0,81.3583,6.3308682,0.00059429667,0.0,0.41111702,1.011807
8289,95.63274,0.0,83.031494,6.330876,0.000577908,0.0,0.44620723,1.0118083
8290,69.53652,0.0,77.21468,6.3308864,0.00050290837,0.0,0.40809268,1.0118092
8291,71.709236,0.0,78.065605,6.3309045,0.0005055358,0.0,0.45012373,1.0118097
8292,75.5674,0.0,76.353935,6.3309174,0.0006130787,0.0,0.4702239,1.0118098
8293,69.54808,0.0,74.327896,6.330929,0.0005867216,0.0,0.42613024,1.0118098
8294,74.45698,0.0,80.505226,6.3309393,0.0004657943,0.0,0.44891423,1.0118096
8295,59.57337,0.0,78.49845,6.3309484,0.00052552356,0.0,0.42516053,1.0118093
8296,73.42314,0.0,66.67851,6.330958,0.0005737109,0.0,0.4404289,1.0118086
8297,69.42889,0.0,88.86997,6.330969,0.00056642044,0.0,0.45596856,1.0118151
8298,66.42137,0.0,81.20457,6.3309827,0.0006621904,0.0,0.46634245,1.0118206
8299,88.35035,0.0,79.87638,6.330994,0.0005715156,0.0,0.45157743,1.0118256
8300,86.38119,0.0,68.45545,6.3310018,0.00040731573,0.0,0.45459503,1.0118296
8301,105.844795,0.0,67.72824,6.3310065,0.0006236828,0.0,0.45090184,1.011833
8302,74.330124,0.0,77.319176,6.331011,0.00046883966,0.0,0.43246028,1.0118358
8303,65.606895,0.0,74.67334,6.3310094,0.00051254535,0.0,0.44059142,1.0118381
8304,61.3666,0.0,95.6851,6.3310056,0.00053433067,0.0,0.4402597,1.0118399
8305,60.71799,0.0,84.228836,6.330997,0.00053481327,0.0,0.43184298,1.0118365
8306,56.083504,0.0,98.35063,6.330993,0.00069119845,0.0,0.43716344,1.0118322
8307,84.90423,0.0,86.4994,6.330989,0.0005948725,0.0,0.4242925,1.0118285
8308,86.90911,0.0,102.37902,6.330987,0.0004941678,0.0,0.46608514,1.011825
8309,73.86239,0.0,84.630196,6.3309875,0.0004760407,0.0,0.42376584,1.0118215
8310,64.511536,0.0,107.51763,6.3309903,0.00040144473,0.0,0.42756712,1.0118182
8311,80.33585,0.0,79.90205,6.3309927,0.00044770562,0.0,0.42871547,1.0118151
8312,84.01584,0.0,73.94998,6.330995,0.00054117886,0.0,0.45134306,1.011812
8313,78.51979,0.0,88.33693,6.3309994,0.0004862845,0.0,0.46810994,1.0118055
8314,72.79561,0.0,104.954414,6.331006,0.0005339299,0.0,0.42503297,1.0117997
8315,86.89674,0.0,78.068665,6.331012,0.0006796116,0.0,0.4449435,1.0117946
8316,62.507553,0.0,103.53478,6.3310175,0.00057998125,0.0,0.43693686,1.0117898
8317,76.64903,0.0,93.53367,6.331024,0.0006179576,0.0,0.45039183,1.0117856
8318,85.72674,0.0,85.34707,6.331031,0.00050425227,0.0,0.41134572,1.0117819
8319,86.659195,0.0,82.86598,6.331037,0.00094673334,0.0,0.43332213,1.0117784
8320,69.34404,0.0,85.50892,6.331041,0.000451466,0.0,0.44444606,1.011775
8321,70.83289,0.0,91.96027,6.3310466,0.0005400694,0.0,0.4218979,1.011777
8322,81.32769,0.0,91.249886,6.3310547,0.0007494037,0.0,0.4408779,1.0117785
8323,62.236767,0.0,80.30622,6.3310585,0.00064825814,0.0,0.43649095,1.0117798
8324,76.26476,0.0,82.902115,6.3310657,0.00078390574,0.0,0.4323835,1.0117807
8325,80.52203,0.0,88.02949,6.3310704,0.0006153971,0.0,0.44574815,1.0117813
8326,83.49106,0.0,83.0143,6.3310795,0.00072679593,0.0,0.4421084,1.0117826
8327,74.46908,0.0,89.8168,6.3310857,0.0004546623,0.0,0.4363347,1.0117837
8328,84.26624,0.0,92.211716,6.3310947,0.00068077445,0.0,0.44118533,1.0117849
8329,73.62677,0.0,80.08302,6.3311005,0.00072892214,0.0,0.43455338,1.0117934
8330,71.21407,0.0,82.59363,6.331108,0.00053538074,0.0,0.4198813,1.0118008
8331,68.509766,0.0,101.64659,6.331114,0.00045097753,0.0,0.41089916,1.0118072
8332,76.38278,0.0,87.79058,6.331123,0.0006863534,0.0,0.44434595,1.0118092
8333,75.81794,0.0,95.541916,6.3311296,0.00067534595,0.0,0.46551737,1.0118138
8334,67.5979,0.0,100.04344,6.331136,0.00077664264,0.0,0.42832583,1.011818
8335,76.52341,0.0,92.95679,6.331142,0.00078387675,0.0,0.44520414,1.0118215
8336,74.11974,0.0,76.15997,6.3311505,0.0006269923,0.0,0.41348195,1.0118213
8337,79.342476,0.0,85.63639,6.3311586,0.0006518594,0.0,0.45152426,1.0118212
8338,62.81,0.0,102.55246,6.3311653,0.0004345295,0.0,0.44956702,1.0118209
8339,89.761314,0.0,78.0138,6.331174,0.0005198512,0.0,0.41898736,1.0118204
8340,77.253044,0.0,82.189224,6.331186,0.0007123286,0.0,0.4668023,1.0118197
8341,71.67847,0.0,74.167015,6.3311987,0.00064473855,0.0,0.46187097,1.0118182
8342,72.96928,0.0,97.29145,6.331208,0.0006768151,0.0,0.4601493,1.0118169
8343,68.80981,0.0,109.582466,6.331213,0.0006079487,0.0,0.44560015,1.0118153
8344,73.57974,0.0,76.78401,6.3312216,0.00039891872,0.0,0.45530504,1.0118209
8345,74.46249,0.0,100.626465,6.331226,0.0005616771,0.0,0.4395634,1.0118258
8346,67.38142,0.0,80.92557,6.3312345,0.0010166191,0.0,0.43433303,1.0118375
8347,64.39208,0.0,98.653564,6.331239,0.00061906077,0.0,0.44431695,1.0118479
8348,60.34306,0.0,92.663246,6.3312435,0.00068719394,0.0,0.43525815,1.0118572
8349,86.90805,0.0,84.21512,6.3312497,0.0004271008,0.0,0.4073825,1.0118651
8350,64.74734,0.0,99.39573,6.3312573,0.0007624179,0.0,0.43605876,1.0118723
8351,81.201385,0.0,96.01574,6.3312707,0.00058395456,0.0,0.45394892,1.0118785
8352,76.14332,0.0,73.245895,6.331286,0.0007859627,0.0,0.45984906,1.0118839
8353,70.61065,0.0,83.03065,6.3313036,0.00062287255,0.0,0.3946044,1.0118884
8354,72.319984,0.0,73.14264,6.3313146,0.00079457765,0.0,0.42425546,1.0118922
8355,77.958,0.0,79.51759,6.3313284,0.00064243376,0.0,0.45390105,1.0118957
8356,88.93908,0.0,89.34391,6.331339,0.0007521758,0.0,0.47531217,1.0119032
8357,68.27958,0.0,79.12533,6.3313494,0.00076158496,0.0,0.47459215,1.0119102
8358,78.148796,0.0,87.061966,6.3313594,0.0004677442,0.0,0.4316829,1.0119163
8359,94.62855,0.0,76.254524,6.3313675,0.0007551072,0.0,0.41829085,1.0119216
8360,96.57082,0.0,107.02643,6.331375,0.0005756995,0.0,0.4302568,1.011925
8361,79.22523,0.0,78.95557,6.331379,0.00085848686,0.0,0.4861722,1.0119275
8362,86.88254,0.0,84.860886,6.3313804,0.00073613104,0.0,0.42964324,1.01193
8363,79.34265,0.0,82.12828,6.331386,0.0007772424,0.0,0.42240918,1.0119318
8364,73.35769,0.0,86.163864,6.331395,0.0008469507,0.0,0.44687712,1.0119332
8365,74.895,0.0,76.645386,6.331405,0.0005274969,0.0,0.43651733,1.0119343
8366,71.89058,0.0,77.17281,6.3314137,0.00061142707,0.0,0.47184348,1.011935
8367,86.89479,0.0,89.848434,6.33142,0.00064294523,0.0,0.43453297,1.0119352
8368,82.96907,0.0,93.47751,6.331425,0.00058747554,0.0,0.44934806,1.0119352
8369,76.301094,0.0,95.223755,6.3314285,0.0007863593,0.0,0.44946405,1.0119351
8370,57.708904,0.0,97.78591,6.3314285,0.0010114325,0.0,0.43109858,1.0119346
8371,83.31042,0.0,77.13995,6.331426,0.00078279426,0.0,0.4295591,1.011934
8372,65.68097,0.0,77.31104,6.3314304,0.0004622987,0.0,0.45808396,1.0119332
8373,68.276375,0.0,77.462105,6.3314395,0.000715112,0.0,0.4644717,1.0119325
8374,81.05038,0.0,81.260826,6.3314457,0.00062471814,0.0,0.4413081,1.0119312
8375,83.11201,0.0,92.20264,6.3314586,0.000775424,0.0,0.43649805,1.0119301
8376,110.02348,0.0,86.94813,6.331474,0.00065694645,0.0,0.46806607,1.0119286
8377,69.20218,0.0,93.85,6.3314867,0.0005123349,0.0,0.45338792,1.0119271
8378,78.66328,0.0,100.03027,6.331501,0.0008505492,0.0,0.45715162,1.0119253
8379,77.999596,0.0,96.51613,6.331518,0.0006799473,0.0,0.41621763,1.0119237
8380,64.78188,0.0,68.86105,6.331536,0.000569306,0.0,0.44242257,1.0119216
8381,91.77875,0.0,86.6364,6.331553,0.00069385505,0.0,0.44096613,1.0119201
8382,58.772038,0.0,72.888756,6.331569,0.00045828737,0.0,0.4196163,1.011918
8383,75.547745,0.0,101.8519,6.3315806,0.0007839155,0.0,0.448948,1.011916
8384,64.23641,0.0,79.940704,6.3316007,0.0004971721,0.0,0.42154235,1.0119144
8385,71.45112,0.0,86.0723,6.3316216,0.0007252439,0.0,0.4664895,1.0119125
8386,85.88102,0.0,67.3026,6.3316417,0.00053104816,0.0,0.42574567,1.0119106
8387,72.34818,0.0,93.36024,6.331662,0.0006988067,0.0,0.41289616,1.0119087
8388,91.50077,0.0,91.45805,6.3316765,0.0006803626,0.0,0.44379634,1.0119064
8389,79.57985,0.0,77.33351,6.3316946,0.00057617744,0.0,0.40567514,1.0119046
8390,68.15532,0.0,97.28011,6.3317094,0.00065866986,0.0,0.42670166,1.0119025
8391,82.87368,0.0,85.23472,6.3317165,0.00064794545,0.0,0.49022338,1.0119003
8392,79.686424,0.0,84.91047,6.3317227,0.0007223077,0.0,0.43313843,1.011898
8393,95.65058,0.0,87.7337,6.3317266,0.0005976,0.0,0.44865334,1.0118946
8394,88.231705,0.0,103.423485,6.3317323,0.0009010453,0.0,0.44281054,1.0118897
8395,88.40097,0.0,91.08957,6.331737,0.00068041263,0.0,0.42330718,1.0118852
8396,75.07698,0.0,69.87012,6.331742,0.000423143,0.0,0.426943,1.0118806
8397,69.85023,0.0,95.96063,6.3317485,0.0006375866,0.0,0.44570917,1.0118767
8398,83.153656,0.0,95.62169,6.3317547,0.0006178346,0.0,0.41279167,1.0118728
8399,64.0615,0.0,92.89874,6.3317575,0.0009635989,0.0,0.42432424,1.0118691
8400,72.69103,0.0,87.1847,6.331758,0.00049001974,0.0,0.43103552,1.0118654
8401,82.32259,0.0,94.49775,6.3317575,0.00064958923,0.0,0.42467067,1.011862
8402,54.84122,0.0,76.70772,6.331758,0.0005827861,0.0,0.42716837,1.0118586
8403,106.14166,0.0,86.71609,6.331761,0.0007735542,0.0,0.42513102,1.0118561
8404,60.603596,0.0,93.378365,6.331768,0.0006239588,0.0,0.43259558,1.0118536
8405,65.42836,0.0,80.94601,6.3317723,0.00079652073,0.0,0.4308015,1.0118511
8406,61.73181,0.0,86.57602,6.3317766,0.0005845075,0.0,0.46235523,1.0118487
8407,79.818695,0.0,78.02454,6.331777,0.000842061,0.0,0.421301,1.0118462
8408,70.10118,0.0,66.8133,6.331777,0.0004682507,0.0,0.45815462,1.0118437
8409,93.68267,0.0,94.448654,6.3317766,0.0008394206,0.0,0.43339372,1.0118403
8410,72.51795,0.0,75.07788,6.331779,0.0006069878,0.0,0.45285767,1.011837
8411,92.39006,0.0,87.34002,6.331783,0.00067598047,0.0,0.4605672,1.0118338
8412,75.075035,0.0,79.144806,6.3317895,0.0005071294,0.0,0.44993156,1.0118308
8413,62.600666,0.0,88.44304,6.3317976,0.0006201753,0.0,0.41171154,1.0118277
8414,80.05241,0.0,100.53017,6.331807,0.00073594216,0.0,0.42385802,1.0118251
8415,80.926704,0.0,84.67587,6.331815,0.0007563007,0.0,0.41960174,1.0118223
8416,84.0785,0.0,106.639015,6.3318233,0.00058100326,0.0,0.45643085,1.0118197
8417,64.661224,0.0,89.00045,6.331835,0.00047276408,0.0,0.45213604,1.0118172
8418,69.28927,0.0,109.06228,6.33185,0.00063355186,0.0,0.41523895,1.0118145
8419,78.36851,0.0,83.02637,6.3318567,0.0007789087,0.0,0.4670056,1.011812
8420,66.236084,0.0,85.95965,6.3318677,0.0004683358,0.0,0.4402772,1.0118093
8421,99.41178,0.0,83.031364,6.3318806,0.0006912332,0.0,0.45682734,1.0118107
8422,98.90589,0.0,100.11945,6.3318944,0.00050647074,0.0,0.47178334,1.0118114
8423,64.49081,0.0,79.631035,6.3319077,0.00076754345,0.0,0.42197984,1.0118119
8424,75.55059,0.0,94.22639,6.331927,0.00061428355,0.0,0.427814,1.0118122
8425,59.9788,0.0,109.824005,6.331946,0.00087000104,0.0,0.4391899,1.0118123
8426,67.07327,0.0,74.96925,6.3319626,0.0005480027,0.0,0.39868885,1.0118119
8427,56.144337,0.0,85.36229,6.3319836,0.00091254106,0.0,0.4419732,1.0118113
8428,68.36274,0.0,92.85291,6.33201,0.0009701769,0.0,0.4053846,1.0118107
8429,71.3397,0.0,91.546,6.332038,0.0005967987,0.0,0.42725548,1.0118097
8430,68.127655,0.0,95.721794,6.332063,0.00060303183,0.0,0.38708076,1.0118086
8431,101.14387,0.0,83.58558,6.3320856,0.00039386319,0.0,0.46282673,1.0118074
8432,85.87145,0.0,80.45836,6.3321066,0.0008448254,0.0,0.4158144,1.0118059
8433,62.608185,0.0,119.1362,6.332126,0.00083189714,0.0,0.48055443,1.0118043
8434,67.4704,0.0,97.09717,6.332139,0.0006288644,0.0,0.45275027,1.0118026
8435,93.683174,0.0,81.646614,6.332153,0.000555199,0.0,0.4495698,1.011801
8436,62.145336,0.0,69.102776,6.3321643,0.0010147275,0.0,0.46494305,1.0117991
8437,67.79322,0.0,98.32961,6.3321753,0.00072188803,0.0,0.46570373,1.0117971
8438,75.199745,0.0,76.86203,6.332184,0.00062174787,0.0,0.44732782,1.0117953
8439,80.42744,0.0,87.02642,6.332189,0.00067029026,0.0,0.42903662,1.0117931
8440,76.50593,0.0,84.253365,6.3321953,0.00059400307,0.0,0.44429588,1.0117911
8441,87.12132,0.0,78.58302,6.3321996,0.0005346548,0.0,0.41263556,1.011789
8442,68.03465,0.0,85.225,6.3321958,0.0005385225,0.0,0.4246617,1.0117868
8443,78.92278,0.0,87.369644,6.3321953,0.00078396546,0.0,0.41351008,1.0118041
8444,59.91809,0.0,75.59217,6.3322024,0.00066459336,0.0,0.42928824,1.0118197
8445,90.332565,0.0,96.18511,6.332208,0.0006304736,0.0,0.447972,1.0118338
8446,74.3535,0.0,109.04598,6.33222,0.0005220612,0.0,0.4328825,1.0118464
8447,78.53431,0.0,97.655174,6.332227,0.00075347396,0.0,0.44037944,1.0118577
8448,73.59151,0.0,89.56893,6.33224,0.00045780407,0.0,0.46392554,1.0118676
8449,65.71766,0.0,94.374756,6.3322573,0.00064710446,0.0,0.43751526,1.0118762
8450,78.55887,0.0,113.51465,6.332271,0.00055421214,0.0,0.4573228,1.0118867
8451,74.32585,0.0,74.737816,6.3322773,0.00060443534,0.0,0.45043087,1.011896
8452,75.26704,0.0,95.62233,6.3322845,0.0005333846,0.0,0.42441055,1.0119041
8453,63.93829,0.0,80.85055,6.332296,0.00072523626,0.0,0.4115536,1.0119116
8454,66.069336,0.0,70.3375,6.332309,0.0011240407,0.0,0.43639243,1.0119171
8455,64.6862,0.0,58.529396,6.3323183,0.00089349615,0.0,0.470438,1.0119219
8456,67.00246,0.0,74.36898,6.332334,0.0008040926,0.0,0.41393572,1.0119259
8457,74.016365,0.0,99.59819,6.3323483,0.0005434742,0.0,0.4319552,1.0119296
8458,74.07089,0.0,89.74698,6.3323555,0.00064326095,0.0,0.42263633,1.0119325
8459,93.838936,0.0,85.890724,6.3323665,0.0005976169,0.0,0.42700434,1.0119346
8460,58.859516,0.0,92.10901,6.332378,0.00060762995,0.0,0.44798285,1.0119425
8461,97.85517,0.0,85.93917,6.3323884,0.0007881109,0.0,0.4266098,1.0119499
8462,72.78387,0.0,75.84991,6.3324,0.00075411086,0.0,0.4476498,1.0119565
8463,74.66173,0.0,82.749535,6.3324122,0.0009867832,0.0,0.4480321,1.0119624
8464,60.691994,0.0,86.87869,6.332427,0.0010350704,0.0,0.4435396,1.0119674
8465,71.770775,0.0,65.81813,6.3324428,0.0007283123,0.0,0.41121325,1.0119745
8466,72.144485,0.0,91.6778,6.332461,0.00050689396,0.0,0.45910653,1.0119807
8467,67.61356,0.0,63.08766,6.3324733,0.00066829234,0.0,0.43508682,1.0119747
8468,57.604393,0.0,73.99044,6.3324842,0.0008528048,0.0,0.41613206,1.0119671
8469,66.79322,0.0,105.92702,6.332496,0.0006200988,0.0,0.4372592,1.0119673
8470,69.39985,0.0,70.70676,6.3325047,0.0007659752,0.0,0.44266838,1.0119675
8471,70.03656,0.0,93.07166,6.332512,0.0004867542,0.0,0.44899687,1.0119677
8472,73.42456,0.0,90.552795,6.332521,0.00056111004,0.0,0.45976895,1.0119677
8473,82.29074,0.0,87.58345,6.3325267,0.00085050624,0.0,0.48580787,1.0119677
8474,86.326454,0.0,79.92026,6.33253,0.0004640189,0.0,0.42077422,1.0119832
8475,63.249985,0.0,94.21612,6.332534,0.00082626793,0.0,0.4669586,1.0119971
8476,71.12095,0.0,94.375626,6.332541,0.00079445983,0.0,0.42952794,1.0120096
8477,92.40588,0.0,95.67568,6.3325496,0.0011129247,0.0,0.41346702,1.0120207
8478,71.27895,0.0,94.887054,6.3325567,0.00067320204,0.0,0.45496663,1.0120305
8479,75.242325,0.0,90.47274,6.3325644,0.0007826905,0.0,0.43263802,1.0120445
8480,75.19336,0.0,112.236916,6.33257,0.0007415851,0.0,0.45691204,1.0120568
8481,58.112766,0.0,80.24189,6.33257,0.0010576781,0.0,0.44306433,1.012068
8482,90.51069,0.0,87.89997,6.332574,0.00087862974,0.0,0.4594502,1.0120778
8483,69.40589,0.0,74.83311,6.332579,0.0007726302,0.0,0.44440025,1.0120869
8484,78.38586,0.0,84.12158,6.3325853,0.0005478667,0.0,0.4575468,1.0120949
8485,64.74741,0.0,83.65653,6.3325934,0.0007851566,0.0,0.43552646,1.0121123
8486,79.44404,0.0,84.478676,6.332597,0.00087465433,0.0,0.4452209,1.0121282
8487,96.96957,0.0,90.15141,6.332599,0.0011797564,0.0,0.46068048,1.0121423
8488,82.75152,0.0,90.07085,6.3325987,0.00081781833,0.0,0.43000886,1.0121549
8489,94.002625,0.0,113.31859,6.3325953,0.0005233791,0.0,0.45508847,1.0121666
8490,81.52432,0.0,78.50389,6.3325915,0.00047314656,0.0,0.4544286,1.012177
8491,69.18826,0.0,113.62731,6.3325896,0.0006113611,0.0,0.4470273,1.012186
8492,72.52002,0.0,87.752754,6.332592,0.00072953897,0.0,0.43774027,1.0121944
8493,83.32856,0.0,131.1138,6.3325996,0.0006134218,0.0,0.4144318,1.0122015
8494,64.562096,0.0,90.355446,6.332612,0.0013507264,0.0,0.42494386,1.0122079
8495,69.69401,0.0,98.414276,6.3326235,0.0007206281,0.0,0.4375053,1.0122147
8496,77.07563,0.0,76.41889,6.3326325,0.0010576922,0.0,0.4310519,1.0122207
8497,74.68536,0.0,87.12375,6.3326406,0.00079191953,0.0,0.41540772,1.0122257
8498,66.171616,0.0,99.369156,6.3326507,0.0006125967,0.0,0.44199127,1.0122303
8499,70.98444,0.0,91.55402,6.3326564,0.0008924144,0.0,0.4374592,1.0122339
8500,82.536896,0.0,84.07544,6.3326645,0.0006587391,0.0,0.4119335,1.0122372
8501,62.692253,0.0,85.905945,6.332673,0.00068068336,0.0,0.4353815,1.0122399
8502,72.012,0.0,78.993034,6.332684,0.0008505357,0.0,0.4235375,1.0122421
8503,84.00194,0.0,79.61361,6.3327,0.000816246,0.0,0.4120036,1.0122436
8504,74.41391,0.0,77.07152,6.332715,0.00091085804,0.0,0.45593056,1.012245
8505,90.23096,0.0,79.27578,6.332727,0.0009636644,0.0,0.4482062,1.0122453
8506,78.9368,0.0,88.679184,6.3327394,0.0006034278,0.0,0.44925377,1.0122458
8507,60.585735,0.0,87.33006,6.3327484,0.00074865145,0.0,0.45761138,1.0122466
8508,70.255875,0.0,69.0241,6.3327537,0.00077961385,0.0,0.44862366,1.0122474
8509,58.140083,0.0,89.49948,6.332761,0.00068237016,0.0,0.41117916,1.0122476
8510,63.530064,0.0,73.185616,6.3327713,0.00072132156,0.0,0.41936958,1.0122479
8511,64.49504,0.0,87.424934,6.332781,0.0005852004,0.0,0.44853434,1.0122477
8512,77.21084,0.0,67.00114,6.3327866,0.0004485058,0.0,0.43599027,1.0122453
8513,67.85345,0.0,98.53929,6.3327904,0.0008023203,0.0,0.47130364,1.0122445
8514,77.6612,0.0,83.51858,6.332793,0.000624305,0.0,0.47809038,1.0122433
8515,69.46305,0.0,88.39833,6.332796,0.00046018854,0.0,0.42551583,1.0122422
8516,88.4131,0.0,80.90299,6.3328,0.00048277568,0.0,0.43867153,1.0122466
8517,68.18905,0.0,81.2935,6.332801,0.0006904434,0.0,0.42253047,1.0122507
8518,74.96824,0.0,96.720146,6.3328013,0.0006867672,0.0,0.45983195,1.0122542
8519,82.03977,0.0,92.82695,6.332801,0.0006868305,0.0,0.42010897,1.0122572
8520,83.188,0.0,80.33746,6.3328056,0.000559757,0.0,0.40545282,1.0122598
8521,62.17736,0.0,99.32648,6.3328114,0.00064461253,0.0,0.41761833,1.012262
8522,66.90363,0.0,78.49326,6.3328166,0.00088928407,0.0,0.45097813,1.0122638
8523,82.675995,0.0,89.877914,6.332826,0.0006808796,0.0,0.48942888,1.0122653
8524,72.99372,0.0,80.76432,6.3328347,0.00080227666,0.0,0.43500707,1.0122664
8525,67.37132,0.0,91.71212,6.332848,0.0008105881,0.0,0.44475007,1.0122671
8526,63.269386,0.0,104.2137,6.3328657,0.0005593118,0.0,0.45053965,1.0122677
8527,95.31043,0.0,92.858315,6.332885,0.0005772897,0.0,0.4052179,1.0122681
8528,103.44798,0.0,86.05058,6.3329024,0.0005686701,0.0,0.40253374,1.012268
8529,71.34649,0.0,65.79917,6.3329215,0.00057930395,0.0,0.43169272,1.0122677
8530,76.01696,0.0,83.68156,6.3329415,0.00059935235,0.0,0.44303465,1.0122676
8531,66.94835,0.0,68.53973,6.3329644,0.00069610507,0.0,0.48081964,1.0122668
8532,55.507942,0.0,95.88569,6.332986,0.001101257,0.0,0.4343918,1.0122662
8533,79.22037,0.0,78.7163,6.3330083,0.00054635917,0.0,0.42579865,1.0122654
8534,94.53669,0.0,68.86014,6.3330293,0.00054819137,0.0,0.44396317,1.0122647
8535,73.16481,0.0,74.926476,6.333043,0.00075766793,0.0,0.4351109,1.0122658
8536,106.34357,0.0,87.85073,6.333051,0.0007892581,0.0,0.48165166,1.0122665
8537,83.81431,0.0,87.711586,6.333056,0.00089610694,0.0,0.4321018,1.0122669
8538,90.73519,0.0,75.188576,6.3330584,0.0005746315,0.0,0.44999513,1.0122671
8539,111.50561,0.0,113.62365,6.3330607,0.00062006956,0.0,0.45912108,1.0122671
8540,79.36402,0.0,94.47548,6.333061,0.0006782875,0.0,0.43184847,1.0122668
8541,69.32774,0.0,80.184875,6.3330603,0.0006084261,0.0,0.43822622,1.0122663
8542,78.34941,0.0,95.158875,6.333064,0.00059608277,0.0,0.46640238,1.0122656
8543,82.44873,0.0,100.57556,6.333068,0.00065464654,0.0,0.45941338,1.0122647
8544,75.494064,0.0,73.9645,6.3330693,0.00061873416,0.0,0.44888338,1.0122635
8545,99.28292,0.0,86.757256,6.333075,0.00067164877,0.0,0.41265815,1.0122623
8546,65.20377,0.0,82.1872,6.33308,0.0006214374,0.0,0.45658064,1.0122628
8547,84.24331,0.0,97.04759,6.3330855,0.00072831276,0.0,0.43072897,1.012263
8548,56.887627,0.0,103.2957,6.3330956,0.0005854068,0.0,0.42644092,1.0122658
8549,67.97108,0.0,95.72395,6.333108,0.00045376428,0.0,0.45575783,1.0122681
8550,71.687386,0.0,91.27839,6.3331256,0.00047897128,0.0,0.4091794,1.01227
8551,85.309685,0.0,80.19667,6.3331423,0.00054575567,0.0,0.43610173,1.0122715
8552,71.22057,0.0,75.36248,6.33316,0.00092311157,0.0,0.42059672,1.0122727
8553,81.589714,0.0,103.74641,6.3331766,0.0007327911,0.0,0.41033763,1.0122734
8554,75.406,0.0,78.16828,6.3331976,0.0004895721,0.0,0.4157129,1.012272
8555,78.42907,0.0,83.42661,6.3332167,0.0007076854,0.0,0.4232448,1.0122706
8556,80.726875,0.0,63.099895,6.3332415,0.00050541706,0.0,0.4318998,1.012269
8557,79.09544,0.0,76.959755,6.333264,0.0006099976,0.0,0.47693205,1.0122674
8558,58.23542,0.0,89.03447,6.3332844,0.0006854414,0.0,0.44717118,1.0122646
8559,84.91623,0.0,104.56421,6.3333006,0.00090622087,0.0,0.45693105,1.0122619
8560,51.969524,0.0,73.458176,6.333314,0.000619789,0.0,0.47224423,1.0122592
8561,67.158585,0.0,90.67001,6.3333306,0.00078540033,0.0,0.42693585,1.0122564
8562,69.01792,0.0,80.24046,6.3333473,0.00052897306,0.0,0.4326509,1.0122538
8563,112.3142,0.0,81.43127,6.3333645,0.0005931637,0.0,0.40342546,1.0122534
8564,76.9219,0.0,82.05037,6.3333817,0.0005986017,0.0,0.4655963,1.0122526
8565,86.69721,0.0,70.57368,6.333396,0.0007302525,0.0,0.39147446,1.0122516
8566,49.149406,0.0,94.71887,6.3334074,0.00053053506,0.0,0.42684436,1.0122508
8567,82.31077,0.0,80.45318,6.3334174,0.00048766154,0.0,0.44897312,1.0122535
8568,88.56823,0.0,91.76791,6.333424,0.00056576135,0.0,0.44041085,1.0122555
8569,67.97681,0.0,91.246056,6.3334303,0.0004491405,0.0,0.4451084,1.0122575
8570,81.577286,0.0,90.276985,6.333439,0.0008211419,0.0,0.43544063,1.0122588
8571,67.92422,0.0,69.36135,6.3334436,0.0006505167,0.0,0.46131426,1.0122601
8572,81.72806,0.0,88.06356,6.333446,0.0006123484,0.0,0.46913552,1.012261
8573,71.16931,0.0,92.42324,6.3334517,0.00043916324,0.0,0.43910918,1.012262
8574,60.165146,0.0,76.13089,6.3334575,0.0006002344,0.0,0.47048807,1.0122626
8575,55.111965,0.0,83.56923,6.333463,0.0005826511,0.0,0.4191634,1.012263
8576,54.35498,0.0,102.432526,6.3334723,0.00065231207,0.0,0.44461784,1.0122628
8577,63.96618,0.0,112.7972,6.3334765,0.0008780036,0.0,0.43495688,1.0122671
8578,81.77184,0.0,75.270164,6.3334894,0.0004851278,0.0,0.44956297,1.0122755
8579,64.601555,0.0,91.5003,6.333505,0.00093597145,0.0,0.42619807,1.0122826
8580,49.05206,0.0,70.06773,6.333523,0.0005601827,0.0,0.45642012,1.012289
8581,62.583725,0.0,92.70081,6.3335414,0.00076674623,0.0,0.46567,1.0122948
8582,98.959,0.0,65.46121,6.333556,0.0006842179,0.0,0.47884893,1.0122994
8583,70.13083,0.0,82.90241,6.3335633,0.0007493943,0.0,0.4183337,1.0123138
8584,89.75292,0.0,90.78095,6.3335733,0.0007354056,0.0,0.46255514,1.0123274
8585,89.94635,0.0,77.36012,6.3335834,0.0006692135,0.0,0.407964,1.0123395
8586,84.805435,0.0,87.87846,6.333592,0.0006324394,0.0,0.41887125,1.0123501
8587,99.48607,0.0,94.22352,6.3336,0.0005827587,0.0,0.44609937,1.0123597
8588,83.4835,0.0,78.80851,6.333608,0.00070550235,0.0,0.41243827,1.0123678
8589,97.55306,0.0,99.839836,6.333618,0.00068295735,0.0,0.4167403,1.0123751
8590,75.509056,0.0,83.57448,6.333627,0.0007343215,0.0,0.397965,1.0123813
8591,79.23881,0.0,81.328415,6.3336334,0.00073989166,0.0,0.43412805,1.0123867
8592,67.28802,0.0,67.6928,6.3336387,0.0007929368,0.0,0.43373188,1.0123913
8593,67.83423,0.0,84.60982,6.333646,0.0005701574,0.0,0.46305856,1.0123953
8594,75.739334,0.0,77.35934,6.3336496,0.00084367034,0.0,0.44728193,1.0123986
8595,90.804756,0.0,78.489845,6.3336535,0.0008996482,0.0,0.49195346,1.0124016
8596,79.9327,0.0,77.59469,6.333657,0.00065733993,0.0,0.4625247,1.0124037
8597,77.46144,0.0,105.505196,6.3336535,0.00039678148,0.0,0.44788027,1.0124054
8598,114.75823,0.0,79.484505,6.333647,0.00057066185,0.0,0.4370205,1.0124086
8599,64.49795,0.0,89.19811,6.333643,0.00062505656,0.0,0.42826527,1.0124111
8600,79.46335,0.0,99.6882,6.3336444,0.0007675923,0.0,0.45765322,1.0124134
8601,51.943794,0.0,75.73599,6.333647,0.0006170496,0.0,0.44868705,1.0124149
8602,81.484375,0.0,71.36505,6.3336463,0.0011054719,0.0,0.4193883,1.012416
8603,70.88917,0.0,92.23291,6.3336525,0.0006995067,0.0,0.4582795,1.0124167
8604,64.56509,0.0,82.276825,6.3336625,0.0005649176,0.0,0.41635847,1.0124259
8605,65.71973,0.0,109.9431,6.3336697,0.00071110635,0.0,0.44330835,1.0124339
8606,54.14896,0.0,81.3114,6.3336806,0.0006389531,0.0,0.45260143,1.0124409
8607,74.62959,0.0,87.47945,6.3336935,0.00076228555,0.0,0.42293352,1.012447
8608,63.622272,0.0,78.637794,6.3337026,0.0008369253,0.0,0.44972366,1.0124526
8609,88.37194,0.0,74.42951,6.33371,0.00061568676,0.0,0.45761985,1.012457
8610,62.438816,0.0,80.20986,6.3337154,0.0006754986,0.0,0.46363196,1.0124611
8611,78.92719,0.0,91.95673,6.3337216,0.0006984223,0.0,0.40327752,1.0124643
8612,61.095524,0.0,81.81211,6.3337274,0.00067484286,0.0,0.45748627,1.012467
8613,66.40594,0.0,86.20355,6.333736,0.0005426987,0.0,0.45211834,1.0124692
8614,74.858025,0.0,86.488884,6.3337483,0.00052868377,0.0,0.411373,1.012471
8615,78.51136,0.0,99.87496,6.333759,0.0005413124,0.0,0.44569883,1.0124723
8616,61.15166,0.0,99.28732,6.3337703,0.0005938981,0.0,0.43733847,1.0124795
8617,65.81319,0.0,99.4451,6.333779,0.0006826973,0.0,0.47364515,1.0124857
8618,84.56832,0.0,110.40526,6.3337884,0.000633962,0.0,0.442916,1.0124912
8619,71.33498,0.0,82.03667,6.3338,0.0005703461,0.0,0.44458276,1.012496
8620,70.15607,0.0,102.11623,6.333812,0.00065254443,0.0,0.38571733,1.0124991
8621,70.63521,0.0,99.65576,6.3338237,0.00077300094,0.0,0.42629993,1.012502
8622,60.93149,0.0,65.41182,6.3338294,0.0008148439,0.0,0.49291575,1.0125047
8623,79.61332,0.0,98.71896,6.333834,0.00068307016,0.0,0.4397119,1.0125068
8624,78.631546,0.0,100.58219,6.333839,0.0007519817,0.0,0.45906374,1.0125084
8625,77.96909,0.0,71.04004,6.333844,0.00089047605,0.0,0.43492216,1.0125098
8626,81.71898,0.0,69.96589,6.333851,0.0006839307,0.0,0.44321403,1.0125108
8627,68.65794,0.0,86.407684,6.333854,0.0005030836,0.0,0.46185383,1.0125108
8628,76.27082,0.0,85.50826,6.333857,0.00064394635,0.0,0.41423362,1.0125105
8629,70.04702,0.0,91.35461,6.33386,0.00053601194,0.0,0.4415123,1.01252
8630,54.72255,0.0,81.689026,6.3338623,0.00075325277,0.0,0.46367714,1.0125283
8631,83.79159,0.0,82.10718,6.333869,0.0007887926,0.0,0.45886087,1.0125357
8632,89.56579,0.0,104.5031,6.3338776,0.00078279397,0.0,0.4279486,1.0125422
8633,77.15059,0.0,86.65032,6.3338842,0.0007266422,0.0,0.42842847,1.0125479
8634,64.965645,0.0,68.0681,6.333891,0.0007595768,0.0,0.42935356,1.0125526
8635,63.323925,0.0,72.21136,6.3339,0.00070239574,0.0,0.42916822,1.0125575
8636,64.1458,0.0,89.8543,6.333911,0.00078108674,0.0,0.4085806,1.0125618
8637,73.955215,0.0,92.144966,6.333921,0.00065019284,0.0,0.42848206,1.0125655
8638,82.13325,0.0,84.72944,6.3339295,0.0006798714,0.0,0.41806102,1.0125685
8639,87.6329,0.0,71.58466,6.3339367,0.00061731366,0.0,0.4333877,1.0125891
8640,63.118717,0.0,87.80744,6.333941,0.00053143967,0.0,0.44682622,1.0126075
8641,79.32156,0.0,103.757,6.3339486,0.0004687021,0.0,0.4355231,1.012624
8642,78.40234,0.0,84.51888,6.3339562,0.0007069621,0.0,0.4715378,1.0126386
8643,74.90298,0.0,76.8035,6.333965,0.0006210755,0.0,0.46160978,1.0126516
8644,54.615154,0.0,89.704544,6.333972,0.0006035741,0.0,0.414954,1.012663
8645,91.79733,0.0,86.805725,6.3339796,0.0007461921,0.0,0.49188447,1.0126733
8646,70.05071,0.0,85.17399,6.3339853,0.00054906495,0.0,0.43516332,1.0126824
8647,68.027336,0.0,101.964554,6.333993,0.00054705003,0.0,0.43291473,1.0126904
8648,101.40121,0.0,89.734535,6.334002,0.0005421007,0.0,0.41648954,1.0126976
8649,77.44579,0.0,75.28078,6.3340116,0.0006498289,0.0,0.4551792,1.0127038
8650,79.49997,0.0,91.32978,6.3340163,0.0006182004,0.0,0.42834812,1.0127091
8651,52.33925,0.0,100.82875,6.334026,0.00071989594,0.0,0.44379133,1.0127139
8652,73.80336,0.0,80.73449,6.3340364,0.00079801027,0.0,0.4686808,1.0127178
8653,73.0567,0.0,75.98734,6.334046,0.00055095874,0.0,0.42774495,1.0127211
8654,65.84582,0.0,76.398895,6.334057,0.000609255,0.0,0.48042578,1.0127239
8655,81.178795,0.0,81.18185,6.3340654,0.0005523338,0.0,0.4660278,1.0127356
8656,88.38138,0.0,97.76577,6.33407,0.00084154,0.0,0.44619608,1.0127553
8657,90.680336,0.0,91.27752,6.334075,0.0005852573,0.0,0.4332665,1.0127728
8658,95.1778,0.0,76.25435,6.3340783,0.00046670786,0.0,0.4182214,1.0127918
8659,86.864075,0.0,98.91525,6.334084,0.00068186363,0.0,0.4610535,1.0128086
8660,80.11779,0.0,88.34273,6.3340893,0.0005999397,0.0,0.41729817,1.0128238
8661,63.744717,0.0,78.4475,6.3340936,0.00063425576,0.0,0.43454143,1.0128365
8662,72.215195,0.0,75.22455,6.334096,0.00080874783,0.0,0.43361852,1.0128473
8663,78.1141,0.0,93.69378,6.3340974,0.00084717077,0.0,0.4342441,1.0128571
8664,62.905735,0.0,75.85932,6.334102,0.0008148958,0.0,0.44827375,1.0128587
8665,88.51582,0.0,70.36028,6.334107,0.0007478976,0.0,0.43127167,1.0128601
8666,67.18975,0.0,63.96167,6.3341136,0.0006298063,0.0,0.4310994,1.012861
8667,73.93821,0.0,87.927055,6.3341236,0.00063686154,0.0,0.4261112,1.0128618
8668,60.41504,0.0,85.45722,6.3341312,0.0006812104,0.0,0.4479495,1.0128623
8669,66.95208,0.0,95.22224,6.3341413,0.000704464,0.0,0.42682633,1.0128611
8670,62.374016,0.0,98.02509,6.334152,0.00072213344,0.0,0.4463049,1.0128589
8671,69.394035,0.0,71.34931,6.334166,0.0005666698,0.0,0.44365904,1.0128567
8672,77.15689,0.0,96.39371,6.334175,0.000704719,0.0,0.44253775,1.0128547
8673,79.88616,0.0,88.76854,6.3341827,0.00076457876,0.0,0.43892106,1.0128523
8674,71.64708,0.0,109.44386,6.3341866,0.000577794,0.0,0.4565868,1.0128502
8675,74.001724,0.0,98.91036,6.3341866,0.00067316834,0.0,0.44083595,1.012848
8676,62.51067,0.0,101.75328,6.3341866,0.00051705615,0.0,0.434384,1.0128453
8677,77.8423,0.0,105.36767,6.334188,0.00062092824,0.0,0.45933503,1.0128429
8678,54.529682,0.0,94.1957,6.334189,0.0005042438,0.0,0.4131051,1.0128402
8679,73.34293,0.0,82.54007,6.3341894,0.00071245676,0.0,0.4485743,1.0128378
8680,67.2818,0.0,83.75739,6.334192,0.00077677536,0.0,0.46974874,1.0128353
8681,54.94285,0.0,91.29673,6.3341913,0.00085339113,0.0,0.43973637,1.012833
8682,81.539825,0.0,97.27713,6.3341928,0.00063643535,0.0,0.4284382,1.0128306
8683,85.19559,0.0,77.088264,6.334197,0.00047674062,0.0,0.4079729,1.0128281
8684,83.26311,0.0,80.82027,6.3341994,0.00057402125,0.0,0.44471622,1.0128254
8685,61.784454,0.0,107.1925,6.3342066,0.0006189169,0.0,0.4702905,1.0128254
8686,85.05119,0.0,86.89505,6.3342123,0.0007033117,0.0,0.43825182,1.012825
8687,73.91324,0.0,73.110054,6.3342195,0.00062838587,0.0,0.42709076,1.0128245
8688,76.21121,0.0,97.89554,6.334225,0.0009858424,0.0,0.44232005,1.0128238
8689,89.24887,0.0,89.572334,6.334228,0.0005886308,0.0,0.41636977,1.0128219
8690,64.681366,0.0,87.90331,6.334234,0.000631594,0.0,0.44721818,1.0128192
8691,74.42945,0.0,99.502205,6.3342423,0.0005255001,0.0,0.44578195,1.0128167
8692,71.47041,0.0,94.319046,6.3342485,0.00035405526,0.0,0.41432828,1.0128143
8693,87.86685,0.0,84.616714,6.3342505,0.0007001512,0.0,0.4412993,1.0128119
8694,74.64552,0.0,68.307076,6.3342533,0.00060649705,0.0,0.42434585,1.0128094
8695,61.623463,0.0,112.97148,6.334256,0.0007660088,0.0,0.3866993,1.0128131
8696,88.09776,0.0,84.103386,6.3342557,0.0007023477,0.0,0.43038172,1.012816
8697,54.14624,0.0,104.65399,6.3342586,0.00074911385,0.0,0.40096223,1.0128269
8698,66.52594,0.0,84.08507,6.3342586,0.0006885701,0.0,0.44170582,1.0128367
8699,55.60309,0.0,78.26336,6.334263,0.0006150868,0.0,0.455801,1.0128464
8700,72.960236,0.0,93.38592,6.334272,0.0006206781,0.0,0.43647766,1.0128545
8701,101.88842,0.0,102.28636,6.334281,0.00073493726,0.0,0.42144895,1.012862
8702,72.830284,0.0,88.03847,6.334282,0.0007491233,0.0,0.46325994,1.0128683
8703,86.77147,0.0,83.54759,6.334278,0.00063808484,0.0,0.43169588,1.0128738
8704,59.412815,0.0,81.27508,6.33428,0.0007010279,0.0,0.4438798,1.0128787
8705,59.647568,0.0,76.58032,6.334283,0.0007320958,0.0,0.44262847,1.0128832
8706,66.83984,0.0,90.71397,6.3342886,0.0009223125,0.0,0.44355255,1.0128871
8707,81.69343,0.0,66.977394,6.334299,0.0007160901,0.0,0.45832202,1.0128905
8708,71.222305,0.0,80.5571,6.334311,0.0005105362,0.0,0.42303818,1.0128931
8709,65.11457,0.0,83.76141,6.3343234,0.0006040237,0.0,0.4511814,1.0128951
8710,75.03692,0.0,87.42356,6.3343396,0.00048356457,0.0,0.454773,1.012897
8711,73.79472,0.0,94.17331,6.334356,0.00092535693,0.0,0.43429822,1.0128907
8712,86.582085,0.0,75.96177,6.3343716,0.0006326136,0.0,0.43483183,1.0128847
8713,61.974697,0.0,94.2091,6.3343854,0.0006328542,0.0,0.42563877,1.012879
8714,77.36601,0.0,86.18055,6.334401,0.0005317913,0.0,0.45159125,1.0128736
8715,73.186584,0.0,97.951126,6.334413,0.00074166106,0.0,0.46758208,1.0128695
8716,66.905594,0.0,81.43424,6.3344235,0.0004788482,0.0,0.45410413,1.0128655
8717,60.627613,0.0,90.91164,6.3344326,0.00049183174,0.0,0.40741035,1.0128614
8718,78.309814,0.0,89.33895,6.334442,0.0010293563,0.0,0.43191236,1.0128579
8719,61.70017,0.0,90.52893,6.3344464,0.0007809239,0.0,0.43110335,1.012854
8720,72.13719,0.0,83.58578,6.334448,0.0006065024,0.0,0.45319685,1.0128505
8721,57.118343,0.0,67.466675,6.3344493,0.0008499891,0.0,0.42277837,1.0128472
8722,62.942585,0.0,78.31512,6.334453,0.00054794917,0.0,0.39917478,1.0128438
8723,69.68929,0.0,82.75701,6.3344584,0.00050227076,0.0,0.43568558,1.012862
8724,84.495865,0.0,108.80905,6.3344607,0.0006219265,0.0,0.473931,1.012878
8725,66.38719,0.0,77.807434,6.334457,0.0007261952,0.0,0.46559128,1.0128924
8726,96.548164,0.0,79.97137,6.334452,0.0005492721,0.0,0.4144032,1.0129052
8727,61.484447,0.0,78.67354,6.3344474,0.0006666839,0.0,0.44014555,1.0129167
8728,66.2376,0.0,61.741684,6.334448,0.00075536704,0.0,0.43953037,1.0129267
8729,70.64565,0.0,90.01861,6.334452,0.000793301,0.0,0.44454616,1.0129356
8730,87.554344,0.0,64.23046,6.334452,0.0006697159,0.0,0.4634126,1.012943
8731,84.546776,0.0,92.75361,6.334449,0.0005021946,0.0,0.438968,1.0129491
8732,94.25916,0.0,74.63092,6.3344493,0.0008629225,0.0,0.418616,1.0129547
8733,77.77881,0.0,80.8397,6.33445,0.0007517454,0.0,0.4515649,1.0129596
8734,80.539665,0.0,84.71104,6.334453,0.00061680994,0.0,0.46640453,1.0129637
8735,50.570065,0.0,93.51568,6.334453,0.00057737867,0.0,0.4149781,1.0129671
8736,79.23458,0.0,77.66888,6.3344493,0.0006528903,0.0,0.4253633,1.0129693
8737,71.82797,0.0,93.928246,6.334447,0.0006347771,0.0,0.4350772,1.0129712
8738,76.542496,0.0,84.459,6.334447,0.000770312,0.0,0.46825346,1.0129726
8739,71.54743,0.0,79.04894,6.3344517,0.00060334743,0.0,0.4703173,1.0129734
8740,84.95875,0.0,79.49226,6.334458,0.000894565,0.0,0.43534598,1.0129974
8741,93.94847,0.0,71.97967,6.334468,0.00068750733,0.0,0.42532238,1.0130322
8742,69.01649,0.0,101.018295,6.334471,0.00066876475,0.0,0.47041148,1.0130637
8743,77.00339,0.0,85.854294,6.334471,0.0007490595,0.0,0.40283138,1.0130919
8744,77.5537,0.0,85.34043,6.334471,0.00072058884,0.0,0.44584405,1.0131176
8745,53.0886,0.0,73.47762,6.3344736,0.00075664045,0.0,0.43097934,1.0131402
8746,66.169044,0.0,103.107735,6.3344774,0.0006022145,0.0,0.5131484,1.0131607
8747,61.1306,0.0,83.50255,6.334485,0.00068079843,0.0,0.42964253,1.0131788
8748,73.39308,0.0,69.51766,6.33449,0.0008389926,0.0,0.4561534,1.013195
8749,61.96687,0.0,96.00135,6.3344936,0.00062179513,0.0,0.45642683,1.0132096
8750,64.16818,0.0,100.42186,6.3345003,0.0007178914,0.0,0.46747088,1.0132334
8751,73.48053,0.0,84.099884,6.3345,0.0008170262,0.0,0.4558129,1.0132552
8752,76.325165,0.0,67.99849,6.3345065,0.000530379,0.0,0.4442963,1.013275
8753,92.25053,0.0,108.62512,6.3345146,0.0007430598,0.0,0.44042367,1.0132924
8754,69.18411,0.0,75.97392,6.334521,0.00064502057,0.0,0.45669672,1.013308
8755,76.551636,0.0,75.35742,6.33453,0.00054066186,0.0,0.48103243,1.013322
8756,69.99108,0.0,84.73878,6.3345375,0.0005393896,0.0,0.41487667,1.0133343
8757,76.38748,0.0,85.2283,6.334547,0.00052519055,0.0,0.45102996,1.0133433
8758,66.38955,0.0,83.59308,6.334555,0.0005804772,0.0,0.43197697,1.0133511
8759,61.874252,0.0,102.13192,6.334561,0.0007771533,0.0,0.4362385,1.0133578
8760,80.36283,0.0,79.82353,6.334566,0.00056949817,0.0,0.44526553,1.0133638
8761,69.14031,0.0,91.14439,6.3345747,0.0008327963,0.0,0.41997775,1.0133687
8762,73.08485,0.0,92.99458,6.3345847,0.00069621037,0.0,0.42835554,1.0133762
8763,58.221447,0.0,78.51171,6.3345904,0.00064744416,0.0,0.42643914,1.0133828
8764,69.87287,0.0,91.02558,6.334595,0.0007337956,0.0,0.4243722,1.0133886
8765,78.600716,0.0,98.691055,6.3346004,0.0006579936,0.0,0.44924164,1.0133935
8766,85.78484,0.0,105.464676,6.334606,0.00071894884,0.0,0.45429763,1.0133977
8767,84.37458,0.0,81.41008,6.334617,0.0007570453,0.0,0.4482629,1.0134035
8768,78.6214,0.0,81.00451,6.334625,0.000692367,0.0,0.412966,1.0134087
8769,67.28813,0.0,93.24378,6.334634,0.00067973905,0.0,0.4356986,1.013413
8770,89.98948,0.0,66.56271,6.334642,0.00078066037,0.0,0.40263432,1.0134168
8771,81.31515,0.0,77.86147,6.3346496,0.0007318894,0.0,0.42361546,1.0134197
8772,64.7471,0.0,81.86763,6.334659,0.00056565466,0.0,0.45346782,1.0134224
8773,65.423164,0.0,77.40165,6.334671,0.00090608944,0.0,0.43856058,1.0134244
8774,88.89668,0.0,89.30817,6.3346863,0.0006197131,0.0,0.42850733,1.0134261
8775,69.92102,0.0,84.46089,6.334706,0.0007642749,0.0,0.44176322,1.0134308
8776,73.71235,0.0,67.819984,6.334728,0.0008552795,0.0,0.44988847,1.0134349
8777,82.32337,0.0,100.30305,6.33475,0.0006314538,0.0,0.41814685,1.0134382
8778,77.072235,0.0,74.18815,6.3347692,0.000724853,0.0,0.4370361,1.0134412
8779,71.902466,0.0,99.1657,6.334787,0.0007750098,0.0,0.4345994,1.0134435
8780,69.4999,0.0,96.43892,6.334803,0.0006867705,0.0,0.44944295,1.0134406
8781,68.574326,0.0,92.05401,6.334818,0.00078714034,0.0,0.41454932,1.0134377
8782,74.843216,0.0,86.30762,6.33483,0.0006936381,0.0,0.4631152,1.013435
8783,64.69662,0.0,90.888214,6.3348384,0.0009334856,0.0,0.4259079,1.013432
8784,80.825264,0.0,75.357414,6.334844,0.0006275781,0.0,0.45188427,1.0134292
8785,64.39647,0.0,86.303764,6.334854,0.0008126431,0.0,0.4483634,1.0134263
8786,67.20959,0.0,99.48915,6.3348613,0.0006575188,0.0,0.41837645,1.0134234
8787,70.05815,0.0,78.68154,6.334866,0.0006145885,0.0,0.459689,1.0134249
8788,85.69801,0.0,85.63635,6.334878,0.00081767514,0.0,0.4350562,1.013426
8789,77.84256,0.0,86.85435,6.3348875,0.00059112965,0.0,0.44042048,1.0134267
8790,71.14031,0.0,89.59816,6.3348966,0.00073177385,0.0,0.41142583,1.013427
8791,70.809326,0.0,78.724174,6.3349113,0.0011471603,0.0,0.44016653,1.0134273
8792,87.76009,0.0,96.47003,6.3349304,0.0005418246,0.0,0.44979042,1.0134251
8793,70.03574,0.0,95.54058,6.334946,0.00065429293,0.0,0.40308952,1.0134232
8794,102.09323,0.0,94.48155,6.3349576,0.0007304853,0.0,0.45658112,1.0134212
8795,79.678604,0.0,117.19616,6.33497,0.00057016965,0.0,0.4308524,1.0134193
8796,86.93052,0.0,84.33791,6.33498,0.0010188953,0.0,0.4252585,1.0134171
8797,74.980194,0.0,89.90009,6.3349824,0.0006800097,0.0,0.4466918,1.0134152
8798,74.4924,0.0,103.081436,6.334978,0.0008785887,0.0,0.42633638,1.0134132
8799,63.29034,0.0,89.836395,6.3349705,0.0006623763,0.0,0.43780756,1.0134112
8800,91.037544,0.0,129.80455,6.3349595,0.00059703825,0.0,0.43092582,1.0134089
8801,76.74305,0.0,78.093376,6.334947,0.0006753138,0.0,0.4201915,1.013407
8802,74.8687,0.0,100.4945,6.3349376,0.0008123579,0.0,0.42300424,1.0134048
8803,58.57543,0.0,88.06517,6.3349285,0.0005632709,0.0,0.43920535,1.0134034
8804,83.491196,0.0,69.30842,6.3349233,0.00065546174,0.0,0.43622226,1.0134017
8805,60.639763,0.0,65.408134,6.3349233,0.0007630108,0.0,0.47089744,1.0134002
8806,96.94817,0.0,85.78185,6.33493,0.00068715954,0.0,0.44476447,1.0133986
8807,83.31245,0.0,84.195526,6.3349395,0.0006270317,0.0,0.4395752,1.013397
8808,86.399475,0.0,112.457924,6.334952,0.0006003721,0.0,0.43680376,1.0133951
8809,101.831116,0.0,95.02008,6.3349657,0.0005070148,0.0,0.4688327,1.0133932
8810,99.87189,0.0,86.80133,6.3349833,0.00085649255,0.0,0.44719368,1.0133914
8811,64.226974,0.0,70.023766,6.335006,0.00071783015,0.0,0.41887587,1.0133896
8812,95.88012,0.0,86.74822,6.3350306,0.00052799034,0.0,0.42504317,1.0133879
8813,87.26756,0.0,89.337395,6.335055,0.00057301973,0.0,0.42584178,1.0133861
8814,52.56235,0.0,80.78034,6.3350754,0.00067479134,0.0,0.42241317,1.0133843
8815,69.539764,0.0,77.27062,6.3350945,0.00058567536,0.0,0.41896304,1.0133828
8816,84.835495,0.0,91.856606,6.3351116,0.0006000996,0.0,0.4433021,1.0133814
8817,86.9356,0.0,80.85483,6.3351264,0.0008519086,0.0,0.45253167,1.0133797
8818,67.73401,0.0,83.893906,6.3351417,0.000804411,0.0,0.4830529,1.0133778
8819,81.6165,0.0,94.93643,6.335158,0.0009212969,0.0,0.4573551,1.013376
8820,57.742687,0.0,103.86843,6.33517,0.0008853455,0.0,0.43807286,1.0133742
8821,70.16198,0.0,73.14956,6.3351793,0.0009052769,0.0,0.4393748,1.0133828
8822,97.13082,0.0,80.21294,6.33519,0.0008974549,0.0,0.43186307,1.0133901
8823,103.20606,0.0,72.909775,6.3352017,0.00074429484,0.0,0.40236425,1.0133966
8824,72.53766,0.0,111.12759,6.3352094,0.00059980474,0.0,0.4490828,1.0133979
8825,79.97978,0.0,81.38042,6.3352184,0.0007393194,0.0,0.4219862,1.0133988
8826,73.27804,0.0,99.08456,6.3352284,0.0009052101,0.0,0.4160752,1.0133997
8827,93.40503,0.0,80.89146,6.3352294,0.0008684752,0.0,0.44270915,1.0134027
8828,62.382713,0.0,79.62799,6.3352294,0.0007929269,0.0,0.44277215,1.013405
8829,63.162144,0.0,80.067635,6.3352275,0.00069828774,0.0,0.44626468,1.0134071
8830,90.80837,0.0,100.15838,6.335227,0.00062018627,0.0,0.43629643,1.0134089
8831,75.05329,0.0,83.197464,6.335227,0.0005928071,0.0,0.4337806,1.0134099
8832,70.16164,0.0,74.483894,6.335232,0.0009572875,0.0,0.43491668,1.01342
8833,70.84977,0.0,91.7388,6.335236,0.00062470883,0.0,0.45954615,1.0134292
8834,71.379684,0.0,95.82124,6.335241,0.00064333726,0.0,0.42706284,1.0134381
8835,69.48981,0.0,85.06065,6.335248,0.0009242163,0.0,0.45249242,1.0134447
8836,69.93289,0.0,63.8885,6.3352594,0.000795859,0.0,0.4532158,1.0134505
8837,89.82898,0.0,60.709213,6.335268,0.0007239175,0.0,0.4432704,1.0134598
8838,92.29798,0.0,83.52098,6.335276,0.0005553355,0.0,0.4702428,1.0134681
8839,64.73494,0.0,95.03684,6.335283,0.000674488,0.0,0.43442672,1.0134757
8840,79.79965,0.0,100.90477,6.3352904,0.00067814847,0.0,0.4569348,1.0134823
8841,73.84345,0.0,73.53563,6.3352976,0.0005754099,0.0,0.4006576,1.0134882
8842,71.814995,0.0,82.23679,6.3353043,0.00072941906,0.0,0.43458843,1.0134934
8843,91.19603,0.0,94.03657,6.335314,0.0006426639,0.0,0.43268928,1.013498
8844,74.338936,0.0,82.325745,6.335329,0.0005017556,0.0,0.42035592,1.0135018
8845,91.60776,0.0,109.17842,6.3353486,0.0006876113,0.0,0.4558669,1.0135051
8846,73.62031,0.0,75.27832,6.3353734,0.00056048064,0.0,0.45330203,1.0135078
8847,80.22074,0.0,77.32947,6.335401,0.00072754815,0.0,0.39961812,1.0135101
8848,76.48611,0.0,88.100945,6.3354254,0.00055732054,0.0,0.4294084,1.0135119
8849,70.35906,0.0,70.31587,6.3354483,0.00067715906,0.0,0.4812898,1.0135136
8850,71.76263,0.0,73.047424,6.335472,0.0006496253,0.0,0.45922494,1.013515
8851,71.14204,0.0,77.435936,6.335491,0.0005564743,0.0,0.46468362,1.0135161
8852,66.200676,0.0,73.72077,6.335509,0.00077912165,0.0,0.42493904,1.0135167
8853,79.68291,0.0,78.891174,6.3355246,0.000600046,0.0,0.44101423,1.0135181
8854,90.579636,0.0,84.31329,6.335538,0.00056683546,0.0,0.4470836,1.0135194
8855,98.797554,0.0,84.0312,6.335547,0.00048780505,0.0,0.44460854,1.0135201
8856,89.8338,0.0,76.08854,6.3355594,0.0007823291,0.0,0.47980365,1.0135206
8857,77.17817,0.0,79.39745,6.3355684,0.0007797936,0.0,0.45174283,1.0135208
8858,63.535057,0.0,91.828156,6.3355775,0.00092560984,0.0,0.4583063,1.0135207
8859,70.67837,0.0,85.89416,6.335584,0.0005975859,0.0,0.47122523,1.0135205
8860,69.0877,0.0,75.13213,6.3355913,0.0006870156,0.0,0.42913243,1.01352
8861,86.34994,0.0,79.09907,6.3355956,0.0009134341,0.0,0.46754897,1.0135192
8862,56.661133,0.0,87.75163,6.3356,0.0005078415,0.0,0.4368957,1.0135187
8863,56.24051,0.0,81.51218,6.335603,0.0007879031,0.0,0.43010435,1.0135275
8864,65.629654,0.0,71.12625,6.335603,0.0005704716,0.0,0.44266957,1.0135354
8865,65.37925,0.0,96.69855,6.3356056,0.00075269165,0.0,0.44257292,1.0135427
8866,66.66937,0.0,86.42588,6.335608,0.00072891824,0.0,0.4431224,1.0135486
8867,60.456387,0.0,79.98296,6.3356113,0.0007469255,0.0,0.4392074,1.013558
8868,83.09148,0.0,102.24585,6.3356137,0.0006023509,0.0,0.42226148,1.0135664
8869,49.891586,0.0,74.6141,6.335615,0.0008074896,0.0,0.45300198,1.0135736
8870,74.601105,0.0,83.87589,6.3356175,0.0004894864,0.0,0.43959612,1.01358
8871,75.06979,0.0,102.12542,6.3356185,0.00080514455,0.0,0.4804495,1.0135857
8872,69.190636,0.0,90.79745,6.335622,0.00079516805,0.0,0.42887574,1.0135952
8873,93.78706,0.0,69.53022,6.3356266,0.00062161905,0.0,0.41937655,1.0136039
8874,58.853737,0.0,103.442055,6.3356357,0.00068939594,0.0,0.40583405,1.0136114
8875,73.20313,0.0,77.14488,6.3356457,0.0004982217,0.0,0.432733,1.0136153
8876,84.45128,0.0,101.73156,6.3356595,0.0007475391,0.0,0.46853036,1.0136181
8877,74.834816,0.0,76.65685,6.3356776,0.0006662339,0.0,0.4539411,1.0136206
8878,84.45124,0.0,65.68665,6.3356967,0.0005091184,0.0,0.43822634,1.0136225
8879,73.16279,0.0,105.96768,6.335712,0.0004773314,0.0,0.40272188,1.0136242
8880,74.83565,0.0,94.841545,6.335728,0.0005539475,0.0,0.41035765,1.0136254
8881,73.02869,0.0,87.59598,6.3357487,0.0007899855,0.0,0.47342992,1.0136265
8882,59.155434,0.0,89.51858,6.3357687,0.0005424971,0.0,0.45223713,1.0136268
8883,83.6171,0.0,84.7327,6.335784,0.0007260615,0.0,0.45107096,1.0136287
8884,73.244255,0.0,88.4555,6.335793,0.00065286504,0.0,0.42283782,1.0136303
8885,89.66566,0.0,83.33572,6.335796,0.00047242013,0.0,0.42076677,1.0136312
8886,61.335392,0.0,84.37533,6.3357973,0.00043162704,0.0,0.453305,1.0136323
8887,84.28398,0.0,85.48049,6.335801,0.001048407,0.0,0.40999517,1.0136335
8888,91.66564,0.0,86.761475,6.3358045,0.00041295163,0.0,0.45912796,1.013634
8889,76.44589,0.0,87.74481,6.335808,0.0012116414,0.0,0.44570598,1.0136344
8890,58.874874,0.0,97.98162,6.3358145,0.0006851667,0.0,0.45482397,1.0136346
8891,47.956573,0.0,95.79335,6.335819,0.0007599447,0.0,0.44445154,1.0136342
8892,75.585976,0.0,82.103485,6.3358274,0.0006632159,0.0,0.4377526,1.013634
8893,71.965546,0.0,81.12543,6.3358345,0.0006483577,0.0,0.43423772,1.0136335
8894,68.45736,0.0,73.72715,6.335838,0.00089975324,0.0,0.4474734,1.0136325
8895,69.70361,0.0,99.90754,6.3358393,0.00066097267,0.0,0.44179162,1.0136278
8896,60.11963,0.0,80.94038,6.33584,0.00093796547,0.0,0.4312932,1.0136232
8897,64.60614,0.0,105.92247,6.3358426,0.00072820974,0.0,0.4387604,1.0136191
8898,65.373634,0.0,91.206345,6.335847,0.0005204032,0.0,0.4769454,1.0136153
8899,61.982105,0.0,84.182076,6.33585,0.0006844619,0.0,0.44166955,1.0136116
8900,73.557304,0.0,85.85672,6.3358593,0.0005596394,0.0,0.42779347,1.0136081
8901,79.79023,0.0,82.94831,6.33587,0.0005574937,0.0,0.4246657,1.0136045
8902,69.48469,0.0,74.77082,6.3358803,0.0006756113,0.0,0.44606814,1.0136015
8903,84.596176,0.0,85.12226,6.335889,0.0010146615,0.0,0.4008959,1.0135984
8904,81.30726,0.0,90.58959,6.3358984,0.0008811548,0.0,0.4097385,1.0135953
8905,62.061565,0.0,80.73725,6.3359113,0.00068160094,0.0,0.43821368,1.0135925
8906,50.75864,0.0,94.402855,6.335923,0.00071070035,0.0,0.43685755,1.0135884
8907,65.93476,0.0,73.17264,6.3359337,0.00067706406,0.0,0.4344926,1.0135844
8908,65.093666,0.0,89.37452,6.3359447,0.0007480121,0.0,0.46792692,1.0135808
8909,56.941105,0.0,83.67954,6.3359594,0.0006255668,0.0,0.45615327,1.0135772
8910,68.87735,0.0,84.80431,6.335974,0.00064668444,0.0,0.48190928,1.0135739
8911,70.00566,0.0,82.24951,6.3359942,0.0006819439,0.0,0.43766564,1.0135715
8912,62.089012,0.0,78.877884,6.3360105,0.00078968273,0.0,0.44423768,1.0135691
8913,70.68224,0.0,85.621376,6.3360295,0.0007357629,0.0,0.4147695,1.0135666
8914,67.6895,0.0,87.32994,6.336051,0.0007175028,0.0,0.46904504,1.0135643
8915,74.85505,0.0,86.74496,6.3360643,0.0006506217,0.0,0.44942814,1.013562
8916,81.70576,0.0,88.76675,6.336076,0.0006021304,0.0,0.43811375,1.0135665
8917,68.66029,0.0,69.280945,6.3360786,0.00093598384,0.0,0.45885083,1.0135701
8918,64.15957,0.0,90.5613,6.3360767,0.0004414499,0.0,0.43665975,1.0135732
8919,91.39575,0.0,62.388527,6.336075,0.0008565387,0.0,0.431517,1.0135758
8920,76.6389,0.0,81.04041,6.3360724,0.000610149,0.0,0.46073383,1.0135783
8921,85.54779,0.0,92.88807,6.336071,0.0007682614,0.0,0.43149158,1.0135803
8922,75.67633,0.0,79.18405,6.3360744,0.0007604015,0.0,0.45339105,1.013582
8923,109.33413,0.0,90.98499,6.336077,0.00059201516,0.0,0.4431793,1.0135831
8924,62.827293,0.0,84.2944,6.336079,0.00088229787,0.0,0.39006883,1.013584
8925,76.74654,0.0,85.3942,6.336083,0.0005184041,0.0,0.4378137,1.0135845
8926,73.563965,0.0,90.80891,6.336093,0.00067319674,0.0,0.45497096,1.0135868
8927,68.13625,0.0,82.24445,6.3361053,0.0005585013,0.0,0.44858727,1.0135888
8928,72.19171,0.0,103.36305,6.336118,0.00061552826,0.0,0.38946483,1.0135905
8929,83.269356,0.0,78.6232,6.336131,0.0005370269,0.0,0.48254606,1.0135916
8930,76.87993,0.0,80.04841,6.3361425,0.0004746194,0.0,0.48488268,1.0135926
8931,69.760376,0.0,79.839676,6.3361487,0.0007039315,0.0,0.4627545,1.0135931
8932,90.99401,0.0,92.28109,6.336152,0.00055865175,0.0,0.39629573,1.0136049
8933,94.05742,0.0,89.73924,6.3361554,0.00047949253,0.0,0.43234083,1.0136153
8934,76.64342,0.0,109.839874,6.336159,0.000427121,0.0,0.4300514,1.0136244
8935,104.909195,0.0,85.638374,6.336159,0.00076206995,0.0,0.4443786,1.0136325
8936,92.013054,0.0,83.93769,6.3361526,0.0004919835,0.0,0.4319676,1.0136397
8937,92.84023,0.0,106.5365,6.3361473,0.0009790639,0.0,0.43513107,1.013646
8938,69.72392,0.0,70.623795,6.3361425,0.00062644173,0.0,0.3891748,1.0136516
8939,73.59033,0.0,100.92291,6.3361397,0.0009062776,0.0,0.44342265,1.0136563
8940,87.65578,0.0,106.67355,6.336134,0.0011516875,0.0,0.439532,1.0136603
8941,88.8257,0.0,79.699394,6.336126,0.00083386933,0.0,0.4702483,1.0136636
8942,67.56421,0.0,103.53643,6.336122,0.0005300644,0.0,0.4180913,1.0136665
8943,82.06531,0.0,98.43256,6.3361163,0.00088960386,0.0,0.4537513,1.0136688
8944,73.89643,0.0,88.61762,6.3361063,0.00062534446,0.0,0.47110814,1.0136719
8945,73.16934,0.0,76.66858,6.336101,0.0006045936,0.0,0.45241427,1.0136737
8946,90.33714,0.0,76.563286,6.336096,0.000830211,0.0,0.48069856,1.0136763
8947,95.657555,0.0,72.07783,6.336093,0.00053142983,0.0,0.4658235,1.0136781
8948,70.95345,0.0,107.83787,6.336097,0.00061037444,0.0,0.46753225,1.0136808
8949,71.104065,0.0,109.08618,6.3361025,0.0006852235,0.0,0.42708534,1.0136831
8950,67.068535,0.0,68.28551,6.336112,0.0006960523,0.0,0.43066368,1.0136842
8951,69.862755,0.0,85.82153,6.3361244,0.0005648948,0.0,0.45612502,1.013685
8952,71.91706,0.0,104.31854,6.336131,0.0005881909,0.0,0.45440412,1.0136853
8953,71.51057,0.0,87.563576,6.3361425,0.00081281055,0.0,0.42906493,1.0136856
8954,61.228962,0.0,93.96219,6.3361588,0.00051682483,0.0,0.44968647,1.013688
8955,64.52961,0.0,95.00586,6.336172,0.000705853,0.0,0.4460102,1.0136902
8956,67.34126,0.0,79.123566,6.336184,0.00067193795,0.0,0.42550486,1.0136893
8957,80.45291,0.0,80.38681,6.336194,0.0006394267,0.0,0.44527388,1.0136904
8958,57.783375,0.0,73.75841,6.3362017,0.000564324,0.0,0.4322966,1.0136912
8959,83.14067,0.0,72.467285,6.3362083,0.0005597984,0.0,0.41825098,1.0136918
8960,57.40658,0.0,90.40863,6.3362203,0.00061000977,0.0,0.45572218,1.0136921
8961,78.96828,0.0,82.32707,6.3362317,0.000748854,0.0,0.5034524,1.0136921
8962,96.87997,0.0,76.4422,6.3362436,0.0006266529,0.0,0.42678112,1.0136882
8963,77.075325,0.0,80.57795,6.3362556,0.00055014406,0.0,0.46150118,1.0136844
8964,88.00469,0.0,87.77472,6.336264,0.0007754767,0.0,0.43422875,1.0136809
8965,88.20261,0.0,78.42918,6.3362675,0.0004070545,0.0,0.40533042,1.0136777
8966,76.21002,0.0,82.95024,6.336269,0.00068601535,0.0,0.4337511,1.0136745
8967,74.63174,0.0,104.09683,6.3362727,0.0005170131,0.0,0.45686865,1.0136716
8968,71.96886,0.0,87.38621,6.3362727,0.0006270408,0.0,0.44328094,1.0136687
8969,60.498634,0.0,82.59803,6.3362756,0.0006608282,0.0,0.43369597,1.0136656
8970,79.37355,0.0,85.21657,6.3362794,0.00071668543,0.0,0.45023173,1.0136623
8971,70.4429,0.0,81.36825,6.336286,0.00060101936,0.0,0.4708751,1.0136595
8972,67.34262,0.0,85.9185,6.336293,0.00066561764,0.0,0.39245796,1.0136567
8973,77.9741,0.0,87.52436,6.3363013,0.00083968206,0.0,0.48692513,1.0136539
8974,91.70236,0.0,85.11175,6.3363056,0.0005210261,0.0,0.45331416,1.0136573
8975,69.68831,0.0,89.85337,6.3363137,0.0008191477,0.0,0.4551835,1.0136609
8976,58.834846,0.0,88.033394,6.336322,0.0009701081,0.0,0.43315586,1.0136641
8977,80.13228,0.0,78.63847,6.336327,0.00060491613,0.0,0.43206665,1.0136667
8978,71.01753,0.0,103.35922,6.3363295,0.00068116665,0.0,0.44426724,1.0136693
8979,70.86762,0.0,84.91364,6.336331,0.000894319,0.0,0.47611272,1.0136716
8980,67.21382,0.0,97.28266,6.3363395,0.00073583977,0.0,0.43958625,1.0136734
8981,53.64799,0.0,89.84013,6.3363495,0.0005952454,0.0,0.46449217,1.0136746
8982,94.23868,0.0,94.64507,6.3363667,0.0006846457,0.0,0.42020974,1.0136757
8983,69.251114,0.0,72.19581,6.3363914,0.00060571457,0.0,0.43655333,1.0136831
8984,91.001236,0.0,76.810005,6.33642,0.0005320487,0.0,0.4414935,1.0136896
8985,92.570206,0.0,96.886444,6.3364463,0.0006404257,0.0,0.4019785,1.0136955
8986,63.541958,0.0,83.25422,6.3364644,0.00057773263,0.0,0.47111523,1.0137007
8987,70.41865,0.0,94.97103,6.336476,0.00056438474,0.0,0.44561777,1.0137055
8988,86.473495,0.0,94.53782,6.336484,0.00069866114,0.0,0.4239353,1.0137094
8989,70.80892,0.0,82.21552,6.3364882,0.0008157954,0.0,0.41620684,1.0137141
8990,64.1634,0.0,69.223434,6.3364863,0.0005248998,0.0,0.4613865,1.0137179
8991,82.55674,0.0,86.20283,6.336479,0.00059864053,0.0,0.4292733,1.0137212
8992,66.24751,0.0,84.95781,6.336474,0.0005660024,0.0,0.45237297,1.013716
8993,61.4528,0.0,98.41553,6.3364706,0.00068715645,0.0,0.44410777,1.0137111
8994,66.73641,0.0,88.93462,6.336463,0.0009818459,0.0,0.46227917,1.0137068
8995,81.594284,0.0,76.74567,6.336459,0.0007755562,0.0,0.44121546,1.0137026
8996,91.43452,0.0,99.91382,6.336454,0.00061299145,0.0,0.41995463,1.0136989
8997,93.45234,0.0,87.24796,6.336452,0.0009921943,0.0,0.46037954,1.0136952
8998,68.127815,0.0,77.83252,6.336452,0.0008238411,0.0,0.4488564,1.0136918
8999,60.80947,0.0,82.53552,6.3364563,0.00052368455,0.0,0.41896272,1.0136861
9000,92.40969,0.0,75.17862,6.3364544,0.00068890786,0.0,0.41263828,1.0136809
9001,83.86424,0.0,86.39071,6.336454,0.00083134597,0.0,0.42679018,1.0136759
9002,62.957863,0.0,87.1952,6.336455,0.0006877589,0.0,0.42805752,1.0136713
9003,89.56701,0.0,94.09863,6.3364563,0.00077664177,0.0,0.44730377,1.013667
9004,63.8505,0.0,101.94435,6.3364577,0.0006203361,0.0,0.4370049,1.0136606
9005,73.82672,0.0,92.27846,6.3364654,0.0005757959,0.0,0.4166522,1.0136546
9006,67.9074,0.0,67.825356,6.3364763,0.0006926069,0.0,0.46527204,1.0136491
9007,85.81136,0.0,77.10513,6.336488,0.00060829794,0.0,0.41986454,1.0136439
9008,65.51711,0.0,86.2138,6.336497,0.00069901766,0.0,0.43406576,1.0136234
9009,64.02931,0.0,82.30137,6.3365088,0.0006559979,0.0,0.44732806,1.0136049
9010,92.20901,0.0,82.183975,6.3365235,0.0006201945,0.0,0.44326776,1.0135881
9011,75.8965,0.0,93.47912,6.336538,0.000891712,0.0,0.46331343,1.0135728
9012,74.31806,0.0,87.00073,6.3365493,0.0006045903,0.0,0.43894526,1.0135591
9013,77.716385,0.0,79.4681,6.3365602,0.00083651603,0.0,0.40947112,1.0135471
9014,87.78998,0.0,65.08491,6.3365717,0.0008465522,0.0,0.40834516,1.0135359
9015,75.084885,0.0,92.01732,6.3365808,0.00078981556,0.0,0.4429316,1.0135258
9016,83.16994,0.0,79.126976,6.336589,0.0006757878,0.0,0.42810386,1.0135164
9017,62.00797,0.0,83.877266,6.3365965,0.0005797548,0.0,0.43417248,1.0135124
9018,87.33205,0.0,90.536575,6.336603,0.0009046375,0.0,0.48488614,1.0135084
9019,82.45199,0.0,97.85265,6.336613,0.00067253027,0.0,0.45416555,1.0135049
9020,77.60725,0.0,71.02153,6.3366165,0.00086815504,0.0,0.44251344,1.0135044
9021,88.951,0.0,86.34013,6.3366117,0.0007709898,0.0,0.40075684,1.0135081
9022,92.32075,0.0,80.40773,6.336604,0.00053046277,0.0,0.47446522,1.0135089
9023,65.13046,0.0,84.54132,6.3365984,0.00071646477,0.0,0.4598866,1.0135102
9024,106.84026,0.0,88.41764,6.336597,0.0005236842,0.0,0.43617496,1.0135113
9025,87.55944,0.0,74.21987,6.3366003,0.00077062217,0.0,0.431743,1.0135169
9026,86.28159,0.0,95.06577,6.336598,0.00049791037,0.0,0.45918542,1.0135219
9027,62.073616,0.0,77.280045,6.3365912,0.0006195976,0.0,0.47240323,1.0135263
9028,62.272533,0.0,97.3462,6.3365865,0.0007835524,0.0,0.4939242,1.0135304
9029,62.86255,0.0,86.844826,6.3365836,0.0006658581,0.0,0.4355687,1.0135336
9030,97.12228,0.0,96.841156,6.3365817,0.0006215038,0.0,0.43103516,1.0135365
9031,86.8862,0.0,86.30747,6.33658,0.0006017007,0.0,0.4328692,1.0135388
9032,71.18694,0.0,78.52413,6.3365793,0.0006458077,0.0,0.42449486,1.0135409
9033,58.463444,0.0,89.219574,6.33658,0.0006876979,0.0,0.45063746,1.0135424
9034,80.66886,0.0,76.51059,6.3365846,0.0006949582,0.0,0.46129426,1.0135438
9035,69.39458,0.0,70.44113,6.3365936,0.00057532405,0.0,0.42001176,1.0135446
9036,67.95423,0.0,94.3669,6.336603,0.0007488124,0.0,0.44680727,1.0135452
9037,73.94806,0.0,74.68674,6.3366146,0.0009467157,0.0,0.42983288,1.0135455
9038,72.32148,0.0,71.653275,6.3366256,0.0005975742,0.0,0.43047595,1.0135455
9039,72.58738,0.0,80.58844,6.336639,0.00046203396,0.0,0.47396517,1.0135458
9040,81.99203,0.0,73.92699,6.3366537,0.00078447757,0.0,0.44012785,1.0135455
9041,80.37933,0.0,90.29103,6.3366694,0.00042255456,0.0,0.41439795,1.0135453
9042,80.236115,0.0,76.308075,6.3366838,0.00060177303,0.0,0.43957195,1.0135449
9043,62.435146,0.0,84.16248,6.3366976,0.00055526174,0.0,0.4078885,1.0135444
9044,61.175446,0.0,82.83022,6.336708,0.0005168472,0.0,0.4599131,1.0135361
9045,57.727337,0.0,102.73449,6.3367176,0.00084157696,0.0,0.45249364,1.0135281
9046,80.52887,0.0,72.060776,6.3367295,0.00058874715,0.0,0.4729079,1.0135207
9047,78.89973,0.0,96.10311,6.336745,0.0005982483,0.0,0.45656633,1.013514
9048,67.31051,0.0,104.67979,6.3367543,0.0005742777,0.0,0.44491285,1.013508
9049,79.79326,0.0,77.88579,6.3367634,0.0006023116,0.0,0.44351077,1.0135021
9050,79.551186,0.0,89.26086,6.3367743,0.00072277104,0.0,0.4405703,1.0134965
9051,80.31714,0.0,85.73825,6.3367863,0.0005823827,0.0,0.3936485,1.0134912
9052,61.718952,0.0,92.04463,6.336797,0.00085999834,0.0,0.42419717,1.0134863
9053,85.538475,0.0,86.60263,6.3368053,0.0008751055,0.0,0.45823562,1.0134815
9054,80.41938,0.0,92.52437,6.3368187,0.0010349045,0.0,0.45864412,1.013477
9055,73.08193,0.0,81.07968,6.336828,0.0005944389,0.0,0.44446677,1.0134727
9056,73.734695,0.0,95.33177,6.336837,0.00071274344,0.0,0.4076969,1.0134691
9057,77.8746,0.0,81.15571,6.3368444,0.0007543324,0.0,0.4718872,1.013469
9058,78.20017,0.0,98.27259,6.336851,0.00073106604,0.0,0.42548323,1.0134689
9059,81.04942,0.0,84.44848,6.3368597,0.0007465915,0.0,0.43184933,1.0134686
9060,68.83649,0.0,86.45539,6.336864,0.0010488988,0.0,0.4501295,1.0134681
9061,77.372314,0.0,93.410576,6.336868,0.00069462263,0.0,0.41949272,1.0134677
9062,69.11846,0.0,79.43226,6.3368716,0.00075631746,0.0,0.43563598,1.013467
9063,93.77848,0.0,90.78516,6.336876,0.00062754285,0.0,0.44804853,1.013466
9064,77.24629,0.0,91.74442,6.3368816,0.0009863002,0.0,0.44128823,1.013465
9065,59.098816,0.0,107.215385,6.3368893,0.00076069846,0.0,0.4388493,1.013464
9066,68.76491,0.0,75.49262,6.336896,0.000652387,0.0,0.44774863,1.0134628
9067,72.374596,0.0,69.42466,6.336903,0.00069383316,0.0,0.44073957,1.0134615
9068,81.28146,0.0,102.13441,6.336908,0.00053617795,0.0,0.42196143,1.0134599
9069,57.466892,0.0,94.593216,6.336914,0.00085931196,0.0,0.45018023,1.0134583
9070,83.56583,0.0,59.079987,6.3369155,0.0007265927,0.0,0.45867956,1.0134567
9071,72.455536,0.0,75.83222,6.336915,0.00069036696,0.0,0.42776388,1.0134609
9072,72.72741,0.0,101.749405,6.3369164,0.0007153575,0.0,0.4237656,1.0134643
9073,76.92703,0.0,103.30914,6.33692,0.0005383899,0.0,0.42799854,1.0134673
9074,73.57269,0.0,79.177,6.336927,0.0007317648,0.0,0.41199654,1.0134697
9075,81.37385,0.0,84.984406,6.3369355,0.00069408654,0.0,0.47254607,1.0134717
9076,49.22884,0.0,123.700035,6.3369517,0.00063896197,0.0,0.43473822,1.0134662
9077,77.137215,0.0,81.22889,6.336965,0.0010030912,0.0,0.4503281,1.0134609
9078,96.85211,0.0,73.98509,6.336987,0.0008836139,0.0,0.44113082,1.0134561
9079,59.93227,0.0,88.765625,6.337008,0.00087379536,0.0,0.44807693,1.0134512
9080,68.84834,0.0,101.30262,6.337027,0.0008316903,0.0,0.39520884,1.0134467
9081,71.3688,0.0,84.08424,6.3370466,0.00097634195,0.0,0.44456673,1.0134413
9082,72.113716,0.0,98.4261,6.337066,0.0006620968,0.0,0.44955045,1.0134363
9083,70.32122,0.0,93.943535,6.3370814,0.0005911017,0.0,0.4368937,1.0134317
9084,66.97768,0.0,92.41455,6.337095,0.000821761,0.0,0.42050797,1.013427
9085,81.94906,0.0,97.72448,6.3371005,0.00073720363,0.0,0.43739957,1.0134227
9086,61.551025,0.0,93.340576,6.3371053,0.0006637034,0.0,0.4089095,1.0134187
9087,66.041695,0.0,68.88198,6.3371086,0.00075523125,0.0,0.4644867,1.0134149
9088,79.845184,0.0,88.49988,6.3371115,0.0006224582,0.0,0.43471092,1.0134109
9089,73.87674,0.0,106.00327,6.3371134,0.0006315405,0.0,0.41705355,1.0134072
9090,111.836494,0.0,84.25988,6.3371143,0.0008105935,0.0,0.43847376,1.0134038
9091,73.24797,0.0,110.92997,6.3371153,0.00069745927,0.0,0.41817126,1.0134004
9092,75.60591,0.0,91.580025,6.3371196,0.0011125992,0.0,0.4026862,1.0133971
9093,73.037025,0.0,94.92977,6.337128,0.0006825159,0.0,0.45438454,1.0133939
9094,72.6685,0.0,81.63606,6.337136,0.0006325868,0.0,0.40699697,1.0133908
9095,69.91277,0.0,103.753334,6.33714,0.00062453776,0.0,0.41701993,1.0133876
9096,82.006874,0.0,90.53659,6.337146,0.0005934804,0.0,0.46515116,1.0133845
9097,74.36815,0.0,75.35114,6.3371525,0.0005846432,0.0,0.41005206,1.0133816
9098,67.268166,0.0,80.637726,6.337155,0.0006924666,0.0,0.45850706,1.0133871
9099,91.008835,0.0,64.160126,6.3371563,0.0007372367,0.0,0.43555093,1.0133922
9100,50.4167,0.0,85.30863,6.3371654,0.00066420087,0.0,0.4491454,1.0133965
9101,82.53278,0.0,111.18177,6.337175,0.0007942056,0.0,0.44951725,1.0134003
9102,80.43461,0.0,96.85995,6.3371854,0.0006690649,0.0,0.41748235,1.013404
9103,99.70474,0.0,86.855156,6.3371964,0.0005685339,0.0,0.46730924,1.0134069
9104,80.152336,0.0,94.15451,6.337207,0.00049780146,0.0,0.4411287,1.0134097
9105,94.30244,0.0,68.67532,6.3372197,0.00062517915,0.0,0.42094702,1.0134124
9106,88.040985,0.0,88.11126,6.3372283,0.0007284777,0.0,0.47022396,1.0134143
9107,73.44115,0.0,91.83112,6.3372345,0.0005806121,0.0,0.4195752,1.013416
9108,59.678185,0.0,82.04801,6.33724,0.00063455425,0.0,0.4434,1.0134174
9109,85.29844,0.0,105.914825,6.3372493,0.00064880133,0.0,0.46279418,1.0134183
9110,65.387566,0.0,62.707073,6.3372602,0.00070242793,0.0,0.42652267,1.0134189
9111,69.74352,0.0,84.20949,6.3372707,0.0008561291,0.0,0.42577308,1.0134193
9112,77.3774,0.0,89.81878,6.3372827,0.00092711765,0.0,0.44754547,1.0134194
9113,59.17386,0.0,75.68832,6.3372955,0.0007054665,0.0,0.4434074,1.0134192
9114,71.85773,0.0,95.88992,6.3373065,0.00055925257,0.0,0.39160416,1.0134178
9115,88.714554,0.0,110.34657,6.337315,0.0007197306,0.0,0.4438405,1.0134166
9116,79.256966,0.0,90.468506,6.337324,0.0007178945,0.0,0.4292254,1.0134155
9117,62.05853,0.0,90.07368,6.3373322,0.00076210755,0.0,0.43155605,1.0134143
9118,81.534065,0.0,82.171364,6.3373427,0.0009365883,0.0,0.45280784,1.0134132
9119,74.1035,0.0,96.483116,6.3373523,0.0006963359,0.0,0.4303279,1.0134119
9120,60.956085,0.0,96.11212,6.3373604,0.0010265661,0.0,0.44519514,1.0134106
9121,65.03388,0.0,79.1549,6.3373694,0.0004753795,0.0,0.4583153,1.013409
9122,83.54169,0.0,86.111565,6.337379,0.00082347065,0.0,0.42264754,1.0134077
9123,68.65047,0.0,90.0162,6.337392,0.000693456,0.0,0.43073064,1.0134308
9124,72.2432,0.0,98.46387,6.3374066,0.00073365,0.0,0.47153828,1.0134515
9125,60.491676,0.0,96.103195,6.3374267,0.00067983114,0.0,0.4508888,1.0134735
9126,101.276985,0.0,86.975235,6.3374424,0.00056554837,0.0,0.41931075,1.0134933
9127,75.28835,0.0,90.167595,6.3374543,0.0008064438,0.0,0.45465907,1.0135106
9128,86.262535,0.0,80.85326,6.337463,0.0005318748,0.0,0.41864985,1.0135263
9129,63.825993,0.0,82.03203,6.3374662,0.0010608863,0.0,0.42945683,1.0135404
9130,76.39909,0.0,92.35811,6.337469,0.00047877966,0.0,0.4110163,1.0135529
9131,82.51001,0.0,80.72007,6.337477,0.00045250513,0.0,0.46401417,1.0135641
9132,66.35024,0.0,84.46759,6.3374777,0.0009099407,0.0,0.42902634,1.0135741
9133,57.319534,0.0,98.34121,6.337479,0.0005567167,0.0,0.45570326,1.0135826
9134,75.42503,0.0,83.039986,6.3374805,0.0005285499,0.0,0.46989197,1.0135902
9135,70.0308,0.0,78.10162,6.337482,0.00072928786,0.0,0.43257043,1.013597
9136,74.60949,0.0,72.372574,6.33748,0.00066303695,0.0,0.4274866,1.0136029
9137,79.02637,0.0,77.48197,6.3374786,0.0006967242,0.0,0.43287688,1.0136077
9138,69.62824,0.0,86.01035,6.3374743,0.00094276015,0.0,0.4117729,1.0136119
9139,80.686005,0.0,118.40899,6.3374696,0.0005293551,0.0,0.45795888,1.0136155
9140,108.14733,0.0,78.74946,6.3374686,0.0008084785,0.0,0.44817483,1.0136185
9141,58.3192,0.0,78.90811,6.3374667,0.0008568579,0.0,0.42050573,1.0136641
9142,67.324455,0.0,101.06801,6.3374643,0.0005455211,0.0,0.43939647,1.0137054
9143,78.89377,0.0,85.37781,6.337466,0.00059205084,0.0,0.45084238,1.0137428
9144,90.40355,0.0,102.41047,6.3374724,0.00083025673,0.0,0.45179343,1.0137765
9145,64.16837,0.0,97.041695,6.337478,0.00075847766,0.0,0.44224954,1.013807
9146,58.8571,0.0,66.43111,6.3374867,0.00061783346,0.0,0.46041596,1.0138344
9147,89.15514,0.0,69.75432,6.3374925,0.00069762924,0.0,0.40650797,1.013859
9148,78.97274,0.0,84.487076,6.3374968,0.0006714808,0.0,0.4618164,1.013881
9149,80.02476,0.0,88.53727,6.337503,0.0005220972,0.0,0.41391215,1.0139008
9150,80.61004,0.0,79.09697,6.3375096,0.0005723117,0.0,0.45575985,1.0139183
9151,82.46907,0.0,92.80923,6.337514,0.00085427676,0.0,0.40916786,1.013934
9152,59.08972,0.0,77.88679,6.3375177,0.0007070373,0.0,0.44749975,1.0139477
9153,68.916115,0.0,93.622734,6.337523,0.00058308186,0.0,0.44542164,1.01396
9154,54.225147,0.0,91.19316,6.3375278,0.0010244724,0.0,0.41646275,1.0139711
9155,58.901207,0.0,78.73382,6.3375273,0.0006056335,0.0,0.42714882,1.0139805
9156,85.216324,0.0,64.07291,6.3375287,0.0007509083,0.0,0.45154986,1.0139885
9157,79.402794,0.0,92.8001,6.3375287,0.0008964833,0.0,0.4638018,1.0139941
9158,69.741455,0.0,73.897156,6.3375263,0.0006096354,0.0,0.44186997,1.0139987
9159,91.073875,0.0,80.185936,6.337524,0.0007500532,0.0,0.45222473,1.0140032
9160,58.273106,0.0,100.11232,6.337525,0.0006665045,0.0,0.47033525,1.0140064
9161,90.1387,0.0,96.05436,6.3375273,0.0006906578,0.0,0.4449297,1.0140094
9162,77.119354,0.0,80.1798,6.3375263,0.0006174982,0.0,0.44798678,1.0140116
9163,83.670654,0.0,78.16953,6.337531,0.0005557678,0.0,0.43210074,1.0140134
9164,75.89854,0.0,89.62835,6.3375344,0.0008145561,0.0,0.44946545,1.0140145
9165,74.14753,0.0,89.41846,6.337538,0.000684006,0.0,0.4284882,1.0140154
9166,69.84846,0.0,107.03696,6.337541,0.00073217973,0.0,0.44258446,1.0140163
9167,61.76248,0.0,103.26411,6.3375473,0.0006190577,0.0,0.43816575,1.0140167
9168,65.31186,0.0,97.308495,6.3375525,0.0006815834,0.0,0.4028543,1.014017
9169,75.68509,0.0,73.86387,6.337565,0.0007158341,0.0,0.4237953,1.014017
9170,69.52021,0.0,117.694595,6.3375783,0.00066017563,0.0,0.45562744,1.0140169
9171,88.21684,0.0,82.40272,6.337585,0.00062023895,0.0,0.4351818,1.0140164
9172,84.0683,0.0,70.91435,6.337592,0.00069729984,0.0,0.40978277,1.0140157
9173,80.67544,0.0,59.34642,6.3376036,0.0007555389,0.0,0.43673858,1.0140148
9174,63.074974,0.0,70.617516,6.337614,0.00081959873,0.0,0.44159955,1.0140138
9175,62.560734,0.0,84.24347,6.3376236,0.0005443989,0.0,0.44618344,1.0140127
9176,78.50679,0.0,86.97754,6.3376365,0.00065780035,0.0,0.46885538,1.0140113
9177,64.06091,0.0,87.91709,6.337646,0.0005087149,0.0,0.43211907,1.0140098
9178,78.57724,0.0,100.059555,6.337653,0.00051274,0.0,0.4307943,1.0140084
9179,60.419296,0.0,82.345345,6.337657,0.0004059337,0.0,0.43649706,1.0140069
9180,82.73393,0.0,77.24102,6.3376627,0.0004704155,0.0,0.4321241,1.0140053
9181,65.98388,0.0,78.325645,6.3376656,0.00056393363,0.0,0.42961156,1.0140035
9182,69.330765,0.0,95.222496,6.337669,0.0005758444,0.0,0.4306733,1.0139998
9183,85.527885,0.0,104.687485,6.3376694,0.0004917287,0.0,0.4397406,1.013996
9184,84.17736,0.0,87.09698,6.337676,0.00053944014,0.0,0.4188442,1.0139941
9185,62.04936,0.0,85.703125,6.337688,0.00049806683,0.0,0.45053118,1.013992
9186,85.15052,0.0,71.67172,6.3377037,0.00077248947,0.0,0.45879918,1.0139899
9187,62.738834,0.0,64.527245,6.3377213,0.0006836403,0.0,0.42528865,1.0139877
9188,79.73177,0.0,90.4077,6.337735,0.0006104988,0.0,0.42919248,1.0139854
9189,66.42857,0.0,94.886246,6.337748,0.0006789146,0.0,0.46026897,1.0139927
9190,63.989388,0.0,85.876564,6.3377633,0.000726169,0.0,0.4318537,1.0139989
9191,62.86381,0.0,96.78973,6.337778,0.00057820627,0.0,0.43194994,1.0139973
9192,65.79042,0.0,78.47485,6.3377934,0.0004906367,0.0,0.44523656,1.0139956
9193,94.01834,0.0,89.2394,6.337806,0.0004881554,0.0,0.4296338,1.0139941
9194,72.39964,0.0,67.01191,6.3378177,0.00040053166,0.0,0.42740268,1.0139923
9195,79.81951,0.0,83.183655,6.3378263,0.000437143,0.0,0.43854064,1.0139905
9196,84.47966,0.0,84.852264,6.3378353,0.00073704676,0.0,0.4441701,1.0139887
9197,66.97116,0.0,75.48175,6.337843,0.00064035616,0.0,0.45141563,1.01399
9198,73.061714,0.0,89.39253,6.337847,0.0011136343,0.0,0.45075613,1.0139909
9199,74.5535,0.0,85.17897,6.3378477,0.00074517884,0.0,0.4526002,1.0139915
9200,71.66111,0.0,89.779465,6.3378487,0.00076917175,0.0,0.4660948,1.0139947
9201,73.03393,0.0,77.43953,6.33785,0.00058108236,0.0,0.4036824,1.0139972
9202,79.06748,0.0,100.75379,6.337855,0.00068506796,0.0,0.48987955,1.0139996
9203,78.942055,0.0,124.1596,6.3378572,0.00058765005,0.0,0.42157578,1.0140015
9204,90.83191,0.0,66.862045,6.3378615,0.00083920173,0.0,0.43190503,1.0140028
9205,54.270996,0.0,59.670235,6.337868,0.0005069704,0.0,0.47072524,1.0140041
9206,66.99993,0.0,95.75482,6.3378773,0.0005284904,0.0,0.4670629,1.0140048
9207,70.58489,0.0,83.50534,6.337888,0.00045873132,0.0,0.43553042,1.0140055
9208,85.20763,0.0,76.795784,6.3378944,0.0006956332,0.0,0.4674545,1.0140057
9209,74.824905,0.0,67.35716,6.337905,0.00065694674,0.0,0.45435452,1.0140055
9210,62.177956,0.0,101.71483,6.3379135,0.00052836124,0.0,0.43936938,1.0140057
9211,73.745834,0.0,90.25685,6.3379254,0.0007632243,0.0,0.45858884,1.0140055
9212,54.001472,0.0,96.521904,6.3379292,0.0005762374,0.0,0.43749127,1.0140052
9213,61.188087,0.0,90.87523,6.3379335,0.00062794104,0.0,0.43727654,1.0140039
9214,68.39142,0.0,74.486115,6.33794,0.00039347034,0.0,0.40646863,1.0140024
9215,78.74054,0.0,84.392075,6.3379493,0.00074112264,0.0,0.4346107,1.0140008
9216,70.56659,0.0,89.811676,6.3379536,0.00072241935,0.0,0.43586636,1.0139991
9217,64.96102,0.0,98.66498,6.3379564,0.0017840684,0.0,0.47778246,1.0139973
9218,60.94815,0.0,75.42934,6.337958,0.0008693433,0.0,0.4618405,1.0139956
9219,96.157555,0.0,90.085884,6.337958,0.00068239763,0.0,0.4438293,1.013994
9220,87.86163,0.0,69.292984,6.337961,0.0006859157,0.0,0.4071899,1.0139923
9221,64.100395,0.0,83.973404,6.337959,0.0006708618,0.0,0.4371403,1.0139906
9222,63.361774,0.0,73.94013,6.337957,0.00067561277,0.0,0.4441539,1.0139886
9223,74.569435,0.0,74.422615,6.3379545,0.0007056984,0.0,0.47796854,1.0139863
9224,73.77632,0.0,99.07765,6.3379483,0.00081208535,0.0,0.4496829,1.0139842
9225,72.68361,0.0,80.79639,6.3379455,0.00066876516,0.0,0.41553372,1.0139818
9226,86.30105,0.0,76.25088,6.3379436,0.00046628815,0.0,0.45809168,1.0139797
9227,63.51669,0.0,77.878624,6.337939,0.0007237577,0.0,0.41476867,1.0139774
9228,64.5082,0.0,96.3968,6.3379374,0.00060256483,0.0,0.45443177,1.0139753
9229,68.09287,0.0,94.89022,6.3379374,0.0006975738,0.0,0.47501606,1.0139731
9230,89.89839,0.0,85.36268,6.337941,0.00087451725,0.0,0.4180305,1.0139709
9231,73.773834,0.0,92.110825,6.3379445,0.00044595194,0.0,0.45559835,1.0139686
9232,80.576,0.0,92.899666,6.337949,0.00082794914,0.0,0.43729967,1.0139663
9233,56.789734,0.0,91.12543,6.3379536,0.00073428755,0.0,0.43692908,1.013964
9234,93.062,0.0,92.492546,6.337956,0.000692744,0.0,0.42166433,1.0139617
9235,59.75069,0.0,74.96135,6.3379574,0.0007101195,0.0,0.45857212,1.0139589
9236,74.981995,0.0,78.71941,6.3379564,0.00075109384,0.0,0.42498526,1.0139563
9237,77.928566,0.0,82.58888,6.337957,0.0007110833,0.0,0.41449708,1.0139538
9238,79.62655,0.0,100.27341,6.3379626,0.0007221864,0.0,0.42467424,1.0139512
9239,83.941765,0.0,93.03475,6.3379726,0.00066967186,0.0,0.41883612,1.0139488
9240,74.75478,0.0,67.23847,6.337981,0.00081019464,0.0,0.41598392,1.0139462
9241,86.054276,0.0,96.65997,6.337992,0.0009542316,0.0,0.4324654,1.0139436
9242,88.576935,0.0,89.91834,6.3380027,0.0006540948,0.0,0.41132408,1.0139413
9243,65.10235,0.0,81.61867,6.338014,0.0005141906,0.0,0.44270343,1.0139388
9244,73.54693,0.0,76.015625,6.338026,0.0005782272,0.0,0.43702167,1.0139362
9245,79.33248,0.0,123.1903,6.338037,0.0008529594,0.0,0.42866015,1.013934
9246,68.95907,0.0,101.0958,6.3380494,0.0005122426,0.0,0.43406844,1.0139315
9247,79.61488,0.0,84.19231,6.3380585,0.00068237673,0.0,0.44674596,1.013929
9248,78.620735,0.0,90.50672,6.3380656,0.000533189,0.0,0.44861042,1.0139266
9249,73.32633,0.0,74.69931,6.338073,0.00065725343,0.0,0.4299338,1.0139242
9250,94.55176,0.0,96.60123,6.3380785,0.00053965946,0.0,0.4363881,1.0139219
9251,57.190853,0.0,81.642944,6.3380814,0.00071412226,0.0,0.40616208,1.0139194
9252,71.38128,0.0,89.331764,6.3380857,0.0005299859,0.0,0.4117678,1.0139154
9253,74.324455,0.0,84.71495,6.3380923,0.000547605,0.0,0.41267377,1.0139058
9254,70.56418,0.0,97.55034,6.338098,0.0006218402,0.0,0.38295743,1.0138991
9255,89.50764,0.0,92.8826,6.3381042,0.0007865436,0.0,0.46946368,1.0138929
9256,95.43986,0.0,91.511505,6.3381095,0.0007448233,0.0,0.4633488,1.0138873
9257,63.7493,0.0,93.917984,6.338113,0.00056379585,0.0,0.39216635,1.0138866
9258,88.750435,0.0,87.07606,6.3381186,0.00064120477,0.0,0.42485535,1.0138859
9259,90.57063,0.0,84.00446,6.338128,0.000890756,0.0,0.43262967,1.0138867
9260,75.48968,0.0,90.96076,6.3381405,0.000891739,0.0,0.43858433,1.0138956
9261,66.34738,0.0,91.49189,6.338151,0.0005947995,0.0,0.42658567,1.0139035
9262,62.80753,0.0,92.718925,6.338157,0.0006364788,0.0,0.48207483,1.0139105
9263,60.03442,0.0,77.70522,6.3381658,0.00069875526,0.0,0.41326118,1.0139166
9264,66.8779,0.0,71.196526,6.3381777,0.00072453375,0.0,0.43364272,1.013922
9265,84.93608,0.0,88.8689,6.3381853,0.0006516564,0.0,0.4302388,1.0139276
9266,79.19461,0.0,94.19745,6.338194,0.00076637877,0.0,0.4411044,1.0139326
9267,69.330925,0.0,93.58812,6.3382063,0.0007003906,0.0,0.41382694,1.0139369
9268,61.849884,0.0,99.047295,6.338221,0.00043713482,0.0,0.45984548,1.0139405
9269,74.49953,0.0,92.31916,6.33823,0.0006829064,0.0,0.4292674,1.0139436
9270,105.01195,0.0,105.709274,6.3382444,0.00067509076,0.0,0.43600887,1.013946
9271,71.749306,0.0,93.22246,6.3382573,0.00066210784,0.0,0.42857975,1.0139481
9272,66.749214,0.0,81.30576,6.3382697,0.0005783731,0.0,0.46677905,1.0139496
9273,66.53636,0.0,80.50065,6.3382792,0.00085271586,0.0,0.41548127,1.0139508
9274,70.47163,0.0,91.17933,6.3382893,0.0006879688,0.0,0.43148038,1.0139517
9275,73.5054,0.0,88.17785,6.3383007,0.0005900785,0.0,0.46058106,1.013952
9276,70.133705,0.0,74.31846,6.3383155,0.0007329214,0.0,0.4139228,1.013954
9277,73.28734,0.0,89.19996,6.338328,0.0005973373,0.0,0.42870402,1.0139555
9278,80.65286,0.0,81.35118,6.3383393,0.00064910355,0.0,0.4286775,1.013956
9279,69.31072,0.0,90.60346,6.3383474,0.000638068,0.0,0.43361053,1.013956
9280,63.801556,0.0,74.26366,6.33835,0.00060900894,0.0,0.45367965,1.013956
9281,79.02223,0.0,80.3946,6.3383546,0.00064944517,0.0,0.46177733,1.0139545
9282,60.476017,0.0,87.4632,6.3383646,0.00051215896,0.0,0.46462107,1.0139533
9283,74.60678,0.0,87.56118,6.338375,0.000587515,0.0,0.43629333,1.0139543
9284,88.074425,0.0,73.72548,6.3383846,0.0010949932,0.0,0.44359526,1.013956
9285,64.31761,0.0,97.68385,6.338391,0.00051270844,0.0,0.4550401,1.0139573
9286,76.07807,0.0,71.061005,6.3383927,0.0005617173,0.0,0.42399186,1.0139581
9287,67.02165,0.0,73.00569,6.338393,0.0005195244,0.0,0.4282208,1.0139588
9288,69.58749,0.0,71.97106,6.3384,0.0008779145,0.0,0.42777655,1.013959
9289,60.422462,0.0,66.102264,6.338406,0.00048492802,0.0,0.4382792,1.0139593
9290,75.336494,0.0,92.659294,6.3384156,0.00068659673,0.0,0.41986546,1.013959
9291,68.91242,0.0,80.58164,6.338424,0.00067715684,0.0,0.42769143,1.0139588
9292,68.32929,0.0,79.9272,6.3384304,0.0009007767,0.0,0.42746612,1.0139582
9293,79.80064,0.0,101.693825,6.3384376,0.0005874983,0.0,0.4421299,1.0139574
9294,76.066925,0.0,81.79164,6.3384466,0.00063631614,0.0,0.4486943,1.0139565
9295,82.52325,0.0,102.547874,6.3384523,0.00085744297,0.0,0.45550764,1.0139555
9296,63.962265,0.0,87.18211,6.3384614,0.00065996894,0.0,0.46114358,1.0139543
9297,92.24261,0.0,71.86426,6.338477,0.0006152726,0.0,0.41129118,1.0139529
9298,97.04195,0.0,76.35179,6.3384967,0.00062531955,0.0,0.415418,1.0139514
9299,65.15535,0.0,82.619774,6.338518,0.0005797952,0.0,0.44457817,1.0139494
9300,90.57138,0.0,105.493965,6.3385377,0.000491265,0.0,0.4276083,1.0139474
9301,73.024254,0.0,73.22037,6.338561,0.00047053694,0.0,0.44671664,1.0139467
9302,62.92087,0.0,111.37893,6.3385816,0.00065224426,0.0,0.4415866,1.0139503
9303,87.15766,0.0,87.49732,6.338594,0.0006619593,0.0,0.4325703,1.0139534
9304,85.63765,0.0,85.5565,6.3386045,0.0006343882,0.0,0.43230623,1.0139563
9305,79.86079,0.0,81.198746,6.338619,0.00049766223,0.0,0.45170516,1.0139588
9306,83.72428,0.0,79.84724,6.338631,0.00054807763,0.0,0.41643915,1.0139604
9307,85.30081,0.0,106.54082,6.3386407,0.00090392947,0.0,0.4480914,1.0139617
9308,99.41349,0.0,79.65968,6.338648,0.001102133,0.0,0.43435693,1.0139596
9309,61.282925,0.0,77.384346,6.338652,0.0006255596,0.0,0.4503491,1.0139606
9310,82.36277,0.0,98.76902,6.3386507,0.00072214974,0.0,0.4051338,1.0139611
9311,71.93086,0.0,91.45783,6.3386445,0.0006462344,0.0,0.43413854,1.0139616
9312,66.81956,0.0,68.231384,6.3386345,0.0006581922,0.0,0.4355968,1.0139616
9313,78.0447,0.0,116.41257,6.338627,0.0005791435,0.0,0.44942153,1.0139617
9314,73.05755,0.0,88.82273,6.338615,0.00055609865,0.0,0.4459526,1.0139614
9315,84.81808,0.0,66.579414,6.3386083,0.0006912986,0.0,0.42050123,1.0139614
9316,72.85512,0.0,84.4676,6.3386045,0.0006716425,0.0,0.4322742,1.0139499
9317,85.52569,0.0,74.74534,6.3385997,0.0009163107,0.0,0.43548542,1.0139393
9318,66.15994,0.0,87.15062,6.3385997,0.0008684674,0.0,0.46226665,1.0139298
9319,61.9266,0.0,81.15908,6.338605,0.0007448536,0.0,0.4044785,1.0139209
9320,88.81657,0.0,102.72787,6.33861,0.0004989285,0.0,0.43410406,1.0139127
9321,69.20781,0.0,86.09962,6.33862,0.0005185872,0.0,0.44869384,1.013906
9322,86.73755,0.0,78.236115,6.3386297,0.0006748179,0.0,0.42143095,1.0138998
9323,78.91175,0.0,74.7644,6.338644,0.0005774178,0.0,0.43096015,1.013894
9324,69.56089,0.0,72.68485,6.338659,0.00046172095,0.0,0.44478536,1.0138886
9325,59.55572,0.0,85.28356,6.3386726,0.00058135483,0.0,0.428755,1.0138807
9326,82.41701,0.0,97.27915,6.338686,0.0004740158,0.0,0.42920607,1.0138732
9327,56.44045,0.0,70.53784,6.3387003,0.00083700585,0.0,0.4176697,1.0138663
9328,69.55573,0.0,67.629845,6.3387156,0.00062853855,0.0,0.42090246,1.0138597
9329,86.0021,0.0,98.135605,6.338728,0.0006313892,0.0,0.42588735,1.0138539
9330,71.37272,0.0,93.226135,6.338738,0.000558889,0.0,0.44483793,1.0138456
9331,85.97476,0.0,88.15177,6.33875,0.00046769608,0.0,0.4048652,1.0138382
9332,99.108116,0.0,74.0535,6.33876,0.00059085427,0.0,0.4569769,1.0138313
9333,82.27567,0.0,91.99609,6.3387713,0.0006871833,0.0,0.43461394,1.0138247
9334,65.85626,0.0,80.61163,6.338783,0.0005345868,0.0,0.4502152,1.0138187
9335,75.736115,0.0,93.98145,6.3387938,0.0007125507,0.0,0.4381339,1.013813
9336,73.04652,0.0,91.66583,6.338809,0.0006905303,0.0,0.46107468,1.0138078
9337,53.349583,0.0,67.902664,6.338821,0.000434004,0.0,0.4308498,1.0138206
9338,81.68668,0.0,100.90958,6.3388324,0.00078294356,0.0,0.43401164,1.0138321
9339,76.18006,0.0,79.16579,6.338845,0.00066519715,0.0,0.43713927,1.0138421
9340,75.97039,0.0,105.18815,6.3388553,0.00051684555,0.0,0.4177534,1.0138513
9341,80.731834,0.0,81.53706,6.3388677,0.00082477595,0.0,0.43823647,1.0138608
9342,79.28083,0.0,85.32126,6.3388762,0.0006416553,0.0,0.4597772,1.013869
9343,61.080242,0.0,105.531334,6.338883,0.00055910007,0.0,0.4348559,1.0138764
9344,72.55579,0.0,78.606514,6.3388925,0.000641012,0.0,0.44138306,1.0138826
9345,85.29566,0.0,66.75771,6.338899,0.0009764059,0.0,0.45313022,1.0138885
9346,90.33831,0.0,81.31036,6.3389072,0.00066945207,0.0,0.42343506,1.0138935
9347,81.25799,0.0,103.13776,6.338919,0.0008004249,0.0,0.43817025,1.013898
9348,105.77927,0.0,106.999535,6.3389344,0.0005315497,0.0,0.41927835,1.013902
9349,87.26186,0.0,93.03551,6.3389482,0.00055490807,0.0,0.39901108,1.0139053
9350,65.49823,0.0,103.1721,6.33896,0.000791023,0.0,0.42066258,1.0139084
9351,80.96084,0.0,86.72316,6.338972,0.0010141684,0.0,0.46564502,1.0139126
9352,64.10965,0.0,73.9372,6.338985,0.00059839245,0.0,0.41119882,1.0139163
9353,69.109344,0.0,91.930405,6.3389935,0.0005724302,0.0,0.44387588,1.0139192
9354,80.9222,0.0,71.45093,6.3390026,0.000820677,0.0,0.42499456,1.0139219
9355,72.92762,0.0,78.90721,6.33901,0.0012749888,0.0,0.39627594,1.0139241
9356,74.63613,0.0,83.660355,6.339014,0.00063331,0.0,0.4171958,1.0139257
9357,59.94829,0.0,79.53951,6.3390193,0.0007431053,0.0,0.4473772,1.013927
9358,92.997025,0.0,67.5774,6.3390226,0.00065315294,0.0,0.43132204,1.0139278
9359,76.011665,0.0,82.841194,6.3390303,0.0006847321,0.0,0.4399624,1.0139284
9360,68.7608,0.0,86.76629,6.339037,0.000588174,0.0,0.4398198,1.0139287
9361,96.36312,0.0,85.21242,6.3390427,0.000458981,0.0,0.43539792,1.0139288
9362,80.299904,0.0,84.99513,6.339051,0.0009020445,0.0,0.402258,1.0139285
9363,57.129753,0.0,85.697136,6.3390546,0.00048776122,0.0,0.44069344,1.013928
9364,61.543026,0.0,61.283348,6.339059,0.00044087786,0.0,0.43119562,1.0139275
9365,83.940445,0.0,84.73731,6.339059,0.0006177679,0.0,0.4566617,1.0139301
9366,84.19819,0.0,103.94165,6.3390603,0.0006878019,0.0,0.44052953,1.013932
9367,97.03576,0.0,109.2782,6.3390646,0.0006651647,0.0,0.42017195,1.0139338
9368,67.01838,0.0,99.26557,6.339069,0.0006859444,0.0,0.42920494,1.0139343
9369,85.04633,0.0,94.66603,6.339072,0.00060720334,0.0,0.43837556,1.0139345
9370,62.79536,0.0,91.670105,6.339076,0.0013925236,0.0,0.46553478,1.0139345
9371,76.552826,0.0,85.15471,6.3390813,0.00060225866,0.0,0.46911955,1.0139344
9372,73.25006,0.0,87.935936,6.3390903,0.0006693105,0.0,0.4358194,1.013934
9373,65.900444,0.0,70.01167,6.3390985,0.0005543311,0.0,0.4289307,1.0139334
9374,66.64565,0.0,90.80135,6.3391056,0.0006157033,0.0,0.46766418,1.0139328
9375,92.04797,0.0,80.94585,6.3391123,0.0007164371,0.0,0.4251915,1.0139319
9376,71.34537,0.0,89.97531,6.33912,0.0007784336,0.0,0.42390466,1.0139306
9377,77.28921,0.0,90.38596,6.339125,0.0006859343,0.0,0.40325642,1.0139292
9378,72.123436,0.0,79.35468,6.3391337,0.0007664567,0.0,0.42264092,1.0139279
9379,64.853386,0.0,81.9719,6.339143,0.0006679598,0.0,0.4364769,1.0139266
9380,82.183334,0.0,77.50808,6.3391514,0.00082829566,0.0,0.41415256,1.0139253
9381,81.36453,0.0,82.53717,6.339155,0.0006608639,0.0,0.41463637,1.0139248
9382,67.81487,0.0,75.05733,6.339161,0.0006854687,0.0,0.4346913,1.0139244
9383,70.47458,0.0,78.69064,6.3391633,0.00062815024,0.0,0.41686624,1.0139236
9384,61.282585,0.0,84.89218,6.3391595,0.0006749277,0.0,0.41881055,1.0139228
9385,54.292862,0.0,85.83439,6.3391542,0.00058332435,0.0,0.42841396,1.0139219
9386,77.8729,0.0,91.32119,6.339153,0.0006027183,0.0,0.46270663,1.0139207
9387,83.80417,0.0,69.48302,6.33915,0.001012349,0.0,0.41955826,1.0139154
9388,62.168545,0.0,76.07966,6.3391457,0.00050279626,0.0,0.46937084,1.013912
9389,79.39061,0.0,118.838905,6.339141,0.0005503876,0.0,0.41688037,1.0139143
9390,60.848484,0.0,96.80698,6.33914,0.00062871166,0.0,0.4354046,1.0139163
9391,78.454544,0.0,75.6247,6.339145,0.00075495197,0.0,0.42477244,1.0139179
9392,74.637436,0.0,75.8017,6.3391523,0.0004980231,0.0,0.44629785,1.0139191
9393,76.3908,0.0,93.81188,6.339159,0.00078786723,0.0,0.44295496,1.0139202
9394,76.47627,0.0,88.35884,6.339166,0.00053310936,0.0,0.46009564,1.0139205
9395,72.709816,0.0,97.38178,6.3391695,0.00063261535,0.0,0.46239194,1.0139209
9396,58.368515,0.0,83.39428,6.3391767,0.00059114536,0.0,0.42814326,1.0139209
9397,94.13304,0.0,73.125145,6.3391843,0.00054226804,0.0,0.41793293,1.0139228
9398,59.274765,0.0,88.786415,6.3391924,0.0007098161,0.0,0.42685533,1.0139244
9399,87.05923,0.0,92.43008,6.3392005,0.0006082548,0.0,0.45744428,1.013926
9400,66.15974,0.0,80.50152,6.339214,0.0008442219,0.0,0.40482306,1.0139275
9401,83.065254,0.0,91.2227,6.3392315,0.0009438579,0.0,0.43498906,1.0139284
9402,76.22074,0.0,72.801025,6.3392525,0.00038679253,0.0,0.42074627,1.0139291
9403,70.69574,0.0,106.757744,6.3392715,0.00055532734,0.0,0.45893502,1.0139295
9404,83.24525,0.0,75.81305,6.3392878,0.0007343296,0.0,0.47262996,1.0139295
9405,78.951454,0.0,77.36158,6.3393087,0.00065191253,0.0,0.46291578,1.0139298
9406,75.892395,0.0,79.03353,6.3393283,0.00074829115,0.0,0.436746,1.0139297
9407,59.07224,0.0,89.00192,6.3393455,0.00089673745,0.0,0.4509016,1.0139295
9408,71.46753,0.0,88.84151,6.339363,0.0008937397,0.0,0.44381458,1.013929
9409,66.55419,0.0,85.9957,6.3393807,0.0006470269,0.0,0.43732506,1.0139284
9410,96.57182,0.0,94.42615,6.339397,0.00078393274,0.0,0.4403132,1.0139276
9411,82.7765,0.0,95.00664,6.3394012,0.00072103227,0.0,0.40707678,1.0139266
9412,71.36945,0.0,82.97995,6.3394027,0.0005659025,0.0,0.45335865,1.0139261
9413,99.17883,0.0,86.28031,6.3394017,0.00075054745,0.0,0.42524213,1.0139256
9414,67.15177,0.0,99.200195,6.339403,0.0005763759,0.0,0.44672787,1.0139177
9415,66.61432,0.0,78.045975,6.3394046,0.0008595117,0.0,0.4518375,1.01391
9416,75.6774,0.0,107.72754,6.339403,0.0005905824,0.0,0.44253862,1.0139035
9417,94.71454,0.0,96.84634,6.339403,0.00078769284,0.0,0.45403,1.0138968
9418,65.21718,0.0,76.10757,6.3394017,0.0005882002,0.0,0.41602015,1.0138907
9419,70.38076,0.0,86.570915,6.339406,0.000750339,0.0,0.43549967,1.0138851
9420,84.544876,0.0,79.67379,6.339412,0.0005588507,0.0,0.45982647,1.0138799
9421,69.08907,0.0,101.72642,6.3394203,0.0007559929,0.0,0.44800934,1.0138748
9422,61.93295,0.0,84.30186,6.3394265,0.0005715353,0.0,0.47684464,1.01387
9423,78.31146,0.0,94.92354,6.3394313,0.00063900306,0.0,0.45218596,1.0138655
9424,87.075554,0.0,91.24222,6.339429,0.0004926127,0.0,0.40327787,1.0138626
9425,74.76105,0.0,116.86182,6.3394313,0.00071800034,0.0,0.41858968,1.0138593
9426,80.42173,0.0,88.940865,6.3394303,0.0006124461,0.0,0.4236425,1.0138562
9427,59.108276,0.0,75.76185,6.3394275,0.0010360556,0.0,0.46218905,1.0138532
9428,62.618034,0.0,97.733444,6.339426,0.00078609586,0.0,0.43058413,1.0138503
9429,69.26396,0.0,92.37284,6.3394275,0.00071993534,0.0,0.40339154,1.0138476
9430,97.47224,0.0,108.186714,6.339431,0.0005278196,0.0,0.4404943,1.0138448
9431,66.7439,0.0,85.435555,6.339439,0.0006833853,0.0,0.43665847,1.013842
9432,82.409096,0.0,99.03798,6.33944,0.00079170684,0.0,0.45789665,1.0138394
9433,69.74974,0.0,99.588936,6.3394437,0.0008218118,0.0,0.40665215,1.0138367
9434,75.37398,0.0,98.416374,6.3394594,0.0006039941,0.0,0.39834446,1.0138283
9435,85.31994,0.0,73.638695,6.339476,0.00048213702,0.0,0.44565186,1.0138205
9436,59.991394,0.0,72.96643,6.339493,0.0007457181,0.0,0.4643736,1.0138167
9437,79.48457,0.0,102.471565,6.3395114,0.0006309991,0.0,0.43165192,1.0138135
9438,54.77009,0.0,95.99849,6.33953,0.0008860707,0.0,0.4344841,1.0138099
9439,70.88288,0.0,80.36164,6.3395452,0.00067404856,0.0,0.42153734,1.0138066
9440,82.99031,0.0,73.02255,6.3395586,0.00086061534,0.0,0.4661615,1.0138037
9441,66.3992,0.0,88.79857,6.3395724,0.0006612035,0.0,0.4316272,1.0138009
9442,85.513985,0.0,95.59075,6.3395834,0.00065712817,0.0,0.387287,1.0137984
9443,79.1761,0.0,83.88811,6.339597,0.0006696402,0.0,0.44125375,1.0137956
9444,55.608486,0.0,81.43058,6.339608,0.0006762742,0.0,0.4267146,1.0137995
9445,74.28321,0.0,74.04534,6.3396244,0.0005499138,0.0,0.4162948,1.0138028
9446,80.42588,0.0,76.09724,6.3396406,0.00083833176,0.0,0.43913135,1.0138055
9447,71.077385,0.0,88.487175,6.339658,0.00070571445,0.0,0.4263503,1.0138084
9448,76.319374,0.0,79.901054,6.3396764,0.0007283613,0.0,0.4306098,1.0138108
9449,58.484562,0.0,72.31069,6.339697,0.00064966636,0.0,0.45070678,1.0138128
9450,69.48156,0.0,85.07357,6.339713,0.0005951594,0.0,0.48731422,1.0138143
9451,71.9748,0.0,85.64007,6.3397264,0.0009754482,0.0,0.43767494,1.0138155
9452,109.991035,0.0,75.203415,6.3397408,0.0005437108,0.0,0.4277322,1.0138162
9453,82.7012,0.0,124.54321,6.3397536,0.00051954214,0.0,0.4372475,1.0138167
9454,64.55262,0.0,103.481964,6.3397627,0.0005513471,0.0,0.446846,1.013817
9455,82.30519,0.0,78.36709,6.339763,0.00072351977,0.0,0.43940887,1.013817
9456,72.50235,0.0,96.204254,6.339766,0.0007828785,0.0,0.4283427,1.0138174
9457,83.32633,0.0,81.08633,6.3397717,0.00079271564,0.0,0.47718927,1.0138178
9458,107.4756,0.0,81.58934,6.339777,0.0005659568,0.0,0.4584002,1.0138177
9459,82.15706,0.0,95.192444,6.3397813,0.00088166626,0.0,0.43949956,1.0138177
9460,67.65412,0.0,83.77918,6.339786,0.00066586415,0.0,0.4564036,1.0138173
9461,70.417915,0.0,77.85386,6.3397923,0.00065526733,0.0,0.4627479,1.0138167
9462,61.80784,0.0,71.58612,6.3397965,0.0007940509,0.0,0.45397148,1.0138159
9463,51.98441,0.0,84.06256,6.3397985,0.0005547708,0.0,0.41778228,1.013815
9464,85.296875,0.0,94.941086,6.3397965,0.00075658085,0.0,0.44918638,1.013814
9465,56.537148,0.0,71.140594,6.339799,0.00061905687,0.0,0.426198,1.0138127
9466,66.842,0.0,81.98128,6.3398013,0.000826521,0.0,0.42421758,1.0138125
9467,70.05387,0.0,88.354164,6.3398027,0.00055096124,0.0,0.45286843,1.0138112
9468,65.80135,0.0,90.8713,6.3398094,0.00057231926,0.0,0.44822106,1.0138098
9469,75.60528,0.0,77.3473,6.339817,0.0007298404,0.0,0.42081136,1.0138081
9470,72.517685,0.0,75.907875,6.339828,0.0005919208,0.0,0.4077755,1.0138062
9471,67.975,0.0,108.181725,6.339842,0.0005184936,0.0,0.45646375,1.0138047
9472,52.63193,0.0,109.00819,6.339849,0.0008369106,0.0,0.41713744,1.0138028
9473,73.73321,0.0,76.709175,6.3398576,0.00066985347,0.0,0.4195989,1.0137947
9474,89.34741,0.0,71.27453,6.3398685,0.00059549144,0.0,0.44941756,1.013781
9475,80.32907,0.0,91.27089,6.3398805,0.0008789284,0.0,0.42360958,1.0137686
9476,77.38527,0.0,97.78229,6.3398933,0.00052342453,0.0,0.44138736,1.0137573
9477,93.712036,0.0,97.66926,6.3399057,0.0008046184,0.0,0.4657255,1.0137472
9478,60.78458,0.0,96.64256,6.339917,0.0006137985,0.0,0.4603268,1.0137469
9479,55.67615,0.0,82.202774,6.339925,0.0006102215,0.0,0.4405069,1.0137461
9480,96.88239,0.0,112.017105,6.339932,0.00087884365,0.0,0.4740778,1.0137455
9481,89.27911,0.0,95.46603,6.339938,0.0005887835,0.0,0.45542535,1.0137447
9482,61.315403,0.0,94.53592,6.3399463,0.00068464054,0.0,0.44888145,1.013744
9483,50.930084,0.0,73.630135,6.339955,0.00075061334,0.0,0.4285863,1.0137432
9484,85.77311,0.0,62.2875,6.339969,0.00061182305,0.0,0.43677217,1.0137421
9485,66.52029,0.0,114.386475,6.339983,0.0007466601,0.0,0.43360537,1.0137411
9486,74.44026,0.0,95.372,6.3399987,0.0006042082,0.0,0.4309997,1.01374
9487,77.66805,0.0,102.61389,6.3400116,0.0005670238,0.0,0.44031823,1.0137386
9488,74.90135,0.0,88.38666,6.3400207,0.00073945354,0.0,0.4354442,1.0137373
9489,68.16276,0.0,98.88179,6.3400254,0.0006112905,0.0,0.43479544,1.0137359
9490,66.36452,0.0,91.46939,6.3400292,0.0005772825,0.0,0.4388501,1.0137314
9491,56.339508,0.0,109.49128,6.340031,0.0007546392,0.0,0.46840388,1.0137274
9492,86.46344,0.0,82.24543,6.3400335,0.00053624983,0.0,0.40173936,1.0137241
9493,61.766422,0.0,98.140625,6.340038,0.0006981098,0.0,0.42909583,1.0137209
9494,84.91517,0.0,82.29255,6.3400426,0.0006941119,0.0,0.44789946,1.0137181
9495,80.022255,0.0,74.436195,6.340051,0.00082629174,0.0,0.44656277,1.0137154
9496,77.727806,0.0,75.8444,6.3400617,0.00043378066,0.0,0.46429515,1.013713
9497,71.83613,0.0,81.82052,6.3400755,0.0006347924,0.0,0.4551607,1.0137106
9498,81.9238,0.0,78.31404,6.3400893,0.00058088836,0.0,0.45499444,1.0137084
9499,75.44169,0.0,91.36774,6.3401012,0.00058017275,0.0,0.4275547,1.0137063
9500,68.96882,0.0,79.86039,6.340108,0.00055002316,0.0,0.4994743,1.0137041
9501,101.18305,0.0,87.74095,6.3401203,0.0007754675,0.0,0.4297689,1.0137019
9502,71.66569,0.0,73.70185,6.3401375,0.00062233064,0.0,0.4250905,1.0136999
9503,79.00044,0.0,79.72359,6.340159,0.0005537972,0.0,0.44796595,1.0136969
9504,73.34487,0.0,86.90424,6.3401823,0.0005882319,0.0,0.4185989,1.0136939
9505,93.37619,0.0,84.11348,6.340202,0.00056060054,0.0,0.44954556,1.0136912
9506,69.48577,0.0,83.08381,6.340218,0.0005781213,0.0,0.4385732,1.0136886
9507,74.81595,0.0,93.6249,6.3402343,0.00081721426,0.0,0.42557415,1.0136857
9508,82.42925,0.0,85.311905,6.34025,0.0009259931,0.0,0.46714216,1.013683
9509,72.53361,0.0,87.45643,6.340263,0.0004425489,0.0,0.4420368,1.0136803
9510,87.536835,0.0,88.1003,6.3402743,0.00086725736,0.0,0.4476814,1.0136769
9511,92.56046,0.0,83.61967,6.3402863,0.00057694444,0.0,0.41479048,1.0136735
9512,81.606514,0.0,92.85118,6.3402925,0.0006412021,0.0,0.4473517,1.0136703
9513,73.79562,0.0,102.682945,6.3402977,0.0007354752,0.0,0.4325593,1.0136672
9514,89.22004,0.0,90.33259,6.3403025,0.00054818793,0.0,0.43009076,1.0136641
9515,62.090992,0.0,54.619953,6.3403068,0.0007625743,0.0,0.43132222,1.0136613
9516,57.988136,0.0,85.39004,6.3403115,0.0007293678,0.0,0.47981367,1.0136482
9517,69.91019,0.0,76.68729,6.340313,0.0004450627,0.0,0.44758433,1.0136362
9518,54.42262,0.0,103.512985,6.340317,0.00050874485,0.0,0.4114113,1.0136254
9519,64.79903,0.0,80.262115,6.3403177,0.0005270082,0.0,0.43209624,1.0136155
9520,73.03327,0.0,79.85955,6.340315,0.00067980017,0.0,0.43288422,1.0136056
9521,70.78382,0.0,94.616135,6.340313,0.00062833645,0.0,0.4676661,1.0135964
9522,77.582924,0.0,70.223404,6.3403144,0.0005214379,0.0,0.45663643,1.0135878
9523,67.18639,0.0,80.72609,6.34032,0.000686764,0.0,0.45282644,1.0135801
9524,66.00668,0.0,68.13399,6.340334,0.0006269337,0.0,0.455688,1.0135728
9525,74.50926,0.0,80.263115,6.340344,0.00068707345,0.0,0.47055218,1.0135659
9526,86.06865,0.0,89.58271,6.3403544,0.00060369895,0.0,0.4784281,1.0135596
9527,80.96746,0.0,86.30944,6.340364,0.0006895026,0.0,0.43942702,1.0135536
9528,77.032005,0.0,68.89742,6.3403754,0.0010666136,0.0,0.4288436,1.013548
9529,70.07438,0.0,68.38737,6.340385,0.00078214257,0.0,0.44176924,1.0135427
9530,70.27061,0.0,96.1821,6.340394,0.0008899427,0.0,0.41895327,1.0135376
9531,80.06902,0.0,67.042885,6.340407,0.0007109735,0.0,0.3957171,1.013533
9532,97.69863,0.0,92.37469,6.340424,0.0005528165,0.0,0.40869898,1.0135286
9533,55.495163,0.0,96.895706,6.3404446,0.0007248695,0.0,0.4678044,1.0135243
9534,57.926178,0.0,77.372696,6.340461,0.0006486358,0.0,0.4256792,1.0135202
9535,69.424446,0.0,91.773506,6.340471,0.0006053223,0.0,0.40004095,1.0135163
9536,85.83182,0.0,81.82683,6.3404827,0.0005099891,0.0,0.42848036,1.0135148
9537,56.055027,0.0,93.55529,6.3404946,0.0005571707,0.0,0.4770492,1.0135133
9538,64.17072,0.0,117.039955,6.3405056,0.00055849255,0.0,0.43697628,1.0135114
9539,88.063446,0.0,68.35145,6.3405213,0.00056355377,0.0,0.413377,1.0135093
9540,63.751236,0.0,99.01797,6.3405375,0.00071252487,0.0,0.44399524,1.0135074
9541,61.75564,0.0,76.99428,6.3405485,0.00056155666,0.0,0.4335212,1.0135051
9542,62.06008,0.0,78.91734,6.3405576,0.00052825443,0.0,0.45477206,1.0135031
9543,85.20526,0.0,110.29665,6.3405595,0.0006042307,0.0,0.44851923,1.0135087
9544,73.561066,0.0,91.69384,6.340555,0.00056626915,0.0,0.44960093,1.0135134
9545,79.58458,0.0,75.310196,6.340549,0.00079544715,0.0,0.42142272,1.0135179
9546,83.47226,0.0,70.58133,6.340548,0.0011830761,0.0,0.45767725,1.0135247
9547,66.0819,0.0,86.68546,6.3405447,0.00063712726,0.0,0.4431588,1.0135304
9548,66.3915,0.0,89.03645,6.3405437,0.00086665794,0.0,0.45100802,1.0135356
9549,69.72954,0.0,67.94686,6.3405466,0.00047027957,0.0,0.44130617,1.0135399
9550,62.17543,0.0,96.15667,6.340547,0.0008430161,0.0,0.44455308,1.0135436
9551,73.09539,0.0,87.746025,6.3405495,0.00067776156,0.0,0.42049286,1.0135463
9552,71.414444,0.0,95.92047,6.340554,0.0004274617,0.0,0.46326196,1.0135487
9553,111.58717,0.0,71.69748,6.3405647,0.0008007748,0.0,0.4482101,1.0135508
9554,78.1896,0.0,82.008804,6.3405733,0.0007817773,0.0,0.42602515,1.0135515
9555,66.15032,0.0,87.0738,6.340584,0.0007635678,0.0,0.46382523,1.013552
9556,80.02059,0.0,92.66013,6.3405952,0.0005549962,0.0,0.4325015,1.0135523
9557,60.533176,0.0,86.689156,6.340611,0.0005083695,0.0,0.4094015,1.0135524
9558,91.12919,0.0,89.59837,6.3406277,0.00054642814,0.0,0.44220942,1.0135498
9559,60.961304,0.0,91.47485,6.340644,0.00066242786,0.0,0.4215934,1.0135472
9560,82.85165,0.0,89.13507,6.3406563,0.0006016788,0.0,0.44621253,1.0135447
9561,66.891815,0.0,88.973145,6.3406663,0.00072807464,0.0,0.44101423,1.0135422
9562,94.689674,0.0,112.70493,6.340672,0.0007154077,0.0,0.482522,1.0135399
9563,61.95813,0.0,72.04247,6.34068,0.00066354626,0.0,0.4491908,1.0135374
9564,50.027256,0.0,98.282745,6.340688,0.00092673337,0.0,0.42502913,1.0135349
9565,67.02166,0.0,79.2545,6.340693,0.00065370434,0.0,0.4182092,1.0135326
9566,75.06149,0.0,99.947876,6.340694,0.00093986554,0.0,0.4554708,1.0135303
9567,79.626564,0.0,83.95224,6.3406963,0.0006956895,0.0,0.4418944,1.0135279
9568,64.40391,0.0,72.142204,6.3406997,0.00055486825,0.0,0.41043562,1.0135256
9569,79.14443,0.0,73.78737,6.340701,0.0006331263,0.0,0.41704258,1.0135233
9570,58.21941,0.0,81.54853,6.3406997,0.0007969129,0.0,0.4208684,1.013521
9571,80.428024,0.0,89.86286,6.3406973,0.00096766825,0.0,0.45108232,1.0135188
9572,77.273926,0.0,107.91613,6.340698,0.0011060983,0.0,0.41675466,1.0135165
9573,69.28348,0.0,96.54103,6.340698,0.000843834,0.0,0.44011205,1.013513
9574,67.86029,0.0,81.446144,6.340706,0.0006514214,0.0,0.44875568,1.0135098
9575,80.576706,0.0,109.22598,6.3407135,0.00065782515,0.0,0.43161768,1.0135069
9576,80.21853,0.0,96.50092,6.3407197,0.0005652992,0.0,0.41567612,1.0135115
9577,80.66608,0.0,95.46258,6.3407226,0.00072335236,0.0,0.41295362,1.0135156
9578,76.89216,0.0,94.63242,6.3407326,0.00061713473,0.0,0.43484768,1.013519
9579,61.409325,0.0,98.57199,6.3407383,0.0006981335,0.0,0.4517269,1.013522
9580,58.90855,0.0,93.44147,6.340744,0.0005742223,0.0,0.4316375,1.0135245
9581,76.75793,0.0,108.102135,6.340745,0.0005438199,0.0,0.43738568,1.0135266
9582,83.37122,0.0,90.65934,6.340745,0.00056049216,0.0,0.42232704,1.0135282
9583,58.941067,0.0,80.37616,6.340746,0.00049806276,0.0,0.4574675,1.0135295
9584,72.86372,0.0,86.57432,6.340748,0.0007401722,0.0,0.45015928,1.0135305
9585,68.80361,0.0,80.92028,6.340759,0.000731401,0.0,0.4391324,1.013531
9586,84.011055,0.0,65.979965,6.3407736,0.0005932774,0.0,0.41143832,1.0135314
9587,71.89709,0.0,84.37108,6.3407865,0.0004065933,0.0,0.40587956,1.0135403
9588,86.95608,0.0,88.754654,6.3407984,0.0007421039,0.0,0.42416072,1.0135483
9589,77.691376,0.0,71.24502,6.3408046,0.00072606344,0.0,0.46251154,1.0135549
9590,78.69663,0.0,96.10583,6.3408117,0.000662251,0.0,0.4184901,1.0135609
9591,62.67543,0.0,102.81579,6.3408265,0.0008237832,0.0,0.4537207,1.013566
9592,113.105354,0.0,75.44194,6.3408427,0.0007613785,0.0,0.40343922,1.0135704
9593,76.177444,0.0,84.07254,6.3408647,0.00079014234,0.0,0.44619724,1.0135744
9594,76.752525,0.0,86.28908,6.340878,0.0007569016,0.0,0.45798326,1.0135807
9595,55.079903,0.0,81.87135,6.3408866,0.000532694,0.0,0.46222395,1.0136
9596,78.46402,0.0,90.41828,6.340892,0.0006305633,0.0,0.41306084,1.013617
9597,63.945908,0.0,82.258606,6.3408923,0.0007949426,0.0,0.43111095,1.0136334
9598,83.31899,0.0,70.98476,6.340887,0.00044447806,0.0,0.42535147,1.0136464
9599,99.860306,0.0,84.211266,6.3408794,0.00060518226,0.0,0.40515956,1.013658
9600,71.79001,0.0,95.23257,6.3408723,0.0005733351,0.0,0.44505447,1.0136682
9601,69.28641,0.0,116.115234,6.340866,0.0004927229,0.0,0.44155508,1.0136774
9602,90.438034,0.0,89.042725,6.340863,0.0008298111,0.0,0.49713382,1.0136844
9603,70.56204,0.0,71.99616,6.340862,0.00069146085,0.0,0.45936507,1.0136905
9604,51.52648,0.0,79.4773,6.340858,0.00065297086,0.0,0.41206342,1.0136956
9605,58.93369,0.0,81.34503,6.340856,0.00051476236,0.0,0.4362081,1.0137002
9606,74.0405,0.0,85.80093,6.340851,0.0009066937,0.0,0.43742102,1.0137042
9607,71.920586,0.0,77.427826,6.34085,0.0009381386,0.0,0.4205409,1.0137076
9608,73.99131,0.0,94.38699,6.340853,0.0007965862,0.0,0.47931844,1.0137107
9609,73.51595,0.0,101.24824,6.340857,0.0005667976,0.0,0.47465998,1.0137149
9610,70.04379,0.0,70.75303,6.340861,0.00044251102,0.0,0.44288838,1.0137162
9611,76.30662,0.0,68.416176,6.3408666,0.000719893,0.0,0.42511094,1.0137166
9612,77.36986,0.0,91.49028,6.340876,0.0004274503,0.0,0.44308183,1.0137167
9613,83.49195,0.0,92.63037,6.3408856,0.0005332242,0.0,0.4010265,1.0137167
9614,80.23221,0.0,94.42695,6.3408947,0.00048461463,0.0,0.42025918,1.0137162
9615,72.83019,0.0,87.131004,6.340902,0.0006044983,0.0,0.43449044,1.0137156
9616,64.21075,0.0,81.00169,6.3409114,0.0004225473,0.0,0.40666777,1.0137149
9617,78.53823,0.0,93.12446,6.3409204,0.0005459269,0.0,0.45543966,1.013714
9618,93.03803,0.0,71.48577,6.3409305,0.000784494,0.0,0.4368539,1.0137129
9619,74.057144,0.0,86.45126,6.340941,0.00059561245,0.0,0.4238046,1.0137116
9620,79.69619,0.0,92.721695,6.340948,0.00048684463,0.0,0.4321173,1.0137093
9621,76.0293,0.0,69.15135,6.340954,0.0006277247,0.0,0.4232397,1.0137079
9622,72.64536,0.0,76.97533,6.340956,0.00045952754,0.0,0.44546545,1.0137061
9623,84.78785,0.0,100.548485,6.340959,0.00062616746,0.0,0.45625377,1.0137126
9624,68.05549,0.0,88.96607,6.340954,0.0006972186,0.0,0.4429741,1.0137187
9625,81.0174,0.0,104.73615,6.340948,0.0007873109,0.0,0.43759573,1.0137237
9626,75.350975,0.0,87.51495,6.3409524,0.00060395896,0.0,0.48063773,1.0137283
9627,66.82943,0.0,85.37603,6.340956,0.000593959,0.0,0.46421307,1.0137316
9628,79.10205,0.0,101.12947,6.3409615,0.00069252856,0.0,0.4159604,1.0137345
9629,84.59481,0.0,91.97643,6.340969,0.0006336248,0.0,0.42932266,1.0137367
9630,72.58993,0.0,73.94576,6.340973,0.0005543435,0.0,0.39507246,1.013739
9631,53.962097,0.0,79.06649,6.3409796,0.0006303997,0.0,0.41289043,1.013741
9632,58.494865,0.0,97.45642,6.3409867,0.0008674684,0.0,0.43298292,1.0137424
9633,85.510574,0.0,99.44813,6.340998,0.000556397,0.0,0.43886745,1.0137436
9634,88.22267,0.0,92.910576,6.3410077,0.00041307852,0.0,0.46214288,1.0137445
9635,86.553215,0.0,81.95391,6.3410177,0.00083984644,0.0,0.43669698,1.0137491
9636,111.46356,0.0,88.83888,6.3410244,0.0007920577,0.0,0.43768626,1.013753
9637,76.04583,0.0,71.21591,6.3410335,0.0006210296,0.0,0.42300272,1.0137588
9638,68.446045,0.0,89.61127,6.3410397,0.0005852787,0.0,0.448883,1.0137638
9639,78.15559,0.0,91.898506,6.3410487,0.00056841783,0.0,0.41700578,1.0137681
9640,93.455765,0.0,72.48909,6.3410616,0.00053304055,0.0,0.45305014,1.0137718
9641,89.80062,0.0,97.89559,6.3410697,0.0006337628,0.0,0.43379354,1.013775
9642,60.386375,0.0,107.16214,6.3410788,0.00061415974,0.0,0.45666945,1.0137776
9643,50.273666,0.0,77.742325,6.341088,0.00056148676,0.0,0.41423237,1.0137799
9644,87.345436,0.0,76.309204,6.3410964,0.00083271525,0.0,0.44985816,1.0137814
9645,92.318535,0.0,95.48475,6.3411036,0.00048157654,0.0,0.4550588,1.0137842
9646,71.02233,0.0,102.06454,6.3411126,0.0005848985,0.0,0.43491912,1.0137866
9647,89.47349,0.0,81.79407,6.3411245,0.0007050039,0.0,0.454724,1.0137881
9648,81.99832,0.0,90.21308,6.3411355,0.0006405298,0.0,0.4316795,1.0137932
9649,70.26718,0.0,97.60639,6.341146,0.0007212119,0.0,0.42765117,1.0137976
9650,71.245605,0.0,122.470055,6.3411617,0.0005366326,0.0,0.40997332,1.0138017
9651,85.27445,0.0,74.9534,6.341178,0.00071613246,0.0,0.47037944,1.013805
9652,58.87723,0.0,89.653946,6.3411946,0.0006392916,0.0,0.4112628,1.0138077
9653,78.1507,0.0,67.66018,6.341209,0.0005796713,0.0,0.4189306,1.0138103
9654,80.563515,0.0,69.532776,6.341222,0.0006381623,0.0,0.39818788,1.013813
9655,72.06777,0.0,95.95696,6.3412323,0.000695011,0.0,0.43102413,1.0138153
9656,90.965416,0.0,77.998436,6.341239,0.00073631795,0.0,0.45952424,1.0138173
9657,70.99013,0.0,127.62591,6.3412447,0.00057433767,0.0,0.41725445,1.0138189
9658,74.46046,0.0,80.34546,6.3412476,0.00052558834,0.0,0.416864,1.0138199
9659,79.79536,0.0,93.69442,6.3412485,0.0005590997,0.0,0.4402524,1.0138234
9660,72.67233,0.0,82.05594,6.3412504,0.0005555174,0.0,0.4303119,1.0138261
9661,68.511154,0.0,90.89809,6.3412538,0.00057525106,0.0,0.44129038,1.0138284
9662,75.37763,0.0,79.61924,6.3412557,0.00056378345,0.0,0.44148847,1.0138303
9663,69.74847,0.0,109.04086,6.341266,0.0005716642,0.0,0.42445657,1.0138317
9664,65.03821,0.0,81.96264,6.3412805,0.00065159285,0.0,0.40536508,1.0138328
9665,67.77012,0.0,88.10453,6.3412952,0.0007502298,0.0,0.40768677,1.0138336
9666,77.45348,0.0,95.057724,6.341306,0.0006380804,0.0,0.43299127,1.0138341
9667,71.89484,0.0,91.27734,6.3413153,0.00062343664,0.0,0.45585784,1.0138354
9668,113.75833,0.0,78.78939,6.3413296,0.000686576,0.0,0.41681838,1.0138364
9669,68.141556,0.0,83.43237,6.341344,0.0007437549,0.0,0.45940575,1.0138383
9670,82.853745,0.0,78.60273,6.34136,0.00059636566,0.0,0.47976154,1.0138402
9671,75.299934,0.0,73.68741,6.341375,0.00042672324,0.0,0.4440863,1.0138586
9672,59.786858,0.0,101.85128,6.3413877,0.00070620206,0.0,0.4350085,1.0138751
9673,62.666454,0.0,101.69131,6.341398,0.000700362,0.0,0.45476413,1.0138898
9674,78.62322,0.0,100.95462,6.3414083,0.0006873693,0.0,0.45678687,1.0139025
9675,83.714584,0.0,85.065285,6.3414164,0.0012476194,0.0,0.4480211,1.0139141
9676,81.94694,0.0,77.42744,6.3414207,0.0005536239,0.0,0.4128706,1.0139244
9677,73.475296,0.0,91.644424,6.3414216,0.0009825614,0.0,0.43052214,1.0139333
9678,74.22692,0.0,86.60531,6.3414216,0.00079088134,0.0,0.45469832,1.0139413
9679,74.98896,0.0,67.225586,6.3414264,0.00076274475,0.0,0.46970782,1.013948
9680,60.89492,0.0,90.768974,6.341436,0.0006181651,0.0,0.4139452,1.0139539
9681,66.01775,0.0,83.99961,6.3414497,0.0007419641,0.0,0.4362077,1.0139592
9682,74.11992,0.0,74.16642,6.341469,0.0008019085,0.0,0.42478523,1.0139635
9683,65.96934,0.0,84.3965,6.3414865,0.00077016454,0.0,0.43139553,1.0139673
9684,82.841545,0.0,81.85471,6.341508,0.0007162526,0.0,0.45374036,1.0139704
9685,66.06601,0.0,99.21647,6.3415318,0.0005492448,0.0,0.45593023,1.0139729
9686,53.35117,0.0,86.04884,6.3415613,0.0006480671,0.0,0.4555758,1.0139747
9687,71.89165,0.0,105.55786,6.3415914,0.0009844404,0.0,0.4611444,1.0139761
9688,65.97658,0.0,93.85304,6.3416142,0.00086549245,0.0,0.4276113,1.0139773
9689,76.60647,0.0,79.25288,6.3416386,0.00052986405,0.0,0.4178091,1.0139782
9690,77.753334,0.0,104.6757,6.3416634,0.0005212205,0.0,0.43197307,1.0139784
9691,76.75781,0.0,87.27396,6.3416843,0.0005934589,0.0,0.48162064,1.0139784
9692,54.628735,0.0,65.73939,6.3417034,0.00057877135,0.0,0.4181866,1.0139925
9693,78.01366,0.0,82.231804,6.3417196,0.00087969576,0.0,0.43493116,1.0140126
9694,77.62859,0.0,99.19733,6.3417273,0.0007933952,0.0,0.41140935,1.0140305
9695,72.92653,0.0,82.5546,6.341732,0.0006670571,0.0,0.43186063,1.0140465
9696,72.96066,0.0,94.56225,6.3417377,0.0005640466,0.0,0.4428699,1.014061
9697,90.915695,0.0,76.41277,6.3417425,0.00082217285,0.0,0.38823843,1.0140736
9698,76.69261,0.0,117.07033,6.341747,0.000651808,0.0,0.46718633,1.014085
9699,83.489456,0.0,87.83199,6.341744,0.00071466225,0.0,0.44286773,1.014095
9700,81.59056,0.0,93.44305,6.3417425,0.000780251,0.0,0.47831833,1.0141039
9701,94.98884,0.0,94.76468,6.3417397,0.0008486797,0.0,0.43972766,1.0141115
9702,81.93384,0.0,96.72518,6.341741,0.0007201105,0.0,0.4247218,1.0141207
9703,70.27523,0.0,72.72923,6.341745,0.0005209122,0.0,0.4367321,1.0141288
9704,68.2816,0.0,69.16468,6.341754,0.0005444849,0.0,0.42704695,1.0141364
9705,69.266,0.0,72.0592,6.34176,0.00075426645,0.0,0.44418204,1.0141432
9706,66.59346,0.0,93.2121,6.341768,0.0007006038,0.0,0.44583607,1.014149
9707,88.170746,0.0,87.835434,6.3417764,0.0008653111,0.0,0.41151053,1.0141541
9708,72.86738,0.0,83.69336,6.3417835,0.00064443005,0.0,0.46832666,1.0141584
9709,74.840385,0.0,67.124695,6.341792,0.00082981074,0.0,0.4082881,1.0141618
9710,64.59337,0.0,84.78364,6.341797,0.00052396714,0.0,0.42477232,1.014165
9711,71.998665,0.0,101.729126,6.3418064,0.00068850594,0.0,0.42944956,1.0141679
9712,80.99054,0.0,96.55643,6.3418193,0.0009918383,0.0,0.43364915,1.0141702
9713,76.60441,0.0,90.7967,6.341833,0.0006725611,0.0,0.43731666,1.0141723
9714,83.075584,0.0,95.916916,6.341842,0.00064927514,0.0,0.45853207,1.0141737
9715,92.26199,0.0,84.02345,6.3418517,0.00071868487,0.0,0.4056774,1.0141749
9716,53.868034,0.0,83.18635,6.341862,0.0008411283,0.0,0.49488318,1.0141758
9717,77.49248,0.0,88.50048,6.341871,0.00057902705,0.0,0.478299,1.0141761
9718,64.765175,0.0,102.9758,6.341875,0.00053430116,0.0,0.41995072,1.0141764
9719,61.175278,0.0,80.18405,6.3418813,0.0005376499,0.0,0.44274205,1.0141759
9720,81.468796,0.0,74.8604,6.341885,0.0005933362,0.0,0.44995365,1.0141753
9721,83.47614,0.0,75.575554,6.341895,0.00066923484,0.0,0.40749985,1.0141743
9722,83.05549,0.0,96.73347,6.3419056,0.0008800713,0.0,0.4440695,1.0141733
9723,80.45127,0.0,76.83379,6.3419175,0.0006837491,0.0,0.42195067,1.0141721
9724,71.83857,0.0,85.57929,6.341926,0.00082457985,0.0,0.43408817,1.0141709
9725,83.88828,0.0,110.60088,6.341931,0.00047757066,0.0,0.42238864,1.0141698
9726,74.90112,0.0,78.98663,6.3419337,0.0005839554,0.0,0.4313233,1.0141685
9727,67.34351,0.0,79.46467,6.3419337,0.00083743216,0.0,0.41062912,1.014167
9728,78.69866,0.0,69.30582,6.3419294,0.0007453572,0.0,0.43315643,1.0141656
9729,72.12458,0.0,72.86766,6.341927,0.0007011719,0.0,0.45055437,1.0141641
9730,65.83011,0.0,71.03309,6.341921,0.0007648216,0.0,0.4919817,1.0141624
9731,66.43502,0.0,79.36232,6.341917,0.0007641941,0.0,0.42010698,1.0141609
9732,58.200146,0.0,70.92584,6.34191,0.0009584734,0.0,0.39718378,1.0141593
9733,64.4345,0.0,85.58015,6.341904,0.0004982603,0.0,0.42241216,1.0141603
9734,87.76078,0.0,83.987114,6.3419,0.00071616605,0.0,0.40856025,1.0141611
9735,75.65392,0.0,82.69489,6.341896,0.00055867265,0.0,0.4300639,1.0141617
9736,77.50814,0.0,95.97196,6.3418884,0.00055289373,0.0,0.44904193,1.0141618
9737,92.90035,0.0,80.31066,6.3418794,0.0006596979,0.0,0.41101545,1.014162
9738,79.54341,0.0,82.34603,6.341874,0.00048310097,0.0,0.46331736,1.0141617
9739,102.8122,0.0,82.91232,6.3418717,0.00040202792,0.0,0.4125077,1.0141612
9740,76.7188,0.0,80.53105,6.3418703,0.0006841071,0.0,0.41493624,1.0141606
9741,78.94398,0.0,99.601616,6.341867,0.00059310044,0.0,0.44423112,1.0141597
9742,85.49386,0.0,65.68963,6.3418612,0.0004993512,0.0,0.44568127,1.0141588
9743,57.823765,0.0,96.055855,6.341858,0.00083668565,0.0,0.4074945,1.0141591
9744,94.74271,0.0,71.77106,6.3418555,0.001311884,0.0,0.4299848,1.0141593
9745,75.8141,0.0,87.279495,6.341851,0.00070212677,0.0,0.46484634,1.0141666
9746,71.42435,0.0,98.72191,6.3418503,0.000763365,0.0,0.49853235,1.0141729
9747,81.40223,0.0,63.60673,6.3418536,0.0005824123,0.0,0.439444,1.0141784
9748,71.03527,0.0,81.20275,6.341857,0.00082018785,0.0,0.44426858,1.014183
9749,81.081795,0.0,80.670425,6.34186,0.0007701622,0.0,0.44960928,1.0141872
9750,76.50471,0.0,84.195786,6.3418636,0.0005849494,0.0,0.46822688,1.0141906
9751,69.8789,0.0,77.475845,6.341868,0.0009975525,0.0,0.43477428,1.0141934
9752,80.55855,0.0,104.95954,6.341874,0.0010420455,0.0,0.42172623,1.0141958
9753,80.5912,0.0,91.294075,6.3418846,0.0014234947,0.0,0.43940067,1.0141978
9754,104.75819,0.0,94.70285,6.341899,0.00070496567,0.0,0.43937802,1.0141993
9755,104.94039,0.0,87.77588,6.341909,0.0006990497,0.0,0.4477726,1.0142003
9756,77.9537,0.0,88.07868,6.3419204,0.0007287627,0.0,0.47128043,1.0142013
9757,85.92092,0.0,96.93932,6.3419333,0.00074787845,0.0,0.46897143,1.0142014
9758,66.47062,0.0,95.96058,6.341945,0.00047360788,0.0,0.47703832,1.0142025
9759,78.260254,0.0,88.134445,6.341958,0.0007476608,0.0,0.4538827,1.0142028
9760,66.10456,0.0,66.98166,6.341972,0.00067673525,0.0,0.4156016,1.0142032
9761,77.77082,0.0,88.50285,6.34199,0.00070816895,0.0,0.4493184,1.0142032
9762,73.989494,0.0,105.48688,6.3420076,0.00094773405,0.0,0.43745226,1.0142028
9763,55.31858,0.0,93.1847,6.3420253,0.0007083334,0.0,0.44827938,1.0142025
9764,61.412964,0.0,87.486115,6.342042,0.0006536407,0.0,0.42246306,1.0141957
9765,88.56034,0.0,79.340096,6.342058,0.0007370127,0.0,0.4661685,1.0141894
9766,70.213776,0.0,94.120735,6.3420734,0.00070342486,0.0,0.430377,1.0141834
9767,74.53284,0.0,99.31473,6.3420863,0.00067440554,0.0,0.45831737,1.0141779
9768,72.951485,0.0,98.37204,6.342093,0.000647801,0.0,0.44212434,1.0141727
9769,75.94876,0.0,81.52068,6.3421,0.00079765375,0.0,0.45137748,1.0141679
9770,78.706795,0.0,91.84286,6.342109,0.0011447202,0.0,0.41561434,1.0141631
9771,79.95872,0.0,107.47156,6.3421106,0.00086419005,0.0,0.42806786,1.0141587
9772,69.51293,0.0,90.77022,6.342112,0.00063648674,0.0,0.43552166,1.0141546
9773,91.401855,0.0,90.112206,6.3421097,0.0008952778,0.0,0.44747084,1.0141506
9774,63.04531,0.0,85.00915,6.342112,0.0005986062,0.0,0.4548702,1.0141469
9775,68.443855,0.0,96.25468,6.34212,0.00048258086,0.0,0.41983122,1.0141433
9776,63.792107,0.0,71.00235,6.342126,0.0007830652,0.0,0.44022352,1.0141399
9777,73.93319,0.0,89.50768,6.3421345,0.000654916,0.0,0.4224851,1.0141364
9778,80.09341,0.0,88.22119,6.3421464,0.0009468164,0.0,0.39882523,1.0141333
9779,77.697464,0.0,86.489044,6.342158,0.00058061734,0.0,0.41761607,1.0141304
9780,65.47988,0.0,92.991035,6.3421702,0.00056790735,0.0,0.43571088,1.0141271
9781,78.55389,0.0,91.92394,6.342184,0.00082663883,0.0,0.4730094,1.0141242
9782,83.76409,0.0,69.67147,6.342195,0.0006695198,0.0,0.43481636,1.014121
9783,74.559654,0.0,73.843666,6.342206,0.0006654301,0.0,0.4269483,1.0141183
9784,84.63199,0.0,84.52148,6.342214,0.00077106,0.0,0.45937473,1.0141155
9785,79.44192,0.0,80.26434,6.3422227,0.0005372409,0.0,0.44103235,1.0141126
9786,99.199326,0.0,104.65298,6.3422284,0.00055644807,0.0,0.42613202,1.0141101
9787,57.39304,0.0,97.03618,6.342235,0.000771387,0.0,0.4385091,1.0141076
9788,68.37619,0.0,93.58581,6.3422313,0.0005180125,0.0,0.4195695,1.014105
9789,81.56004,0.0,81.51094,6.342226,0.00072485546,0.0,0.4239967,1.0141022
9790,53.113712,0.0,73.87224,6.342219,0.0006224243,0.0,0.43289995,1.0140995
9791,51.186886,0.0,72.883,6.342203,0.00045148048,0.0,0.44710273,1.0140967
9792,63.894264,0.0,57.570263,6.3421955,0.00074677466,0.0,0.44818538,1.0140939
9793,68.24189,0.0,106.17397,6.3421917,0.0007626868,0.0,0.4198438,1.014091
9794,70.57433,0.0,87.92798,6.342184,0.0004913374,0.0,0.44395897,1.0140883
9795,82.703285,0.0,80.639465,6.342174,0.00067053596,0.0,0.43276906,1.0140854
9796,60.67527,0.0,75.66697,6.342159,0.0005926785,0.0,0.41709647,1.0140828
9797,58.976284,0.0,73.69626,6.34214,0.0005626705,0.0,0.44215846,1.01408
9798,63.4399,0.0,108.40374,6.342122,0.0004551136,0.0,0.4480917,1.0140775
9799,74.792366,0.0,100.88021,6.3421106,0.0005367302,0.0,0.47937346,1.0140748
9800,59.825493,0.0,105.49647,6.3421,0.00054924627,0.0,0.40252572,1.0140709
9801,74.46951,0.0,73.36577,6.342096,0.00051285676,0.0,0.46689355,1.0140673
9802,89.781166,0.0,95.44735,6.342098,0.0006317193,0.0,0.47789702,1.0140638
9803,69.91105,0.0,80.03826,6.342104,0.00046471177,0.0,0.46409413,1.0140605
9804,60.852123,0.0,92.60833,6.3421164,0.0006559791,0.0,0.43228528,1.0140616
9805,107.29917,0.0,80.04403,6.342128,0.0005202388,0.0,0.43785262,1.0140624
9806,60.396828,0.0,90.61077,6.3421397,0.000546693,0.0,0.42576778,1.0140626
9807,72.03043,0.0,93.701126,6.342151,0.0007427972,0.0,0.45896468,1.0140628
9808,71.43907,0.0,101.26408,6.3421636,0.0008002779,0.0,0.43342257,1.0140626
9809,81.285706,0.0,76.99305,6.3421745,0.00070339814,0.0,0.44384474,1.0140624
9810,64.15513,0.0,95.3736,6.342185,0.0004526546,0.0,0.45243877,1.0140618
9811,77.87093,0.0,80.24941,6.342198,0.0005578548,0.0,0.42482314,1.0140611
9812,87.87243,0.0,82.754684,6.3422146,0.0006047114,0.0,0.41894147,1.0140601
9813,76.87767,0.0,82.14937,6.3422303,0.0006892445,0.0,0.38900387,1.0140592
9814,56.910816,0.0,73.37181,6.3422446,0.00063462014,0.0,0.48017395,1.014058
9815,68.709045,0.0,75.55351,6.342259,0.0005852142,0.0,0.4285227,1.0140566
9816,61.041706,0.0,88.46208,6.3422704,0.00054084795,0.0,0.4454943,1.0140553
9817,91.225655,0.0,86.62161,6.342282,0.00062403805,0.0,0.42089754,1.0140537
9818,55.863052,0.0,76.27863,6.3422914,0.0007859298,0.0,0.43729398,1.0140519
9819,61.119198,0.0,83.62739,6.3423004,0.00079734554,0.0,0.459529,1.0140502
9820,55.46735,0.0,79.34038,6.3423076,0.0011689446,0.0,0.43657932,1.0140485
9821,81.177315,0.0,101.19642,6.342313,0.0006931502,0.0,0.44549093,1.0140613
9822,76.105286,0.0,120.002945,6.3423142,0.0007701874,0.0,0.42332205,1.0140728
9823,55.606785,0.0,75.87471,6.34231,0.0005474485,0.0,0.44575852,1.0140829
9824,81.24631,0.0,72.92749,6.3423142,0.0005768041,0.0,0.43966246,1.0140922
9825,56.229126,0.0,94.138245,6.3423114,0.00055310375,0.0,0.42090386,1.0141237
9826,57.232536,0.0,67.63911,6.3423104,0.000587423,0.0,0.38870972,1.014152
9827,78.29271,0.0,87.81913,6.3423133,0.0007136193,0.0,0.45464152,1.0141776
9828,80.12671,0.0,80.59368,6.342323,0.0005581967,0.0,0.4542272,1.014195
9829,65.24468,0.0,75.76011,6.3423333,0.00080898067,0.0,0.43748605,1.0142105
9830,64.66587,0.0,79.986916,6.342347,0.00065265613,0.0,0.40128893,1.0142246
9831,81.35083,0.0,73.72806,6.342362,0.00114427,0.0,0.43807268,1.014237
9832,57.163525,0.0,75.05761,6.342376,0.00046537188,0.0,0.41054735,1.0142483
9833,63.294476,0.0,77.97085,6.342387,0.00067580625,0.0,0.42742342,1.0142581
9834,91.513245,0.0,87.698746,6.3424015,0.00072202785,0.0,0.4452879,1.0142671
9835,65.26386,0.0,129.48892,6.342417,0.0006772707,0.0,0.45792878,1.0142655
9836,60.24703,0.0,80.1647,6.34243,0.0005370572,0.0,0.4508772,1.0142665
9837,66.34297,0.0,85.2888,6.3424478,0.0005518659,0.0,0.437725,1.014267
9838,86.09969,0.0,84.812904,6.3424673,0.0006982862,0.0,0.45846793,1.0142676
9839,66.822334,0.0,88.12962,6.3424864,0.0005830322,0.0,0.43308753,1.0142679
9840,76.3858,0.0,85.45607,6.342503,0.00064992555,0.0,0.42873737,1.014267
9841,55.72955,0.0,72.62068,6.342514,0.00073849823,0.0,0.43208408,1.0142664
9842,64.20988,0.0,76.46604,6.342526,0.00086014427,0.0,0.46964058,1.0142581
9843,72.95112,0.0,87.36348,6.342535,0.0006679028,0.0,0.4274306,1.0142496
9844,102.164604,0.0,89.11956,6.342544,0.0007947131,0.0,0.49269614,1.0142417
9845,85.33084,0.0,97.35677,6.3425455,0.0005052654,0.0,0.40150803,1.0142347
9846,75.846535,0.0,88.40571,6.3425446,0.0008386736,0.0,0.4388793,1.0142281
9847,70.66978,0.0,81.76133,6.3425455,0.00069694256,0.0,0.42086923,1.0142219
9848,65.90316,0.0,87.454865,6.3425446,0.00072685955,0.0,0.46026033,1.0142149
9849,70.797554,0.0,76.89539,6.342545,0.0005405856,0.0,0.44973952,1.0142046
9850,76.76268,0.0,83.27651,6.342543,0.00081810704,0.0,0.45404905,1.0141951
9851,75.96097,0.0,90.67386,6.342545,0.0007615922,0.0,0.42629117,1.0141866
9852,67.27464,0.0,83.19325,6.3425465,0.00091732386,0.0,0.43015915,1.0141791
9853,71.97553,0.0,95.42517,6.3425446,0.0010768741,0.0,0.4352085,1.0141723
9854,91.18861,0.0,86.31592,6.342541,0.00082283485,0.0,0.46931297,1.0141659
9855,70.94015,0.0,85.14863,6.34254,0.0007045057,0.0,0.45341155,1.0141596
9856,58.479507,0.0,85.37305,6.342541,0.0005607678,0.0,0.43330353,1.014154
9857,96.259125,0.0,85.8083,6.3425455,0.0007769246,0.0,0.47129688,1.0141486
9858,69.364876,0.0,90.50382,6.3425455,0.0006129887,0.0,0.39786968,1.0141435
9859,74.111275,0.0,71.667656,6.342547,0.0006845514,0.0,0.46501023,1.0141389
9860,64.07168,0.0,105.93704,6.342549,0.0008346181,0.0,0.4568715,1.0141344
9861,82.31644,0.0,78.23431,6.3425503,0.0009038871,0.0,0.45990166,1.0141281
9862,56.77924,0.0,86.56703,6.3425484,0.0008230881,0.0,0.4039329,1.0141219
9863,77.83046,0.0,98.719,6.34254,0.0005064795,0.0,0.4233715,1.0141168
9864,70.9811,0.0,79.591576,6.342536,0.0008912598,0.0,0.47198647,1.0141128
9865,74.10664,0.0,78.98595,6.342538,0.00084653933,0.0,0.41213512,1.0141087
9866,65.30329,0.0,90.5632,6.342541,0.00049754756,0.0,0.4410654,1.0141053
9867,67.267624,0.0,90.13936,6.3425527,0.00073021575,0.0,0.44981736,1.0141021
9868,60.620102,0.0,89.200485,6.3425584,0.00046837766,0.0,0.4236734,1.0140991
9869,80.498695,0.0,86.4792,6.3425655,0.00063643453,0.0,0.43843222,1.0140958
9870,68.51522,0.0,106.460075,6.342573,0.0007641927,0.0,0.44372004,1.0140928
9871,72.46243,0.0,70.685616,6.3425837,0.00063254073,0.0,0.47983336,1.0140884
9872,84.17362,0.0,76.5655,6.3425984,0.00084544206,0.0,0.38900346,1.0140843
9873,76.96251,0.0,77.71627,6.342612,0.00075522694,0.0,0.4329897,1.0140804
9874,51.91588,0.0,80.82586,6.3426228,0.0005596568,0.0,0.45758685,1.014077
9875,70.73916,0.0,100.10477,6.342633,0.0006563958,0.0,0.41000077,1.0140736
9876,65.50029,0.0,84.21064,6.342644,0.0005422504,0.0,0.43565044,1.0140703
9877,93.04346,0.0,77.867966,6.3426533,0.0006401102,0.0,0.450013,1.0140673
9878,68.25885,0.0,108.689735,6.3426642,0.0007387223,0.0,0.44159192,1.0140641
9879,84.068306,0.0,76.08127,6.3426733,0.00050414994,0.0,0.44354272,1.0140612
9880,69.907875,0.0,104.7729,6.3426824,0.00061248534,0.0,0.43922353,1.0140585
9881,86.52471,0.0,88.18563,6.3426943,0.00048307268,0.0,0.44237006,1.0140557
9882,83.53639,0.0,80.93517,6.342708,0.0007588446,0.0,0.4449663,1.0140531
9883,71.04972,0.0,68.207115,6.342718,0.00062488735,0.0,0.4417569,1.0140504
9884,63.84143,0.0,70.831215,6.3427267,0.0008306205,0.0,0.44528013,1.0140476
9885,77.381294,0.0,97.87658,6.34274,0.000632689,0.0,0.4169476,1.0140452
9886,59.095066,0.0,101.37806,6.3427553,0.0006045274,0.0,0.43168014,1.0140415
9887,74.705025,0.0,76.785355,6.342771,0.00067307136,0.0,0.43309733,1.0140368
9888,96.532265,0.0,86.31336,6.3427806,0.0006279556,0.0,0.46964782,1.0140318
9889,66.25021,0.0,88.89526,6.3427887,0.0007083067,0.0,0.46416688,1.0140271
9890,87.9993,0.0,87.74168,6.34279,0.0006732076,0.0,0.44356197,1.0140228
9891,81.33974,0.0,95.7996,6.342795,0.0005615721,0.0,0.44923544,1.0140185
9892,76.4419,0.0,104.43097,6.342792,0.00053206936,0.0,0.44199705,1.0140167
9893,68.95403,0.0,86.839775,6.342795,0.0004687574,0.0,0.49885082,1.0140147
9894,96.52908,0.0,85.500114,6.342804,0.0005744035,0.0,0.4585632,1.0140116
9895,79.79655,0.0,65.07426,6.3428116,0.0007645482,0.0,0.43284246,1.0140084
9896,76.42239,0.0,75.25756,6.3428187,0.0007260891,0.0,0.42860007,1.0140057
9897,90.95306,0.0,80.76805,6.3428316,0.0005390686,0.0,0.45466948,1.0140027
9898,58.671738,0.0,98.30068,6.3428416,0.0005708409,0.0,0.45322853,1.0140107
9899,78.45081,0.0,95.43174,6.342863,0.0007015466,0.0,0.4287823,1.0140179
9900,77.615845,0.0,105.31222,6.3428884,0.00082676753,0.0,0.3917268,1.014024
9901,72.56223,0.0,94.58168,6.342911,0.0005882247,0.0,0.46168217,1.0140294
9902,81.70423,0.0,77.546524,6.342936,0.0005737941,0.0,0.44470024,1.014034
9903,68.1374,0.0,93.74885,6.342962,0.00079680624,0.0,0.46499595,1.0140377
9904,55.7406,0.0,84.39594,6.342982,0.0005546921,0.0,0.4493038,1.0140463
9905,75.616035,0.0,77.88056,6.342999,0.0004243966,0.0,0.4187491,1.0140538
9906,71.07992,0.0,81.31298,6.34301,0.00070185855,0.0,0.42451274,1.0140604
9907,78.22122,0.0,87.819695,6.343017,0.0008730583,0.0,0.46055663,1.014066
9908,74.775085,0.0,75.12789,6.343026,0.00067090953,0.0,0.42083734,1.0140709
9909,83.56317,0.0,79.76498,6.3430314,0.00047171552,0.0,0.45327544,1.0140752
9910,57.21914,0.0,74.25406,6.343031,0.00065147865,0.0,0.4121722,1.0140641
9911,67.87012,0.0,96.51174,6.343029,0.0006884211,0.0,0.4382808,1.0140541
9912,72.173416,0.0,91.62737,6.3430285,0.00053520023,0.0,0.42594236,1.0140439
9913,83.01129,0.0,88.78475,6.343026,0.0009285968,0.0,0.4360071,1.0140349
9914,68.930305,0.0,91.44176,6.3430176,0.0008183251,0.0,0.43326157,1.0140269
9915,79.653854,0.0,92.23797,6.3430114,0.00060293614,0.0,0.46198064,1.0140196
9916,71.87705,0.0,92.3367,6.3430047,0.000524915,0.0,0.46615756,1.0140128
9917,67.081535,0.0,79.9266,6.343001,0.0008348775,0.0,0.42393667,1.0140067
9918,86.541985,0.0,105.34395,6.343002,0.00064056274,0.0,0.42992264,1.014001
9919,69.69522,0.0,89.20269,6.3430023,0.0006012688,0.0,0.47351906,1.0139956
9920,77.9536,0.0,106.665886,6.3430066,0.0006247998,0.0,0.42875552,1.0139905
9921,76.0394,0.0,84.03761,6.3430142,0.0007104749,0.0,0.4393167,1.0139858
9922,54.707195,0.0,87.153755,6.34302,0.0007369643,0.0,0.4168836,1.0139815
9923,72.14336,0.0,111.85038,6.34303,0.00089999195,0.0,0.4567033,1.0139773
9924,69.356636,0.0,86.13499,6.3430414,0.00074663403,0.0,0.44872236,1.0139728
9925,66.08078,0.0,92.75078,6.3430567,0.0006986258,0.0,0.41220888,1.0139682
9926,88.417274,0.0,90.47871,6.3430705,0.00046385033,0.0,0.42401648,1.013964
9927,75.21064,0.0,76.19975,6.343081,0.0005690884,0.0,0.446308,1.0139602
9928,77.65239,0.0,70.20363,6.343092,0.00095381495,0.0,0.43918929,1.0139562
9929,70.01323,0.0,97.30716,6.3431063,0.0006178471,0.0,0.4332314,1.0139525
9930,108.77938,0.0,90.7948,6.3431215,0.00060915045,0.0,0.44937414,1.0139489
9931,66.28901,0.0,88.88349,6.3431377,0.0006728498,0.0,0.45168382,1.0139457
9932,90.707115,0.0,94.30806,6.343158,0.0005439634,0.0,0.42304242,1.0139421
9933,79.75502,0.0,94.42903,6.3431735,0.00049272954,0.0,0.52037084,1.0139388
9934,77.25526,0.0,85.06533,6.343189,0.00063900696,0.0,0.4675263,1.0139356
9935,77.58891,0.0,85.9218,6.3432026,0.0006412421,0.0,0.4334687,1.0139325
9936,78.48411,0.0,127.66966,6.3432183,0.0004876316,0.0,0.46015614,1.0139294
9937,82.32362,0.0,100.53155,6.343231,0.00064489176,0.0,0.44700512,1.0139263
9938,73.622025,0.0,89.207436,6.343243,0.00069570483,0.0,0.45348427,1.0139233
9939,72.46723,0.0,120.52144,6.34326,0.0005868416,0.0,0.43873423,1.0139205
9940,51.93862,0.0,97.74307,6.343277,0.0008207708,0.0,0.45369694,1.0139176
9941,81.44038,0.0,100.210205,6.343288,0.0005455077,0.0,0.44213888,1.0139147
9942,77.736885,0.0,97.964,6.3432894,0.0006348626,0.0,0.4390013,1.0139064
9943,79.48158,0.0,87.47233,6.3432965,0.0007163635,0.0,0.46408743,1.0138987
9944,77.24243,0.0,96.025536,6.343308,0.0005036867,0.0,0.433514,1.0138918
9945,71.16691,0.0,101.6666,6.3433156,0.0009764937,0.0,0.44928986,1.0138892
9946,79.35665,0.0,90.29183,6.3433204,0.00041567342,0.0,0.44999695,1.0138865
9947,105.50394,0.0,89.69804,6.343324,0.0010088802,0.0,0.41408843,1.0138838
9948,78.17781,0.0,89.28745,6.343325,0.00064917014,0.0,0.42870545,1.0138811
9949,68.92422,0.0,85.71772,6.343323,0.001175093,0.0,0.43084687,1.0138786
9950,73.356415,0.0,87.117676,6.3433175,0.0006304843,0.0,0.4221682,1.013876
9951,64.863754,0.0,80.09327,6.3433175,0.0006119589,0.0,0.47367615,1.0138736
9952,70.50783,0.0,104.39793,6.343318,0.00056396745,0.0,0.43015337,1.0138708
9953,89.06892,0.0,74.28906,6.343326,0.00062570925,0.0,0.48213553,1.0138681
9954,76.64126,0.0,95.052345,6.343336,0.0005389628,0.0,0.40280733,1.0138655
9955,75.148254,0.0,94.028824,6.3433466,0.00070930854,0.0,0.39748806,1.013863
9956,73.60166,0.0,104.17011,6.343359,0.000824146,0.0,0.43870184,1.0138704
9957,81.57695,0.0,76.18917,6.3433743,0.0006051835,0.0,0.46029958,1.0138767
9958,80.80535,0.0,96.09245,6.3433876,0.0007264514,0.0,0.42242813,1.0138828
9959,80.30591,0.0,96.59426,6.3434086,0.0005772754,0.0,0.45181167,1.0138879
9960,80.81178,0.0,85.77705,6.343432,0.0005003229,0.0,0.43537015,1.0138924
9961,79.08469,0.0,91.64532,6.3434496,0.00055681216,0.0,0.42261308,1.0138963
9962,82.2562,0.0,102.918526,6.343466,0.00059145247,0.0,0.45605025,1.0138998
9963,75.76731,0.0,90.08078,6.3434734,0.0005781964,0.0,0.43110245,1.0139016
9964,64.99807,0.0,87.884315,6.3434796,0.0006266467,0.0,0.4274802,1.0139028
9965,90.93482,0.0,78.68717,6.3434844,0.00064889475,0.0,0.4277358,1.0139039
9966,72.43902,0.0,94.90902,6.3434896,0.00076900504,0.0,0.40625447,1.0139046
9967,85.617546,0.0,95.46644,6.3434944,0.0005985728,0.0,0.4036511,1.0139049
9968,78.074646,0.0,90.461655,6.3435006,0.0005844465,0.0,0.4289536,1.0139049
9969,65.40872,0.0,90.00118,6.3435082,0.00058071874,0.0,0.43913788,1.0139049
9970,71.99149,0.0,80.856155,6.34351,0.0006562215,0.0,0.4207024,1.0139046
9971,80.58158,0.0,73.29242,6.3435144,0.00075071456,0.0,0.46912262,1.0139036
9972,73.9382,0.0,100.70337,6.343513,0.0007201176,0.0,0.42714667,1.0139027
9973,91.58535,0.0,82.52843,6.3435116,0.0005765238,0.0,0.4402667,1.0139014
9974,75.073944,0.0,62.470825,6.3435087,0.00048718296,0.0,0.48426574,1.0138984
9975,58.41085,0.0,90.64165,6.343505,0.0009277705,0.0,0.43387136,1.0138955
9976,60.73039,0.0,89.981636,6.343499,0.0005635413,0.0,0.42005306,1.0138929
9977,81.30075,0.0,85.29679,6.343496,0.0005728042,0.0,0.43681496,1.01389
9978,81.28474,0.0,78.49695,6.3434873,0.00057133165,0.0,0.42815918,1.0138876
9979,96.43025,0.0,96.59161,6.3434796,0.00069676986,0.0,0.46510908,1.0138836
9980,74.85288,0.0,82.71013,6.3434777,0.00080968696,0.0,0.4467497,1.01388
9981,82.73472,0.0,81.22121,6.343476,0.0006770594,0.0,0.4379724,1.0138766
9982,71.5547,0.0,84.9831,6.343475,0.0006945039,0.0,0.44098312,1.0138733
9983,65.45666,0.0,83.45493,6.343483,0.000900577,0.0,0.4329099,1.0138688
9984,76.17752,0.0,72.69754,6.3434906,0.00051188713,0.0,0.4573288,1.0138646
9985,63.13877,0.0,89.36542,6.343498,0.0008419386,0.0,0.45705566,1.0138605
9986,64.66275,0.0,79.64502,6.343511,0.00081326294,0.0,0.3972866,1.0138556
9987,66.77007,0.0,63.33212,6.3435245,0.0006410304,0.0,0.44334102,1.013852
9988,67.691216,0.0,86.477325,6.3435426,0.00086612225,0.0,0.43787616,1.0138484
9989,88.24657,0.0,77.238335,6.3435626,0.0008349697,0.0,0.41361398,1.0138453
9990,81.21595,0.0,87.84512,6.3435836,0.00078430376,0.0,0.42766494,1.013842
9991,73.727295,0.0,82.92021,6.3436046,0.00088017085,0.0,0.43020087,1.0138389
9992,87.908745,0.0,83.9284,6.343626,0.00077426154,0.0,0.41547728,1.0138364
9993,80.369125,0.0,96.356255,6.3436494,0.0006304434,0.0,0.4530625,1.0138339
9994,81.22564,0.0,95.512024,6.343667,0.0006808133,0.0,0.45259398,1.0138314
9995,65.32231,0.0,112.3294,6.3436804,0.0006020457,0.0,0.4523978,1.0138288
9996,52.61615,0.0,95.38968,6.3436933,0.0009084443,0.0,0.4484098,1.0138298
9997,61.752464,0.0,85.668915,6.3437047,0.0006170699,0.0,0.43703124,1.0138308
9998,76.111015,0.0,84.13992,6.343718,0.00065332407,0.0,0.44267616,1.0138316
9999,70.68809,0.0,85.742065,6.343727,0.0005667477,0.0,0.45173842,1.0138322
