,0,1,2,3,4,5,6,7
0,34.26469,0.0,27.163754,43.2781,0.0013350113,0.0,0.30540395,0.759372
1,48.712257,0.0,32.230675,43.278107,0.0011935795,0.0,0.31827065,0.75937164
2,41.88163,0.0,29.903795,43.27813,0.0010660618,0.0,0.305639,0.7593712
3,22.985151,0.0,31.213634,43.278152,0.0010821896,0.0,0.28831124,0.75937
4,39.05988,0.0,15.78777,43.27815,0.001021697,0.0,0.3035131,0.75936896
5,30.175533,0.0,20.878252,43.278168,0.0009693584,0.0,0.32223612,0.75936776
6,41.73706,0.0,24.576387,43.2782,0.0013477539,0.0,0.31931663,0.7593666
7,26.628902,0.0,13.763065,43.278183,0.0010431819,0.0,0.30305454,0.75936544
8,46.596424,0.0,23.382565,43.278164,0.0011204202,0.0,0.3436622,0.7593642
9,46.64268,0.0,25.0993,43.278145,0.0009648529,0.0,0.34124863,0.759363
10,30.453096,0.0,29.179024,43.278164,0.00095650414,0.0,0.3331351,0.75936174
11,31.518705,0.0,19.39384,43.278187,0.00094720896,0.0,0.32320666,0.7593604
12,26.518547,0.0,23.771553,43.27822,0.00097445014,0.0,0.33877647,0.75935906
13,60.836784,0.0,23.755388,43.278236,0.0008532924,0.0,0.32507163,0.75935775
14,32.81879,0.0,22.339098,43.27823,0.0010348945,0.0,0.3311057,0.75935626
15,53.795116,0.0,20.751417,43.278233,0.0011073919,0.0,0.2874343,0.7593548
16,38.807602,0.0,22.65175,43.27824,0.00072498235,0.0,0.29033205,0.7593534
17,38.600506,0.0,21.147833,43.278282,0.0013290821,0.0,0.31575486,0.75935084
18,45.72845,0.0,18.780151,43.27831,0.0012185811,0.0,0.30194885,0.759347
19,59.111256,0.0,35.23196,43.278336,0.0011783149,0.0,0.3147478,0.75934345
20,27.535978,0.0,28.732311,43.278385,0.0011503962,0.0,0.3330614,0.7593429
21,44.493668,0.0,15.568693,43.278404,0.0011601414,0.0,0.32404345,0.7593425
22,37.086414,0.0,31.402071,43.27845,0.00121301,0.0,0.34059355,0.7593421
23,39.261734,0.0,18.96208,43.278507,0.000981913,0.0,0.32789177,0.75934136
24,36.572514,0.0,24.63806,43.278545,0.0009671675,0.0,0.2977848,0.75934076
25,31.501225,0.0,20.24705,43.27857,0.0008779028,0.0,0.32847476,0.75934
26,43.84528,0.0,25.936817,43.27858,0.0011704708,0.0,0.28584656,0.7593391
27,36.15006,0.0,28.55821,43.27854,0.0012762821,0.0,0.32936257,0.7593382
28,42.638653,0.0,27.165976,43.278442,0.0014963746,0.0,0.3243767,0.7593373
29,38.280956,0.0,25.406958,43.278336,0.00097379246,0.0,0.30269262,0.75933695
30,25.728882,0.0,19.415562,43.27822,0.0007436981,0.0,0.32213587,0.75933635
31,42.200413,0.0,23.045504,43.27811,0.0010805808,0.0,0.3285201,0.75933504
32,41.37656,0.0,26.577637,43.278027,0.0009771175,0.0,0.36029935,0.75933367
33,31.242508,0.0,17.713518,43.277943,0.0009224584,0.0,0.3169899,0.75933236
34,36.15838,0.0,38.13218,43.277866,0.0008948704,0.0,0.30787912,0.759331
35,29.839214,0.0,35.599323,43.277767,0.0011299817,0.0,0.29506385,0.7593295
36,27.088644,0.0,34.294254,43.277718,0.0008740262,0.0,0.32322466,0.759328
37,50.587067,0.0,36.10599,43.277687,0.0009653142,0.0,0.36320886,0.7593266
38,42.93881,0.0,20.634966,43.27763,0.0007950562,0.0,0.2922773,0.759325
39,43.186066,0.0,29.523893,43.277573,0.0009316858,0.0,0.30448273,0.75932384
40,31.17096,0.0,28.348915,43.27751,0.0010423621,0.0,0.30440673,0.75932086
41,38.979557,0.0,18.823057,43.277462,0.0008533897,0.0,0.27171898,0.75931805
42,66.72982,0.0,23.607382,43.27742,0.0010852697,0.0,0.30320245,0.7593154
43,26.582878,0.0,26.312447,43.277374,0.0011222588,0.0,0.3117749,0.75931287
44,47.018406,0.0,34.274487,43.277325,0.0010156638,0.0,0.3175667,0.75931036
45,33.625565,0.0,23.832813,43.2773,0.0009931517,0.0,0.33146778,0.75930804
46,45.905094,0.0,34.86243,43.277283,0.0010602339,0.0,0.30885538,0.7593059
47,43.466206,0.0,27.232637,43.277256,0.001277177,0.0,0.3105528,0.75930405
48,68.16557,0.0,18.231556,43.27721,0.0008087737,0.0,0.30573267,0.7593024
49,34.690216,0.0,22.522896,43.27717,0.001171121,0.0,0.28371945,0.75930065
50,52.428185,0.0,26.480612,43.2771,0.0007941464,0.0,0.31397766,0.75929886
51,31.851204,0.0,13.816016,43.277023,0.0010477039,0.0,0.3295606,0.75929713
52,27.842205,0.0,31.374407,43.276955,0.00091410975,0.0,0.3192719,0.7592954
53,25.298347,0.0,26.368645,43.276928,0.0010546013,0.0,0.31695607,0.7592938
54,36.234844,0.0,22.847494,43.27691,0.0011934935,0.0,0.31153506,0.759292
55,32.092533,0.0,22.906021,43.276882,0.00082893454,0.0,0.3153848,0.7592904
56,61.090347,0.0,22.543865,43.276867,0.0010956031,0.0,0.3307018,0.7592888
57,29.138927,0.0,25.495064,43.276855,0.0014770625,0.0,0.32570925,0.7592872
58,35.12946,0.0,25.218199,43.27685,0.0010560493,0.0,0.32108068,0.75928664
59,35.157196,0.0,26.659657,43.276817,0.0010216953,0.0,0.314163,0.7592861
60,44.709953,0.0,31.964489,43.27681,0.00080367294,0.0,0.2907539,0.75928557
61,26.055336,0.0,25.444078,43.276768,0.0009880434,0.0,0.2983768,0.759284
62,34.59769,0.0,27.48022,43.276726,0.0011012396,0.0,0.33272034,0.7592826
63,44.039967,0.0,36.415592,43.27669,0.0010184412,0.0,0.31557727,0.7592811
64,42.89062,0.0,22.14153,43.276695,0.0009240191,0.0,0.36818427,0.7592793
65,30.968058,0.0,22.63811,43.276657,0.0010053784,0.0,0.29324612,0.75927764
66,41.032383,0.0,21.135265,43.27661,0.0009594358,0.0,0.34956762,0.75927603
67,47.035458,0.0,31.686897,43.276543,0.0013119292,0.0,0.3216023,0.7592744
68,21.132978,0.0,31.240723,43.276493,0.0010446588,0.0,0.3189506,0.7592728
69,29.07225,0.0,15.352324,43.27644,0.0012894995,0.0,0.30832645,0.7592714
70,56.656563,0.0,19.755375,43.276394,0.00090897124,0.0,0.33626837,0.7592699
71,34.39613,0.0,17.632605,43.276337,0.0008671939,0.0,0.29003358,0.7592684
72,44.995934,0.0,31.129158,43.27635,0.000969131,0.0,0.33629328,0.759267
73,59.021217,0.0,32.01692,43.276356,0.00085886486,0.0,0.33358166,0.759263
74,49.34736,0.0,21.919115,43.27642,0.0009924241,0.0,0.30143338,0.7592592
75,34.866806,0.0,30.4252,43.276436,0.0009393591,0.0,0.3410338,0.7592558
76,39.049618,0.0,15.334573,43.276436,0.001103357,0.0,0.32263666,0.7592526
77,53.388443,0.0,20.92439,43.276413,0.0009508672,0.0,0.3205156,0.7592495
78,51.686802,0.0,25.396326,43.27637,0.0007615971,0.0,0.32080206,0.7592467
79,33.883144,0.0,24.07153,43.27635,0.000863648,0.0,0.30623257,0.75924397
80,76.26198,0.0,28.730387,43.27628,0.0010133246,0.0,0.31353286,0.7592414
81,35.637794,0.0,15.623212,43.27624,0.001094523,0.0,0.2941478,0.7592389
82,40.21832,0.0,20.755032,43.276176,0.0012169316,0.0,0.29237667,0.75923645
83,46.82915,0.0,15.0555525,43.2761,0.001041481,0.0,0.31638786,0.7592342
84,39.8792,0.0,26.612146,43.27603,0.001135563,0.0,0.35033613,0.75923187
85,61.780216,0.0,22.335619,43.275967,0.00092096766,0.0,0.32942814,0.7592358
86,38.16404,0.0,16.732897,43.275883,0.00071177445,0.0,0.31938547,0.75923806
87,36.978485,0.0,18.594238,43.27579,0.0010017658,0.0,0.29777235,0.75924015
88,29.514002,0.0,16.089094,43.275707,0.0010164136,0.0,0.31728038,0.75924176
89,30.034079,0.0,17.387735,43.27563,0.0010015102,0.0,0.3072224,0.7592431
90,27.100403,0.0,24.936853,43.27557,0.0010106618,0.0,0.31652617,0.7592441
91,45.4802,0.0,25.670486,43.275555,0.0015292533,0.0,0.3192225,0.7592449
92,27.531876,0.0,17.314623,43.275555,0.001049064,0.0,0.3100168,0.7592453
93,23.65098,0.0,28.691822,43.27555,0.001070209,0.0,0.33536363,0.7592471
94,40.460308,0.0,21.340935,43.27561,0.0018085088,0.0,0.2872447,0.7592486
95,38.029297,0.0,18.760141,43.275658,0.0007465123,0.0,0.3423276,0.75924987
96,31.311466,0.0,14.688918,43.275692,0.0011791129,0.0,0.30890748,0.7592508
97,44.897194,0.0,35.23984,43.275745,0.00082463596,0.0,0.30667698,0.7592516
98,33.56132,0.0,12.791941,43.275787,0.0012151327,0.0,0.32771698,0.7592521
99,39.25795,0.0,25.684563,43.275814,0.0013454815,0.0,0.31378135,0.7592523
100,39.93165,0.0,20.16035,43.275875,0.0012458134,0.0,0.31294295,0.75925237
101,46.992775,0.0,26.708956,43.275917,0.0010229924,0.0,0.32793033,0.75925237
102,41.253433,0.0,20.52734,43.27596,0.0009822038,0.0,0.3040149,0.7592521
103,76.526505,0.0,31.770393,43.276005,0.0012368513,0.0,0.3367778,0.7592517
104,35.48856,0.0,21.20795,43.276066,0.0013677179,0.0,0.29918605,0.7592524
105,45.576817,0.0,17.546616,43.27611,0.0011741918,0.0,0.3538669,0.75925267
106,69.916214,0.0,25.929827,43.27616,0.0012303799,0.0,0.3101266,0.7592526
107,39.720802,0.0,31.418205,43.27617,0.0008711014,0.0,0.35761374,0.7592527
108,34.274956,0.0,23.843643,43.276188,0.0008444381,0.0,0.30515546,0.75925237
109,37.52888,0.0,21.081125,43.27619,0.0009644246,0.0,0.36086535,0.7592521
110,25.353735,0.0,19.106836,43.276165,0.0012004555,0.0,0.3177005,0.7592515
111,46.326458,0.0,34.520027,43.276115,0.00075988146,0.0,0.3030213,0.759251
112,25.02244,0.0,24.90807,43.27605,0.0011795555,0.0,0.28586075,0.75925034
113,33.36023,0.0,23.213106,43.275986,0.0010787812,0.0,0.35787496,0.7592497
114,37.725864,0.0,20.911463,43.27594,0.001118483,0.0,0.3052847,0.7592488
115,43.56442,0.0,18.718075,43.27588,0.0011808737,0.0,0.3082031,0.75924796
116,31.584549,0.0,51.66778,43.275806,0.0014613743,0.0,0.32511467,0.75925106
117,45.743443,0.0,47.217865,43.275726,0.0010905772,0.0,0.3123785,0.75925374
118,24.123499,0.0,34.537247,43.27566,0.00138079,0.0,0.3286127,0.759256
119,36.30659,0.0,18.191235,43.275646,0.0012127848,0.0,0.33630085,0.7592578
120,34.834335,0.0,16.389742,43.275608,0.0008378326,0.0,0.2917347,0.75925934
121,33.933506,0.0,21.880814,43.275547,0.00092598423,0.0,0.3091307,0.75926054
122,38.117535,0.0,22.845291,43.27549,0.0011774474,0.0,0.32009122,0.7592615
123,40.98133,0.0,15.47901,43.275482,0.0010988849,0.0,0.30553478,0.7592633
124,45.549347,0.0,18.274044,43.275475,0.0010197782,0.0,0.28748983,0.75926536
125,47.310963,0.0,20.833033,43.275486,0.000782973,0.0,0.31254154,0.759267
126,40.779854,0.0,16.85311,43.27554,0.0012051645,0.0,0.3106011,0.75926596
127,35.0898,0.0,21.78288,43.27561,0.0011195547,0.0,0.29535812,0.7592648
128,47.266415,0.0,42.586033,43.275673,0.0009803142,0.0,0.34330106,0.75926375
129,42.831703,0.0,27.219368,43.275738,0.0013036601,0.0,0.34041238,0.7592626
130,45.58448,0.0,29.06305,43.275803,0.00097598555,0.0,0.3181183,0.7592615
131,44.902725,0.0,15.906771,43.275845,0.0008762685,0.0,0.29701078,0.7592603
132,31.880354,0.0,22.259583,43.275894,0.0008929301,0.0,0.31970215,0.759259
133,43.829353,0.0,18.275238,43.275944,0.0011614608,0.0,0.2977426,0.7592577
134,39.53927,0.0,25.612915,43.275986,0.0010383746,0.0,0.3152917,0.7592563
135,36.197727,0.0,26.242071,43.275993,0.0011416625,0.0,0.3160742,0.7592549
136,45.35218,0.0,16.987011,43.275963,0.0011083712,0.0,0.31383526,0.75925994
137,45.60977,0.0,18.905579,43.275925,0.0010500934,0.0,0.33156085,0.7592643
138,32.21918,0.0,26.09893,43.27586,0.0009872762,0.0,0.30752885,0.7592681
139,28.001364,0.0,21.572847,43.27581,0.0012653599,0.0,0.32096803,0.75927126
140,31.181684,0.0,21.377539,43.27575,0.001196488,0.0,0.3389394,0.759274
141,52.87365,0.0,27.008776,43.275642,0.0009286853,0.0,0.30212304,0.75927633
142,48.21146,0.0,24.850973,43.275513,0.0008869785,0.0,0.32106358,0.75927824
143,44.990746,0.0,22.95498,43.275387,0.0010989825,0.0,0.31342608,0.7592798
144,42.62214,0.0,30.327715,43.27533,0.0012846082,0.0,0.28934628,0.759281
145,34.474216,0.0,20.401266,43.27533,0.0010748717,0.0,0.32469618,0.75928193
146,44.025467,0.0,20.75609,43.27533,0.0010482958,0.0,0.3012461,0.7592824
147,34.070347,0.0,17.301905,43.27534,0.0011547002,0.0,0.31687623,0.7592836
148,32.814816,0.0,20.51111,43.275356,0.00072492886,0.0,0.33925462,0.7592846
149,28.905195,0.0,24.323465,43.27539,0.0010931562,0.0,0.32641947,0.7592853
150,39.70449,0.0,18.96379,43.275425,0.0011642632,0.0,0.352455,0.7592862
151,44.17287,0.0,24.581924,43.275455,0.0010098065,0.0,0.30114025,0.7592839
152,32.234425,0.0,37.997536,43.275448,0.0010138907,0.0,0.29476118,0.75928175
153,47.40161,0.0,28.839293,43.27546,0.000992975,0.0,0.33541092,0.75927967
154,33.483578,0.0,31.90499,43.275436,0.00082815427,0.0,0.33372173,0.75927746
155,32.53949,0.0,27.58799,43.27542,0.0011651543,0.0,0.30137312,0.75927526
156,33.674477,0.0,23.181498,43.27542,0.0009224875,0.0,0.3152812,0.75927323
157,35.71211,0.0,27.032932,43.275425,0.0016372919,0.0,0.3129082,0.75927114
158,28.230412,0.0,15.735876,43.27547,0.0009729112,0.0,0.32871264,0.7592691
159,50.750385,0.0,21.13726,43.275486,0.0016693508,0.0,0.3444608,0.7592674
160,24.833305,0.0,22.040699,43.2755,0.0011010204,0.0,0.311463,0.75926554
161,52.653393,0.0,19.45109,43.27551,0.0010359241,0.0,0.31932664,0.7592633
162,33.43154,0.0,23.40477,43.275517,0.0010799144,0.0,0.33475286,0.7592611
163,68.486145,0.0,25.973352,43.275513,0.0012651528,0.0,0.34199733,0.759259
164,30.111778,0.0,41.251392,43.27551,0.0011143109,0.0,0.3176694,0.75925726
165,36.483173,0.0,15.626102,43.275494,0.00110659,0.0,0.30872643,0.75925577
166,37.240562,0.0,39.02171,43.27548,0.0011852431,0.0,0.3020481,0.7592542
167,30.641394,0.0,19.227571,43.27543,0.0009262065,0.0,0.30978343,0.7592527
168,59.28731,0.0,22.506847,43.2754,0.0013631338,0.0,0.28644404,0.75925124
169,32.242146,0.0,15.728131,43.275387,0.0010541799,0.0,0.32156113,0.75924975
170,35.766907,0.0,36.554134,43.275356,0.0013445219,0.0,0.3135829,0.75924826
171,36.5941,0.0,15.423792,43.275368,0.0011984762,0.0,0.2827251,0.75924665
172,33.945312,0.0,22.76396,43.275387,0.0014662695,0.0,0.33581275,0.7592452
173,29.50203,0.0,22.584883,43.27539,0.0012235164,0.0,0.29999664,0.75923437
174,32.816723,0.0,29.929304,43.275375,0.0012213637,0.0,0.34394497,0.7592244
175,33.963398,0.0,30.161678,43.27539,0.00094146066,0.0,0.2999291,0.75921685
176,39.667507,0.0,32.999084,43.275394,0.00093406154,0.0,0.31543636,0.7592099
177,30.94591,0.0,24.277391,43.275406,0.0011904705,0.0,0.29216343,0.7592034
178,35.90201,0.0,27.266527,43.275364,0.0012499685,0.0,0.31913644,0.75919574
179,33.30963,0.0,25.386417,43.27536,0.001028725,0.0,0.29312572,0.75918895
180,26.11917,0.0,13.836979,43.27538,0.0010444918,0.0,0.30562815,0.75919056
181,24.32928,0.0,20.418037,43.27537,0.0010293567,0.0,0.3293675,0.75919217
182,35.643562,0.0,34.574783,43.2754,0.0009881005,0.0,0.30410093,0.75919366
183,44.145435,0.0,30.84584,43.275414,0.00091125135,0.0,0.31289822,0.75919473
184,30.410343,0.0,31.333784,43.275417,0.0011673663,0.0,0.35879502,0.75919676
185,36.30336,0.0,17.819925,43.275417,0.0009142721,0.0,0.30435225,0.7591984
186,31.824024,0.0,26.065857,43.27542,0.0012067172,0.0,0.3100887,0.75919986
187,41.116283,0.0,19.14667,43.27546,0.00081379106,0.0,0.31853327,0.75920105
188,33.41961,0.0,22.242197,43.27548,0.0009362918,0.0,0.30164975,0.759202
189,43.164894,0.0,24.227198,43.275475,0.0007124547,0.0,0.28595537,0.7592027
190,32.529053,0.0,25.180061,43.27542,0.0010387836,0.0,0.32024825,0.75920314
191,44.370842,0.0,21.360186,43.27538,0.0007460892,0.0,0.306797,0.7592033
192,49.653564,0.0,22.630331,43.27533,0.0011825244,0.0,0.3289178,0.75920343
193,44.715485,0.0,18.375443,43.275288,0.00081597664,0.0,0.34471053,0.7592033
194,33.234158,0.0,15.552368,43.27524,0.0010387675,0.0,0.28075695,0.7592032
195,37.85016,0.0,19.809208,43.27517,0.0009424653,0.0,0.3209136,0.75920314
196,27.91307,0.0,22.628977,43.27511,0.0008330207,0.0,0.31498504,0.75920284
197,47.419407,0.0,23.322401,43.275066,0.0013591012,0.0,0.30253613,0.7592026
198,32.84795,0.0,20.068895,43.275078,0.0008874531,0.0,0.30882058,0.7592023
199,55.439053,0.0,24.623682,43.275066,0.0012497976,0.0,0.3191801,0.7592027
200,33.827686,0.0,30.793924,43.275055,0.001250896,0.0,0.27444893,0.75920314
201,34.796566,0.0,20.04611,43.274994,0.0018810236,0.0,0.29770163,0.7592037
202,43.45371,0.0,21.800255,43.27493,0.0011664657,0.0,0.33262262,0.7592041
203,52.261417,0.0,31.302958,43.274853,0.0010114219,0.0,0.34083852,0.7592037
204,35.70009,0.0,35.784607,43.274857,0.0009620848,0.0,0.34754547,0.75920314
205,41.45694,0.0,20.424515,43.2749,0.0010817796,0.0,0.29208347,0.7592024
206,41.81324,0.0,21.272102,43.274933,0.0007385289,0.0,0.3232275,0.7592015
207,45.740215,0.0,22.628767,43.274944,0.0009421489,0.0,0.3132422,0.7592006
208,37.136524,0.0,16.964506,43.27496,0.0012008746,0.0,0.3229286,0.75919956
209,38.875454,0.0,21.984287,43.274986,0.0013560315,0.0,0.31853634,0.7592045
210,35.854527,0.0,22.341204,43.27499,0.0008737235,0.0,0.35916147,0.7592091
211,39.444675,0.0,21.792957,43.275005,0.0008665401,0.0,0.29555565,0.75921315
212,42.98421,0.0,27.998316,43.275036,0.00090331485,0.0,0.3034318,0.7592168
213,29.419907,0.0,25.340387,43.275085,0.0011254544,0.0,0.3277357,0.7592201
214,32.542633,0.0,23.439465,43.275124,0.0010274918,0.0,0.33522698,0.75922287
215,36.456787,0.0,22.49211,43.27518,0.0010753698,0.0,0.32420525,0.75922567
216,23.357304,0.0,17.709204,43.275276,0.0010046884,0.0,0.36748824,0.759228
217,71.12725,0.0,13.299981,43.27538,0.0014573745,0.0,0.29202703,0.75923014
218,43.8786,0.0,22.595215,43.27544,0.0008478997,0.0,0.3277986,0.75923187
219,28.359663,0.0,18.467896,43.27553,0.0008519892,0.0,0.35807228,0.75923324
220,20.115759,0.0,20.446636,43.275616,0.0008777936,0.0,0.29121345,0.7592341
221,36.814484,0.0,24.999619,43.275654,0.0011020163,0.0,0.34254897,0.75923455
222,53.310303,0.0,21.182512,43.275692,0.0008404936,0.0,0.324297,0.759235
223,30.642399,0.0,20.592745,43.275703,0.0012684567,0.0,0.31307694,0.7592351
224,41.295498,0.0,27.39343,43.275726,0.0008653662,0.0,0.32150134,0.759235
225,36.15568,0.0,20.77315,43.275806,0.0009720595,0.0,0.31906837,0.75923467
226,39.457016,0.0,28.22872,43.275875,0.0010819039,0.0,0.323664,0.75923413
227,32.27789,0.0,20.198326,43.275978,0.0010710432,0.0,0.32375807,0.75923353
228,40.57872,0.0,35.43688,43.276062,0.00090681546,0.0,0.34958693,0.7592328
229,51.004307,0.0,22.51303,43.276115,0.0008486351,0.0,0.31383762,0.75923204
230,38.406162,0.0,16.684591,43.27619,0.000954447,0.0,0.3095761,0.759231
231,41.979794,0.0,19.341984,43.276287,0.0009913091,0.0,0.32887274,0.7592291
232,71.96573,0.0,37.342472,43.276394,0.0012941547,0.0,0.34434903,0.7592371
233,25.966219,0.0,22.957573,43.2765,0.000872527,0.0,0.2895707,0.75924426
234,34.888283,0.0,28.127306,43.27659,0.0008052084,0.0,0.30292064,0.7592488
235,48.013866,0.0,27.511812,43.276623,0.0010705877,0.0,0.31374535,0.75925285
236,38.262962,0.0,27.729485,43.276608,0.00095218513,0.0,0.33717185,0.7592568
237,42.55986,0.0,23.352762,43.276577,0.00096317695,0.0,0.30232683,0.7592601
238,46.208652,0.0,19.4912,43.27655,0.0009827897,0.0,0.30242118,0.7592631
239,46.796085,0.0,36.731808,43.276558,0.00077105535,0.0,0.28922185,0.7592657
240,50.99628,0.0,24.681963,43.276573,0.0009998915,0.0,0.33863124,0.75926805
241,21.0127,0.0,47.006355,43.276577,0.0008836532,0.0,0.3031499,0.75926995
242,26.189604,0.0,17.374178,43.27644,0.0008110294,0.0,0.33377427,0.7592716
243,55.627426,0.0,16.373547,43.2763,0.0010406887,0.0,0.31291258,0.759273
244,36.708893,0.0,24.086067,43.27618,0.0009303062,0.0,0.342124,0.7592741
245,39.40672,0.0,17.890303,43.27609,0.00089400774,0.0,0.3207856,0.75927496
246,27.762068,0.0,17.90583,43.27601,0.0008983582,0.0,0.30770528,0.7592756
247,63.232838,0.0,21.714273,43.275944,0.00088083884,0.0,0.317414,0.7592761
248,39.287754,0.0,15.657908,43.27589,0.0015605179,0.0,0.28152585,0.7592762
249,37.89493,0.0,27.695467,43.27582,0.0011879228,0.0,0.30098158,0.7592764
250,31.277767,0.0,24.25616,43.27574,0.0014456817,0.0,0.34103486,0.7592763
251,46.04358,0.0,25.750313,43.27571,0.0013924058,0.0,0.32001883,0.7592763
252,45.728386,0.0,25.047287,43.27567,0.0011517256,0.0,0.3193216,0.7592762
253,44.929394,0.0,26.373125,43.275692,0.0010861355,0.0,0.30642515,0.759276
254,50.294945,0.0,23.170977,43.27572,0.0012325835,0.0,0.32324803,0.7592748
255,26.255857,0.0,22.788267,43.275784,0.000991965,0.0,0.29874808,0.75927347
256,28.251717,0.0,14.661551,43.275806,0.0011037303,0.0,0.31603998,0.75927234
257,41.460728,0.0,23.147617,43.275814,0.0010149959,0.0,0.34306383,0.7592676
258,39.348087,0.0,24.983437,43.275806,0.0010909884,0.0,0.3383116,0.75926405
259,33.2578,0.0,19.323706,43.275784,0.0010594763,0.0,0.2903917,0.75926095
260,28.257511,0.0,14.697483,43.275726,0.0015089945,0.0,0.33074176,0.7592581
261,30.241772,0.0,19.93498,43.27567,0.0009540905,0.0,0.3027118,0.7592554
262,67.999176,0.0,22.983463,43.275665,0.0012292301,0.0,0.30921084,0.75925285
263,40.67767,0.0,33.878067,43.27565,0.0010896103,0.0,0.3236614,0.7592504
264,43.6983,0.0,17.925747,43.27564,0.0009698733,0.0,0.30679762,0.7592482
265,37.59704,0.0,32.4322,43.275677,0.00090449874,0.0,0.3217256,0.75924593
266,50.032444,0.0,21.067125,43.275723,0.0012961178,0.0,0.29878622,0.7592438
267,38.48789,0.0,20.227686,43.275795,0.0011348391,0.0,0.29228517,0.7592417
268,42.734333,0.0,22.515732,43.275852,0.0012075222,0.0,0.34455904,0.7592397
269,30.068983,0.0,19.754385,43.275887,0.0011176685,0.0,0.31714937,0.75923777
270,31.993408,0.0,15.738672,43.27593,0.0011823532,0.0,0.31810904,0.7592358
271,48.0014,0.0,25.326492,43.275974,0.0014134056,0.0,0.31225786,0.7592339
272,37.03766,0.0,20.905231,43.276012,0.000978691,0.0,0.3366804,0.75923204
273,36.018723,0.0,25.386744,43.276062,0.0011158495,0.0,0.30571294,0.7592301
274,30.981108,0.0,24.845438,43.27607,0.0010888273,0.0,0.32874858,0.7592283
275,47.095264,0.0,24.88925,43.276028,0.0011992373,0.0,0.34744033,0.7592265
276,32.092903,0.0,22.252277,43.276028,0.0008726567,0.0,0.32728934,0.7592247
277,51.615707,0.0,24.498877,43.276005,0.0011022796,0.0,0.3149519,0.7592229
278,54.129745,0.0,25.942612,43.275997,0.0012017715,0.0,0.34714636,0.7592212
279,28.43284,0.0,17.415474,43.275986,0.0012106325,0.0,0.3331275,0.7592194
280,35.847687,0.0,11.805497,43.27596,0.0012836857,0.0,0.29168698,0.7592177
281,36.437874,0.0,22.373339,43.27594,0.00096819666,0.0,0.31922486,0.75921595
282,49.964268,0.0,37.038662,43.27595,0.0011889924,0.0,0.3394043,0.7592142
283,36.495827,0.0,19.23383,43.27588,0.0010348823,0.0,0.34212908,0.7592125
284,29.757896,0.0,29.26738,43.275795,0.0014907288,0.0,0.3237324,0.75921065
285,35.47195,0.0,22.372616,43.275764,0.001114407,0.0,0.32995507,0.75920874
286,46.57708,0.0,29.733076,43.275738,0.0015054946,0.0,0.33828875,0.7592069
287,44.20514,0.0,18.805275,43.27572,0.0008407282,0.0,0.29780227,0.75919986
288,25.957348,0.0,19.661922,43.2757,0.0010631316,0.0,0.32154953,0.75919247
289,53.751743,0.0,20.341387,43.2757,0.0019059635,0.0,0.29206553,0.75918573
290,47.218006,0.0,43.431892,43.275692,0.0011471482,0.0,0.35332486,0.7591796
291,46.237873,0.0,21.359167,43.275723,0.0009522904,0.0,0.32490504,0.7591738
292,39.570457,0.0,24.611195,43.275738,0.00089763466,0.0,0.32433042,0.7591685
293,44.836052,0.0,18.31036,43.27578,0.0010408699,0.0,0.3051582,0.75916356
294,43.217236,0.0,19.249044,43.27584,0.0010017365,0.0,0.28544128,0.759159
295,29.702908,0.0,22.985077,43.275894,0.0011650663,0.0,0.31428894,0.7591548
296,25.809395,0.0,24.49753,43.275963,0.0010482345,0.0,0.29485157,0.7591507
297,28.996752,0.0,27.820118,43.276,0.0015300021,0.0,0.34923226,0.7591469
298,32.81479,0.0,28.973717,43.27601,0.0014249318,0.0,0.3136291,0.75914335
299,44.967415,0.0,44.585354,43.275997,0.0012697645,0.0,0.30775845,0.75913996
300,37.914623,0.0,21.627686,43.27599,0.0016038904,0.0,0.35627124,0.7591368
301,43.560856,0.0,20.73352,43.275997,0.0012160952,0.0,0.33091947,0.75913376
302,43.758327,0.0,22.562866,43.27597,0.0011419675,0.0,0.2869415,0.75913084
303,43.52561,0.0,48.06749,43.27595,0.0011306645,0.0,0.33959568,0.75912803
304,37.792137,0.0,18.54666,43.27586,0.0011252875,0.0,0.32225582,0.75912535
305,47.108505,0.0,38.07976,43.275787,0.0011262796,0.0,0.3245531,0.7591227
306,48.12124,0.0,22.733377,43.27576,0.0011129886,0.0,0.33227953,0.7591202
307,31.509632,0.0,20.075891,43.27576,0.0012936097,0.0,0.30076337,0.7591178
308,34.89306,0.0,12.844708,43.275776,0.0011941496,0.0,0.33333832,0.759115
309,32.013706,0.0,19.574776,43.2758,0.0009757582,0.0,0.296014,0.75911945
310,39.24063,0.0,32.082146,43.275833,0.0013856724,0.0,0.32569215,0.7591252
311,42.4574,0.0,20.708517,43.275867,0.0010079166,0.0,0.30225474,0.7591367
312,31.516068,0.0,65.074745,43.275917,0.0011422379,0.0,0.34791768,0.7591469
313,37.324665,0.0,36.256958,43.275974,0.0010752747,0.0,0.33342475,0.7591563
314,25.83966,0.0,35.290737,43.276012,0.0009977212,0.0,0.34320188,0.75916445
315,42.07529,0.0,21.556328,43.276115,0.001278128,0.0,0.31636858,0.75917184
316,45.41341,0.0,37.91284,43.276188,0.0010021767,0.0,0.314947,0.75917834
317,36.239956,0.0,25.056686,43.276283,0.0009189348,0.0,0.33385167,0.75918424
318,40.42298,0.0,28.509367,43.27636,0.00101684,0.0,0.32332134,0.7591894
319,40.441025,0.0,28.858828,43.27644,0.00097639876,0.0,0.30065405,0.7591939
320,33.532787,0.0,27.627764,43.276485,0.0009922935,0.0,0.3307747,0.7591979
321,51.82085,0.0,46.67952,43.276485,0.0010169748,0.0,0.3025599,0.7592012
322,34.724037,0.0,24.117968,43.276478,0.0007270532,0.0,0.31879872,0.75920415
323,45.612263,0.0,21.52248,43.276485,0.0010503208,0.0,0.31412137,0.75920665
324,48.861485,0.0,31.696365,43.276485,0.0008425607,0.0,0.35108647,0.7592088
325,31.464128,0.0,23.812212,43.27649,0.00095532107,0.0,0.3630062,0.7592104
326,50.5215,0.0,24.153475,43.27649,0.00087917125,0.0,0.32476383,0.7592117
327,61.17359,0.0,21.358198,43.276527,0.00096370676,0.0,0.33443767,0.75921285
328,31.426119,0.0,23.462036,43.27653,0.0015820985,0.0,0.29966447,0.7592136
329,37.290302,0.0,14.974951,43.276546,0.0011447271,0.0,0.32613847,0.7592144
330,48.468628,0.0,17.360222,43.27656,0.0011412556,0.0,0.30282092,0.7592148
331,41.97633,0.0,18.225882,43.276592,0.0016412664,0.0,0.31622604,0.7592151
332,23.563997,0.0,24.04946,43.276638,0.0009151222,0.0,0.29462183,0.7592152
333,29.557007,0.0,15.43882,43.27667,0.0010525447,0.0,0.2895725,0.75921494
334,28.282312,0.0,24.953712,43.27671,0.0015903863,0.0,0.3132941,0.7592146
335,45.08356,0.0,40.093796,43.276756,0.00083213457,0.0,0.33075547,0.75921357
336,30.053162,0.0,20.212923,43.2767,0.0015484443,0.0,0.2830792,0.75921255
337,42.490128,0.0,27.589205,43.276653,0.0013197423,0.0,0.3428905,0.7592116
338,70.65098,0.0,20.277514,43.276615,0.0012904548,0.0,0.302081,0.7592104
339,52.961117,0.0,48.78934,43.276585,0.0010148885,0.0,0.32292908,0.75920916
340,34.471886,0.0,18.836477,43.27667,0.0012334604,0.0,0.34280238,0.7592081
341,46.983257,0.0,19.23863,43.276745,0.00097636785,0.0,0.31240547,0.7592067
342,39.24794,0.0,25.238712,43.27682,0.0011549741,0.0,0.34104595,0.75920534
343,34.153854,0.0,25.30391,43.276848,0.0011410473,0.0,0.3438794,0.759204
344,52.073,0.0,27.541582,43.2769,0.0012839434,0.0,0.33244085,0.7592025
345,36.44641,0.0,23.682268,43.276985,0.0015742382,0.0,0.3167293,0.75920105
346,33.13936,0.0,20.118334,43.277054,0.0010544758,0.0,0.3317882,0.75920373
347,43.659683,0.0,25.368807,43.277138,0.0011512003,0.0,0.27615836,0.7592058
348,39.201324,0.0,23.635601,43.27723,0.0009110727,0.0,0.28831232,0.75920737
349,53.581688,0.0,26.613241,43.27732,0.00091649604,0.0,0.32314023,0.7592087
350,44.297543,0.0,22.332619,43.277424,0.00089912897,0.0,0.3432336,0.75920177
351,33.095325,0.0,26.317907,43.27753,0.0011603645,0.0,0.35025227,0.7591955
352,37.906647,0.0,18.248205,43.27762,0.0013322526,0.0,0.33844686,0.75918806
353,35.12759,0.0,46.712383,43.277695,0.0011709005,0.0,0.32302874,0.7591812
354,41.11695,0.0,26.721525,43.27772,0.0015751518,0.0,0.33095723,0.75917494
355,45.846737,0.0,23.169306,43.277737,0.0012005888,0.0,0.29523775,0.75916916
356,42.25223,0.0,19.936323,43.277744,0.0015111892,0.0,0.35907477,0.7591638
357,27.086864,0.0,34.03999,43.27775,0.0011164148,0.0,0.32937047,0.7591629
358,34.433598,0.0,20.27521,43.277744,0.001311858,0.0,0.31287715,0.759162
359,45.58344,0.0,24.894194,43.277737,0.0009918388,0.0,0.32986143,0.7591613
360,37.80918,0.0,24.23861,43.277752,0.00093081634,0.0,0.29830557,0.75916076
361,32.025356,0.0,22.369307,43.277744,0.00083114597,0.0,0.34398746,0.7591604
362,25.211243,0.0,15.500482,43.277737,0.0011378734,0.0,0.34959567,0.75916004
363,27.587229,0.0,23.194597,43.27773,0.0008848696,0.0,0.3135695,0.7591654
364,30.765825,0.0,21.193344,43.27773,0.0011483718,0.0,0.33282763,0.7591705
365,50.44055,0.0,13.573928,43.277737,0.00078725524,0.0,0.29832822,0.75917506
366,38.969933,0.0,32.13039,43.27773,0.0009770825,0.0,0.29661882,0.7591791
367,29.890358,0.0,34.070763,43.277763,0.0009801134,0.0,0.31234074,0.7591827
368,33.535873,0.0,26.669132,43.27774,0.0010033719,0.0,0.3175889,0.75918585
369,37.551258,0.0,22.752872,43.277767,0.0013343745,0.0,0.29592386,0.7591884
370,33.694416,0.0,27.111803,43.277813,0.0009353777,0.0,0.32464936,0.7591906
371,32.963272,0.0,17.815523,43.27783,0.0011653211,0.0,0.32727382,0.7591926
372,43.385727,0.0,30.017359,43.277847,0.0010853441,0.0,0.305846,0.7591941
373,29.63865,0.0,28.964554,43.27787,0.0011713448,0.0,0.31491512,0.7591954
374,48.5948,0.0,25.054365,43.277893,0.0011644381,0.0,0.3273556,0.7591964
375,27.27881,0.0,18.563265,43.27791,0.0012365285,0.0,0.29482967,0.7591972
376,56.615772,0.0,19.24436,43.277935,0.0010630412,0.0,0.3295815,0.7591977
377,37.590363,0.0,18.719177,43.27795,0.0017392824,0.0,0.3031726,0.7591975
378,37.07497,0.0,14.537837,43.278008,0.0009943255,0.0,0.32103217,0.75919706
379,24.029728,0.0,16.66112,43.278053,0.002313123,0.0,0.32911536,0.7591971
380,33.765728,0.0,25.128849,43.278095,0.0012648803,0.0,0.3207915,0.75919706
381,34.17592,0.0,50.1619,43.278126,0.0012177482,0.0,0.3205379,0.75919676
382,38.506382,0.0,32.627728,43.27806,0.0013632586,0.0,0.3022289,0.7591964
383,27.885342,0.0,29.945583,43.278008,0.0009619243,0.0,0.32186636,0.7591959
384,33.82666,0.0,20.045687,43.27793,0.0014552288,0.0,0.33423766,0.75919545
385,30.808306,0.0,19.05229,43.277847,0.0011665456,0.0,0.3090082,0.75919485
386,55.130966,0.0,41.854595,43.277775,0.0011074767,0.0,0.35326767,0.7591941
387,30.605547,0.0,21.168278,43.27774,0.00090583134,0.0,0.31473124,0.75919336
388,32.996094,0.0,18.468157,43.27771,0.0010778806,0.0,0.3041526,0.75919247
389,36.815845,0.0,71.680214,43.277702,0.0009808452,0.0,0.32165536,0.7591916
390,45.217747,0.0,30.037458,43.277813,0.00078826526,0.0,0.30898738,0.7591903
391,49.297115,0.0,19.852041,43.277927,0.0010924315,0.0,0.312472,0.7591937
392,37.399628,0.0,22.693228,43.278053,0.001031309,0.0,0.3177563,0.75919664
393,42.72039,0.0,21.560356,43.278145,0.001039448,0.0,0.32046193,0.75919914
394,59.727768,0.0,15.960801,43.27821,0.000906178,0.0,0.3183861,0.75920135
395,36.506775,0.0,25.859913,43.278275,0.0010068169,0.0,0.30452588,0.7592032
396,28.771402,0.0,23.255713,43.278233,0.0009026632,0.0,0.32355392,0.7592048
397,47.560986,0.0,25.93657,43.27816,0.00088040007,0.0,0.3342012,0.75921
398,33.824722,0.0,17.323963,43.278076,0.00088774355,0.0,0.31101608,0.75921345
399,40.446686,0.0,36.479836,43.27804,0.00091767777,0.0,0.29019642,0.7592165
400,66.16129,0.0,27.020794,43.278,0.0007130968,0.0,0.33708167,0.759218
401,28.365612,0.0,35.973476,43.27797,0.0009876308,0.0,0.31585118,0.7592192
402,51.736588,0.0,20.850876,43.277905,0.0011687318,0.0,0.33138183,0.7592201
403,55.167934,0.0,21.290514,43.277843,0.00084658794,0.0,0.3478089,0.75922084
404,46.595085,0.0,19.110144,43.277767,0.0010947865,0.0,0.34544945,0.75922143
405,30.237688,0.0,18.769184,43.27772,0.0011765402,0.0,0.32527858,0.75922155
406,44.847794,0.0,22.82548,43.277664,0.0009613314,0.0,0.35373688,0.7592217
407,34.29098,0.0,49.459606,43.277664,0.0011501339,0.0,0.31228572,0.7592217
408,29.97597,0.0,20.574865,43.277676,0.0017906313,0.0,0.33590457,0.75922143
409,64.603584,0.0,18.618414,43.27769,0.0010582994,0.0,0.3296811,0.75922114
410,27.877783,0.0,17.415745,43.27769,0.0008164378,0.0,0.3213277,0.75922114
411,33.856297,0.0,21.713678,43.277706,0.0008947635,0.0,0.3308444,0.75922096
412,35.58562,0.0,40.49406,43.27771,0.0008955918,0.0,0.30784655,0.7592207
413,34.796684,0.0,25.359274,43.277786,0.0011601917,0.0,0.3168906,0.75922024
414,31.425627,0.0,20.737799,43.277866,0.0010891296,0.0,0.32486975,0.7592175
415,29.792288,0.0,14.480451,43.277966,0.0009935254,0.0,0.3047628,0.7592149
416,31.660929,0.0,35.180542,43.278008,0.0011198642,0.0,0.33042526,0.759212
417,26.853611,0.0,24.876734,43.27806,0.0008175817,0.0,0.29354843,0.7592095
418,55.157307,0.0,24.71704,43.278076,0.0009538103,0.0,0.31221756,0.7592068
419,28.114763,0.0,22.978642,43.278084,0.0010722285,0.0,0.3068452,0.75920665
420,30.780249,0.0,25.14768,43.278095,0.0014529641,0.0,0.31447345,0.7592031
421,46.55507,0.0,19.38011,43.2781,0.0011380005,0.0,0.3100142,0.75919974
422,39.670544,0.0,19.65803,43.27812,0.0016415741,0.0,0.31675002,0.7591966
423,31.959839,0.0,30.047205,43.278152,0.0009769736,0.0,0.2971303,0.7591936
424,34.453587,0.0,27.60071,43.27817,0.001082146,0.0,0.32379878,0.7591907
425,44.636906,0.0,16.46713,43.27819,0.00071411877,0.0,0.30127233,0.75918806
426,44.1359,0.0,16.258204,43.2782,0.0013047218,0.0,0.33880672,0.75918543
427,38.276173,0.0,32.235252,43.278187,0.0010326866,0.0,0.2892773,0.75918305
428,21.286343,0.0,18.633318,43.278133,0.0012800806,0.0,0.3260852,0.7591807
429,43.113045,0.0,14.690544,43.278103,0.0010805756,0.0,0.33002058,0.7591783
430,34.6282,0.0,16.662275,43.278095,0.0015286937,0.0,0.3156014,0.75917614
431,49.66855,0.0,18.595596,43.27808,0.0010533107,0.0,0.30564266,0.75917405
432,44.654686,0.0,16.63634,43.27805,0.0010388516,0.0,0.32139927,0.75916904
433,55.377197,0.0,22.887066,43.278008,0.0007773104,0.0,0.3221927,0.75916445
434,46.046143,0.0,35.23991,43.277973,0.00087808154,0.0,0.30676824,0.7591602
435,73.262695,0.0,28.116804,43.277905,0.0009967405,0.0,0.2970484,0.7591562
436,34.678295,0.0,15.520756,43.277786,0.0012320747,0.0,0.31708428,0.7591525
437,44.38549,0.0,23.971752,43.27771,0.001026328,0.0,0.3270992,0.759149
438,38.583412,0.0,15.475999,43.277596,0.0009525039,0.0,0.28393993,0.75914305
439,46.00323,0.0,28.655443,43.2775,0.0008451886,0.0,0.35108542,0.75913775
440,30.951681,0.0,21.08159,43.27741,0.00084716664,0.0,0.30495286,0.7591326
441,37.426327,0.0,27.242098,43.27733,0.00087575556,0.0,0.3531693,0.7591283
442,73.446014,0.0,19.034746,43.277245,0.001234215,0.0,0.3050589,0.75912416
443,59.50102,0.0,25.172112,43.277184,0.000914374,0.0,0.3057452,0.7591204
444,29.25735,0.0,24.680132,43.27719,0.0010437848,0.0,0.3050749,0.7591169
445,45.302402,0.0,20.954563,43.27722,0.0009403678,0.0,0.3486558,0.75911343
446,40.864494,0.0,22.53535,43.277267,0.0010300614,0.0,0.28873512,0.7591103
447,39.949512,0.0,33.187458,43.27734,0.0009777519,0.0,0.33617282,0.7591072
448,46.6416,0.0,15.220901,43.27745,0.0010952444,0.0,0.30952662,0.7591043
449,46.528652,0.0,22.33122,43.277554,0.0011287087,0.0,0.31094402,0.75910157
450,37.47086,0.0,33.45078,43.27766,0.000933254,0.0,0.32389164,0.7590989
451,62.19275,0.0,24.402704,43.277737,0.0011919888,0.0,0.33550644,0.7590968
452,38.100586,0.0,22.501324,43.2778,0.0011517112,0.0,0.3164706,0.75909483
453,41.09428,0.0,22.639149,43.277912,0.000890416,0.0,0.27835128,0.75909287
454,27.057745,0.0,19.147545,43.277977,0.0008283101,0.0,0.3198931,0.7590909
455,52.5353,0.0,22.744198,43.27801,0.00080452184,0.0,0.30870858,0.75908893
456,34.999928,0.0,22.703777,43.278065,0.0011183993,0.0,0.33391947,0.75908595
457,31.64635,0.0,26.44421,43.278103,0.0013005938,0.0,0.33247542,0.75908315
458,44.369385,0.0,27.490479,43.278194,0.0009458132,0.0,0.32114968,0.7590805
459,46.131058,0.0,22.737648,43.27831,0.001012681,0.0,0.29648563,0.7590781
460,56.7782,0.0,23.15346,43.278427,0.0009516833,0.0,0.31422558,0.7590759
461,30.423117,0.0,25.206224,43.27854,0.0012333755,0.0,0.3196165,0.7590737
462,35.936935,0.0,26.074404,43.278618,0.0010581845,0.0,0.28801537,0.7590716
463,41.37902,0.0,28.51311,43.27871,0.0008899157,0.0,0.34313494,0.75906956
464,36.426888,0.0,19.195906,43.278793,0.001190167,0.0,0.31946355,0.7590667
465,36.658188,0.0,22.37341,43.278847,0.00089830067,0.0,0.31596208,0.75906426
466,44.986626,0.0,27.12202,43.27889,0.0008870198,0.0,0.32419395,0.759062
467,62.527866,0.0,24.228914,43.27892,0.001233549,0.0,0.3304616,0.7590596
468,26.11069,0.0,36.296272,43.278976,0.0009564636,0.0,0.29674235,0.7590574
469,29.621988,0.0,27.597063,43.279022,0.0011434847,0.0,0.27897716,0.75905514
470,43.87212,0.0,20.51794,43.27907,0.0011637775,0.0,0.28812766,0.759053
471,45.41145,0.0,13.953351,43.279114,0.0006997883,0.0,0.32536542,0.7590507
472,31.83868,0.0,33.033466,43.279152,0.0012474413,0.0,0.3083697,0.7590485
473,28.062899,0.0,20.032625,43.27914,0.0014053232,0.0,0.29637688,0.7590464
474,31.59674,0.0,27.51261,43.279118,0.0013456664,0.0,0.31124845,0.75904423
475,43.721466,0.0,22.658499,43.279083,0.00090700085,0.0,0.29064587,0.7590422
476,31.450855,0.0,33.352917,43.279057,0.0015463396,0.0,0.35855675,0.7590402
477,24.287676,0.0,19.830627,43.278988,0.00083246257,0.0,0.3181724,0.7590382
478,49.981224,0.0,25.479786,43.27889,0.00082177547,0.0,0.28546026,0.759036
479,39.259262,0.0,16.070473,43.278816,0.00081379915,0.0,0.30752143,0.7590337
480,25.483438,0.0,17.379969,43.278763,0.0010867668,0.0,0.30581743,0.75903153
481,58.81979,0.0,35.470932,43.278717,0.0008744839,0.0,0.32723412,0.75902945
482,29.050001,0.0,27.380056,43.278736,0.00091168657,0.0,0.31895852,0.75902736
483,35.664665,0.0,17.517805,43.278774,0.0014167919,0.0,0.32415348,0.7590253
484,62.746548,0.0,25.178608,43.278828,0.00093857467,0.0,0.33262584,0.7590233
485,27.08993,0.0,25.49957,43.278866,0.0010077725,0.0,0.3203734,0.75901836
486,34.054905,0.0,20.615217,43.278904,0.0008762024,0.0,0.32965302,0.7590138
487,71.51989,0.0,24.254204,43.27894,0.0012374641,0.0,0.32010013,0.7590105
488,37.66447,0.0,23.038929,43.278915,0.0010005613,0.0,0.3265327,0.75900745
489,52.912773,0.0,19.807886,43.278915,0.0009908054,0.0,0.31947017,0.7590045
490,40.40581,0.0,24.978853,43.278893,0.0010883103,0.0,0.3147257,0.7590017
491,33.076775,0.0,32.262684,43.278877,0.0011874622,0.0,0.33589217,0.75899893
492,51.284966,0.0,14.588459,43.278843,0.0008932011,0.0,0.32944784,0.758997
493,27.907963,0.0,17.352638,43.278828,0.0013386162,0.0,0.33803535,0.7589949
494,48.320797,0.0,20.243382,43.278816,0.0009733973,0.0,0.35944247,0.7589927
495,42.00797,0.0,21.320951,43.278824,0.0010876742,0.0,0.27762604,0.75899065
496,73.317085,0.0,19.648197,43.278847,0.0011578407,0.0,0.29117143,0.7589891
497,39.36102,0.0,27.1205,43.278896,0.0010972045,0.0,0.29794115,0.7589876
498,44.527996,0.0,25.42007,43.278934,0.000988813,0.0,0.32636705,0.7589862
499,40.2376,0.0,14.074009,43.27898,0.0011626044,0.0,0.32629502,0.75898254
500,38.89821,0.0,33.31311,43.279037,0.0010957432,0.0,0.31922182,0.7589791
501,41.17851,0.0,21.669857,43.279083,0.00087432016,0.0,0.29898655,0.7589758
502,37.28193,0.0,19.469149,43.279144,0.0011428668,0.0,0.29912516,0.7589727
503,50.076744,0.0,30.110106,43.279182,0.0013809104,0.0,0.36080346,0.7589698
504,32.993317,0.0,14.210763,43.279285,0.0011515936,0.0,0.3296128,0.7589669
505,56.548306,0.0,14.175964,43.279385,0.0011713117,0.0,0.30680567,0.75896424
506,38.118908,0.0,20.318604,43.279465,0.0010988726,0.0,0.32514536,0.75896174
507,29.2947,0.0,19.060589,43.279522,0.00093227456,0.0,0.31374633,0.758959
508,31.238098,0.0,22.57793,43.279583,0.0010866204,0.0,0.32692844,0.7589563
509,36.31453,0.0,20.38436,43.279625,0.0012479196,0.0,0.3158579,0.75895387
510,30.644363,0.0,16.83682,43.27966,0.0010489279,0.0,0.33436006,0.758952
511,48.27845,0.0,32.481876,43.279697,0.001072505,0.0,0.3132285,0.7589502
512,38.6303,0.0,26.946497,43.27974,0.000668494,0.0,0.3280788,0.75895375
513,27.259857,0.0,25.326815,43.279762,0.0011590032,0.0,0.31840703,0.75895685
514,39.193455,0.0,21.319695,43.27982,0.0011767736,0.0,0.31655702,0.75895965
515,27.720987,0.0,18.884163,43.27988,0.00093256496,0.0,0.2966863,0.75896245
516,31.323889,0.0,18.87985,43.279926,0.001082435,0.0,0.3368954,0.75896525
517,31.477827,0.0,21.918652,43.27997,0.0009839962,0.0,0.3106327,0.75896764
518,42.585857,0.0,18.015228,43.280033,0.00094501756,0.0,0.30451986,0.75896955
519,35.593643,0.0,17.053204,43.280075,0.001158066,0.0,0.3166818,0.7589705
520,34.202816,0.0,20.7897,43.280113,0.0013321899,0.0,0.29189333,0.75897115
521,34.15048,0.0,17.533867,43.28013,0.0010808901,0.0,0.3335305,0.75897163
522,50.870377,0.0,17.827934,43.280148,0.000949792,0.0,0.32259393,0.75897187
523,33.692776,0.0,34.1094,43.280144,0.0010946901,0.0,0.3001896,0.7589719
524,52.658558,0.0,17.291422,43.28008,0.00072436174,0.0,0.32582903,0.7589719
525,36.62989,0.0,20.98656,43.28002,0.0013877125,0.0,0.3015136,0.7589712
526,44.558815,0.0,18.843493,43.27993,0.0008291359,0.0,0.3050881,0.7589703
527,48.962452,0.0,35.232224,43.279823,0.0010514136,0.0,0.30986008,0.75897074
528,31.929863,0.0,27.067566,43.279747,0.0008420811,0.0,0.29951388,0.7589709
529,46.308567,0.0,18.639051,43.27969,0.00082977925,0.0,0.30455703,0.758971
530,36.2174,0.0,18.181414,43.279655,0.0012808813,0.0,0.32611412,0.7589708
531,43.946983,0.0,20.678215,43.279625,0.0011347856,0.0,0.2938044,0.7589705
532,23.475649,0.0,13.144783,43.27959,0.0009175376,0.0,0.27882698,0.7589703
533,38.346775,0.0,16.09494,43.27955,0.0010271859,0.0,0.3038246,0.75897
534,43.781162,0.0,21.710588,43.27952,0.0012789525,0.0,0.3109537,0.75896955
535,25.515072,0.0,19.498816,43.27948,0.0010626116,0.0,0.31604493,0.75896895
536,45.132343,0.0,15.047494,43.279446,0.0014786646,0.0,0.30022568,0.75896823
537,49.56286,0.0,24.700508,43.279434,0.0012300699,0.0,0.32187966,0.75896734
538,48.44761,0.0,18.756021,43.279434,0.0010293785,0.0,0.31023604,0.7589668
539,32.722298,0.0,24.493774,43.279457,0.0011513694,0.0,0.3044353,0.75896615
540,25.012722,0.0,38.39318,43.279488,0.0010560661,0.0,0.3080459,0.75896525
541,30.770288,0.0,31.128862,43.27949,0.0010034896,0.0,0.33112225,0.75896436
542,34.52582,0.0,17.503515,43.27944,0.00072570646,0.0,0.31408572,0.7589634
543,53.097942,0.0,17.165962,43.27942,0.0010791055,0.0,0.34313536,0.75896233
544,26.301735,0.0,21.611498,43.279396,0.0010790642,0.0,0.3053419,0.7589614
545,31.45605,0.0,96.74576,43.279377,0.0011406322,0.0,0.3168626,0.75896025
546,53.023037,0.0,25.22185,43.279507,0.0017440291,0.0,0.29872125,0.7589591
547,48.279274,0.0,20.956062,43.279594,0.00094263273,0.0,0.28404698,0.7589579
548,44.80407,0.0,35.012543,43.279655,0.001545812,0.0,0.30905044,0.75895673
549,46.10655,0.0,26.034716,43.279697,0.00105874,0.0,0.33596453,0.7589555
550,45.427254,0.0,14.020247,43.279785,0.0014978781,0.0,0.3256753,0.7589547
551,36.34335,0.0,17.672827,43.279842,0.00097192446,0.0,0.32560048,0.75895375
552,65.379684,0.0,20.553446,43.279915,0.00089917716,0.0,0.34690866,0.7589524
553,37.042427,0.0,37.969807,43.280018,0.0010507195,0.0,0.3480836,0.75895095
554,48.769043,0.0,25.242994,43.280052,0.001335815,0.0,0.31748092,0.7589492
555,48.176548,0.0,22.930147,43.280098,0.0016787348,0.0,0.3170997,0.758952
556,53.332752,0.0,19.776812,43.280132,0.0010509344,0.0,0.34057754,0.75895435
557,67.960785,0.0,46.432472,43.28016,0.00099922,0.0,0.32086402,0.7589564
558,33.1168,0.0,18.733278,43.28017,0.0013545493,0.0,0.2850088,0.75895804
559,34.521706,0.0,23.140673,43.28016,0.0010038211,0.0,0.31710023,0.7589594
560,74.54108,0.0,27.017033,43.28017,0.0009732862,0.0,0.3294708,0.75896055
561,57.11714,0.0,25.908588,43.280148,0.0009916973,0.0,0.319731,0.75896126
562,36.799046,0.0,33.456795,43.28012,0.0011823546,0.0,0.33442634,0.7589619
563,45.600925,0.0,26.036072,43.280067,0.0008700439,0.0,0.33720553,0.7589623
564,45.517975,0.0,16.236631,43.280003,0.0012175044,0.0,0.30361944,0.7589625
565,32.26069,0.0,20.55202,43.27999,0.0010640547,0.0,0.31428492,0.7589624
566,60.543114,0.0,26.797697,43.279953,0.0012464195,0.0,0.31581056,0.75896233
567,42.31944,0.0,45.22986,43.279873,0.001680238,0.0,0.30904245,0.758962
568,45.23492,0.0,17.034153,43.2798,0.0012305242,0.0,0.3365872,0.75896144
569,37.718002,0.0,18.0705,43.279743,0.0011165205,0.0,0.31403506,0.7589608
570,35.071587,0.0,20.749514,43.279675,0.0013390288,0.0,0.3419509,0.75895923
571,75.04114,0.0,20.413973,43.27964,0.0013097003,0.0,0.32973847,0.75895756
572,42.589245,0.0,20.74967,43.27959,0.0011874896,0.0,0.28521127,0.7589559
573,32.60458,0.0,26.146631,43.27952,0.0009966445,0.0,0.3063048,0.75895536
574,48.930447,0.0,22.769506,43.279434,0.00097446144,0.0,0.3029183,0.7589548
575,33.842854,0.0,23.448812,43.27937,0.0016190959,0.0,0.3117051,0.7589528
576,37.66372,0.0,23.47664,43.27935,0.00096233096,0.0,0.2980731,0.7589513
577,71.97218,0.0,22.79496,43.27934,0.00095276366,0.0,0.31721652,0.7589497
578,32.011612,0.0,28.150442,43.279324,0.0010035478,0.0,0.2905387,0.75894845
579,48.055256,0.0,18.75157,43.279297,0.0010077825,0.0,0.34310412,0.7589471
580,54.77425,0.0,32.340286,43.27926,0.001088979,0.0,0.31670067,0.75894564
581,30.910967,0.0,18.200953,43.279198,0.0009812763,0.0,0.31264186,0.7589443
582,41.160313,0.0,15.533293,43.279133,0.0010083052,0.0,0.32308084,0.75894296
583,39.654354,0.0,20.84438,43.279095,0.0011506215,0.0,0.3558464,0.7589444
584,39.60956,0.0,24.502834,43.27907,0.0010997164,0.0,0.2928555,0.75894564
585,42.741127,0.0,22.728943,43.27903,0.0010312144,0.0,0.31391096,0.7589466
586,30.334082,0.0,26.457659,43.279,0.0010520718,0.0,0.34234923,0.7589474
587,23.495594,0.0,22.415564,43.27889,0.0012927385,0.0,0.3362931,0.7589483
588,36.941063,0.0,29.127743,43.27879,0.0007557103,0.0,0.315734,0.758949
589,50.42125,0.0,17.432726,43.278748,0.0008946208,0.0,0.3765652,0.7589495
590,32.84174,0.0,22.219938,43.27869,0.0010031164,0.0,0.30893743,0.7589499
591,57.713184,0.0,21.94884,43.278675,0.0010447983,0.0,0.29074848,0.7589473
592,44.612457,0.0,34.08408,43.278637,0.0009867806,0.0,0.31713244,0.758945
593,32.6632,0.0,14.723182,43.278652,0.0010271855,0.0,0.3140058,0.7589428
594,36.08583,0.0,18.82884,43.27865,0.0008333917,0.0,0.34030315,0.7589407
595,58.235817,0.0,16.873016,43.278652,0.00087849674,0.0,0.34193692,0.7589401
596,50.204727,0.0,17.500288,43.278664,0.00082382886,0.0,0.3419609,0.75893956
597,33.11258,0.0,23.392912,43.27867,0.0011435468,0.0,0.30876616,0.758939
598,41.472157,0.0,18.74007,43.27867,0.0011091016,0.0,0.34671903,0.7589384
599,73.78164,0.0,27.837105,43.27867,0.001800661,0.0,0.31897473,0.7589378
600,33.74471,0.0,30.241655,43.278595,0.0010273507,0.0,0.34523687,0.7589369
601,45.745514,0.0,17.329374,43.278484,0.00095432904,0.0,0.34995997,0.7589361
602,63.21926,0.0,23.918833,43.27838,0.0009472193,0.0,0.34561285,0.7589351
603,37.88921,0.0,28.469936,43.278263,0.0009309861,0.0,0.32207662,0.75893575
604,27.49214,0.0,16.050114,43.27818,0.0007108661,0.0,0.30976272,0.7589363
605,68.011215,0.0,28.02898,43.27812,0.0008465342,0.0,0.30660203,0.7589367
606,39.243824,0.0,17.546427,43.278038,0.0010418291,0.0,0.34009236,0.75893706
607,46.854786,0.0,26.459616,43.27798,0.0008447139,0.0,0.32565194,0.7589373
608,56.901222,0.0,29.846209,43.27795,0.0008745702,0.0,0.2980356,0.7589375
609,33.954136,0.0,16.027754,43.277935,0.001132136,0.0,0.34606585,0.7589376
610,29.88471,0.0,19.879513,43.27791,0.0010039578,0.0,0.30530274,0.75893754
611,42.989502,0.0,29.540054,43.277885,0.0011238535,0.0,0.3288175,0.7589373
612,29.643755,0.0,44.482517,43.277885,0.00105546,0.0,0.3158748,0.75893694
613,26.057281,0.0,25.973831,43.27794,0.0009822927,0.0,0.3358549,0.7589366
614,52.675076,0.0,23.320614,43.27798,0.0011374622,0.0,0.34329706,0.75893605
615,44.30845,0.0,19.97939,43.278023,0.00088294473,0.0,0.32270536,0.7589354
616,31.34925,0.0,24.998205,43.278072,0.0011006247,0.0,0.3287977,0.7589356
617,21.797043,0.0,22.371,43.278145,0.0010504288,0.0,0.29727885,0.7589356
618,35.532715,0.0,14.325266,43.278225,0.0014322995,0.0,0.3111591,0.7589353
619,32.88888,0.0,24.148998,43.278297,0.0008586437,0.0,0.32975277,0.758935
620,39.29786,0.0,24.289515,43.278355,0.0009647134,0.0,0.2947489,0.7589312
621,50.56089,0.0,41.907124,43.278397,0.0011073744,0.0,0.34098405,0.7589277
622,25.650606,0.0,20.127703,43.27833,0.00096800877,0.0,0.29326713,0.7589244
623,35.957554,0.0,21.512064,43.278313,0.00084876874,0.0,0.30460268,0.75892127
624,35.41456,0.0,23.04183,43.278297,0.0012781909,0.0,0.29998666,0.7589183
625,40.88749,0.0,31.618286,43.278286,0.0009165413,0.0,0.35740322,0.7589155
626,29.449251,0.0,22.748734,43.278275,0.00097281084,0.0,0.2920923,0.75891274
627,69.95721,0.0,12.131739,43.278297,0.00078072224,0.0,0.33573025,0.7589102
628,28.169495,0.0,20.432085,43.278343,0.001079778,0.0,0.32614934,0.75890636
629,34.983166,0.0,29.076859,43.27835,0.0009860392,0.0,0.32775077,0.7589028
630,34.529263,0.0,17.200098,43.27836,0.0013677323,0.0,0.33515975,0.75889945
631,27.882845,0.0,28.124285,43.278385,0.0011022978,0.0,0.30660564,0.7588962
632,29.36457,0.0,21.99423,43.278423,0.00079812435,0.0,0.31164122,0.75889325
633,23.66808,0.0,22.856071,43.278492,0.0011723033,0.0,0.33362937,0.7588905
634,42.85921,0.0,15.386096,43.278572,0.0010372419,0.0,0.321046,0.758889
635,33.460342,0.0,19.218744,43.278664,0.0007357369,0.0,0.3047955,0.7588886
636,85.88881,0.0,27.115803,43.27875,0.0008739477,0.0,0.3296371,0.75888807
637,39.969643,0.0,23.200212,43.278854,0.0013218684,0.0,0.2985253,0.75888747
638,31.256002,0.0,23.807676,43.27893,0.0011678552,0.0,0.3150996,0.75888675
639,32.710358,0.0,19.974415,43.279026,0.00083996553,0.0,0.33595952,0.7588855
640,32.35654,0.0,23.659147,43.279114,0.0009814443,0.0,0.2933733,0.75888413
641,36.460377,0.0,19.584127,43.279213,0.00126133,0.0,0.31009436,0.75888276
642,36.240177,0.0,20.929688,43.27932,0.0011783391,0.0,0.36549753,0.75888145
643,42.026295,0.0,23.691544,43.27943,0.0010461728,0.0,0.3326646,0.75888014
644,47.365738,0.0,28.225199,43.279545,0.0009037885,0.0,0.31309128,0.75887877
645,28.86165,0.0,21.33327,43.279606,0.001216653,0.0,0.33138183,0.75887734
646,39.187298,0.0,30.498686,43.279675,0.0009842542,0.0,0.34925306,0.7588779
647,33.714558,0.0,23.637774,43.279743,0.0008641004,0.0,0.3297912,0.75887823
648,40.160717,0.0,27.56878,43.279778,0.001351721,0.0,0.31466737,0.75887835
649,40.916473,0.0,21.21028,43.27986,0.0010428731,0.0,0.3288957,0.7588811
650,31.558306,0.0,23.805456,43.279915,0.0020260317,0.0,0.3171923,0.7588834
651,32.932224,0.0,32.011726,43.279976,0.0010205561,0.0,0.31522793,0.7588853
652,40.33162,0.0,25.97115,43.280033,0.0015359547,0.0,0.30902398,0.7588871
653,27.316631,0.0,23.074732,43.280106,0.0014549631,0.0,0.28802368,0.7588884
654,48.088757,0.0,13.253015,43.280163,0.0012145126,0.0,0.32329604,0.7588904
655,52.98557,0.0,23.032412,43.280205,0.0011155055,0.0,0.30418104,0.7589031
656,40.05519,0.0,21.782667,43.28024,0.0013274582,0.0,0.34785795,0.758912
657,50.43508,0.0,29.797115,43.280266,0.0010126418,0.0,0.31547952,0.75892013
658,31.213396,0.0,22.513174,43.28028,0.0015209577,0.0,0.33694634,0.75892746
659,33.614002,0.0,21.758204,43.280296,0.0012478837,0.0,0.31830236,0.75893396
660,29.196754,0.0,23.524597,43.280285,0.001043967,0.0,0.29124784,0.7589399
661,58.353336,0.0,35.07753,43.280243,0.0010886195,0.0,0.31895536,0.75894505
662,24.09862,0.0,16.66353,43.280254,0.0011795387,0.0,0.33393583,0.75894964
663,33.11342,0.0,39.46711,43.280247,0.00084418885,0.0,0.31475317,0.7589537
664,54.58849,0.0,21.530561,43.280216,0.0015030628,0.0,0.33515224,0.7589572
665,32.01807,0.0,20.393791,43.280205,0.0013796294,0.0,0.33638427,0.7589602
666,23.745165,0.0,38.687485,43.280197,0.0011464255,0.0,0.31422532,0.75896275
667,45.09212,0.0,25.089916,43.28016,0.0008348776,0.0,0.28238434,0.758965
668,36.651196,0.0,17.226408,43.280132,0.0010455642,0.0,0.33013016,0.75896674
669,36.618416,0.0,14.1854515,43.280113,0.001022376,0.0,0.3160668,0.7589683
670,54.44921,0.0,16.876078,43.28011,0.0012772117,0.0,0.30264187,0.7589695
671,52.036476,0.0,25.89488,43.28008,0.0014542276,0.0,0.3554163,0.7589707
672,25.855684,0.0,16.361975,43.280075,0.0015180366,0.0,0.34034157,0.7589716
673,49.58152,0.0,52.8323,43.28008,0.0013115415,0.0,0.30662733,0.7589723
674,45.96828,0.0,18.353897,43.28007,0.000961393,0.0,0.3703453,0.7589727
675,50.37534,0.0,20.217785,43.280067,0.00097222644,0.0,0.35503966,0.75897306
676,35.74913,0.0,24.59864,43.28006,0.0009869441,0.0,0.3338344,0.75897324
677,30.173573,0.0,26.833727,43.280037,0.00081506884,0.0,0.3205335,0.7589732
678,33.643276,0.0,15.728503,43.28002,0.0010045795,0.0,0.2944923,0.758973
679,47.06668,0.0,35.05139,43.280003,0.0011356596,0.0,0.30863196,0.7589727
680,26.210772,0.0,33.598232,43.279984,0.0011361616,0.0,0.3021629,0.7589724
681,30.636992,0.0,26.873766,43.279987,0.0010612166,0.0,0.34021425,0.75897187
682,60.505272,0.0,23.517782,43.279995,0.0013702803,0.0,0.3372178,0.7589713
683,37.78021,0.0,30.050583,43.28,0.0009284347,0.0,0.35859555,0.75897056
684,42.07755,0.0,27.424252,43.28002,0.0009379554,0.0,0.3433865,0.75897366
685,46.73708,0.0,22.583157,43.280075,0.0014300038,0.0,0.28562903,0.7589764
686,30.260283,0.0,20.357637,43.280113,0.00122065,0.0,0.35237524,0.75897855
687,35.934082,0.0,17.751791,43.28012,0.001218437,0.0,0.29513758,0.7589805
688,42.2313,0.0,27.025866,43.28014,0.0007879685,0.0,0.33416557,0.758982
689,33.552105,0.0,23.150322,43.280163,0.0010663936,0.0,0.3052863,0.7589832
690,39.19571,0.0,14.22818,43.28019,0.0010297208,0.0,0.31886047,0.7589841
691,32.137474,0.0,23.929247,43.2802,0.0011171878,0.0,0.33941302,0.7589848
692,39.152767,0.0,21.203722,43.28022,0.0012538782,0.0,0.31319994,0.7589853
693,32.79172,0.0,30.615364,43.280224,0.001321494,0.0,0.3535727,0.75898546
694,40.487095,0.0,16.912561,43.28024,0.000990978,0.0,0.34684992,0.75898546
695,36.384415,0.0,17.309475,43.28025,0.0007674605,0.0,0.32293922,0.7589854
696,45.70913,0.0,45.81818,43.280254,0.001025154,0.0,0.2834626,0.7589849
697,31.590828,0.0,20.991419,43.280216,0.0012467288,0.0,0.30173713,0.7589843
698,25.691456,0.0,19.310986,43.280155,0.00087572576,0.0,0.29297584,0.75898355
699,33.14719,0.0,21.297543,43.280087,0.0010121802,0.0,0.31696174,0.758983
700,31.562008,0.0,39.46052,43.28002,0.0010310863,0.0,0.31766677,0.75898236
701,39.77434,0.0,38.615395,43.27994,0.0012097298,0.0,0.3249765,0.7589816
702,38.518017,0.0,20.674568,43.280003,0.000889929,0.0,0.31378913,0.7589807
703,26.06682,0.0,24.039677,43.280067,0.0011629026,0.0,0.3361563,0.75897974
704,52.700077,0.0,38.658726,43.280167,0.0008110893,0.0,0.32727498,0.7589788
705,60.54511,0.0,34.736874,43.280228,0.0009863246,0.0,0.29094398,0.7589753
706,33.020763,0.0,25.636063,43.280262,0.0010785576,0.0,0.34725064,0.758972
707,39.368286,0.0,16.818134,43.280285,0.0007878902,0.0,0.32060897,0.75896907
708,46.400375,0.0,25.72961,43.280296,0.0009863833,0.0,0.3136229,0.75896627
709,35.714844,0.0,24.746395,43.280315,0.00093504705,0.0,0.29731667,0.75895983
710,34.552383,0.0,21.58861,43.280308,0.0012638862,0.0,0.3406247,0.7589538
711,30.551022,0.0,27.362402,43.2803,0.0008700936,0.0,0.33882684,0.75894815
712,30.306393,0.0,24.205616,43.280334,0.0013542667,0.0,0.2967181,0.7589429
713,47.418053,0.0,29.966143,43.280346,0.0008851264,0.0,0.3336866,0.75893813
714,47.605812,0.0,16.830175,43.28035,0.0010247533,0.0,0.3454908,0.7589336
715,48.578693,0.0,24.793968,43.28035,0.0010764764,0.0,0.29991576,0.7589293
716,37.125233,0.0,30.606707,43.28036,0.00094446924,0.0,0.33884478,0.7589319
717,28.128325,0.0,19.984451,43.28038,0.0009330483,0.0,0.32411274,0.7589348
718,63.72408,0.0,18.401783,43.280403,0.0009640755,0.0,0.31798378,0.75893736
719,25.159628,0.0,31.807137,43.280426,0.0010019033,0.0,0.3474416,0.7589396
720,74.80589,0.0,35.680626,43.280487,0.0011623108,0.0,0.31383732,0.7589414
721,52.867504,0.0,27.454245,43.280552,0.0011870046,0.0,0.33671778,0.7589431
722,41.529125,0.0,15.768925,43.280624,0.0012327179,0.0,0.28130567,0.7589455
723,56.098618,0.0,21.337564,43.2807,0.0012184894,0.0,0.28776494,0.75894755
724,49.74824,0.0,21.35865,43.280746,0.00094627443,0.0,0.3129122,0.75894916
725,58.18662,0.0,18.860085,43.28077,0.0011439221,0.0,0.33516288,0.75895053
726,35.957016,0.0,24.83781,43.280777,0.001078574,0.0,0.30016732,0.75895166
727,39.650578,0.0,20.337027,43.280796,0.0010211411,0.0,0.32923383,0.75895244
728,42.68436,0.0,21.446207,43.28086,0.0013258642,0.0,0.352537,0.758953
729,36.12711,0.0,18.898897,43.28096,0.001427674,0.0,0.31704384,0.75895345
730,41.93385,0.0,23.008743,43.281075,0.0011507863,0.0,0.32146952,0.7589536
731,27.7753,0.0,19.507689,43.281208,0.0012680257,0.0,0.30706748,0.7589534
732,28.513212,0.0,24.305916,43.281303,0.0010440738,0.0,0.34592408,0.7589532
733,34.475685,0.0,21.13026,43.281384,0.0013198717,0.0,0.30080992,0.7589536
734,36.45758,0.0,16.573034,43.281475,0.0011201053,0.0,0.32746598,0.75895375
735,32.481922,0.0,21.313921,43.281563,0.0011781034,0.0,0.30382693,0.7589538
736,32.203274,0.0,18.037992,43.28164,0.0009386961,0.0,0.32462522,0.7589535
737,30.202526,0.0,26.044788,43.28167,0.0010699289,0.0,0.32120416,0.7589533
738,45.190365,0.0,24.706594,43.28172,0.0009191488,0.0,0.2982063,0.7589528
739,25.728615,0.0,31.56438,43.281784,0.0008853759,0.0,0.33037114,0.7589523
740,40.31185,0.0,18.037024,43.281895,0.0010330506,0.0,0.28862506,0.7589518
741,37.009617,0.0,28.90464,43.282017,0.0009824426,0.0,0.32830423,0.75895107
742,35.3995,0.0,19.470222,43.282104,0.0009479408,0.0,0.35952944,0.75895023
743,28.907446,0.0,15.936969,43.2822,0.0011978857,0.0,0.33496282,0.7589506
744,59.504433,0.0,17.901535,43.282272,0.0011145254,0.0,0.31334907,0.7589508
745,43.285526,0.0,23.076342,43.282333,0.0010559642,0.0,0.3205825,0.7589509
746,65.30019,0.0,25.479862,43.28237,0.0013080625,0.0,0.33526957,0.7589514
747,36.855526,0.0,19.467615,43.28236,0.00073565467,0.0,0.32069108,0.75895214
748,33.94065,0.0,31.885746,43.282322,0.0010214499,0.0,0.3323934,0.7589527
749,43.06742,0.0,23.570929,43.282314,0.0010922612,0.0,0.30729362,0.75894463
750,26.68412,0.0,23.992973,43.282276,0.0010734294,0.0,0.30955976,0.7589375
751,42.382545,0.0,20.61274,43.282223,0.0013679661,0.0,0.31259948,0.75893104
752,45.916943,0.0,23.2798,43.282192,0.0011030581,0.0,0.30347675,0.7589251
753,40.407894,0.0,24.027882,43.282116,0.0011210518,0.0,0.34228355,0.75891966
754,32.25211,0.0,20.33055,43.282055,0.0006947859,0.0,0.32231092,0.75891334
755,40.682774,0.0,26.42469,43.282017,0.001080237,0.0,0.32381105,0.7589077
756,34.738182,0.0,37.996975,43.281967,0.0010330987,0.0,0.30830398,0.7589025
757,70.991196,0.0,26.425423,43.28201,0.00089479925,0.0,0.30992886,0.7588974
758,50.32146,0.0,25.611101,43.282063,0.0010599344,0.0,0.3404119,0.7588928
759,40.99051,0.0,18.552765,43.282158,0.0010212011,0.0,0.3090356,0.7588886
760,39.5889,0.0,13.6133795,43.282246,0.0009820015,0.0,0.33551383,0.75888467
761,41.846947,0.0,20.394108,43.28235,0.0011900042,0.0,0.2769878,0.7588811
762,44.69322,0.0,23.34102,43.282482,0.0011633817,0.0,0.34389886,0.7588783
763,44.99807,0.0,30.327282,43.282616,0.0011878824,0.0,0.32190394,0.7588757
764,44.939804,0.0,28.748125,43.28278,0.0011028918,0.0,0.31847885,0.7588733
765,31.107756,0.0,17.605574,43.28285,0.0010157073,0.0,0.29507625,0.758871
766,48.407364,0.0,17.15415,43.2829,0.0011068876,0.0,0.31086695,0.75886875
767,44.663216,0.0,21.032558,43.28293,0.001177147,0.0,0.34111843,0.7588665
768,29.381392,0.0,16.758883,43.28299,0.0009260735,0.0,0.3245781,0.7588644
769,54.925297,0.0,15.698876,43.28305,0.0010001631,0.0,0.31960174,0.75886226
770,46.176987,0.0,20.988789,43.283123,0.000767916,0.0,0.31388783,0.75886035
771,74.979866,0.0,17.493412,43.283157,0.0009581278,0.0,0.32208693,0.7588584
772,43.283367,0.0,22.298433,43.283176,0.0009821618,0.0,0.3683246,0.7588563
773,53.769524,0.0,27.422016,43.283188,0.0007611102,0.0,0.3287612,0.75885427
774,29.530664,0.0,34.34029,43.283188,0.0011017337,0.0,0.33985817,0.75884867
775,38.619434,0.0,17.380909,43.283115,0.001153386,0.0,0.33730885,0.7588436
776,38.507664,0.0,18.00131,43.283062,0.00096801436,0.0,0.29868644,0.7588392
777,34.737877,0.0,29.384537,43.28298,0.0009458829,0.0,0.31086028,0.758835
778,34.18455,0.0,11.935397,43.28286,0.00088866724,0.0,0.31748196,0.75883126
779,35.768562,0.0,29.936869,43.282757,0.0010689965,0.0,0.28903565,0.7588259
780,29.901339,0.0,16.971228,43.282673,0.0010598821,0.0,0.34303328,0.75882137
781,29.924835,0.0,21.85811,43.282566,0.0008457808,0.0,0.33652627,0.7588172
782,31.45999,0.0,20.768255,43.28249,0.0014312451,0.0,0.32430694,0.7588135
783,30.434376,0.0,24.19848,43.2824,0.0010800336,0.0,0.3369794,0.75881016
784,41.191345,0.0,14.768699,43.282326,0.0013288138,0.0,0.3413903,0.75880563
785,48.950497,0.0,24.796818,43.28227,0.0011902567,0.0,0.3126858,0.7588015
786,42.622623,0.0,35.377487,43.282196,0.0007926136,0.0,0.31278592,0.75879776
787,41.322956,0.0,18.387463,43.28215,0.0009870175,0.0,0.30707282,0.7587943
788,41.63475,0.0,34.34315,43.282112,0.0011374655,0.0,0.284709,0.7587911
789,68.292206,0.0,29.859957,43.282127,0.0009084748,0.0,0.28745627,0.7587882
790,39.60886,0.0,34.872257,43.282146,0.0010882701,0.0,0.33721083,0.7587826
791,29.413534,0.0,37.566822,43.28215,0.00085783814,0.0,0.30974025,0.7587773
792,26.609245,0.0,13.348579,43.28221,0.0011277373,0.0,0.31409746,0.7587727
793,38.67276,0.0,39.70291,43.28228,0.0010187471,0.0,0.30404145,0.75876844
794,29.331005,0.0,30.035797,43.282352,0.0009188826,0.0,0.34445557,0.7587678
795,36.91336,0.0,31.7635,43.282467,0.001119819,0.0,0.3196844,0.7587671
796,28.051567,0.0,15.395213,43.28259,0.0011765214,0.0,0.34131524,0.7587664
797,49.073315,0.0,29.640608,43.2827,0.00073266536,0.0,0.31392068,0.7587658
798,34.982292,0.0,31.930065,43.28278,0.00087405904,0.0,0.32346374,0.7587652
799,39.8266,0.0,30.153866,43.28281,0.001419146,0.0,0.30852002,0.7587644
800,40.921085,0.0,35.256813,43.282818,0.0012108325,0.0,0.33553082,0.7587635
801,47.686443,0.0,29.381315,43.282806,0.0014162201,0.0,0.36371347,0.75876576
802,34.34466,0.0,23.417946,43.282757,0.0008446933,0.0,0.30013162,0.75876784
803,38.653297,0.0,21.570131,43.28267,0.0010542485,0.0,0.32126805,0.7587694
804,29.829525,0.0,42.089916,43.282562,0.0010953578,0.0,0.32997292,0.75877094
805,47.49547,0.0,22.247555,43.28247,0.00076098525,0.0,0.30989012,0.75877225
806,32.345913,0.0,30.186768,43.282352,0.0013070507,0.0,0.3017447,0.7587732
807,42.14232,0.0,35.29593,43.282276,0.0009028988,0.0,0.34546918,0.758774
808,40.61454,0.0,22.917143,43.28221,0.0011214801,0.0,0.33427948,0.7587746
809,52.562305,0.0,15.894039,43.282154,0.0010793186,0.0,0.3603352,0.7587748
810,45.179783,0.0,29.346972,43.2821,0.0013382648,0.0,0.36553282,0.7587751
811,33.28828,0.0,26.234142,43.28205,0.0010752612,0.0,0.33841845,0.75877523
812,38.47782,0.0,27.743116,43.281986,0.000875385,0.0,0.31423044,0.7587751
813,40.43254,0.0,30.746273,43.28189,0.0013459818,0.0,0.331641,0.75877476
814,59.404686,0.0,22.789091,43.28178,0.0009391058,0.0,0.33798838,0.7587745
815,46.222427,0.0,32.004932,43.281685,0.0012325434,0.0,0.3214518,0.7587728
816,28.013697,0.0,27.039465,43.28159,0.0009947482,0.0,0.27991164,0.75877124
817,33.648434,0.0,14.188779,43.281483,0.00087761803,0.0,0.3333777,0.75876975
818,44.072052,0.0,31.24941,43.28139,0.0010975389,0.0,0.33943617,0.75876814
819,46.430187,0.0,27.28886,43.28132,0.0010103291,0.0,0.3137398,0.75876653
820,40.331642,0.0,27.941902,43.281223,0.0013119082,0.0,0.32647014,0.7587649
821,38.252094,0.0,24.68181,43.281174,0.000987968,0.0,0.2871802,0.7587634
822,34.48404,0.0,23.725048,43.28114,0.00085964304,0.0,0.31257975,0.7587618
823,35.877983,0.0,25.656605,43.281113,0.001456668,0.0,0.2855857,0.7587602
824,34.046593,0.0,22.836756,43.281067,0.0013932579,0.0,0.32866275,0.7587597
825,39.900753,0.0,20.671675,43.28104,0.00083146745,0.0,0.29397094,0.75875896
826,22.676517,0.0,19.769302,43.281,0.0010410247,0.0,0.335088,0.7587582
827,24.486824,0.0,24.06151,43.280933,0.0016734197,0.0,0.34297007,0.75875974
828,58.03982,0.0,20.05813,43.280888,0.000992027,0.0,0.32367784,0.7587608
829,88.98093,0.0,25.495827,43.280815,0.00094781956,0.0,0.3029873,0.7587666
830,37.87783,0.0,20.767307,43.28078,0.0010594574,0.0,0.2984237,0.7587754
831,32.559986,0.0,18.384132,43.280716,0.00089701393,0.0,0.33403343,0.75878334
832,34.861126,0.0,21.394331,43.28066,0.0012695892,0.0,0.29796407,0.7587903
833,49.2617,0.0,20.997368,43.280613,0.0009781624,0.0,0.31978294,0.75879663
834,33.883022,0.0,17.613935,43.280567,0.00088240055,0.0,0.32477763,0.7587967
835,39.980804,0.0,30.600565,43.28052,0.0012953582,0.0,0.29831737,0.7587967
836,43.35051,0.0,16.055119,43.280495,0.001585722,0.0,0.32020634,0.7587966
837,46.46518,0.0,22.125664,43.280464,0.0012270355,0.0,0.3888399,0.758797
838,49.30507,0.0,21.488192,43.28044,0.001157435,0.0,0.3033094,0.7587972
839,41.073055,0.0,26.420208,43.280437,0.0010817833,0.0,0.32644302,0.7587974
840,47.2656,0.0,15.3146305,43.280464,0.0010051173,0.0,0.3137327,0.75879747
841,42.47176,0.0,20.454088,43.28048,0.0013017327,0.0,0.3017485,0.75879735
842,45.120598,0.0,17.548925,43.28051,0.0013321983,0.0,0.32740352,0.7587971
843,36.635498,0.0,20.030565,43.280537,0.0011898577,0.0,0.30780268,0.7587968
844,38.143784,0.0,24.692566,43.28056,0.0008605978,0.0,0.29349715,0.75879616
845,26.893248,0.0,18.719854,43.28056,0.0013613002,0.0,0.33737415,0.75879556
846,40.31528,0.0,34.19217,43.280533,0.0008745502,0.0,0.31584793,0.7587949
847,42.671623,0.0,27.868528,43.28054,0.0011139816,0.0,0.3110424,0.75879395
848,54.336025,0.0,20.831913,43.280556,0.001154394,0.0,0.310783,0.7587931
849,32.100655,0.0,29.752556,43.280575,0.0010356383,0.0,0.31421286,0.7587921
850,30.864489,0.0,19.625223,43.280605,0.0015727675,0.0,0.31992266,0.7587911
851,34.864048,0.0,25.841932,43.280647,0.0011599811,0.0,0.32198685,0.7587899
852,36.633167,0.0,30.429317,43.280674,0.00092208385,0.0,0.34296343,0.7587887
853,67.21289,0.0,17.631186,43.2807,0.0009777917,0.0,0.29898822,0.758787
854,42.10323,0.0,26.737839,43.280727,0.00089102937,0.0,0.33120447,0.75878537
855,27.757002,0.0,19.70601,43.280792,0.0009774021,0.0,0.35525894,0.7587836
856,42.5351,0.0,35.428806,43.28088,0.001986287,0.0,0.34129938,0.7587819
857,44.72623,0.0,39.504192,43.28104,0.00082848256,0.0,0.3245446,0.75878084
858,29.754276,0.0,13.433947,43.281162,0.00091700465,0.0,0.31554294,0.7587783
859,26.34209,0.0,27.603203,43.281258,0.0010719688,0.0,0.3108881,0.75877595
860,47.74956,0.0,43.909863,43.281334,0.0010399251,0.0,0.3104753,0.75877374
861,67.53849,0.0,18.320166,43.281334,0.0013059143,0.0,0.30771315,0.75877154
862,50.787468,0.0,19.243021,43.281338,0.00080283324,0.0,0.34211153,0.7587695
863,32.915638,0.0,24.940783,43.281326,0.001260845,0.0,0.32804963,0.7587675
864,43.277786,0.0,20.493118,43.281277,0.001093617,0.0,0.3255735,0.7587655
865,42.98994,0.0,23.383566,43.281246,0.0010294615,0.0,0.32420915,0.75876355
866,36.27791,0.0,20.772213,43.281162,0.0009414363,0.0,0.33827865,0.75876176
867,32.19059,0.0,22.206041,43.281075,0.0011462827,0.0,0.34654754,0.75875986
868,54.643898,0.0,27.6303,43.281002,0.0011878137,0.0,0.30874074,0.7587581
869,35.365093,0.0,22.755602,43.28093,0.0010258635,0.0,0.33027664,0.7587563
870,56.089542,0.0,25.690388,43.280872,0.0013544317,0.0,0.3458109,0.7587524
871,52.261505,0.0,21.837662,43.280827,0.00077984924,0.0,0.32275498,0.7587488
872,48.253124,0.0,38.78086,43.28079,0.0011240072,0.0,0.2899241,0.7587454
873,48.789997,0.0,32.881104,43.280746,0.0010347929,0.0,0.29982302,0.7587421
874,28.78255,0.0,22.236826,43.280685,0.0011887602,0.0,0.3010156,0.7587391
875,33.710148,0.0,26.15984,43.280636,0.0007936309,0.0,0.34225214,0.7587362
876,51.549507,0.0,20.7948,43.28062,0.0011745561,0.0,0.30651206,0.7587334
877,35.36734,0.0,25.71113,43.280613,0.00094735203,0.0,0.3173405,0.7587307
878,40.292114,0.0,34.07698,43.28059,0.0014839655,0.0,0.33800507,0.7587281
879,51.842113,0.0,25.7769,43.280586,0.0015573282,0.0,0.3453549,0.75872564
880,38.95856,0.0,27.204702,43.28053,0.0011403061,0.0,0.31827688,0.75872326
881,31.188736,0.0,27.65284,43.280518,0.00135602,0.0,0.31815365,0.75872093
882,45.17801,0.0,24.139574,43.280514,0.0012477878,0.0,0.35614,0.7587186
883,40.17302,0.0,26.514896,43.280514,0.0010737934,0.0,0.35332936,0.7587164
884,66.487625,0.0,28.319168,43.280487,0.0010068518,0.0,0.349468,0.7587142
885,23.170094,0.0,18.778551,43.280476,0.00073968683,0.0,0.30604038,0.75871193
886,38.3215,0.0,21.102177,43.280476,0.001192003,0.0,0.31959423,0.75870854
887,47.22249,0.0,28.0229,43.280495,0.0009732006,0.0,0.34086347,0.75870925
888,31.268677,0.0,24.155941,43.28052,0.0011132661,0.0,0.36232227,0.75870955
889,39.771084,0.0,20.173962,43.280537,0.0011251237,0.0,0.30373898,0.7587097
890,37.664787,0.0,24.807478,43.280533,0.000728368,0.0,0.3602934,0.75871
891,28.65378,0.0,30.062313,43.280533,0.0012256117,0.0,0.32047048,0.75870985
892,40.52391,0.0,45.590515,43.280537,0.00097509194,0.0,0.28699225,0.7587096
893,37.957413,0.0,27.45076,43.280582,0.00078790553,0.0,0.32577285,0.7587091
894,27.87863,0.0,19.329248,43.28064,0.000901922,0.0,0.32801002,0.75870764
895,31.697908,0.0,24.734896,43.28069,0.0007836697,0.0,0.32462582,0.7587062
896,49.28812,0.0,26.818228,43.280777,0.001134092,0.0,0.30730864,0.7587048
897,49.953484,0.0,25.912245,43.280846,0.0010891391,0.0,0.32,0.7587035
898,50.095024,0.0,25.324247,43.28089,0.0009736422,0.0,0.30202544,0.7586999
899,38.198498,0.0,20.171228,43.28091,0.001071282,0.0,0.30655116,0.7586965
900,51.83632,0.0,16.291927,43.280945,0.00078924326,0.0,0.3342062,0.7586938
901,31.579273,0.0,25.99588,43.28095,0.0010645415,0.0,0.3298631,0.75869113
902,45.59584,0.0,18.780987,43.280903,0.0010860781,0.0,0.34742588,0.7586887
903,31.967773,0.0,30.876818,43.280907,0.0007403244,0.0,0.33825693,0.75868624
904,28.661839,0.0,28.083824,43.28091,0.00095701206,0.0,0.31570214,0.758684
905,47.012737,0.0,26.56567,43.28091,0.0010640288,0.0,0.31842867,0.75868183
906,32.960617,0.0,19.284294,43.280888,0.0010030454,0.0,0.33498335,0.7586796
907,38.651653,0.0,23.871517,43.280865,0.0010882969,0.0,0.31428534,0.7586817
908,49.14501,0.0,24.420855,43.280884,0.00090436515,0.0,0.33952832,0.7586833
909,30.349207,0.0,31.079117,43.280952,0.0009018846,0.0,0.33091548,0.7586847
910,31.296408,0.0,17.069653,43.28103,0.001123195,0.0,0.31893027,0.7586859
911,43.96277,0.0,37.321877,43.2811,0.00097647344,0.0,0.33813232,0.7586865
912,41.197384,0.0,18.399784,43.281166,0.0010337408,0.0,0.33361265,0.7586867
913,51.836266,0.0,18.796448,43.28127,0.0008807018,0.0,0.31815553,0.7586869
914,30.725328,0.0,22.974394,43.28136,0.0009649409,0.0,0.3020521,0.7586869
915,41.145996,0.0,19.932207,43.281483,0.000828065,0.0,0.34634146,0.75868654
916,47.72446,0.0,21.963984,43.28156,0.0011692086,0.0,0.34096417,0.75868607
917,29.884953,0.0,21.12719,43.281628,0.0010723156,0.0,0.30943832,0.7586855
918,49.543503,0.0,21.138872,43.28167,0.0010329232,0.0,0.28064758,0.7586847
919,38.78097,0.0,22.223528,43.281746,0.00095016946,0.0,0.3406611,0.758684
920,28.238316,0.0,20.827225,43.281883,0.0010803775,0.0,0.31730938,0.7586832
921,42.05563,0.0,28.76784,43.282017,0.0009256331,0.0,0.33791578,0.7586822
922,35.608627,0.0,18.549894,43.282158,0.0010747929,0.0,0.31020734,0.75868124
923,32.232162,0.0,16.965307,43.28225,0.0012195043,0.0,0.35254034,0.75867975
924,35.396168,0.0,17.029057,43.282345,0.0010252357,0.0,0.32334885,0.75867826
925,26.9882,0.0,33.18326,43.282433,0.0009825936,0.0,0.3036626,0.75868875
926,39.412697,0.0,23.927721,43.282475,0.00079052727,0.0,0.3140917,0.7586982
927,43.6794,0.0,29.24635,43.282555,0.0008756536,0.0,0.33963037,0.75870705
928,35.09646,0.0,16.894396,43.2826,0.0009995077,0.0,0.32595026,0.7587112
929,45.609936,0.0,23.58487,43.282616,0.0014141975,0.0,0.3444419,0.75871503
930,38.781258,0.0,17.550585,43.282692,0.0010706934,0.0,0.28851044,0.7587186
931,52.78885,0.0,27.471045,43.282772,0.000854351,0.0,0.28524357,0.7587217
932,31.359383,0.0,20.923214,43.282883,0.0008241129,0.0,0.3210625,0.75872445
933,35.926105,0.0,23.51131,43.282978,0.0011389353,0.0,0.31921756,0.75872695
934,58.26265,0.0,17.980974,43.283085,0.0010115801,0.0,0.3067407,0.75872904
935,27.671179,0.0,20.647945,43.28318,0.0010184142,0.0,0.3561128,0.75873077
936,52.685158,0.0,26.204987,43.283253,0.00083722395,0.0,0.32641685,0.75873226
937,43.6063,0.0,28.027212,43.28332,0.0009504162,0.0,0.35691223,0.7587336
938,45.753166,0.0,20.681921,43.28338,0.0010070056,0.0,0.308882,0.75873446
939,43.21633,0.0,14.279181,43.283424,0.0010572269,0.0,0.3147094,0.7587352
940,31.32393,0.0,18.081314,43.283447,0.0011037119,0.0,0.29480729,0.7587357
941,40.06727,0.0,30.33208,43.28344,0.0013700023,0.0,0.30272838,0.7587359
942,37.251392,0.0,31.703901,43.283424,0.0011996124,0.0,0.32859954,0.7587361
943,44.725555,0.0,24.11404,43.283424,0.0011656305,0.0,0.30684802,0.758736
944,38.455265,0.0,29.870983,43.2834,0.00085374963,0.0,0.33725485,0.75873584
945,38.31423,0.0,22.076824,43.283386,0.0011876416,0.0,0.32402247,0.7587355
946,47.219677,0.0,25.49432,43.283413,0.001526732,0.0,0.3004964,0.758735
947,35.52541,0.0,22.077457,43.2834,0.0014627229,0.0,0.37668538,0.75873435
948,38.764923,0.0,18.72039,43.283417,0.00088181766,0.0,0.31593078,0.7587338
949,31.686287,0.0,33.691467,43.283413,0.0012311687,0.0,0.306919,0.75873303
950,43.492744,0.0,30.09823,43.28346,0.0011065073,0.0,0.30742288,0.75873196
951,50.370537,0.0,16.992968,43.283455,0.0010209596,0.0,0.2950921,0.75873077
952,44.650295,0.0,27.740227,43.28345,0.001848897,0.0,0.33302566,0.7587297
953,34.395386,0.0,16.757767,43.283474,0.0012570813,0.0,0.32282,0.75872916
954,44.679718,0.0,19.39345,43.283516,0.0013055898,0.0,0.34269175,0.75872856
955,26.295399,0.0,24.736704,43.28356,0.0016327479,0.0,0.35169682,0.7587293
956,27.566475,0.0,19.159771,43.283646,0.0012648853,0.0,0.30416152,0.7587303
957,37.12836,0.0,32.557663,43.2837,0.0013666138,0.0,0.31366262,0.75873095
958,43.072563,0.0,29.624117,43.283714,0.0013646195,0.0,0.3136559,0.7587314
959,22.518108,0.0,20.403063,43.283714,0.0011856826,0.0,0.34879535,0.75873166
960,27.136026,0.0,24.092777,43.28374,0.0014387288,0.0,0.2907047,0.7587321
961,40.184017,0.0,18.343086,43.283794,0.0015355444,0.0,0.3080178,0.7587321
962,38.511684,0.0,28.412195,43.28384,0.0010437642,0.0,0.31972644,0.7587321
963,42.812695,0.0,19.60621,43.2839,0.0011720511,0.0,0.34366435,0.7587319
964,35.053474,0.0,20.276485,43.283955,0.0012558133,0.0,0.29678988,0.75873554
965,35.964397,0.0,30.413647,43.284,0.0010183637,0.0,0.30711523,0.75873876
966,26.049456,0.0,24.856733,43.28405,0.0010061278,0.0,0.3315248,0.7587415
967,49.00148,0.0,18.359163,43.284077,0.0017333952,0.0,0.3186507,0.75874376
968,37.663044,0.0,28.109026,43.284103,0.0013886064,0.0,0.32260454,0.7587457
969,45.103546,0.0,20.337439,43.28415,0.0011909278,0.0,0.32597536,0.7587472
970,33.461533,0.0,24.028088,43.284206,0.0011118351,0.0,0.34624887,0.7587486
971,42.89841,0.0,23.926287,43.28424,0.0012405096,0.0,0.3231045,0.75874954
972,36.58463,0.0,17.243114,43.284298,0.0018908854,0.0,0.3570877,0.7587503
973,32.463245,0.0,34.263645,43.28433,0.0013619604,0.0,0.31595635,0.75875074
974,31.071842,0.0,33.211567,43.28435,0.0016563305,0.0,0.32093534,0.7587469
975,30.13455,0.0,21.490181,43.28442,0.0013918248,0.0,0.3431085,0.7587444
976,36.695065,0.0,31.842903,43.284492,0.0011213236,0.0,0.32091597,0.758742
977,39.276287,0.0,18.722002,43.284542,0.0012315015,0.0,0.30762416,0.7587397
978,30.7629,0.0,25.361652,43.284542,0.0014542553,0.0,0.32523993,0.75873744
979,34.58441,0.0,21.933481,43.28451,0.0013526579,0.0,0.32493192,0.7587353
980,43.372005,0.0,20.72928,43.28442,0.0013978516,0.0,0.32084695,0.7587332
981,42.315376,0.0,20.689009,43.284336,0.001308353,0.0,0.28855965,0.7587312
982,63.258472,0.0,22.014208,43.284267,0.0013256227,0.0,0.30384547,0.75872916
983,40.418648,0.0,26.615185,43.284203,0.0012062252,0.0,0.30351982,0.7587273
984,33.089687,0.0,28.646597,43.28414,0.0013927489,0.0,0.32232666,0.7587253
985,33.44244,0.0,31.336731,43.28411,0.0020350262,0.0,0.28973034,0.7587235
986,26.106918,0.0,16.722538,43.284096,0.001513053,0.0,0.34055123,0.75872165
987,26.399288,0.0,13.776761,43.284092,0.0009338089,0.0,0.30500612,0.7587194
988,29.423634,0.0,24.049852,43.28406,0.0012940457,0.0,0.34160942,0.7587172
989,43.901775,0.0,32.685116,43.284027,0.0012918105,0.0,0.3184631,0.75871515
990,39.56281,0.0,27.226067,43.283978,0.0011368454,0.0,0.32430154,0.75871336
991,55.055817,0.0,27.25429,43.28396,0.0012471309,0.0,0.3137234,0.75871086
992,50.978374,0.0,18.50833,43.283955,0.0011901936,0.0,0.32283768,0.7587083
993,33.57028,0.0,18.633238,43.283962,0.0009838785,0.0,0.29727954,0.75870603
994,48.416748,0.0,24.863735,43.283974,0.0011950803,0.0,0.37026727,0.75870574
995,32.056313,0.0,26.596033,43.28402,0.0009240345,0.0,0.32017016,0.7587028
996,31.980013,0.0,24.156944,43.284054,0.001120867,0.0,0.32345527,0.75870013
997,37.638485,0.0,50.45564,43.28407,0.001112148,0.0,0.32465777,0.75869745
998,40.70371,0.0,23.266651,43.284,0.0011350736,0.0,0.30786604,0.758695
999,47.737537,0.0,17.493813,43.28391,0.0013279642,0.0,0.3192624,0.7586926
1000,30.381937,0.0,29.393606,43.28383,0.0012628026,0.0,0.3458296,0.75869036
1001,37.2022,0.0,23.786057,43.283775,0.0011068934,0.0,0.31101432,0.75869226
1002,35.795067,0.0,27.016191,43.283733,0.001293366,0.0,0.34506187,0.75869364
1003,44.66626,0.0,24.372698,43.28369,0.001381835,0.0,0.35919794,0.758695
1004,30.82231,0.0,24.355244,43.28368,0.0008976981,0.0,0.35214242,0.7586959
1005,31.207344,0.0,25.482605,43.283665,0.0010276606,0.0,0.32669973,0.7586967
1006,35.834934,0.0,22.452763,43.283638,0.0009962257,0.0,0.32682854,0.7586971
1007,29.956135,0.0,15.660871,43.283607,0.0011504324,0.0,0.33850718,0.7586974
1008,26.590117,0.0,21.175749,43.28359,0.0008647727,0.0,0.31882158,0.75869757
1009,57.63082,0.0,22.06841,43.283546,0.0018366132,0.0,0.32262203,0.7586975
1010,34.911392,0.0,24.198221,43.28352,0.0010757487,0.0,0.3109125,0.7586982
1011,35.760506,0.0,25.35277,43.28352,0.0011699683,0.0,0.30595177,0.7586988
1012,54.612072,0.0,34.94578,43.283554,0.0011816286,0.0,0.30871266,0.75869644
1013,52.55355,0.0,19.313108,43.283554,0.0010118646,0.0,0.29282373,0.75869435
1014,51.428783,0.0,19.064562,43.28357,0.0011455016,0.0,0.30091226,0.75869244
1015,32.533443,0.0,20.337057,43.28357,0.00089857157,0.0,0.3094412,0.75869095
1016,49.945656,0.0,27.898485,43.28359,0.0012160988,0.0,0.28128207,0.7586894
1017,46.58379,0.0,22.683138,43.283604,0.0015837535,0.0,0.3082553,0.7586881
1018,35.24913,0.0,23.171488,43.283596,0.0010206358,0.0,0.32230052,0.7586867
1019,36.426857,0.0,22.143192,43.283615,0.0013394498,0.0,0.3392876,0.7586856
1020,21.703222,0.0,19.849552,43.28364,0.0007035078,0.0,0.30632818,0.7586844
1021,33.27743,0.0,21.877863,43.283665,0.0010773259,0.0,0.3533091,0.7586832
1022,37.949524,0.0,22.064522,43.28368,0.0012879297,0.0,0.3421743,0.75868195
1023,38.60867,0.0,34.761337,43.28367,0.00092010305,0.0,0.31866807,0.75868076
1024,43.973484,0.0,20.993715,43.283684,0.0010450892,0.0,0.32110158,0.7586795
1025,47.963825,0.0,18.494837,43.283737,0.0010439595,0.0,0.31315714,0.75867814
1026,30.8979,0.0,17.688372,43.283775,0.0011435777,0.0,0.3106878,0.7586768
1027,36.198666,0.0,32.158634,43.283794,0.0010746444,0.0,0.32486737,0.75867534
1028,44.53316,0.0,16.088936,43.283833,0.001062584,0.0,0.31203932,0.75867397
1029,51.5163,0.0,22.262693,43.283875,0.0009314193,0.0,0.3135738,0.75867265
1030,36.321575,0.0,19.451729,43.28389,0.0010838413,0.0,0.28780338,0.7586712
1031,46.225918,0.0,27.698181,43.283905,0.0009714022,0.0,0.32904652,0.7586698
1032,35.97874,0.0,17.171907,43.283916,0.0010441688,0.0,0.33393455,0.7586683
1033,27.38208,0.0,24.756577,43.28389,0.0012295386,0.0,0.32172427,0.7586667
1034,27.493694,0.0,26.290924,43.28385,0.0010324519,0.0,0.31123814,0.7586651
1035,43.183296,0.0,18.888546,43.2838,0.0007603378,0.0,0.31619766,0.7586636
1036,34.41549,0.0,24.05208,43.28373,0.001141372,0.0,0.32554543,0.7586621
1037,35.595684,0.0,19.155453,43.28365,0.0014072934,0.0,0.30597588,0.7586606
1038,47.707333,0.0,30.850916,43.28362,0.0009000592,0.0,0.3513993,0.75865906
1039,36.111835,0.0,21.93358,43.283638,0.00078545825,0.0,0.31693625,0.7586576
1040,46.50756,0.0,46.12479,43.28367,0.00075118477,0.0,0.31003356,0.75865597
1041,58.73258,0.0,24.730213,43.283676,0.0009951373,0.0,0.3135425,0.7586545
1042,30.718412,0.0,23.153185,43.28371,0.0012556626,0.0,0.31537053,0.75865287
1043,43.36851,0.0,25.101534,43.28374,0.0011168721,0.0,0.32462633,0.75865126
1044,47.19567,0.0,21.972115,43.283794,0.0010595575,0.0,0.30206662,0.7586499
1045,21.633581,0.0,18.664762,43.283787,0.00082404166,0.0,0.31220022,0.7586483
1046,26.869518,0.0,22.86021,43.28377,0.0017168171,0.0,0.33046407,0.75864655
1047,57.439426,0.0,29.29893,43.28374,0.0011382452,0.0,0.33951628,0.7586448
1048,43.88404,0.0,14.955448,43.283722,0.001572558,0.0,0.30979872,0.7586433
1049,36.795128,0.0,23.568619,43.28372,0.0013173439,0.0,0.3409439,0.75864166
1050,28.328814,0.0,17.645378,43.283737,0.0011231788,0.0,0.3592852,0.75864005
1051,23.032331,0.0,25.17083,43.283733,0.0007834213,0.0,0.33789176,0.75864404
1052,29.432747,0.0,21.361317,43.283737,0.0009990337,0.0,0.31753516,0.7586474
1053,39.005356,0.0,21.123497,43.283737,0.0016450997,0.0,0.30673954,0.7586503
1054,47.807365,0.0,25.840754,43.283722,0.0008281898,0.0,0.31518304,0.7586528
1055,45.040585,0.0,27.964441,43.283703,0.0009685266,0.0,0.36063775,0.75865495
1056,37.89593,0.0,19.234835,43.283672,0.0009403941,0.0,0.30362105,0.75865674
1057,28.138226,0.0,18.02996,43.28364,0.0008953996,0.0,0.30645466,0.75865746
1058,25.480612,0.0,24.470938,43.28358,0.0010048411,0.0,0.31576133,0.7586579
1059,41.87902,0.0,15.670859,43.28347,0.0009986565,0.0,0.32338324,0.7586548
1060,42.67982,0.0,27.778755,43.283386,0.0010659373,0.0,0.33206162,0.75865185
1061,49.561913,0.0,25.46968,43.283333,0.0007342456,0.0,0.34108472,0.7586494
1062,34.61278,0.0,21.91264,43.283318,0.001099489,0.0,0.32441372,0.75864744
1063,44.059723,0.0,24.155909,43.283333,0.0010228624,0.0,0.31794366,0.7586456
1064,33.961468,0.0,14.824068,43.28334,0.00097462954,0.0,0.32726082,0.7586437
1065,30.856546,0.0,18.122868,43.283356,0.00090004154,0.0,0.32889318,0.75864184
1066,44.990704,0.0,26.985352,43.283363,0.0010698758,0.0,0.33280167,0.75864005
1067,39.707127,0.0,21.253042,43.283356,0.0011310072,0.0,0.32654858,0.75863826
1068,38.362125,0.0,22.302584,43.28336,0.0011282325,0.0,0.30354804,0.758636
1069,52.841057,0.0,26.389566,43.283367,0.0011175943,0.0,0.3287574,0.7586339
1070,35.396317,0.0,29.117659,43.283344,0.00084457453,0.0,0.30026653,0.7586319
1071,35.55192,0.0,29.047941,43.28333,0.0011540696,0.0,0.32603177,0.75862986
1072,38.956215,0.0,17.874498,43.283333,0.00095054944,0.0,0.3608788,0.7586279
1073,42.25512,0.0,19.765175,43.28333,0.00087423594,0.0,0.32175422,0.758636
1074,28.086159,0.0,25.96761,43.283325,0.00096166495,0.0,0.3142751,0.7586434
1075,31.497623,0.0,18.273134,43.283314,0.00084379845,0.0,0.3510257,0.7586499
1076,35.949924,0.0,21.119438,43.283325,0.0010628788,0.0,0.32406875,0.7586634
1077,40.38246,0.0,26.659582,43.283333,0.0011425395,0.0,0.3551942,0.758676
1078,32.235985,0.0,39.000687,43.283356,0.00093843386,0.0,0.31091353,0.7586874
1079,40.334522,0.0,27.601372,43.28335,0.0012013281,0.0,0.35238418,0.7586979
1080,40.82069,0.0,32.10468,43.283348,0.0012748176,0.0,0.35013255,0.7587115
1081,24.874292,0.0,26.135798,43.28338,0.0010023431,0.0,0.33894727,0.75872386
1082,23.319206,0.0,26.88685,43.28338,0.0009528332,0.0,0.3251446,0.758735
1083,45.442665,0.0,18.58256,43.283386,0.001046049,0.0,0.31713665,0.75874496
1084,44.001507,0.0,22.848764,43.28339,0.0009974961,0.0,0.3409439,0.7587539
1085,37.353905,0.0,29.773129,43.283386,0.0010640951,0.0,0.3446331,0.75876206
1086,32.19929,0.0,18.869751,43.28338,0.0011034657,0.0,0.3124733,0.75876933
1087,37.826954,0.0,27.310518,43.283405,0.00092109863,0.0,0.29545045,0.7587757
1088,33.347263,0.0,20.75102,43.283443,0.00093840243,0.0,0.34232718,0.7587828
1089,24.17377,0.0,25.340593,43.28348,0.0009784362,0.0,0.33528185,0.7587891
1090,44.07031,0.0,29.140703,43.283493,0.0012075943,0.0,0.29655987,0.7587947
1091,38.728592,0.0,29.695873,43.283512,0.0009450663,0.0,0.31249654,0.75879955
1092,30.809883,0.0,23.41965,43.2835,0.0009991254,0.0,0.3504669,0.7588038
1093,26.506853,0.0,24.684835,43.283504,0.001322403,0.0,0.3365415,0.75880736
1094,35.200817,0.0,16.91427,43.28348,0.0009347028,0.0,0.28003472,0.7588106
1095,29.76461,0.0,26.003956,43.283463,0.0013232878,0.0,0.29835933,0.75881326
1096,32.38274,0.0,25.830154,43.283447,0.0011587137,0.0,0.32674736,0.75881565
1097,26.243742,0.0,27.37918,43.28347,0.0011735632,0.0,0.3282073,0.7588175
1098,38.685825,0.0,44.57164,43.283516,0.0009817753,0.0,0.29421628,0.7588191
1099,29.472519,0.0,16.464718,43.28349,0.00091855944,0.0,0.3109796,0.75882035
1100,40.56355,0.0,29.072882,43.283493,0.0011195354,0.0,0.35595688,0.7588222
1101,40.65299,0.0,25.754719,43.28349,0.00096535863,0.0,0.31182468,0.75882363
1102,23.927774,0.0,16.073013,43.283504,0.0009814154,0.0,0.309117,0.7588254
1103,29.47988,0.0,26.512062,43.283512,0.0008554041,0.0,0.32132488,0.7588268
1104,33.535393,0.0,15.992184,43.283516,0.0013847336,0.0,0.30022758,0.7588279
1105,28.663477,0.0,22.46654,43.28352,0.0010084118,0.0,0.29417232,0.75882864
1106,45.205612,0.0,18.885752,43.283516,0.0011494406,0.0,0.31618565,0.7588294
1107,45.721947,0.0,19.169386,43.28349,0.001006568,0.0,0.32946414,0.75882983
1108,44.31303,0.0,18.381905,43.283463,0.00099909,0.0,0.305681,0.75883
1109,35.11289,0.0,30.84026,43.283413,0.0011951494,0.0,0.32133663,0.75883
1110,38.15564,0.0,18.223318,43.28337,0.0009564554,0.0,0.3620463,0.75882983
1111,25.65043,0.0,18.614359,43.28336,0.0012559433,0.0,0.31275874,0.7588296
1112,35.7362,0.0,17.141283,43.28338,0.0011462866,0.0,0.33322313,0.7588292
1113,40.558014,0.0,21.440939,43.2834,0.0014693765,0.0,0.329432,0.75882864
1114,50.594067,0.0,20.061758,43.28339,0.0009809594,0.0,0.32114625,0.758828
1115,26.036982,0.0,24.752174,43.28339,0.0013553973,0.0,0.30781117,0.7588273
1116,29.722668,0.0,27.251701,43.283405,0.001218171,0.0,0.3326208,0.7588274
1117,28.350431,0.0,17.422161,43.283356,0.0014827115,0.0,0.3250904,0.7588271
1118,29.227787,0.0,33.760246,43.28332,0.0016160724,0.0,0.32857606,0.7588269
1119,39.620274,0.0,17.705002,43.283333,0.0010808846,0.0,0.32183456,0.7588265
1120,58.8841,0.0,21.30505,43.283363,0.0012309412,0.0,0.30178297,0.7588261
1121,30.775312,0.0,18.88176,43.283386,0.001043261,0.0,0.33863068,0.7588254
1122,40.048847,0.0,30.645796,43.283432,0.0011010928,0.0,0.32491207,0.7588251
1123,31.997908,0.0,21.27245,43.283447,0.0013582844,0.0,0.33709168,0.75882465
1124,30.521929,0.0,35.86025,43.283424,0.0010255433,0.0,0.32851297,0.7588241
1125,45.596745,0.0,24.556368,43.283348,0.0009443333,0.0,0.35011482,0.7588235
1126,33.943604,0.0,19.47606,43.283222,0.0010981483,0.0,0.2893896,0.75882274
1127,38.544476,0.0,22.938879,43.283066,0.0015212039,0.0,0.31312585,0.75882185
1128,26.480705,0.0,18.947062,43.28292,0.0010356209,0.0,0.3365286,0.758821
1129,49.747467,0.0,30.96921,43.282806,0.0012441064,0.0,0.318689,0.75881994
1130,39.423687,0.0,22.041204,43.28268,0.0014484467,0.0,0.34036762,0.7588189
1131,32.586983,0.0,47.04099,43.28259,0.0010248753,0.0,0.28447503,0.758818
1132,51.25797,0.0,28.270403,43.282593,0.0009538315,0.0,0.32058936,0.75881684
1133,34.566803,0.0,29.683748,43.282646,0.000961888,0.0,0.31514865,0.75881577
1134,42.439686,0.0,39.39367,43.282745,0.0012048094,0.0,0.32455444,0.7588147
1135,34.77414,0.0,25.471098,43.282894,0.0008308624,0.0,0.29487717,0.7588137
1136,24.384844,0.0,25.713278,43.28304,0.0011950139,0.0,0.34178132,0.7588125
1137,39.403557,0.0,29.987045,43.28315,0.0010713385,0.0,0.33124155,0.75881404
1138,31.32414,0.0,17.60105,43.283245,0.00100665,0.0,0.28454697,0.7588154
1139,43.016434,0.0,32.19997,43.28333,0.0011695321,0.0,0.33064982,0.7588165
1140,29.003683,0.0,34.411945,43.28339,0.00093185855,0.0,0.29831856,0.75881726
1141,30.436352,0.0,25.342089,43.28342,0.0011711771,0.0,0.33597654,0.7588179
1142,28.75996,0.0,28.04354,43.28343,0.001404547,0.0,0.30626178,0.7588183
1143,29.732134,0.0,20.227798,43.28343,0.0009189981,0.0,0.31880063,0.7588185
1144,39.071686,0.0,43.55586,43.28343,0.0010801989,0.0,0.3090403,0.7588184
1145,40.21423,0.0,17.774227,43.283424,0.0012111382,0.0,0.31684667,0.75882083
1146,28.10869,0.0,25.31892,43.28343,0.001266302,0.0,0.3051738,0.7588229
1147,49.721012,0.0,29.066484,43.28343,0.0011824183,0.0,0.28947377,0.75882477
1148,34.410236,0.0,23.027763,43.283417,0.0013490152,0.0,0.31139266,0.75882614
1149,42.07207,0.0,20.374548,43.283394,0.0010332975,0.0,0.33338544,0.7588274
1150,32.51925,0.0,30.295662,43.283417,0.0011050595,0.0,0.30666292,0.75882864
1151,51.286476,0.0,35.031406,43.28342,0.0010729302,0.0,0.34786844,0.75883156
1152,29.201036,0.0,18.448153,43.28343,0.0015219196,0.0,0.3140955,0.75883406
1153,31.554773,0.0,25.386497,43.283436,0.0010620317,0.0,0.31857976,0.7588362
1154,32.68582,0.0,22.533674,43.28343,0.0016532862,0.0,0.2978687,0.75883794
1155,30.492977,0.0,27.957258,43.283424,0.0012521864,0.0,0.30247003,0.75883937
1156,35.931385,0.0,20.51316,43.28341,0.0011128457,0.0,0.30998263,0.7588405
1157,42.009277,0.0,25.285845,43.283417,0.0012639812,0.0,0.30237824,0.7588414
1158,31.830826,0.0,28.998386,43.283463,0.0011680708,0.0,0.32574725,0.758842
1159,30.206898,0.0,22.252438,43.28349,0.0008519463,0.0,0.33664757,0.7588424
1160,30.858963,0.0,18.064253,43.283493,0.0014117261,0.0,0.33954912,0.7588422
1161,26.772242,0.0,21.433548,43.283478,0.00097468204,0.0,0.3170136,0.7588431
1162,28.779865,0.0,20.128603,43.28345,0.001053226,0.0,0.30043483,0.7588438
1163,55.36652,0.0,22.162756,43.283443,0.0010472646,0.0,0.30501878,0.75884426
1164,24.070597,0.0,19.316822,43.28349,0.002337075,0.0,0.35217866,0.758844
1165,43.27027,0.0,38.253326,43.283516,0.000750187,0.0,0.30613178,0.758841
1166,34.90786,0.0,34.820312,43.283566,0.0009225126,0.0,0.30096138,0.75883806
1167,33.64481,0.0,19.885355,43.283604,0.001111555,0.0,0.31677228,0.75883543
1168,43.09883,0.0,19.655352,43.28362,0.001623893,0.0,0.36300382,0.7588329
1169,36.516693,0.0,22.121138,43.283623,0.0010822674,0.0,0.33717236,0.7588271
1170,31.271566,0.0,22.41958,43.28366,0.0009041689,0.0,0.33090746,0.75882185
1171,29.747671,0.0,18.368359,43.28365,0.0009868159,0.0,0.30596238,0.75881726
1172,29.395498,0.0,18.074175,43.283638,0.0014660325,0.0,0.3011411,0.7588143
1173,35.541164,0.0,23.691902,43.283607,0.0012026851,0.0,0.32726556,0.7588123
1174,42.91175,0.0,19.580265,43.28362,0.0010239366,0.0,0.33881125,0.75881034
1175,26.464722,0.0,19.209602,43.283615,0.0012579649,0.0,0.33074483,0.7588086
1176,69.934586,0.0,19.137407,43.283646,0.0009601763,0.0,0.28033897,0.7588069
1177,54.122265,0.0,24.62237,43.28365,0.0010157363,0.0,0.30346256,0.75881124
1178,28.641293,0.0,42.028164,43.283634,0.0010358577,0.0,0.33144844,0.7588151
1179,45.54639,0.0,18.268946,43.283592,0.0012061894,0.0,0.3212573,0.7588188
1180,34.825577,0.0,23.5307,43.283558,0.0010187499,0.0,0.29792637,0.7588221
1181,41.26319,0.0,17.225925,43.28354,0.0018610922,0.0,0.3082044,0.758825
1182,56.40896,0.0,28.624931,43.283524,0.0009927506,0.0,0.31940275,0.75882816
1183,50.02318,0.0,31.089705,43.283516,0.0008463924,0.0,0.31797555,0.7588309
1184,59.00584,0.0,23.380873,43.28351,0.0010802773,0.0,0.32435536,0.75883335
1185,41.693867,0.0,26.707592,43.283463,0.0007631899,0.0,0.30838537,0.7588369
1186,23.012218,0.0,18.134184,43.283455,0.00094678736,0.0,0.3331464,0.7588399
1187,42.57119,0.0,23.229692,43.283398,0.0008222847,0.0,0.28873283,0.7588425
1188,35.15938,0.0,13.727826,43.283333,0.0010854295,0.0,0.35465342,0.75885785
1189,25.765652,0.0,15.930756,43.28327,0.0010174222,0.0,0.29436922,0.75887185
1190,36.914143,0.0,18.389431,43.283226,0.0010154634,0.0,0.32558662,0.7588845
1191,37.949715,0.0,33.62538,43.28315,0.0010122996,0.0,0.36372542,0.75889575
1192,33.558113,0.0,31.749193,43.28311,0.0010390747,0.0,0.33217126,0.75890595
1193,38.099937,0.0,20.355602,43.283085,0.0011667134,0.0,0.33677834,0.75891304
1194,51.196625,0.0,20.115355,43.28303,0.00091998884,0.0,0.32386205,0.7589194
1195,38.420246,0.0,18.336817,43.283016,0.0010211768,0.0,0.30126435,0.7589251
1196,36.184814,0.0,28.2549,43.282993,0.0013108117,0.0,0.33750892,0.7589301
1197,32.63613,0.0,39.380688,43.28302,0.0009007996,0.0,0.33349237,0.75893444
1198,32.993942,0.0,21.655376,43.283077,0.0012759322,0.0,0.32680118,0.75893784
1199,34.10079,0.0,16.724646,43.28312,0.0010907049,0.0,0.3010287,0.75894076
1200,31.888008,0.0,17.970345,43.283154,0.0017088472,0.0,0.380035,0.7589432
1201,37.21233,0.0,18.214855,43.283188,0.0013630816,0.0,0.32450083,0.75894624
1202,39.98817,0.0,18.603878,43.28322,0.00096869783,0.0,0.35327762,0.75894886
1203,30.151546,0.0,16.540932,43.283245,0.0012733971,0.0,0.31702012,0.7589511
1204,46.29149,0.0,26.049927,43.283283,0.0012208452,0.0,0.3698524,0.7589585
1205,37.973503,0.0,27.650785,43.28325,0.0010009101,0.0,0.30154717,0.75896513
1206,31.653557,0.0,24.739803,43.283234,0.0013058631,0.0,0.3171725,0.75897115
1207,27.9817,0.0,23.62166,43.2832,0.0009958685,0.0,0.3427596,0.75898
1208,32.348366,0.0,20.14247,43.28321,0.0012101722,0.0,0.36364794,0.7589878
1209,36.094215,0.0,14.777943,43.283207,0.00096952345,0.0,0.31358775,0.75899476
1210,31.329594,0.0,24.249508,43.283222,0.0016282591,0.0,0.31310856,0.7590013
1211,36.788963,0.0,31.121162,43.283234,0.00087062886,0.0,0.30883056,0.7590071
1212,31.910318,0.0,23.49492,43.283253,0.0010348234,0.0,0.29205737,0.7590278
1213,33.17171,0.0,30.453136,43.283264,0.0007280232,0.0,0.29365933,0.75904685
1214,23.509827,0.0,19.604109,43.283302,0.0012167464,0.0,0.32637355,0.75906396
1215,35.747242,0.0,17.454517,43.28333,0.0010349172,0.0,0.3426298,0.75908184
1216,27.103699,0.0,25.0423,43.283348,0.0012035777,0.0,0.33615312,0.75909716
1217,47.16984,0.0,25.211536,43.283367,0.0010241653,0.0,0.29916367,0.75911045
1218,47.950977,0.0,23.551802,43.283344,0.0012126077,0.0,0.3152812,0.7591225
1219,33.79869,0.0,37.351707,43.283337,0.00094720954,0.0,0.33178928,0.75913316
1220,42.931442,0.0,27.446999,43.283333,0.001171262,0.0,0.3202725,0.7591428
1221,42.393044,0.0,20.864725,43.28333,0.00094919454,0.0,0.3014539,0.7591514
1222,52.375694,0.0,21.487394,43.2833,0.0013371715,0.0,0.34335423,0.7591568
1223,52.980247,0.0,20.267094,43.28326,0.0011945197,0.0,0.34675154,0.7591621
1224,24.207,0.0,18.699038,43.283226,0.00103765,0.0,0.38503826,0.75916684
1225,29.437504,0.0,17.503935,43.283195,0.0016273073,0.0,0.31589267,0.75917095
1226,34.896217,0.0,27.478151,43.283154,0.0009235502,0.0,0.33556134,0.75917447
1227,42.21384,0.0,26.782488,43.28309,0.001167174,0.0,0.34883177,0.75917757
1228,53.430603,0.0,30.506542,43.28305,0.001060622,0.0,0.28313187,0.75918025
1229,39.897625,0.0,41.29079,43.28303,0.00080249726,0.0,0.31138957,0.75918245
1230,30.36028,0.0,15.450312,43.282978,0.0011265166,0.0,0.31018943,0.7591843
1231,36.168602,0.0,17.944582,43.282925,0.0012602122,0.0,0.31028885,0.75918585
1232,32.662685,0.0,37.480976,43.282906,0.0012516569,0.0,0.31493706,0.759187
1233,49.941128,0.0,18.028677,43.282894,0.0009927554,0.0,0.3520829,0.75918806
1234,46.62011,0.0,23.888536,43.2829,0.00088745623,0.0,0.3182811,0.7591888
1235,28.92855,0.0,23.380196,43.282936,0.0010591503,0.0,0.32504857,0.75918925
1236,29.970982,0.0,26.128899,43.282917,0.0014268927,0.0,0.32675534,0.7591895
1237,36.784916,0.0,28.977102,43.282917,0.0011017072,0.0,0.3436403,0.7591916
1238,31.556751,0.0,21.553865,43.28297,0.0008562098,0.0,0.3011688,0.75919354
1239,34.417637,0.0,24.46116,43.283035,0.0010528698,0.0,0.31351936,0.7591953
1240,41.616856,0.0,21.625675,43.283085,0.00077393686,0.0,0.2959312,0.75919676
1241,40.891758,0.0,35.61171,43.283108,0.0008630245,0.0,0.32673615,0.759198
1242,52.76979,0.0,29.166594,43.283085,0.0008726135,0.0,0.32026994,0.7591989
1243,29.250492,0.0,23.095959,43.283092,0.0010217561,0.0,0.2809474,0.7591997
1244,39.68055,0.0,13.409206,43.283104,0.0010815726,0.0,0.32228446,0.7591995
1245,33.108643,0.0,16.303482,43.283108,0.00097051344,0.0,0.31491625,0.75919914
1246,37.17548,0.0,20.788431,43.283092,0.0009521183,0.0,0.34991288,0.7591987
1247,35.62014,0.0,21.843204,43.28309,0.0009167753,0.0,0.35329103,0.75919825
1248,44.85694,0.0,19.086271,43.28307,0.0010539173,0.0,0.3351661,0.75919765
1249,41.865475,0.0,24.123909,43.283066,0.0010552236,0.0,0.3287491,0.75919706
1250,39.099594,0.0,14.341723,43.28309,0.0010896416,0.0,0.29885313,0.7591964
1251,29.200504,0.0,16.964298,43.28309,0.000958526,0.0,0.30310738,0.75919545
1252,48.33995,0.0,27.78717,43.283066,0.0010419274,0.0,0.3089468,0.75919336
1253,26.286781,0.0,41.88868,43.283028,0.0011389967,0.0,0.319058,0.75919116
1254,28.43013,0.0,26.239574,43.28289,0.0011022673,0.0,0.34775925,0.7591892
1255,35.115314,0.0,19.691736,43.282803,0.0013543032,0.0,0.33164972,0.7591872
1256,45.441643,0.0,22.423967,43.282722,0.0012071172,0.0,0.2997296,0.7591854
1257,50.45361,0.0,32.470108,43.28265,0.0009212679,0.0,0.35091576,0.7591818
1258,24.24236,0.0,24.00596,43.28261,0.0018068233,0.0,0.33814758,0.75917846
1259,49.173897,0.0,32.389133,43.282627,0.0012204142,0.0,0.35331213,0.7591753
1260,32.293022,0.0,34.27781,43.282654,0.0009984858,0.0,0.31148237,0.75916606
1261,37.875942,0.0,30.981123,43.28275,0.0009836823,0.0,0.33480293,0.7591575
1262,23.844023,0.0,29.003275,43.282867,0.0011435173,0.0,0.31559286,0.7591497
1263,33.787838,0.0,25.554844,43.282944,0.00095253706,0.0,0.29139757,0.7591426
1264,20.535875,0.0,21.285276,43.282993,0.0010123703,0.0,0.31280106,0.7591361
1265,35.36891,0.0,17.703508,43.28304,0.00081960385,0.0,0.3336117,0.75913006
1266,33.41295,0.0,26.14884,43.28305,0.0011043692,0.0,0.33475077,0.7591245
1267,42.889645,0.0,45.363316,43.28305,0.0009678514,0.0,0.28704205,0.7591193
1268,23.178043,0.0,28.075033,43.283043,0.0009845144,0.0,0.308047,0.7591156
1269,40.63236,0.0,24.19113,43.283016,0.0009159424,0.0,0.33768544,0.75911224
1270,52.908863,0.0,33.77489,43.28298,0.0010589834,0.0,0.28936017,0.75910896
1271,38.596718,0.0,33.83952,43.28294,0.0009537718,0.0,0.35337517,0.75910586
1272,34.06005,0.0,36.072956,43.282894,0.0011564963,0.0,0.33769965,0.759103
1273,58.59424,0.0,19.768095,43.282883,0.0010978242,0.0,0.3129245,0.75910026
1274,47.510612,0.0,23.545576,43.282875,0.0008550095,0.0,0.31440574,0.75909746
1275,35.70885,0.0,21.181934,43.282833,0.0011906954,0.0,0.2941611,0.7590949
1276,37.213802,0.0,31.66508,43.282806,0.0011918093,0.0,0.3244633,0.75909317
1277,47.281933,0.0,21.783272,43.282772,0.0009885698,0.0,0.29433668,0.75909144
1278,26.527609,0.0,17.182775,43.28275,0.0010699581,0.0,0.28970927,0.7590897
1279,30.142513,0.0,24.608692,43.28271,0.0009867558,0.0,0.3289082,0.75908804
1280,43.886997,0.0,26.617714,43.282665,0.0008852589,0.0,0.34767592,0.7590864
1281,39.34778,0.0,24.019434,43.282654,0.00095352565,0.0,0.35803956,0.75908864
1282,35.750797,0.0,23.947786,43.282635,0.0009468851,0.0,0.31581768,0.7590904
1283,39.801136,0.0,30.155127,43.282585,0.00093142776,0.0,0.29676917,0.759092
1284,79.194145,0.0,21.553642,43.28249,0.0011311917,0.0,0.30562365,0.7590932
1285,41.877285,0.0,22.23571,43.282425,0.00086741976,0.0,0.3099717,0.7590943
1286,40.721436,0.0,24.351746,43.282337,0.0010005734,0.0,0.33148763,0.7590952
1287,48.698242,0.0,18.587517,43.28225,0.00092401437,0.0,0.31899136,0.7590953
1288,35.807625,0.0,34.790802,43.28217,0.00094187073,0.0,0.30938357,0.75909424
1289,33.552025,0.0,23.4883,43.282124,0.0010286843,0.0,0.34755212,0.7590929
1290,50.3725,0.0,22.120771,43.282093,0.0010536688,0.0,0.3462153,0.7590918
1291,45.47845,0.0,18.256762,43.282085,0.001145548,0.0,0.33355445,0.7590905
1292,48.323658,0.0,31.005013,43.28209,0.00086216326,0.0,0.3044017,0.75908923
1293,32.81583,0.0,20.41721,43.282146,0.0009867924,0.0,0.30812553,0.759088
1294,41.364777,0.0,24.751446,43.28224,0.0010397091,0.0,0.32040238,0.7590867
1295,47.011883,0.0,17.814209,43.282345,0.0010719022,0.0,0.30539244,0.75908536
1296,58.90427,0.0,29.951952,43.282436,0.0008718065,0.0,0.3045662,0.75908405
1297,29.55386,0.0,23.40105,43.282528,0.0010783182,0.0,0.30990964,0.75908273
1298,27.255981,0.0,18.10636,43.282635,0.00095501816,0.0,0.34541863,0.7590813
1299,46.052505,0.0,24.519474,43.28272,0.000967919,0.0,0.3337366,0.75908
1300,38.23937,0.0,16.467049,43.28279,0.0010471026,0.0,0.3178315,0.7590786
1301,44.180485,0.0,17.354801,43.282852,0.001227251,0.0,0.33585176,0.75907725
1302,34.707966,0.0,28.489363,43.28293,0.0008589625,0.0,0.30959123,0.75907594
1303,65.08452,0.0,21.625687,43.282948,0.0009870887,0.0,0.307968,0.75907457
1304,38.1147,0.0,27.672192,43.28297,0.0009810016,0.0,0.35324368,0.75907314
1305,46.462517,0.0,33.623558,43.28297,0.0010376087,0.0,0.32814687,0.7590717
1306,49.42013,0.0,25.130596,43.28291,0.0017657808,0.0,0.3251552,0.7590703
1307,30.924406,0.0,38.1613,43.282852,0.0015915795,0.0,0.31105536,0.7590687
1308,47.27993,0.0,27.852457,43.28279,0.001095169,0.0,0.3279754,0.7590673
1309,35.709644,0.0,21.338833,43.2828,0.0010625655,0.0,0.37309116,0.7590649
1310,40.68827,0.0,36.137638,43.282806,0.0011835237,0.0,0.31039667,0.7590627
1311,61.56648,0.0,24.880514,43.282856,0.0009988493,0.0,0.35651958,0.75906056
1312,44.986084,0.0,30.152393,43.282887,0.0008415794,0.0,0.36295885,0.7590585
1313,45.904957,0.0,18.906084,43.28297,0.0016497954,0.0,0.31747794,0.75905645
1314,48.606827,0.0,19.83109,43.28304,0.0008744383,0.0,0.30098522,0.7590487
1315,40.645252,0.0,24.621593,43.283123,0.00081988587,0.0,0.31052476,0.7590417
1316,33.063377,0.0,24.083496,43.28319,0.0008763773,0.0,0.33715123,0.7590352
1317,48.694073,0.0,18.35304,43.283253,0.0009175445,0.0,0.308685,0.7590293
1318,42.626297,0.0,24.648388,43.283306,0.0008739359,0.0,0.32593518,0.7590238
1319,48.25202,0.0,18.534576,43.283344,0.0008494199,0.0,0.33339196,0.7590199
1320,26.271961,0.0,12.792139,43.283382,0.0011145626,0.0,0.34859848,0.75901616
1321,41.01897,0.0,20.08811,43.283424,0.0011053913,0.0,0.27728483,0.7590128
1322,47.454494,0.0,39.258396,43.283424,0.0010200378,0.0,0.351127,0.75900954
1323,41.011936,0.0,17.203667,43.28342,0.0012515115,0.0,0.3182345,0.7589978
1324,48.258232,0.0,23.494284,43.28338,0.00093102286,0.0,0.3199503,0.75898707
1325,33.5,0.0,21.129436,43.283318,0.00106605,0.0,0.33768353,0.75897723
1326,35.48018,0.0,22.53855,43.28324,0.000894929,0.0,0.3375234,0.75896835
1327,58.187897,0.0,22.673323,43.283188,0.0010380987,0.0,0.31405926,0.75895995
1328,30.542042,0.0,24.608625,43.283134,0.0010654952,0.0,0.31339526,0.75895226
1329,25.50857,0.0,18.671618,43.28309,0.001146249,0.0,0.34834513,0.7589452
1330,49.00336,0.0,25.102747,43.283085,0.00090745196,0.0,0.334565,0.7589411
1331,30.648539,0.0,14.506677,43.283115,0.0007595591,0.0,0.32793218,0.7589371
1332,38.0995,0.0,29.161705,43.283165,0.00089371053,0.0,0.32220155,0.7589334
1333,30.64329,0.0,27.655245,43.283234,0.0007073175,0.0,0.32798612,0.7589302
1334,26.760902,0.0,29.64299,43.283287,0.0010038635,0.0,0.3150903,0.7589273
1335,39.295357,0.0,26.327654,43.283306,0.00095804007,0.0,0.33333513,0.75892454
1336,36.84598,0.0,15.404315,43.283302,0.0011672191,0.0,0.32227787,0.75892186
1337,39.1215,0.0,20.110746,43.283306,0.0009609595,0.0,0.34978414,0.75891924
1338,42.355255,0.0,13.162401,43.283314,0.0010645938,0.0,0.3449831,0.7589168
1339,32.530273,0.0,33.327637,43.283318,0.00114595,0.0,0.30867895,0.7589145
1340,41.719448,0.0,24.14382,43.28338,0.0008392839,0.0,0.34318894,0.7589123
1341,38.45942,0.0,19.980804,43.283417,0.0008751227,0.0,0.32160994,0.7589101
1342,40.946484,0.0,23.85102,43.28345,0.0012046503,0.0,0.34393823,0.7589063
1343,46.025265,0.0,22.181986,43.283504,0.0009693238,0.0,0.31132233,0.7589027
1344,40.01529,0.0,15.098624,43.28356,0.00081616844,0.0,0.31596172,0.7588995
1345,55.718277,0.0,21.885767,43.283607,0.0010229005,0.0,0.34554824,0.75889635
1346,27.195513,0.0,17.235796,43.28364,0.0014116918,0.0,0.31168073,0.75889343
1347,46.834164,0.0,19.644571,43.28365,0.0017887156,0.0,0.35845184,0.75889057
1348,42.70348,0.0,20.077393,43.28366,0.0012595924,0.0,0.30465183,0.75889564
1349,48.48096,0.0,15.342671,43.283676,0.0009922211,0.0,0.34416628,0.7589001
1350,34.71839,0.0,25.193659,43.28369,0.000996118,0.0,0.33107188,0.7589039
1351,43.16499,0.0,23.580397,43.283695,0.0012839123,0.0,0.32464343,0.7589073
1352,26.983896,0.0,29.234608,43.283722,0.0012592147,0.0,0.32506046,0.7589103
1353,35.27252,0.0,12.8852005,43.283722,0.0010115913,0.0,0.30870393,0.75891274
1354,35.22678,0.0,17.103455,43.283714,0.0012148372,0.0,0.2996329,0.7589148
1355,39.607723,0.0,26.419344,43.283695,0.0010580448,0.0,0.33854675,0.75891656
1356,46.258667,0.0,23.40552,43.283684,0.0008379932,0.0,0.30299243,0.75891805
1357,49.86782,0.0,14.269515,43.283688,0.0014354545,0.0,0.36029553,0.7589193
1358,36.68265,0.0,19.220015,43.283688,0.0010097018,0.0,0.29288906,0.7589201
1359,50.86866,0.0,34.647232,43.28369,0.00095681055,0.0,0.33861876,0.75892067
1360,36.794018,0.0,30.309692,43.283676,0.001069744,0.0,0.32211185,0.7589211
1361,44.21632,0.0,35.517155,43.283672,0.001377604,0.0,0.28869915,0.7589213
1362,37.441895,0.0,25.335852,43.283714,0.0011571611,0.0,0.3418735,0.7589213
1363,38.813465,0.0,22.128761,43.283775,0.00090553705,0.0,0.31796783,0.7589211
1364,32.644287,0.0,21.993685,43.28383,0.0009385748,0.0,0.28951997,0.75892085
1365,42.888744,0.0,37.585785,43.283882,0.0009972218,0.0,0.26359686,0.75892043
1366,32.316257,0.0,21.370867,43.28391,0.001125161,0.0,0.32845494,0.75891995
1367,31.170244,0.0,25.009813,43.283936,0.0010893394,0.0,0.34888554,0.7589226
1368,33.567234,0.0,31.630571,43.28398,0.0009674867,0.0,0.315555,0.7589247
1369,31.845337,0.0,24.107943,43.28404,0.0010843808,0.0,0.34792942,0.75892663
1370,46.068512,0.0,22.773666,43.28406,0.00088646286,0.0,0.3177583,0.75892824
1371,46.336117,0.0,34.817383,43.28409,0.0013970863,0.0,0.30244386,0.7589294
1372,32.038616,0.0,26.87144,43.28409,0.0009514026,0.0,0.36944568,0.7589304
1373,28.100191,0.0,20.262455,43.284115,0.0010156697,0.0,0.3096571,0.75893116
1374,24.82781,0.0,18.295322,43.28415,0.000999494,0.0,0.30141443,0.7589252
1375,47.51599,0.0,22.588198,43.28418,0.0010124822,0.0,0.31388447,0.7589198
1376,60.39746,0.0,25.457674,43.284176,0.001291539,0.0,0.3118766,0.7589146
1377,67.33502,0.0,23.904161,43.28419,0.0009325209,0.0,0.3216148,0.75890976
1378,41.88391,0.0,20.62398,43.284206,0.0011898426,0.0,0.32440996,0.75890535
1379,55.0744,0.0,30.497782,43.284233,0.0011364885,0.0,0.29502046,0.75890136
1380,32.897778,0.0,24.85605,43.28424,0.0012716161,0.0,0.35918793,0.7588975
1381,27.80142,0.0,32.522427,43.284256,0.0018523809,0.0,0.31478453,0.75889385
1382,30.266684,0.0,17.60389,43.284256,0.0008235108,0.0,0.33635563,0.75889045
1383,32.314156,0.0,30.958662,43.284245,0.0014981609,0.0,0.3195344,0.75888896
1384,42.416668,0.0,18.690111,43.284233,0.0012031356,0.0,0.3275788,0.7588868
1385,40.61258,0.0,28.18077,43.284237,0.0009306709,0.0,0.3120606,0.75888467
1386,37.353855,0.0,17.061543,43.284218,0.0008958484,0.0,0.31254143,0.7588828
1387,33.621166,0.0,20.178082,43.284218,0.0015099661,0.0,0.31472403,0.758881
1388,46.408154,0.0,34.16603,43.284153,0.0013505522,0.0,0.3279971,0.758879
1389,38.336395,0.0,18.122736,43.284092,0.0010417427,0.0,0.33692884,0.7588933
1390,36.75924,0.0,18.836403,43.28401,0.0010254232,0.0,0.33552456,0.7589063
1391,42.436653,0.0,20.594042,43.28395,0.00094124925,0.0,0.34766662,0.7589181
1392,40.973316,0.0,17.37669,43.28388,0.0011142319,0.0,0.32769144,0.7589287
1393,36.714943,0.0,21.869894,43.283787,0.0009951809,0.0,0.30673164,0.7589383
1394,33.361343,0.0,41.837948,43.28371,0.0012015479,0.0,0.31972843,0.7589469
1395,30.341413,0.0,28.243155,43.283634,0.0012128213,0.0,0.29466486,0.7589545
1396,53.04221,0.0,22.892809,43.283504,0.0010638468,0.0,0.33013794,0.7589613
1397,38.72527,0.0,16.505772,43.28337,0.0010181742,0.0,0.3454195,0.7589674
1398,56.363895,0.0,42.879948,43.283234,0.00113139,0.0,0.33037114,0.7589727
1399,29.89799,0.0,13.939618,43.283066,0.0009786913,0.0,0.3122071,0.75897735
1400,47.72345,0.0,24.050825,43.28293,0.0011620417,0.0,0.32651082,0.7589815
1401,35.541832,0.0,24.440956,43.28282,0.00094162807,0.0,0.34185264,0.7589852
1402,39.066372,0.0,15.328078,43.282757,0.0014761634,0.0,0.32707104,0.7589883
1403,22.392992,0.0,12.045998,43.28271,0.000751306,0.0,0.33432972,0.7589929
1404,48.013687,0.0,21.753311,43.28265,0.0007303695,0.0,0.3235466,0.758997
1405,45.952023,0.0,40.35345,43.2826,0.0012076515,0.0,0.34452087,0.75900066
1406,30.274397,0.0,15.406246,43.28255,0.001010872,0.0,0.31648356,0.7590038
1407,20.7209,0.0,24.746553,43.28251,0.0010106126,0.0,0.31667697,0.75900674
1408,36.85751,0.0,41.978516,43.282475,0.0016565025,0.0,0.28946277,0.7590091
1409,41.869236,0.0,27.858316,43.282482,0.0013671614,0.0,0.32653832,0.75901127
1410,40.51822,0.0,32.24344,43.282494,0.0011980894,0.0,0.31081513,0.7590133
1411,49.974663,0.0,29.81208,43.2825,0.0012645076,0.0,0.3273036,0.7590149
1412,37.57465,0.0,25.304886,43.2825,0.00064482534,0.0,0.35229033,0.75901616
1413,39.45824,0.0,20.810213,43.282543,0.0009887244,0.0,0.31109083,0.7590173
1414,32.27669,0.0,19.143518,43.282585,0.0012290496,0.0,0.3266401,0.75901806
1415,43.928116,0.0,31.438591,43.282646,0.0010830457,0.0,0.29564494,0.75901866
1416,39.041805,0.0,39.5482,43.28273,0.0013458034,0.0,0.30760607,0.7590191
1417,41.86704,0.0,14.234821,43.282745,0.001241392,0.0,0.30041155,0.7590192
1418,41.734024,0.0,19.895638,43.282745,0.0011197203,0.0,0.3091662,0.7590193
1419,41.9377,0.0,19.533134,43.282776,0.0010536679,0.0,0.31375885,0.75901914
1420,46.860676,0.0,16.286232,43.282814,0.00092060445,0.0,0.33202732,0.75901884
1421,57.66848,0.0,22.209404,43.282845,0.0008666022,0.0,0.3037086,0.7590176
1422,43.751823,0.0,29.928053,43.28285,0.0016358517,0.0,0.30859026,0.7590162
1423,34.941994,0.0,36.780495,43.282883,0.0010041817,0.0,0.31906995,0.75901484
1424,41.399944,0.0,20.236837,43.28295,0.0011991216,0.0,0.32612905,0.7590135
1425,45.34876,0.0,20.29356,43.282978,0.0013326292,0.0,0.33859405,0.7590119
1426,38.89138,0.0,26.82848,43.282993,0.0013064768,0.0,0.33423394,0.75901043
1427,29.40835,0.0,23.64591,43.283016,0.0009423186,0.0,0.30635482,0.759009
1428,35.15666,0.0,21.202978,43.283016,0.00089915935,0.0,0.31683287,0.75900745
1429,29.651932,0.0,31.900215,43.283012,0.0016043528,0.0,0.27908605,0.759006
1430,44.405388,0.0,59.218784,43.28297,0.0013963338,0.0,0.26867673,0.75900453
1431,57.42298,0.0,24.132866,43.28289,0.0009153659,0.0,0.35746336,0.7590031
1432,30.696476,0.0,26.84871,43.282825,0.0010140936,0.0,0.31747666,0.7590015
1433,33.887207,0.0,24.022217,43.282772,0.0009711237,0.0,0.3160984,0.75899994
1434,39.06368,0.0,21.107347,43.282715,0.0011492667,0.0,0.31782565,0.7589984
1435,32.62711,0.0,30.633484,43.282654,0.0011507616,0.0,0.32098323,0.7589968
1436,51.71996,0.0,15.816227,43.282604,0.0011046622,0.0,0.33500275,0.7589953
1437,37.615795,0.0,17.158419,43.282574,0.000862536,0.0,0.3125298,0.75899374
1438,43.5329,0.0,28.843973,43.282562,0.0010058596,0.0,0.3359867,0.75899214
1439,35.72582,0.0,30.566198,43.282585,0.0009839649,0.0,0.3359203,0.75899047
1440,40.62323,0.0,38.91711,43.28262,0.001458988,0.0,0.3492717,0.7589889
1441,40.0969,0.0,18.034485,43.282753,0.0012550876,0.0,0.3181731,0.75898725
1442,42.84299,0.0,28.862411,43.28289,0.0012644227,0.0,0.31982028,0.75898564
1443,41.23251,0.0,17.213442,43.28306,0.0008899783,0.0,0.3029523,0.75898415
1444,34.04305,0.0,23.5702,43.28319,0.0011434027,0.0,0.32746476,0.7589824
1445,29.854546,0.0,24.982206,43.28333,0.0010110836,0.0,0.2774187,0.7589809
1446,40.852272,0.0,16.81019,43.283436,0.0011096012,0.0,0.33744702,0.7589793
1447,30.508448,0.0,18.378136,43.283546,0.0012807876,0.0,0.33145913,0.7589752
1448,28.095964,0.0,28.196884,43.283615,0.0012146668,0.0,0.32472286,0.7589714
1449,36.45206,0.0,23.771778,43.283726,0.0013290936,0.0,0.32387346,0.758968
1450,24.86374,0.0,23.347782,43.283855,0.0012664621,0.0,0.3169405,0.75896466
1451,43.965355,0.0,26.847797,43.283962,0.0010174853,0.0,0.2982891,0.75896156
1452,34.9795,0.0,32.50436,43.284046,0.0010488371,0.0,0.30593914,0.75895864
1453,30.038782,0.0,38.865276,43.284134,0.0007651312,0.0,0.35243714,0.7589563
1454,36.26377,0.0,32.73297,43.284176,0.000863102,0.0,0.27679178,0.7589541
1455,28.125408,0.0,76.51528,43.284138,0.0014664552,0.0,0.32174718,0.75895196
1456,38.33754,0.0,13.773206,43.284027,0.0012336636,0.0,0.27832723,0.75895023
1457,43.93116,0.0,32.063656,43.283947,0.0010225992,0.0,0.3000654,0.7589547
1458,37.22324,0.0,32.09117,43.283928,0.001172488,0.0,0.30845425,0.75895864
1459,32.642292,0.0,24.259506,43.283924,0.0012279861,0.0,0.32353607,0.7589627
1460,66.64631,0.0,43.90386,43.283928,0.0011934489,0.0,0.30679277,0.7589664
1461,56.498608,0.0,30.425545,43.28396,0.000861504,0.0,0.3077122,0.7589695
1462,24.337305,0.0,22.560503,43.28397,0.00096772605,0.0,0.35791767,0.7589774
1463,25.283268,0.0,33.91104,43.283966,0.0012077373,0.0,0.33629966,0.75898457
1464,35.735813,0.0,20.042355,43.283962,0.00072734867,0.0,0.32937953,0.75899166
1465,28.981876,0.0,20.60709,43.283924,0.00087111583,0.0,0.34073147,0.758998
1466,55.862926,0.0,26.853415,43.28392,0.00080194464,0.0,0.35406873,0.75900364
1467,47.359154,0.0,28.013779,43.283928,0.0007480158,0.0,0.32122552,0.7590087
1468,39.187595,0.0,17.590227,43.283966,0.0008535221,0.0,0.28820723,0.7590132
1469,29.691381,0.0,27.02198,43.283997,0.0010457359,0.0,0.30738047,0.7590171
1470,32.20105,0.0,36.462997,43.284035,0.00097100413,0.0,0.2981465,0.7590206
1471,26.604773,0.0,25.285746,43.284103,0.0009410425,0.0,0.34074998,0.75902796
1472,32.36114,0.0,32.19638,43.284214,0.0010611019,0.0,0.33550987,0.75903463
1473,42.47277,0.0,26.051733,43.284374,0.0008406545,0.0,0.32316732,0.7590406
1474,48.226696,0.0,26.248665,43.28452,0.0010940522,0.0,0.35175198,0.75904685
1475,49.537727,0.0,22.691296,43.284657,0.00085367134,0.0,0.36388263,0.759052
1476,37.716595,0.0,20.699892,43.284786,0.0010654684,0.0,0.33689362,0.75905645
1477,34.387005,0.0,25.846792,43.284885,0.0011185035,0.0,0.33459812,0.75906044
1478,45.783463,0.0,20.020369,43.284985,0.001075317,0.0,0.28917986,0.7590639
1479,30.63239,0.0,41.18827,43.285065,0.0010639847,0.0,0.3177778,0.7590669
1480,43.81102,0.0,23.632748,43.28505,0.001104771,0.0,0.34437537,0.7590694
1481,31.426012,0.0,34.080673,43.285057,0.0007336892,0.0,0.30120778,0.75907147
1482,33.70406,0.0,23.236767,43.285034,0.0013250455,0.0,0.3209825,0.7590733
1483,37.60119,0.0,14.963423,43.285007,0.0012578054,0.0,0.29868954,0.7590702
1484,42.096443,0.0,22.835018,43.28504,0.0011261738,0.0,0.3500193,0.75906724
1485,48.086643,0.0,24.384432,43.285038,0.0010166808,0.0,0.31078994,0.75906444
1486,54.89582,0.0,27.505234,43.285034,0.001065734,0.0,0.35842618,0.759062
1487,25.470919,0.0,20.241804,43.28507,0.00081866,0.0,0.32466242,0.75905967
1488,39.6283,0.0,26.640657,43.285076,0.0008684057,0.0,0.32504934,0.7590573
1489,48.877247,0.0,34.705044,43.285088,0.0010512087,0.0,0.30971912,0.7590552
1490,45.34714,0.0,17.658657,43.2851,0.000784327,0.0,0.29504347,0.7590533
1491,29.394848,0.0,18.991348,43.285133,0.0009401715,0.0,0.30226982,0.7590485
1492,20.635399,0.0,50.211906,43.285175,0.0012877786,0.0,0.30884752,0.75904423
1493,30.508972,0.0,20.690102,43.285248,0.00093365245,0.0,0.31337547,0.7590404
1494,51.893955,0.0,31.719267,43.28531,0.0009767164,0.0,0.313364,0.7590366
1495,39.121662,0.0,24.811907,43.285385,0.00078512914,0.0,0.35791683,0.7590333
1496,37.15271,0.0,23.918055,43.285454,0.0011988415,0.0,0.30385995,0.75903004
1497,36.776985,0.0,18.926714,43.285507,0.0011047673,0.0,0.2986407,0.7590271
1498,43.70993,0.0,30.33339,43.285503,0.0008223883,0.0,0.32229584,0.75902426
1499,41.911266,0.0,20.065329,43.285454,0.000938923,0.0,0.34547126,0.75902146
1500,57.447998,0.0,25.647356,43.28542,0.0008526584,0.0,0.32536876,0.759023
1501,32.56813,0.0,25.056488,43.285374,0.0009920304,0.0,0.30383754,0.7590243
1502,34.81575,0.0,20.493313,43.285313,0.001223136,0.0,0.2977588,0.7590279
1503,32.245068,0.0,42.739338,43.285267,0.001052109,0.0,0.32200015,0.75903124
1504,57.532364,0.0,21.237646,43.2852,0.0011271903,0.0,0.32732886,0.75903404
1505,25.611425,0.0,17.744637,43.28509,0.00096370204,0.0,0.3282733,0.7590364
1506,59.61128,0.0,38.29802,43.284992,0.0014247764,0.0,0.2954017,0.7590384
1507,44.964848,0.0,20.808928,43.28494,0.00091546023,0.0,0.3173575,0.7590401
1508,24.973438,0.0,27.89416,43.284832,0.0011253754,0.0,0.3069919,0.7590461
1509,32.485683,0.0,25.271738,43.28477,0.0013277978,0.0,0.3155176,0.7590513
1510,37.802765,0.0,37.3587,43.28471,0.0008306943,0.0,0.2908434,0.75905615
1511,28.746233,0.0,22.960873,43.28467,0.0011586105,0.0,0.29249159,0.75906026
1512,23.844084,0.0,14.485899,43.284622,0.0015616184,0.0,0.35430956,0.75906384
1513,36.149918,0.0,40.825943,43.284584,0.00095524563,0.0,0.3325547,0.7590669
1514,27.834715,0.0,32.590405,43.28454,0.0018051786,0.0,0.33054787,0.75906956
1515,45.893948,0.0,29.091671,43.284492,0.0009446111,0.0,0.31025535,0.7590718
1516,38.770744,0.0,31.060719,43.284378,0.0013178296,0.0,0.3313148,0.7590736
1517,29.102392,0.0,32.671524,43.284317,0.0013397434,0.0,0.32432866,0.75907516
1518,29.343615,0.0,27.55173,43.28427,0.0010741901,0.0,0.32126972,0.75907636
1519,30.742956,0.0,20.091356,43.28424,0.0008401696,0.0,0.32147133,0.75907695
1520,58.61112,0.0,46.381443,43.28422,0.001173961,0.0,0.33676046,0.7590774
1521,20.748894,0.0,21.180471,43.28432,0.0012376329,0.0,0.32156894,0.7590776
1522,43.15755,0.0,28.393997,43.284378,0.00094385154,0.0,0.29399353,0.7590776
1523,27.400805,0.0,26.635542,43.28437,0.0010951704,0.0,0.35349196,0.75907767
1524,38.615845,0.0,22.812553,43.284348,0.00084864785,0.0,0.308195,0.7590776
1525,30.618456,0.0,24.623636,43.28432,0.0014388994,0.0,0.33458647,0.75907737
1526,38.408657,0.0,23.79357,43.284294,0.0010484068,0.0,0.3369059,0.7590769
1527,37.012,0.0,29.541838,43.28431,0.0012486252,0.0,0.32705396,0.7590766
1528,29.013773,0.0,24.438744,43.28431,0.00082918524,0.0,0.31065357,0.75907606
1529,43.001587,0.0,20.861755,43.28432,0.0009783613,0.0,0.33468986,0.7590756
1530,30.604952,0.0,31.003784,43.284378,0.00087822386,0.0,0.31695792,0.75907487
1531,32.314354,0.0,34.319992,43.28442,0.0010085916,0.0,0.28376728,0.75907403
1532,42.016525,0.0,23.039698,43.284515,0.0010759211,0.0,0.3126076,0.7590732
1533,38.344242,0.0,24.8931,43.284603,0.0013182114,0.0,0.3319059,0.75907236
1534,32.40768,0.0,25.147898,43.284653,0.0014735376,0.0,0.29039216,0.75907147
1535,36.930443,0.0,17.07884,43.28468,0.0012027724,0.0,0.36862868,0.7590705
1536,38.00559,0.0,20.406782,43.28468,0.0012984233,0.0,0.3215287,0.7590701
1537,54.94851,0.0,26.7717,43.284695,0.0013557182,0.0,0.3299112,0.7590697
1538,38.819923,0.0,19.896578,43.2847,0.0012452756,0.0,0.30244806,0.75906914
1539,38.048717,0.0,38.16134,43.284718,0.0014510979,0.0,0.32565558,0.7590685
1540,36.270454,0.0,34.157036,43.28473,0.0009815979,0.0,0.31870735,0.7590678
1541,41.94969,0.0,19.912842,43.28479,0.0011185466,0.0,0.3348825,0.759067
1542,54.270123,0.0,21.19441,43.284832,0.0011293218,0.0,0.32494077,0.7590661
1543,42.59077,0.0,23.867834,43.284897,0.0010418931,0.0,0.33094317,0.75906515
1544,38.94673,0.0,17.91888,43.28496,0.001002392,0.0,0.3175686,0.7590627
1545,45.029274,0.0,15.351746,43.284977,0.0009533038,0.0,0.3015934,0.7590604
1546,33.08783,0.0,34.99389,43.285,0.0012540951,0.0,0.3287211,0.7590582
1547,38.19369,0.0,20.846815,43.285057,0.0010871682,0.0,0.31607834,0.75905603
1548,35.685112,0.0,22.352236,43.28512,0.0012840022,0.0,0.32323414,0.75905395
1549,39.14072,0.0,22.603405,43.28516,0.0012107708,0.0,0.30371058,0.759052
1550,53.606186,0.0,29.660633,43.285194,0.0009110295,0.0,0.28636813,0.75904995
1551,39.066917,0.0,24.677517,43.285206,0.00146555,0.0,0.33480966,0.75904894
1552,45.269573,0.0,21.098017,43.2852,0.0009680246,0.0,0.3352669,0.75904787
1553,37.841328,0.0,21.94542,43.28518,0.0010455454,0.0,0.31670016,0.7590469
1554,41.159737,0.0,17.338448,43.285122,0.0010035872,0.0,0.29630074,0.75904584
1555,29.818638,0.0,28.169853,43.285057,0.0012069133,0.0,0.33414656,0.7590447
1556,54.341785,0.0,19.901299,43.284946,0.00096680195,0.0,0.34426165,0.759041
1557,26.870907,0.0,16.272633,43.28483,0.0013571394,0.0,0.3464539,0.7590373
1558,42.133324,0.0,21.581184,43.284737,0.0009993952,0.0,0.31600827,0.7590337
1559,34.476044,0.0,35.616123,43.28465,0.0008530448,0.0,0.30275673,0.7590304
1560,36.696354,0.0,24.045109,43.28468,0.0014694575,0.0,0.35385132,0.75902724
1561,31.199556,0.0,23.10631,43.28467,0.0013142573,0.0,0.35666132,0.75902426
1562,26.913788,0.0,21.887796,43.284668,0.0011464037,0.0,0.31117785,0.75902003
1563,40.43546,0.0,22.661995,43.28466,0.0013655731,0.0,0.33078083,0.7590153
1564,45.410435,0.0,24.748634,43.28465,0.0011724231,0.0,0.33489832,0.7590111
1565,35.680218,0.0,19.10618,43.28471,0.0008970535,0.0,0.3122402,0.7590069
1566,31.19305,0.0,24.027699,43.284767,0.0013844443,0.0,0.33162746,0.75900304
1567,45.39052,0.0,22.684343,43.28483,0.0013067033,0.0,0.29494295,0.75899917
1568,38.75889,0.0,23.196802,43.28487,0.0012061254,0.0,0.32486117,0.7589957
1569,47.00278,0.0,20.10278,43.284916,0.0013111783,0.0,0.32526088,0.7589924
1570,33.579273,0.0,20.686506,43.28495,0.0014667984,0.0,0.31705064,0.75898945
1571,42.570045,0.0,23.859179,43.28499,0.0010137925,0.0,0.28370833,0.7589868
1572,50.919746,0.0,20.304825,43.284996,0.0011049928,0.0,0.34316164,0.7589841
1573,47.415913,0.0,20.669283,43.285038,0.001141089,0.0,0.31209743,0.7589816
1574,33.84089,0.0,28.05658,43.285103,0.0011973501,0.0,0.31224728,0.75897914
1575,60.43799,0.0,32.975563,43.285137,0.0011922638,0.0,0.29665327,0.7589696
1576,40.222065,0.0,21.526575,43.28518,0.0008101034,0.0,0.31812492,0.75896114
1577,30.508438,0.0,24.204243,43.285168,0.0012114503,0.0,0.28193215,0.75895345
1578,29.869617,0.0,21.5041,43.28512,0.0012337649,0.0,0.3289482,0.7589464
1579,49.190002,0.0,18.378227,43.28506,0.0012153019,0.0,0.33545113,0.75894004
1580,42.884552,0.0,25.812344,43.285007,0.0010354681,0.0,0.30520782,0.7589342
1581,25.903673,0.0,29.09005,43.28494,0.0012809377,0.0,0.3198406,0.75892884
1582,39.520393,0.0,26.861454,43.28485,0.0013414299,0.0,0.33167797,0.75892395
1583,43.7806,0.0,31.914942,43.284775,0.0012754358,0.0,0.34297085,0.7589154
1584,29.583834,0.0,22.984606,43.284687,0.00086827524,0.0,0.31010872,0.75890756
1585,50.21539,0.0,23.97022,43.284603,0.0010044598,0.0,0.34849912,0.7589004
1586,32.219715,0.0,23.90052,43.284504,0.0010674321,0.0,0.36893559,0.7588938
1587,53.288532,0.0,18.830034,43.28443,0.0008375308,0.0,0.32351613,0.7588875
1588,33.212498,0.0,16.663132,43.28438,0.0009836855,0.0,0.35627112,0.758882
1589,53.82119,0.0,27.404747,43.284317,0.0010164133,0.0,0.3209311,0.75887674
1590,36.727554,0.0,22.407528,43.284206,0.0011903443,0.0,0.29161486,0.75887173
1591,43.74885,0.0,20.952705,43.28412,0.0014058792,0.0,0.33437026,0.7588672
1592,43.995907,0.0,55.66025,43.284042,0.0009391114,0.0,0.2864059,0.758863
1593,48.975285,0.0,24.890768,43.284096,0.0009971021,0.0,0.28759453,0.758859
1594,45.28876,0.0,34.767178,43.28415,0.0013381885,0.0,0.33971423,0.7588552
1595,40.537956,0.0,33.314487,43.28414,0.001115993,0.0,0.313436,0.75885195
1596,31.118603,0.0,22.370077,43.28411,0.0011340026,0.0,0.32217193,0.75884885
1597,39.956474,0.0,17.732048,43.284058,0.00093907176,0.0,0.33140847,0.75884587
1598,32.98732,0.0,30.036474,43.284027,0.0011437964,0.0,0.31493968,0.7588431
1599,37.49188,0.0,18.533653,43.28401,0.0010674901,0.0,0.33295906,0.7588405
1600,39.100815,0.0,29.48779,43.284023,0.0011150022,0.0,0.36506814,0.7588379
1601,27.376863,0.0,28.732132,43.28405,0.0010667052,0.0,0.2945521,0.75883543
1602,44.786865,0.0,24.47118,43.284077,0.001073882,0.0,0.28995073,0.75883293
1603,56.473198,0.0,43.5764,43.284107,0.00099646,0.0,0.3271038,0.7588307
1604,28.217773,0.0,23.663408,43.28406,0.00087298895,0.0,0.31024763,0.7588281
1605,38.445965,0.0,26.94951,43.28403,0.00089631294,0.0,0.3188982,0.7588257
1606,55.487457,0.0,23.198486,43.28397,0.0009147284,0.0,0.32775378,0.75882334
1607,31.58807,0.0,28.839872,43.283928,0.0009905901,0.0,0.29466686,0.75882107
1608,36.74852,0.0,32.592457,43.28389,0.0013383769,0.0,0.32618755,0.7588189
1609,34.179073,0.0,23.070255,43.283817,0.0008833156,0.0,0.29404956,0.7588167
1610,27.303585,0.0,21.371193,43.283764,0.0010017168,0.0,0.30010822,0.7588147
1611,34.476383,0.0,21.23566,43.283733,0.00076142605,0.0,0.34452805,0.7588127
1612,29.376038,0.0,17.100183,43.2837,0.0011721756,0.0,0.32847953,0.758812
1613,39.6055,0.0,24.119938,43.283676,0.00093599875,0.0,0.31598204,0.7588113
1614,45.64396,0.0,27.079239,43.283688,0.0009682248,0.0,0.32706234,0.7588104
1615,35.918488,0.0,18.176441,43.283684,0.00092632766,0.0,0.29105234,0.7588095
1616,50.06695,0.0,23.400642,43.28367,0.0011111961,0.0,0.32125318,0.75881684
1617,31.777742,0.0,24.595165,43.283657,0.0012211947,0.0,0.32165843,0.7588233
1618,51.48509,0.0,31.41007,43.283665,0.00086598215,0.0,0.30353647,0.75882924
1619,33.18626,0.0,27.124853,43.283695,0.0009554174,0.0,0.3122233,0.7588343
1620,41.48115,0.0,38.985104,43.28372,0.0010952464,0.0,0.3649437,0.7588388
1621,66.62224,0.0,20.151087,43.283813,0.0013240268,0.0,0.29461414,0.7588437
1622,28.829374,0.0,15.801919,43.283916,0.0010726638,0.0,0.29097214,0.75884795
1623,29.386772,0.0,56.11656,43.284027,0.0010578966,0.0,0.33482546,0.75885355
1624,32.824482,0.0,12.615932,43.284058,0.0008643802,0.0,0.3109264,0.75885844
1625,45.942062,0.0,28.144985,43.2841,0.0012353188,0.0,0.3054958,0.75886285
1626,38.970444,0.0,26.83459,43.28411,0.0011314976,0.0,0.31415212,0.75886667
1627,35.927513,0.0,23.056328,43.284084,0.0011817,0.0,0.3080497,0.7588699
1628,42.717083,0.0,22.603271,43.284058,0.00093067455,0.0,0.34672722,0.75887275
1629,47.388416,0.0,35.43154,43.284027,0.0008667159,0.0,0.3547625,0.7588749
1630,39.923927,0.0,25.202038,43.28397,0.0009001739,0.0,0.32611784,0.7588771
1631,28.847494,0.0,24.098917,43.283897,0.0009043884,0.0,0.33941317,0.75887877
1632,29.969717,0.0,19.17768,43.28385,0.0012333085,0.0,0.31284818,0.75888014
1633,24.783218,0.0,27.74005,43.283817,0.0007663341,0.0,0.30952325,0.75888115
1634,30.134436,0.0,18.452454,43.283756,0.00095384655,0.0,0.32275614,0.7588821
1635,46.0137,0.0,21.175964,43.283695,0.0011830971,0.0,0.2839319,0.75888264
1636,41.080242,0.0,55.727474,43.283638,0.00085298007,0.0,0.32730985,0.758883
1637,42.980858,0.0,31.64569,43.28365,0.0009180705,0.0,0.31156623,0.7588832
1638,37.514763,0.0,28.480295,43.28371,0.0010665851,0.0,0.32407042,0.7588832
1639,36.831142,0.0,20.05099,43.28375,0.0014171692,0.0,0.32834125,0.75888306
1640,34.874523,0.0,21.516167,43.283787,0.0010792344,0.0,0.3091099,0.75888276
1641,31.763838,0.0,16.91748,43.283848,0.0009147809,0.0,0.30299804,0.75888234
1642,42.100536,0.0,16.068155,43.28394,0.0009035845,0.0,0.2971862,0.7588821
1643,35.372055,0.0,17.561613,43.284,0.0010627782,0.0,0.28687525,0.7588818
1644,27.65179,0.0,28.651497,43.28404,0.001281996,0.0,0.32075882,0.7588813
1645,41.061077,0.0,19.769983,43.284103,0.0008500846,0.0,0.31602007,0.7588808
1646,36.583897,0.0,17.3364,43.284184,0.001358103,0.0,0.33384094,0.75888014
1647,41.150066,0.0,18.408129,43.284252,0.0011000372,0.0,0.32875025,0.75887936
1648,27.615276,0.0,23.321943,43.284306,0.0009428041,0.0,0.32325146,0.75887847
1649,30.92459,0.0,15.581148,43.28436,0.0009487225,0.0,0.30647665,0.7588797
1650,45.47846,0.0,18.37561,43.284405,0.00093125924,0.0,0.31669807,0.75888073
1651,41.75765,0.0,44.409573,43.284454,0.0010323523,0.0,0.33309627,0.7588814
1652,38.93562,0.0,23.932327,43.284515,0.00081298983,0.0,0.34373432,0.75888187
1653,63.335163,0.0,20.13811,43.284554,0.0011638864,0.0,0.31784007,0.75887007
1654,25.91363,0.0,37.15702,43.284607,0.0013568549,0.0,0.3333674,0.75885946
1655,20.89,0.0,17.920515,43.284687,0.0008677136,0.0,0.30667138,0.75884986
1656,33.09212,0.0,27.24093,43.284767,0.0010828472,0.0,0.32657206,0.758841
1657,33.2326,0.0,23.780355,43.284885,0.0012285679,0.0,0.29678053,0.75883293
1658,36.380085,0.0,29.330076,43.284996,0.0012364469,0.0,0.37422976,0.75882566
1659,32.606583,0.0,28.060902,43.28506,0.0010519829,0.0,0.31739548,0.758819
1660,40.893864,0.0,28.763342,43.2851,0.0010276318,0.0,0.3272501,0.75881267
1661,29.74174,0.0,23.460958,43.285103,0.0016826013,0.0,0.30425578,0.75880706
1662,32.664528,0.0,16.933863,43.285107,0.0010960766,0.0,0.33292937,0.75880176
1663,26.16905,0.0,15.671796,43.28512,0.000774821,0.0,0.33058783,0.7587974
1664,27.917034,0.0,18.001875,43.285137,0.00078287814,0.0,0.3405503,0.75879335
1665,31.456808,0.0,34.368942,43.28515,0.0011444122,0.0,0.3415062,0.7587896
1666,40.7244,0.0,17.369316,43.28517,0.0011157229,0.0,0.34847623,0.758786
1667,42.80327,0.0,22.57248,43.285183,0.00082963204,0.0,0.31784138,0.75878435
1668,41.287495,0.0,34.09589,43.2852,0.0009589023,0.0,0.32647943,0.7587827
1669,36.731495,0.0,19.685194,43.285206,0.0013113411,0.0,0.30814788,0.7587811
1670,29.406115,0.0,24.173796,43.28525,0.0008870935,0.0,0.34206146,0.75878036
1671,40.114704,0.0,20.298986,43.285336,0.0014269169,0.0,0.31997362,0.75877947
1672,35.223972,0.0,20.123308,43.285393,0.001082093,0.0,0.32503286,0.7587785
1673,36.560856,0.0,19.936352,43.28543,0.0009835688,0.0,0.3231501,0.7587776
1674,30.233276,0.0,12.901833,43.285454,0.0010673753,0.0,0.30093002,0.7587766
1675,38.05924,0.0,17.529713,43.285454,0.0008552558,0.0,0.3239123,0.75877565
1676,44.862976,0.0,41.042015,43.285427,0.00094576384,0.0,0.34750646,0.75877535
1677,34.59152,0.0,27.705353,43.285515,0.0008893157,0.0,0.40965837,0.75877476
1678,39.30538,0.0,24.655384,43.285572,0.0009260496,0.0,0.30073696,0.7587743
1679,29.87495,0.0,18.722054,43.285606,0.00085452665,0.0,0.31900018,0.7587737
1680,52.34775,0.0,18.64555,43.285637,0.0012757414,0.0,0.33309466,0.758773
1681,27.828661,0.0,28.668135,43.285664,0.0009690485,0.0,0.2878016,0.7587735
1682,50.614746,0.0,22.171642,43.28567,0.00089334743,0.0,0.36603722,0.7587739
1683,39.202324,0.0,22.460558,43.285667,0.0009870668,0.0,0.33895597,0.7587767
1684,28.110905,0.0,35.312572,43.285645,0.0011031784,0.0,0.3253281,0.75877905
1685,40.652134,0.0,26.954205,43.285686,0.0010855712,0.0,0.3164016,0.7587811
1686,26.275408,0.0,19.4684,43.2857,0.0014579918,0.0,0.31934476,0.7587822
1687,49.17278,0.0,19.836103,43.285736,0.0008173449,0.0,0.3207624,0.7587831
1688,31.23024,0.0,22.11841,43.28578,0.0012178498,0.0,0.3348635,0.75878376
1689,49.626987,0.0,17.39266,43.28582,0.0012977961,0.0,0.33215737,0.7587842
1690,42.04702,0.0,27.4606,43.285843,0.0012888757,0.0,0.32880434,0.7587845
1691,31.037626,0.0,45.019135,43.28586,0.001035677,0.0,0.3508805,0.7587845
1692,23.573503,0.0,13.114116,43.285824,0.0011069204,0.0,0.34255227,0.75878435
1693,55.119785,0.0,27.777727,43.2858,0.0015216622,0.0,0.31858242,0.7587815
1694,38.022835,0.0,22.251272,43.285755,0.00094085233,0.0,0.3432238,0.75877887
1695,45.16054,0.0,38.344154,43.28569,0.0009551615,0.0,0.3292935,0.75877637
1696,53.060726,0.0,24.50294,43.285645,0.0010488514,0.0,0.31798202,0.75877404
1697,39.203533,0.0,19.686907,43.285564,0.0008575901,0.0,0.3235256,0.7587719
1698,40.954754,0.0,27.345064,43.285515,0.0006919908,0.0,0.316057,0.75876975
1699,29.049328,0.0,21.986374,43.28546,0.0015277676,0.0,0.33944917,0.7587678
1700,36.591347,0.0,31.722136,43.285397,0.0010598962,0.0,0.3020715,0.7587659
1701,32.569046,0.0,35.327194,43.285374,0.0011643067,0.0,0.35087812,0.7587641
1702,36.38915,0.0,15.122963,43.285305,0.0009855136,0.0,0.3264465,0.75876176
1703,32.17357,0.0,22.023087,43.28523,0.00084365474,0.0,0.32374275,0.7587597
1704,34.353794,0.0,16.393562,43.28517,0.0010435841,0.0,0.31991404,0.7587595
1705,28.794039,0.0,23.164919,43.285122,0.00090994604,0.0,0.3278422,0.75875926
1706,33.906235,0.0,37.36879,43.28506,0.00084895705,0.0,0.31565028,0.7587589
1707,47.352554,0.0,34.38258,43.285038,0.0008454609,0.0,0.29073164,0.75875837
1708,41.449306,0.0,21.265213,43.284992,0.0009781651,0.0,0.28737944,0.7587579
1709,41.77516,0.0,21.51365,43.284966,0.0009619339,0.0,0.31143996,0.7587573
1710,43.73564,0.0,22.658655,43.28496,0.0008766066,0.0,0.37124547,0.7587567
1711,43.833008,0.0,35.11581,43.284927,0.0016184233,0.0,0.33180332,0.75875527
1712,30.314209,0.0,21.542107,43.284878,0.0014093148,0.0,0.33388707,0.7587538
1713,37.90761,0.0,38.378563,43.284824,0.0009638113,0.0,0.33768487,0.75875217
1714,39.47634,0.0,18.514536,43.28479,0.00080217316,0.0,0.32861376,0.7587508
1715,38.82049,0.0,20.959164,43.28474,0.00095056085,0.0,0.33366472,0.7587493
1716,45.815895,0.0,16.494211,43.284683,0.0012088218,0.0,0.30539465,0.7587478
1717,49.607136,0.0,38.567432,43.28463,0.0012365454,0.0,0.31617802,0.7587463
1718,44.785378,0.0,41.41067,43.284607,0.00097133726,0.0,0.33245158,0.7587453
1719,84.863045,0.0,23.475004,43.284603,0.0010301492,0.0,0.3361693,0.7587441
1720,36.61822,0.0,25.221066,43.2846,0.0016275555,0.0,0.32075056,0.758743
1721,43.5122,0.0,19.276163,43.284584,0.0012843385,0.0,0.32681865,0.7587418
1722,32.487038,0.0,28.739788,43.284557,0.0007790149,0.0,0.31225383,0.7587401
1723,26.660156,0.0,25.585503,43.284565,0.0010432128,0.0,0.33771968,0.7587385
1724,29.099495,0.0,21.442455,43.284534,0.0013857586,0.0,0.2928864,0.75873697
1725,49.86265,0.0,20.002985,43.284504,0.0010843286,0.0,0.32438374,0.7587367
1726,46.125362,0.0,27.546122,43.284477,0.0010949005,0.0,0.32154647,0.7587364
1727,34.004143,0.0,29.237108,43.284462,0.0011662384,0.0,0.33567104,0.75873595
1728,55.181328,0.0,18.55761,43.284428,0.0008321993,0.0,0.28914937,0.75873536
1729,76.49332,0.0,35.25023,43.284386,0.0010865628,0.0,0.29486674,0.75872916
1730,52.68588,0.0,24.59622,43.28433,0.0010640089,0.0,0.2959476,0.75872344
1731,25.304947,0.0,37.805862,43.28429,0.0008674168,0.0,0.33575022,0.7587181
1732,21.80531,0.0,14.880468,43.28425,0.0012629665,0.0,0.33521137,0.7587132
1733,24.871021,0.0,22.050688,43.284237,0.0012324187,0.0,0.31295174,0.75870866
1734,31.212769,0.0,24.463,43.28423,0.0010027017,0.0,0.29417723,0.7587045
1735,59.286755,0.0,21.057693,43.284233,0.0014403558,0.0,0.31775957,0.75870055
1736,29.529703,0.0,22.851053,43.284206,0.001094131,0.0,0.32441917,0.75869685
1737,44.99728,0.0,22.462084,43.284187,0.0011433365,0.0,0.32209203,0.7586934
1738,43.554974,0.0,21.396524,43.284145,0.0010437334,0.0,0.28883052,0.75869083
1739,34.460724,0.0,26.331324,43.284103,0.0011471298,0.0,0.3400113,0.7586884
1740,36.73688,0.0,17.356949,43.28413,0.0012809001,0.0,0.35631666,0.75868624
1741,33.739437,0.0,21.844454,43.28415,0.0010524672,0.0,0.32888067,0.7586842
1742,32.775562,0.0,15.625982,43.284157,0.0010852457,0.0,0.3528572,0.7586822
1743,31.986095,0.0,21.453224,43.284172,0.0009396367,0.0,0.3413639,0.75868016
1744,54.765884,0.0,25.027905,43.28416,0.0016148769,0.0,0.29268628,0.75867826
1745,40.372986,0.0,27.635588,43.284145,0.0012980925,0.0,0.3129565,0.75867635
1746,34.77831,0.0,46.1601,43.28411,0.0011215357,0.0,0.32137436,0.7586745
1747,29.554453,0.0,23.473703,43.284042,0.0010631203,0.0,0.33909708,0.7586722
1748,36.63773,0.0,18.694677,43.283978,0.0012870291,0.0,0.2918839,0.7586701
1749,33.061737,0.0,38.095703,43.28391,0.0012044302,0.0,0.32825235,0.7586681
1750,34.667286,0.0,17.802092,43.28386,0.0012755586,0.0,0.33937496,0.75866616
1751,43.259197,0.0,16.728247,43.283833,0.0010354675,0.0,0.32834697,0.75866425
1752,42.97458,0.0,27.514605,43.28383,0.0012199358,0.0,0.3499753,0.7586598
1753,56.320602,0.0,21.475084,43.283768,0.0010359988,0.0,0.30448917,0.7586557
1754,37.311604,0.0,22.357584,43.28375,0.001113083,0.0,0.30070466,0.758652
1755,34.197964,0.0,37.029816,43.283756,0.0009797276,0.0,0.31533816,0.7586485
1756,40.008575,0.0,18.280663,43.283775,0.0011046021,0.0,0.32289726,0.7586452
1757,38.542053,0.0,22.514368,43.28381,0.0011353611,0.0,0.36702308,0.75864273
1758,38.117374,0.0,23.466053,43.283882,0.0012253323,0.0,0.32705307,0.7586411
1759,40.76302,0.0,25.475143,43.283947,0.002081478,0.0,0.322542,0.7586416
1760,27.20727,0.0,19.533138,43.283966,0.0009702719,0.0,0.31156844,0.7586421
1761,40.135754,0.0,18.321806,43.284004,0.0010522173,0.0,0.29789203,0.75864285
1762,37.484814,0.0,29.096745,43.284058,0.001083408,0.0,0.33970207,0.7586435
1763,38.13662,0.0,28.030556,43.28407,0.001232828,0.0,0.332687,0.75864416
1764,37.059097,0.0,26.5104,43.284058,0.0009326753,0.0,0.31097198,0.7586446
1765,33.253414,0.0,24.164356,43.284008,0.0011455684,0.0,0.3161714,0.7586449
1766,28.196129,0.0,28.954351,43.28397,0.0014343158,0.0,0.33236837,0.7586451
1767,48.905827,0.0,24.569498,43.28391,0.0013048251,0.0,0.33242798,0.75864404
1768,31.292215,0.0,32.70477,43.283817,0.00088341243,0.0,0.3150839,0.75864285
1769,39.091614,0.0,20.862566,43.28375,0.00093336374,0.0,0.35796258,0.75864285
1770,25.553753,0.0,31.296577,43.28367,0.0008558614,0.0,0.28673196,0.7586428
1771,31.564165,0.0,27.755611,43.283566,0.0012014813,0.0,0.36196014,0.7586427
1772,27.366997,0.0,40.66976,43.283463,0.0010815836,0.0,0.37272108,0.7586424
1773,39.315163,0.0,26.479492,43.28328,0.001283202,0.0,0.33985418,0.758642
1774,44.210716,0.0,15.52338,43.283108,0.00087526784,0.0,0.3112557,0.7586415
1775,32.486706,0.0,20.597445,43.282967,0.0011998119,0.0,0.31540832,0.75864094
1776,33.408188,0.0,18.289953,43.28287,0.0010492147,0.0,0.3112439,0.758639
1777,36.693394,0.0,28.712046,43.282764,0.00095867726,0.0,0.34452888,0.75863713
1778,46.425213,0.0,19.653126,43.28272,0.0010014824,0.0,0.35735795,0.7586354
1779,44.110897,0.0,26.872667,43.28268,0.0010602148,0.0,0.32403386,0.75863355
1780,34.808887,0.0,26.685532,43.282627,0.0012028429,0.0,0.30416247,0.75863284
1781,38.840664,0.0,20.809822,43.28261,0.00097654946,0.0,0.33118066,0.75863206
1782,36.7666,0.0,16.334871,43.282608,0.0015582254,0.0,0.3332429,0.75863117
1783,45.547184,0.0,18.948978,43.282604,0.0008054371,0.0,0.34936532,0.7586303
1784,41.897556,0.0,13.905388,43.2826,0.00080110336,0.0,0.33870566,0.7586293
1785,32.88908,0.0,20.393322,43.28261,0.0010800194,0.0,0.32385454,0.75862837
1786,30.63999,0.0,26.676474,43.282627,0.0012976073,0.0,0.36445397,0.7586273
1787,32.92955,0.0,20.785276,43.282654,0.0013721966,0.0,0.3015126,0.7586262
1788,34.57785,0.0,22.913263,43.282646,0.0008930381,0.0,0.326913,0.75862503
1789,34.3194,0.0,26.182302,43.282692,0.0011212237,0.0,0.3377046,0.75862384
1790,43.4737,0.0,30.764791,43.28275,0.0010317815,0.0,0.30751124,0.75862265
1791,32.006866,0.0,26.77174,43.28274,0.0010050054,0.0,0.33108366,0.75862134
1792,32.4587,0.0,21.580746,43.282722,0.0011614,0.0,0.3243329,0.7586201
1793,32.238865,0.0,20.062178,43.28273,0.0010835258,0.0,0.31163973,0.7586187
1794,38.858723,0.0,20.299812,43.282764,0.0011675186,0.0,0.36246586,0.7586174
1795,38.09038,0.0,43.363087,43.2828,0.0009330439,0.0,0.3202143,0.75861603
1796,41.957363,0.0,21.292088,43.282806,0.0012214645,0.0,0.33124423,0.75861466
1797,35.240124,0.0,20.447418,43.282837,0.0011868498,0.0,0.34520492,0.7586132
1798,28.738058,0.0,21.392517,43.28287,0.00079628796,0.0,0.36718863,0.75861174
1799,51.403843,0.0,73.23908,43.282875,0.0010158252,0.0,0.35551697,0.7586184
1800,31.849129,0.0,19.25021,43.2829,0.0013531849,0.0,0.28684816,0.7586243
1801,44.349,0.0,23.977953,43.282887,0.0011807495,0.0,0.3098696,0.75862956
1802,48.094673,0.0,18.930128,43.282867,0.001024416,0.0,0.31077862,0.75863427
1803,40.71854,0.0,29.642078,43.282875,0.00087716,0.0,0.32092476,0.7586385
1804,35.58005,0.0,27.7819,43.282917,0.0010109298,0.0,0.35354906,0.7586421
1805,32.345726,0.0,18.176867,43.28298,0.0010337725,0.0,0.3193683,0.75865525
1806,59.63729,0.0,34.168915,43.28304,0.0014025602,0.0,0.32578716,0.7586671
1807,49.330467,0.0,23.477297,43.283062,0.0010319412,0.0,0.3036166,0.7586778
1808,25.896217,0.0,40.329258,43.28307,0.0010982386,0.0,0.34011158,0.75868744
1809,47.136368,0.0,25.260498,43.28306,0.00090353796,0.0,0.3216376,0.758696
1810,61.438965,0.0,23.848686,43.28313,0.0010739706,0.0,0.3162319,0.75870365
1811,33.460182,0.0,18.997093,43.283226,0.0011247726,0.0,0.30168888,0.75871086
1812,27.460615,0.0,22.586166,43.283356,0.0012960518,0.0,0.32827505,0.75871724
1813,26.410416,0.0,18.680187,43.283516,0.0011975296,0.0,0.29853207,0.7587229
1814,33.808884,0.0,18.189798,43.28371,0.0009583341,0.0,0.30878028,0.75872785
1815,37.28872,0.0,34.502842,43.28391,0.0011358913,0.0,0.3081529,0.75873214
1816,25.577213,0.0,21.987701,43.28408,0.0012870594,0.0,0.28347394,0.75873595
1817,25.168547,0.0,38.373535,43.28423,0.0009614147,0.0,0.33372265,0.7587368
1818,37.205917,0.0,21.287601,43.28437,0.0008374752,0.0,0.33154878,0.7587409
1819,38.278088,0.0,19.151428,43.284462,0.001103949,0.0,0.3364625,0.75874466
1820,43.7045,0.0,15.421981,43.284527,0.0011201429,0.0,0.3113142,0.75874805
1821,39.241486,0.0,14.451844,43.284584,0.0009242638,0.0,0.33247972,0.75875115
1822,37.227203,0.0,31.95118,43.284634,0.0010744751,0.0,0.33032507,0.75875384
1823,36.943954,0.0,28.363745,43.284695,0.0010708653,0.0,0.30190343,0.7587562
1824,39.965355,0.0,21.634918,43.284786,0.0010131227,0.0,0.35275412,0.7587585
1825,33.068447,0.0,23.716124,43.28489,0.0011834444,0.0,0.3087874,0.75876045
1826,41.731087,0.0,26.023394,43.285023,0.0012557243,0.0,0.3104369,0.75876206
1827,66.84619,0.0,29.609404,43.285103,0.0011096752,0.0,0.29679942,0.75876355
1828,30.684319,0.0,24.216333,43.285187,0.0012786242,0.0,0.3409184,0.75876456
1829,41.57676,0.0,15.291099,43.285244,0.0011635257,0.0,0.34293637,0.7587655
1830,38.983448,0.0,23.448637,43.285294,0.0014016423,0.0,0.32858133,0.7587662
1831,30.874264,0.0,19.401896,43.285343,0.0010351487,0.0,0.33321446,0.758767
1832,45.680496,0.0,40.538956,43.285385,0.0013778242,0.0,0.3123126,0.7587676
1833,46.83538,0.0,32.582455,43.28537,0.00087824836,0.0,0.31913143,0.75876796
1834,42.223972,0.0,28.246265,43.285374,0.001267966,0.0,0.32895553,0.75876814
1835,50.029694,0.0,27.445114,43.285336,0.0008966266,0.0,0.36307168,0.758768
1836,32.937225,0.0,28.969706,43.285355,0.00086115836,0.0,0.3178691,0.7587677
1837,24.065731,0.0,34.97443,43.28539,0.0008262773,0.0,0.33205622,0.7587674
1838,42.662224,0.0,35.128265,43.285477,0.0011144667,0.0,0.3312775,0.75876766
1839,39.908463,0.0,35.20914,43.285595,0.0011334585,0.0,0.3498882,0.7587676
1840,54.82778,0.0,21.992323,43.285618,0.000919389,0.0,0.32147476,0.7587673
1841,39.1825,0.0,42.42991,43.285645,0.00083471875,0.0,0.32395014,0.7587669
1842,45.617405,0.0,38.12095,43.285606,0.0010639388,0.0,0.31129026,0.7587664
1843,41.729343,0.0,23.598202,43.285545,0.0009665514,0.0,0.32681084,0.75876707
1844,44.83347,0.0,19.136389,43.285465,0.0008020754,0.0,0.3258255,0.7587675
1845,36.766514,0.0,33.934376,43.285416,0.00081817096,0.0,0.30334583,0.75876546
1846,38.81018,0.0,38.848713,43.285416,0.00092564104,0.0,0.30819482,0.75876373
1847,38.025826,0.0,22.8288,43.28552,0.0012014115,0.0,0.3429379,0.75876206
1848,37.97884,0.0,27.946547,43.285614,0.0010207572,0.0,0.33860633,0.7587603
1849,23.443783,0.0,19.298067,43.285717,0.00091115327,0.0,0.3279031,0.75875866
1850,55.8597,0.0,36.53729,43.285767,0.00093303923,0.0,0.33414873,0.758757
1851,32.142284,0.0,25.443964,43.28578,0.0007118676,0.0,0.2958404,0.75875413
1852,25.264347,0.0,27.057096,43.285778,0.0010163594,0.0,0.32087743,0.75874907
1853,28.613407,0.0,21.293016,43.28576,0.00127351,0.0,0.3097058,0.75874424
1854,36.664246,0.0,16.76675,43.28574,0.0011776298,0.0,0.32416153,0.75874
1855,36.911755,0.0,29.704561,43.28572,0.0009976553,0.0,0.29077882,0.75873595
1856,37.282887,0.0,32.63553,43.285717,0.0010901138,0.0,0.2907055,0.7587343
1857,29.8239,0.0,23.846354,43.285713,0.0009086464,0.0,0.29981762,0.75873274
1858,32.46817,0.0,21.80005,43.285694,0.0007628766,0.0,0.3118164,0.7587308
1859,30.420605,0.0,41.43443,43.285694,0.0010838022,0.0,0.33668146,0.758729
1860,46.229794,0.0,22.484148,43.285755,0.0010194145,0.0,0.34506747,0.7587272
1861,27.934834,0.0,24.40411,43.285767,0.00078950485,0.0,0.33232567,0.7587243
1862,55.5805,0.0,30.547497,43.285816,0.00089943106,0.0,0.33146363,0.75872105
1863,32.796787,0.0,16.971533,43.285877,0.0012961887,0.0,0.31040892,0.75871795
1864,35.779762,0.0,21.01407,43.285904,0.0014027309,0.0,0.3276065,0.758716
1865,33.597446,0.0,18.244007,43.28592,0.0008540579,0.0,0.33315563,0.758714
1866,26.789343,0.0,26.330006,43.28594,0.0009883831,0.0,0.29979533,0.75871205
1867,46.005833,0.0,29.381126,43.285973,0.00083345757,0.0,0.31823325,0.7587099
1868,26.81269,0.0,28.527803,43.286007,0.0009681623,0.0,0.3429026,0.7587086
1869,37.541355,0.0,24.112946,43.286064,0.00065224443,0.0,0.30309868,0.7587073
1870,36.563564,0.0,22.097818,43.28615,0.0010558071,0.0,0.32246637,0.75870585
1871,28.343937,0.0,41.493984,43.286243,0.00075595814,0.0,0.33106697,0.75870764
1872,29.872332,0.0,24.007647,43.286366,0.0012536445,0.0,0.30057347,0.75870925
1873,35.960423,0.0,19.320393,43.286503,0.001007033,0.0,0.3408069,0.7587107
1874,49.716812,0.0,19.894133,43.28662,0.0010482654,0.0,0.3309207,0.7587118
1875,27.973349,0.0,47.4445,43.286736,0.0010549426,0.0,0.310189,0.75871265
1876,43.608635,0.0,22.938501,43.28689,0.0009936047,0.0,0.35311446,0.75871336
1877,24.360016,0.0,28.31515,43.28703,0.0012136011,0.0,0.3364641,0.7587139
1878,26.878801,0.0,27.751476,43.287148,0.0009665224,0.0,0.33608127,0.75871426
1879,53.314754,0.0,19.884007,43.28723,0.00090939616,0.0,0.32079995,0.7587143
1880,39.08067,0.0,22.485672,43.287308,0.0010255583,0.0,0.3311188,0.7587143
1881,50.94777,0.0,29.876307,43.287395,0.0011410355,0.0,0.34056187,0.75871414
1882,30.715612,0.0,20.009827,43.28745,0.0012701782,0.0,0.2887436,0.7587139
1883,31.183744,0.0,27.208307,43.287506,0.0011243329,0.0,0.30238628,0.75871366
1884,51.326164,0.0,23.282032,43.287567,0.0009466994,0.0,0.3079367,0.75871325
1885,62.929543,0.0,27.425346,43.287624,0.0011747775,0.0,0.3204664,0.7587127
1886,34.555695,0.0,15.307032,43.287624,0.00094710477,0.0,0.3262489,0.75871205
1887,32.84363,0.0,26.565634,43.287636,0.0012290557,0.0,0.37043095,0.7587114
1888,30.531681,0.0,32.182682,43.28762,0.0012170882,0.0,0.28783417,0.75871056
1889,53.280025,0.0,12.941416,43.287643,0.0011457945,0.0,0.40085337,0.7587096
1890,32.33249,0.0,19.468332,43.287636,0.0012042294,0.0,0.3121202,0.7587087
1891,26.90106,0.0,40.394062,43.28762,0.0014273594,0.0,0.29883587,0.75870764
1892,27.999533,0.0,20.594244,43.28758,0.001143752,0.0,0.3490373,0.7587066
1893,27.983723,0.0,27.90694,43.28754,0.0009301029,0.0,0.36955106,0.75870544
1894,38.188004,0.0,41.569363,43.28754,0.0010823789,0.0,0.3261866,0.75870436
1895,32.912468,0.0,16.864912,43.287563,0.00097234146,0.0,0.36669296,0.7587031
1896,32.368687,0.0,26.879627,43.287598,0.0011417835,0.0,0.31114215,0.75870156
1897,40.522003,0.0,20.069237,43.28763,0.0009793309,0.0,0.34657437,0.7586999
1898,37.067074,0.0,32.10378,43.287643,0.0010036884,0.0,0.31624004,0.75869966
1899,36.009586,0.0,33.297226,43.287655,0.0013608453,0.0,0.32518202,0.75869936
1900,42.567535,0.0,18.8234,43.28769,0.0012425743,0.0,0.31262726,0.7586989
1901,46.94061,0.0,23.531918,43.28772,0.0011942292,0.0,0.34883127,0.7586982
1902,33.41296,0.0,14.036914,43.287746,0.0008594144,0.0,0.32905594,0.7586975
1903,25.86043,0.0,23.04984,43.287777,0.0013395473,0.0,0.3204676,0.7586975
1904,29.08704,0.0,17.408415,43.287754,0.0009757655,0.0,0.32470676,0.7586974
1905,42.79182,0.0,26.818651,43.2877,0.0011758253,0.0,0.32748127,0.75869733
1906,29.778337,0.0,44.24577,43.287663,0.0011047911,0.0,0.29602692,0.7586969
1907,25.82083,0.0,13.997683,43.287613,0.001138838,0.0,0.35298884,0.7586965
1908,31.81123,0.0,32.279896,43.287598,0.0011533463,0.0,0.33497533,0.75869495
1909,34.658543,0.0,23.502523,43.287617,0.0009194214,0.0,0.30090326,0.75869334
1910,42.69987,0.0,27.4153,43.287663,0.0011173507,0.0,0.31633255,0.7586917
1911,28.539526,0.0,27.716875,43.287716,0.0010998019,0.0,0.31853735,0.7586903
1912,47.190346,0.0,29.126156,43.28775,0.0012149599,0.0,0.31296894,0.75868917
1913,39.587452,0.0,18.767036,43.28782,0.0009749801,0.0,0.30612898,0.7586879
1914,49.080154,0.0,19.435453,43.2879,0.001102059,0.0,0.33066744,0.7586867
1915,31.38881,0.0,40.715374,43.28796,0.0015292659,0.0,0.32127237,0.7586854
1916,58.415134,0.0,23.503155,43.287937,0.0013278675,0.0,0.32666337,0.75868285
1917,25.639193,0.0,20.761726,43.287937,0.0009867128,0.0,0.30562773,0.75868076
1918,52.862267,0.0,25.193197,43.287926,0.0013608348,0.0,0.3594051,0.7586793
1919,29.818216,0.0,20.420364,43.287952,0.0011435295,0.0,0.3423663,0.7586778
1920,37.046875,0.0,13.609597,43.28794,0.0010038458,0.0,0.3233335,0.75867623
1921,40.735996,0.0,25.084759,43.28792,0.0009930115,0.0,0.32858628,0.75867486
1922,39.216293,0.0,16.755657,43.287903,0.0011297928,0.0,0.3439208,0.7586733
1923,37.903595,0.0,24.452831,43.287903,0.00084923644,0.0,0.32091075,0.7586719
1924,29.39775,0.0,29.80393,43.2879,0.001173279,0.0,0.31274945,0.7586718
1925,42.87775,0.0,23.283789,43.28788,0.0011179852,0.0,0.32958496,0.75867146
1926,32.385326,0.0,19.779135,43.28787,0.0011153643,0.0,0.33788812,0.75867116
1927,51.13577,0.0,20.964237,43.287846,0.0010539349,0.0,0.31745344,0.75867057
1928,35.247753,0.0,31.300228,43.287876,0.00087391905,0.0,0.3029558,0.75867
1929,42.929115,0.0,43.075474,43.28788,0.0009610094,0.0,0.31022057,0.75866926
1930,51.67108,0.0,23.433949,43.287933,0.0011003424,0.0,0.33230817,0.75866836
1931,30.124311,0.0,18.693184,43.288,0.0010503202,0.0,0.32699072,0.7586675
1932,53.013218,0.0,15.893433,43.288055,0.0011069534,0.0,0.33164904,0.7586666
1933,25.219763,0.0,20.137732,43.28811,0.0012731358,0.0,0.3146058,0.75866586
1934,39.555485,0.0,22.03865,43.28816,0.00093785115,0.0,0.30118263,0.7586659
1935,42.006355,0.0,24.12404,43.28821,0.0008342156,0.0,0.32970467,0.7586658
1936,43.18383,0.0,20.999023,43.28827,0.0008584924,0.0,0.32162938,0.7586657
1937,50.68698,0.0,30.471077,43.28835,0.0009035901,0.0,0.30452782,0.75866544
1938,41.17199,0.0,16.834011,43.28846,0.00094141153,0.0,0.30508983,0.7586664
1939,57.357143,0.0,20.49261,43.28856,0.0010704653,0.0,0.31144565,0.7586671
1940,39.68232,0.0,19.900501,43.288685,0.0009772518,0.0,0.31487536,0.7586677
1941,48.173218,0.0,19.525036,43.288822,0.0009513518,0.0,0.3248372,0.75866807
1942,35.468678,0.0,27.221148,43.288937,0.00094394333,0.0,0.33082932,0.7586683
1943,39.46057,0.0,23.54289,43.28907,0.0007723988,0.0,0.34739727,0.7586683
1944,29.442604,0.0,35.634556,43.289196,0.0010109805,0.0,0.31943914,0.7586681
1945,42.340115,0.0,26.871752,43.289227,0.0011663397,0.0,0.35813308,0.75866765
1946,35.129032,0.0,24.880423,43.28921,0.0008515913,0.0,0.32506013,0.75866723
1947,31.7962,0.0,47.13978,43.2892,0.00091513107,0.0,0.34481952,0.7586589
1948,47.44968,0.0,25.935461,43.289192,0.0012842001,0.0,0.30771965,0.75865096
1949,42.216053,0.0,23.299212,43.28917,0.0010380496,0.0,0.3016886,0.758644
1950,39.84438,0.0,38.46927,43.289097,0.0008216642,0.0,0.33693725,0.7586375
1951,32.854767,0.0,33.50556,43.28907,0.0010782451,0.0,0.32638466,0.75863165
1952,33.870037,0.0,27.883987,43.288967,0.0014277564,0.0,0.31551728,0.75862634
1953,28.364412,0.0,31.284643,43.288895,0.0013163191,0.0,0.33933076,0.75862145
1954,42.028824,0.0,25.747725,43.28883,0.0008365611,0.0,0.33006865,0.75861704
1955,54.66945,0.0,21.395317,43.288807,0.001406763,0.0,0.30161023,0.758613
1956,45.970066,0.0,20.423702,43.288776,0.0010412985,0.0,0.31849012,0.7586091
1957,31.919165,0.0,24.271948,43.288765,0.0010673106,0.0,0.3758181,0.7586055
1958,32.275143,0.0,20.648577,43.288784,0.0010246492,0.0,0.34379718,0.7586019
1959,61.009033,0.0,40.012867,43.28879,0.0010599361,0.0,0.34068626,0.75859845
1960,45.63745,0.0,21.914803,43.288815,0.00094905123,0.0,0.31302285,0.75859785
1961,31.390722,0.0,24.904915,43.28883,0.0009655765,0.0,0.3093109,0.7585971
1962,47.82308,0.0,15.8166895,43.288868,0.0009383387,0.0,0.34775728,0.75859624
1963,37.269753,0.0,30.53787,43.288902,0.000986973,0.0,0.33615798,0.75859797
1964,34.549812,0.0,26.987423,43.28892,0.0011831889,0.0,0.34505033,0.7585995
1965,39.61535,0.0,20.08649,43.288944,0.0010777478,0.0,0.3008805,0.75860095
1966,25.310814,0.0,24.51029,43.289,0.0011087764,0.0,0.3074028,0.75860196
1967,42.33042,0.0,22.019857,43.289062,0.0010311354,0.0,0.34135744,0.758603
1968,37.852215,0.0,15.801521,43.28912,0.0009875973,0.0,0.35564348,0.75860375
1969,36.862377,0.0,25.27692,43.289165,0.0012441676,0.0,0.36841577,0.7586042
1970,30.925709,0.0,27.682951,43.289227,0.0010510786,0.0,0.32468706,0.75860465
1971,41.937378,0.0,39.092834,43.289265,0.0007599746,0.0,0.33130044,0.7586049
1972,34.510345,0.0,25.977182,43.28931,0.0010345206,0.0,0.3055048,0.75860006
1973,53.929237,0.0,25.402567,43.289345,0.0010279608,0.0,0.30583823,0.7585957
1974,37.356552,0.0,34.417046,43.28937,0.00086952513,0.0,0.37502846,0.7585917
1975,42.758266,0.0,15.566473,43.289448,0.00082894246,0.0,0.3116302,0.75858814
1976,49.860607,0.0,24.322334,43.289513,0.0011018143,0.0,0.31137526,0.75858474
1977,30.720789,0.0,32.582355,43.28957,0.0010736575,0.0,0.29410672,0.75858146
1978,41.1023,0.0,23.489542,43.28959,0.00077981566,0.0,0.32422757,0.75857824
1979,31.930424,0.0,38.464443,43.289593,0.0010340236,0.0,0.32904607,0.7585754
1980,41.151936,0.0,29.821552,43.289505,0.00094053184,0.0,0.31312677,0.7585726
1981,33.71546,0.0,20.612186,43.28942,0.0010371101,0.0,0.3157438,0.7585701
1982,33.78132,0.0,25.838263,43.289333,0.0008509712,0.0,0.2812021,0.7585676
1983,40.067867,0.0,17.797714,43.289253,0.0010566708,0.0,0.3257119,0.75856507
1984,34.37033,0.0,20.25854,43.28917,0.0007694712,0.0,0.31364274,0.75856274
1985,42.356346,0.0,16.881235,43.289078,0.00096267264,0.0,0.33017543,0.7585605
1986,43.925644,0.0,20.46903,43.28901,0.00072242104,0.0,0.31531876,0.75855833
1987,39.79215,0.0,17.916544,43.288956,0.0009948385,0.0,0.33519936,0.7585563
1988,47.64681,0.0,18.706926,43.288902,0.00085455726,0.0,0.28253573,0.75855464
1989,35.464863,0.0,20.693184,43.288834,0.0011401017,0.0,0.3237756,0.75855196
1990,31.071606,0.0,30.88343,43.288784,0.0012888319,0.0,0.29875442,0.7585493
1991,34.355587,0.0,19.800646,43.288757,0.00086518587,0.0,0.32157108,0.7585467
1992,32.005314,0.0,48.14341,43.288723,0.00084597105,0.0,0.32755837,0.75854427
1993,36.776897,0.0,33.13926,43.288715,0.0012423263,0.0,0.33662257,0.758542
1994,43.25394,0.0,31.911642,43.288754,0.0013546736,0.0,0.31076273,0.7585397
1995,38.790077,0.0,32.451473,43.288795,0.0010850785,0.0,0.3054243,0.7585374
1996,39.062756,0.0,27.701582,43.288834,0.0008728276,0.0,0.33463305,0.7585354
1997,31.051216,0.0,22.819544,43.288868,0.0011694826,0.0,0.30589682,0.7585333
1998,31.651611,0.0,31.924711,43.288883,0.0009106281,0.0,0.32309848,0.7585312
1999,26.470055,0.0,39.51329,43.28885,0.0011814572,0.0,0.31079125,0.7585292
2000,45.098072,0.0,28.116323,43.28885,0.000798064,0.0,0.30486596,0.75852716
2001,34.108673,0.0,29.530008,43.28885,0.00086026604,0.0,0.303168,0.7585252
2002,42.26767,0.0,21.065308,43.288857,0.0011316082,0.0,0.31548497,0.75852334
2003,28.271349,0.0,29.997879,43.288876,0.0011631993,0.0,0.32242438,0.7585224
2004,37.990406,0.0,34.84987,43.288895,0.0013420352,0.0,0.32115427,0.7585214
2005,55.046925,0.0,23.991373,43.288857,0.0012125549,0.0,0.3271557,0.75852025
2006,41.329414,0.0,24.168318,43.288868,0.0009733948,0.0,0.29852316,0.7585193
2007,42.22791,0.0,36.050568,43.28887,0.0010127416,0.0,0.3076206,0.75851804
2008,34.89173,0.0,25.776232,43.288895,0.001165035,0.0,0.31466144,0.75851697
2009,50.500732,0.0,21.51104,43.288956,0.0012361021,0.0,0.30492252,0.7585158
2010,42.60317,0.0,22.368084,43.289017,0.0011926452,0.0,0.30986473,0.75851446
2011,41.498745,0.0,23.884432,43.289093,0.0013949706,0.0,0.2993045,0.75851315
2012,47.273956,0.0,25.561193,43.289146,0.001341042,0.0,0.30638844,0.7585179
2013,37.630356,0.0,19.42874,43.289215,0.0016697732,0.0,0.3308941,0.7585221
2014,34.48222,0.0,22.860674,43.28924,0.0013407245,0.0,0.30693227,0.7585257
2015,49.55397,0.0,30.769,43.28932,0.0010798315,0.0,0.31785402,0.7585289
2016,26.251644,0.0,27.838594,43.289425,0.00084029697,0.0,0.31208777,0.7585316
2017,50.60714,0.0,18.193254,43.289463,0.00082211493,0.0,0.32485324,0.7585338
2018,38.76628,0.0,21.131031,43.289505,0.0012430723,0.0,0.3277086,0.75853556
2019,42.69694,0.0,20.974089,43.28956,0.0010290847,0.0,0.3353909,0.75853705
2020,25.839645,0.0,14.308026,43.289536,0.0008894248,0.0,0.30266687,0.75853825
2021,46.25476,0.0,18.630598,43.28951,0.0010640139,0.0,0.30336928,0.75853914
2022,46.994587,0.0,18.092741,43.289467,0.00085954193,0.0,0.3005024,0.7585389
2023,36.01578,0.0,20.860956,43.289425,0.0012706905,0.0,0.32697415,0.7585386
2024,33.484367,0.0,23.097675,43.28938,0.0012689519,0.0,0.3252854,0.75853825
2025,24.003227,0.0,27.78036,43.289326,0.00084227574,0.0,0.30322105,0.7585378
2026,49.441082,0.0,26.683937,43.28928,0.00093709514,0.0,0.31790644,0.75853723
2027,43.26103,0.0,25.49222,43.289185,0.0009566336,0.0,0.3080111,0.7585365
2028,30.525448,0.0,49.085735,43.289093,0.001253647,0.0,0.3358426,0.75853574
2029,39.614243,0.0,33.88614,43.289047,0.0011654901,0.0,0.31619072,0.75853497
2030,28.810781,0.0,22.6415,43.289,0.0010437388,0.0,0.30509487,0.7585341
2031,41.854237,0.0,16.464287,43.28895,0.0011180135,0.0,0.3157242,0.75853306
2032,33.161346,0.0,15.347344,43.288906,0.0009889697,0.0,0.319588,0.7585321
2033,43.496445,0.0,23.716438,43.288853,0.0012187508,0.0,0.31874445,0.75853103
2034,47.88397,0.0,26.396412,43.288803,0.0009808241,0.0,0.31049502,0.7585299
2035,40.246387,0.0,21.439302,43.288757,0.001129247,0.0,0.3152345,0.7585287
2036,56.531223,0.0,25.024664,43.28871,0.0012156134,0.0,0.35019994,0.75852954
2037,27.463943,0.0,19.509148,43.288708,0.0010880927,0.0,0.33585748,0.75852937
2038,35.109932,0.0,46.483727,43.288704,0.0010552837,0.0,0.32674798,0.7585292
2039,36.37192,0.0,33.529705,43.288746,0.0009530502,0.0,0.31250376,0.7585288
2040,54.887962,0.0,24.830639,43.288773,0.0009409261,0.0,0.3261366,0.7585286
2041,58.853607,0.0,19.409481,43.28879,0.0010555949,0.0,0.31460157,0.75852823
2042,34.379314,0.0,31.607393,43.2888,0.0007285031,0.0,0.3080169,0.75852776
2043,37.352833,0.0,23.685263,43.288795,0.0010805305,0.0,0.332846,0.7585273
2044,42.248146,0.0,29.064981,43.288815,0.0010682438,0.0,0.30977565,0.7585267
2045,29.97269,0.0,40.61516,43.288807,0.0012847972,0.0,0.29233032,0.7585261
2046,67.339035,0.0,22.066633,43.288853,0.0009104088,0.0,0.2856474,0.7585254
2047,43.424065,0.0,28.91971,43.2889,0.0011126848,0.0,0.3107487,0.7585246
2048,38.112926,0.0,26.79506,43.28892,0.00091864885,0.0,0.3334515,0.75852376
2049,30.517334,0.0,12.835146,43.288967,0.0012325601,0.0,0.30733865,0.7585229
2050,42.268707,0.0,27.280474,43.289013,0.0012422339,0.0,0.33674908,0.758522
2051,31.705757,0.0,23.847282,43.289093,0.0008535888,0.0,0.29062158,0.7585209
2052,44.8209,0.0,23.075136,43.289204,0.00094406866,0.0,0.33222577,0.7585197
2053,30.134905,0.0,23.424341,43.2893,0.0010739986,0.0,0.29788232,0.7585186
2054,36.049984,0.0,19.163664,43.28938,0.00093691004,0.0,0.31628177,0.7585173
2055,36.81334,0.0,18.82026,43.28945,0.0011704011,0.0,0.30803198,0.7585161
2056,53.53888,0.0,32.21422,43.289524,0.0010368265,0.0,0.33384773,0.75851476
2057,39.309048,0.0,21.14555,43.289577,0.0010106142,0.0,0.33544016,0.75851345
2058,40.76041,0.0,23.54976,43.289627,0.0008673634,0.0,0.348664,0.758512
2059,45.95078,0.0,23.753967,43.289646,0.0013743229,0.0,0.32113355,0.75851065
2060,34.036743,0.0,19.269512,43.28967,0.000812058,0.0,0.26375398,0.75850916
2061,28.943233,0.0,45.007557,43.289715,0.0012914015,0.0,0.3387987,0.7585079
2062,33.45831,0.0,24.819973,43.28975,0.001119951,0.0,0.33340096,0.7585068
2063,27.88691,0.0,14.781108,43.289764,0.0009933854,0.0,0.35055196,0.75850356
2064,37.156284,0.0,19.655556,43.289757,0.0009322743,0.0,0.36356044,0.7585005
2065,57.29927,0.0,26.982775,43.28977,0.0010892979,0.0,0.29529205,0.7584978
2066,31.059513,0.0,27.265972,43.289757,0.00091104413,0.0,0.35472584,0.7584952
2067,36.51494,0.0,26.278399,43.289803,0.0009578788,0.0,0.30524215,0.7584928
2068,38.060364,0.0,14.451603,43.28987,0.0008329884,0.0,0.3495903,0.7584905
2069,49.39001,0.0,19.825544,43.28996,0.0010321647,0.0,0.34488767,0.7584884
2070,35.3437,0.0,15.0865135,43.290024,0.0011751953,0.0,0.31923836,0.75848633
2071,33.27238,0.0,21.579224,43.290085,0.000889482,0.0,0.30612653,0.75848436
2072,36.232216,0.0,18.299938,43.290134,0.001002369,0.0,0.3088404,0.75848264
2073,29.61638,0.0,26.164232,43.290195,0.0010442287,0.0,0.3141368,0.7584811
2074,38.42378,0.0,23.846523,43.290237,0.0009930686,0.0,0.29696262,0.7584796
2075,27.868673,0.0,20.272831,43.29026,0.0014980659,0.0,0.3458029,0.75847805
2076,26.019152,0.0,21.897795,43.29028,0.0008590582,0.0,0.33091578,0.75847644
2077,35.182312,0.0,17.189913,43.29035,0.0015536752,0.0,0.32002115,0.7584749
2078,24.625298,0.0,16.076174,43.290424,0.0009099565,0.0,0.31136155,0.7584733
2079,27.823763,0.0,20.816628,43.29051,0.0011912999,0.0,0.350267,0.7584717
2080,39.49603,0.0,22.109615,43.290592,0.00063806574,0.0,0.3183118,0.7584701
2081,33.18928,0.0,32.882797,43.29063,0.0010808983,0.0,0.34503517,0.7584711
2082,35.258305,0.0,36.88713,43.29063,0.0010190525,0.0,0.32100886,0.7584717
2083,45.60663,0.0,24.558134,43.290733,0.0010759926,0.0,0.32556826,0.75847226
2084,41.82648,0.0,22.613953,43.2908,0.001230598,0.0,0.32944244,0.7584725
2085,46.519352,0.0,24.689531,43.29089,0.0009191075,0.0,0.3145344,0.75847256
2086,46.37622,0.0,28.124704,43.290997,0.0010040014,0.0,0.33725652,0.7584725
2087,50.912594,0.0,34.44376,43.291134,0.00079414644,0.0,0.35564122,0.75847226
2088,44.313103,0.0,16.939327,43.29128,0.0011083103,0.0,0.30481267,0.75847185
2089,40.228268,0.0,30.347889,43.29143,0.0011489042,0.0,0.2966078,0.75847095
2090,57.689854,0.0,15.150443,43.29152,0.0008221159,0.0,0.3259046,0.7584703
2091,47.84099,0.0,20.634815,43.291626,0.0011807142,0.0,0.37291932,0.7584707
2092,63.942715,0.0,19.889505,43.291714,0.0011664045,0.0,0.3359607,0.75847113
2093,36.2717,0.0,28.918856,43.291794,0.00095394475,0.0,0.3587939,0.7584684
2094,45.276337,0.0,24.80645,43.29187,0.0009861913,0.0,0.33664605,0.75846606
2095,36.865704,0.0,32.09432,43.291935,0.0008603776,0.0,0.33705175,0.7584637
2096,35.902027,0.0,24.753023,43.29196,0.00088872126,0.0,0.3358394,0.7584637
2097,30.199144,0.0,23.395134,43.291977,0.00093056256,0.0,0.32231152,0.7584637
2098,36.29945,0.0,41.569496,43.291985,0.0010080324,0.0,0.31938016,0.7584637
2099,46.376595,0.0,21.931633,43.291965,0.0011833955,0.0,0.35053074,0.7584635
2100,34.285114,0.0,21.393044,43.291935,0.0010074879,0.0,0.33388466,0.7584633
2101,56.43863,0.0,22.529924,43.291897,0.00085401733,0.0,0.3503972,0.758463
2102,49.91684,0.0,20.93135,43.291817,0.0009935314,0.0,0.361919,0.7584626
2103,35.042576,0.0,21.21101,43.291737,0.0011345183,0.0,0.3164199,0.75846225
2104,29.155252,0.0,20.567003,43.291664,0.00096350483,0.0,0.33826113,0.75846165
2105,38.249714,0.0,32.614407,43.291588,0.0009239378,0.0,0.326444,0.758461
2106,52.395473,0.0,23.124344,43.291477,0.0014695202,0.0,0.33336994,0.75846034
2107,32.832565,0.0,23.988678,43.2914,0.0016191866,0.0,0.31755176,0.75845957
2108,34.42846,0.0,24.81239,43.291298,0.0010771962,0.0,0.3119197,0.7584587
2109,42.10848,0.0,19.658928,43.291237,0.0016086944,0.0,0.3626152,0.7584579
2110,52.754807,0.0,24.522852,43.291203,0.0011542256,0.0,0.30814242,0.75845695
2111,42.490032,0.0,17.481363,43.291126,0.0015578301,0.0,0.32896668,0.7584559
2112,67.41157,0.0,19.913614,43.29104,0.0010482448,0.0,0.34538937,0.75845474
2113,35.172092,0.0,34.114464,43.290966,0.0008851599,0.0,0.3075921,0.75845355
2114,55.893158,0.0,31.304028,43.290905,0.00096828956,0.0,0.34581447,0.7584525
2115,36.329197,0.0,22.419123,43.290855,0.001043159,0.0,0.3280493,0.7584512
2116,47.429752,0.0,20.958315,43.29084,0.0011214302,0.0,0.33947036,0.7584499
2117,38.66875,0.0,15.990989,43.290848,0.0012236894,0.0,0.31471398,0.7584486
2118,38.25487,0.0,21.740227,43.290848,0.0013245326,0.0,0.35118157,0.7584471
2119,57.697433,0.0,15.974408,43.29084,0.0009175594,0.0,0.32731628,0.75844574
2120,48.87925,0.0,13.054535,43.2908,0.001388747,0.0,0.3258446,0.75844425
2121,50.705696,0.0,18.711779,43.290775,0.001679391,0.0,0.3395905,0.7584497
2122,41.12624,0.0,22.688372,43.290756,0.0009965173,0.0,0.34345147,0.7584505
2123,39.400333,0.0,21.212545,43.290714,0.0010057115,0.0,0.33750102,0.7584512
2124,37.41262,0.0,34.834652,43.290657,0.0011061899,0.0,0.36362714,0.75845176
2125,34.1926,0.0,33.332638,43.290745,0.0014540795,0.0,0.2989296,0.758452
2126,25.15123,0.0,14.325427,43.290813,0.0012838274,0.0,0.31015742,0.7584521
2127,44.95025,0.0,25.590618,43.29086,0.00096988975,0.0,0.31526846,0.75845253
2128,40.176792,0.0,26.15102,43.29091,0.0013382526,0.0,0.3319094,0.7584528
2129,41.200092,0.0,19.570787,43.29096,0.0011625463,0.0,0.31749928,0.758453
2130,50.78942,0.0,30.889318,43.291004,0.0010720487,0.0,0.30832395,0.7584529
2131,47.139557,0.0,30.496782,43.291046,0.0012006855,0.0,0.29063937,0.7584556
2132,47.129646,0.0,39.17553,43.29109,0.0014687432,0.0,0.31362617,0.758458
2133,49.905315,0.0,18.001574,43.291134,0.000994673,0.0,0.32320613,0.75845987
2134,26.806902,0.0,27.554142,43.2912,0.0012396493,0.0,0.30842325,0.75846153
2135,47.151577,0.0,34.089092,43.29128,0.00080034556,0.0,0.33445334,0.7584627
2136,48.06186,0.0,24.006868,43.29134,0.0010978141,0.0,0.30193996,0.75846386
2137,41.10054,0.0,18.82428,43.291367,0.0013021849,0.0,0.28492236,0.7584647
2138,47.016685,0.0,24.21513,43.291405,0.0010525098,0.0,0.30514416,0.75846523
2139,30.944775,0.0,16.825066,43.29144,0.0013423072,0.0,0.297932,0.75846463
2140,50.057224,0.0,18.945503,43.291492,0.001016407,0.0,0.32919526,0.75846386
2141,57.859818,0.0,22.302725,43.29154,0.0013120254,0.0,0.30322552,0.75846314
2142,31.859175,0.0,20.236023,43.29155,0.0013393493,0.0,0.34451613,0.7584622
2143,52.14483,0.0,12.820569,43.291553,0.0009096902,0.0,0.34742242,0.7584613
2144,30.943615,0.0,19.754362,43.291542,0.0009951306,0.0,0.31888142,0.75846034
2145,55.459343,0.0,21.854738,43.291553,0.0014159399,0.0,0.30665696,0.7584593
2146,36.6789,0.0,18.147877,43.291588,0.0009792384,0.0,0.3103461,0.7584582
2147,30.259493,0.0,18.394182,43.291615,0.0009549104,0.0,0.30506358,0.75845695
2148,39.04117,0.0,20.070335,43.291626,0.00094615447,0.0,0.3249369,0.75845563
2149,35.587574,0.0,16.270435,43.291656,0.0010704896,0.0,0.32680342,0.7584543
2150,41.628292,0.0,19.85721,43.291676,0.0010262963,0.0,0.31473488,0.758453
2151,28.299839,0.0,20.061678,43.291664,0.0009981534,0.0,0.28687382,0.75845164
2152,48.203865,0.0,17.906649,43.29166,0.0009011696,0.0,0.30435583,0.75845015
2153,37.274193,0.0,37.82211,43.291626,0.0011726056,0.0,0.32503343,0.75844777
2154,32.029854,0.0,17.13093,43.291645,0.0011603006,0.0,0.32595748,0.75844556
2155,33.385418,0.0,21.575426,43.29167,0.0013368246,0.0,0.2992385,0.7584434
2156,45.122005,0.0,22.811014,43.291683,0.0012871578,0.0,0.31712127,0.75844127
2157,51.79447,0.0,24.287642,43.291702,0.001304226,0.0,0.30479607,0.7584392
2158,70.222946,0.0,14.962223,43.291725,0.0011332654,0.0,0.30450043,0.7584371
2159,44.46445,0.0,34.26485,43.29175,0.0008680883,0.0,0.34542817,0.75843513
2160,68.25846,0.0,18.50592,43.29171,0.0012218569,0.0,0.31065905,0.75843346
2161,43.80175,0.0,21.97512,43.29168,0.0011042054,0.0,0.30334744,0.7584317
2162,34.38668,0.0,27.891928,43.29164,0.0009992656,0.0,0.332173,0.75843006
2163,35.369183,0.0,35.106358,43.291615,0.001358082,0.0,0.32406396,0.7584291
2164,37.826996,0.0,21.46862,43.291573,0.0011669225,0.0,0.32186052,0.7584279
2165,35.004967,0.0,25.510958,43.291523,0.0008897208,0.0,0.3253526,0.7584269
2166,40.539936,0.0,28.02793,43.291492,0.001075262,0.0,0.32040593,0.7584258
2167,43.636913,0.0,27.34755,43.29144,0.0013294506,0.0,0.3186082,0.75842476
2168,48.497337,0.0,30.810259,43.291397,0.001089896,0.0,0.30418712,0.7584237
2169,25.117554,0.0,17.121124,43.291332,0.0010273553,0.0,0.34369442,0.75842845
2170,53.450764,0.0,18.253708,43.291294,0.0008660056,0.0,0.2979173,0.7584327
2171,26.166927,0.0,38.49249,43.291256,0.0013146743,0.0,0.29935038,0.75843656
2172,32.728416,0.0,26.08634,43.29125,0.0011206906,0.0,0.33935928,0.75844
2173,32.789013,0.0,24.534172,43.291264,0.0012750833,0.0,0.325277,0.75844294
2174,40.833237,0.0,33.036938,43.291283,0.0009628333,0.0,0.30338275,0.7584455
2175,49.153122,0.0,24.859615,43.29131,0.0010405299,0.0,0.3354692,0.7584472
2176,47.7232,0.0,21.038145,43.291325,0.00105784,0.0,0.32886016,0.75844914
2177,35.609806,0.0,33.614964,43.291405,0.00090986927,0.0,0.3653389,0.7584544
2178,30.378649,0.0,16.798767,43.291473,0.0010496664,0.0,0.30187583,0.75845903
2179,32.093098,0.0,28.538433,43.291546,0.0012086655,0.0,0.3416276,0.758463
2180,34.647087,0.0,22.583216,43.291584,0.0010963555,0.0,0.32143414,0.75846666
2181,63.318245,0.0,18.877539,43.291584,0.0011273468,0.0,0.30915588,0.7584693
2182,34.031868,0.0,20.775753,43.291576,0.0011035729,0.0,0.34436995,0.75847167
2183,32.99649,0.0,17.94122,43.29154,0.00094184186,0.0,0.3171873,0.75847286
2184,25.346554,0.0,18.634823,43.291496,0.001096168,0.0,0.31693804,0.75847363
2185,48.938957,0.0,22.499022,43.29145,0.0010344809,0.0,0.3154709,0.7584742
2186,39.990128,0.0,33.929157,43.291397,0.0017077432,0.0,0.35026848,0.7584744
2187,28.631292,0.0,21.216387,43.291355,0.001401129,0.0,0.28924388,0.7584745
2188,37.72983,0.0,25.654154,43.291286,0.0012789257,0.0,0.3177871,0.75847447
2189,35.41129,0.0,21.09069,43.291237,0.0010774372,0.0,0.2951082,0.7584743
2190,39.084953,0.0,21.491879,43.291206,0.0012146618,0.0,0.35869178,0.7584739
2191,35.684673,0.0,31.868603,43.29118,0.00089698134,0.0,0.3308118,0.7584734
2192,30.822754,0.0,16.115992,43.291103,0.0011493368,0.0,0.36734256,0.7584728
2193,33.64416,0.0,12.419588,43.291058,0.0009394555,0.0,0.32764235,0.75849473
2194,38.67592,0.0,28.699469,43.29101,0.0011879804,0.0,0.34369192,0.75851464
2195,67.13173,0.0,25.565891,43.291004,0.0011618676,0.0,0.3279016,0.75853264
2196,33.026024,0.0,24.091064,43.291004,0.0009849773,0.0,0.29016933,0.758549
2197,33.614918,0.0,17.848354,43.29104,0.0007899606,0.0,0.32945248,0.7585633
2198,41.71354,0.0,29.911213,43.29108,0.0011848507,0.0,0.31027687,0.7585774
2199,36.52944,0.0,25.278532,43.29108,0.0010526949,0.0,0.30942518,0.7585903
2200,39.766586,0.0,18.680277,43.291073,0.00093140616,0.0,0.31937277,0.75860167
2201,35.676105,0.0,21.323294,43.29106,0.001868543,0.0,0.3425979,0.7586113
2202,41.13689,0.0,17.29152,43.291042,0.0008821913,0.0,0.3348663,0.75862
2203,39.809097,0.0,23.75286,43.291035,0.0015019171,0.0,0.35364842,0.75862765
2204,37.315765,0.0,24.222343,43.291,0.0012959702,0.0,0.3269298,0.7586345
2205,37.545704,0.0,26.91747,43.290997,0.0010510343,0.0,0.30285716,0.7586405
2206,21.27451,0.0,22.343887,43.291,0.0006532362,0.0,0.29082692,0.7586458
2207,48.691055,0.0,29.72235,43.291016,0.0013131213,0.0,0.2947414,0.7586504
2208,54.770466,0.0,21.208166,43.29098,0.0015398664,0.0,0.34042236,0.75865453
2209,38.77571,0.0,35.96747,43.290924,0.0008944855,0.0,0.2976821,0.75865793
2210,46.014015,0.0,20.6816,43.290894,0.00096599635,0.0,0.34359956,0.75866103
2211,41.756557,0.0,20.538488,43.290894,0.0014243079,0.0,0.3119787,0.75866354
2212,33.402863,0.0,23.335258,43.29088,0.0010589489,0.0,0.35318613,0.7586657
2213,43.215702,0.0,21.764713,43.290886,0.0013450723,0.0,0.33914608,0.75866747
2214,33.19782,0.0,23.742668,43.290916,0.0008841766,0.0,0.32037482,0.7586728
2215,54.124916,0.0,30.04383,43.290955,0.0013423448,0.0,0.3246075,0.7586763
2216,41.352554,0.0,15.496392,43.29103,0.0012112957,0.0,0.31439465,0.75867945
2217,46.68439,0.0,35.615665,43.291084,0.0014115595,0.0,0.34660816,0.7586822
2218,38.476208,0.0,20.223648,43.291054,0.0010471218,0.0,0.3337972,0.7586845
2219,43.012363,0.0,16.395521,43.291042,0.001276572,0.0,0.31641442,0.7586883
2220,39.228733,0.0,23.227173,43.291058,0.001398351,0.0,0.3360265,0.7586913
2221,37.05891,0.0,15.774274,43.29109,0.001412641,0.0,0.3104316,0.75869274
2222,41.020546,0.0,18.928865,43.2911,0.0011504197,0.0,0.31671906,0.7586939
2223,37.164215,0.0,15.245599,43.291164,0.0010165875,0.0,0.3077496,0.758695
2224,33.63474,0.0,20.491955,43.291206,0.001402325,0.0,0.30579036,0.7586957
2225,44.686264,0.0,19.650991,43.29125,0.0014721304,0.0,0.33041593,0.75869626
2226,39.226543,0.0,38.36546,43.291294,0.0010984305,0.0,0.32524067,0.75869656
2227,46.168514,0.0,17.392689,43.291363,0.0012009591,0.0,0.29042286,0.7586959
2228,30.53181,0.0,15.780029,43.29142,0.001168803,0.0,0.31599554,0.7586951
2229,54.807602,0.0,20.171602,43.29147,0.001140719,0.0,0.32032186,0.7586918
2230,56.8966,0.0,30.62922,43.2915,0.0012358311,0.0,0.3191005,0.7586887
2231,34.437916,0.0,21.24699,43.29156,0.0012207883,0.0,0.31784266,0.758686
2232,40.318424,0.0,23.958591,43.291588,0.0013336971,0.0,0.3207384,0.75868326
2233,39.095066,0.0,35.713776,43.291584,0.0009733752,0.0,0.3011435,0.7586808
2234,63.860638,0.0,21.267815,43.291553,0.00085116667,0.0,0.30144995,0.75867856
2235,29.41435,0.0,22.810759,43.291508,0.0014652027,0.0,0.33515447,0.75867635
2236,32.55041,0.0,17.069767,43.291462,0.0010157487,0.0,0.317028,0.75867426
2237,25.571125,0.0,21.07968,43.291416,0.0013629011,0.0,0.30890548,0.75867236
2238,40.55532,0.0,26.27548,43.29138,0.0009212758,0.0,0.30796483,0.75867045
2239,32.095673,0.0,24.29526,43.291378,0.001056345,0.0,0.31050608,0.75866866
2240,36.599884,0.0,27.99618,43.291386,0.0012292997,0.0,0.3243669,0.7586668
2241,37.69603,0.0,29.724957,43.29133,0.0014673481,0.0,0.3317872,0.7586651
2242,31.331226,0.0,17.612518,43.291286,0.0009414409,0.0,0.28990263,0.75866336
2243,50.18627,0.0,21.80152,43.29127,0.00091222645,0.0,0.326757,0.75866157
2244,50.38514,0.0,19.378895,43.2913,0.0011233634,0.0,0.31939366,0.7586598
2245,56.619724,0.0,26.456999,43.29134,0.0012782421,0.0,0.33171183,0.7586581
2246,43.34002,0.0,18.255026,43.291405,0.0010647026,0.0,0.3111644,0.75865644
2247,45.85788,0.0,34.82207,43.291447,0.0013619699,0.0,0.29577404,0.7586547
2248,46.378628,0.0,21.292706,43.29146,0.0010404446,0.0,0.30010208,0.75865304
2249,47.07083,0.0,29.91818,43.29147,0.001147753,0.0,0.31113616,0.75865144
2250,46.598797,0.0,22.41183,43.29151,0.0011230558,0.0,0.37551078,0.7586498
2251,29.038403,0.0,22.973417,43.29155,0.00091992633,0.0,0.33590072,0.7586481
2252,38.103184,0.0,26.483603,43.291595,0.0010030877,0.0,0.30919167,0.7586464
2253,44.829567,0.0,24.429806,43.291656,0.0013010928,0.0,0.3718657,0.7586449
2254,44.421494,0.0,31.407995,43.291702,0.0012813683,0.0,0.2805672,0.75864327
2255,26.602566,0.0,18.145481,43.29171,0.0009465089,0.0,0.32152647,0.75864166
2256,37.13075,0.0,16.339842,43.29168,0.0011592966,0.0,0.34071112,0.75864
2257,49.34946,0.0,18.73314,43.29169,0.000800552,0.0,0.3513013,0.75863844
2258,31.662874,0.0,19.311747,43.291676,0.00079368026,0.0,0.35361707,0.75863683
2259,51.37982,0.0,21.458508,43.29164,0.0008304779,0.0,0.3073309,0.75863516
2260,28.65783,0.0,14.8776245,43.291634,0.0010283141,0.0,0.33788043,0.75863427
2261,43.500637,0.0,27.624317,43.29161,0.00090901175,0.0,0.31922805,0.7586333
2262,32.79796,0.0,30.382137,43.291595,0.0007840059,0.0,0.3032101,0.7586322
2263,70.117325,0.0,19.357744,43.291584,0.0011059045,0.0,0.34998792,0.7586312
2264,25.153307,0.0,23.890303,43.291573,0.00087921345,0.0,0.32082862,0.75863
2265,35.48265,0.0,29.37398,43.2916,0.00079753733,0.0,0.31186184,0.75862885
2266,37.07462,0.0,23.440798,43.291687,0.0010989194,0.0,0.3187875,0.7586277
2267,36.938763,0.0,34.41712,43.291744,0.0010027629,0.0,0.32428244,0.75862646
2268,44.60568,0.0,22.60194,43.291798,0.0008430601,0.0,0.3430457,0.75862586
2269,35.558453,0.0,18.200073,43.291878,0.0010174135,0.0,0.38096675,0.75862527
2270,28.87622,0.0,24.309229,43.29201,0.00086326804,0.0,0.30392775,0.7586246
2271,57.94783,0.0,27.488749,43.29217,0.0012925438,0.0,0.29979968,0.75862384
2272,30.006914,0.0,18.453617,43.292328,0.00086882425,0.0,0.29959375,0.758623
2273,41.18492,0.0,23.888018,43.29247,0.0010004645,0.0,0.3052343,0.75862193
2274,29.169653,0.0,20.038912,43.292587,0.0009340894,0.0,0.32012004,0.7586209
2275,39.180325,0.0,17.917562,43.292698,0.00097526645,0.0,0.2919761,0.7586197
2276,49.626575,0.0,30.520401,43.2928,0.0009501892,0.0,0.3064533,0.75861853
2277,55.040012,0.0,47.07232,43.292866,0.0010096076,0.0,0.32817695,0.7586202
2278,48.643585,0.0,26.796118,43.292873,0.0008248344,0.0,0.32466,0.75862163
2279,53.85874,0.0,56.439053,43.292847,0.00083916506,0.0,0.30290258,0.7586228
2280,32.856026,0.0,23.937252,43.292755,0.00089366233,0.0,0.31160927,0.7586236
2281,42.32711,0.0,24.602543,43.292664,0.00079480093,0.0,0.33461517,0.7586243
2282,49.991714,0.0,20.32477,43.292583,0.00095816207,0.0,0.2926273,0.7586247
2283,62.700073,0.0,38.856632,43.29251,0.001260753,0.0,0.32061216,0.7586228
2284,34.322784,0.0,15.900755,43.292507,0.0018307384,0.0,0.3530509,0.758621
2285,47.78772,0.0,25.556232,43.292507,0.0010042982,0.0,0.342344,0.7586193
2286,36.78278,0.0,15.134069,43.292503,0.0010113865,0.0,0.3064508,0.75861764
2287,42.961666,0.0,27.732803,43.292507,0.0015075242,0.0,0.32305098,0.75861526
2288,45.87185,0.0,20.307081,43.292496,0.0010587903,0.0,0.36909062,0.75861084
2289,48.15699,0.0,38.86307,43.29251,0.0011516933,0.0,0.28408104,0.75860673
2290,39.594063,0.0,19.91125,43.292496,0.001405287,0.0,0.31003785,0.75860286
2291,53.978523,0.0,29.81383,43.292458,0.0010994982,0.0,0.3523295,0.75859934
2292,35.093285,0.0,22.748226,43.292393,0.00091456267,0.0,0.30163977,0.75859594
2293,29.349028,0.0,16.125021,43.29238,0.0012280535,0.0,0.29695898,0.75859267
2294,36.610798,0.0,32.66856,43.292355,0.0011183426,0.0,0.29686582,0.75858957
2295,36.930717,0.0,18.447287,43.292355,0.00086713897,0.0,0.31072602,0.75858665
2296,42.678177,0.0,21.07662,43.29233,0.0015635116,0.0,0.26561671,0.75858396
2297,44.87851,0.0,19.420105,43.292313,0.00090887485,0.0,0.32431832,0.75858134
2298,41.230812,0.0,23.324373,43.292336,0.0012962747,0.0,0.33477232,0.7585789
2299,40.16306,0.0,27.55821,43.292313,0.0010641415,0.0,0.31217077,0.7585765
2300,41.929085,0.0,36.854816,43.2923,0.0009787611,0.0,0.32078195,0.7585741
2301,41.633137,0.0,27.458334,43.292313,0.0010558701,0.0,0.3379973,0.7585767
2302,57.967697,0.0,28.884884,43.292324,0.0010271184,0.0,0.34506583,0.758579
2303,31.494242,0.0,19.22116,43.29231,0.0018111642,0.0,0.33489808,0.7585802
2304,33.216076,0.0,20.17092,43.292305,0.0010687145,0.0,0.35187173,0.7585812
2305,55.24296,0.0,25.848284,43.29226,0.001066253,0.0,0.304676,0.7585821
2306,33.119667,0.0,16.602661,43.29222,0.0012404671,0.0,0.3236129,0.758583
2307,39.301754,0.0,25.467485,43.292202,0.0010146014,0.0,0.30099806,0.7585837
2308,56.011936,0.0,33.474194,43.29222,0.0011650616,0.0,0.2971584,0.7585843
2309,50.595444,0.0,13.787195,43.29231,0.000703588,0.0,0.29575175,0.75858474
2310,32.86713,0.0,17.396233,43.292374,0.0010030253,0.0,0.3307944,0.75858504
2311,42.589966,0.0,18.934376,43.292397,0.0011446736,0.0,0.30969223,0.7585853
2312,33.701977,0.0,24.30526,43.292423,0.00095546636,0.0,0.32813752,0.7585852
2313,37.62292,0.0,25.954865,43.2925,0.001009309,0.0,0.31929314,0.7585851
2314,65.347755,0.0,33.3012,43.29252,0.0012549413,0.0,0.32489097,0.7585849
2315,32.045868,0.0,19.465126,43.29252,0.0009056161,0.0,0.31750795,0.7585846
2316,59.969322,0.0,21.146082,43.29249,0.0010431599,0.0,0.3309263,0.75858396
2317,42.62692,0.0,18.611177,43.29245,0.0011142835,0.0,0.35794634,0.7585833
2318,44.4765,0.0,17.463974,43.292423,0.0011001237,0.0,0.27938685,0.75858253
2319,39.872093,0.0,27.037737,43.2924,0.0010391064,0.0,0.32367045,0.75858176
2320,46.08958,0.0,32.95322,43.292408,0.00092757493,0.0,0.2847246,0.75858074
2321,49.000908,0.0,24.006592,43.292408,0.00095597876,0.0,0.3066043,0.75857985
2322,44.767773,0.0,23.596615,43.292423,0.0010237745,0.0,0.30814755,0.75857884
2323,34.86717,0.0,15.092798,43.292454,0.0010939572,0.0,0.3074955,0.75857764
2324,27.166656,0.0,19.686062,43.292492,0.0011641111,0.0,0.31422156,0.75857645
2325,21.858934,0.0,26.62909,43.292534,0.00096275186,0.0,0.30831796,0.7585754
2326,43.96673,0.0,17.478302,43.292583,0.0007046032,0.0,0.31177673,0.7585737
2327,51.244877,0.0,22.351192,43.292633,0.0011365534,0.0,0.3357067,0.75857204
2328,42.375782,0.0,16.833155,43.29268,0.0009143836,0.0,0.29786608,0.75857043
2329,56.39338,0.0,15.205251,43.292717,0.0011014857,0.0,0.28969467,0.7585685
2330,40.92472,0.0,19.100605,43.292725,0.0009291474,0.0,0.3256253,0.75856954
2331,35.30642,0.0,27.64594,43.292778,0.00080532295,0.0,0.28761792,0.7585704
2332,40.34042,0.0,16.171112,43.29284,0.0008851925,0.0,0.3116368,0.75857097
2333,46.280594,0.0,21.858013,43.29289,0.0007581571,0.0,0.3018317,0.75857127
2334,29.264412,0.0,15.411185,43.292946,0.0010300323,0.0,0.3474905,0.75857145
2335,53.090794,0.0,18.575966,43.29299,0.001032732,0.0,0.33296365,0.75857145
2336,40.62256,0.0,28.914253,43.293064,0.0010582772,0.0,0.29687548,0.7585722
2337,29.935871,0.0,23.314505,43.293156,0.0010176655,0.0,0.33528373,0.75857276
2338,54.08051,0.0,25.062937,43.29327,0.0008446047,0.0,0.30359995,0.7585731
2339,33.255165,0.0,27.325436,43.29337,0.00085226883,0.0,0.29811257,0.75857323
2340,73.21338,0.0,26.060461,43.293488,0.0016480827,0.0,0.3145783,0.7585732
2341,44.373386,0.0,15.064559,43.293587,0.0015258495,0.0,0.31369436,0.75857294
2342,66.92819,0.0,22.137007,43.293728,0.0010351029,0.0,0.32488954,0.7585726
2343,39.96615,0.0,15.079812,43.293842,0.0010754268,0.0,0.33079553,0.75857216
2344,36.882786,0.0,17.483202,43.293945,0.0012581253,0.0,0.33349502,0.7585715
2345,38.74208,0.0,26.797567,43.294025,0.0011210253,0.0,0.37879595,0.7585709
2346,30.351757,0.0,15.604195,43.294098,0.0010905596,0.0,0.31688857,0.7585701
2347,49.083233,0.0,13.345779,43.294136,0.0013769192,0.0,0.32685035,0.75856924
2348,33.409897,0.0,19.16628,43.294174,0.001134505,0.0,0.31119484,0.75856835
2349,30.817455,0.0,15.994348,43.294243,0.0010804222,0.0,0.28227735,0.7585674
2350,52.72919,0.0,23.997677,43.29432,0.00090999505,0.0,0.30918235,0.7585664
2351,36.547707,0.0,28.810001,43.294403,0.0008698254,0.0,0.298396,0.7585647
2352,38.888103,0.0,28.767265,43.294525,0.00080604,0.0,0.32216805,0.75856316
2353,60.390358,0.0,23.478857,43.294655,0.001037664,0.0,0.2857356,0.75856155
2354,41.124424,0.0,17.626005,43.294823,0.0008692748,0.0,0.3205261,0.7585598
2355,42.523594,0.0,15.815017,43.29496,0.0011291075,0.0,0.33498225,0.7585583
2356,59.859806,0.0,30.342016,43.29507,0.0008490202,0.0,0.35103124,0.75855637
2357,28.820467,0.0,20.59987,43.29514,0.0016502477,0.0,0.30154413,0.7585546
2358,46.73292,0.0,17.779709,43.295216,0.0014837,0.0,0.34935367,0.7585526
2359,36.31949,0.0,22.351183,43.29525,0.00089581375,0.0,0.3546242,0.7585508
2360,30.168001,0.0,24.328089,43.295254,0.00093341403,0.0,0.33449996,0.758549
2361,28.808271,0.0,24.904202,43.29525,0.0009615354,0.0,0.33905536,0.75854725
2362,34.835552,0.0,23.598162,43.295254,0.0010764834,0.0,0.32109463,0.75854963
2363,30.596277,0.0,15.729683,43.29524,0.0009805076,0.0,0.31693718,0.75855166
2364,41.29508,0.0,18.040174,43.295254,0.00085164746,0.0,0.3072186,0.75855345
2365,43.59069,0.0,17.152512,43.29532,0.0011662701,0.0,0.33040416,0.75855505
2366,37.29364,0.0,13.9487295,43.295387,0.0010191717,0.0,0.3413965,0.758561
2367,33.23841,0.0,21.953728,43.29544,0.0011901038,0.0,0.34804535,0.7585664
2368,47.68002,0.0,15.997243,43.295513,0.0010768175,0.0,0.32640725,0.7585711
2369,44.374638,0.0,29.562498,43.295578,0.0009993919,0.0,0.32102972,0.7585754
2370,54.857952,0.0,14.884293,43.295624,0.001193778,0.0,0.3214594,0.758579
2371,49.63843,0.0,26.794786,43.29566,0.0010258686,0.0,0.33710212,0.7585823
2372,66.99031,0.0,17.986345,43.295723,0.0010394268,0.0,0.3260728,0.7585844
2373,52.856106,0.0,18.622787,43.295826,0.0009046711,0.0,0.31006742,0.75858617
2374,40.459587,0.0,18.222649,43.2959,0.0012582957,0.0,0.35400027,0.7585876
2375,59.508472,0.0,12.204606,43.29595,0.00093597267,0.0,0.32701463,0.75858885
2376,39.906235,0.0,17.616556,43.29602,0.0009470037,0.0,0.2923398,0.75859123
2377,46.788662,0.0,25.375292,43.29609,0.0010916484,0.0,0.2955165,0.7585933
2378,55.450733,0.0,27.685919,43.296158,0.0010814471,0.0,0.28331643,0.7585951
2379,43.596962,0.0,27.145185,43.29619,0.0009616817,0.0,0.3073934,0.7585966
2380,44.845337,0.0,20.892006,43.29626,0.0015009304,0.0,0.33335757,0.7585977
2381,48.029682,0.0,23.32799,43.29631,0.00092466053,0.0,0.31433547,0.75859606
2382,31.56082,0.0,20.37406,43.29635,0.00091627677,0.0,0.3385961,0.75859445
2383,44.110523,0.0,22.217117,43.29636,0.0012444516,0.0,0.30118817,0.7585929
2384,51.86896,0.0,35.06229,43.296375,0.0009494348,0.0,0.30364642,0.7585915
2385,45.504368,0.0,24.438587,43.296417,0.0008642377,0.0,0.31587058,0.7585899
2386,45.169773,0.0,17.280937,43.296425,0.00088166835,0.0,0.34017122,0.75858843
2387,43.02733,0.0,18.176378,43.296444,0.0008499712,0.0,0.33537507,0.758587
2388,49.798557,0.0,16.510534,43.29644,0.0015825245,0.0,0.32207087,0.7585856
2389,41.79944,0.0,29.678926,43.29643,0.0007871984,0.0,0.3215378,0.7585783
2390,46.664196,0.0,19.991741,43.296417,0.0008978656,0.0,0.30786198,0.7585718
2391,28.271702,0.0,22.255825,43.29641,0.0011839301,0.0,0.34776777,0.7585658
2392,36.956627,0.0,22.321001,43.29649,0.00073796,0.0,0.33430085,0.7585603
2393,38.9198,0.0,18.753975,43.29658,0.0010672724,0.0,0.31699425,0.7585552
2394,33.104797,0.0,19.055836,43.29667,0.0013236466,0.0,0.33305317,0.75855047
2395,25.123621,0.0,20.756426,43.296753,0.0008273305,0.0,0.2911738,0.75854486
2396,41.654194,0.0,24.274065,43.296825,0.0010617196,0.0,0.2891505,0.75853986
2397,38.858006,0.0,25.227312,43.296894,0.0007791071,0.0,0.33158666,0.7585351
2398,60.262974,0.0,42.310165,43.29694,0.0012335676,0.0,0.32097036,0.7585307
2399,30.004175,0.0,24.153828,43.296986,0.0013647232,0.0,0.30853197,0.7585266
2400,56.770947,0.0,16.667559,43.297,0.001007481,0.0,0.3065408,0.75852287
2401,32.42659,0.0,20.169239,43.297016,0.0010689397,0.0,0.3142125,0.75851935
2402,33.289753,0.0,20.848217,43.29702,0.0011612948,0.0,0.33022767,0.75851464
2403,53.569767,0.0,21.534452,43.29704,0.0011613348,0.0,0.3491382,0.75851035
2404,29.314262,0.0,13.739319,43.297062,0.001235686,0.0,0.33467874,0.7585063
2405,37.714916,0.0,33.302425,43.297066,0.0010350908,0.0,0.31534302,0.75850254
2406,36.713234,0.0,23.644524,43.297073,0.0012013267,0.0,0.30716047,0.75849897
2407,34.458645,0.0,19.183802,43.29708,0.0012891806,0.0,0.32654065,0.7584955
2408,33.70463,0.0,17.732275,43.297066,0.00091263733,0.0,0.30989486,0.7584924
2409,32.269794,0.0,17.393602,43.297047,0.0011360301,0.0,0.3469306,0.75848943
2410,18.159962,0.0,22.300922,43.297016,0.0009364101,0.0,0.29579747,0.7584866
2411,32.200275,0.0,18.734457,43.29697,0.0010678278,0.0,0.2921067,0.75848126
2412,22.78597,0.0,27.119762,43.296936,0.0010726352,0.0,0.32371968,0.7584763
2413,63.997787,0.0,20.012894,43.296936,0.0011087063,0.0,0.31767792,0.7584717
2414,40.251884,0.0,24.282679,43.29693,0.0011956659,0.0,0.3184163,0.7584674
2415,34.784653,0.0,20.57584,43.2969,0.0011152969,0.0,0.29680586,0.7584634
2416,24.918842,0.0,23.0956,43.29686,0.0013852901,0.0,0.32462654,0.75845957
2417,31.694254,0.0,23.6165,43.29684,0.00087564834,0.0,0.2917809,0.75845593
2418,28.097599,0.0,35.50242,43.296837,0.0011214002,0.0,0.32015997,0.75845265
2419,71.12938,0.0,19.336807,43.296864,0.0011452653,0.0,0.32328853,0.75844944
2420,49.03547,0.0,21.543303,43.29687,0.0009834666,0.0,0.33237356,0.7584464
2421,41.218803,0.0,19.782862,43.29687,0.0018563494,0.0,0.34099826,0.75844353
2422,45.641163,0.0,25.2049,43.296875,0.0009766293,0.0,0.32226378,0.7584456
2423,32.128826,0.0,27.031792,43.296867,0.001325481,0.0,0.32459268,0.75844735
2424,26.178936,0.0,14.804975,43.29688,0.0015413541,0.0,0.3101133,0.75844884
2425,39.729702,0.0,16.013432,43.296894,0.00090345077,0.0,0.3165418,0.75845003
2426,36.039337,0.0,27.431425,43.296906,0.00092297385,0.0,0.30069858,0.7584513
2427,53.05588,0.0,35.45817,43.29693,0.0009765511,0.0,0.30923086,0.75845206
2428,51.71489,0.0,28.402872,43.296898,0.0010395923,0.0,0.31458637,0.7584544
2429,43.931145,0.0,24.565252,43.29689,0.00097209023,0.0,0.31651726,0.75845623
2430,34.677998,0.0,24.457445,43.296898,0.0010238356,0.0,0.2906946,0.7584578
2431,41.223854,0.0,19.183147,43.296898,0.0010038973,0.0,0.30382156,0.75845903
2432,33.387882,0.0,18.158735,43.29689,0.0015339991,0.0,0.3164997,0.75846004
2433,28.657913,0.0,13.625396,43.296894,0.0010020284,0.0,0.2990539,0.75846
2434,26.183191,0.0,22.311462,43.296886,0.001092276,0.0,0.29348233,0.7584597
2435,30.731949,0.0,19.009043,43.2969,0.0009841104,0.0,0.33676,0.7584591
2436,31.92655,0.0,24.249329,43.29692,0.000990764,0.0,0.30481216,0.7584586
2437,35.44359,0.0,31.742388,43.29697,0.0010260467,0.0,0.3473127,0.75845796
2438,33.729218,0.0,30.281693,43.29699,0.00090000057,0.0,0.34635395,0.75845724
2439,41.732243,0.0,28.693193,43.29698,0.00089281227,0.0,0.30181417,0.7584564
2440,29.226374,0.0,16.821827,43.296947,0.0009952388,0.0,0.30748534,0.75845546
2441,36.889492,0.0,19.515312,43.29693,0.00093014643,0.0,0.35069793,0.75845444
2442,28.98235,0.0,21.36887,43.29691,0.00087821914,0.0,0.2991569,0.7584534
2443,39.507763,0.0,16.457626,43.29689,0.0008821762,0.0,0.33037406,0.7584512
2444,28.439379,0.0,22.642359,43.296867,0.0012385536,0.0,0.35191035,0.75844896
2445,34.119904,0.0,22.540276,43.29686,0.0010055591,0.0,0.36700568,0.758447
2446,43.002155,0.0,18.053543,43.29685,0.00094364415,0.0,0.31824768,0.758445
2447,32.354256,0.0,21.545467,43.296852,0.0012014679,0.0,0.273162,0.7584432
2448,27.775764,0.0,17.705248,43.296856,0.001330609,0.0,0.33538938,0.7584412
2449,31.29806,0.0,28.951279,43.29683,0.001436633,0.0,0.304918,0.75843906
2450,40.723087,0.0,23.27128,43.29685,0.0010840595,0.0,0.35994768,0.7584375
2451,48.26784,0.0,16.940075,43.29687,0.000993988,0.0,0.34594256,0.7584359
2452,52.069733,0.0,20.880428,43.29687,0.0011309648,0.0,0.32091993,0.7584343
2453,33.48101,0.0,23.649508,43.29686,0.00080910086,0.0,0.3026254,0.7584325
2454,43.535645,0.0,14.496857,43.29683,0.0010852627,0.0,0.33790356,0.75843114
2455,31.984688,0.0,18.082136,43.296803,0.0010376213,0.0,0.30696067,0.75842965
2456,34.854626,0.0,20.591509,43.29676,0.0010172552,0.0,0.32185957,0.7584283
2457,26.81423,0.0,16.89574,43.296745,0.0007345017,0.0,0.32900232,0.7584268
2458,25.871912,0.0,16.775675,43.296722,0.0009729223,0.0,0.33169165,0.7584321
2459,27.54066,0.0,30.343494,43.296715,0.0011634193,0.0,0.3088137,0.75843686
2460,34.986668,0.0,21.905062,43.29674,0.0012235418,0.0,0.31528753,0.7584411
2461,50.405678,0.0,18.999899,43.29677,0.0010040279,0.0,0.29256886,0.75844467
2462,27.010122,0.0,24.064009,43.296787,0.0012602741,0.0,0.30552945,0.7584478
2463,52.37871,0.0,25.54024,43.296795,0.0009627383,0.0,0.32424966,0.75844955
2464,24.611568,0.0,20.119453,43.296856,0.00092395046,0.0,0.3207819,0.7584508
2465,51.313923,0.0,18.995623,43.296925,0.0013281666,0.0,0.3407192,0.75845194
2466,48.918003,0.0,22.228136,43.296947,0.00088248635,0.0,0.3101154,0.7584527
2467,35.131813,0.0,36.49749,43.29694,0.00080706057,0.0,0.36857772,0.75845337
2468,26.716043,0.0,21.820755,43.296906,0.0010660802,0.0,0.32377535,0.75845456
2469,35.157497,0.0,21.06519,43.296844,0.0010872562,0.0,0.31464332,0.7584557
2470,26.612064,0.0,23.392107,43.2968,0.0010683557,0.0,0.34167743,0.7584564
2471,50.937275,0.0,17.382698,43.296803,0.00076268415,0.0,0.28121656,0.75845706
2472,33.484905,0.0,16.429085,43.2968,0.0012024721,0.0,0.31417197,0.7584555
2473,37.0885,0.0,16.625322,43.29679,0.0009895576,0.0,0.28920576,0.7584539
2474,33.114384,0.0,21.744158,43.296787,0.001204421,0.0,0.33509442,0.75845236
2475,46.620598,0.0,19.737785,43.29675,0.0011771177,0.0,0.35020527,0.75845087
2476,67.40672,0.0,19.557402,43.29675,0.0008744466,0.0,0.31256163,0.75844926
2477,51.056786,0.0,15.5747175,43.296757,0.0012040312,0.0,0.3147382,0.75844496
2478,33.6417,0.0,32.319824,43.29677,0.0012193804,0.0,0.32559192,0.7584413
2479,36.524868,0.0,18.587452,43.29681,0.0009163935,0.0,0.30638346,0.7584383
2480,46.630676,0.0,23.113235,43.296844,0.0013658283,0.0,0.32582033,0.75843555
2481,38.62015,0.0,19.172596,43.296875,0.0009549813,0.0,0.32039946,0.75843316
2482,44.097355,0.0,16.487972,43.29692,0.0009097409,0.0,0.28900912,0.7584244
2483,37.848442,0.0,17.34035,43.29695,0.0013116766,0.0,0.31417644,0.7584168
2484,37.345417,0.0,32.76253,43.296974,0.00083239004,0.0,0.3176923,0.7584098
2485,36.27947,0.0,26.111328,43.296986,0.0013305855,0.0,0.3326192,0.75840354
2486,51.52377,0.0,24.905956,43.296997,0.00084575464,0.0,0.32416743,0.75839764
2487,55.752563,0.0,24.102373,43.297047,0.0010525321,0.0,0.32944763,0.7583924
2488,38.23327,0.0,20.190996,43.297066,0.0015011862,0.0,0.3207192,0.7583874
2489,34.22659,0.0,19.24067,43.297073,0.0011812425,0.0,0.33774874,0.758392
2490,33.223103,0.0,18.912981,43.297092,0.0009898291,0.0,0.34438974,0.75839835
2491,31.77225,0.0,16.193033,43.297115,0.0010687615,0.0,0.3212733,0.758404
2492,25.48343,0.0,20.225351,43.29712,0.0008899602,0.0,0.30600786,0.75840825
2493,48.352627,0.0,20.6335,43.297134,0.0013554556,0.0,0.3252469,0.75841254
2494,70.638115,0.0,21.196205,43.297153,0.0008496357,0.0,0.3164472,0.7584259
2495,42.918457,0.0,17.029358,43.297142,0.0010035004,0.0,0.35279593,0.75843805
2496,54.07762,0.0,25.04729,43.29712,0.0010815908,0.0,0.2830403,0.7584488
2497,27.42291,0.0,39.356487,43.29706,0.0011111451,0.0,0.30886155,0.75845844
2498,45.189713,0.0,20.763905,43.297024,0.0009962393,0.0,0.35356483,0.7584671
2499,55.99665,0.0,20.630047,43.296986,0.0009167314,0.0,0.3138389,0.7584719
2500,57.788227,0.0,19.867037,43.296944,0.0013516957,0.0,0.33795214,0.7584762
2501,39.937134,0.0,24.531767,43.296856,0.0012702541,0.0,0.34087163,0.7584801
2502,27.72691,0.0,26.90016,43.296757,0.00096759544,0.0,0.32178488,0.75848347
2503,20.615965,0.0,20.276354,43.29668,0.0011664701,0.0,0.33843106,0.7584862
2504,34.467964,0.0,18.213074,43.29662,0.0012469274,0.0,0.2994988,0.7584886
2505,33.82382,0.0,26.699411,43.29656,0.00147913,0.0,0.34078473,0.7584956
2506,35.4174,0.0,18.701725,43.296497,0.0008170155,0.0,0.3663671,0.75850207
2507,65.556465,0.0,35.21872,43.296486,0.0013602603,0.0,0.3285874,0.758508
2508,43.537247,0.0,26.887106,43.296528,0.0010809216,0.0,0.33258876,0.75851345
2509,34.406395,0.0,15.448738,43.296593,0.001232943,0.0,0.3262398,0.75851816
2510,23.556164,0.0,21.203016,43.296658,0.00095995446,0.0,0.3499077,0.75852245
2511,38.559002,0.0,18.11516,43.29672,0.0010304109,0.0,0.29643628,0.7585262
2512,40.0731,0.0,35.198444,43.296757,0.0011570569,0.0,0.32714266,0.7585294
2513,38.496918,0.0,20.843344,43.29676,0.0010322063,0.0,0.30271387,0.7585324
2514,30.554537,0.0,25.448229,43.296753,0.0009846347,0.0,0.33725268,0.75853497
2515,38.94733,0.0,28.387537,43.296803,0.001242961,0.0,0.3326591,0.75853705
2516,40.476303,0.0,24.709627,43.296833,0.0009285406,0.0,0.31607515,0.75853366
2517,46.447346,0.0,16.299492,43.29685,0.0014152201,0.0,0.33793062,0.7585308
2518,50.425945,0.0,22.078238,43.29685,0.001001246,0.0,0.31711888,0.75852823
2519,34.11407,0.0,29.609728,43.29688,0.00089222786,0.0,0.30581677,0.7585256
2520,46.826633,0.0,31.88059,43.29696,0.0015908657,0.0,0.31812534,0.7585232
2521,33.342358,0.0,18.036299,43.297073,0.001404589,0.0,0.30434304,0.75852084
2522,31.890337,0.0,26.975178,43.297173,0.0013034602,0.0,0.32260674,0.75851893
2523,53.106113,0.0,17.712603,43.29721,0.00093706045,0.0,0.2950366,0.75851715
2524,34.905434,0.0,22.701769,43.297245,0.00095702073,0.0,0.3482499,0.7585152
2525,50.823708,0.0,22.540623,43.297283,0.0012025237,0.0,0.32789776,0.7585207
2526,35.505337,0.0,19.533766,43.297283,0.0010311431,0.0,0.32817546,0.7585257
2527,46.967907,0.0,16.968233,43.29728,0.0012932378,0.0,0.31533802,0.7585303
2528,31.124382,0.0,14.806569,43.297256,0.00096527534,0.0,0.34157223,0.75853443
2529,31.820177,0.0,15.867909,43.297222,0.0009710865,0.0,0.30899885,0.758538
2530,43.979443,0.0,16.178713,43.29721,0.0012554879,0.0,0.31450325,0.7585413
2531,47.28947,0.0,27.919128,43.2972,0.0010677546,0.0,0.3294934,0.7585441
2532,30.002056,0.0,23.002014,43.297165,0.0010139061,0.0,0.32249635,0.7585465
2533,67.41566,0.0,28.69535,43.297165,0.0009380022,0.0,0.3134219,0.75855136
2534,40.24249,0.0,10.574039,43.297195,0.00089721126,0.0,0.30186793,0.75855595
2535,27.51237,0.0,19.293697,43.29722,0.0009870734,0.0,0.31782532,0.75856054
2536,31.673254,0.0,19.674665,43.297253,0.0010458482,0.0,0.33042973,0.75856125
2537,37.533554,0.0,23.562244,43.297276,0.0008276661,0.0,0.32253048,0.758562
2538,44.59592,0.0,20.641111,43.297302,0.001224236,0.0,0.31165028,0.7585627
2539,30.419373,0.0,17.754278,43.297318,0.0012989923,0.0,0.29640672,0.75856316
2540,25.332783,0.0,20.77705,43.29734,0.00076839956,0.0,0.34766325,0.7585637
2541,35.066814,0.0,28.153439,43.29735,0.0009157341,0.0,0.31923598,0.75856405
2542,30.898092,0.0,19.782982,43.2974,0.0013751568,0.0,0.31921872,0.75856435
2543,41.854225,0.0,27.31945,43.297443,0.0010744878,0.0,0.34135693,0.75856453
2544,49.008183,0.0,28.251785,43.297504,0.0009718053,0.0,0.33458003,0.7585646
2545,46.178707,0.0,16.839409,43.297607,0.0010623751,0.0,0.32369727,0.7585646
2546,37.609886,0.0,19.867424,43.29769,0.0015339036,0.0,0.30211186,0.7585645
2547,37.002335,0.0,22.425243,43.297764,0.0013377164,0.0,0.31015706,0.7585642
2548,36.778343,0.0,14.103747,43.29784,0.0012542024,0.0,0.34073862,0.75856376
2549,38.18335,0.0,20.159046,43.29788,0.0008735688,0.0,0.3363821,0.75856334
2550,43.18338,0.0,27.317812,43.297886,0.0010920542,0.0,0.33009553,0.75856274
2551,29.72316,0.0,17.917595,43.29787,0.0012675691,0.0,0.2767795,0.7585621
2552,30.531937,0.0,29.440752,43.297874,0.00080039375,0.0,0.32930207,0.7585614
2553,33.877323,0.0,27.099382,43.297886,0.0009381014,0.0,0.33212265,0.75856054
2554,40.030296,0.0,16.394743,43.297886,0.0008670876,0.0,0.30378604,0.7585597
2555,41.891926,0.0,11.483086,43.297886,0.0008996299,0.0,0.31944343,0.7585588
2556,32.750824,0.0,23.73846,43.297882,0.0011265515,0.0,0.32475895,0.75855786
2557,38.88178,0.0,23.135506,43.297844,0.0008963079,0.0,0.29536217,0.75855684
2558,63.884407,0.0,21.559574,43.297836,0.0008924254,0.0,0.2962566,0.75855565
2559,38.255898,0.0,29.80993,43.297867,0.000855752,0.0,0.32143372,0.75855464
2560,26.31519,0.0,17.344822,43.297844,0.0010119396,0.0,0.34892333,0.7585534
2561,34.51686,0.0,21.567139,43.297817,0.00072841335,0.0,0.3272724,0.7585522
2562,58.38033,0.0,19.621992,43.297813,0.0011572834,0.0,0.31173486,0.7585509
2563,49.8524,0.0,22.431755,43.297802,0.0008896239,0.0,0.2983787,0.75854963
2564,46.68839,0.0,20.321856,43.297802,0.0007426464,0.0,0.32501924,0.75854796
2565,46.926125,0.0,15.063954,43.297802,0.0010986731,0.0,0.36412543,0.7585465
2566,52.34432,0.0,17.37124,43.297825,0.001034091,0.0,0.33727133,0.758545
2567,41.33422,0.0,16.74125,43.297817,0.0009050792,0.0,0.3318999,0.75854343
2568,34.883762,0.0,28.50474,43.297764,0.00095924945,0.0,0.29727647,0.75854206
2569,31.326405,0.0,20.64969,43.29773,0.0010219442,0.0,0.3294786,0.7585405
2570,32.153286,0.0,18.15222,43.297672,0.0009906923,0.0,0.30788922,0.7585391
2571,41.83189,0.0,17.138119,43.29762,0.0008701218,0.0,0.30749643,0.75853753
2572,50.536263,0.0,26.7569,43.297554,0.0007646888,0.0,0.29332817,0.7585361
2573,21.944128,0.0,14.224047,43.297485,0.00088907307,0.0,0.32723624,0.7585346
2574,31.305452,0.0,20.759645,43.297455,0.0011134729,0.0,0.31031352,0.7585329
2575,54.885555,0.0,25.51917,43.297447,0.0012424218,0.0,0.3036163,0.75852996
2576,40.997917,0.0,24.529749,43.297424,0.0010189166,0.0,0.31827495,0.7585271
2577,47.27251,0.0,18.547865,43.297398,0.0009875424,0.0,0.31738976,0.7585244
2578,37.419556,0.0,19.192905,43.297394,0.0009869898,0.0,0.33366188,0.7585219
2579,34.982098,0.0,17.256323,43.2974,0.0011151844,0.0,0.3109768,0.75851953
2580,38.23971,0.0,21.506756,43.297413,0.0009255993,0.0,0.30706418,0.7585172
2581,41.342377,0.0,27.241243,43.29743,0.0009596359,0.0,0.32291538,0.758515
2582,44.950012,0.0,27.154154,43.297466,0.0014025228,0.0,0.30528432,0.75851285
2583,51.896854,0.0,27.673735,43.297558,0.0008557191,0.0,0.3435766,0.75851077
2584,49.31482,0.0,14.244828,43.297626,0.0009825005,0.0,0.3004823,0.7585087
2585,59.442875,0.0,18.995893,43.29769,0.0011355211,0.0,0.3087995,0.7585067
2586,49.98582,0.0,28.738178,43.297718,0.0012072738,0.0,0.33648762,0.7585046
2587,35.48349,0.0,19.355652,43.297714,0.0010017056,0.0,0.36883324,0.7585027
2588,41.974285,0.0,27.255787,43.297707,0.0011208862,0.0,0.32639802,0.7585009
2589,31.786758,0.0,27.774103,43.297707,0.0011509391,0.0,0.30102322,0.75849897
2590,37.680115,0.0,19.207674,43.297695,0.0014362116,0.0,0.31420708,0.75849724
2591,52.66527,0.0,21.031698,43.297684,0.0012470144,0.0,0.28444943,0.75849545
2592,52.588947,0.0,15.610071,43.29768,0.0009925767,0.0,0.33929926,0.7584938
2593,27.35649,0.0,22.208488,43.297676,0.00084872684,0.0,0.3396774,0.7585059
2594,25.4442,0.0,24.932735,43.297714,0.0011151752,0.0,0.33325917,0.75851685
2595,29.283514,0.0,32.531086,43.297752,0.0011944447,0.0,0.32084167,0.7585265
2596,29.406221,0.0,14.377012,43.297756,0.0018348368,0.0,0.354403,0.7585353
2597,48.18149,0.0,28.465944,43.29778,0.0009865977,0.0,0.3268719,0.7585431
2598,30.504688,0.0,14.815679,43.297802,0.0009967252,0.0,0.3455149,0.75855
2599,36.79558,0.0,27.498096,43.29781,0.00095310283,0.0,0.31338465,0.7585565
2600,39.51123,0.0,35.87186,43.29779,0.00087118696,0.0,0.2838076,0.7585622
2601,36.51489,0.0,20.878162,43.297745,0.0012032106,0.0,0.311464,0.7585672
2602,31.149088,0.0,49.672348,43.297695,0.0008747416,0.0,0.31746113,0.7585717
2603,37.56018,0.0,17.516695,43.297604,0.0011195933,0.0,0.3470139,0.75857544
2604,32.928223,0.0,15.171848,43.297535,0.0012795005,0.0,0.31242996,0.7585789
2605,42.864582,0.0,17.903727,43.29748,0.00112234,0.0,0.31971592,0.758582
2606,32.07498,0.0,24.051317,43.297398,0.00080995343,0.0,0.3041554,0.75858325
2607,42.579796,0.0,23.868158,43.297325,0.0011619086,0.0,0.3170997,0.7585844
2608,36.274162,0.0,31.561201,43.297256,0.0009973336,0.0,0.3306556,0.75858504
2609,43.300896,0.0,21.29878,43.297287,0.0009229073,0.0,0.34653467,0.75859445
2610,36.715137,0.0,25.566051,43.29731,0.0010601719,0.0,0.31612048,0.7586027
2611,52.752995,0.0,24.92061,43.297348,0.0008313954,0.0,0.31404132,0.7586102
2612,34.016888,0.0,21.44194,43.297356,0.0010459893,0.0,0.3254617,0.7586168
2613,31.564648,0.0,20.262423,43.297356,0.00093507674,0.0,0.30636662,0.75862265
2614,41.586323,0.0,18.255123,43.297356,0.00079103204,0.0,0.30474508,0.75862783
2615,51.158924,0.0,34.869293,43.297333,0.0013052728,0.0,0.30839437,0.7586325
2616,38.3101,0.0,21.552996,43.29729,0.0008582337,0.0,0.34389457,0.75863636
2617,33.790443,0.0,24.725363,43.29724,0.00084255,0.0,0.31036946,0.7586399
2618,57.06573,0.0,23.98667,43.29725,0.0010712779,0.0,0.30919036,0.7586429
2619,34.791634,0.0,34.78556,43.2973,0.0011491061,0.0,0.32756644,0.7586456
2620,34.013973,0.0,28.19723,43.297318,0.0010055983,0.0,0.33778185,0.75864774
2621,46.492893,0.0,31.504688,43.29735,0.0016193389,0.0,0.3050935,0.75864524
2622,49.31181,0.0,29.631775,43.297413,0.0009411238,0.0,0.30755776,0.7586428
2623,41.7742,0.0,31.736824,43.29744,0.0012146744,0.0,0.31878853,0.75864065
2624,43.84011,0.0,61.37836,43.297424,0.0010133687,0.0,0.3017503,0.7586385
2625,66.34601,0.0,17.564001,43.29742,0.0014036674,0.0,0.3304643,0.7586387
2626,46.202034,0.0,21.725845,43.29742,0.0012049784,0.0,0.3304142,0.7586387
2627,43.734688,0.0,30.947,43.297436,0.0009696872,0.0,0.33214313,0.7586386
2628,31.530388,0.0,25.054638,43.297455,0.0012746685,0.0,0.275366,0.75864387
2629,40.561302,0.0,22.10907,43.2975,0.0009619887,0.0,0.30174267,0.75864506
2630,35.707916,0.0,35.100315,43.29757,0.0010964618,0.0,0.31971213,0.7586462
2631,32.464886,0.0,19.604204,43.297626,0.001042172,0.0,0.32908207,0.75864714
2632,34.64905,0.0,22.664898,43.29768,0.0010171009,0.0,0.3037847,0.7586479
2633,36.105072,0.0,22.930546,43.297756,0.0012733612,0.0,0.30663413,0.7586485
2634,41.808636,0.0,43.11428,43.29781,0.001169404,0.0,0.29697686,0.75864905
2635,34.51179,0.0,20.538324,43.29788,0.000961678,0.0,0.3255676,0.75865257
2636,38.962,0.0,25.761295,43.29797,0.0011839664,0.0,0.35864425,0.7586557
2637,33.124283,0.0,22.283333,43.298042,0.0011017628,0.0,0.33808526,0.75865847
2638,31.926773,0.0,19.807386,43.298103,0.0008241559,0.0,0.31266963,0.75866127
2639,39.61329,0.0,26.637499,43.298145,0.00087630167,0.0,0.31192583,0.7586636
2640,41.841557,0.0,21.948183,43.298157,0.0013250208,0.0,0.32866603,0.7586657
2641,37.95551,0.0,20.744202,43.298187,0.0011305155,0.0,0.3328414,0.7586677
2642,35.79607,0.0,28.157904,43.298218,0.0014041424,0.0,0.35757408,0.75866973
2643,30.133907,0.0,16.003141,43.298233,0.0013147385,0.0,0.31997913,0.7586711
2644,37.82422,0.0,17.046448,43.29824,0.0009294829,0.0,0.34689713,0.75866765
2645,24.512995,0.0,25.100624,43.298252,0.0016767549,0.0,0.3163804,0.75866467
2646,46.155888,0.0,29.927979,43.298275,0.0008654082,0.0,0.32225198,0.7586619
2647,36.350986,0.0,24.931755,43.298313,0.0009599859,0.0,0.29970288,0.7586594
2648,34.76424,0.0,26.488749,43.298344,0.001023841,0.0,0.31060392,0.75865704
2649,38.81547,0.0,19.51783,43.29837,0.0010076622,0.0,0.32049137,0.75865483
2650,38.424187,0.0,18.803514,43.298378,0.0009609812,0.0,0.30710456,0.7586527
2651,29.638884,0.0,32.105232,43.298386,0.0012598716,0.0,0.29933798,0.7586519
2652,33.683285,0.0,21.84395,43.298363,0.0011838753,0.0,0.32760248,0.7586505
2653,38.92849,0.0,33.570255,43.298325,0.0010360526,0.0,0.34244332,0.75864905
2654,42.52116,0.0,33.39451,43.29822,0.0015814708,0.0,0.30906945,0.7586477
2655,59.699337,0.0,24.794369,43.298138,0.0014754664,0.0,0.32594758,0.7586463
2656,28.553312,0.0,23.731384,43.298077,0.0010509286,0.0,0.29079494,0.7586448
2657,58.72064,0.0,40.32347,43.29803,0.0014859259,0.0,0.28677738,0.75864345
2658,51.451824,0.0,26.682537,43.29798,0.0011300847,0.0,0.32827955,0.7586421
2659,34.983673,0.0,16.32257,43.297935,0.0018663211,0.0,0.36091504,0.7586407
2660,36.611042,0.0,17.955444,43.29789,0.0011567989,0.0,0.31313035,0.7586393
2661,50.11184,0.0,26.718525,43.297844,0.0011195102,0.0,0.29937106,0.75863785
2662,43.071484,0.0,25.172565,43.297802,0.0012560681,0.0,0.30194038,0.7586364
2663,48.60044,0.0,26.68788,43.297775,0.00125517,0.0,0.33382273,0.75863504
2664,34.509132,0.0,32.73895,43.297752,0.0011342184,0.0,0.34158486,0.75863355
2665,23.247343,0.0,12.161407,43.29777,0.00085081364,0.0,0.31473655,0.7586321
2666,51.363804,0.0,20.381025,43.297787,0.0012952393,0.0,0.31816483,0.7586307
2667,75.37216,0.0,19.43832,43.29781,0.00096003606,0.0,0.30794612,0.75862926
2668,31.765669,0.0,17.258705,43.29782,0.0013334632,0.0,0.31163776,0.75862795
2669,31.867115,0.0,22.872799,43.297825,0.0008490476,0.0,0.30165598,0.75862664
2670,33.31392,0.0,40.16059,43.297844,0.0012475786,0.0,0.31903467,0.75863135
2671,37.085426,0.0,34.296013,43.29783,0.0011989952,0.0,0.3353649,0.75863546
2672,29.401566,0.0,34.57207,43.297817,0.001187683,0.0,0.3151083,0.7586406
2673,26.874914,0.0,15.30212,43.297756,0.0016660818,0.0,0.33295998,0.7586453
2674,40.622437,0.0,21.625597,43.297718,0.0012652485,0.0,0.30944175,0.75864965
2675,23.682339,0.0,17.405487,43.297695,0.0012767189,0.0,0.34555912,0.7586534
2676,37.723152,0.0,29.70866,43.297676,0.0011345773,0.0,0.31511378,0.7586569
2677,37.532536,0.0,33.400085,43.297665,0.0011464481,0.0,0.31726438,0.75865996
2678,48.264885,0.0,17.381598,43.29768,0.0014483896,0.0,0.32090074,0.7586627
2679,37.221897,0.0,34.50883,43.29771,0.0011807692,0.0,0.33891135,0.758665
2680,41.1636,0.0,29.576315,43.297775,0.0011568153,0.0,0.36925477,0.75866693
2681,54.623634,0.0,15.783455,43.29786,0.0011187264,0.0,0.33875036,0.7586688
2682,41.744595,0.0,33.658604,43.297928,0.0013461797,0.0,0.3105925,0.75867015
2683,26.288631,0.0,19.37249,43.297935,0.0013819382,0.0,0.329731,0.7586721
2684,31.228767,0.0,18.711765,43.29791,0.0010735163,0.0,0.29565018,0.7586725
2685,46.57717,0.0,24.828104,43.297863,0.0011965942,0.0,0.3309424,0.75867254
2686,34.67385,0.0,25.755903,43.297794,0.00105025,0.0,0.30750948,0.75867254
2687,33.113476,0.0,25.35562,43.29775,0.00080087397,0.0,0.31902394,0.7586724
2688,44.68161,0.0,30.017748,43.2977,0.0013766361,0.0,0.29247746,0.75867206
2689,43.20586,0.0,29.411018,43.29767,0.0011545866,0.0,0.32704198,0.75867176
2690,26.702454,0.0,20.603367,43.297672,0.00096964976,0.0,0.3313319,0.75867045
2691,32.64016,0.0,24.708582,43.297737,0.0011479304,0.0,0.34313127,0.7586688
2692,34.405006,0.0,20.254795,43.297802,0.0010758204,0.0,0.30297735,0.7586671
2693,42.166122,0.0,34.61465,43.29786,0.00096585974,0.0,0.3200112,0.75866544
2694,40.563103,0.0,19.710804,43.297867,0.0010143904,0.0,0.32862216,0.7586689
2695,36.422096,0.0,27.346855,43.297882,0.0013120634,0.0,0.33274633,0.7586718
2696,44.493652,0.0,26.204622,43.297894,0.0012579522,0.0,0.31665382,0.7586744
2697,33.441948,0.0,23.567648,43.297894,0.0013166626,0.0,0.30116266,0.75867826
2698,41.034466,0.0,27.381767,43.29791,0.001181947,0.0,0.31055796,0.7586818
2699,29.003716,0.0,33.035366,43.297905,0.0011086186,0.0,0.30959842,0.7586849
2700,33.848015,0.0,13.540366,43.297874,0.0012860913,0.0,0.30165273,0.7586876
2701,45.085197,0.0,17.25845,43.297832,0.0012787711,0.0,0.33530974,0.75868994
2702,39.764633,0.0,18.417398,43.297783,0.0014858827,0.0,0.3106541,0.7586921
2703,46.369728,0.0,21.951853,43.29773,0.0015018018,0.0,0.32057503,0.7586938
2704,49.953823,0.0,22.981579,43.29765,0.0012144054,0.0,0.3387793,0.7586924
2705,46.10947,0.0,24.003374,43.2976,0.0009988709,0.0,0.30199683,0.758691
2706,38.694706,0.0,15.900354,43.297558,0.0016975267,0.0,0.27103364,0.75868964
2707,42.797623,0.0,24.5694,43.2975,0.0014741103,0.0,0.29310054,0.75868857
2708,28.884302,0.0,21.992882,43.297417,0.0009447005,0.0,0.3158096,0.75868744
2709,31.292948,0.0,19.97974,43.297344,0.0012295991,0.0,0.3199901,0.7586864
2710,35.872513,0.0,23.194307,43.297268,0.0010248735,0.0,0.29390538,0.7586853
2711,29.175898,0.0,27.432722,43.297188,0.0010480375,0.0,0.3141409,0.75868416
2712,31.404408,0.0,44.694126,43.297123,0.001254255,0.0,0.31132677,0.758683
2713,27.922987,0.0,22.480946,43.297173,0.0013474708,0.0,0.3021392,0.7586821
2714,33.283325,0.0,23.903221,43.29722,0.0012268943,0.0,0.34596166,0.7586805
2715,47.99323,0.0,18.70997,43.297302,0.0012362717,0.0,0.31238914,0.75867903
2716,39.55445,0.0,33.192764,43.297375,0.0009009481,0.0,0.2752319,0.75867766
2717,26.011587,0.0,26.606197,43.29746,0.0009238459,0.0,0.33798605,0.7586762
2718,42.29553,0.0,26.69985,43.297512,0.0012751136,0.0,0.32290423,0.75867486
2719,34.80854,0.0,21.37635,43.29758,0.0012049515,0.0,0.33678493,0.7586734
2720,26.993715,0.0,24.785303,43.29765,0.0010431933,0.0,0.33543015,0.75867194
2721,42.16957,0.0,22.754812,43.2977,0.001593383,0.0,0.32169324,0.75867045
2722,34.55283,0.0,20.799934,43.297737,0.0013780872,0.0,0.3461498,0.758668
2723,29.096256,0.0,27.081606,43.2978,0.0012311646,0.0,0.32187435,0.7586648
2724,43.040432,0.0,19.331291,43.297836,0.0012722011,0.0,0.3278764,0.75866103
2725,34.511448,0.0,19.989883,43.297874,0.0009155398,0.0,0.30508143,0.7586569
2726,32.670963,0.0,42.740086,43.29789,0.001048602,0.0,0.30441827,0.7586529
2727,45.170654,0.0,20.854513,43.2979,0.0012817143,0.0,0.3219818,0.7586492
2728,51.154682,0.0,26.29512,43.29789,0.0011230193,0.0,0.32570443,0.7586456
2729,29.72168,0.0,19.230577,43.297867,0.0009584726,0.0,0.34991574,0.7586423
2730,36.655224,0.0,36.862766,43.29785,0.0011681889,0.0,0.30177295,0.7586392
2731,35.235275,0.0,27.906084,43.297848,0.00091904297,0.0,0.33510417,0.7586364
2732,32.912483,0.0,18.278582,43.297855,0.0010889426,0.0,0.34016785,0.7586392
2733,35.99899,0.0,23.393232,43.29788,0.0009500007,0.0,0.30364105,0.75864184
2734,33.0246,0.0,30.122318,43.29791,0.0010497351,0.0,0.32056683,0.7586457
2735,28.44418,0.0,32.34558,43.297943,0.0012517492,0.0,0.29736173,0.75864923
2736,31.633121,0.0,14.798034,43.298008,0.0009124627,0.0,0.29972407,0.7586524
2737,37.018036,0.0,34.45482,43.298077,0.0015877712,0.0,0.32027712,0.758655
2738,39.303825,0.0,25.26937,43.298138,0.0009846329,0.0,0.31738847,0.7586574
2739,24.724731,0.0,23.96358,43.29822,0.0010340103,0.0,0.3158123,0.75865954
2740,33.333122,0.0,18.003439,43.29824,0.0010548868,0.0,0.31016958,0.7586614
2741,44.233185,0.0,27.819592,43.29826,0.0012022436,0.0,0.30770618,0.75866294
2742,27.660889,0.0,19.765736,43.29834,0.00090477476,0.0,0.30795228,0.7586642
2743,53.93239,0.0,34.500286,43.298397,0.00074985315,0.0,0.32901523,0.7586652
2744,32.138817,0.0,39.10585,43.298367,0.000992212,0.0,0.31378245,0.75866604
2745,37.43274,0.0,24.909891,43.29832,0.0009377926,0.0,0.33195236,0.7586666
2746,35.275772,0.0,18.513655,43.29829,0.001193533,0.0,0.34889182,0.75866693
2747,33.3285,0.0,26.068762,43.298252,0.001058558,0.0,0.33528695,0.7586672
2748,46.205624,0.0,49.68144,43.29823,0.001132992,0.0,0.3225286,0.758669
2749,53.55613,0.0,24.16868,43.298283,0.00097321905,0.0,0.366647,0.75867045
2750,49.47051,0.0,28.481726,43.298347,0.0012648272,0.0,0.33914876,0.7586715
2751,27.045153,0.0,27.815413,43.298397,0.0008604656,0.0,0.28640747,0.7586725
2752,33.791203,0.0,26.474905,43.29848,0.0013258377,0.0,0.30168676,0.75867325
2753,38.527214,0.0,45.947483,43.29857,0.0013302531,0.0,0.29451716,0.75867325
2754,48.001984,0.0,23.294703,43.29873,0.0009851039,0.0,0.3288002,0.75867325
2755,76.992134,0.0,26.252218,43.298897,0.0009754994,0.0,0.30826795,0.75867295
2756,33.439953,0.0,19.834232,43.299072,0.00095297856,0.0,0.33825696,0.75867224
2757,22.237637,0.0,26.960535,43.29925,0.0010557414,0.0,0.33492157,0.7586818
2758,48.559464,0.0,19.489431,43.29945,0.0009108813,0.0,0.3158703,0.75869024
2759,33.345783,0.0,17.30802,43.299625,0.0013439156,0.0,0.32009318,0.75869954
2760,60.019794,0.0,13.777413,43.299824,0.00087630923,0.0,0.32134676,0.75870794
2761,35.917305,0.0,54.03027,43.299988,0.001504106,0.0,0.32165307,0.7587155
2762,32.159203,0.0,47.641098,43.299984,0.0012834303,0.0,0.30085972,0.7587222
2763,44.846992,0.0,25.661737,43.29992,0.0008343166,0.0,0.3268627,0.7587273
2764,30.08662,0.0,24.106173,43.29987,0.0010895873,0.0,0.3100798,0.75873184
2765,36.09702,0.0,24.256063,43.2998,0.0008209036,0.0,0.35932803,0.75873566
2766,45.958256,0.0,21.268473,43.299763,0.00080126966,0.0,0.33479223,0.7587392
2767,21.92426,0.0,32.836803,43.29975,0.0008700136,0.0,0.3343801,0.7587427
2768,35.19776,0.0,24.788671,43.299717,0.00087879685,0.0,0.33458692,0.75874573
2769,35.934795,0.0,28.360415,43.299725,0.001009493,0.0,0.30942315,0.7587482
2770,42.62378,0.0,14.556194,43.299732,0.0010672042,0.0,0.3175817,0.7587506
2771,46.998657,0.0,28.249874,43.299725,0.0010065599,0.0,0.28325793,0.7587612
2772,27.592901,0.0,24.862122,43.299763,0.0021137658,0.0,0.32261258,0.75877076
2773,40.86583,0.0,19.565966,43.2998,0.0011183743,0.0,0.32472056,0.7587792
2774,40.509624,0.0,30.65118,43.299847,0.00097140874,0.0,0.34914267,0.75878686
2775,36.961327,0.0,21.87229,43.299828,0.0012854869,0.0,0.35281175,0.75879365
2776,28.41292,0.0,26.59286,43.29975,0.0011041092,0.0,0.3167685,0.75879955
2777,48.812397,0.0,25.876833,43.299686,0.0010495792,0.0,0.3200518,0.7588049
2778,49.89866,0.0,30.817688,43.299603,0.0010743536,0.0,0.34814572,0.7588095
2779,55.715103,0.0,37.943394,43.299484,0.0012727956,0.0,0.32292265,0.75881374
2780,27.772844,0.0,32.833897,43.29939,0.00085612683,0.0,0.31869215,0.75881743
2781,27.30048,0.0,23.528126,43.299343,0.0012506549,0.0,0.31974378,0.75882685
2782,45.189793,0.0,23.538435,43.299263,0.00091313774,0.0,0.33349857,0.75883603
2783,43.857533,0.0,25.249018,43.29918,0.0010122701,0.0,0.30882415,0.75884426
2784,44.2957,0.0,36.728424,43.29909,0.0010226534,0.0,0.343441,0.7588516
2785,40.200504,0.0,22.690634,43.298985,0.0012835319,0.0,0.32668123,0.7588582
2786,31.086678,0.0,27.310368,43.298904,0.0010421376,0.0,0.31673855,0.7588642
2787,54.252895,0.0,24.584625,43.29881,0.00083100446,0.0,0.3330239,0.7588691
2788,51.845615,0.0,18.674757,43.298737,0.0006453761,0.0,0.33374733,0.75887364
2789,38.181343,0.0,39.425503,43.29868,0.0014044456,0.0,0.30059457,0.7588776
2790,36.28067,0.0,29.741484,43.29866,0.00085592957,0.0,0.30623004,0.7588809
2791,28.991697,0.0,22.754145,43.298588,0.0008746495,0.0,0.32912582,0.7588838
2792,46.531307,0.0,21.147415,43.298557,0.001238751,0.0,0.3360773,0.7588861
2793,35.981853,0.0,16.466053,43.298553,0.0012017897,0.0,0.29822966,0.75888824
2794,49.632217,0.0,33.320393,43.298553,0.001147659,0.0,0.30595708,0.75889015
2795,33.2794,0.0,24.889502,43.298546,0.0011838692,0.0,0.29797387,0.7588916
2796,34.59243,0.0,32.000195,43.298527,0.0012221565,0.0,0.3151214,0.7588924
2797,26.969927,0.0,22.084337,43.298546,0.00109191,0.0,0.33632383,0.75889313
2798,38.520996,0.0,31.332584,43.298573,0.00089837797,0.0,0.34276056,0.75889343
2799,28.096155,0.0,36.880573,43.298573,0.0008596312,0.0,0.30772668,0.7588937
2800,60.308456,0.0,25.702526,43.298588,0.0011817947,0.0,0.30753717,0.75889385
2801,40.521973,0.0,28.035398,43.298622,0.0013296785,0.0,0.33989477,0.7588937
2802,26.825228,0.0,44.52452,43.298687,0.0007879607,0.0,0.34556696,0.7588935
2803,45.63547,0.0,21.095432,43.298798,0.0012374767,0.0,0.37116927,0.75889313
2804,36.156372,0.0,26.004839,43.298923,0.0009751596,0.0,0.29549786,0.7588981
2805,31.153276,0.0,25.385994,43.299084,0.0007790706,0.0,0.3203463,0.7589024
2806,39.22623,0.0,22.144539,43.299244,0.0011560067,0.0,0.3137584,0.75890607
2807,62.649185,0.0,19.057594,43.299408,0.0017528669,0.0,0.31238744,0.7589086
2808,38.47507,0.0,18.46739,43.299587,0.0010982741,0.0,0.3159505,0.7589108
2809,38.18565,0.0,26.995707,43.299744,0.00080583425,0.0,0.29369104,0.7589126
2810,32.83571,0.0,29.014246,43.2999,0.0009543695,0.0,0.3271478,0.75891405
2811,38.511547,0.0,20.0165,43.3001,0.0011625251,0.0,0.3014928,0.7589153
2812,35.931602,0.0,29.055689,43.30025,0.0014185606,0.0,0.32805935,0.75891626
2813,33.925194,0.0,18.257153,43.30037,0.00089786825,0.0,0.30828184,0.75891703
2814,34.38305,0.0,23.651114,43.30046,0.00083226955,0.0,0.35000628,0.7589175
2815,41.030697,0.0,20.007116,43.300556,0.0011005079,0.0,0.3322487,0.75891787
2816,25.698723,0.0,34.557022,43.300613,0.00087310176,0.0,0.33193755,0.7589177
2817,38.920692,0.0,25.216951,43.30067,0.0008617718,0.0,0.31034845,0.75891715
2818,38.24038,0.0,25.70466,43.300728,0.00088352634,0.0,0.31950554,0.7589165
2819,49.36693,0.0,23.349548,43.300728,0.0011685084,0.0,0.34504017,0.7589156
2820,31.366251,0.0,15.206205,43.30072,0.0011203534,0.0,0.30561227,0.7589148
2821,31.353771,0.0,24.638474,43.300728,0.001286385,0.0,0.32636088,0.7589138
2822,47.445644,0.0,21.41735,43.300735,0.0009043917,0.0,0.336092,0.75891274
2823,59.05035,0.0,16.138245,43.300743,0.0014809867,0.0,0.30197072,0.7589117
2824,39.475136,0.0,19.757637,43.30074,0.0007527056,0.0,0.30935818,0.75891024
2825,39.27587,0.0,41.80274,43.300743,0.0009034739,0.0,0.31705523,0.75890875
2826,40.93773,0.0,13.424851,43.30073,0.0009948094,0.0,0.316275,0.7589073
2827,34.298115,0.0,33.41266,43.300716,0.0009735029,0.0,0.29866812,0.7589047
2828,30.36257,0.0,29.094555,43.300735,0.0012744504,0.0,0.3255326,0.7589021
2829,32.09441,0.0,21.37249,43.30078,0.00097353314,0.0,0.31580713,0.75889957
2830,35.81739,0.0,23.583788,43.300793,0.00086345547,0.0,0.33711892,0.75889707
2831,32.628826,0.0,16.20449,43.300842,0.0010655412,0.0,0.3060913,0.7588946
2832,40.39388,0.0,19.882368,43.300884,0.00094641023,0.0,0.35274678,0.75888735
2833,50.141884,0.0,31.167797,43.300907,0.0008218207,0.0,0.32677728,0.7588806
2834,33.87736,0.0,19.942173,43.300903,0.00091174606,0.0,0.31635824,0.7588749
2835,35.52932,0.0,11.336365,43.300922,0.0015653993,0.0,0.29578608,0.7588697
2836,25.355917,0.0,21.930115,43.300938,0.0010850715,0.0,0.33163863,0.75886494
2837,40.75314,0.0,23.484354,43.300972,0.0010411119,0.0,0.29749548,0.75886047
2838,56.439007,0.0,21.089037,43.301025,0.0011072702,0.0,0.3329865,0.75885636
2839,46.836124,0.0,34.35997,43.30107,0.0013645531,0.0,0.31840754,0.7588526
2840,61.012043,0.0,20.346931,43.30111,0.0015456246,0.0,0.33845994,0.7588461
2841,35.488483,0.0,22.368025,43.30119,0.0009165124,0.0,0.32075372,0.7588406
2842,51.28825,0.0,33.51705,43.30125,0.00096533744,0.0,0.31342164,0.7588356
2843,27.476673,0.0,17.042416,43.301292,0.0013021291,0.0,0.2910772,0.758831
2844,32.444572,0.0,19.002096,43.301308,0.0013099423,0.0,0.2997259,0.758827
2845,35.444866,0.0,33.19922,43.30133,0.00093065546,0.0,0.310301,0.75882304
2846,34.818268,0.0,26.895939,43.30134,0.0011104044,0.0,0.3007524,0.75881934
2847,36.29288,0.0,13.883644,43.301353,0.0015749768,0.0,0.34678003,0.7588158
2848,35.090637,0.0,22.581547,43.301353,0.0011347164,0.0,0.29933143,0.75881267
2849,31.82605,0.0,22.26301,43.301373,0.001461327,0.0,0.32595485,0.7588096
2850,29.840826,0.0,20.328869,43.30139,0.0013180784,0.0,0.3105296,0.7588067
2851,31.142859,0.0,15.342865,43.30137,0.0014619016,0.0,0.33755535,0.7588042
2852,29.754074,0.0,26.731266,43.301365,0.0007776536,0.0,0.36306092,0.7588019
2853,33.27206,0.0,28.087551,43.301403,0.0010349812,0.0,0.32365376,0.75879955
2854,41.234966,0.0,21.104013,43.301464,0.00089774904,0.0,0.32408476,0.75879735
2855,33.482944,0.0,22.938612,43.30154,0.0008832575,0.0,0.35405147,0.7587952
2856,67.866264,0.0,39.09107,43.30157,0.00093125756,0.0,0.30421704,0.758793
2857,32.338844,0.0,21.79885,43.30161,0.00094210793,0.0,0.32053354,0.75879097
2858,31.214794,0.0,22.873604,43.30166,0.00093137985,0.0,0.2851259,0.758789
2859,33.457127,0.0,30.235392,43.30172,0.0012594004,0.0,0.27253374,0.758787
2860,24.026209,0.0,24.963932,43.301754,0.00094728125,0.0,0.3165788,0.75878507
2861,38.92476,0.0,46.599915,43.30175,0.0010851611,0.0,0.31405672,0.75878316
2862,42.351482,0.0,31.213167,43.301754,0.0013263713,0.0,0.3154707,0.75878125
2863,38.58177,0.0,21.659481,43.301796,0.0011116508,0.0,0.31475604,0.75877947
2864,26.71485,0.0,22.547253,43.30183,0.0010466324,0.0,0.29668763,0.7587776
2865,26.794542,0.0,23.954174,43.30182,0.0008503021,0.0,0.29068494,0.7587759
2866,39.257683,0.0,22.885393,43.3018,0.0010229521,0.0,0.33058566,0.7587757
2867,28.612236,0.0,13.451486,43.30176,0.0011645416,0.0,0.30256784,0.7587755
2868,27.419493,0.0,23.504673,43.30172,0.0010639247,0.0,0.3162771,0.75877947
2869,31.727259,0.0,35.428383,43.30167,0.0011914604,0.0,0.3145674,0.7587832
2870,34.225716,0.0,26.165434,43.30163,0.0016702156,0.0,0.2798408,0.7587865
2871,38.3795,0.0,21.39702,43.301617,0.0011605644,0.0,0.327034,0.75879204
2872,36.800697,0.0,27.904829,43.301598,0.0009859299,0.0,0.35268843,0.75879705
2873,30.650257,0.0,18.154398,43.301567,0.0009347393,0.0,0.33189172,0.7588015
2874,39.729206,0.0,23.300507,43.3015,0.0014541447,0.0,0.29438615,0.75880545
2875,65.9842,0.0,35.26451,43.3014,0.0009862037,0.0,0.30726713,0.75880903
2876,39.329704,0.0,19.12416,43.301315,0.0010248665,0.0,0.29977426,0.7588134
2877,62.575104,0.0,26.39292,43.30123,0.0011375335,0.0,0.35703892,0.75881726
2878,31.252184,0.0,27.014345,43.301163,0.0011899185,0.0,0.29444137,0.75882083
2879,37.953785,0.0,20.848425,43.301105,0.0012186699,0.0,0.34906673,0.7588237
2880,26.164139,0.0,18.64528,43.30105,0.0010674656,0.0,0.33340785,0.75882536
2881,33.73153,0.0,37.189957,43.30102,0.00097507285,0.0,0.3279863,0.7588268
2882,50.58335,0.0,44.69028,43.300953,0.00089975586,0.0,0.33831117,0.75882715
2883,32.873566,0.0,19.595165,43.30091,0.0010137268,0.0,0.29827303,0.7588274
2884,31.044998,0.0,22.216244,43.300873,0.0010787027,0.0,0.320424,0.7588273
2885,33.58986,0.0,21.49194,43.300877,0.0008448057,0.0,0.3146121,0.7588274
2886,40.128548,0.0,26.562,43.300858,0.002260489,0.0,0.3261577,0.7588272
2887,30.675407,0.0,21.449003,43.30086,0.0010774899,0.0,0.3208383,0.75882655
2888,38.635303,0.0,24.92412,43.30091,0.0012618948,0.0,0.32002944,0.7588259
2889,33.078987,0.0,32.264503,43.301,0.00084139215,0.0,0.3113689,0.7588251
2890,37.69308,0.0,16.045938,43.301067,0.0013177496,0.0,0.3214538,0.75882435
2891,47.133774,0.0,29.12401,43.301136,0.001509758,0.0,0.340209,0.7588235
2892,29.278328,0.0,22.925999,43.301186,0.00091428857,0.0,0.32850158,0.7588226
2893,39.852905,0.0,25.072954,43.30123,0.0011933525,0.0,0.27760458,0.75882167
2894,42.398144,0.0,29.699259,43.30128,0.00082858535,0.0,0.32568973,0.7588227
2895,37.922836,0.0,31.697624,43.30132,0.0010955877,0.0,0.29604846,0.7588235
2896,35.22687,0.0,18.788939,43.301346,0.0008950378,0.0,0.29770824,0.7588249
2897,43.088947,0.0,21.53553,43.3014,0.00076626055,0.0,0.30953458,0.75882614
2898,31.251415,0.0,20.105257,43.301453,0.0012434744,0.0,0.34521005,0.7588272
2899,32.266514,0.0,28.83495,43.301502,0.0009513374,0.0,0.3239113,0.7588279
2900,39.281723,0.0,35.216087,43.30153,0.0010622309,0.0,0.31122658,0.7588286
2901,43.052147,0.0,27.97172,43.301525,0.0011913597,0.0,0.3162027,0.758829
2902,34.551,0.0,29.989956,43.30149,0.0011135843,0.0,0.3098339,0.7588293
2903,31.098892,0.0,28.09577,43.301434,0.0011685294,0.0,0.3203898,0.7588294
2904,36.977123,0.0,17.421368,43.301426,0.0013904035,0.0,0.33430356,0.75882936
2905,35.899426,0.0,21.578554,43.301414,0.001154555,0.0,0.3594606,0.75882924
2906,29.717594,0.0,19.310087,43.30141,0.0010245715,0.0,0.33487177,0.75882894
2907,40.608704,0.0,27.524584,43.301403,0.00115019,0.0,0.29569316,0.7588285
2908,28.479143,0.0,26.65251,43.301422,0.0010373057,0.0,0.3115619,0.758828
2909,30.855274,0.0,20.793783,43.30145,0.0010679953,0.0,0.31086606,0.7588279
2910,41.192787,0.0,18.859114,43.30147,0.001632476,0.0,0.3262448,0.7588276
2911,38.960213,0.0,28.853899,43.3015,0.0008559994,0.0,0.32860976,0.75882727
2912,27.956453,0.0,23.914518,43.301537,0.0011925157,0.0,0.30511788,0.75882685
2913,33.54221,0.0,37.852516,43.30161,0.0013891463,0.0,0.33770484,0.7588262
2914,38.134865,0.0,47.015167,43.301624,0.0011807358,0.0,0.32735953,0.7588255
2915,28.003332,0.0,35.970108,43.301617,0.0012479207,0.0,0.32845765,0.75882477
2916,29.255533,0.0,28.504787,43.301613,0.0014653828,0.0,0.32997575,0.7588237
2917,38.501904,0.0,19.4839,43.301662,0.00095845,0.0,0.31079096,0.7588226
2918,30.27919,0.0,20.447557,43.301735,0.0011484993,0.0,0.32996207,0.7588215
2919,39.793407,0.0,28.741682,43.301777,0.0012868394,0.0,0.33057293,0.75882035
2920,31.694975,0.0,17.761288,43.30186,0.0012390761,0.0,0.3021165,0.7588258
2921,53.990093,0.0,21.537573,43.30196,0.0013301134,0.0,0.34209913,0.75883055
2922,40.655125,0.0,17.182055,43.302036,0.00080307154,0.0,0.32737952,0.7588346
2923,33.976574,0.0,17.839823,43.302113,0.0010769394,0.0,0.378002,0.7588382
2924,51.50452,0.0,33.94956,43.30219,0.000851094,0.0,0.3259487,0.7588414
2925,38.66172,0.0,23.836775,43.30221,0.0010096676,0.0,0.32674474,0.75884396
2926,28.765842,0.0,26.803312,43.302235,0.0011376897,0.0,0.34083265,0.75884634
2927,34.872974,0.0,38.29233,43.302227,0.001181822,0.0,0.30013523,0.7588485
2928,51.709835,0.0,36.369904,43.30225,0.0009555983,0.0,0.34178564,0.75884885
2929,43.177414,0.0,31.237276,43.302277,0.0011523388,0.0,0.3187304,0.758849
2930,35.744904,0.0,20.779964,43.302296,0.0010173039,0.0,0.3077565,0.758849
2931,54.575893,0.0,22.557972,43.302326,0.0008881967,0.0,0.31349814,0.7588489
2932,34.61989,0.0,17.111633,43.30236,0.0009862122,0.0,0.3392223,0.75884855
2933,36.653156,0.0,21.701977,43.30238,0.0012792787,0.0,0.32782623,0.7588482
2934,42.968807,0.0,21.53069,43.302364,0.001400305,0.0,0.2936625,0.7588478
2935,28.14153,0.0,22.06956,43.302334,0.0009664842,0.0,0.34312412,0.75884706
2936,35.321186,0.0,19.03772,43.30232,0.0012858713,0.0,0.30148238,0.75884634
2937,46.82788,0.0,23.853142,43.30231,0.0010284227,0.0,0.3451544,0.75884557
2938,41.746803,0.0,33.91057,43.302353,0.0012977257,0.0,0.32502672,0.7588502
2939,24.20626,0.0,36.31927,43.30238,0.0014649774,0.0,0.31116828,0.75885445
2940,30.439558,0.0,33.110813,43.302464,0.0010777503,0.0,0.2896198,0.75886154
2941,42.758522,0.0,23.015245,43.302574,0.0011337241,0.0,0.3375864,0.758867
2942,32.720222,0.0,30.26431,43.302692,0.0010317488,0.0,0.28906125,0.758872
2943,39.407913,0.0,30.592468,43.30285,0.0011389318,0.0,0.31385958,0.7588762
2944,37.305202,0.0,42.76927,43.303,0.0011777382,0.0,0.33171627,0.75888014
2945,35.037304,0.0,23.769173,43.303146,0.0008823974,0.0,0.3313914,0.75888336
2946,45.283146,0.0,25.017344,43.30328,0.0008898221,0.0,0.33142263,0.7588863
2947,33.81075,0.0,25.919998,43.30337,0.0011691308,0.0,0.3015767,0.75888884
2948,35.977142,0.0,27.376358,43.30344,0.001098437,0.0,0.30771714,0.7588874
2949,52.52671,0.0,21.889177,43.303463,0.0013348175,0.0,0.3082654,0.75888604
2950,37.067173,0.0,29.830763,43.30351,0.00090743776,0.0,0.32779953,0.7588845
2951,52.403614,0.0,24.930136,43.30356,0.0010449941,0.0,0.35415277,0.7588831
2952,35.591534,0.0,32.76289,43.303642,0.0016034034,0.0,0.29724663,0.7588817
2953,34.216408,0.0,23.510315,43.30375,0.001258072,0.0,0.37278873,0.7588803
2954,53.380173,0.0,31.611597,43.30386,0.0011358941,0.0,0.34632215,0.75887895
2955,41.567978,0.0,28.292255,43.30398,0.0010547261,0.0,0.3270828,0.7588788
2956,29.500444,0.0,19.692354,43.304104,0.00095298205,0.0,0.31170708,0.7588802
2957,53.300816,0.0,28.158073,43.304222,0.001139331,0.0,0.31287277,0.7588841
2958,34.047382,0.0,22.098719,43.304333,0.0012105099,0.0,0.31733358,0.7588879
2959,35.419605,0.0,20.895914,43.304436,0.0014792284,0.0,0.30106682,0.75889117
2960,43.19249,0.0,20.147936,43.30454,0.0011514626,0.0,0.2890121,0.7588928
2961,23.86115,0.0,21.61243,43.304638,0.001228518,0.0,0.27930313,0.75889426
2962,42.309483,0.0,24.811459,43.3047,0.00120409,0.0,0.33188748,0.7588948
2963,30.566622,0.0,24.94273,43.304752,0.0013629743,0.0,0.30224574,0.7588963
2964,31.507019,0.0,20.212894,43.304794,0.0011960522,0.0,0.33788007,0.7588991
2965,44.00118,0.0,27.59285,43.304836,0.0011597752,0.0,0.31909195,0.75890166
2966,34.858494,0.0,23.02956,43.304943,0.0010032789,0.0,0.28911623,0.7589038
2967,24.596743,0.0,34.523235,43.30505,0.00093116955,0.0,0.3090154,0.7589057
2968,41.915318,0.0,27.130632,43.30513,0.0010691419,0.0,0.32277328,0.7589073
2969,53.01027,0.0,28.386362,43.305237,0.000971828,0.0,0.32634524,0.75890815
2970,42.2336,0.0,25.264425,43.305355,0.0009212224,0.0,0.31186384,0.7589089
2971,38.37849,0.0,21.130241,43.305477,0.0011406469,0.0,0.31976187,0.75890946
2972,34.638577,0.0,25.372242,43.305622,0.0009738882,0.0,0.3043455,0.7589098
2973,36.497036,0.0,29.27778,43.30573,0.0010623906,0.0,0.33628055,0.75891006
2974,39.033306,0.0,18.719707,43.305832,0.0009730814,0.0,0.3059853,0.7589101
2975,40.556347,0.0,21.876787,43.30592,0.00094481965,0.0,0.31248784,0.75891006
2976,29.58332,0.0,26.788994,43.305996,0.000971457,0.0,0.29992026,0.7589101
2977,25.061085,0.0,26.44163,43.306103,0.0013966656,0.0,0.2961849,0.7589099
2978,36.19545,0.0,20.227692,43.30617,0.0011072484,0.0,0.3311566,0.7589096
2979,33.392895,0.0,22.00139,43.30626,0.00088159525,0.0,0.32331258,0.7589093
2980,42.485638,0.0,23.464317,43.306313,0.0015324315,0.0,0.3257344,0.75890875
2981,39.072006,0.0,21.978868,43.306335,0.0009804382,0.0,0.2966656,0.75890684
2982,31.381025,0.0,19.452888,43.306347,0.0009085481,0.0,0.31271443,0.75890535
2983,27.553207,0.0,23.52827,43.30632,0.0009854417,0.0,0.3528142,0.7589038
2984,39.01832,0.0,27.46921,43.306316,0.0013483432,0.0,0.33023992,0.7589024
2985,31.582846,0.0,16.6854,43.30629,0.0008566703,0.0,0.3242482,0.7589003
2986,32.8471,0.0,35.10888,43.306274,0.0012891354,0.0,0.29265416,0.7588984
2987,49.340412,0.0,23.756193,43.306255,0.0011770951,0.0,0.32859594,0.7588964
2988,33.897995,0.0,14.875806,43.306255,0.0010466557,0.0,0.32446304,0.7588945
2989,71.337105,0.0,15.760868,43.306236,0.0010680603,0.0,0.3158307,0.7588927
2990,32.73256,0.0,21.712477,43.306213,0.0008242277,0.0,0.33205265,0.75889087
2991,50.26668,0.0,37.504284,43.30618,0.0007589301,0.0,0.28335103,0.758889
2992,43.59971,0.0,18.695356,43.306217,0.00089435314,0.0,0.3091689,0.75888723
2993,36.69803,0.0,24.487162,43.306248,0.00094126805,0.0,0.30813885,0.7588855
2994,41.069187,0.0,18.735214,43.306282,0.0013203803,0.0,0.30568022,0.7588838
2995,44.157017,0.0,20.439661,43.30633,0.0011345042,0.0,0.30040297,0.758882
2996,36.564304,0.0,32.039715,43.306427,0.0008702415,0.0,0.28776383,0.7588804
2997,47.752525,0.0,19.432943,43.30647,0.0008522447,0.0,0.31491384,0.7588898
2998,37.751465,0.0,20.75767,43.306503,0.00086262956,0.0,0.34169835,0.7588983
2999,31.017708,0.0,17.027697,43.30652,0.0009808665,0.0,0.2932077,0.75890845
3000,37.386868,0.0,42.84817,43.306526,0.0010526527,0.0,0.3483985,0.75891775
3001,33.47744,0.0,14.623207,43.306545,0.00092185166,0.0,0.30894864,0.758926
3002,42.524334,0.0,31.150534,43.30655,0.0010237489,0.0,0.31931478,0.7589335
3003,37.617916,0.0,16.73332,43.306538,0.0007176148,0.0,0.30636898,0.75894
3004,36.252094,0.0,24.870134,43.306522,0.00089683663,0.0,0.32828644,0.75894684
3005,39.28778,0.0,26.964075,43.30649,0.0009908675,0.0,0.30405942,0.7589529
3006,31.736012,0.0,27.919783,43.306442,0.0008121161,0.0,0.32815376,0.7589583
3007,32.37342,0.0,20.06856,43.30641,0.0010645667,0.0,0.32252735,0.75896335
3008,30.215189,0.0,27.50505,43.3063,0.00091019593,0.0,0.2785173,0.75896776
3009,41.197483,0.0,34.435776,43.306183,0.0010871633,0.0,0.2840614,0.75897175
3010,32.902725,0.0,20.135185,43.306114,0.00078382966,0.0,0.3010601,0.75897604
3011,23.023693,0.0,26.868177,43.306053,0.0009835329,0.0,0.30094588,0.75898004
3012,35.23654,0.0,19.053219,43.30602,0.0011411242,0.0,0.29548904,0.75898385
3013,40.13725,0.0,30.02087,43.305984,0.00122816,0.0,0.3447628,0.7589871
3014,36.43882,0.0,17.293604,43.305874,0.0017785628,0.0,0.3499311,0.75899017
3015,32.148445,0.0,15.014876,43.30579,0.0012258425,0.0,0.28627777,0.75899285
3016,48.277435,0.0,20.955462,43.305717,0.001171822,0.0,0.32652366,0.7589951
3017,30.805676,0.0,24.85742,43.305664,0.0014173411,0.0,0.2954647,0.7589971
3018,39.168198,0.0,27.28241,43.305614,0.0012517668,0.0,0.32507178,0.7589988
3019,32.78421,0.0,16.940535,43.305565,0.0011683868,0.0,0.31825966,0.7590002
3020,45.79937,0.0,27.326223,43.305527,0.0011766215,0.0,0.31094944,0.7590013
3021,39.009068,0.0,17.53466,43.305485,0.0013403198,0.0,0.33844838,0.75900096
3022,38.277084,0.0,17.891663,43.305443,0.00094511453,0.0,0.29131517,0.7590027
3023,45.041683,0.0,26.746805,43.305412,0.0010537839,0.0,0.31950134,0.7590043
3024,41.369167,0.0,19.204296,43.305416,0.0008387798,0.0,0.32845336,0.75900555
3025,43.785313,0.0,16.512135,43.30542,0.00090033,0.0,0.29150602,0.75900656
3026,32.729675,0.0,38.050373,43.30542,0.0010757053,0.0,0.2970354,0.7590074
3027,24.100948,0.0,26.707977,43.305397,0.001296909,0.0,0.31668586,0.75900805
3028,27.726282,0.0,25.725595,43.305344,0.00095468294,0.0,0.31859142,0.75900865
3029,26.809607,0.0,22.34803,43.30529,0.00073863403,0.0,0.28471088,0.7590088
3030,40.58197,0.0,16.938272,43.30522,0.001334105,0.0,0.31267723,0.7590089
3031,32.50339,0.0,17.500084,43.305145,0.00091408094,0.0,0.32195926,0.7590089
3032,44.615936,0.0,15.499095,43.305065,0.00096497487,0.0,0.29987985,0.75900877
3033,32.249756,0.0,19.52226,43.305004,0.00087530015,0.0,0.2920152,0.7590086
3034,42.02285,0.0,12.344369,43.30494,0.000971204,0.0,0.31298098,0.75900817
3035,32.7997,0.0,23.035662,43.304874,0.00084588444,0.0,0.31094635,0.7590076
3036,38.027695,0.0,28.681757,43.304832,0.0011983907,0.0,0.31549487,0.75900716
3037,31.23533,0.0,25.533081,43.30479,0.0010847852,0.0,0.34276247,0.7590064
3038,34.096558,0.0,26.377628,43.304756,0.0009125803,0.0,0.30012852,0.75900567
3039,33.327717,0.0,29.512505,43.30475,0.0010881971,0.0,0.32109362,0.759005
3040,33.047573,0.0,24.873974,43.30477,0.0013303633,0.0,0.318354,0.7590079
3041,45.760456,0.0,30.763754,43.30481,0.0011535869,0.0,0.33798036,0.7590104
3042,27.926939,0.0,28.349352,43.304886,0.0010003416,0.0,0.29162294,0.7590124
3043,37.29341,0.0,22.28383,43.304974,0.0012131648,0.0,0.31024313,0.7590142
3044,32.857975,0.0,16.254744,43.305073,0.0013134144,0.0,0.30847132,0.7590158
3045,22.078857,0.0,20.821476,43.30514,0.0011876482,0.0,0.312443,0.75901693
3046,38.543064,0.0,24.821226,43.30521,0.0010070361,0.0,0.32051504,0.75901794
3047,21.66466,0.0,13.61924,43.30524,0.0011333349,0.0,0.3109374,0.7590185
3048,25.838041,0.0,22.589256,43.30525,0.0010442594,0.0,0.31630898,0.75901884
3049,39.673317,0.0,21.389849,43.305256,0.0009299144,0.0,0.3199425,0.7590191
3050,68.13375,0.0,14.2032795,43.305233,0.0009260636,0.0,0.32949096,0.75902104
3051,40.972485,0.0,24.031275,43.305202,0.0009704763,0.0,0.34232733,0.75902283
3052,35.27788,0.0,19.610672,43.305138,0.0008230626,0.0,0.34029168,0.7590242
3053,52.662117,0.0,38.79874,43.305058,0.0010121486,0.0,0.34687907,0.7590255
3054,45.228596,0.0,24.128466,43.30495,0.0010231659,0.0,0.30761313,0.7590265
3055,41.52221,0.0,24.932335,43.304825,0.0009863684,0.0,0.3194039,0.75902843
3056,25.130875,0.0,23.981485,43.304707,0.0007277322,0.0,0.2947094,0.75903004
3057,37.010326,0.0,18.825872,43.304596,0.0008135092,0.0,0.3373298,0.75903136
3058,30.55391,0.0,21.117285,43.30446,0.0010253009,0.0,0.35089326,0.7590357
3059,35.303226,0.0,17.736223,43.30437,0.00080928917,0.0,0.32819593,0.75903964
3060,37.183315,0.0,20.754515,43.304283,0.0008454569,0.0,0.32421118,0.7590432
3061,41.304802,0.0,29.522457,43.304195,0.0014854454,0.0,0.3938064,0.7590464
3062,71.76083,0.0,20.597527,43.304142,0.0007960404,0.0,0.31789625,0.7590489
3063,33.42252,0.0,27.608759,43.3041,0.0009680684,0.0,0.32514185,0.7590509
3064,34.53791,0.0,23.189457,43.304058,0.0012802088,0.0,0.34102774,0.75905275
3065,74.518364,0.0,27.609062,43.304,0.00083789293,0.0,0.32678127,0.75905424
3066,39.595955,0.0,16.75259,43.303944,0.0011136866,0.0,0.3491022,0.75905573
3067,35.829998,0.0,18.170067,43.303894,0.00092499016,0.0,0.31746495,0.7590582
3068,35.94894,0.0,43.57897,43.303806,0.00085471,0.0,0.28830212,0.75906044
3069,29.049906,0.0,23.591936,43.303783,0.000897764,0.0,0.34835085,0.7590623
3070,49.14571,0.0,23.615448,43.30378,0.0009636157,0.0,0.38237816,0.759064
3071,53.455074,0.0,22.686775,43.303833,0.00079965545,0.0,0.35121557,0.7590655
3072,41.35906,0.0,23.464128,43.303932,0.001191217,0.0,0.3189075,0.7590666
3073,47.348625,0.0,23.9857,43.30401,0.0009828605,0.0,0.32203025,0.7590676
3074,29.017832,0.0,26.194336,43.30408,0.0013299164,0.0,0.2934731,0.75906837
3075,52.860657,0.0,25.940308,43.304157,0.0014941683,0.0,0.31584656,0.7590688
3076,31.125204,0.0,22.24483,43.304203,0.0010537659,0.0,0.31957626,0.7590769
3077,31.790894,0.0,40.66953,43.304253,0.0011023915,0.0,0.32564887,0.759084
3078,39.1738,0.0,37.40432,43.3042,0.0011033718,0.0,0.31556004,0.75909024
3079,46.48808,0.0,18.376696,43.304165,0.000977774,0.0,0.33291245,0.7590957
3080,34.287327,0.0,26.301018,43.304134,0.0010785079,0.0,0.30956835,0.7591006
3081,26.540867,0.0,22.504473,43.304123,0.00087151106,0.0,0.31203935,0.75910485
3082,34.29404,0.0,18.149984,43.304134,0.0008378136,0.0,0.35868543,0.7591086
3083,36.838314,0.0,37.54737,43.304165,0.00097016495,0.0,0.32656908,0.75911176
3084,41.99139,0.0,19.669947,43.304245,0.0011068454,0.0,0.30796245,0.75911456
3085,34.81582,0.0,24.685154,43.3043,0.0008338111,0.0,0.32425842,0.759117
3086,33.516438,0.0,17.402712,43.304317,0.00103512,0.0,0.32785374,0.7591194
3087,38.01259,0.0,19.42089,43.30433,0.0010840767,0.0,0.31055665,0.7591215
3088,35.18907,0.0,17.427574,43.304314,0.0008265536,0.0,0.3419425,0.7591232
3089,27.851732,0.0,25.358826,43.30429,0.0012733255,0.0,0.3497189,0.75912565
3090,49.002625,0.0,20.86316,43.3043,0.0012503453,0.0,0.35808867,0.7591276
3091,34.499863,0.0,17.42259,43.304333,0.0011078226,0.0,0.33250195,0.75912935
3092,33.687042,0.0,21.580566,43.30438,0.0010425086,0.0,0.29294804,0.7591308
3093,51.562656,0.0,24.878649,43.304436,0.0010042976,0.0,0.27793562,0.7591319
3094,28.955574,0.0,14.36633,43.304523,0.00083055225,0.0,0.3543936,0.75913286
3095,44.527443,0.0,19.243914,43.304573,0.0006310342,0.0,0.34590816,0.7591335
3096,32.22552,0.0,19.85585,43.30458,0.0018398295,0.0,0.3050545,0.75913405
3097,52.305046,0.0,25.295303,43.30458,0.0011899467,0.0,0.3376909,0.75913423
3098,42.25853,0.0,21.288385,43.30457,0.00092305336,0.0,0.35388634,0.7591343
3099,28.210789,0.0,22.575865,43.30456,0.0009708299,0.0,0.30148715,0.75913423
3100,33.04216,0.0,15.812737,43.304546,0.0014393529,0.0,0.32351336,0.75913393
3101,37.77705,0.0,17.987782,43.304565,0.0013646728,0.0,0.2877072,0.75913364
3102,62.22466,0.0,22.468294,43.30457,0.0011503771,0.0,0.34806225,0.75913316
3103,40.166172,0.0,17.18135,43.30459,0.0010739492,0.0,0.3393008,0.7591326
3104,39.874317,0.0,22.905031,43.30463,0.0011891137,0.0,0.33385634,0.7591319
3105,40.50703,0.0,18.869373,43.304695,0.0008611501,0.0,0.33471304,0.7591309
3106,42.326694,0.0,25.859327,43.304768,0.0009248499,0.0,0.33061433,0.75912964
3107,29.293337,0.0,13.845026,43.304813,0.00085597433,0.0,0.31111068,0.7591283
3108,33.255142,0.0,19.668966,43.30484,0.0010257063,0.0,0.32549605,0.759128
3109,43.59256,0.0,16.678995,43.304848,0.0010688873,0.0,0.3413014,0.7591277
3110,27.485302,0.0,22.173515,43.30487,0.0014901226,0.0,0.3607779,0.75912726
3111,34.365932,0.0,17.058313,43.304913,0.000803362,0.0,0.33443114,0.7591266
3112,23.275906,0.0,32.74223,43.304966,0.0011627203,0.0,0.351292,0.7591259
3113,40.131275,0.0,24.735125,43.305096,0.0009882267,0.0,0.34627724,0.7591251
3114,35.335903,0.0,17.029202,43.305218,0.0012590219,0.0,0.31289738,0.7591244
3115,42.65304,0.0,30.465893,43.30534,0.0010173925,0.0,0.3292904,0.7591188
3116,34.864544,0.0,20.11928,43.305447,0.00097523804,0.0,0.33660087,0.75911367
3117,34.068947,0.0,24.922684,43.305588,0.0008849815,0.0,0.34885854,0.7591088
3118,40.222874,0.0,20.640171,43.305683,0.0014088684,0.0,0.3342279,0.75910455
3119,36.62907,0.0,26.845684,43.305782,0.0008337504,0.0,0.3043732,0.7591004
3120,37.36725,0.0,27.548767,43.305893,0.00096501096,0.0,0.35554045,0.75909877
3121,23.54716,0.0,22.080585,43.306053,0.0011100248,0.0,0.31052122,0.7590974
3122,43.255283,0.0,21.282667,43.306175,0.0011276331,0.0,0.31128287,0.759096
3123,42.813076,0.0,31.9059,43.30629,0.00071849435,0.0,0.3355798,0.75909483
3124,35.198395,0.0,29.0333,43.30639,0.001142375,0.0,0.30686274,0.75909346
3125,29.922924,0.0,19.66063,43.306507,0.0011512034,0.0,0.32644188,0.75909203
3126,46.625263,0.0,16.298853,43.30661,0.00125475,0.0,0.28330475,0.7590908
3127,35.718273,0.0,21.600725,43.306675,0.0011180295,0.0,0.35387605,0.75908935
3128,46.310314,0.0,36.837753,43.30675,0.0012069342,0.0,0.33800757,0.759088
3129,35.678024,0.0,21.150785,43.30683,0.0008363158,0.0,0.32710323,0.75908655
3130,34.844604,0.0,18.808947,43.306915,0.00097538036,0.0,0.32721055,0.7590852
3131,34.092674,0.0,19.869812,43.307007,0.0010923373,0.0,0.32378384,0.75908375
3132,37.01325,0.0,18.836817,43.30707,0.0011987581,0.0,0.32868665,0.7590823
3133,28.954561,0.0,19.100838,43.307125,0.0010116731,0.0,0.33580524,0.7590808
3134,51.671215,0.0,26.331537,43.307163,0.0009580045,0.0,0.35918555,0.7590796
3135,31.251684,0.0,26.575212,43.30722,0.0012709209,0.0,0.2989087,0.75907826
3136,30.680672,0.0,20.679808,43.307293,0.0012493539,0.0,0.29404235,0.75907516
3137,22.425264,0.0,27.5623,43.307346,0.0012538128,0.0,0.3041118,0.75907207
3138,29.276169,0.0,34.973457,43.30739,0.0013579627,0.0,0.25386202,0.75906926
3139,49.5164,0.0,21.638113,43.307465,0.0012637337,0.0,0.31045032,0.7590663
3140,41.26413,0.0,23.463871,43.30752,0.0014649685,0.0,0.32579887,0.7590636
3141,46.510708,0.0,15.122422,43.30759,0.0015145482,0.0,0.30638638,0.759061
3142,46.6631,0.0,20.192001,43.30764,0.0009921965,0.0,0.29544717,0.7590585
3143,53.680885,0.0,18.904583,43.30769,0.0010271484,0.0,0.29885152,0.75905615
3144,40.797367,0.0,42.91832,43.307724,0.0008177835,0.0,0.32961404,0.7590558
3145,37.992653,0.0,19.152752,43.307762,0.0015415315,0.0,0.29744005,0.7590556
3146,33.068424,0.0,41.13865,43.307762,0.0009730926,0.0,0.317303,0.7590553
3147,47.279884,0.0,29.559246,43.307724,0.00096080394,0.0,0.31454778,0.7590551
3148,39.74299,0.0,25.342688,43.307724,0.0010539067,0.0,0.34122515,0.7590548
3149,55.067043,0.0,18.016653,43.307686,0.0011943359,0.0,0.29563874,0.7590542
3150,46.576538,0.0,31.299337,43.30767,0.0010144757,0.0,0.33581334,0.7590537
3151,53.59346,0.0,15.315965,43.30765,0.0010972603,0.0,0.35235208,0.7590532
3152,38.4843,0.0,22.951355,43.307613,0.0010432926,0.0,0.3472004,0.7590526
3153,37.2646,0.0,17.80417,43.30757,0.0009863452,0.0,0.35083246,0.75905186
3154,34.44183,0.0,23.852976,43.30752,0.0010739304,0.0,0.32642898,0.759051
3155,37.52628,0.0,21.947666,43.307472,0.0009403279,0.0,0.32362255,0.75905037
3156,36.460545,0.0,33.433994,43.307453,0.0009851771,0.0,0.3317737,0.7590494
3157,28.325123,0.0,26.770967,43.30743,0.0009566181,0.0,0.3399787,0.7590485
3158,58.74748,0.0,23.079226,43.307392,0.0011307842,0.0,0.3446792,0.7590476
3159,31.213343,0.0,30.605635,43.307358,0.0010831713,0.0,0.31560707,0.75904644
3160,24.277246,0.0,20.751085,43.307278,0.00104577,0.0,0.29723355,0.75904536
3161,49.8666,0.0,20.859518,43.3072,0.0015920628,0.0,0.323878,0.7590443
3162,47.479134,0.0,20.625975,43.307137,0.0006908504,0.0,0.3531092,0.75904316
3163,35.41376,0.0,28.736893,43.30705,0.0009998884,0.0,0.29161137,0.7590419
3164,31.661022,0.0,26.524834,43.306923,0.00063995156,0.0,0.33626986,0.7590407
3165,48.59994,0.0,31.489258,43.30678,0.00082299626,0.0,0.32157183,0.7590395
3166,34.785305,0.0,29.718454,43.30657,0.0017082657,0.0,0.32488948,0.75903827
3167,25.613892,0.0,22.986162,43.30636,0.00093145174,0.0,0.28252763,0.75903696
3168,31.744743,0.0,14.136271,43.306168,0.0011256284,0.0,0.3291991,0.7590356
3169,34.218124,0.0,20.28632,43.306004,0.0011779196,0.0,0.32060784,0.7590343
3170,37.38614,0.0,19.990519,43.305866,0.0009892422,0.0,0.31234968,0.7590329
3171,36.55151,0.0,19.827673,43.305782,0.0013830892,0.0,0.32374614,0.75903165
3172,45.801235,0.0,16.886065,43.305702,0.0011337805,0.0,0.32321268,0.75903034
3173,32.69654,0.0,26.104338,43.30565,0.0010138884,0.0,0.31389698,0.7590292
3174,38.577736,0.0,23.019674,43.30563,0.00090983574,0.0,0.28980827,0.759026
3175,24.978409,0.0,18.183374,43.305626,0.0010317125,0.0,0.3007781,0.75902456
3176,40.95193,0.0,21.666645,43.30565,0.0009668957,0.0,0.29689515,0.7590232
3177,37.220314,0.0,28.82437,43.305668,0.0010315846,0.0,0.29336327,0.75902176
3178,24.671385,0.0,21.460844,43.30568,0.0010398794,0.0,0.31721273,0.7590205
3179,28.814123,0.0,19.50633,43.3057,0.0010109609,0.0,0.31092274,0.75901926
3180,30.902807,0.0,27.16586,43.305714,0.0011126138,0.0,0.3142571,0.7590179
3181,40.64911,0.0,23.253035,43.305725,0.0010266646,0.0,0.32831404,0.7590166
3182,28.645683,0.0,25.82323,43.30574,0.0011940356,0.0,0.34485492,0.75901526
3183,40.816013,0.0,24.640795,43.305775,0.0011682464,0.0,0.32593855,0.75901574
3184,35.268208,0.0,27.919298,43.3058,0.0009809475,0.0,0.26918787,0.7590166
3185,69.80949,0.0,26.574572,43.305813,0.00086271844,0.0,0.30538648,0.75901717
3186,39.490746,0.0,26.040754,43.305817,0.0011841045,0.0,0.3384138,0.7590176
3187,35.172882,0.0,24.761238,43.30581,0.00079664786,0.0,0.3470124,0.7590177
3188,45.660595,0.0,27.915419,43.305855,0.00081461965,0.0,0.30399704,0.7590198
3189,31.918535,0.0,25.304836,43.30591,0.001155044,0.0,0.30491653,0.7590212
3190,41.630943,0.0,19.792154,43.305984,0.0009740683,0.0,0.34063548,0.75902236
3191,54.882114,0.0,16.2821,43.306053,0.0009963985,0.0,0.31011292,0.7590234
3192,29.173336,0.0,19.58202,43.306118,0.0007166173,0.0,0.36867684,0.75902456
3193,37.564274,0.0,42.775146,43.306156,0.0008605487,0.0,0.33443058,0.7590256
3194,44.383785,0.0,31.029118,43.306087,0.0012235392,0.0,0.33227694,0.75902647
3195,36.34824,0.0,23.120947,43.306007,0.0006922679,0.0,0.3186565,0.7590266
3196,30.473457,0.0,40.767048,43.30593,0.00094408955,0.0,0.309637,0.75902677
3197,26.856752,0.0,29.631989,43.305912,0.00085982215,0.0,0.3406139,0.7590267
3198,52.008938,0.0,25.929182,43.305923,0.0009728691,0.0,0.3168798,0.7590264
3199,22.836123,0.0,21.79974,43.305946,0.00089278416,0.0,0.35331056,0.75902605
3200,55.881046,0.0,27.122639,43.306007,0.0010275624,0.0,0.33790958,0.75902563
3201,32.545567,0.0,29.44857,43.306053,0.0009937421,0.0,0.29255235,0.7590251
3202,37.06067,0.0,29.488216,43.30611,0.00094096106,0.0,0.31388557,0.7590244
3203,45.62714,0.0,43.939095,43.306126,0.00074309483,0.0,0.30218217,0.75902367
3204,37.68487,0.0,33.84046,43.306126,0.00090661726,0.0,0.34377322,0.7590229
3205,36.83382,0.0,30.258003,43.3061,0.00090579456,0.0,0.3035736,0.759022
3206,29.344002,0.0,41.52213,43.306057,0.0008423119,0.0,0.283274,0.7590211
3207,39.467255,0.0,29.377214,43.305973,0.00093862554,0.0,0.35916933,0.75902045
3208,61.96066,0.0,20.58969,43.30589,0.0007598567,0.0,0.33351558,0.75902015
3209,38.66294,0.0,29.487957,43.305855,0.0008875086,0.0,0.29035425,0.7590197
3210,40.548782,0.0,19.672827,43.305794,0.0010849272,0.0,0.32528192,0.7590191
3211,41.934776,0.0,34.8567,43.30575,0.00086126674,0.0,0.33974558,0.7590196
3212,42.791542,0.0,20.83545,43.3057,0.0011998973,0.0,0.337715,0.75902003
3213,36.359203,0.0,19.353615,43.305645,0.0013570008,0.0,0.34729454,0.75902015
3214,33.906326,0.0,38.67444,43.30559,0.0015800816,0.0,0.30347678,0.7590204
3215,43.4847,0.0,23.10758,43.305614,0.00092891854,0.0,0.3296992,0.7590204
3216,41.346714,0.0,25.799198,43.305645,0.0009130339,0.0,0.3173281,0.7590203
3217,37.234573,0.0,17.381151,43.305664,0.0010722299,0.0,0.3179138,0.75902
3218,51.732803,0.0,37.875374,43.30567,0.0008438364,0.0,0.2889015,0.75901955
3219,30.073824,0.0,24.338028,43.305645,0.00096028787,0.0,0.3120042,0.7590191
3220,41.97739,0.0,20.721262,43.305607,0.00081650366,0.0,0.29309556,0.75901854
3221,47.06145,0.0,20.158508,43.305576,0.0009686721,0.0,0.3675203,0.75901777
3222,44.802326,0.0,46.920742,43.305534,0.0010419444,0.0,0.34199953,0.759017
3223,36.48331,0.0,24.151327,43.305477,0.0009071689,0.0,0.3130365,0.75901634
3224,41.04828,0.0,29.49269,43.305424,0.0007766745,0.0,0.3277547,0.75901556
3225,26.716898,0.0,23.352617,43.305386,0.0009945356,0.0,0.32312047,0.7590149
3226,30.245369,0.0,20.472612,43.30537,0.0010630905,0.0,0.2920569,0.759014
3227,41.19646,0.0,22.122284,43.30533,0.00086852384,0.0,0.30356345,0.75900686
3228,46.943203,0.0,21.179504,43.3053,0.0017889617,0.0,0.36660218,0.7589958
3229,35.191624,0.0,52.823357,43.305267,0.0010190428,0.0,0.30251765,0.7589859
3230,45.179146,0.0,30.229944,43.30511,0.0013725882,0.0,0.31706914,0.758977
3231,36.52734,0.0,37.85166,43.304985,0.0011243795,0.0,0.33251897,0.758969
3232,31.001974,0.0,29.620623,43.30491,0.001097443,0.0,0.32117596,0.7589617
3233,31.360014,0.0,28.217546,43.304874,0.00088505493,0.0,0.30708936,0.75895506
3234,30.994946,0.0,29.126034,43.30486,0.0009911093,0.0,0.35239166,0.75894904
3235,34.517918,0.0,18.057688,43.304867,0.0008676061,0.0,0.3209262,0.7589435
3236,39.53128,0.0,15.469332,43.30488,0.00089896366,0.0,0.33772632,0.75893855
3237,29.152111,0.0,27.509247,43.304893,0.0011776633,0.0,0.2948365,0.75893384
3238,32.997463,0.0,15.47369,43.304928,0.0009705231,0.0,0.3205589,0.7589288
3239,33.62006,0.0,22.25949,43.30495,0.0012438153,0.0,0.30976602,0.7589241
3240,33.458145,0.0,29.786547,43.304977,0.0013435374,0.0,0.31218594,0.7589199
3241,27.745922,0.0,19.945955,43.304947,0.0011956218,0.0,0.33710665,0.75891584
3242,35.445152,0.0,19.670397,43.304916,0.001086085,0.0,0.32405174,0.758915
3243,44.04127,0.0,14.673846,43.30488,0.0012553047,0.0,0.30917323,0.7589141
3244,58.07876,0.0,38.4257,43.30483,0.0010818988,0.0,0.33729506,0.75891316
3245,31.936829,0.0,26.184547,43.30478,0.00093350466,0.0,0.3434766,0.7589126
3246,36.815266,0.0,45.609783,43.30472,0.0010867224,0.0,0.31638825,0.75891215
3247,32.411674,0.0,21.920946,43.30465,0.0014415536,0.0,0.29399997,0.75891215
3248,37.523373,0.0,15.706826,43.304558,0.0010666248,0.0,0.3237176,0.7589118
3249,51.046055,0.0,24.559685,43.304478,0.0007464022,0.0,0.31187797,0.7589117
3250,32.338924,0.0,33.485477,43.30439,0.0015843338,0.0,0.31356248,0.75891143
3251,48.653435,0.0,15.058315,43.304287,0.0012690255,0.0,0.3216175,0.75891113
3252,40.42803,0.0,20.829014,43.304195,0.0007873179,0.0,0.320309,0.7589108
3253,33.763306,0.0,48.67074,43.30412,0.0011112781,0.0,0.34455013,0.7589101
3254,52.76359,0.0,22.16179,43.304104,0.0014363823,0.0,0.32124627,0.75890946
3255,30.305387,0.0,28.972878,43.304176,0.0011905003,0.0,0.29956636,0.7589101
3256,25.548615,0.0,29.00061,43.304253,0.0010629984,0.0,0.2999837,0.7589106
3257,42.400627,0.0,18.202612,43.304302,0.0012418013,0.0,0.29157913,0.7589108
3258,32.8823,0.0,35.35577,43.30436,0.0011717124,0.0,0.3016925,0.7589109
3259,38.846546,0.0,19.509745,43.3044,0.00081383105,0.0,0.33421654,0.7589108
3260,40.58756,0.0,19.987957,43.30444,0.0012805858,0.0,0.28585595,0.75891054
3261,37.73874,0.0,34.13894,43.304466,0.00092111033,0.0,0.31019768,0.7589102
3262,24.661503,0.0,24.379753,43.304535,0.0008634672,0.0,0.30977052,0.7589097
3263,54.85819,0.0,18.694736,43.30462,0.00091753266,0.0,0.3291465,0.7589091
3264,39.059757,0.0,24.832842,43.30471,0.00088349404,0.0,0.32237116,0.75890833
3265,32.27851,0.0,21.103788,43.30478,0.0010687329,0.0,0.33041775,0.7589075
3266,30.443087,0.0,21.886003,43.304848,0.0011603597,0.0,0.3073426,0.7589067
3267,31.258183,0.0,20.469051,43.304913,0.0009031409,0.0,0.31508753,0.75890577
3268,27.907024,0.0,20.908747,43.304962,0.0011186668,0.0,0.2992093,0.7589047
3269,31.512867,0.0,18.752947,43.305008,0.0010543882,0.0,0.32828093,0.75890374
3270,39.716763,0.0,13.659095,43.305046,0.0009954908,0.0,0.34757864,0.75890255
3271,39.11693,0.0,17.064352,43.305096,0.00093188696,0.0,0.30057928,0.7589014
3272,28.279486,0.0,25.25737,43.305122,0.0009150749,0.0,0.31267318,0.7589002
3273,36.4287,0.0,18.534563,43.305157,0.0008537434,0.0,0.3126698,0.758899
3274,34.071407,0.0,25.446505,43.30522,0.0010023807,0.0,0.32770896,0.7588977
3275,51.627213,0.0,26.16949,43.30534,0.00117447,0.0,0.32755125,0.7588964
3276,38.349216,0.0,16.02125,43.305428,0.0007805803,0.0,0.36009392,0.75889516
3277,27.34624,0.0,27.935986,43.305508,0.0012799879,0.0,0.34716198,0.7588937
3278,43.940243,0.0,20.46846,43.30562,0.0008689083,0.0,0.33686948,0.7588924
3279,33.9581,0.0,25.037493,43.305733,0.0011370054,0.0,0.26940897,0.7588919
3280,31.084558,0.0,25.370884,43.305832,0.0010153006,0.0,0.30211097,0.75889134
3281,55.705994,0.0,22.993578,43.305927,0.00085149077,0.0,0.31961834,0.7588906
3282,26.265615,0.0,42.41412,43.305992,0.0007436512,0.0,0.30777037,0.75888973
3283,32.33386,0.0,23.582264,43.306072,0.0012082817,0.0,0.31069824,0.75888884
3284,31.245605,0.0,20.967474,43.3061,0.0011102798,0.0,0.29976678,0.75888807
3285,20.937923,0.0,23.548445,43.30613,0.0009772581,0.0,0.3175956,0.7589085
3286,32.494595,0.0,29.822012,43.30616,0.0010323165,0.0,0.3485341,0.7589271
3287,39.00357,0.0,22.96182,43.306175,0.00094694825,0.0,0.3035501,0.75894386
3288,37.706398,0.0,18.714617,43.306244,0.0008291218,0.0,0.3184176,0.75895905
3289,35.92475,0.0,16.792715,43.306282,0.0011604596,0.0,0.30527803,0.7589726
3290,38.764545,0.0,17.281649,43.30632,0.0011097079,0.0,0.2782364,0.7589848
3291,36.30904,0.0,19.165031,43.30636,0.00071310997,0.0,0.3254916,0.75899583
3292,22.943672,0.0,30.912336,43.30639,0.0012579459,0.0,0.30819097,0.7590057
3293,39.96099,0.0,21.85609,43.30638,0.0010055513,0.0,0.30850503,0.75901455
3294,54.798588,0.0,28.621964,43.306316,0.0017218087,0.0,0.34137583,0.7590223
3295,30.45701,0.0,28.709318,43.306255,0.0010704335,0.0,0.297309,0.7590298
3296,34.870365,0.0,19.168673,43.306217,0.00095635816,0.0,0.3050361,0.7590366
3297,29.95565,0.0,18.791658,43.306168,0.00095423486,0.0,0.3157097,0.7590384
3298,47.94962,0.0,28.142393,43.306126,0.0012016052,0.0,0.3265344,0.7590402
3299,32.905804,0.0,28.258707,43.30612,0.0008556638,0.0,0.32863253,0.7590431
3300,37.408367,0.0,33.31336,43.30606,0.0008601651,0.0,0.31484962,0.7590457
3301,44.44418,0.0,22.7037,43.30605,0.0007941127,0.0,0.3167022,0.75904816
3302,45.910202,0.0,19.446732,43.30605,0.0010519269,0.0,0.31133926,0.75905025
3303,49.016895,0.0,22.81832,43.30603,0.000760554,0.0,0.28604627,0.75905204
3304,39.857887,0.0,32.05476,43.30602,0.001340267,0.0,0.29647815,0.7590535
3305,32.060272,0.0,29.115593,43.30597,0.001136289,0.0,0.3340841,0.7590549
3306,26.084517,0.0,22.687181,43.305897,0.0013805361,0.0,0.34000397,0.7590559
3307,32.47026,0.0,42.342285,43.30582,0.0012981293,0.0,0.33925912,0.7590618
3308,41.85287,0.0,34.14511,43.305695,0.0009252119,0.0,0.32967556,0.75906724
3309,45.383083,0.0,18.819344,43.30549,0.0011049623,0.0,0.33896327,0.75907207
3310,36.92804,0.0,31.086596,43.305298,0.0011992137,0.0,0.3445464,0.7590762
3311,27.888802,0.0,15.377973,43.305107,0.0009484887,0.0,0.32736167,0.7590799
3312,37.38244,0.0,24.698803,43.30493,0.00095882756,0.0,0.28348535,0.7590831
3313,32.21202,0.0,23.886095,43.304817,0.00095816347,0.0,0.29570073,0.75908554
3314,29.774849,0.0,10.865938,43.30473,0.0010649171,0.0,0.3041024,0.7590876
3315,41.555744,0.0,24.148603,43.304646,0.00097598945,0.0,0.30356425,0.7590889
3316,45.086292,0.0,28.90745,43.304626,0.0010215313,0.0,0.2971035,0.75908965
3317,26.550352,0.0,24.055254,43.304592,0.001365683,0.0,0.30962706,0.75909036
3318,40.827957,0.0,25.105907,43.304585,0.0013160482,0.0,0.31759322,0.7590908
3319,35.272175,0.0,21.67489,43.30458,0.0009713302,0.0,0.33415824,0.75909114
3320,41.801003,0.0,23.006346,43.304558,0.0008902387,0.0,0.3233984,0.7590968
3321,39.231113,0.0,25.49522,43.304558,0.0011514584,0.0,0.31547746,0.75910187
3322,28.023851,0.0,21.04731,43.304554,0.0013767392,0.0,0.3335925,0.7591064
3323,31.3927,0.0,21.382368,43.304512,0.0010809405,0.0,0.32139912,0.75911033
3324,42.620636,0.0,14.334061,43.304485,0.0011957589,0.0,0.3237223,0.7591138
3325,31.724113,0.0,32.846043,43.304485,0.00092448614,0.0,0.33511257,0.7591167
3326,51.887794,0.0,19.614468,43.304512,0.0010261207,0.0,0.32297605,0.7591194
3327,38.489037,0.0,20.893171,43.304512,0.00092768495,0.0,0.32346135,0.7591206
3328,23.957197,0.0,18.744566,43.304466,0.0011264243,0.0,0.33015278,0.75912154
3329,49.03061,0.0,25.434637,43.304432,0.00090700237,0.0,0.31276292,0.7591225
3330,32.397778,0.0,13.796676,43.304436,0.0009357033,0.0,0.33689922,0.7591231
3331,23.96502,0.0,17.442444,43.30443,0.0015671201,0.0,0.2973193,0.7591236
3332,26.335047,0.0,14.056642,43.304417,0.0012430056,0.0,0.31920466,0.75912386
3333,72.318375,0.0,21.04736,43.304386,0.00092678703,0.0,0.29093418,0.75912404
3334,34.365765,0.0,20.156725,43.30432,0.0010663576,0.0,0.31031144,0.75912416
3335,29.785995,0.0,15.5126915,43.30427,0.0011123527,0.0,0.3144785,0.75912416
3336,48.60206,0.0,25.272654,43.304222,0.0011766604,0.0,0.28793287,0.759124
3337,43.251274,0.0,15.350326,43.3042,0.0007576914,0.0,0.3028282,0.75912374
3338,31.377237,0.0,16.939922,43.304195,0.0017695248,0.0,0.32344407,0.7591233
3339,31.11374,0.0,14.8390875,43.30418,0.0007546551,0.0,0.31709722,0.7591228
3340,44.535675,0.0,22.612837,43.304176,0.0010025267,0.0,0.3209923,0.7591222
3341,40.093536,0.0,17.381641,43.304157,0.0012023982,0.0,0.2980741,0.75912154
3342,38.11196,0.0,23.039455,43.304127,0.0019067517,0.0,0.33551472,0.7591207
3343,38.85367,0.0,21.833662,43.304127,0.0012050697,0.0,0.3236755,0.7591199
3344,32.147896,0.0,28.39933,43.304142,0.0010961308,0.0,0.3499182,0.75911885
3345,45.808792,0.0,22.50904,43.304127,0.0009908684,0.0,0.32642406,0.75911796
3346,34.199577,0.0,15.45921,43.304073,0.0009970551,0.0,0.30305126,0.759117
3347,37.180435,0.0,17.673433,43.304024,0.0014433417,0.0,0.31188625,0.75911593
3348,58.97662,0.0,28.743652,43.30397,0.00080280256,0.0,0.309192,0.7591149
3349,41.299717,0.0,37.48005,43.303917,0.0013825325,0.0,0.32357943,0.7591137
3350,34.994064,0.0,27.97815,43.30394,0.001002412,0.0,0.3404845,0.75911266
3351,30.874289,0.0,24.140617,43.303967,0.0006288463,0.0,0.29789382,0.7591114
3352,42.368828,0.0,30.04722,43.30398,0.0009771301,0.0,0.3246678,0.7591102
3353,42.742584,0.0,43.35463,43.303986,0.0009246028,0.0,0.34245485,0.7591089
3354,34.58384,0.0,33.79668,43.303974,0.00084478845,0.0,0.33200493,0.7591061
3355,38.590557,0.0,36.725815,43.303963,0.0013314439,0.0,0.34835976,0.7591035
3356,25.835018,0.0,22.861393,43.303944,0.0009657671,0.0,0.34601092,0.759101
3357,39.102276,0.0,18.332321,43.303925,0.00078674674,0.0,0.32658947,0.75909865
3358,54.701965,0.0,35.21679,43.30392,0.00081558235,0.0,0.29648548,0.7590963
3359,32.791267,0.0,36.220932,43.303856,0.0010490251,0.0,0.3361884,0.759094
3360,28.819319,0.0,28.25422,43.303802,0.0014739835,0.0,0.33989844,0.759092
3361,38.32207,0.0,27.122713,43.30377,0.0012856252,0.0,0.3281698,0.75908995
3362,40.522274,0.0,35.963074,43.303734,0.0008544922,0.0,0.30440712,0.75908786
3363,51.853386,0.0,29.55187,43.30372,0.0008921566,0.0,0.3180167,0.7590859
3364,34.877647,0.0,26.289604,43.30376,0.0011259916,0.0,0.353868,0.759084
3365,35.923595,0.0,27.48454,43.30381,0.0010152448,0.0,0.3079052,0.75908
3366,36.736473,0.0,31.074154,43.30385,0.00087435544,0.0,0.3123418,0.75907624
3367,38.43852,0.0,24.09006,43.30389,0.0009512603,0.0,0.3026144,0.7590727
3368,44.652817,0.0,24.37881,43.30387,0.0013540143,0.0,0.32665068,0.7590694
3369,40.7399,0.0,30.008633,43.303852,0.0010771474,0.0,0.31632966,0.7590663
3370,44.79944,0.0,18.688232,43.30385,0.0011424832,0.0,0.28019783,0.7590634
3371,39.01621,0.0,45.786263,43.30386,0.0010092554,0.0,0.32134998,0.75906074
3372,53.57737,0.0,18.436125,43.30393,0.0010640508,0.0,0.29065257,0.7590583
3373,34.961582,0.0,33.05669,43.304012,0.0011091419,0.0,0.31990752,0.7590559
3374,32.421116,0.0,34.551243,43.304085,0.0007939415,0.0,0.32480976,0.7590537
3375,44.03196,0.0,41.87718,43.30414,0.001034697,0.0,0.2794163,0.75905156
3376,29.698229,0.0,19.040121,43.304245,0.0010985776,0.0,0.29656315,0.7590503
3377,32.19764,0.0,24.043062,43.30436,0.0013199572,0.0,0.33473682,0.75904906
3378,30.168999,0.0,17.77219,43.304485,0.00095556787,0.0,0.32253933,0.75904787
3379,31.638317,0.0,16.056019,43.3046,0.0011720202,0.0,0.34723544,0.7590467
3380,34.608257,0.0,18.57878,43.304703,0.0011752516,0.0,0.29683733,0.7590455
3381,39.7584,0.0,18.440449,43.30478,0.0011968629,0.0,0.30926585,0.7590426
3382,30.99972,0.0,30.351763,43.30486,0.0020049836,0.0,0.28625497,0.75904
3383,35.954094,0.0,22.873644,43.30492,0.0010380887,0.0,0.30490783,0.7590374
3384,40.31542,0.0,21.009579,43.30497,0.0010255398,0.0,0.35294017,0.75903493
3385,35.189804,0.0,20.588472,43.304974,0.0009498822,0.0,0.32405788,0.7590325
3386,41.03073,0.0,25.47894,43.304985,0.0009733309,0.0,0.3269733,0.7590303
3387,43.907764,0.0,25.583334,43.304985,0.0011077247,0.0,0.30564016,0.7590281
3388,36.769833,0.0,22.039644,43.304966,0.0007543866,0.0,0.33088484,0.75902593
3389,32.40294,0.0,28.823744,43.304955,0.0009943072,0.0,0.31977338,0.7590242
3390,30.092075,0.0,20.784794,43.304955,0.00089635723,0.0,0.32787803,0.75902224
3391,27.075169,0.0,19.975899,43.304962,0.00082006596,0.0,0.30510285,0.7590206
3392,50.12293,0.0,26.37877,43.304985,0.0016031219,0.0,0.31844017,0.75901914
3393,38.415592,0.0,20.352589,43.30501,0.0011104357,0.0,0.30094868,0.75901765
3394,56.238575,0.0,27.620285,43.30501,0.0008235864,0.0,0.34603912,0.7590163
3395,41.709724,0.0,28.712446,43.305,0.0009844643,0.0,0.30860993,0.7590145
3396,38.708294,0.0,34.558018,43.304996,0.00091069157,0.0,0.32944292,0.75901276
3397,31.932768,0.0,29.32097,43.304977,0.0011525247,0.0,0.29145095,0.75901115
3398,34.81571,0.0,21.473946,43.30492,0.0008703924,0.0,0.30235583,0.75900954
3399,45.916756,0.0,18.764776,43.3049,0.0007731956,0.0,0.32003972,0.75900805
3400,38.281338,0.0,19.425806,43.3049,0.00084766996,0.0,0.30112118,0.7590065
3401,39.304947,0.0,21.230267,43.3049,0.00085617014,0.0,0.29976144,0.75900507
3402,35.442017,0.0,16.883842,43.30491,0.0011268012,0.0,0.36147112,0.7590038
3403,41.360424,0.0,24.756468,43.304955,0.00067030336,0.0,0.29446745,0.7590027
3404,34.473885,0.0,19.360338,43.30499,0.0009842272,0.0,0.3208013,0.75900143
3405,44.69776,0.0,31.802864,43.30501,0.0008995241,0.0,0.2925287,0.75900024
3406,29.043722,0.0,31.532772,43.305042,0.0011139363,0.0,0.32948944,0.7589991
3407,29.97248,0.0,19.68162,43.30507,0.0010265314,0.0,0.3093006,0.75899786
3408,40.005096,0.0,16.084879,43.305126,0.0009801403,0.0,0.299677,0.75899655
3409,23.774519,0.0,21.877462,43.305195,0.0010899347,0.0,0.31565657,0.7589939
3410,43.293373,0.0,35.476204,43.305283,0.0008690269,0.0,0.32450533,0.7589915
3411,25.508331,0.0,25.31691,43.305367,0.0018574195,0.0,0.3031216,0.75898856
3412,46.323414,0.0,18.564165,43.305428,0.0008765253,0.0,0.32766628,0.7589859
3413,33.47129,0.0,21.818155,43.305485,0.0008436184,0.0,0.29160592,0.75898325
3414,29.496552,0.0,29.582773,43.30551,0.0008523263,0.0,0.34364742,0.7589809
3415,28.19385,0.0,20.94772,43.305508,0.00079226063,0.0,0.31006902,0.7589785
3416,29.692455,0.0,25.918224,43.305485,0.0007585393,0.0,0.31457838,0.7589763
3417,27.179428,0.0,28.431469,43.305443,0.0011244561,0.0,0.3219393,0.7589742
3418,28.273735,0.0,27.547144,43.30538,0.0010179444,0.0,0.3197835,0.7589721
3419,33.974888,0.0,30.904778,43.30533,0.0011199664,0.0,0.3342944,0.7589702
3420,40.65113,0.0,22.261972,43.305283,0.0009786922,0.0,0.30237707,0.7589681
3421,45.85936,0.0,28.839277,43.305225,0.00092628563,0.0,0.3237871,0.75896907
3422,37.534073,0.0,19.30362,43.3052,0.0009028765,0.0,0.30917174,0.7589698
3423,43.200005,0.0,17.505692,43.30516,0.0013689998,0.0,0.29808462,0.7589704
3424,35.604305,0.0,18.10113,43.305107,0.001112855,0.0,0.32196784,0.7589702
3425,40.16897,0.0,24.21084,43.30504,0.0010456962,0.0,0.32088947,0.7589701
3426,31.037281,0.0,27.204357,43.30498,0.0012474572,0.0,0.35044715,0.7589698
3427,29.170214,0.0,31.158512,43.304886,0.0009636923,0.0,0.30631685,0.7589728
3428,57.413,0.0,22.395739,43.304752,0.0008774587,0.0,0.30978942,0.7589754
3429,31.68599,0.0,23.238852,43.304604,0.00090588396,0.0,0.2945665,0.75897765
3430,27.595171,0.0,26.793816,43.304474,0.001513314,0.0,0.32945824,0.75897896
3431,36.064556,0.0,17.332605,43.304375,0.00084771233,0.0,0.34159803,0.75898004
3432,40.77246,0.0,29.605074,43.304287,0.0012118065,0.0,0.3536235,0.75898093
3433,37.166653,0.0,16.20886,43.3042,0.0010003773,0.0,0.3168941,0.7589816
3434,28.151789,0.0,18.688372,43.30413,0.0011304088,0.0,0.3074597,0.7589877
3435,41.68977,0.0,22.7043,43.304073,0.0010002225,0.0,0.32778025,0.7589934
3436,47.216145,0.0,15.647044,43.30404,0.00095152983,0.0,0.30878162,0.75899845
3437,31.66145,0.0,21.469639,43.303993,0.00087968074,0.0,0.29107475,0.7590031
3438,49.156185,0.0,23.94229,43.30395,0.0010636032,0.0,0.31304675,0.7590071
3439,42.67276,0.0,36.327198,43.30391,0.0009599107,0.0,0.29304555,0.7590107
3440,36.28586,0.0,19.468554,43.303837,0.001363771,0.0,0.29382247,0.7590137
3441,35.367237,0.0,18.027452,43.30379,0.00078132696,0.0,0.29474768,0.7590164
3442,39.66234,0.0,20.952166,43.30374,0.00074311986,0.0,0.29444027,0.7590187
3443,25.510572,0.0,32.65607,43.30371,0.000911832,0.0,0.294844,0.75902086
3444,50.547375,0.0,31.964334,43.30369,0.0011854265,0.0,0.31540614,0.7590229
3445,47.438583,0.0,29.736977,43.303696,0.0009293325,0.0,0.32634172,0.75902456
3446,41.48475,0.0,15.335134,43.303673,0.0008394706,0.0,0.3167044,0.75902593
3447,36.87062,0.0,19.647781,43.30365,0.001000653,0.0,0.33190924,0.75902736
3448,30.19594,0.0,21.479784,43.30364,0.0010213584,0.0,0.32996643,0.7590286
3449,41.481724,0.0,26.67843,43.303604,0.00081981055,0.0,0.3193806,0.7590295
3450,59.28447,0.0,19.080868,43.303585,0.0010113856,0.0,0.3301029,0.7590301
3451,43.090908,0.0,33.075016,43.30358,0.0011100663,0.0,0.28224254,0.75903064
3452,57.61414,0.0,17.659622,43.30354,0.0018599768,0.0,0.31838578,0.7590308
3453,73.94827,0.0,20.478588,43.303505,0.0008852356,0.0,0.35303292,0.759031
3454,36.402195,0.0,24.194433,43.303425,0.000926024,0.0,0.31029472,0.7590306
3455,32.628708,0.0,26.588785,43.303352,0.0013973436,0.0,0.3243952,0.75903004
3456,38.550232,0.0,20.55467,43.303314,0.0012093592,0.0,0.3020788,0.75902945
3457,34.48478,0.0,12.333085,43.303288,0.0013456093,0.0,0.34763288,0.7590287
3458,41.468143,0.0,16.867489,43.30326,0.0012614353,0.0,0.29232582,0.759028
3459,50.279564,0.0,16.279211,43.303234,0.0009137767,0.0,0.36182278,0.7590272
3460,32.030087,0.0,23.368368,43.303207,0.0014392728,0.0,0.32495955,0.7590262
3461,39.741493,0.0,16.568855,43.303234,0.0017723845,0.0,0.34326273,0.75902396
3462,46.72687,0.0,22.557987,43.30327,0.00084317185,0.0,0.30331942,0.759022
3463,48.893406,0.0,22.935131,43.3033,0.0019798295,0.0,0.33271587,0.75902283
3464,40.800365,0.0,16.396341,43.303318,0.0014768101,0.0,0.33416963,0.7590235
3465,30.027983,0.0,17.587502,43.30331,0.0011661805,0.0,0.3368119,0.759024
3466,43.72181,0.0,20.638952,43.30331,0.0010551587,0.0,0.31441247,0.7590244
3467,33.44033,0.0,21.97497,43.303314,0.0012951568,0.0,0.33730194,0.75902474
3468,45.487133,0.0,28.532139,43.303333,0.00087618665,0.0,0.29525465,0.7590248
3469,34.630344,0.0,19.30196,43.303406,0.00089201203,0.0,0.32352138,0.75902206
3470,33.572178,0.0,16.993446,43.303448,0.00097275025,0.0,0.3225454,0.75901943
3471,50.718987,0.0,20.130241,43.303493,0.0013236455,0.0,0.2863737,0.75901693
3472,31.179033,0.0,17.954842,43.303555,0.0013660933,0.0,0.3212147,0.7590146
3473,63.34052,0.0,18.40741,43.303593,0.0011338606,0.0,0.33114558,0.75901234
3474,30.996449,0.0,16.86099,43.30362,0.0009968252,0.0,0.28836188,0.75901026
3475,26.704,0.0,22.16396,43.303593,0.0011623243,0.0,0.30802172,0.7590081
3476,61.650246,0.0,26.877636,43.303623,0.00102725,0.0,0.33696458,0.7590061
3477,32.614063,0.0,16.258965,43.3036,0.0009486663,0.0,0.3058853,0.7590042
3478,27.84465,0.0,26.022245,43.303562,0.0013229008,0.0,0.30797505,0.75900227
3479,52.349724,0.0,26.1278,43.303535,0.0010010579,0.0,0.3245692,0.7590004
3480,23.985945,0.0,18.171757,43.30349,0.0010313279,0.0,0.34022138,0.75899875
3481,33.190094,0.0,17.346659,43.303448,0.0010027871,0.0,0.30683833,0.7589969
3482,41.86856,0.0,22.12412,43.30339,0.0010775647,0.0,0.34399995,0.7589952
3483,73.760666,0.0,24.426275,43.30335,0.0010870261,0.0,0.37176943,0.7589933
3484,46.51276,0.0,14.84746,43.30334,0.0013113943,0.0,0.31321192,0.75899166
3485,36.68614,0.0,19.32941,43.30333,0.00076320674,0.0,0.3034065,0.75899124
3486,39.426155,0.0,16.972372,43.303307,0.0013495304,0.0,0.35730207,0.7589907
3487,44.463596,0.0,21.685778,43.303318,0.0012454691,0.0,0.328886,0.7589901
3488,31.133926,0.0,26.388948,43.30331,0.0008372897,0.0,0.32797396,0.75898945
3489,35.715122,0.0,24.269487,43.303314,0.0009784837,0.0,0.30757415,0.75898963
3490,27.341858,0.0,17.91516,43.303337,0.0012741429,0.0,0.31655547,0.7589898
3491,36.167957,0.0,21.788994,43.303337,0.0007205317,0.0,0.35211623,0.7589897
3492,38.69782,0.0,36.378956,43.303326,0.0015370927,0.0,0.31550142,0.7589896
3493,30.95892,0.0,19.01848,43.303364,0.0008233035,0.0,0.32767898,0.7589892
3494,39.35205,0.0,20.212734,43.303425,0.0013444244,0.0,0.3276472,0.75898874
3495,52.606567,0.0,28.349993,43.303467,0.0010729264,0.0,0.33353138,0.7589881
3496,42.799744,0.0,23.138546,43.303524,0.000908157,0.0,0.3064114,0.75898737
3497,58.64316,0.0,21.206945,43.303593,0.0009656531,0.0,0.3279925,0.7589868
3498,52.373802,0.0,13.653466,43.30368,0.0007119806,0.0,0.30460924,0.7589859
3499,59.681915,0.0,37.769337,43.303764,0.00088119385,0.0,0.3627679,0.75898504
3500,29.206196,0.0,18.792719,43.30388,0.0009706015,0.0,0.3161302,0.75898415
3501,33.338623,0.0,21.916397,43.30397,0.00078414136,0.0,0.30105802,0.7589832
3502,41.463028,0.0,37.451458,43.304024,0.001148525,0.0,0.32052073,0.7589819
3503,33.987907,0.0,34.241596,43.304115,0.001014545,0.0,0.31114215,0.75898063
3504,36.24266,0.0,26.237406,43.304268,0.0012928413,0.0,0.30592948,0.7589794
3505,34.511753,0.0,21.791258,43.30437,0.00087946746,0.0,0.31816447,0.75897807
3506,58.737164,0.0,33.415436,43.304417,0.0009382074,0.0,0.3250432,0.7589766
3507,55.513824,0.0,18.561775,43.30445,0.0010489932,0.0,0.3177929,0.75897527
3508,40.501347,0.0,31.564037,43.304466,0.0013817633,0.0,0.3118481,0.7589739
3509,42.182823,0.0,24.941097,43.30451,0.0009068071,0.0,0.30086797,0.758971
3510,30.245195,0.0,25.469181,43.304543,0.00096987205,0.0,0.33684358,0.75896907
3511,31.607744,0.0,23.755838,43.304546,0.001001108,0.0,0.3013628,0.7589669
3512,49.825584,0.0,22.979076,43.304546,0.00092457375,0.0,0.29357058,0.758965
3513,34.211994,0.0,23.417833,43.304565,0.0009705953,0.0,0.3208962,0.75896317
3514,33.888813,0.0,15.276922,43.304607,0.000781462,0.0,0.32261348,0.75896126
3515,51.667297,0.0,24.661488,43.30464,0.0010449032,0.0,0.34815145,0.7589594
3516,56.739643,0.0,20.55886,43.30464,0.00082397147,0.0,0.2861078,0.7589663
3517,33.061596,0.0,19.555761,43.304638,0.0009664513,0.0,0.31866834,0.75897264
3518,59.29476,0.0,21.007816,43.304634,0.0008950498,0.0,0.31753314,0.7589781
3519,37.134155,0.0,27.910444,43.304615,0.0007844786,0.0,0.30953667,0.75898284
3520,44.168125,0.0,21.259024,43.304646,0.0011399342,0.0,0.31181413,0.7589871
3521,48.20438,0.0,17.373463,43.304684,0.0011190157,0.0,0.3091328,0.75899094
3522,33.908863,0.0,17.443785,43.304726,0.0014182548,0.0,0.32950976,0.75899416
3523,29.388834,0.0,21.552511,43.304802,0.0010686326,0.0,0.311214,0.758997
3524,39.73189,0.0,17.742065,43.304886,0.0011633523,0.0,0.31704566,0.75899965
3525,41.827557,0.0,19.687963,43.304962,0.00094936136,0.0,0.33591902,0.759002
3526,33.63967,0.0,21.19491,43.305058,0.00079394423,0.0,0.31224442,0.7590038
3527,36.162003,0.0,36.951675,43.305126,0.0010584014,0.0,0.3057167,0.7590016
3528,32.5006,0.0,18.427303,43.3052,0.00095190736,0.0,0.3285336,0.75899786
3529,50.735355,0.0,28.110462,43.30525,0.0010464933,0.0,0.335701,0.7589945
3530,44.865395,0.0,17.840527,43.305363,0.0008499438,0.0,0.3247218,0.75899136
3531,39.80458,0.0,21.785389,43.305496,0.0011489203,0.0,0.32429075,0.7589865
3532,60.714737,0.0,32.056046,43.305626,0.0012939228,0.0,0.3166958,0.758982
3533,47.485832,0.0,19.897936,43.305748,0.00089733896,0.0,0.34738398,0.7589779
3534,44.70343,0.0,22.021593,43.30587,0.0011907805,0.0,0.3089412,0.75897413
3535,53.413616,0.0,18.63201,43.30601,0.0011770576,0.0,0.3341571,0.7589707
3536,49.53135,0.0,18.74739,43.306168,0.00068435,0.0,0.31897688,0.7589674
3537,32.190006,0.0,27.556404,43.30629,0.0009871655,0.0,0.3135019,0.7589645
3538,30.88691,0.0,21.549501,43.306484,0.0010584199,0.0,0.29946303,0.7589618
3539,37.94969,0.0,24.473526,43.306644,0.0011245076,0.0,0.30947614,0.7589591
3540,32.765385,0.0,21.341503,43.30677,0.0009725669,0.0,0.31202754,0.7589567
3541,39.804752,0.0,27.762821,43.30688,0.0012895573,0.0,0.30350912,0.7589542
3542,40.517975,0.0,23.133863,43.307022,0.0007875416,0.0,0.31271803,0.7589519
3543,78.38114,0.0,29.672773,43.30717,0.0009644001,0.0,0.32567722,0.7589497
3544,33.391556,0.0,15.8301325,43.30728,0.0011277895,0.0,0.33970118,0.75894815
3545,39.697544,0.0,25.07997,43.307384,0.00082513643,0.0,0.31283697,0.7589464
3546,36.53694,0.0,19.40365,43.307487,0.0013179233,0.0,0.3399219,0.75894487
3547,28.304712,0.0,22.034826,43.3076,0.0011198136,0.0,0.30581617,0.7589434
3548,40.931637,0.0,15.169897,43.307682,0.0011874023,0.0,0.29774553,0.7589418
3549,43.39278,0.0,19.289446,43.30774,0.0009516957,0.0,0.3225461,0.7589403
3550,40.21694,0.0,19.340673,43.307785,0.0010575088,0.0,0.32265103,0.7589373
3551,43.01248,0.0,29.430117,43.307827,0.0011949423,0.0,0.3151831,0.7589344
3552,37.008316,0.0,16.040318,43.30789,0.0014561871,0.0,0.3098877,0.75893176
3553,84.51592,0.0,22.112055,43.30795,0.0013546913,0.0,0.33090472,0.75892925
3554,46.784065,0.0,18.075079,43.30797,0.0008494113,0.0,0.2959797,0.7589267
3555,58.755665,0.0,42.60368,43.308033,0.0008520458,0.0,0.3460158,0.75892437
3556,33.267612,0.0,19.551262,43.308075,0.0008862596,0.0,0.33986744,0.7589242
3557,35.16182,0.0,18.237492,43.30811,0.00089584285,0.0,0.30668515,0.7589238
3558,61.08055,0.0,12.519128,43.30816,0.0010718855,0.0,0.33670983,0.75892085
3559,32.512745,0.0,31.378849,43.308205,0.0011190274,0.0,0.31398028,0.758918
3560,121.397545,0.0,40.85201,43.308266,0.0009027186,0.0,0.344979,0.75891554
3561,40.263443,0.0,31.049826,43.30823,0.001025457,0.0,0.28980982,0.7589132
3562,37.17864,0.0,40.78703,43.30814,0.0009608189,0.0,0.3479404,0.7589112
3563,44.836525,0.0,39.893284,43.308098,0.0010919072,0.0,0.34014392,0.7589093
3564,61.480038,0.0,12.520844,43.308075,0.0008126406,0.0,0.32905614,0.7589073
3565,50.62557,0.0,19.40946,43.308067,0.0011321215,0.0,0.30123574,0.7589056
3566,34.693996,0.0,24.736866,43.308075,0.0013263698,0.0,0.2969137,0.75890386
3567,38.61912,0.0,21.746944,43.308098,0.0010091289,0.0,0.33040762,0.7589023
3568,68.511444,0.0,36.34152,43.308105,0.0012191406,0.0,0.3202824,0.7589007
3569,62.222313,0.0,29.659727,43.30808,0.0016441054,0.0,0.329939,0.7588992
3570,24.46374,0.0,28.515734,43.30806,0.0009989543,0.0,0.30022144,0.7588976
3571,31.160997,0.0,18.95597,43.308025,0.00080461043,0.0,0.35084045,0.75889546
3572,39.78561,0.0,34.993668,43.30799,0.0011724596,0.0,0.3051805,0.7588932
3573,43.71338,0.0,24.234024,43.307926,0.0012348644,0.0,0.31859243,0.7588937
3574,42.063717,0.0,31.800667,43.30784,0.0010055183,0.0,0.32089067,0.7588942
3575,35.6989,0.0,41.594303,43.307785,0.0012580662,0.0,0.31141108,0.75889456
3576,31.80684,0.0,22.006084,43.307796,0.0010273659,0.0,0.28191277,0.7588949
3577,28.96315,0.0,29.183626,43.307827,0.0008939104,0.0,0.30434477,0.75889516
3578,27.994856,0.0,30.053148,43.307877,0.00097442325,0.0,0.28455946,0.7588967
3579,31.396072,0.0,20.814478,43.30795,0.0013513518,0.0,0.2923643,0.75889796
3580,28.681536,0.0,21.567165,43.308006,0.0009253556,0.0,0.29447955,0.758899
3581,24.632093,0.0,64.213005,43.30808,0.0013629509,0.0,0.36184895,0.7588998
3582,61.846233,0.0,17.417519,43.308033,0.00086746924,0.0,0.30576158,0.7589002
3583,57.01337,0.0,15.310622,43.308014,0.0009647823,0.0,0.31692576,0.7589004
3584,43.235477,0.0,32.59049,43.307976,0.0010029476,0.0,0.3098048,0.7589005
3585,26.911827,0.0,23.907007,43.307934,0.0011789871,0.0,0.3188754,0.75890046
3586,65.47133,0.0,27.948713,43.307858,0.0014861482,0.0,0.29445964,0.7589002
3587,30.997717,0.0,16.144775,43.307755,0.0014272494,0.0,0.30273488,0.7589
3588,36.19676,0.0,24.744144,43.30766,0.0012220085,0.0,0.32371894,0.758903
3589,29.806208,0.0,18.76966,43.307575,0.0009933742,0.0,0.28443217,0.7589057
3590,39.0813,0.0,15.890991,43.307533,0.0011401371,0.0,0.32726687,0.7589081
3591,44.28454,0.0,25.403036,43.3075,0.0011688811,0.0,0.3089253,0.7589102
3592,64.12975,0.0,19.493095,43.307465,0.0016194095,0.0,0.30457008,0.7589132
3593,27.176453,0.0,13.982368,43.307426,0.0013309236,0.0,0.35848328,0.75891584
3594,34.469997,0.0,15.050398,43.307415,0.0012750729,0.0,0.3091331,0.75891817
3595,34.95284,0.0,30.285265,43.30738,0.0008945257,0.0,0.3311829,0.75891995
3596,31.824337,0.0,22.045307,43.30735,0.0012251096,0.0,0.30987275,0.7589215
3597,34.30641,0.0,24.47092,43.307335,0.0009833339,0.0,0.3288475,0.7589229
3598,32.136326,0.0,26.452755,43.307346,0.001109932,0.0,0.3187414,0.7589239
3599,52.6936,0.0,19.241022,43.30739,0.0012299701,0.0,0.30411813,0.7589247
3600,62.57617,0.0,28.639877,43.307426,0.0013216946,0.0,0.3484838,0.7589253
3601,28.640244,0.0,19.23543,43.307503,0.0014329355,0.0,0.2747589,0.7589257
3602,35.64624,0.0,22.710304,43.307594,0.0013402048,0.0,0.3326628,0.7589259
3603,37.005745,0.0,23.635078,43.307686,0.0012546284,0.0,0.30816412,0.75892574
3604,40.829235,0.0,30.723246,43.307793,0.0010417404,0.0,0.32784867,0.75892544
3605,22.998245,0.0,14.224771,43.307915,0.00094510405,0.0,0.31059968,0.75892496
3606,33.474174,0.0,29.703508,43.308033,0.0009995035,0.0,0.33977398,0.7589245
3607,51.084465,0.0,22.878138,43.3081,0.0009826982,0.0,0.29914507,0.7589238
3608,43.812805,0.0,19.129154,43.308178,0.0012652182,0.0,0.30931228,0.75892234
3609,44.210163,0.0,29.710585,43.30826,0.000997409,0.0,0.30525416,0.7589208
3610,40.081123,0.0,18.24845,43.30831,0.001142076,0.0,0.3053381,0.7589193
3611,23.403069,0.0,14.774235,43.308376,0.0009685992,0.0,0.33409497,0.7589177
3612,34.185116,0.0,27.776636,43.308437,0.0009318376,0.0,0.30403173,0.75891614
3613,30.532768,0.0,18.12952,43.30848,0.0008823718,0.0,0.33089367,0.75891453
3614,27.461634,0.0,16.5678,43.308487,0.0009076113,0.0,0.27685618,0.75891304
3615,31.62008,0.0,23.920336,43.30848,0.0012457828,0.0,0.3288171,0.75891155
3616,28.924255,0.0,12.312195,43.308506,0.00074837,0.0,0.31724325,0.75891
3617,55.646717,0.0,36.3859,43.308544,0.0012026464,0.0,0.34769177,0.75890845
3618,32.867607,0.0,22.930998,43.308594,0.001000389,0.0,0.3104871,0.75890684
3619,57.614902,0.0,45.08577,43.30864,0.0010885275,0.0,0.3201693,0.758905
3620,29.028528,0.0,30.55636,43.30865,0.0012015585,0.0,0.3390649,0.75890315
3621,44.17926,0.0,17.68818,43.308685,0.001177293,0.0,0.3041398,0.7589013
3622,40.06975,0.0,44.98825,43.30872,0.0010487695,0.0,0.2962237,0.75889945
3623,37.40987,0.0,25.387205,43.308804,0.0009878501,0.0,0.30044898,0.7588977
3624,40.66595,0.0,24.596575,43.30889,0.0012809427,0.0,0.29806104,0.75889593
3625,30.726555,0.0,23.11597,43.309006,0.0012538368,0.0,0.3100677,0.75889426
3626,50.21199,0.0,23.118206,43.309124,0.0013393487,0.0,0.35590646,0.7589038
3627,43.913036,0.0,24.156628,43.309227,0.001313399,0.0,0.29111737,0.7589123
3628,41.95505,0.0,18.031527,43.30935,0.0011483042,0.0,0.3257141,0.75891995
3629,35.783222,0.0,27.025904,43.309433,0.0012665899,0.0,0.33027625,0.7589266
3630,33.179222,0.0,15.626593,43.309525,0.0012479593,0.0,0.34265232,0.7589337
3631,31.689856,0.0,21.89782,43.309605,0.0009947222,0.0,0.28554583,0.7589442
3632,36.15672,0.0,25.315699,43.309666,0.00081282994,0.0,0.3276382,0.7589535
3633,26.749016,0.0,22.969296,43.309746,0.0010873451,0.0,0.3317469,0.75896186
3634,44.817493,0.0,18.483952,43.309795,0.0008385255,0.0,0.31646436,0.75896925
3635,35.448414,0.0,19.751139,43.309826,0.0011444774,0.0,0.3677047,0.75897574
3636,38.494507,0.0,20.845394,43.30988,0.0008039883,0.0,0.32998657,0.75898147
3637,31.57362,0.0,22.96441,43.30991,0.0011539836,0.0,0.32010925,0.7589864
3638,53.049046,0.0,35.406162,43.309944,0.0011483456,0.0,0.3237113,0.7589908
3639,34.40437,0.0,45.676365,43.309963,0.0013349483,0.0,0.3143416,0.7589946
3640,31.73339,0.0,42.436836,43.309967,0.0009270208,0.0,0.32979462,0.75899804
3641,29.208252,0.0,19.073606,43.30992,0.0009096166,0.0,0.29818577,0.75900036
3642,44.151558,0.0,14.624616,43.30989,0.0010423795,0.0,0.32694408,0.7590024
3643,38.1644,0.0,33.648468,43.309875,0.0011895169,0.0,0.33721456,0.75900406
3644,27.545614,0.0,29.52388,43.309837,0.0009128696,0.0,0.32141888,0.75900555
3645,53.906452,0.0,24.921883,43.30981,0.0010070947,0.0,0.31084043,0.7590066
3646,55.999065,0.0,17.49741,43.3098,0.0013442293,0.0,0.32368815,0.75900745
3647,40.173153,0.0,22.944386,43.30978,0.0012305389,0.0,0.2790361,0.75900805
3648,58.78985,0.0,32.869263,43.30975,0.0012567078,0.0,0.29907906,0.7590081
3649,44.815582,0.0,23.850906,43.309742,0.0008231361,0.0,0.30172008,0.7590081
3650,31.546501,0.0,41.253723,43.30972,0.0010229561,0.0,0.33623835,0.7590079
3651,39.957554,0.0,23.166084,43.309723,0.0011521485,0.0,0.33772954,0.7590076
3652,30.512024,0.0,28.863775,43.3097,0.0012608984,0.0,0.28984052,0.7590072
3653,37.026096,0.0,34.109417,43.309647,0.0009710728,0.0,0.3407085,0.7590066
3654,42.317356,0.0,23.35166,43.309643,0.001027289,0.0,0.30544195,0.75900614
3655,37.901573,0.0,16.962934,43.30966,0.000967238,0.0,0.31264037,0.75900555
3656,69.53997,0.0,15.997634,43.309666,0.0012560382,0.0,0.30411646,0.7590049
3657,71.1048,0.0,28.567408,43.30966,0.0009780948,0.0,0.31390482,0.7590041
3658,26.765253,0.0,18.038937,43.30965,0.0011505237,0.0,0.34085378,0.7590032
3659,40.559998,0.0,32.64707,43.309673,0.0009636263,0.0,0.3325746,0.7590024
3660,44.56556,0.0,30.075878,43.30969,0.0010242709,0.0,0.29840946,0.7590014
3661,54.44482,0.0,18.656527,43.309757,0.0010601715,0.0,0.3277958,0.75900036
3662,44.76022,0.0,23.912899,43.30979,0.0012774738,0.0,0.31590983,0.7590002
3663,42.33134,0.0,27.325838,43.309834,0.00094486,0.0,0.3079012,0.7589998
3664,48.491505,0.0,24.795507,43.30989,0.0008118277,0.0,0.30462986,0.75899947
3665,39.027336,0.0,18.704939,43.309956,0.001086174,0.0,0.33448237,0.758999
3666,33.404385,0.0,28.60266,43.31003,0.00095838145,0.0,0.31188214,0.7590045
3667,25.919111,0.0,20.880033,43.310112,0.00085750007,0.0,0.32319126,0.75900984
3668,33.087704,0.0,27.837523,43.31016,0.0009865176,0.0,0.31107825,0.759016
3669,46.33984,0.0,29.30622,43.310204,0.00085892703,0.0,0.33191025,0.7590216
3670,39.692535,0.0,21.713945,43.310246,0.0010051704,0.0,0.30827075,0.7590265
3671,32.235374,0.0,35.21657,43.310272,0.0009100045,0.0,0.30010146,0.7590309
3672,32.96579,0.0,27.278519,43.310272,0.0012036598,0.0,0.33558998,0.759035
3673,29.767956,0.0,19.498446,43.31023,0.0010607026,0.0,0.3381608,0.75903857
3674,30.53637,0.0,29.472452,43.31019,0.0011782751,0.0,0.32193762,0.75904167
3675,29.279388,0.0,22.4354,43.310154,0.0010558825,0.0,0.28573415,0.75904435
3676,51.600517,0.0,17.111914,43.31014,0.0010758631,0.0,0.3156402,0.75904673
3677,45.351578,0.0,32.511948,43.31013,0.0011490728,0.0,0.30430555,0.7590486
3678,42.12521,0.0,20.157707,43.31012,0.00091288117,0.0,0.3140946,0.75905746
3679,34.021706,0.0,19.768257,43.310104,0.0012438548,0.0,0.32594562,0.7590655
3680,37.188602,0.0,25.015356,43.31012,0.00090052444,0.0,0.33969998,0.7590728
3681,32.09043,0.0,19.076025,43.31014,0.0008477375,0.0,0.308757,0.7590829
3682,34.263996,0.0,33.86429,43.31018,0.00083710504,0.0,0.3310418,0.75909215
3683,23.676937,0.0,18.313038,43.31023,0.0011319107,0.0,0.30661827,0.7591004
3684,46.54108,0.0,25.576311,43.310284,0.001198,0.0,0.3151211,0.7591077
3685,24.884996,0.0,25.833515,43.31034,0.0011164467,0.0,0.33140573,0.7591143
3686,39.08377,0.0,29.437769,43.310368,0.0011044891,0.0,0.32654905,0.7591202
3687,30.928179,0.0,27.924511,43.31035,0.00081059797,0.0,0.31572348,0.75912535
3688,41.388405,0.0,22.244059,43.310356,0.0014829817,0.0,0.3546784,0.75913
3689,40.041813,0.0,22.455301,43.310364,0.0012968128,0.0,0.32373443,0.7591338
3690,30.066824,0.0,25.42583,43.31041,0.0010212678,0.0,0.32496765,0.7591374
3691,47.16914,0.0,23.39395,43.310448,0.0011902757,0.0,0.31347078,0.7591403
3692,33.99952,0.0,15.535122,43.31048,0.0011037148,0.0,0.31358382,0.7591428
3693,39.664795,0.0,29.200312,43.310513,0.0011927189,0.0,0.31457123,0.759145
3694,40.633434,0.0,17.563839,43.310547,0.0009199718,0.0,0.30046126,0.7591468
3695,50.67988,0.0,24.4272,43.310562,0.0013501679,0.0,0.28092527,0.75914824
3696,58.86046,0.0,27.92537,43.31062,0.0012614431,0.0,0.34638137,0.75914955
3697,42.85039,0.0,48.919876,43.310635,0.0016010334,0.0,0.33082396,0.75915056
3698,38.20938,0.0,23.338484,43.31064,0.0010523605,0.0,0.29657137,0.75915134
3699,42.98231,0.0,21.25212,43.310616,0.0010888353,0.0,0.32408234,0.7591523
3700,31.428902,0.0,17.806608,43.31061,0.0010456259,0.0,0.30190322,0.7591531
3701,39.502033,0.0,26.013882,43.310585,0.0015913396,0.0,0.31663424,0.75915366
3702,33.931835,0.0,16.65861,43.310604,0.0012701487,0.0,0.31813332,0.7591541
3703,39.379578,0.0,17.320051,43.310585,0.00092850055,0.0,0.28180555,0.7591543
3704,56.227448,0.0,16.997448,43.31056,0.0012510649,0.0,0.32091573,0.7591544
3705,44.42509,0.0,31.546122,43.310547,0.0009923831,0.0,0.3216135,0.75915426
3706,50.33498,0.0,22.164371,43.31052,0.0016339425,0.0,0.33180788,0.75915414
3707,44.436687,0.0,37.30431,43.310535,0.0014060175,0.0,0.3492207,0.7591538
3708,27.71465,0.0,17.729876,43.310608,0.0009535677,0.0,0.31072158,0.7591534
3709,35.056316,0.0,28.798244,43.310696,0.0014101997,0.0,0.30375442,0.75915277
3710,43.99332,0.0,22.724405,43.310802,0.0011931797,0.0,0.31140968,0.75915337
3711,33.110264,0.0,19.168673,43.31091,0.0011741966,0.0,0.31168872,0.7591538
3712,62.461475,0.0,37.11844,43.310997,0.0009954467,0.0,0.31839287,0.7591541
3713,37.115833,0.0,26.392176,43.31111,0.0012688593,0.0,0.3288148,0.75915426
3714,40.63545,0.0,28.176868,43.31122,0.0012985934,0.0,0.31137237,0.75915456
3715,46.55283,0.0,15.418719,43.31131,0.001324546,0.0,0.32797155,0.7591548
3716,38.508106,0.0,22.187178,43.311386,0.0010541944,0.0,0.3009377,0.7591518
3717,20.665506,0.0,20.26481,43.311428,0.0012895487,0.0,0.31941232,0.7591492
3718,36.534336,0.0,28.883972,43.31143,0.0010893045,0.0,0.2940361,0.75914687
3719,54.957184,0.0,26.054241,43.31141,0.001150272,0.0,0.2921381,0.7591451
3720,45.078533,0.0,22.02965,43.31138,0.0010004096,0.0,0.3305786,0.7591472
3721,46.323566,0.0,30.41646,43.311333,0.0012403011,0.0,0.31603485,0.7591493
3722,41.501938,0.0,26.992794,43.311295,0.001188383,0.0,0.33531913,0.759151
3723,26.683374,0.0,24.408924,43.31126,0.0011318623,0.0,0.3220376,0.75915104
3724,30.579546,0.0,20.190523,43.311226,0.0012312358,0.0,0.31641936,0.75916106
3725,29.946733,0.0,20.311312,43.311188,0.0009660559,0.0,0.31080872,0.7591702
3726,33.044662,0.0,18.973444,43.31116,0.0007365725,0.0,0.30744147,0.7591783
3727,27.881104,0.0,18.223381,43.31114,0.0009051481,0.0,0.31508243,0.75918555
3728,32.67154,0.0,18.949389,43.311108,0.000984854,0.0,0.32135433,0.759192
3729,49.107464,0.0,22.72135,43.31108,0.0013186019,0.0,0.33072865,0.75919783
3730,34.708145,0.0,30.912317,43.311043,0.0011354613,0.0,0.3191958,0.759203
3731,32.878384,0.0,23.691057,43.311005,0.0010491265,0.0,0.29212305,0.7592075
3732,27.93685,0.0,30.872637,43.310997,0.0013501204,0.0,0.3218466,0.7592114
3733,72.79915,0.0,21.046843,43.311024,0.0012525895,0.0,0.3184054,0.75921476
3734,43.975716,0.0,47.201378,43.311043,0.0011718979,0.0,0.33529848,0.7592178
3735,45.59979,0.0,22.684927,43.311058,0.0008603872,0.0,0.31103876,0.7592203
3736,59.269516,0.0,14.94056,43.31114,0.0008900198,0.0,0.33561823,0.7592213
3737,39.71317,0.0,19.78744,43.31122,0.0011576656,0.0,0.31463635,0.7592222
3738,40.68421,0.0,22.867378,43.31129,0.0010526904,0.0,0.3243466,0.75922287
3739,31.987211,0.0,16.346895,43.311348,0.001415889,0.0,0.3326137,0.7592232
3740,48.517643,0.0,18.56765,43.31139,0.0010864828,0.0,0.32293218,0.75922143
3741,54.2257,0.0,24.420877,43.31143,0.0010076875,0.0,0.32503042,0.7592199
3742,37.81394,0.0,18.124275,43.311478,0.0010476066,0.0,0.31699073,0.75921845
3743,42.364063,0.0,37.943203,43.311497,0.0011668904,0.0,0.32127786,0.75921726
3744,43.334373,0.0,24.205553,43.311516,0.0012559604,0.0,0.31067458,0.7592161
3745,54.06795,0.0,26.236465,43.31151,0.0011327665,0.0,0.32676235,0.7592152
3746,30.826933,0.0,16.505615,43.3115,0.0011435029,0.0,0.34207094,0.75921416
3747,53.65625,0.0,20.793081,43.311493,0.0011745896,0.0,0.30430657,0.75921524
3748,58.4412,0.0,30.676208,43.31149,0.0011070394,0.0,0.3191073,0.7592162
3749,42.711643,0.0,18.124342,43.311504,0.0010631983,0.0,0.3045629,0.7592169
3750,49.641975,0.0,26.663126,43.3115,0.0010641208,0.0,0.31604153,0.75921744
3751,70.24569,0.0,20.092821,43.311523,0.0012333187,0.0,0.322463,0.759218
3752,34.814793,0.0,32.445557,43.31154,0.0010060532,0.0,0.33616948,0.7592182
3753,44.90672,0.0,18.451143,43.31155,0.0009919596,0.0,0.3033087,0.75921834
3754,47.64886,0.0,27.811459,43.31157,0.0014958814,0.0,0.29053667,0.7592182
3755,43.814373,0.0,18.003687,43.31158,0.0013471765,0.0,0.30342188,0.7592178
3756,35.51854,0.0,16.328033,43.311604,0.0009955787,0.0,0.3142621,0.7592173
3757,65.37174,0.0,43.093513,43.311638,0.0008550842,0.0,0.31545407,0.7592167
3758,35.254185,0.0,23.907402,43.31166,0.0011016804,0.0,0.34615028,0.7592161
3759,50.17204,0.0,22.010696,43.311676,0.0010681499,0.0,0.32006082,0.7592155
3760,45.375698,0.0,25.556328,43.311676,0.0011454847,0.0,0.3471467,0.75921476
3761,35.640537,0.0,32.142685,43.3117,0.0013155984,0.0,0.311498,0.759214
3762,38.290516,0.0,28.715044,43.31172,0.0023489662,0.0,0.29418713,0.7592131
3763,46.72426,0.0,15.313241,43.311764,0.0009674658,0.0,0.3374494,0.75921226
3764,35.006306,0.0,37.63799,43.311813,0.00095541327,0.0,0.31627578,0.7592113
3765,38.26572,0.0,29.34408,43.311836,0.0012976698,0.0,0.34162533,0.7592103
3766,38.832382,0.0,25.600084,43.311863,0.00093153806,0.0,0.32327172,0.7592092
3767,31.778795,0.0,27.628687,43.311928,0.00088409265,0.0,0.36430043,0.7592082
3768,35.293194,0.0,29.672184,43.311966,0.0018548215,0.0,0.29073974,0.75920707
3769,37.475334,0.0,22.157585,43.31201,0.0015041071,0.0,0.3243325,0.75920594
3770,35.115086,0.0,24.965492,43.31205,0.0010512874,0.0,0.31835148,0.7592047
3771,36.448837,0.0,23.112566,43.31205,0.0010390074,0.0,0.31387183,0.75920355
3772,30.277193,0.0,25.493639,43.3121,0.0009821868,0.0,0.31407684,0.7592023
3773,35.92963,0.0,20.599438,43.31215,0.0014167686,0.0,0.36377463,0.759201
3774,50.724365,0.0,31.2148,43.31217,0.0014674559,0.0,0.31906578,0.7591997
3775,40.98865,0.0,16.460632,43.312134,0.0009884664,0.0,0.31209213,0.7591984
3776,45.68434,0.0,20.567028,43.31214,0.0007573028,0.0,0.31198788,0.759197
3777,41.13158,0.0,23.264982,43.312172,0.0009269747,0.0,0.29623884,0.75919557
3778,49.48819,0.0,19.16913,43.312195,0.0010110441,0.0,0.29861093,0.7591941
3779,22.85139,0.0,25.847446,43.312206,0.0011445008,0.0,0.30860525,0.7591926
3780,40.946556,0.0,33.476795,43.3122,0.00076762505,0.0,0.34174067,0.7591911
3781,26.684496,0.0,26.880531,43.312157,0.00088422233,0.0,0.35135087,0.75918967
3782,68.68421,0.0,15.256696,43.312176,0.00093543006,0.0,0.29594183,0.7591881
3783,37.82056,0.0,21.46381,43.3122,0.0012214123,0.0,0.30576947,0.75918657
3784,31.58018,0.0,39.837418,43.312187,0.001034933,0.0,0.33171573,0.75918466
3785,54.372166,0.0,17.694136,43.31215,0.0008914717,0.0,0.32763284,0.7591797
3786,36.95887,0.0,29.878853,43.31213,0.0010155919,0.0,0.3588329,0.7591752
3787,25.172558,0.0,27.594936,43.312088,0.0010031229,0.0,0.31499138,0.759171
3788,41.891228,0.0,23.94797,43.312057,0.0013484282,0.0,0.2988785,0.759167
3789,47.487484,0.0,22.149357,43.312016,0.0011554576,0.0,0.32782245,0.75916344
3790,46.738277,0.0,28.732347,43.31198,0.00095101557,0.0,0.28807664,0.7591604
3791,44.70855,0.0,24.80446,43.31195,0.0010725189,0.0,0.31677413,0.7591574
3792,46.976025,0.0,20.670488,43.311905,0.0012841873,0.0,0.3239145,0.75915474
3793,41.318634,0.0,14.0440235,43.31186,0.0010391019,0.0,0.31481728,0.75915205
3794,60.77024,0.0,27.508432,43.3118,0.0010800594,0.0,0.31787497,0.7591494
3795,34.924873,0.0,22.350142,43.31173,0.0011720795,0.0,0.31444383,0.75914705
3796,39.022617,0.0,19.160759,43.311707,0.0010346466,0.0,0.32261586,0.75914466
3797,37.103252,0.0,21.590294,43.311703,0.0012105313,0.0,0.32273716,0.7591424
3798,42.71771,0.0,17.234331,43.311703,0.00087275374,0.0,0.2941221,0.75913996
3799,30.47841,0.0,19.631672,43.311703,0.0010831335,0.0,0.3199904,0.7591376
3800,46.22727,0.0,13.757179,43.311687,0.0011747587,0.0,0.316706,0.7591353
3801,55.27273,0.0,20.933647,43.31167,0.0008552581,0.0,0.30955058,0.75913316
3802,37.36484,0.0,12.14808,43.311657,0.0010735728,0.0,0.29132462,0.7591311
3803,42.02457,0.0,13.764074,43.311646,0.0010666507,0.0,0.2666586,0.759129
3804,38.74758,0.0,25.236515,43.311615,0.0010983245,0.0,0.3001368,0.75912696
3805,38.48202,0.0,21.833105,43.31159,0.0011671648,0.0,0.32371306,0.75912493
3806,36.310543,0.0,32.197144,43.311543,0.0010983328,0.0,0.33060548,0.759123
3807,46.101326,0.0,30.60847,43.31155,0.0011820425,0.0,0.31976432,0.7591211
3808,39.12182,0.0,19.939371,43.311543,0.00094677036,0.0,0.32204926,0.75911945
3809,31.234232,0.0,17.555738,43.311527,0.0013507397,0.0,0.31638676,0.75911754
3810,29.64682,0.0,25.876823,43.31153,0.00078429206,0.0,0.316953,0.7591159
3811,53.634857,0.0,23.47263,43.311554,0.0010376363,0.0,0.33800572,0.759114
3812,27.259,0.0,24.16867,43.311607,0.0011716194,0.0,0.3352631,0.7591124
3813,34.097454,0.0,19.405987,43.311638,0.000916847,0.0,0.3520133,0.7591109
3814,35.39006,0.0,20.386013,43.311672,0.0008983421,0.0,0.3389803,0.7591095
3815,36.12851,0.0,19.391462,43.311707,0.000841438,0.0,0.32089508,0.759108
3816,43.418354,0.0,15.642216,43.311695,0.0010344977,0.0,0.32227072,0.7591066
3817,34.30932,0.0,27.058594,43.311684,0.0011833645,0.0,0.3373761,0.759105
3818,36.55831,0.0,23.77473,43.31168,0.0010311917,0.0,0.31614596,0.75910443
3819,19.175756,0.0,24.72895,43.31168,0.00089508237,0.0,0.31723225,0.75910455
3820,38.359768,0.0,24.113987,43.31164,0.0013784512,0.0,0.32770985,0.75910455
3821,26.674473,0.0,22.734638,43.311665,0.0009895035,0.0,0.29814327,0.7591046
3822,52.895203,0.0,27.151352,43.31166,0.0008915764,0.0,0.32572436,0.75910455
3823,31.765001,0.0,21.521074,43.311646,0.0009125215,0.0,0.30349642,0.7591044
3824,60.667423,0.0,24.63798,43.31164,0.0011591008,0.0,0.32173666,0.75910413
3825,32.91652,0.0,26.785816,43.311684,0.0012714993,0.0,0.31193587,0.7591038
3826,33.861946,0.0,19.880049,43.311726,0.00089782197,0.0,0.31798735,0.7591038
3827,31.574186,0.0,22.782633,43.311768,0.0009151562,0.0,0.319579,0.7591035
3828,67.37299,0.0,33.872665,43.311794,0.0011511799,0.0,0.31210485,0.7591031
3829,25.618336,0.0,16.786442,43.3119,0.0009448582,0.0,0.3005298,0.7591028
3830,28.362097,0.0,17.742958,43.31197,0.0011334729,0.0,0.33512673,0.7591022
3831,32.800632,0.0,14.222706,43.312023,0.0009371949,0.0,0.3009625,0.75910175
3832,35.925175,0.0,18.916834,43.312088,0.0011143895,0.0,0.32790622,0.7591011
3833,32.85066,0.0,24.78347,43.31213,0.001151454,0.0,0.33319435,0.7591003
3834,54.50919,0.0,24.288057,43.312145,0.0010240511,0.0,0.34517035,0.75909954
3835,34.855927,0.0,19.997179,43.31213,0.0011933178,0.0,0.33595213,0.7590987
3836,34.198627,0.0,24.187124,43.312103,0.0010236785,0.0,0.3026554,0.75910354
3837,33.0676,0.0,23.072958,43.31204,0.00090805197,0.0,0.300571,0.75910777
3838,24.967003,0.0,29.115211,43.312,0.00097526703,0.0,0.3430804,0.75911397
3839,41.580254,0.0,19.624989,43.311977,0.001171138,0.0,0.34265,0.75911945
3840,28.109015,0.0,22.062588,43.31192,0.0010326868,0.0,0.31158876,0.7591245
3841,28.39641,0.0,21.428816,43.31185,0.0010854903,0.0,0.31399056,0.75912905
3842,41.076073,0.0,22.11559,43.311794,0.0012337961,0.0,0.30445418,0.7591404
3843,42.410213,0.0,19.633467,43.31172,0.00097362197,0.0,0.3061436,0.7591507
3844,39.2094,0.0,33.016212,43.311676,0.00116425,0.0,0.30143413,0.75915986
3845,37.386806,0.0,28.378304,43.31167,0.0010344817,0.0,0.34482223,0.7591683
3846,39.403027,0.0,11.440039,43.31167,0.001020317,0.0,0.30541703,0.7591758
3847,46.77516,0.0,13.34715,43.311684,0.0009029321,0.0,0.32634866,0.7591826
3848,33.04524,0.0,29.980783,43.31172,0.0012445464,0.0,0.34892735,0.7591885
3849,40.07937,0.0,33.29057,43.311752,0.0013141083,0.0,0.3198252,0.75919414
3850,57.819057,0.0,25.019491,43.311737,0.00094197196,0.0,0.29113656,0.7591991
3851,41.252926,0.0,18.179132,43.311707,0.0010472218,0.0,0.34897703,0.7592035
3852,49.52695,0.0,16.909782,43.3117,0.0013659049,0.0,0.2827817,0.7592073
3853,38.00733,0.0,20.679731,43.3117,0.0008964107,0.0,0.32525936,0.7592106
3854,37.376385,0.0,28.419823,43.311684,0.0009318612,0.0,0.3258502,0.75921345
3855,37.885544,0.0,26.584461,43.31164,0.00095120014,0.0,0.32454115,0.75921595
3856,37.905754,0.0,23.109507,43.31159,0.0012257113,0.0,0.3398753,0.759218
3857,26.990126,0.0,23.114647,43.31154,0.0007729316,0.0,0.30524725,0.7592197
3858,23.483675,0.0,25.164684,43.311493,0.0009686131,0.0,0.28693214,0.7592211
3859,35.026833,0.0,29.296412,43.311462,0.0017611007,0.0,0.31329608,0.75922227
3860,37.473957,0.0,24.275206,43.311474,0.0007591445,0.0,0.3248316,0.75922483
3861,37.86915,0.0,24.168514,43.31151,0.0010678493,0.0,0.34117633,0.759226
3862,44.116577,0.0,26.48539,43.31154,0.0010855063,0.0,0.31614164,0.7592269
3863,48.19529,0.0,22.070969,43.31159,0.0014648208,0.0,0.33322996,0.75922763
3864,33.96516,0.0,21.113195,43.31162,0.0012202251,0.0,0.32899642,0.7592281
3865,48.03812,0.0,19.219038,43.311634,0.0011301314,0.0,0.331426,0.75922835
3866,49.657356,0.0,26.275007,43.311634,0.0009793931,0.0,0.31012577,0.7592282
3867,26.48419,0.0,25.900326,43.31168,0.0009890706,0.0,0.30203646,0.75922805
3868,32.28637,0.0,19.575127,43.31171,0.0015300286,0.0,0.32230622,0.7592278
3869,42.131428,0.0,28.38554,43.311745,0.0011618807,0.0,0.30268577,0.7592273
3870,39.06013,0.0,18.56343,43.311764,0.0011291335,0.0,0.32640272,0.7592268
3871,29.26112,0.0,25.690187,43.311768,0.00094564626,0.0,0.3347053,0.7592391
3872,38.631413,0.0,18.831709,43.311752,0.0009943892,0.0,0.3185631,0.7592502
3873,37.00276,0.0,29.783813,43.3117,0.0010597965,0.0,0.35306835,0.7592604
3874,36.352253,0.0,19.465117,43.31166,0.0012417383,0.0,0.30831468,0.759268
3875,26.828613,0.0,26.087183,43.311634,0.00083990116,0.0,0.3228734,0.7592748
3876,50.50337,0.0,43.83769,43.3116,0.00079892424,0.0,0.34065777,0.7592808
3877,27.234396,0.0,24.255352,43.311554,0.0010909114,0.0,0.31697932,0.75928617
3878,37.916172,0.0,23.390223,43.311504,0.0007685783,0.0,0.32561147,0.759291
3879,39.734165,0.0,42.758633,43.31145,0.00092546595,0.0,0.3468855,0.75929785
3880,23.408943,0.0,24.92887,43.311417,0.0009794886,0.0,0.29383093,0.7593018
3881,42.79024,0.0,29.176998,43.311382,0.0009935417,0.0,0.3113638,0.7593054
3882,39.795197,0.0,35.244694,43.311363,0.0009240303,0.0,0.32647252,0.75930864
3883,38.285362,0.0,24.553188,43.31139,0.0009393878,0.0,0.28937805,0.75931156
3884,34.87905,0.0,33.185936,43.31145,0.0007200918,0.0,0.291127,0.75931406
3885,29.69838,0.0,25.143047,43.311478,0.000950395,0.0,0.34995398,0.7593163
3886,30.742737,0.0,34.854187,43.311497,0.0009987787,0.0,0.32417083,0.7593181
3887,35.08264,0.0,34.408764,43.31155,0.00085212,0.0,0.32985815,0.75931984
3888,46.310646,0.0,33.80011,43.311596,0.0007844923,0.0,0.34479293,0.7593211
3889,25.509893,0.0,31.154171,43.311657,0.0009029654,0.0,0.3678107,0.7593223
3890,35.082005,0.0,38.575665,43.311733,0.0010674534,0.0,0.32247818,0.75932175
3891,43.130142,0.0,25.781664,43.31177,0.0013681444,0.0,0.3033773,0.7593212
3892,35.53982,0.0,37.97324,43.311813,0.0010813888,0.0,0.28837773,0.7593206
3893,28.929512,0.0,28.28615,43.311913,0.0011163768,0.0,0.29272792,0.7593201
3894,31.85139,0.0,30.031975,43.311985,0.0010343152,0.0,0.359083,0.75931937
3895,39.071632,0.0,26.971102,43.31208,0.0010560618,0.0,0.3156981,0.75931865
3896,37.19698,0.0,23.937471,43.312138,0.0012665094,0.0,0.33911544,0.75931793
3897,35.636845,0.0,29.434317,43.31217,0.0015381582,0.0,0.3265559,0.759317
3898,36.772373,0.0,29.413095,43.31221,0.0008444516,0.0,0.29257435,0.7593152
3899,34.984554,0.0,19.733755,43.31222,0.00097575894,0.0,0.3255185,0.7593135
3900,40.432518,0.0,18.497551,43.312237,0.00077855715,0.0,0.31261638,0.7593118
3901,30.417908,0.0,37.278374,43.31225,0.00109233,0.0,0.31852302,0.7593103
3902,36.199966,0.0,18.422716,43.31226,0.00094058615,0.0,0.33167744,0.75930876
3903,29.915453,0.0,41.48706,43.31229,0.0009527504,0.0,0.34509325,0.75930715
3904,30.235977,0.0,21.109612,43.312267,0.001213914,0.0,0.3437987,0.7593057
3905,45.362335,0.0,19.900839,43.312263,0.0008565682,0.0,0.2996236,0.75930387
3906,42.363743,0.0,21.720287,43.312256,0.0012530838,0.0,0.31382966,0.7593022
3907,31.63855,0.0,21.362215,43.31224,0.0006698749,0.0,0.3215813,0.75930077
3908,32.66718,0.0,22.762758,43.312263,0.0009256181,0.0,0.2908702,0.7592993
3909,49.098022,0.0,21.408018,43.312267,0.0009767697,0.0,0.30764434,0.75929797
3910,33.132317,0.0,27.365011,43.31225,0.0009646863,0.0,0.3159544,0.7592967
3911,48.976746,0.0,18.871244,43.31221,0.0012374659,0.0,0.33848327,0.7592932
3912,31.804293,0.0,17.015642,43.312183,0.0011586619,0.0,0.33968204,0.75928986
3913,31.761461,0.0,17.728504,43.312153,0.0013039162,0.0,0.30220968,0.7592868
3914,30.153938,0.0,17.447233,43.312183,0.0008490123,0.0,0.3357829,0.7592847
3915,73.97799,0.0,17.15489,43.312206,0.0011666189,0.0,0.30446693,0.7592827
3916,34.282692,0.0,28.673609,43.312233,0.0009222079,0.0,0.3335848,0.7592807
3917,29.780855,0.0,36.50303,43.312286,0.0012269904,0.0,0.3065589,0.75927883
3918,48.33409,0.0,30.269075,43.31244,0.0010228079,0.0,0.28281802,0.75927603
3919,31.12551,0.0,17.303015,43.312603,0.0009821954,0.0,0.3069324,0.75927347
3920,32.275112,0.0,25.850506,43.312744,0.0008202998,0.0,0.31694704,0.759271
3921,50.76229,0.0,23.884165,43.31284,0.0008774709,0.0,0.2987996,0.7592691
3922,37.875496,0.0,23.46401,43.312912,0.0012628183,0.0,0.31171173,0.7592673
3923,35.843357,0.0,36.09046,43.312927,0.0010949761,0.0,0.30729228,0.7592656
3924,36.25964,0.0,45.003654,43.312927,0.00076402555,0.0,0.33596158,0.75926393
3925,44.217472,0.0,17.63093,43.31292,0.00094232906,0.0,0.31620967,0.75926226
3926,42.238438,0.0,14.859648,43.312916,0.0010460912,0.0,0.3185967,0.75926095
3927,24.872625,0.0,25.050718,43.312916,0.0011194404,0.0,0.35344955,0.75925964
3928,28.858236,0.0,22.08867,43.312904,0.0010930803,0.0,0.32528216,0.7592581
3929,40.123474,0.0,30.382917,43.312935,0.0009387584,0.0,0.31218395,0.7592566
3930,27.773636,0.0,39.308678,43.313,0.0013778144,0.0,0.2735036,0.75925523
3931,54.8736,0.0,25.29299,43.313004,0.00095425453,0.0,0.33111757,0.75925374
3932,33.327595,0.0,36.770855,43.313,0.00076101616,0.0,0.31496403,0.7592523
3933,32.857212,0.0,18.562881,43.312992,0.001449847,0.0,0.35866356,0.7592509
3934,40.65513,0.0,16.157488,43.312977,0.0010771855,0.0,0.34778795,0.75925285
3935,30.276497,0.0,24.02039,43.312977,0.001000437,0.0,0.30618638,0.7592559
3936,37.44191,0.0,29.212036,43.312992,0.0013768037,0.0,0.3109911,0.7592584
3937,44.06846,0.0,47.152775,43.313,0.0010882841,0.0,0.31189167,0.7592606
3938,31.139835,0.0,22.805895,43.31306,0.0010755893,0.0,0.33889222,0.7592624
3939,32.74068,0.0,33.64448,43.313103,0.0008981523,0.0,0.32730973,0.759264
3940,28.741365,0.0,20.38159,43.313187,0.0010794675,0.0,0.33366495,0.75926524
3941,41.463203,0.0,22.029528,43.313274,0.0010257235,0.0,0.30997634,0.7592662
3942,27.046112,0.0,23.344622,43.313316,0.0011451335,0.0,0.2753718,0.759267
3943,28.281067,0.0,13.225189,43.313377,0.0011243988,0.0,0.31604064,0.7592665
3944,44.143898,0.0,20.637228,43.313408,0.00079392025,0.0,0.33304876,0.75926596
3945,30.497982,0.0,22.407507,43.313465,0.0011246258,0.0,0.31005335,0.7592648
3946,37.890347,0.0,24.405005,43.313484,0.0010276004,0.0,0.29019868,0.75926375
3947,32.872917,0.0,18.375591,43.31349,0.0012377183,0.0,0.3484062,0.7592627
3948,43.002766,0.0,23.465755,43.31351,0.0011649175,0.0,0.32068205,0.75926155
3949,39.29851,0.0,31.028784,43.313507,0.001437735,0.0,0.29331613,0.75926024
3950,37.955654,0.0,23.03643,43.31352,0.0014458671,0.0,0.3068063,0.75925773
3951,40.43846,0.0,18.402973,43.31353,0.0009678742,0.0,0.31429446,0.75925535
3952,62.541058,0.0,28.924084,43.31355,0.00112027,0.0,0.30597845,0.7592508
3953,29.008886,0.0,18.628767,43.313583,0.0009468991,0.0,0.3188356,0.75924677
3954,23.659754,0.0,25.33631,43.3136,0.0011684205,0.0,0.31305024,0.75924295
3955,31.674303,0.0,17.944883,43.313637,0.0011426349,0.0,0.30056798,0.75924116
3956,46.59284,0.0,31.3125,43.31369,0.0012688993,0.0,0.31411695,0.7592395
3957,49.53789,0.0,22.349962,43.31376,0.000997761,0.0,0.3335899,0.7592379
3958,38.373344,0.0,23.272146,43.31383,0.0010378843,0.0,0.30273116,0.75923634
3959,40.52175,0.0,23.288244,43.31392,0.00087771565,0.0,0.29054874,0.7592347
3960,38.79694,0.0,28.082695,43.313957,0.0013118668,0.0,0.298006,0.7592331
3961,34.579433,0.0,26.737055,43.31399,0.00083483616,0.0,0.30818304,0.7592315
3962,35.858727,0.0,40.594368,43.31405,0.0009485352,0.0,0.3051867,0.75923
3963,48.311134,0.0,35.180206,43.314114,0.0011113909,0.0,0.30095637,0.75922847
3964,34.4632,0.0,34.088596,43.31418,0.0009306562,0.0,0.31536183,0.75922704
3965,43.478313,0.0,26.762943,43.31432,0.0009543678,0.0,0.32219884,0.7592254
3966,59.87882,0.0,19.157701,43.314465,0.0010840509,0.0,0.3558372,0.7592226
3967,34.90317,0.0,24.787235,43.314583,0.00068210217,0.0,0.32046944,0.7592201
3968,39.532627,0.0,33.1391,43.31471,0.00067587686,0.0,0.29673275,0.75921774
3969,28.772787,0.0,17.506653,43.314842,0.0012409817,0.0,0.36353752,0.7592234
3970,41.286907,0.0,19.273973,43.31497,0.0009851166,0.0,0.3058023,0.75922865
3971,49.216408,0.0,21.466143,43.315098,0.0010312092,0.0,0.3350037,0.75923353
3972,47.051994,0.0,45.146275,43.31521,0.0011609062,0.0,0.2859999,0.7592378
3973,40.46449,0.0,20.495455,43.31522,0.0009258621,0.0,0.32482252,0.7592416
3974,64.9651,0.0,29.309052,43.31525,0.0012033399,0.0,0.3050977,0.759245
3975,45.451935,0.0,23.49941,43.315243,0.00085641793,0.0,0.33202994,0.75924784
3976,27.40511,0.0,27.10007,43.315205,0.00093674054,0.0,0.3345027,0.7592492
3977,40.4086,0.0,19.905207,43.315125,0.0010972363,0.0,0.3074072,0.7592503
3978,31.523857,0.0,18.793005,43.31509,0.0011318413,0.0,0.30610126,0.7592512
3979,31.835428,0.0,24.943224,43.315025,0.0010459604,0.0,0.32227108,0.7592518
3980,44.994343,0.0,24.31032,43.314915,0.0011894903,0.0,0.33336115,0.7592522
3981,38.08142,0.0,48.445946,43.31483,0.0010633157,0.0,0.29734802,0.7592525
3982,49.45931,0.0,21.003849,43.314793,0.0008917735,0.0,0.36115736,0.7592525
3983,31.830156,0.0,23.958942,43.314777,0.0010164026,0.0,0.32093954,0.7592567
3984,73.37409,0.0,21.750431,43.314716,0.0017762794,0.0,0.30654955,0.7592604
3985,46.460026,0.0,20.947506,43.314682,0.0013286497,0.0,0.30201507,0.75926375
3986,62.230827,0.0,19.301537,43.314632,0.0010525337,0.0,0.34597725,0.7592667
3987,36.689014,0.0,18.539497,43.314587,0.000970585,0.0,0.34874687,0.75926924
3988,29.100664,0.0,21.466478,43.31455,0.001182653,0.0,0.31829283,0.75927144
3989,44.10554,0.0,18.522787,43.314537,0.0015072373,0.0,0.33343583,0.7592733
3990,28.110981,0.0,23.336897,43.314526,0.0011916887,0.0,0.30691904,0.7592726
3991,40.14003,0.0,35.66285,43.314533,0.0007927303,0.0,0.34161744,0.7592719
3992,50.17588,0.0,30.216043,43.314575,0.0009226543,0.0,0.30965847,0.7592688
3993,35.528454,0.0,33.615852,43.314625,0.0009211586,0.0,0.31414115,0.75926626
3994,33.479355,0.0,16.033594,43.31472,0.0016266396,0.0,0.31380522,0.75926375
3995,34.28216,0.0,23.648865,43.314816,0.0010130187,0.0,0.28615868,0.7592614
3996,60.11261,0.0,24.396635,43.31494,0.0011480096,0.0,0.29411694,0.75925916
3997,39.843304,0.0,29.030323,43.315086,0.0015060831,0.0,0.35318562,0.7592563
3998,34.705086,0.0,28.568,43.315178,0.001039312,0.0,0.28967232,0.7592535
3999,47.859276,0.0,34.72067,43.31528,0.0012180416,0.0,0.30076355,0.7592522
4000,36.7404,0.0,18.653126,43.315403,0.0013342137,0.0,0.29626572,0.759251
4001,33.37819,0.0,17.919113,43.31554,0.0008524804,0.0,0.30335855,0.7592498
4002,29.419382,0.0,23.531054,43.315666,0.0011955438,0.0,0.33903015,0.75924546
4003,40.352093,0.0,28.965784,43.31574,0.00092615257,0.0,0.32169777,0.75924146
4004,30.875614,0.0,28.839823,43.315834,0.0013113155,0.0,0.3245684,0.7592392
4005,50.154755,0.0,17.422749,43.315956,0.001371566,0.0,0.31593,0.7592371
4006,53.47426,0.0,21.874949,43.31608,0.0008472967,0.0,0.33485234,0.759235
4007,30.146269,0.0,33.4133,43.31624,0.0010151544,0.0,0.30670518,0.759233
4008,39.3518,0.0,19.52778,43.31635,0.0012304992,0.0,0.2849068,0.7592305
4009,42.707203,0.0,35.82364,43.31644,0.0011780764,0.0,0.31877583,0.75922817
4010,31.599724,0.0,32.0486,43.316486,0.0010827648,0.0,0.32242122,0.75922585
4011,30.8127,0.0,31.217386,43.316532,0.0017638151,0.0,0.31661767,0.75922364
4012,47.323215,0.0,22.398394,43.316555,0.0012369207,0.0,0.33336735,0.75922155
4013,24.641201,0.0,21.804726,43.316586,0.0008016631,0.0,0.3117549,0.75921947
4014,34.74822,0.0,25.009094,43.31657,0.0013952579,0.0,0.29724607,0.7592174
4015,28.065083,0.0,19.652239,43.31652,0.000987719,0.0,0.3096287,0.7592155
4016,41.25328,0.0,30.570784,43.31644,0.001220655,0.0,0.3303609,0.75921357
4017,32.816193,0.0,30.666737,43.31635,0.00076946634,0.0,0.3217408,0.7592117
4018,48.8876,0.0,20.349133,43.316242,0.0012204441,0.0,0.3037264,0.7592099
4019,37.380722,0.0,19.553974,43.31616,0.0011103407,0.0,0.3227221,0.7592081
4020,39.56564,0.0,31.80861,43.316074,0.0014396631,0.0,0.35303387,0.75920635
4021,33.75449,0.0,17.644785,43.315964,0.0010376538,0.0,0.3357504,0.75920457
4022,33.34825,0.0,16.158087,43.31585,0.0013175079,0.0,0.29302034,0.7592002
4023,31.531054,0.0,17.397491,43.31574,0.000993951,0.0,0.32906199,0.759196
4024,42.040398,0.0,21.925972,43.31562,0.0012372641,0.0,0.30511174,0.7591921
4025,35.739353,0.0,23.080502,43.31552,0.0009463859,0.0,0.31042135,0.75918853
4026,51.480312,0.0,20.282782,43.315437,0.0014299748,0.0,0.32464272,0.75918514
4027,22.330177,0.0,20.081116,43.31536,0.0011442022,0.0,0.33037466,0.75918186
4028,39.711277,0.0,21.768362,43.315273,0.0014784937,0.0,0.3226951,0.7591789
4029,42.109344,0.0,24.95138,43.315254,0.0010424409,0.0,0.35199445,0.75917596
4030,36.182304,0.0,19.76023,43.315228,0.0016096011,0.0,0.36317998,0.7591732
4031,45.720287,0.0,32.17932,43.315228,0.0010044929,0.0,0.32299125,0.7591706
4032,36.359554,0.0,21.998833,43.315132,0.0014009743,0.0,0.32905704,0.75916815
4033,36.89199,0.0,37.474014,43.315033,0.0018344985,0.0,0.2918576,0.7591657
4034,35.29571,0.0,17.687706,43.314987,0.0013003828,0.0,0.3191373,0.7591634
4035,41.24393,0.0,25.16469,43.31494,0.0011759182,0.0,0.33164006,0.7591775
4036,26.636328,0.0,26.88315,43.314938,0.0010858154,0.0,0.32768965,0.7591902
4037,29.429346,0.0,16.690294,43.31494,0.0015097558,0.0,0.33265805,0.7592016
4038,25.041927,0.0,21.706554,43.314945,0.0017102401,0.0,0.29708377,0.7592117
4039,36.42383,0.0,36.423916,43.31496,0.0010661682,0.0,0.2926368,0.75922084
4040,47.683155,0.0,16.992558,43.314907,0.00086657354,0.0,0.38088155,0.75922894
4041,34.076206,0.0,26.23802,43.31488,0.0010804122,0.0,0.3126967,0.7592362
4042,30.1099,0.0,51.299484,43.314804,0.0012169061,0.0,0.3141388,0.75924253
4043,55.07268,0.0,22.880848,43.31464,0.0015116499,0.0,0.32078168,0.7592481
4044,26.591759,0.0,17.27548,43.314445,0.0012587976,0.0,0.3064706,0.759253
4045,55.67325,0.0,31.933268,43.314243,0.0016423026,0.0,0.29524884,0.7592574
4046,29.394701,0.0,17.606401,43.314075,0.0009547182,0.0,0.33418715,0.7592622
4047,33.367043,0.0,20.844208,43.313896,0.0015383916,0.0,0.33562422,0.75926626
4048,46.485317,0.0,29.735748,43.31371,0.0012735961,0.0,0.3259668,0.75926983
4049,37.786312,0.0,22.967867,43.313606,0.0016370979,0.0,0.3152879,0.759273
4050,31.605635,0.0,43.884926,43.313507,0.0009831246,0.0,0.31613302,0.759277
4051,39.46923,0.0,14.549603,43.313427,0.0014973097,0.0,0.2966944,0.75928056
4052,50.451817,0.0,40.999058,43.313416,0.0014167463,0.0,0.35490343,0.7592866
4053,30.075634,0.0,23.607243,43.31339,0.0015987596,0.0,0.31206268,0.7592919
4054,48.731174,0.0,19.198399,43.31336,0.0012205481,0.0,0.34049475,0.75929695
4055,51.685307,0.0,21.51351,43.313377,0.0012811224,0.0,0.30039084,0.75930136
4056,38.568516,0.0,19.094706,43.31336,0.00134386,0.0,0.29768133,0.75930357
4057,43.466568,0.0,23.160973,43.313354,0.0010119576,0.0,0.29544526,0.7593054
4058,29.553328,0.0,26.560534,43.31336,0.0010771567,0.0,0.3347039,0.75930715
4059,32.568947,0.0,21.744417,43.31336,0.0011017555,0.0,0.30803156,0.7593084
4060,31.510437,0.0,21.754448,43.31335,0.0011100732,0.0,0.31041306,0.7593095
4061,58.292427,0.0,22.339312,43.31331,0.0011274476,0.0,0.30182013,0.75931025
4062,38.366253,0.0,22.833902,43.31327,0.001077403,0.0,0.36323246,0.75931084
4063,32.238125,0.0,32.507446,43.313255,0.001263099,0.0,0.31203452,0.7593112
4064,32.74293,0.0,27.21477,43.31329,0.0011324065,0.0,0.30940962,0.7593114
4065,36.863045,0.0,24.120884,43.31333,0.00138456,0.0,0.29736415,0.75931144
4066,33.271378,0.0,22.383125,43.313393,0.0012574042,0.0,0.30735293,0.7593117
4067,33.14906,0.0,21.791956,43.31346,0.00088425167,0.0,0.3328199,0.75931185
4068,58.660553,0.0,20.384148,43.31353,0.0011943913,0.0,0.33116144,0.7593118
4069,39.37978,0.0,15.111755,43.313564,0.0010529002,0.0,0.33897072,0.7593117
4070,38.572674,0.0,30.241476,43.313614,0.00077101204,0.0,0.32787773,0.7593103
4071,35.02884,0.0,23.597704,43.313663,0.0011132271,0.0,0.2992843,0.759309
4072,41.992798,0.0,16.93109,43.313744,0.0012298434,0.0,0.32501686,0.7593078
4073,39.035122,0.0,28.359758,43.31381,0.0009394197,0.0,0.32727247,0.7593066
4074,36.069435,0.0,28.563065,43.31387,0.0007785982,0.0,0.34506392,0.7593053
4075,46.4177,0.0,22.098824,43.313927,0.0009894113,0.0,0.35335097,0.75930405
4076,51.55526,0.0,21.007238,43.313953,0.001170717,0.0,0.3469591,0.7593028
4077,37.082554,0.0,29.572716,43.313972,0.0011582267,0.0,0.3277531,0.7593015
4078,33.683067,0.0,43.64963,43.313988,0.0010816972,0.0,0.33068284,0.75930023
4079,32.981632,0.0,16.753195,43.31407,0.0009888553,0.0,0.33365548,0.75929886
4080,45.396782,0.0,22.908333,43.31416,0.001160006,0.0,0.30601948,0.7592975
4081,53.240677,0.0,21.017105,43.31422,0.0013006628,0.0,0.33466408,0.7592961
4082,31.673225,0.0,18.999193,43.314285,0.001001522,0.0,0.34135064,0.7592948
4083,34.33563,0.0,16.394182,43.314358,0.0009222501,0.0,0.32622167,0.7592934
4084,36.459156,0.0,23.621775,43.31444,0.0012058166,0.0,0.3363108,0.75929195
4085,30.84215,0.0,28.345322,43.31449,0.0010389851,0.0,0.3303218,0.7592905
4086,38.86622,0.0,26.587029,43.314568,0.0013734559,0.0,0.3303275,0.7592886
4087,32.047882,0.0,23.123169,43.314598,0.0011559506,0.0,0.33105928,0.7592897
4088,44.622803,0.0,24.940367,43.31464,0.001061722,0.0,0.31698227,0.7592904
4089,30.132523,0.0,16.966936,43.31468,0.0011214593,0.0,0.3270447,0.759291
4090,38.27904,0.0,23.847828,43.31472,0.0008766409,0.0,0.31334394,0.7592914
4091,33.504246,0.0,26.713076,43.314724,0.00088504504,0.0,0.34786338,0.7592917
4092,44.607212,0.0,19.384504,43.314713,0.00088442763,0.0,0.32517108,0.75928897
4093,37.71351,0.0,22.484135,43.31469,0.00094600295,0.0,0.31627434,0.7592866
4094,37.15675,0.0,14.91987,43.314663,0.0012356774,0.0,0.31663364,0.7592842
4095,39.754395,0.0,22.176453,43.314648,0.0010314327,0.0,0.31468135,0.75928193
4096,33.797565,0.0,24.967558,43.314636,0.00093484716,0.0,0.32238913,0.7592799
4097,36.91201,0.0,30.934835,43.31463,0.0007192515,0.0,0.30829465,0.7592778
4098,39.99587,0.0,15.399125,43.314716,0.0010149255,0.0,0.32500398,0.7592758
4099,65.07336,0.0,21.104101,43.3148,0.0014498688,0.0,0.32237524,0.75927395
4100,41.05992,0.0,14.146278,43.314842,0.0008715014,0.0,0.28988725,0.75927204
4101,27.670126,0.0,30.8132,43.314888,0.00070066674,0.0,0.3056032,0.75927025
4102,51.264503,0.0,20.05518,43.314915,0.0011013041,0.0,0.3326952,0.7592686
4103,34.800423,0.0,18.276018,43.31492,0.001196577,0.0,0.3065514,0.75926703
4104,34.94967,0.0,18.40197,43.315002,0.001194912,0.0,0.32280833,0.75926554
4105,40.86261,0.0,22.684965,43.315098,0.0009171264,0.0,0.3255595,0.75926393
4106,33.176865,0.0,16.132092,43.315178,0.0012269809,0.0,0.3407964,0.75926226
4107,46.399044,0.0,20.73654,43.315243,0.0007788241,0.0,0.30960125,0.75926083
4108,49.619183,0.0,15.876064,43.315277,0.0009768658,0.0,0.31222045,0.7592593
4109,33.97081,0.0,38.827976,43.31531,0.00086856727,0.0,0.2897563,0.75925773
4110,31.881086,0.0,26.43237,43.315357,0.0012762302,0.0,0.33423334,0.75925624
4111,29.047203,0.0,35.995106,43.31541,0.0011190491,0.0,0.32417962,0.75925356
4112,35.063713,0.0,29.857342,43.315422,0.0010306695,0.0,0.3231842,0.75925124
4113,47.70093,0.0,19.201715,43.315475,0.0008696858,0.0,0.31955266,0.7592496
4114,29.583183,0.0,22.365263,43.315533,0.0010808937,0.0,0.30786484,0.75924826
4115,37.78383,0.0,27.521688,43.315617,0.001156678,0.0,0.26944128,0.7592468
4116,39.929394,0.0,23.11775,43.315624,0.0011085307,0.0,0.33047146,0.7592454
4117,47.252937,0.0,21.291368,43.315605,0.0010385469,0.0,0.33347,0.759245
4118,75.545235,0.0,30.699915,43.315563,0.0012016309,0.0,0.3362037,0.7592444
4119,43.46207,0.0,25.03528,43.31556,0.00090968166,0.0,0.2872819,0.7592439
4120,31.437313,0.0,28.71648,43.3156,0.00084266206,0.0,0.32187867,0.75924313
4121,30.443409,0.0,26.96562,43.31568,0.0012303364,0.0,0.2934957,0.7592424
4122,36.8115,0.0,20.922974,43.31573,0.000991026,0.0,0.31880793,0.75924164
4123,27.534838,0.0,19.681751,43.31578,0.0010674632,0.0,0.31286818,0.75924075
4124,45.12906,0.0,16.834139,43.3158,0.0014194584,0.0,0.32958722,0.7592399
4125,46.335636,0.0,16.8044,43.315823,0.0011219466,0.0,0.31235874,0.75923896
4126,38.70189,0.0,26.149395,43.31585,0.0010904288,0.0,0.33472806,0.7592379
4127,73.29492,0.0,24.138603,43.315857,0.0010608941,0.0,0.32259893,0.7592369
4128,54.101353,0.0,19.251453,43.31587,0.0013181454,0.0,0.33958924,0.75923574
4129,28.35296,0.0,22.457481,43.315887,0.00122676,0.0,0.31104356,0.7592345
4130,24.031656,0.0,16.889215,43.3159,0.0011399973,0.0,0.28657123,0.7592334
4131,55.63822,0.0,15.265607,43.315903,0.0009939263,0.0,0.33735475,0.75923043
4132,41.875725,0.0,27.349482,43.315865,0.0009773062,0.0,0.33254915,0.7592261
4133,33.7521,0.0,30.087275,43.315834,0.0009632743,0.0,0.32910395,0.7592223
4134,29.718758,0.0,26.38309,43.31586,0.0011727542,0.0,0.33851647,0.75921905
4135,39.397934,0.0,27.52273,43.315903,0.0011901862,0.0,0.33479184,0.75921607
4136,56.132755,0.0,22.548504,43.31594,0.0013610367,0.0,0.3572117,0.7592152
4137,51.350212,0.0,25.377232,43.31597,0.0009689102,0.0,0.33860803,0.75921434
4138,29.36394,0.0,16.618517,43.316,0.0012300466,0.0,0.3089729,0.7592137
4139,43.4944,0.0,18.660479,43.31601,0.001005173,0.0,0.28685188,0.759213
4140,48.80894,0.0,29.495876,43.315998,0.0012189107,0.0,0.3761445,0.7592123
4141,29.985338,0.0,18.008783,43.316025,0.0011617783,0.0,0.31413865,0.7592146
4142,40.705353,0.0,15.228566,43.316063,0.0013202432,0.0,0.3152742,0.7592166
4143,33.94008,0.0,30.792322,43.316093,0.0010127301,0.0,0.29571694,0.7592188
4144,33.798515,0.0,33.621395,43.316116,0.0009036122,0.0,0.2883186,0.7592208
4145,37.53684,0.0,27.473581,43.31611,0.0011090625,0.0,0.33925867,0.7592284
4146,32.62771,0.0,27.033092,43.316055,0.0010107453,0.0,0.34075412,0.7592353
4147,33.082977,0.0,17.911966,43.315987,0.001074512,0.0,0.33053526,0.7592415
4148,67.60772,0.0,21.024849,43.31588,0.00095896935,0.0,0.35408193,0.759247
4149,31.980745,0.0,18.86549,43.315792,0.00095812604,0.0,0.30965877,0.75925153
4150,54.836746,0.0,21.383575,43.315716,0.0011823039,0.0,0.3013057,0.7592556
4151,47.904808,0.0,26.513659,43.31567,0.0012690669,0.0,0.36996293,0.75925916
4152,34.745525,0.0,28.362,43.315624,0.0007595954,0.0,0.34433374,0.7592622
4153,39.96794,0.0,26.93635,43.31559,0.0011181359,0.0,0.31105286,0.7592638
4154,30.657003,0.0,23.018717,43.315544,0.00084402645,0.0,0.32944164,0.7592648
4155,37.39047,0.0,26.469397,43.315517,0.0011330863,0.0,0.30334085,0.7592656
4156,33.172966,0.0,31.38389,43.31553,0.0008139679,0.0,0.32663032,0.75926465
4157,24.206453,0.0,18.692112,43.31558,0.0011672891,0.0,0.35906792,0.7592643
4158,48.443382,0.0,28.954943,43.315636,0.0010733878,0.0,0.337082,0.75926405
4159,34.13577,0.0,21.806292,43.31568,0.0011667459,0.0,0.32407525,0.7592637
4160,38.52201,0.0,30.144157,43.315678,0.0009252864,0.0,0.31531578,0.7592671
4161,32.81842,0.0,13.596525,43.315697,0.0014393013,0.0,0.3370715,0.7592702
4162,29.213858,0.0,25.407671,43.31573,0.0011747871,0.0,0.35042232,0.7592728
4163,51.0162,0.0,15.901094,43.31582,0.0012525924,0.0,0.33615407,0.7592752
4164,40.326164,0.0,32.409946,43.31588,0.0009222415,0.0,0.32248566,0.7592772
4165,40.28246,0.0,18.198809,43.315895,0.0014057009,0.0,0.30595666,0.7592785
4166,41.697083,0.0,17.864594,43.31588,0.0009710602,0.0,0.30013084,0.75927824
4167,37.93234,0.0,22.951494,43.315845,0.0013776266,0.0,0.34569284,0.7592779
4168,34.322395,0.0,20.202677,43.315784,0.0012200926,0.0,0.3130583,0.75927734
4169,35.426235,0.0,18.791155,43.31574,0.0011638155,0.0,0.31912023,0.75927675
4170,34.417137,0.0,23.989202,43.315697,0.0009594615,0.0,0.3380437,0.7592761
4171,39.08746,0.0,18.36283,43.315662,0.0008937778,0.0,0.32983008,0.7592753
4172,31.981588,0.0,32.704956,43.31563,0.0008892107,0.0,0.33285975,0.75927436
4173,53.404453,0.0,17.996855,43.315567,0.0009824923,0.0,0.3340715,0.7592733
4174,46.629654,0.0,24.02725,43.315525,0.0011321352,0.0,0.34539494,0.75927395
4175,53.98679,0.0,20.062439,43.315464,0.00092235365,0.0,0.32916564,0.7592744
4176,35.229298,0.0,22.806562,43.315453,0.0009728699,0.0,0.33957738,0.7592747
4177,32.836945,0.0,22.169857,43.31544,0.0010147778,0.0,0.3138435,0.7592748
4178,46.04453,0.0,20.266232,43.31542,0.0011933016,0.0,0.31833363,0.7592748
4179,39.276554,0.0,20.707968,43.315414,0.0009823405,0.0,0.36410794,0.75927466
4180,30.425713,0.0,19.165583,43.315407,0.0010608158,0.0,0.2953679,0.7592746
4181,50.745842,0.0,21.718182,43.3154,0.0008950754,0.0,0.36164626,0.7592747
4182,37.422104,0.0,22.984447,43.31538,0.0013023535,0.0,0.3331275,0.75927585
4183,34.765152,0.0,15.195205,43.31537,0.0009992232,0.0,0.29273915,0.7592769
4184,25.578539,0.0,28.957674,43.315357,0.0009073862,0.0,0.3335391,0.75927764
4185,30.240063,0.0,25.494905,43.31536,0.0008883534,0.0,0.29711097,0.75927824
4186,23.865417,0.0,21.695873,43.315403,0.0013201216,0.0,0.33804893,0.7592786
4187,37.44613,0.0,33.311394,43.315437,0.0010510078,0.0,0.28051826,0.7592789
4188,29.673111,0.0,21.120749,43.315533,0.0009036308,0.0,0.29879642,0.75927895
4189,23.84221,0.0,26.531971,43.31566,0.00077511347,0.0,0.34144053,0.7592788
4190,37.088844,0.0,32.697674,43.315754,0.0010087261,0.0,0.32686192,0.7592786
4191,33.270237,0.0,23.706705,43.315815,0.0008788686,0.0,0.31253237,0.75928205
4192,41.16306,0.0,18.581812,43.315907,0.00084180734,0.0,0.3118596,0.7592852
4193,33.395695,0.0,21.27376,43.315975,0.0010064379,0.0,0.30336136,0.75928783
4194,26.155518,0.0,20.184002,43.31602,0.00095109374,0.0,0.29615092,0.7592901
4195,39.203457,0.0,18.019365,43.316067,0.0011885606,0.0,0.338196,0.759292
4196,52.24564,0.0,23.884884,43.316128,0.0010129174,0.0,0.31411153,0.75929236
4197,63.606625,0.0,22.931437,43.31622,0.00089459715,0.0,0.3028668,0.75929266
4198,42.60606,0.0,26.32804,43.31632,0.00091214146,0.0,0.34745574,0.7592925
4199,37.967014,0.0,17.190868,43.316475,0.0008171578,0.0,0.3536597,0.7592921
4200,26.229012,0.0,22.088482,43.316612,0.00083706994,0.0,0.3268203,0.7592918
4201,37.944344,0.0,18.603563,43.31673,0.00091058516,0.0,0.31832576,0.75929147
4202,29.4454,0.0,25.420021,43.316826,0.0009173459,0.0,0.34874487,0.7592909
4203,32.07507,0.0,34.203003,43.316906,0.0012992322,0.0,0.3178233,0.7592904
4204,58.28964,0.0,30.169239,43.31695,0.0010934081,0.0,0.33369994,0.7592897
4205,45.738106,0.0,33.647243,43.316936,0.0008148481,0.0,0.3215068,0.7592895
4206,25.597174,0.0,40.40371,43.316914,0.0007883119,0.0,0.350677,0.7592892
4207,24.372017,0.0,32.824203,43.31692,0.0009025213,0.0,0.31112504,0.7592893
4208,29.633772,0.0,24.292215,43.317013,0.0012650345,0.0,0.3169577,0.7592892
4209,38.612457,0.0,26.877169,43.31712,0.0009616604,0.0,0.33066332,0.75928897
4210,30.124527,0.0,24.73994,43.31723,0.00085915247,0.0,0.31364697,0.75928867
4211,38.05272,0.0,22.231564,43.317307,0.0011306949,0.0,0.3157966,0.7592898
4212,39.686954,0.0,18.263079,43.31737,0.0012888652,0.0,0.30643415,0.7592909
4213,31.168566,0.0,24.992628,43.317463,0.0011005992,0.0,0.31591043,0.7592915
4214,35.466293,0.0,48.606968,43.31757,0.001129881,0.0,0.35220164,0.7592922
4215,43.0689,0.0,24.314346,43.31763,0.0009036897,0.0,0.3500111,0.75929254
4216,49.419365,0.0,29.29018,43.317684,0.0010911832,0.0,0.34466618,0.75929236
4217,32.99076,0.0,34.877125,43.31772,0.001081818,0.0,0.33280608,0.7592923
4218,36.71516,0.0,17.179304,43.31773,0.0013060905,0.0,0.34745,0.75929224
4219,29.535702,0.0,17.478834,43.31774,0.0010426857,0.0,0.32542345,0.75929207
4220,38.624966,0.0,24.352625,43.31773,0.0011443973,0.0,0.3012923,0.7592917
4221,31.65984,0.0,21.686344,43.317726,0.00092582055,0.0,0.33050692,0.75929123
4222,22.890213,0.0,19.04036,43.31774,0.0012586468,0.0,0.3260171,0.7592914
4223,37.558315,0.0,18.153212,43.317745,0.0015142992,0.0,0.32239762,0.75929135
4224,34.555614,0.0,23.051579,43.317772,0.001137998,0.0,0.31635204,0.7592913
4225,40.273632,0.0,16.118309,43.31773,0.001332877,0.0,0.34265447,0.7592911
4226,35.019535,0.0,30.457836,43.317677,0.001140468,0.0,0.33703375,0.7592909
4227,28.045109,0.0,24.667185,43.31762,0.0010993058,0.0,0.31492317,0.75929016
4228,55.41509,0.0,32.59666,43.317562,0.0010328572,0.0,0.32817644,0.7592893
4229,46.227062,0.0,21.966003,43.31754,0.0010281074,0.0,0.33006337,0.75928843
4230,43.39999,0.0,28.850193,43.317562,0.001108716,0.0,0.3136978,0.7592875
4231,45.999886,0.0,50.693893,43.31764,0.0013663484,0.0,0.34782618,0.75928646
4232,31.380142,0.0,15.706101,43.31778,0.00086890545,0.0,0.32586777,0.75928545
4233,30.167103,0.0,20.821138,43.317886,0.0015545238,0.0,0.31357235,0.75928444
4234,50.02373,0.0,22.10741,43.317978,0.0009497724,0.0,0.30653203,0.7592833
4235,27.47959,0.0,31.072618,43.318054,0.0010047912,0.0,0.32555562,0.75928205
4236,36.710415,0.0,15.711702,43.318134,0.0010327424,0.0,0.32813406,0.7592809
4237,40.683437,0.0,18.900846,43.318207,0.0011779987,0.0,0.34751284,0.7592797
4238,42.971676,0.0,38.067245,43.318275,0.00089753873,0.0,0.3361703,0.7592784
4239,38.898968,0.0,21.55732,43.31833,0.0009521438,0.0,0.3269076,0.75927716
4240,34.17714,0.0,25.796137,43.318363,0.0011204844,0.0,0.32877538,0.7592763
4241,51.367466,0.0,15.681445,43.31839,0.00096544594,0.0,0.32616103,0.75927424
4242,46.93972,0.0,39.8201,43.318428,0.00095246173,0.0,0.3533226,0.7592711
4243,45.63713,0.0,22.563427,43.31846,0.0009180556,0.0,0.3180846,0.7592681
4244,24.092611,0.0,25.711946,43.31847,0.0011610098,0.0,0.3191484,0.75926524
4245,40.638844,0.0,19.523006,43.318428,0.0009141654,0.0,0.3291003,0.7592626
4246,33.700397,0.0,27.390345,43.31837,0.00072115165,0.0,0.30089518,0.7592601
4247,36.32715,0.0,33.59624,43.318325,0.0010630828,0.0,0.33285037,0.75925773
4248,43.479702,0.0,22.939484,43.31828,0.0010760399,0.0,0.34099865,0.75925547
4249,50.76045,0.0,18.427742,43.318256,0.0010671667,0.0,0.3143614,0.75925314
4250,25.276403,0.0,16.047398,43.318256,0.0011626096,0.0,0.36852702,0.7592509
4251,39.67852,0.0,25.405855,43.31829,0.0007948486,0.0,0.33618212,0.75924486
4252,57.8251,0.0,19.041435,43.318333,0.0010534398,0.0,0.3102585,0.75923926
4253,42.585358,0.0,37.826023,43.318386,0.0014643704,0.0,0.32617664,0.7592341
4254,34.55515,0.0,21.142532,43.318424,0.0007410387,0.0,0.3264681,0.75922936
4255,47.376698,0.0,24.250154,43.318478,0.0009175994,0.0,0.33147955,0.7592249
4256,41.494843,0.0,15.850722,43.31851,0.0008994946,0.0,0.30321115,0.75922084
4257,35.31153,0.0,16.828367,43.31854,0.0011292283,0.0,0.32510138,0.75921685
4258,29.121138,0.0,20.462471,43.31855,0.001130635,0.0,0.32485324,0.7592132
4259,29.834084,0.0,25.942669,43.31858,0.0011061453,0.0,0.3210586,0.7592064
4260,54.79698,0.0,21.871706,43.31861,0.001233258,0.0,0.31979102,0.7592002
4261,35.4778,0.0,22.330189,43.3186,0.00080210174,0.0,0.31619143,0.75919455
4262,40.297054,0.0,15.66419,43.318573,0.0013531942,0.0,0.3169638,0.7591893
4263,52.66883,0.0,13.52217,43.318546,0.0013091884,0.0,0.2991752,0.75918454
4264,35.844196,0.0,24.041742,43.3185,0.00097391696,0.0,0.33740634,0.7591801
4265,45.031837,0.0,32.294838,43.31848,0.0009150109,0.0,0.3288641,0.75917614
4266,26.522861,0.0,14.759052,43.318485,0.0011212102,0.0,0.32654646,0.7591723
4267,39.624325,0.0,19.622232,43.31848,0.0010735374,0.0,0.35655922,0.7591687
4268,25.705574,0.0,14.104484,43.31848,0.0012760323,0.0,0.35198972,0.75916547
4269,35.126736,0.0,15.848062,43.318485,0.0010056597,0.0,0.3001471,0.7591623
4270,23.198862,0.0,27.739502,43.318497,0.0015989853,0.0,0.32198617,0.75915927
4271,37.94165,0.0,27.153118,43.31849,0.0010886826,0.0,0.29458904,0.7591565
4272,38.078327,0.0,26.899385,43.318504,0.0009774334,0.0,0.320153,0.75915384
4273,48.50036,0.0,23.582577,43.31854,0.0012693977,0.0,0.333194,0.7591513
4274,38.690105,0.0,32.53387,43.318573,0.0010265335,0.0,0.33223337,0.75914866
4275,36.251892,0.0,25.625748,43.318592,0.0009637097,0.0,0.30386126,0.7591474
4276,44.63111,0.0,25.745554,43.318604,0.0014944824,0.0,0.35085267,0.75914615
4277,45.058384,0.0,27.45447,43.318615,0.0010075348,0.0,0.35030645,0.7591451
4278,38.406933,0.0,24.510729,43.318634,0.00092606334,0.0,0.32543987,0.7591428
4279,29.792898,0.0,18.729326,43.318707,0.0010668925,0.0,0.3334733,0.7591405
4280,32.96519,0.0,21.673878,43.318768,0.001942954,0.0,0.3468778,0.7591384
4281,33.60507,0.0,16.548893,43.318836,0.0009860159,0.0,0.3139594,0.75913626
4282,51.957207,0.0,38.98805,43.318897,0.001069715,0.0,0.30354878,0.75913423
4283,50.461742,0.0,19.172527,43.319023,0.001187518,0.0,0.31339365,0.75913227
4284,39.25843,0.0,19.903936,43.31912,0.0013440403,0.0,0.32671046,0.7591303
4285,32.60245,0.0,15.356112,43.31921,0.0008007322,0.0,0.31114358,0.7591284
4286,49.668602,0.0,15.497261,43.319294,0.001513962,0.0,0.29250392,0.75912875
4287,32.971313,0.0,20.216297,43.31936,0.0011032,0.0,0.3126045,0.75912905
4288,34.927017,0.0,18.788025,43.31943,0.0009806461,0.0,0.3102679,0.7591291
4289,67.02731,0.0,33.01298,43.31946,0.0012296728,0.0,0.27771765,0.7591291
4290,33.02539,0.0,29.922205,43.319454,0.0011204554,0.0,0.2982686,0.75912887
4291,46.25218,0.0,22.856302,43.31942,0.0012029894,0.0,0.33318576,0.7591291
4292,44.756626,0.0,16.7881,43.31935,0.0008185815,0.0,0.33195204,0.75912917
4293,40.785706,0.0,20.13254,43.3193,0.0012350471,0.0,0.32991078,0.7591291
4294,41.57131,0.0,34.48999,43.31927,0.0010210846,0.0,0.28960928,0.75912887
4295,27.024862,0.0,20.099987,43.319214,0.00103765,0.0,0.32096872,0.75912863
4296,28.614822,0.0,18.364758,43.319157,0.0010013407,0.0,0.3213587,0.75912803
4297,33.04423,0.0,27.112083,43.319073,0.0012856857,0.0,0.31249663,0.7591275
4298,58.634544,0.0,34.093227,43.31895,0.0011989371,0.0,0.29448238,0.75912684
4299,59.45415,0.0,18.585705,43.318817,0.00096337683,0.0,0.33818635,0.759126
4300,42.00321,0.0,28.98485,43.318687,0.0012039706,0.0,0.3327747,0.75912523
4301,39.814957,0.0,21.729424,43.31857,0.0012593277,0.0,0.30341655,0.7591234
4302,33.900105,0.0,16.135973,43.318436,0.0016526514,0.0,0.32696113,0.75912154
4303,38.73613,0.0,15.275767,43.31831,0.0021160664,0.0,0.33720955,0.75911975
4304,32.413296,0.0,19.335583,43.318195,0.0012812896,0.0,0.33173472,0.759118
4305,39.87076,0.0,24.697441,43.318077,0.0009591856,0.0,0.3556775,0.7591165
4306,32.942806,0.0,25.987247,43.31797,0.0013998074,0.0,0.3245998,0.75911486
4307,38.75511,0.0,31.184298,43.317917,0.0011967592,0.0,0.31167027,0.7591198
4308,41.809074,0.0,18.88986,43.317894,0.0015682513,0.0,0.30432662,0.759125
4309,46.603,0.0,28.468538,43.317875,0.0011590315,0.0,0.2827505,0.7591294
4310,34.545246,0.0,23.166483,43.317856,0.0012744596,0.0,0.3413658,0.75913334
4311,32.050816,0.0,25.140816,43.317814,0.0010529968,0.0,0.31279638,0.7591367
4312,61.26966,0.0,36.293407,43.317757,0.001342791,0.0,0.3333802,0.7591396
4313,52.160828,0.0,22.868242,43.31772,0.0011393034,0.0,0.2920706,0.7591421
4314,39.769993,0.0,22.851616,43.317673,0.0013314111,0.0,0.35526705,0.75914425
4315,40.25481,0.0,24.581793,43.317657,0.0012798703,0.0,0.33430588,0.759146
4316,36.32041,0.0,34.32578,43.317673,0.00096528546,0.0,0.35604057,0.75914735
4317,33.919456,0.0,24.964682,43.317688,0.0010548163,0.0,0.31699532,0.75914854
4318,45.03041,0.0,34.624275,43.317734,0.0011748713,0.0,0.31641138,0.75914955
4319,32.927063,0.0,15.5551,43.317818,0.00096010254,0.0,0.31671607,0.7591502
4320,39.466938,0.0,26.666817,43.317898,0.0009919427,0.0,0.29328388,0.75915074
4321,27.20033,0.0,36.52692,43.317966,0.0009711175,0.0,0.31024292,0.75915086
4322,42.023617,0.0,19.537548,43.318058,0.0013830967,0.0,0.3191905,0.75915104
4323,33.342197,0.0,28.105167,43.318127,0.00089586526,0.0,0.31485844,0.75915074
4324,37.83833,0.0,26.943079,43.318188,0.0011485368,0.0,0.34944475,0.75915056
4325,39.13776,0.0,32.69217,43.318268,0.0009572899,0.0,0.30021533,0.75915015
4326,36.15444,0.0,22.794973,43.318295,0.0012870273,0.0,0.29305184,0.7591496
4327,46.735245,0.0,26.627697,43.318314,0.0010867519,0.0,0.34608993,0.759149
4328,37.439926,0.0,44.37533,43.318344,0.00087252556,0.0,0.35110435,0.75914806
4329,39.73651,0.0,27.339981,43.31833,0.0011414692,0.0,0.29669747,0.7591471
4330,28.590094,0.0,25.95296,43.31825,0.0011250274,0.0,0.30670124,0.75914615
4331,33.185654,0.0,21.830154,43.318195,0.0010718782,0.0,0.31611425,0.7591443
4332,54.27992,0.0,35.337955,43.318142,0.001298937,0.0,0.3237655,0.75914276
4333,53.553963,0.0,43.88175,43.318195,0.0012457264,0.0,0.31498238,0.7591412
4334,32.112534,0.0,21.381397,43.318333,0.0010716608,0.0,0.30882263,0.75913966
4335,34.750576,0.0,25.413933,43.31848,0.0012019987,0.0,0.32058376,0.75913817
4336,30.758358,0.0,26.519417,43.31864,0.0009396705,0.0,0.3573905,0.7591365
4337,30.199112,0.0,20.27614,43.318798,0.00087334635,0.0,0.35238957,0.759135
4338,68.11655,0.0,23.525806,43.31893,0.0011746711,0.0,0.34598726,0.7591334
4339,53.866863,0.0,26.93987,43.31905,0.0010014734,0.0,0.3121545,0.75913185
4340,27.03698,0.0,22.70044,43.31917,0.0010025617,0.0,0.32884878,0.75913036
4341,34.65173,0.0,28.968401,43.319298,0.0009119194,0.0,0.30190247,0.75912887
4342,35.98914,0.0,17.290754,43.319405,0.00086161995,0.0,0.34618807,0.7591296
4343,44.75213,0.0,38.75675,43.31949,0.0009872012,0.0,0.28029028,0.75913024
4344,28.135809,0.0,37.6847,43.319542,0.0011787579,0.0,0.31628895,0.75913066
4345,38.02813,0.0,21.973656,43.319523,0.0011929332,0.0,0.36256823,0.75913274
4346,36.883812,0.0,25.011183,43.31951,0.0010092083,0.0,0.3404066,0.7591345
4347,47.711067,0.0,22.941813,43.319492,0.0013377898,0.0,0.33224618,0.75913596
4348,23.440771,0.0,20.505257,43.31949,0.001124985,0.0,0.34045357,0.75913715
4349,41.93085,0.0,22.734777,43.319527,0.0008914684,0.0,0.32673773,0.7591386
4350,42.12665,0.0,42.025604,43.319527,0.0009587367,0.0,0.34783205,0.7591397
4351,42.054844,0.0,23.445045,43.31949,0.0011389334,0.0,0.35617217,0.7591407
4352,36.267708,0.0,26.12616,43.31949,0.0012242931,0.0,0.30969733,0.7591412
4353,43.01657,0.0,25.850325,43.319492,0.0009178119,0.0,0.33696532,0.75914174
4354,44.56383,0.0,25.41304,43.319477,0.0011956483,0.0,0.3077481,0.7591528
4355,23.622484,0.0,28.534822,43.319477,0.0008325334,0.0,0.30794525,0.75916636
4356,36.773254,0.0,23.994127,43.319454,0.0010850487,0.0,0.34043938,0.7591787
4357,27.294523,0.0,35.346157,43.31943,0.0012261615,0.0,0.3217919,0.75918967
4358,33.44685,0.0,43.169025,43.319447,0.0010743715,0.0,0.32207322,0.7591994
4359,40.410507,0.0,39.151436,43.319492,0.0011172564,0.0,0.3084217,0.75920695
4360,36.07796,0.0,33.443653,43.31954,0.0009875586,0.0,0.31989425,0.75921375
4361,51.321598,0.0,21.32234,43.319466,0.0008327608,0.0,0.3006556,0.75921977
4362,51.676483,0.0,26.610918,43.31938,0.0010994411,0.0,0.32038987,0.75922513
4363,58.926888,0.0,24.106943,43.319305,0.0010499489,0.0,0.30773205,0.7592299
4364,53.99183,0.0,16.198013,43.319237,0.0007218969,0.0,0.34673476,0.75923645
4365,42.84348,0.0,22.569853,43.31918,0.0014443195,0.0,0.2995332,0.75924236
4366,29.407124,0.0,18.968473,43.319153,0.0010528755,0.0,0.3326875,0.75924754
4367,37.224495,0.0,19.950712,43.319122,0.00085303205,0.0,0.30787528,0.7592521
4368,40.841324,0.0,30.857573,43.319107,0.0018024137,0.0,0.34017706,0.7592562
4369,47.18518,0.0,21.84803,43.319073,0.0012174997,0.0,0.3363142,0.75925964
4370,39.91343,0.0,25.44302,43.31905,0.0010736169,0.0,0.35552236,0.7592627
4371,31.910473,0.0,35.511703,43.31899,0.0011997407,0.0,0.31367907,0.75926256
4372,38.302242,0.0,24.251997,43.31891,0.0011068302,0.0,0.30175778,0.7592625
4373,32.055965,0.0,37.34586,43.31885,0.001055405,0.0,0.3196822,0.75926226
4374,32.689854,0.0,45.967976,43.318825,0.0011548428,0.0,0.29766685,0.75926095
4375,43.653286,0.0,50.05917,43.31887,0.00091424136,0.0,0.29218185,0.75925964
4376,33.173008,0.0,108.34872,43.31901,0.0010673556,0.0,0.3081414,0.75925833
4377,30.718172,0.0,15.748011,43.319267,0.0010130334,0.0,0.34126186,0.7592582
4378,28.43645,0.0,16.269379,43.31949,0.0007906859,0.0,0.31392783,0.759258
4379,81.83763,0.0,30.460436,43.319687,0.0010701274,0.0,0.3110478,0.75925916
4380,48.84413,0.0,23.070026,43.319897,0.0008626655,0.0,0.3073393,0.75926006
4381,38.62665,0.0,22.54786,43.320076,0.00091678335,0.0,0.3254424,0.7592609
4382,41.701756,0.0,75.60412,43.320232,0.0010217899,0.0,0.344951,0.7592613
4383,41.419365,0.0,26.385487,43.320385,0.0008329413,0.0,0.32664004,0.7592625
4384,38.011036,0.0,36.715893,43.32051,0.0011345501,0.0,0.3350049,0.7592645
4385,34.3894,0.0,28.450241,43.320606,0.0008359393,0.0,0.32604167,0.7592662
4386,56.184345,0.0,27.838224,43.320675,0.000736058,0.0,0.30449888,0.75926757
4387,32.571735,0.0,31.311739,43.32075,0.0017231421,0.0,0.2952854,0.7592686
4388,36.131886,0.0,17.644655,43.32082,0.001369617,0.0,0.30613884,0.75926954
4389,40.75428,0.0,24.868088,43.32086,0.00087634166,0.0,0.30332372,0.75927013
4390,29.769909,0.0,31.8785,43.32085,0.00086544186,0.0,0.33754334,0.7592705
4391,40.578785,0.0,22.853096,43.32084,0.001145842,0.0,0.34424067,0.7592707
4392,34.023777,0.0,27.222363,43.320843,0.0010340698,0.0,0.3245911,0.7592707
4393,37.04444,0.0,31.382738,43.32084,0.0011181242,0.0,0.33726162,0.7592641
4394,52.670006,0.0,13.907635,43.320854,0.00073813065,0.0,0.34992692,0.7592581
4395,28.970556,0.0,25.770407,43.320854,0.0009333248,0.0,0.33281526,0.75925255
4396,31.937576,0.0,23.58331,43.32083,0.00089412404,0.0,0.33738574,0.75924766
4397,43.702213,0.0,29.518135,43.320755,0.00096986664,0.0,0.32360098,0.7592429
4398,41.06101,0.0,22.419897,43.3207,0.0009569045,0.0,0.29759967,0.75923866
4399,56.559868,0.0,20.099232,43.32062,0.0010304807,0.0,0.32218271,0.75923455
4400,43.713825,0.0,18.223932,43.320557,0.0012150039,0.0,0.31552893,0.7592308
4401,39.07546,0.0,26.95213,43.320488,0.00083192857,0.0,0.3016953,0.7592272
4402,49.204563,0.0,31.357271,43.320427,0.0010644037,0.0,0.28551567,0.7592239
4403,44.368244,0.0,17.411028,43.320328,0.0010314819,0.0,0.35744715,0.75922084
4404,31.05317,0.0,43.245556,43.320225,0.0011426385,0.0,0.33571956,0.75921774
4405,40.130222,0.0,25.611893,43.320114,0.000972276,0.0,0.31288692,0.7592149
4406,36.660595,0.0,21.85625,43.32003,0.0011521132,0.0,0.2946808,0.7592122
4407,33.732803,0.0,24.090773,43.319965,0.00089742057,0.0,0.34167093,0.7592104
4408,36.46858,0.0,22.431473,43.319897,0.00094264944,0.0,0.30350313,0.7592087
4409,30.108053,0.0,15.211936,43.319843,0.0015374471,0.0,0.3612895,0.75920635
4410,33.816334,0.0,23.208328,43.3198,0.0011148339,0.0,0.31425896,0.759204
4411,41.820183,0.0,19.758318,43.31975,0.0010227994,0.0,0.32405233,0.75920177
4412,37.551292,0.0,33.028522,43.31971,0.0015647016,0.0,0.34201908,0.7592001
4413,43.961937,0.0,22.238974,43.319633,0.00088314933,0.0,0.31707346,0.7591938
4414,34.110035,0.0,25.010197,43.31957,0.0009724974,0.0,0.30030456,0.7591881
4415,41.276566,0.0,25.410316,43.319542,0.00089132646,0.0,0.32721266,0.7591828
4416,31.636698,0.0,19.578789,43.31952,0.0010473286,0.0,0.27614257,0.75917816
4417,43.472313,0.0,18.631294,43.31948,0.001082219,0.0,0.29938692,0.75917375
4418,39.5231,0.0,19.792007,43.319427,0.0007797594,0.0,0.31853414,0.7591698
4419,38.392838,0.0,18.557426,43.319405,0.001173605,0.0,0.3362871,0.7591662
4420,48.778896,0.0,29.187248,43.31939,0.0011398976,0.0,0.30947125,0.7591628
4421,43.143303,0.0,27.52069,43.319397,0.00097466836,0.0,0.32573652,0.75915927
4422,35.2222,0.0,23.633934,43.319405,0.0007807833,0.0,0.3099211,0.75915605
4423,46.722248,0.0,20.654482,43.319447,0.0014342449,0.0,0.31991997,0.75915295
4424,24.420141,0.0,26.786007,43.3195,0.0013107425,0.0,0.35176826,0.75914997
4425,54.856907,0.0,26.111523,43.31961,0.0009544388,0.0,0.3212571,0.7591473
4426,41.112488,0.0,16.639189,43.319702,0.00075354415,0.0,0.30356848,0.75914466
4427,35.466545,0.0,28.855717,43.319782,0.002760969,0.0,0.29485512,0.7591421
4428,41.62958,0.0,25.431108,43.319798,0.0009989915,0.0,0.30241495,0.7591398
4429,36.161224,0.0,31.018393,43.319798,0.000887583,0.0,0.31378683,0.7591375
4430,27.645063,0.0,23.396683,43.319786,0.0010737663,0.0,0.3358377,0.7591353
4431,39.353004,0.0,22.821379,43.319798,0.001224519,0.0,0.31589657,0.7591331
4432,29.043892,0.0,19.748833,43.319786,0.0010195519,0.0,0.31177527,0.759131
4433,23.956678,0.0,32.73051,43.319782,0.0012236321,0.0,0.3203652,0.7591289
4434,43.16374,0.0,20.398943,43.31982,0.001085122,0.0,0.30399227,0.75912696
4435,33.5394,0.0,17.49283,43.319862,0.0010227808,0.0,0.3413877,0.75912505
4436,30.388058,0.0,17.831593,43.31992,0.0012074248,0.0,0.32269487,0.7591232
4437,34.500626,0.0,36.80131,43.319958,0.0013894178,0.0,0.31901574,0.7591214
4438,44.324497,0.0,23.387146,43.320004,0.0009885327,0.0,0.34611607,0.7591195
4439,23.06287,0.0,26.134422,43.320045,0.00094650034,0.0,0.33124232,0.7591178
4440,31.033426,0.0,30.562634,43.320084,0.0012167344,0.0,0.3265433,0.75911593
4441,40.742603,0.0,42.643505,43.32012,0.0013214513,0.0,0.3216977,0.75911415
4442,33.528057,0.0,32.123146,43.320168,0.00095763826,0.0,0.3211757,0.7591125
4443,47.67678,0.0,18.095623,43.320217,0.0012317892,0.0,0.33027297,0.75911087
4444,35.57312,0.0,29.905571,43.320248,0.0013880879,0.0,0.3257991,0.7591091
4445,43.052204,0.0,35.954086,43.320305,0.0012356987,0.0,0.34735757,0.7591075
4446,26.724613,0.0,19.353386,43.32029,0.001138666,0.0,0.30955738,0.7591058
4447,44.01189,0.0,41.0792,43.320293,0.0011999353,0.0,0.3324154,0.7591042
4448,47.238106,0.0,25.848862,43.32033,0.0014891758,0.0,0.33790755,0.7591025
4449,30.042274,0.0,28.69235,43.32034,0.001094288,0.0,0.31741345,0.7591009
4450,45.761936,0.0,28.51529,43.320366,0.001207281,0.0,0.31084323,0.7590993
4451,30.077003,0.0,24.973063,43.32043,0.001065156,0.0,0.36121473,0.7590977
4452,46.75201,0.0,23.866383,43.320473,0.0014604419,0.0,0.31415224,0.759096
4453,27.814447,0.0,20.928808,43.320507,0.0014316221,0.0,0.3221543,0.7590945
4454,28.351152,0.0,19.86965,43.320507,0.0011203142,0.0,0.2947292,0.75909275
4455,34.516136,0.0,20.722944,43.320526,0.0014699376,0.0,0.31874734,0.7590912
4456,31.278065,0.0,42.78014,43.320568,0.001040601,0.0,0.3329736,0.7590895
4457,51.2137,0.0,41.878178,43.32057,0.0011723236,0.0,0.29923713,0.75908786
4458,57.075317,0.0,24.416866,43.320526,0.0018046455,0.0,0.33393162,0.7590861
4459,38.15907,0.0,33.149803,43.320454,0.0016301188,0.0,0.31489146,0.7590845
4460,24.199589,0.0,32.35017,43.320408,0.0010923406,0.0,0.3225807,0.7590828
4461,27.5361,0.0,22.624422,43.320385,0.0015045598,0.0,0.2955677,0.7590812
4462,29.692142,0.0,21.097301,43.320354,0.0021373925,0.0,0.3247305,0.7590796
4463,49.083042,0.0,15.896936,43.320286,0.0016305724,0.0,0.3198076,0.7590778
4464,35.797237,0.0,23.123001,43.32022,0.0009968354,0.0,0.2803195,0.75907606
4465,41.172737,0.0,34.820076,43.32017,0.0010001578,0.0,0.32990643,0.7590742
4466,41.375217,0.0,36.78529,43.320107,0.0013554007,0.0,0.3092771,0.7590725
4467,30.709887,0.0,24.300554,43.320053,0.001006599,0.0,0.31420332,0.7590707
4468,35.51465,0.0,24.086622,43.320026,0.001108936,0.0,0.34158242,0.75906897
4469,46.793083,0.0,29.05928,43.32003,0.00097432727,0.0,0.3770015,0.7590673
4470,37.470036,0.0,31.483568,43.320034,0.0012013908,0.0,0.31632176,0.7590628
4471,30.636625,0.0,26.982117,43.320103,0.0009366462,0.0,0.32146463,0.7590583
4472,32.54705,0.0,15.289014,43.320187,0.0010613932,0.0,0.29173633,0.7590541
4473,34.075718,0.0,25.544416,43.320248,0.0013974346,0.0,0.3435746,0.75905
4474,33.840183,0.0,15.764689,43.320274,0.0011534205,0.0,0.351433,0.7590466
4475,35.99108,0.0,24.314905,43.320293,0.00073216844,0.0,0.34166783,0.7590435
4476,38.17415,0.0,26.341797,43.320312,0.0011058875,0.0,0.32051328,0.75904036
4477,22.287172,0.0,23.71256,43.320305,0.0014657471,0.0,0.2984073,0.75903755
4478,39.868732,0.0,50.584137,43.320293,0.00084872235,0.0,0.3239537,0.75903475
4479,46.381973,0.0,16.042044,43.320244,0.0008800844,0.0,0.32764173,0.75903314
4480,37.495323,0.0,18.706127,43.320164,0.0009469415,0.0,0.35621652,0.7590315
4481,30.306221,0.0,27.192064,43.320087,0.0010008074,0.0,0.31290776,0.75903004
4482,27.502028,0.0,17.061775,43.320057,0.0013935678,0.0,0.32766563,0.7590286
4483,60.685898,0.0,17.364645,43.320007,0.0010402184,0.0,0.3197554,0.7590271
4484,40.32642,0.0,26.876661,43.31997,0.0010027447,0.0,0.31618974,0.7590256
4485,42.225155,0.0,20.633932,43.31996,0.0010738374,0.0,0.2987255,0.75902414
4486,41.874054,0.0,16.54657,43.31996,0.00095214974,0.0,0.33313057,0.7590226
4487,24.475538,0.0,43.78129,43.319942,0.0010366384,0.0,0.29753846,0.7590175
4488,29.183687,0.0,16.011547,43.319946,0.00088404166,0.0,0.30915204,0.759013
4489,27.109863,0.0,21.04205,43.319954,0.0012105163,0.0,0.32277948,0.75900835
4490,28.953312,0.0,22.386686,43.31995,0.0010899696,0.0,0.33616614,0.7590042
4491,32.29245,0.0,25.432423,43.320004,0.0009293837,0.0,0.326402,0.75900036
4492,27.151411,0.0,24.189075,43.320023,0.0009715084,0.0,0.33630094,0.758997
4493,31.45057,0.0,24.379744,43.32005,0.0009549733,0.0,0.30527127,0.75899386
4494,37.028194,0.0,27.045946,43.320084,0.0009398967,0.0,0.31572366,0.7589908
4495,35.58544,0.0,17.38828,43.320137,0.0008565185,0.0,0.33595297,0.7589881
4496,24.205414,0.0,31.70901,43.320198,0.001083473,0.0,0.30558863,0.7589859
4497,31.339636,0.0,24.403988,43.320263,0.0010548476,0.0,0.3160209,0.7589838
4498,37.930122,0.0,15.390474,43.32034,0.0009009235,0.0,0.34127054,0.7589818
4499,47.328835,0.0,21.801933,43.320408,0.00091642095,0.0,0.28471205,0.75897986
4500,29.805843,0.0,17.735601,43.320477,0.00081998424,0.0,0.3080506,0.7589781
4501,26.425432,0.0,18.084135,43.32053,0.0012254327,0.0,0.33066308,0.75897616
4502,29.700094,0.0,14.150309,43.32056,0.0009841144,0.0,0.30951878,0.75897443
4503,44.698704,0.0,38.182384,43.320602,0.00086204894,0.0,0.3251701,0.7589726
4504,47.18733,0.0,16.802742,43.3206,0.001362791,0.0,0.31725731,0.7589709
4505,28.084085,0.0,16.36828,43.32059,0.0008639465,0.0,0.3233646,0.7589691
4506,31.960493,0.0,28.082964,43.320587,0.0011287711,0.0,0.32572827,0.75896734
4507,34.89481,0.0,18.527422,43.320595,0.0010262798,0.0,0.31664965,0.7589656
4508,39.245354,0.0,21.572487,43.32062,0.00086774584,0.0,0.34796482,0.7589638
4509,36.42441,0.0,32.454876,43.320637,0.00074817485,0.0,0.33896336,0.7589621
4510,59.278194,0.0,21.8239,43.320633,0.00077077834,0.0,0.33301777,0.7589604
4511,41.05153,0.0,28.397493,43.320663,0.00086060603,0.0,0.34606394,0.758968
4512,48.99795,0.0,34.84681,43.320686,0.0011838194,0.0,0.31396064,0.7589748
4513,48.514927,0.0,22.197456,43.320736,0.00112107,0.0,0.32041904,0.7589809
4514,58.454346,0.0,38.088955,43.32078,0.0010837136,0.0,0.31747746,0.75898606
4515,51.689697,0.0,25.604603,43.32086,0.00091390166,0.0,0.31239015,0.7589908
4516,42.35751,0.0,27.199436,43.320934,0.00095921196,0.0,0.29530972,0.7589948
4517,27.671072,0.0,24.221102,43.321033,0.00081786973,0.0,0.3068431,0.7589978
4518,27.597826,0.0,32.148403,43.321125,0.0010470967,0.0,0.3150097,0.7590003
4519,43.822975,0.0,20.481573,43.321182,0.0011004254,0.0,0.34090108,0.7590025
4520,51.591805,0.0,24.362726,43.32125,0.0010483239,0.0,0.34388268,0.7590039
4521,62.96582,0.0,23.643412,43.32133,0.0010248045,0.0,0.31380635,0.7590049
4522,39.63705,0.0,22.792925,43.321392,0.00081526197,0.0,0.32562354,0.75900584
4523,39.087734,0.0,21.665636,43.32143,0.0007373253,0.0,0.33498716,0.75900596
4524,35.020153,0.0,27.53507,43.32145,0.000983624,0.0,0.34784707,0.75900936
4525,40.514847,0.0,28.430786,43.32146,0.00080913556,0.0,0.3179022,0.75901234
4526,37.018185,0.0,19.479303,43.321495,0.0012419291,0.0,0.31903407,0.7590149
4527,43.040913,0.0,29.170155,43.32155,0.0012188316,0.0,0.3447519,0.75901705
4528,49.936424,0.0,24.412115,43.321617,0.0010438942,0.0,0.33111858,0.75901884
4529,60.711124,0.0,29.89034,43.32166,0.0011486418,0.0,0.35328037,0.7590204
4530,54.71958,0.0,18.348896,43.321724,0.0009467922,0.0,0.307118,0.7590216
4531,39.412273,0.0,17.324268,43.32177,0.0009131631,0.0,0.3171413,0.7590226
4532,49.642235,0.0,19.676674,43.32181,0.00082859927,0.0,0.31332237,0.7590237
4533,50.729034,0.0,23.910215,43.321873,0.0007972126,0.0,0.35248804,0.7590247
4534,46.03522,0.0,42.910717,43.321926,0.0008869222,0.0,0.3319285,0.7590254
4535,30.041576,0.0,31.705652,43.321846,0.0008672403,0.0,0.35183883,0.7590259
4536,58.186157,0.0,13.322991,43.321808,0.0012073494,0.0,0.30456465,0.75902617
4537,38.595963,0.0,25.798967,43.32177,0.0010713761,0.0,0.32121798,0.75902617
4538,32.446995,0.0,31.610918,43.321716,0.0012137091,0.0,0.3243234,0.75902605
4539,38.597828,0.0,34.261776,43.32166,0.0011612212,0.0,0.29941985,0.7590258
4540,32.102993,0.0,30.451176,43.321575,0.0011943722,0.0,0.30570462,0.7590254
4541,47.859467,0.0,22.109901,43.321487,0.0007689304,0.0,0.3432196,0.759025
4542,52.594902,0.0,43.938293,43.32139,0.000945576,0.0,0.31959015,0.75903106
4543,44.175655,0.0,22.170527,43.321316,0.0011854734,0.0,0.29588896,0.7590364
4544,29.862465,0.0,20.67977,43.321266,0.00094495545,0.0,0.33464152,0.7590413
4545,63.35034,0.0,15.602482,43.321247,0.0010215128,0.0,0.34268427,0.759054
4546,39.81398,0.0,22.953074,43.321228,0.0011415717,0.0,0.34810767,0.75907004
4547,29.00696,0.0,28.051378,43.321255,0.0008293829,0.0,0.30218256,0.7590845
4548,40.327442,0.0,19.825796,43.321304,0.0009595051,0.0,0.29814568,0.7590975
4549,29.965164,0.0,17.81447,43.32131,0.0009602282,0.0,0.2902484,0.7591091
4550,28.156454,0.0,16.850037,43.321285,0.00092614064,0.0,0.36119896,0.75911933
4551,40.92645,0.0,15.478485,43.32125,0.0006770351,0.0,0.36088228,0.75912863
4552,34.881042,0.0,18.21436,43.321205,0.0008794155,0.0,0.34327182,0.7591372
4553,47.848347,0.0,22.507082,43.321186,0.0009146765,0.0,0.34877837,0.75914484
4554,69.328835,0.0,22.897926,43.321194,0.0009380416,0.0,0.3171589,0.75915134
4555,38.958454,0.0,22.975248,43.321205,0.00092154695,0.0,0.32398075,0.75915724
4556,30.663643,0.0,26.723888,43.321243,0.0009989482,0.0,0.3230488,0.7591638
4557,47.146297,0.0,22.022024,43.321285,0.00090158626,0.0,0.31717744,0.7591734
4558,29.420097,0.0,14.787438,43.321354,0.0010755269,0.0,0.36163163,0.7591819
4559,37.408836,0.0,19.573332,43.321392,0.00096698664,0.0,0.33161366,0.7591889
4560,35.966385,0.0,27.227356,43.321423,0.0008330664,0.0,0.31401294,0.7591951
4561,36.645435,0.0,16.620632,43.32151,0.0011940625,0.0,0.293002,0.75920045
4562,44.135197,0.0,23.63851,43.321564,0.0008646961,0.0,0.3026299,0.7592053
4563,52.626984,0.0,28.162645,43.32161,0.00091035303,0.0,0.337106,0.7592095
4564,39.0813,0.0,17.700798,43.321598,0.0009828376,0.0,0.31827277,0.75921315
4565,41.453342,0.0,26.722301,43.321613,0.00091104815,0.0,0.30984384,0.75922036
4566,55.707798,0.0,19.99412,43.321655,0.0010177059,0.0,0.35164207,0.75922686
4567,46.966423,0.0,20.802351,43.32169,0.0011651446,0.0,0.31071183,0.75923246
4568,43.2851,0.0,26.094852,43.321697,0.0009799585,0.0,0.31034258,0.75923747
4569,25.563421,0.0,25.144438,43.3217,0.00090443547,0.0,0.37471902,0.7592407
4570,32.495796,0.0,23.462936,43.321686,0.0009397419,0.0,0.31761003,0.7592434
4571,34.12845,0.0,16.142485,43.32168,0.0009991655,0.0,0.33001217,0.75924575
4572,40.33207,0.0,18.829224,43.32165,0.0008766684,0.0,0.32430357,0.7592478
4573,34.538383,0.0,17.978296,43.321587,0.00087841984,0.0,0.31967345,0.75925004
4574,32.40481,0.0,19.64879,43.32154,0.00093922426,0.0,0.31261867,0.7592521
4575,40.777134,0.0,34.671116,43.32145,0.0009945979,0.0,0.28371733,0.75925374
4576,35.41934,0.0,23.295305,43.32136,0.0010576152,0.0,0.3178401,0.7592552
4577,36.53436,0.0,18.670519,43.32131,0.00090363564,0.0,0.28682536,0.7592563
4578,40.823517,0.0,35.968906,43.321255,0.0010317317,0.0,0.32841718,0.7592574
4579,39.451565,0.0,25.921192,43.321182,0.0011450066,0.0,0.33911085,0.7592581
4580,38.319263,0.0,18.711048,43.321102,0.0011364815,0.0,0.3507591,0.75925857
4581,41.620224,0.0,27.653263,43.321056,0.00097451045,0.0,0.33216324,0.759259
4582,34.755432,0.0,14.882161,43.32101,0.0009732358,0.0,0.33811325,0.759252
4583,25.752234,0.0,24.129847,43.32096,0.0014992484,0.0,0.3127943,0.7592457
4584,25.109037,0.0,28.383387,43.3209,0.0010392356,0.0,0.32756254,0.75924003
4585,41.018124,0.0,42.12784,43.320843,0.00094652036,0.0,0.30977756,0.75923467
4586,32.56048,0.0,34.563023,43.320793,0.00094755366,0.0,0.33373007,0.7592299
4587,24.091516,0.0,22.68577,43.320717,0.0009640012,0.0,0.34555483,0.75922483
4588,42.565334,0.0,17.963572,43.320652,0.0010933904,0.0,0.3021439,0.75922036
4589,24.656475,0.0,31.985779,43.320587,0.0012665112,0.0,0.33890778,0.75921607
4590,36.253677,0.0,18.75211,43.32052,0.0015264757,0.0,0.3180403,0.75921226
4591,27.921545,0.0,21.867184,43.320442,0.0011323609,0.0,0.3157503,0.7592061
4592,31.147005,0.0,23.325447,43.320415,0.0008499473,0.0,0.34272403,0.75920045
4593,31.583288,0.0,20.191488,43.320427,0.0010938866,0.0,0.3444779,0.75919515
4594,42.317,0.0,26.887354,43.32043,0.0010844384,0.0,0.31944263,0.7591917
4595,37.298508,0.0,21.31504,43.320427,0.0011842188,0.0,0.28471577,0.7591883
4596,41.5219,0.0,23.788435,43.320385,0.00088212703,0.0,0.30828297,0.75918525
4597,35.844074,0.0,25.378979,43.320335,0.0012939615,0.0,0.3419207,0.7591835
4598,30.51661,0.0,23.381657,43.3203,0.0010297992,0.0,0.32328063,0.75918216
4599,52.74955,0.0,36.007027,43.320255,0.0009356915,0.0,0.34160984,0.7591809
4600,40.32668,0.0,30.715523,43.320194,0.001155403,0.0,0.28617582,0.7591796
4601,35.412563,0.0,29.765726,43.32014,0.0007085946,0.0,0.29657382,0.75917834
4602,35.246372,0.0,17.009933,43.320114,0.0013704653,0.0,0.34729266,0.759177
4603,39.093662,0.0,17.608068,43.320095,0.0014050178,0.0,0.32433268,0.7591757
4604,66.70773,0.0,26.705307,43.320072,0.001087728,0.0,0.2911198,0.75917435
4605,32.776608,0.0,42.76486,43.320034,0.0008847753,0.0,0.29726303,0.7591735
4606,58.488987,0.0,29.190739,43.31998,0.0012661952,0.0,0.32545757,0.7591725
4607,36.58776,0.0,35.62045,43.319927,0.0013052505,0.0,0.3198971,0.7591715
4608,37.395786,0.0,20.141314,43.319897,0.0009891293,0.0,0.33031246,0.7591705
4609,48.422638,0.0,28.925058,43.319874,0.0009661286,0.0,0.30952394,0.7591693
4610,24.590385,0.0,36.039707,43.31984,0.0010754762,0.0,0.30392942,0.75916827
4611,37.338474,0.0,28.33681,43.319798,0.0015506586,0.0,0.32686484,0.759167
4612,40.934742,0.0,22.59692,43.31975,0.0010759098,0.0,0.30818614,0.7591658
4613,31.022203,0.0,25.18777,43.319702,0.001031965,0.0,0.34120774,0.75915885
4614,38.614216,0.0,35.009,43.319637,0.0009140846,0.0,0.3163975,0.75915253
4615,31.246655,0.0,26.292013,43.31958,0.0011156092,0.0,0.32624456,0.7591467
4616,34.139057,0.0,17.348873,43.319527,0.0013178713,0.0,0.3435374,0.75914145
4617,46.91188,0.0,30.445206,43.319496,0.00092782115,0.0,0.32235542,0.75913644
4618,32.619038,0.0,32.679176,43.319485,0.000944406,0.0,0.3323533,0.7591319
4619,32.45451,0.0,33.38458,43.31946,0.0011862569,0.0,0.33696502,0.7591277
4620,41.45484,0.0,19.60031,43.319515,0.0014325621,0.0,0.33018214,0.75912374
4621,32.518993,0.0,34.82055,43.319576,0.0012304513,0.0,0.330921,0.75912005
4622,32.859406,0.0,31.274431,43.319656,0.0012538414,0.0,0.32567382,0.7591168
4623,28.003721,0.0,23.723356,43.319782,0.0008907283,0.0,0.33581662,0.7591137
4624,32.31359,0.0,24.156633,43.319878,0.0008067362,0.0,0.3547842,0.75911087
4625,33.916042,0.0,33.00892,43.31995,0.0009525161,0.0,0.33569264,0.7591084
4626,47.616867,0.0,27.166697,43.320045,0.0011533457,0.0,0.37041086,0.7591061
4627,43.115788,0.0,28.92199,43.320164,0.00070838875,0.0,0.31549168,0.7591039
4628,36.12576,0.0,25.705582,43.320286,0.0010370023,0.0,0.3097626,0.7591017
4629,38.168365,0.0,29.473858,43.32037,0.00095809356,0.0,0.31794178,0.7590995
4630,46.120304,0.0,23.485159,43.32043,0.0012270295,0.0,0.38931832,0.7590971
4631,39.239594,0.0,28.323889,43.32049,0.0013769477,0.0,0.3486669,0.7590937
4632,44.74857,0.0,22.31682,43.320557,0.0010376642,0.0,0.34776908,0.7590952
4633,30.003376,0.0,21.869276,43.32062,0.001287797,0.0,0.29507726,0.7590875
4634,23.151783,0.0,29.046068,43.320686,0.0010007308,0.0,0.31830716,0.75908107
4635,25.323153,0.0,17.934696,43.32073,0.0009280746,0.0,0.3430451,0.75907534
4636,22.124174,0.0,16.54314,43.320797,0.0010961536,0.0,0.32081327,0.75907034
4637,40.602695,0.0,28.857594,43.320854,0.0010105231,0.0,0.2931608,0.75906754
4638,24.732347,0.0,19.91771,43.320892,0.0010576204,0.0,0.36013842,0.75906515
4639,32.13387,0.0,27.779366,43.320946,0.001408603,0.0,0.30319294,0.7590653
4640,60.094296,0.0,20.387896,43.320976,0.0010614446,0.0,0.2864462,0.75906545
4641,36.745075,0.0,31.387032,43.321022,0.0010057017,0.0,0.33290863,0.7590655
4642,32.347168,0.0,30.259851,43.321022,0.0010245624,0.0,0.3181575,0.75906557
4643,57.025314,0.0,17.04431,43.321037,0.0009970239,0.0,0.30140495,0.75906557
4644,39.6021,0.0,23.994144,43.321033,0.0010283529,0.0,0.3147159,0.7590655
4645,35.7978,0.0,28.36711,43.321007,0.0013157352,0.0,0.32099456,0.75906545
4646,46.138702,0.0,15.005276,43.32099,0.0011273607,0.0,0.29409602,0.75906515
4647,26.486616,0.0,25.268473,43.320976,0.00074627734,0.0,0.31396794,0.75906485
4648,48.21429,0.0,34.18807,43.320946,0.0011247116,0.0,0.32171416,0.75906444
4649,61.768456,0.0,30.79307,43.320915,0.0012265386,0.0,0.34752578,0.75906396
4650,43.5968,0.0,15.283449,43.320904,0.0007421718,0.0,0.312782,0.7590634
4651,52.979443,0.0,25.437763,43.3209,0.0011746972,0.0,0.32211542,0.7590628
4652,34.41583,0.0,26.900639,43.320866,0.0010371893,0.0,0.32870674,0.75906205
4653,21.871944,0.0,16.876242,43.32083,0.0015175715,0.0,0.3211237,0.7590613
4654,34.60799,0.0,17.721582,43.32081,0.0009298904,0.0,0.30872366,0.7590603
4655,35.06354,0.0,22.129795,43.32081,0.00080881163,0.0,0.27640796,0.75905937
4656,33.486458,0.0,24.191505,43.32082,0.0010969252,0.0,0.34535024,0.7590583
4657,48.758446,0.0,24.944939,43.32085,0.0012267646,0.0,0.28252715,0.7590572
4658,47.766632,0.0,29.180212,43.32089,0.0011010974,0.0,0.377146,0.759057
4659,33.785027,0.0,24.448818,43.32083,0.0010402413,0.0,0.2999476,0.75905687
4660,18.989302,0.0,20.71904,43.320805,0.0010802293,0.0,0.31647125,0.7590567
4661,50.269062,0.0,16.078657,43.3208,0.0010211016,0.0,0.29487875,0.7590562
4662,45.154343,0.0,16.08437,43.32076,0.0010343272,0.0,0.29750168,0.7590556
4663,43.16292,0.0,14.47594,43.320744,0.0011846079,0.0,0.31604832,0.75905496
4664,35.590595,0.0,20.208372,43.320705,0.0010131489,0.0,0.3124534,0.75905555
4665,34.815205,0.0,23.23134,43.320663,0.001148614,0.0,0.3301564,0.759056
4666,33.515602,0.0,32.7729,43.320614,0.0007940888,0.0,0.311206,0.7590563
4667,46.049942,0.0,30.863985,43.320538,0.0014485067,0.0,0.33465,0.7590563
4668,48.41399,0.0,15.880685,43.32047,0.0010555796,0.0,0.3078775,0.7590563
4669,46.937664,0.0,30.640072,43.320415,0.0010891233,0.0,0.32398877,0.75905615
4670,48.764126,0.0,28.002617,43.320347,0.0011527876,0.0,0.3093983,0.7590558
4671,42.105476,0.0,21.227776,43.32029,0.0015179238,0.0,0.27824152,0.7590554
4672,44.25585,0.0,20.467842,43.32026,0.001029438,0.0,0.29263103,0.7590549
4673,34.45915,0.0,17.229984,43.32024,0.0012920463,0.0,0.32128444,0.7590542
4674,76.0486,0.0,37.261833,43.320198,0.0009376821,0.0,0.3091265,0.75905335
4675,32.24684,0.0,16.53224,43.32012,0.0009948699,0.0,0.28943473,0.75905216
4676,36.732655,0.0,49.672276,43.320045,0.0012417812,0.0,0.3536529,0.75905114
4677,37.644115,0.0,17.771387,43.32001,0.0011521608,0.0,0.32242584,0.75904995
4678,46.57248,0.0,17.990965,43.319977,0.0013015606,0.0,0.32330522,0.7590489
4679,35.296898,0.0,22.448042,43.31994,0.0015494551,0.0,0.3072451,0.7590477
4680,43.062466,0.0,27.115171,43.319897,0.0013168964,0.0,0.3105964,0.7590469
4681,47.738453,0.0,16.39067,43.31984,0.0010493116,0.0,0.28850266,0.759046
4682,36.21053,0.0,13.386022,43.31978,0.0012469173,0.0,0.30529505,0.7590452
4683,36.336433,0.0,18.271301,43.319702,0.0013864611,0.0,0.30031806,0.75904423
4684,35.594357,0.0,18.92236,43.319664,0.0014549013,0.0,0.31907988,0.75904316
4685,41.978382,0.0,34.04567,43.319595,0.0010757542,0.0,0.3231127,0.75904214
4686,33.959324,0.0,26.116589,43.319546,0.0016410019,0.0,0.2975535,0.759041
4687,39.0781,0.0,13.607759,43.31949,0.0011779089,0.0,0.32658404,0.7590398
4688,32.094395,0.0,29.035357,43.31946,0.001126539,0.0,0.3059441,0.7590382
4689,28.34348,0.0,26.754822,43.31946,0.0012635492,0.0,0.3387286,0.7590366
4690,29.554901,0.0,23.149292,43.31943,0.0012222659,0.0,0.31877217,0.7590361
4691,46.604298,0.0,26.923656,43.319443,0.0009622942,0.0,0.35363922,0.75903565
4692,40.329594,0.0,18.405888,43.319454,0.0017034545,0.0,0.32361773,0.75903654
4693,42.385654,0.0,18.825773,43.319477,0.0014087487,0.0,0.3179583,0.75903726
4694,32.12399,0.0,26.31775,43.319523,0.0011860734,0.0,0.33448935,0.75903773
4695,40.486683,0.0,18.576242,43.319534,0.0010735351,0.0,0.29847002,0.7590373
4696,30.146004,0.0,16.909868,43.31953,0.0013693464,0.0,0.33027253,0.7590357
4697,42.730877,0.0,17.882978,43.31951,0.0010028825,0.0,0.30435455,0.75903434
4698,26.913921,0.0,23.57275,43.31949,0.0010344153,0.0,0.33176208,0.75903225
4699,40.571686,0.0,25.568945,43.319447,0.0011526688,0.0,0.2982878,0.75902927
4700,33.835445,0.0,30.429121,43.3194,0.0012627377,0.0,0.33701658,0.7590232
4701,33.285507,0.0,19.3155,43.319344,0.0010272517,0.0,0.3241119,0.7590178
4702,34.947712,0.0,20.810163,43.31931,0.0011811766,0.0,0.34070286,0.7590129
4703,25.61399,0.0,21.040516,43.319283,0.0012679396,0.0,0.34501538,0.75900847
4704,57.633053,0.0,21.902773,43.31927,0.0012741678,0.0,0.31396896,0.75900435
4705,36.118702,0.0,22.526178,43.319244,0.0012243395,0.0,0.30935234,0.7590007
4706,30.416882,0.0,33.711094,43.319237,0.001114254,0.0,0.34786806,0.7589972
4707,39.493607,0.0,26.961157,43.319225,0.001456336,0.0,0.31657335,0.7589964
4708,23.309633,0.0,22.530214,43.31924,0.0011189244,0.0,0.32646233,0.75899553
4709,28.793962,0.0,20.892382,43.31927,0.0011577916,0.0,0.35153645,0.75899464
4710,36.488415,0.0,20.503603,43.3193,0.00091003743,0.0,0.30242962,0.7589996
4711,39.11146,0.0,17.622393,43.319344,0.0009153498,0.0,0.31864095,0.75900406
4712,35.31528,0.0,19.680708,43.319378,0.0009732432,0.0,0.31632024,0.7590072
4713,41.287323,0.0,15.454781,43.319386,0.00120466,0.0,0.33863467,0.7590099
4714,54.73433,0.0,17.284344,43.319397,0.0011678948,0.0,0.31467912,0.75901234
4715,34.132576,0.0,20.34027,43.31943,0.0011032501,0.0,0.3184836,0.75901216
4716,53.470425,0.0,17.165186,43.31947,0.0012056106,0.0,0.31553105,0.7590125
4717,38.673054,0.0,20.168774,43.31949,0.0008420932,0.0,0.34551844,0.7590127
4718,32.393562,0.0,21.568453,43.319492,0.0008203161,0.0,0.3060876,0.75901306
4719,54.459156,0.0,25.32033,43.319546,0.0010110475,0.0,0.30424637,0.7590132
4720,35.77539,0.0,21.870865,43.31959,0.0015655466,0.0,0.3038473,0.7590132
4721,36.492104,0.0,16.899233,43.319645,0.00084575894,0.0,0.32683575,0.7590131
4722,30.551197,0.0,18.42776,43.319725,0.0009915796,0.0,0.3237241,0.75901306
4723,30.628206,0.0,23.913275,43.31981,0.001112476,0.0,0.31076366,0.75901353
4724,23.46934,0.0,33.292824,43.319885,0.0010068507,0.0,0.32056308,0.7590137
4725,31.026424,0.0,19.78953,43.31994,0.0009898422,0.0,0.3047979,0.7590139
4726,48.420708,0.0,28.008839,43.31995,0.0012280836,0.0,0.3283976,0.7590139
4727,57.55779,0.0,34.21036,43.319973,0.0010143417,0.0,0.31516618,0.7590138
4728,44.20032,0.0,31.860266,43.31997,0.00094101223,0.0,0.32449275,0.7590136
4729,36.395996,0.0,32.195,43.31999,0.0009675391,0.0,0.32406875,0.75901324
4730,43.886036,0.0,36.19479,43.320015,0.001021146,0.0,0.3215669,0.7590129
4731,29.979809,0.0,18.341675,43.31999,0.0009875554,0.0,0.3139694,0.75901294
4732,29.019241,0.0,19.450563,43.31997,0.0007870171,0.0,0.3012031,0.759013
4733,32.850418,0.0,24.226706,43.319958,0.00097262056,0.0,0.31891215,0.7590159
4734,41.19441,0.0,24.574308,43.31994,0.00090154464,0.0,0.31726488,0.75901854
4735,81.157455,0.0,20.526335,43.319927,0.0012335293,0.0,0.32167822,0.7590207
4736,34.695896,0.0,25.802612,43.319904,0.0012731202,0.0,0.34716767,0.75902236
4737,64.4989,0.0,18.37714,43.319862,0.00082131056,0.0,0.3354873,0.7590238
4738,39.163605,0.0,20.039045,43.319782,0.0007452336,0.0,0.33967814,0.7590251
4739,29.998257,0.0,23.985405,43.31972,0.0011083324,0.0,0.30161837,0.7590389
4740,54.0013,0.0,39.561413,43.31966,0.0005847267,0.0,0.3406021,0.7590513
4741,49.673412,0.0,21.211418,43.319607,0.001105082,0.0,0.31767127,0.7590627
4742,43.228336,0.0,26.096275,43.319588,0.0008908526,0.0,0.29799947,0.7590745
4743,25.383179,0.0,22.196325,43.31958,0.0012802822,0.0,0.31358477,0.75908506
4744,38.318245,0.0,41.0094,43.31958,0.00087899715,0.0,0.31548628,0.7590946
4745,48.806587,0.0,28.713839,43.31964,0.00089921756,0.0,0.3187241,0.75910294
4746,48.415653,0.0,16.242447,43.319675,0.0009508792,0.0,0.33130082,0.75911033
4747,43.720676,0.0,19.654757,43.319717,0.0010701187,0.0,0.3252275,0.7591172
4748,42.997715,0.0,23.331102,43.319748,0.0011224512,0.0,0.35806295,0.75912327
4749,38.834343,0.0,22.881231,43.3198,0.0009880287,0.0,0.34675884,0.7591285
4750,49.09135,0.0,24.540913,43.319866,0.00072762155,0.0,0.30519205,0.75913316
4751,56.032227,0.0,26.047081,43.319923,0.0010886337,0.0,0.36283338,0.75913715
4752,61.249153,0.0,16.930489,43.319992,0.0010655851,0.0,0.28497878,0.75914043
4753,47.50884,0.0,17.944475,43.32006,0.0009780789,0.0,0.3200382,0.7591431
4754,41.51522,0.0,39.35651,43.320118,0.0010566334,0.0,0.33408868,0.75914544
4755,40.95057,0.0,26.019348,43.32017,0.0010291135,0.0,0.32842824,0.7591474
4756,33.255722,0.0,22.65102,43.32019,0.0008608438,0.0,0.31904215,0.759149
4757,30.096802,0.0,27.043455,43.32024,0.0009099551,0.0,0.2866169,0.75915027
4758,32.419224,0.0,22.73112,43.32028,0.0008748998,0.0,0.35010225,0.7591565
4759,49.167007,0.0,26.726696,43.320324,0.0010726724,0.0,0.34685057,0.7591622
4760,66.05073,0.0,18.234396,43.32038,0.0010089165,0.0,0.36088786,0.7591672
4761,35.07868,0.0,24.514439,43.32043,0.0010248197,0.0,0.28244978,0.75917184
4762,29.825611,0.0,19.879663,43.320477,0.001537696,0.0,0.37001547,0.7591758
4763,28.213099,0.0,14.586127,43.320503,0.0011466836,0.0,0.30847085,0.7591794
4764,36.212833,0.0,16.14325,43.320538,0.0013000276,0.0,0.33030766,0.7591826
4765,35.19932,0.0,31.072945,43.320568,0.0014931743,0.0,0.3370533,0.75918525
4766,24.383724,0.0,26.439442,43.32053,0.0015252776,0.0,0.3507483,0.75918764
4767,39.99409,0.0,34.210865,43.320442,0.0011262037,0.0,0.3143321,0.7591897
4768,39.94541,0.0,25.908377,43.320366,0.0012967566,0.0,0.31991792,0.7591914
4769,45.422405,0.0,25.73907,43.320267,0.0009820316,0.0,0.31224558,0.7591927
4770,33.828846,0.0,14.967242,43.32015,0.0012357659,0.0,0.34687805,0.7591939
4771,39.605637,0.0,47.292194,43.320026,0.0011771631,0.0,0.33638805,0.7591948
4772,24.608343,0.0,21.914303,43.319958,0.0015982124,0.0,0.34620088,0.75919545
4773,34.91354,0.0,23.419817,43.319912,0.00097594125,0.0,0.33189523,0.75919586
4774,37.888397,0.0,20.794481,43.319893,0.0012914947,0.0,0.3357153,0.75919604
4775,23.134209,0.0,20.36289,43.319946,0.0011601555,0.0,0.3052557,0.75919586
4776,38.958252,0.0,20.024307,43.320045,0.0010531454,0.0,0.3353393,0.75919753
4777,43.95974,0.0,31.539595,43.32015,0.0010557347,0.0,0.29996026,0.75919896
4778,37.77323,0.0,19.332397,43.320267,0.0009905099,0.0,0.3442592,0.7592002
4779,49.52754,0.0,32.653507,43.320393,0.0011573808,0.0,0.35149038,0.75920105
4780,27.237972,0.0,22.870443,43.320515,0.0010605826,0.0,0.32641515,0.7592036
4781,41.634735,0.0,26.437004,43.3206,0.0013468636,0.0,0.31585824,0.7592058
4782,46.769344,0.0,15.905267,43.3207,0.0010647245,0.0,0.31766218,0.7592076
4783,70.445984,0.0,36.14917,43.3208,0.0011790632,0.0,0.30353236,0.75920916
4784,39.90072,0.0,35.52273,43.32093,0.0008623599,0.0,0.31718504,0.75921047
4785,31.862297,0.0,33.754948,43.321102,0.00087028136,0.0,0.3322152,0.7592115
4786,27.996302,0.0,35.812595,43.32124,0.0014078931,0.0,0.33915704,0.7592122
4787,39.387012,0.0,26.204142,43.321365,0.0009958376,0.0,0.3413024,0.7592127
4788,33.08642,0.0,21.79084,43.32147,0.0010783976,0.0,0.31186244,0.7592131
4789,32.95415,0.0,19.113985,43.321587,0.000954192,0.0,0.32764256,0.7592132
4790,46.600895,0.0,36.339954,43.321686,0.0009005818,0.0,0.3200705,0.75921315
4791,39.017853,0.0,28.10442,43.32184,0.001150033,0.0,0.32865214,0.75921303
4792,41.81436,0.0,27.593801,43.32195,0.0017234469,0.0,0.30277964,0.75921273
4793,38.20411,0.0,29.03595,43.322037,0.0010452804,0.0,0.30328304,0.7592124
4794,59.613167,0.0,33.09833,43.322132,0.0008948541,0.0,0.36333913,0.75921184
4795,28.039904,0.0,35.04746,43.322247,0.0009684441,0.0,0.3413617,0.7592112
4796,41.50349,0.0,32.11638,43.322315,0.0008577894,0.0,0.308472,0.75921
4797,43.465122,0.0,21.400286,43.322376,0.0008520277,0.0,0.31485194,0.759205
4798,30.925838,0.0,18.02006,43.322464,0.0009432025,0.0,0.2939723,0.75920105
4799,47.914223,0.0,30.458797,43.32255,0.000765138,0.0,0.33465752,0.75919724
4800,49.231926,0.0,16.135767,43.32262,0.00077125337,0.0,0.305117,0.75919354
4801,29.975758,0.0,19.834713,43.322674,0.0012870566,0.0,0.31868994,0.7591893
4802,43.723236,0.0,30.740738,43.322746,0.00095156196,0.0,0.34010315,0.7591852
4803,42.13193,0.0,22.264696,43.322865,0.00093657104,0.0,0.31416836,0.7591815
4804,41.999702,0.0,31.565075,43.32294,0.00092705444,0.0,0.30743665,0.7591779
4805,53.07942,0.0,27.17958,43.322998,0.0007101371,0.0,0.32778957,0.75917614
4806,43.790035,0.0,24.016792,43.323036,0.0012160172,0.0,0.28575605,0.75917435
4807,33.717617,0.0,25.2737,43.32306,0.00081870495,0.0,0.3213804,0.7591726
4808,27.744804,0.0,21.574488,43.32306,0.0008946308,0.0,0.3140819,0.7591705
4809,68.69087,0.0,18.489092,43.323082,0.00085594755,0.0,0.31780824,0.75916857
4810,30.564152,0.0,26.646711,43.323105,0.0009664299,0.0,0.3234748,0.75916654
4811,32.310444,0.0,24.260706,43.32309,0.0007755952,0.0,0.3007372,0.75916475
4812,29.846167,0.0,25.38251,43.323105,0.0010495267,0.0,0.27737662,0.75916284
4813,36.760944,0.0,18.609762,43.32315,0.00080482615,0.0,0.32358637,0.75916106
4814,32.946465,0.0,26.91867,43.323162,0.00094485783,0.0,0.28667718,0.75915915
4815,32.521507,0.0,19.77144,43.323162,0.00083849876,0.0,0.30158022,0.7591574
4816,44.27176,0.0,19.356068,43.32321,0.001143576,0.0,0.34875032,0.7591556
4817,46.028816,0.0,20.302357,43.32325,0.0010093283,0.0,0.2815491,0.75915444
4818,39.603848,0.0,19.444267,43.323273,0.00073239615,0.0,0.29964602,0.7591531
4819,49.416847,0.0,16.501715,43.323288,0.0009108535,0.0,0.33804482,0.7591519
4820,33.468708,0.0,20.87214,43.323307,0.0010745919,0.0,0.32485384,0.7591506
4821,50.743725,0.0,22.728767,43.323334,0.0009315584,0.0,0.2954456,0.75914955
4822,40.135715,0.0,25.438622,43.323322,0.0010350005,0.0,0.34915715,0.7591485
4823,30.988993,0.0,27.282505,43.323326,0.000981144,0.0,0.27238366,0.75914735
4824,34.458195,0.0,33.556522,43.3233,0.0010912407,0.0,0.32289803,0.75914615
4825,48.091885,0.0,22.365849,43.32328,0.0008749397,0.0,0.31364417,0.7591449
4826,36.06663,0.0,28.701054,43.32328,0.0014995215,0.0,0.35943955,0.75914365
4827,55.69665,0.0,19.05831,43.323338,0.0009462964,0.0,0.31549025,0.75914234
4828,62.065804,0.0,15.860348,43.32339,0.0008074597,0.0,0.35432953,0.759141
4829,34.867203,0.0,28.54883,43.32345,0.00089905586,0.0,0.3367991,0.7591396
4830,43.922287,0.0,25.521973,43.323505,0.0010429331,0.0,0.33321977,0.75913835
4831,31.260635,0.0,21.567211,43.323544,0.0011065935,0.0,0.34889787,0.75913715
4832,27.99314,0.0,21.981749,43.32356,0.0013532273,0.0,0.28687352,0.75913584
4833,27.400963,0.0,23.147726,43.32356,0.0010645685,0.0,0.37106043,0.7591346
4834,23.543482,0.0,31.43959,43.32356,0.0013921772,0.0,0.33124483,0.7591457
4835,34.5665,0.0,13.3194895,43.323555,0.0009737291,0.0,0.31495243,0.75915563
4836,38.197006,0.0,34.971443,43.323566,0.00077206333,0.0,0.326251,0.7591646
4837,41.578278,0.0,37.137924,43.32355,0.00079383433,0.0,0.32444263,0.7591725
4838,43.926548,0.0,28.266817,43.323605,0.001063616,0.0,0.3036519,0.75917965
4839,52.86538,0.0,23.055779,43.32365,0.0011194772,0.0,0.3426591,0.7591859
4840,59.47086,0.0,19.747976,43.323723,0.0013045892,0.0,0.35529274,0.7591915
4841,24.712545,0.0,41.1611,43.32379,0.0011056773,0.0,0.35485786,0.7591964
4842,41.026493,0.0,35.452507,43.323822,0.0010117114,0.0,0.35210022,0.75920063
4843,34.58487,0.0,33.97922,43.323875,0.0010678443,0.0,0.30256698,0.7592043
4844,26.472649,0.0,25.545527,43.32392,0.0011390933,0.0,0.2976641,0.75920755
4845,42.981808,0.0,18.487526,43.323997,0.0009410057,0.0,0.3042133,0.7592246
4846,39.75486,0.0,26.72016,43.324066,0.0010866963,0.0,0.32047352,0.7592423
4847,41.336628,0.0,22.775658,43.324135,0.0012584229,0.0,0.31050366,0.75925815
4848,67.46212,0.0,20.641731,43.324177,0.0010062538,0.0,0.2894895,0.7592801
4849,35.736423,0.0,42.952297,43.3242,0.001101851,0.0,0.31442732,0.7592998
4850,38.59863,0.0,23.096666,43.324165,0.00092864526,0.0,0.34426093,0.7593177
4851,44.617477,0.0,14.1801195,43.324127,0.0010029401,0.0,0.34193438,0.75933367
4852,33.249485,0.0,35.13494,43.324062,0.0009382743,0.0,0.31282696,0.7593479
4853,47.51523,0.0,17.081543,43.323975,0.0012284571,0.0,0.36235332,0.7593592
4854,46.850693,0.0,19.0339,43.323895,0.001032006,0.0,0.30103824,0.75936913
4855,35.713413,0.0,21.71252,43.323784,0.0011319196,0.0,0.3174847,0.7593782
4856,42.29654,0.0,21.565685,43.323685,0.00090075436,0.0,0.3466186,0.7593858
4857,23.633268,0.0,38.839016,43.323578,0.0013245067,0.0,0.3517363,0.7593925
4858,35.042355,0.0,19.162336,43.323467,0.0011643976,0.0,0.3054907,0.75939846
4859,35.03256,0.0,25.863512,43.323353,0.0016193169,0.0,0.3075871,0.75940377
4860,32.548313,0.0,29.50925,43.32327,0.0011233056,0.0,0.33256018,0.7594083
4861,47.55792,0.0,25.185291,43.32319,0.0008648555,0.0,0.30592525,0.7594127
4862,32.310173,0.0,37.750675,43.323105,0.0010536031,0.0,0.34095916,0.7594165
4863,31.227108,0.0,32.920483,43.322983,0.0010969252,0.0,0.31264478,0.7594198
4864,41.82059,0.0,47.415714,43.322845,0.0009192261,0.0,0.32235843,0.7594227
4865,35.528362,0.0,22.86075,43.32275,0.0010292735,0.0,0.29584384,0.75942516
4866,33.336967,0.0,23.769552,43.322662,0.0009539784,0.0,0.31539232,0.75942695
4867,51.875504,0.0,18.579582,43.322556,0.0010452577,0.0,0.31241798,0.7594285
4868,28.400019,0.0,27.557182,43.322475,0.0013047277,0.0,0.28379425,0.75942975
4869,33.512135,0.0,18.530745,43.322414,0.0012869652,0.0,0.32506585,0.7594299
4870,26.96477,0.0,38.364277,43.32235,0.0011399225,0.0,0.32999104,0.759431
4871,41.82699,0.0,32.49983,43.32228,0.0011727582,0.0,0.33568716,0.75943184
4872,29.819046,0.0,34.17769,43.322193,0.0010559913,0.0,0.29725403,0.75943244
4873,31.990536,0.0,31.968493,43.322117,0.00088077364,0.0,0.29558587,0.759433
4874,39.479137,0.0,31.234367,43.32203,0.0010498515,0.0,0.31973016,0.759433
4875,31.989836,0.0,24.175964,43.321957,0.0010135383,0.0,0.33389753,0.759433
4876,47.45357,0.0,28.951868,43.32192,0.0013155707,0.0,0.31581473,0.75942826
4877,64.051285,0.0,22.658312,43.321865,0.0013601007,0.0,0.2939032,0.759424
4878,32.179073,0.0,23.912605,43.321835,0.0013173474,0.0,0.30638218,0.7594201
4879,37.812004,0.0,22.115303,43.321835,0.0013565205,0.0,0.32402474,0.75941664
4880,49.19283,0.0,23.72716,43.32183,0.0011031965,0.0,0.30771813,0.75941336
4881,44.434593,0.0,45.643333,43.321884,0.0011196906,0.0,0.34375066,0.75941026
4882,46.43612,0.0,27.204502,43.322033,0.0008279816,0.0,0.31498623,0.75940734
4883,28.24409,0.0,18.788176,43.322235,0.0013070141,0.0,0.29233518,0.75940454
4884,38.968197,0.0,37.38664,43.32241,0.0009137759,0.0,0.3182605,0.75940186
4885,32.96188,0.0,24.675457,43.32257,0.0013570883,0.0,0.31401026,0.7593995
4886,48.258934,0.0,27.531918,43.322685,0.0010890316,0.0,0.32542408,0.759397
4887,42.07413,0.0,24.198383,43.32279,0.0012053936,0.0,0.32756776,0.75939476
4888,45.926888,0.0,40.417645,43.322876,0.0012653428,0.0,0.2832502,0.7593925
4889,37.54903,0.0,25.256353,43.322937,0.0010165981,0.0,0.31739116,0.7593904
4890,48.969563,0.0,15.743569,43.323006,0.0010865086,0.0,0.3200351,0.7593884
4891,45.70433,0.0,71.38712,43.323044,0.0017100759,0.0,0.34203035,0.75938827
4892,50.14593,0.0,52.52457,43.32301,0.0016511128,0.0,0.29335755,0.75938785
4893,27.893312,0.0,22.411623,43.3229,0.0013342684,0.0,0.32118,0.75938725
4894,38.45617,0.0,37.597565,43.32276,0.0010216268,0.0,0.33526742,0.7593867
4895,39.547104,0.0,32.311165,43.32261,0.0012470696,0.0,0.29814827,0.75938594
4896,36.03184,0.0,37.181705,43.322495,0.0009898585,0.0,0.3222313,0.75938505
4897,41.698414,0.0,21.399551,43.322403,0.0012153562,0.0,0.2979457,0.75938404
4898,37.133194,0.0,14.589692,43.322334,0.0009438141,0.0,0.29313177,0.75938284
4899,32.09782,0.0,33.42339,43.32227,0.00083995226,0.0,0.29185015,0.7593815
4900,35.996365,0.0,26.358187,43.322193,0.0010983865,0.0,0.34820443,0.75938
4901,38.821526,0.0,67.101974,43.3221,0.0009392061,0.0,0.3314966,0.75937855
4902,68.145874,0.0,35.149235,43.32211,0.0009898546,0.0,0.31391644,0.75937706
4903,46.257744,0.0,25.565353,43.322124,0.0011684742,0.0,0.34308267,0.75937563
4904,61.617725,0.0,28.834133,43.3221,0.0009427766,0.0,0.27196586,0.7593741
4905,35.037388,0.0,33.56011,43.322067,0.0012096177,0.0,0.33929405,0.75937265
4906,37.91129,0.0,27.574877,43.322067,0.0012773622,0.0,0.28837734,0.759371
4907,25.584879,0.0,22.944803,43.322063,0.0011793798,0.0,0.34276375,0.75936866
4908,32.046776,0.0,31.004452,43.322037,0.00106251,0.0,0.31653017,0.75936663
4909,47.032745,0.0,20.276001,43.32197,0.00091694016,0.0,0.31020784,0.7593646
4910,48.83705,0.0,34.869484,43.321907,0.0010140954,0.0,0.3249541,0.7593627
4911,41.109875,0.0,35.49781,43.321827,0.00094341626,0.0,0.2954001,0.75936085
4912,27.847202,0.0,28.451063,43.32175,0.0008122608,0.0,0.2964642,0.7593592
4913,46.74326,0.0,22.076132,43.32169,0.0012057195,0.0,0.31515226,0.75934845
4914,34.666615,0.0,19.73303,43.321655,0.0008914491,0.0,0.3430723,0.7593398
4915,33.688816,0.0,31.819365,43.321648,0.001062931,0.0,0.32423422,0.7593322
4916,63.484894,0.0,21.537828,43.321636,0.0010798008,0.0,0.32476395,0.75932556
4917,41.280445,0.0,19.738146,43.321625,0.0011601453,0.0,0.30352914,0.75932324
4918,35.461742,0.0,49.803246,43.321613,0.0013448275,0.0,0.31676513,0.7593212
4919,60.88933,0.0,53.961857,43.321625,0.0012845797,0.0,0.3313104,0.75931937
4920,45.763966,0.0,24.41409,43.32164,0.0010923003,0.0,0.31615034,0.7593177
4921,36.021606,0.0,24.940584,43.32164,0.00089619093,0.0,0.33103555,0.7593148
4922,57.737164,0.0,20.25615,43.32162,0.00087325694,0.0,0.3210429,0.7593121
4923,46.352695,0.0,24.789299,43.32161,0.0011282511,0.0,0.31242633,0.75930953
4924,37.02465,0.0,13.520118,43.321568,0.00146835,0.0,0.35377067,0.75930715
4925,33.05485,0.0,44.312916,43.321545,0.0011172348,0.0,0.31291205,0.75930476
4926,39.404514,0.0,17.804094,43.321472,0.00084246125,0.0,0.34665677,0.75930154
4927,33.283054,0.0,28.924192,43.321415,0.0011360595,0.0,0.3065632,0.7592985
4928,41.035873,0.0,17.415606,43.321312,0.0014737475,0.0,0.35247183,0.75929564
4929,42.382942,0.0,30.528948,43.321205,0.00084549154,0.0,0.306117,0.7592937
4930,37.446762,0.0,33.178932,43.321117,0.0008077183,0.0,0.34137487,0.75928855
4931,29.161348,0.0,23.141394,43.32104,0.0010856187,0.0,0.29087293,0.75928384
4932,45.0869,0.0,36.349846,43.320965,0.0012120125,0.0,0.32623538,0.7592794
4933,35.112656,0.0,51.65179,43.320915,0.001339678,0.0,0.32887122,0.7592753
4934,26.92065,0.0,19.76449,43.320747,0.0008488718,0.0,0.33990964,0.7592715
4935,31.765022,0.0,29.369028,43.320625,0.00085917645,0.0,0.29329967,0.75926787
4936,29.289473,0.0,29.465506,43.32052,0.0016503463,0.0,0.31534904,0.7592646
4937,45.852604,0.0,35.877262,43.3204,0.0011891124,0.0,0.31698638,0.7592613
4938,49.208282,0.0,24.62717,43.320293,0.0009426549,0.0,0.3227324,0.7592584
4939,46.659786,0.0,20.092005,43.320232,0.0007908295,0.0,0.29951057,0.7592555
4940,32.1861,0.0,35.950127,43.320168,0.0016281605,0.0,0.3348262,0.7592528
4941,39.32719,0.0,25.82451,43.32013,0.0010819052,0.0,0.32726708,0.75925004
4942,48.48188,0.0,20.026903,43.320065,0.0008753751,0.0,0.30788833,0.7592476
4943,55.98054,0.0,36.46084,43.32003,0.0009823623,0.0,0.30797037,0.7592451
4944,33.49172,0.0,28.011145,43.320038,0.0012466343,0.0,0.3370374,0.75924367
4945,36.11459,0.0,36.31788,43.320076,0.0007674619,0.0,0.36555594,0.7592386
4946,37.269047,0.0,29.139652,43.320137,0.0011561401,0.0,0.28451586,0.7592315
4947,53.44454,0.0,32.24419,43.320206,0.000818697,0.0,0.3603421,0.7592252
4948,44.427326,0.0,33.443043,43.32025,0.000995993,0.0,0.33794838,0.7592193
4949,35.46933,0.0,39.66569,43.320297,0.00076163,0.0,0.29620036,0.7592138
4950,36.11433,0.0,21.115568,43.32034,0.0008872645,0.0,0.33195743,0.7592095
4951,28.196049,0.0,45.902775,43.320385,0.0009601853,0.0,0.29854798,0.7592054
4952,34.865303,0.0,19.586653,43.320496,0.00096466905,0.0,0.28949267,0.75920165
4953,37.77168,0.0,31.28466,43.32061,0.001021099,0.0,0.31081775,0.7591981
4954,50.420685,0.0,26.768497,43.320724,0.001030996,0.0,0.30454278,0.75919473
4955,29.604994,0.0,23.536732,43.320805,0.0010437089,0.0,0.34643167,0.7591917
4956,31.93979,0.0,44.05163,43.320873,0.00094116235,0.0,0.30791998,0.7591888
4957,34.12131,0.0,23.641018,43.320923,0.0012897972,0.0,0.2929666,0.75918597
4958,33.9262,0.0,28.526009,43.32101,0.0010407857,0.0,0.36023498,0.759184
4959,30.544409,0.0,21.564432,43.321083,0.0009919996,0.0,0.35872376,0.7591814
4960,49.057144,0.0,36.89504,43.321182,0.0018095551,0.0,0.34014413,0.75917894
4961,33.914566,0.0,38.061703,43.32123,0.000976892,0.0,0.3432008,0.7591767
4962,37.726807,0.0,19.258516,43.3212,0.0013515953,0.0,0.31401464,0.75917447
4963,40.183426,0.0,22.851856,43.32116,0.0010423465,0.0,0.30791977,0.7591723
4964,31.478516,0.0,20.01342,43.321136,0.0009263057,0.0,0.31423908,0.7591702
4965,26.33576,0.0,25.871906,43.321136,0.00080795604,0.0,0.31279528,0.75916815
4966,27.522892,0.0,16.44611,43.32111,0.0012167564,0.0,0.31153667,0.7591689
4967,55.05818,0.0,19.532515,43.321068,0.0015143397,0.0,0.3493074,0.75916946
4968,31.234695,0.0,20.242558,43.321022,0.0009560554,0.0,0.32033336,0.75916743
4969,37.27346,0.0,20.811714,43.320988,0.001079777,0.0,0.31904528,0.7591656
4970,34.94847,0.0,13.009766,43.32093,0.001380113,0.0,0.35263443,0.7591639
4971,51.862206,0.0,20.802416,43.320892,0.0010102439,0.0,0.31971696,0.75916225
4972,29.47196,0.0,25.068459,43.32087,0.0011960589,0.0,0.30193812,0.7591609
4973,34.53736,0.0,43.372066,43.32089,0.0011292527,0.0,0.31128228,0.7591595
4974,54.125618,0.0,19.461039,43.320885,0.00076743675,0.0,0.335231,0.7591581
4975,30.808422,0.0,21.817102,43.320892,0.0010341238,0.0,0.3480966,0.7591567
4976,48.280273,0.0,25.839891,43.32089,0.0010823869,0.0,0.3544174,0.75915533
4977,49.428204,0.0,34.08762,43.320927,0.00108038,0.0,0.3493503,0.7591541
4978,37.23535,0.0,24.94743,43.32103,0.00094793196,0.0,0.2869767,0.7591526
4979,40.471523,0.0,17.15787,43.32116,0.00082339457,0.0,0.3220299,0.7591513
4980,26.890686,0.0,20.175217,43.32126,0.0009817005,0.0,0.32467982,0.75914705
4981,48.928135,0.0,28.277977,43.32137,0.0009299672,0.0,0.37362942,0.75914305
4982,38.26985,0.0,21.389372,43.321537,0.0013087713,0.0,0.3124814,0.75913936
4983,39.542156,0.0,19.187052,43.3217,0.0011960436,0.0,0.2993263,0.75913584
4984,40.87056,0.0,27.05579,43.321842,0.0008484706,0.0,0.325562,0.75913256
4985,37.575546,0.0,24.468065,43.32197,0.0010334434,0.0,0.3063812,0.75913334
4986,24.098972,0.0,35.50991,43.322098,0.0011698103,0.0,0.33937415,0.75913405
4987,60.82523,0.0,22.017952,43.32219,0.00083328894,0.0,0.33659214,0.75913477
4988,38.34515,0.0,21.898607,43.32229,0.0009884196,0.0,0.36869323,0.7591353
4989,37.299416,0.0,23.280962,43.322365,0.0011318631,0.0,0.32418033,0.75913507
4990,41.641304,0.0,19.717695,43.322414,0.001180035,0.0,0.32635123,0.75913477
4991,47.855747,0.0,28.683167,43.32247,0.0009252259,0.0,0.31717962,0.75913435
4992,50.737022,0.0,17.289757,43.322556,0.0013528923,0.0,0.32643437,0.7591341
4993,38.426105,0.0,28.097088,43.322613,0.0009064788,0.0,0.31207407,0.75913376
4994,33.18661,0.0,28.87775,43.322655,0.000971569,0.0,0.30956858,0.7591401
4995,63.184155,0.0,18.046146,43.32268,0.0008137414,0.0,0.33222038,0.7591458
4996,58.199177,0.0,19.30769,43.322697,0.0010292653,0.0,0.30756807,0.75915086
4997,24.109632,0.0,17.32704,43.32269,0.00088043715,0.0,0.344608,0.75915545
4998,36.200752,0.0,32.299458,43.322674,0.00096924853,0.0,0.3080007,0.7591594
4999,50.331818,0.0,21.917953,43.322643,0.0010088643,0.0,0.33097172,0.759163
5000,39.33714,0.0,33.611248,43.32265,0.0011093251,0.0,0.32335538,0.759166
5001,29.820662,0.0,24.988085,43.322666,0.00077787787,0.0,0.2951957,0.75916874
5002,43.687428,0.0,18.112463,43.322666,0.0012839667,0.0,0.32991925,0.759171
5003,48.95676,0.0,30.104301,43.32266,0.0010918474,0.0,0.37660024,0.75917286
5004,38.720978,0.0,23.403097,43.32263,0.001052809,0.0,0.30713198,0.7591732
5005,31.508907,0.0,21.608664,43.322586,0.0010448218,0.0,0.31631488,0.75917333
5006,36.208073,0.0,21.066483,43.322525,0.0011677326,0.0,0.3383729,0.75917435
5007,54.883457,0.0,21.58935,43.322525,0.0011913364,0.0,0.32371414,0.75917494
5008,28.575274,0.0,38.112328,43.322495,0.0010346875,0.0,0.30732852,0.7591755
5009,36.182724,0.0,21.210817,43.32255,0.00095486076,0.0,0.30668184,0.7591759
5010,44.586002,0.0,17.164215,43.32261,0.00090148905,0.0,0.33668244,0.759176
5011,41.36067,0.0,26.172506,43.322678,0.0009824652,0.0,0.32615098,0.7591761
5012,41.4796,0.0,20.964567,43.322742,0.0011280603,0.0,0.34773642,0.7591759
5013,32.361538,0.0,20.719887,43.322792,0.0007533317,0.0,0.32183418,0.75917566
5014,59.794704,0.0,24.402056,43.3229,0.0010468455,0.0,0.3386714,0.75917536
5015,41.378956,0.0,23.388521,43.323006,0.0009107118,0.0,0.30787593,0.7591748
5016,35.031357,0.0,59.938663,43.323063,0.000980401,0.0,0.3188696,0.7591743
5017,30.051863,0.0,26.529224,43.323032,0.0010552447,0.0,0.35312212,0.7591737
5018,49.443604,0.0,17.317043,43.32297,0.0010778136,0.0,0.336385,0.7591729
5019,37.843807,0.0,12.679709,43.322933,0.0013661546,0.0,0.291625,0.7591721
5020,36.539764,0.0,16.544687,43.32289,0.0009211073,0.0,0.34430218,0.75917125
5021,39.36827,0.0,27.948498,43.32285,0.0011451965,0.0,0.3388439,0.75917035
5022,51.443726,0.0,32.312717,43.322807,0.00094821554,0.0,0.30800197,0.7591694
5023,45.935513,0.0,16.19585,43.322792,0.0010808485,0.0,0.30820403,0.7591683
5024,36.90867,0.0,24.120016,43.32279,0.00078644784,0.0,0.34388006,0.7591672
5025,35.16036,0.0,21.31548,43.322807,0.0006997584,0.0,0.3031881,0.75916606
5026,43.719955,0.0,27.557207,43.322823,0.0009965163,0.0,0.2799011,0.75916487
5027,51.52616,0.0,23.459845,43.32289,0.0009984132,0.0,0.33117855,0.7591643
5028,43.052345,0.0,17.04651,43.322964,0.0011810588,0.0,0.32651564,0.7591631
5029,25.132084,0.0,26.18871,43.323032,0.0013654626,0.0,0.32475328,0.7591619
5030,36.842846,0.0,56.968185,43.323105,0.0008945404,0.0,0.3100677,0.7591658
5031,49.49331,0.0,23.28763,43.32305,0.0015595205,0.0,0.34461936,0.75916916
5032,41.51142,0.0,16.952568,43.32299,0.000911637,0.0,0.32135767,0.75917214
5033,24.935205,0.0,17.623676,43.322945,0.001091959,0.0,0.30303526,0.75917476
5034,36.033634,0.0,17.649326,43.322906,0.0010108193,0.0,0.31672436,0.75917715
5035,55.458965,0.0,22.525373,43.322887,0.00080577214,0.0,0.32059437,0.7591859
5036,52.901474,0.0,31.162163,43.322857,0.0008851116,0.0,0.31280556,0.75919425
5037,49.271816,0.0,30.579432,43.32283,0.0012286562,0.0,0.33446383,0.75920165
5038,40.99489,0.0,26.126293,43.322853,0.0010239012,0.0,0.3087185,0.7592082
5039,51.847576,0.0,21.430342,43.322826,0.001301046,0.0,0.31020302,0.759214
5040,37.817238,0.0,30.28955,43.32279,0.0010312141,0.0,0.2960326,0.7592193
5041,38.529922,0.0,28.78818,43.32276,0.0013403927,0.0,0.30598634,0.75922394
5042,41.0124,0.0,24.447037,43.322746,0.0014157438,0.0,0.31397295,0.759228
5043,39.889713,0.0,18.844921,43.32277,0.0010696002,0.0,0.30507204,0.7592315
5044,29.809635,0.0,17.63473,43.32278,0.00090717815,0.0,0.33067155,0.75923455
5045,32.78453,0.0,14.245645,43.322803,0.0009119562,0.0,0.32904452,0.7592372
5046,41.284546,0.0,22.05461,43.322834,0.0008034044,0.0,0.30979353,0.7592393
5047,45.78035,0.0,27.00387,43.322834,0.0010759846,0.0,0.32279882,0.7592413
5048,43.02942,0.0,23.98073,43.322826,0.0009633526,0.0,0.31359974,0.7592437
5049,36.713615,0.0,15.944483,43.322834,0.0007443072,0.0,0.28288943,0.75924623
5050,32.20989,0.0,15.983439,43.322823,0.0008957827,0.0,0.3172477,0.75924826
5051,24.664228,0.0,23.273766,43.322823,0.0009126446,0.0,0.357785,0.7592499
5052,27.095543,0.0,26.443,43.32283,0.00091115816,0.0,0.33496732,0.7592513
5053,27.455824,0.0,25.94201,43.32289,0.001013328,0.0,0.27385825,0.7592524
5054,40.442398,0.0,30.86285,43.322937,0.0009765442,0.0,0.33620414,0.7592536
5055,45.958286,0.0,20.139544,43.322945,0.00095494033,0.0,0.3170544,0.7592546
5056,29.589668,0.0,19.660875,43.322926,0.0009150228,0.0,0.3315344,0.75925535
5057,27.51453,0.0,23.301619,43.322914,0.0010177735,0.0,0.323697,0.7592557
5058,37.23569,0.0,21.385876,43.322918,0.00084340014,0.0,0.3034128,0.7592559
5059,29.394762,0.0,43.386795,43.322918,0.0007918721,0.0,0.30727458,0.75925577
5060,43.55703,0.0,19.546034,43.32286,0.0010348295,0.0,0.30633765,0.7592555
5061,39.623642,0.0,25.743505,43.32283,0.001467828,0.0,0.3098716,0.7592559
5062,34.613262,0.0,33.898582,43.322823,0.001112872,0.0,0.32612634,0.75925595
5063,44.43796,0.0,29.005508,43.32284,0.00071552466,0.0,0.28882414,0.759256
5064,47.5642,0.0,30.696203,43.32288,0.0009308508,0.0,0.32545805,0.75925404
5065,54.23405,0.0,19.45832,43.322952,0.0010158864,0.0,0.2783825,0.7592522
5066,32.135372,0.0,14.391877,43.32301,0.0009895492,0.0,0.34383422,0.75925237
5067,20.29698,0.0,26.00225,43.32304,0.0011256648,0.0,0.35923108,0.7592523
5068,48.030308,0.0,31.505281,43.323063,0.0010119444,0.0,0.31245208,0.7592523
5069,46.54897,0.0,16.889793,43.323097,0.0009995023,0.0,0.30015057,0.7592521
5070,28.593683,0.0,15.740798,43.323124,0.00082502014,0.0,0.3084517,0.7592517
5071,22.833256,0.0,28.089596,43.32313,0.0010586584,0.0,0.32956338,0.7592513
5072,40.17271,0.0,32.802532,43.323116,0.00078714034,0.0,0.32777762,0.75925076
5073,37.777203,0.0,30.550947,43.32305,0.000846599,0.0,0.3419333,0.7592585
5074,39.136074,0.0,22.414032,43.323025,0.000844146,0.0,0.32793424,0.7592654
5075,49.258537,0.0,20.867073,43.322983,0.0009140991,0.0,0.34251484,0.7592715
5076,38.315266,0.0,30.190825,43.322983,0.0010517277,0.0,0.35831589,0.7592769
5077,35.820667,0.0,27.684612,43.32298,0.0010171412,0.0,0.33603883,0.75928205
5078,34.65997,0.0,25.591337,43.322956,0.00070759625,0.0,0.3273962,0.75928724
5079,32.530613,0.0,40.812614,43.322964,0.001042688,0.0,0.32502866,0.7592917
5080,27.949835,0.0,27.796,43.322952,0.00097499107,0.0,0.33599865,0.7592958
5081,36.820522,0.0,23.148596,43.322952,0.0011997694,0.0,0.30588937,0.7592992
5082,52.041687,0.0,18.935472,43.32295,0.0008187096,0.0,0.30236965,0.7593024
5083,41.32178,0.0,13.914809,43.322937,0.0013243565,0.0,0.30395636,0.75930494
5084,49.534065,0.0,43.716583,43.322926,0.00077076454,0.0,0.31954852,0.7593072
5085,24.499964,0.0,61.460125,43.322914,0.0010547418,0.0,0.31455147,0.75930905
5086,38.982765,0.0,35.001366,43.32292,0.00091109646,0.0,0.34547433,0.7593106
5087,39.66235,0.0,29.344316,43.322968,0.0009010141,0.0,0.34315845,0.7593124
5088,31.958607,0.0,31.875439,43.323006,0.000970069,0.0,0.3135347,0.759314
5089,39.402927,0.0,35.562378,43.323105,0.0010136579,0.0,0.3459298,0.7593154
5090,21.486843,0.0,32.814697,43.323208,0.0009868876,0.0,0.35457915,0.75931644
5091,31.93776,0.0,20.566622,43.323273,0.00091755425,0.0,0.35274118,0.7593173
5092,41.446598,0.0,32.84168,43.323334,0.0015249399,0.0,0.296926,0.7593178
5093,39.76789,0.0,21.264368,43.323376,0.0012769854,0.0,0.3291754,0.759317
5094,33.961433,0.0,22.577065,43.323402,0.0012095146,0.0,0.30620965,0.75931615
5095,37.70742,0.0,47.00314,43.323444,0.0011443263,0.0,0.3121793,0.7593154
5096,30.135735,0.0,30.965698,43.323414,0.0013343913,0.0,0.3282764,0.75931466
5097,51.43873,0.0,20.079554,43.323353,0.0009579427,0.0,0.3669742,0.7593155
5098,46.700462,0.0,29.9518,43.32332,0.0010515044,0.0,0.34115335,0.75931615
5099,39.570774,0.0,21.881445,43.323227,0.0011749319,0.0,0.3109309,0.7593167
5100,34.786358,0.0,52.072086,43.323116,0.0012208223,0.0,0.3307826,0.7593173
5101,39.002243,0.0,24.161415,43.322956,0.000980961,0.0,0.29790068,0.7593176
5102,28.807405,0.0,30.611841,43.32281,0.0010964912,0.0,0.295537,0.75931776
5103,43.433067,0.0,36.15842,43.322666,0.0010448452,0.0,0.32854244,0.7593179
5104,35.572422,0.0,27.054178,43.32253,0.00081569934,0.0,0.33305612,0.75931793
5105,44.25406,0.0,57.706497,43.32243,0.00075344124,0.0,0.3400603,0.75931805
5106,36.966488,0.0,24.771156,43.322353,0.0009540384,0.0,0.3463289,0.759318
5107,43.299,0.0,17.379965,43.322315,0.00083103566,0.0,0.31206667,0.75931597
5108,33.470036,0.0,45.310303,43.322258,0.0011617781,0.0,0.31539518,0.75931406
5109,32.39244,0.0,49.35831,43.322155,0.0010114771,0.0,0.32819948,0.7593125
5110,42.113205,0.0,23.139223,43.3221,0.001023072,0.0,0.31038845,0.759311
5111,22.1203,0.0,18.850273,43.322094,0.00080988184,0.0,0.30305824,0.75930953
5112,25.44256,0.0,24.850391,43.32207,0.0009133342,0.0,0.32811958,0.75930804
5113,36.398354,0.0,23.605953,43.322075,0.00088722276,0.0,0.3349049,0.75930667
5114,37.301487,0.0,24.494751,43.32209,0.0009737131,0.0,0.3154505,0.75930524
5115,40.525536,0.0,23.75493,43.322155,0.0009332082,0.0,0.3216464,0.75930357
5116,31.674625,0.0,19.929626,43.322224,0.0008561197,0.0,0.3512387,0.7593021
5117,43.061794,0.0,31.040606,43.32229,0.00089177815,0.0,0.29091272,0.7593084
5118,60.890503,0.0,29.25559,43.322342,0.0010705551,0.0,0.3396717,0.7593141
5119,32.87103,0.0,33.069736,43.322353,0.00095062883,0.0,0.31047702,0.7593193
5120,39.844578,0.0,20.629625,43.32239,0.000879952,0.0,0.31410158,0.7593238
5121,42.838947,0.0,38.982323,43.322422,0.0008620671,0.0,0.298508,0.7593278
5122,42.91796,0.0,22.245193,43.322456,0.001390694,0.0,0.30364212,0.75933224
5123,27.78322,0.0,24.248734,43.322525,0.0009733487,0.0,0.31335542,0.7593374
5124,43.81536,0.0,26.270756,43.322575,0.0009841758,0.0,0.32945573,0.759342
5125,26.448603,0.0,17.185598,43.32262,0.0013065343,0.0,0.32087132,0.759346
5126,40.112206,0.0,20.316242,43.322666,0.00155582,0.0,0.33733782,0.7593529
5127,40.56186,0.0,26.504011,43.322735,0.0011357246,0.0,0.30286035,0.7593592
5128,49.423267,0.0,29.925142,43.322758,0.001130157,0.0,0.32716823,0.7593648
5129,31.817793,0.0,17.192461,43.322815,0.00097273604,0.0,0.31178987,0.7593694
5130,40.491722,0.0,27.252438,43.32288,0.0013328455,0.0,0.3523805,0.7593734
5131,62.395485,0.0,20.360922,43.322906,0.0008990105,0.0,0.31094798,0.75937694
5132,34.209625,0.0,19.87858,43.32293,0.0010544349,0.0,0.3441519,0.7593799
5133,38.85329,0.0,24.051579,43.32297,0.0012096972,0.0,0.31185216,0.7593843
5134,38.283028,0.0,20.737143,43.323063,0.0012252621,0.0,0.33492404,0.7593944
5135,33.911003,0.0,26.663134,43.32314,0.00090295216,0.0,0.29576337,0.7594034
5136,34.274868,0.0,34.79878,43.323174,0.0012006862,0.0,0.28377318,0.7594116
5137,36.516006,0.0,20.495804,43.323204,0.001229645,0.0,0.31932595,0.7594188
5138,43.773968,0.0,15.86638,43.323246,0.0009134904,0.0,0.34390387,0.7594252
5139,49.36384,0.0,27.08813,43.323288,0.0013667138,0.0,0.31037265,0.7594309
5140,36.72421,0.0,29.011702,43.323334,0.00083815306,0.0,0.29750818,0.759436
5141,34.434067,0.0,22.524143,43.32336,0.0009748966,0.0,0.3112756,0.7594404
5142,38.225056,0.0,18.794891,43.323425,0.00088002504,0.0,0.323189,0.7594443
5143,39.022465,0.0,17.210281,43.3235,0.0008112746,0.0,0.31110883,0.75944644
5144,30.592207,0.0,20.175335,43.32356,0.0009794579,0.0,0.3154145,0.75944823
5145,35.09296,0.0,21.438896,43.32361,0.0013091912,0.0,0.32548535,0.7594498
5146,28.126669,0.0,17.83098,43.32368,0.001168119,0.0,0.3573495,0.7594511
5147,21.578085,0.0,18.242966,43.32374,0.0011606899,0.0,0.33276597,0.7594521
5148,58.697605,0.0,29.150248,43.323757,0.00072424335,0.0,0.31879076,0.7594528
5149,44.642025,0.0,22.285978,43.323772,0.0008780047,0.0,0.31647533,0.7594531
5150,31.057934,0.0,33.6462,43.323784,0.0009186244,0.0,0.34075737,0.7594534
5151,45.457397,0.0,17.618637,43.32374,0.0011405336,0.0,0.30359557,0.7594534
5152,35.7033,0.0,22.918318,43.323677,0.0008986163,0.0,0.32113248,0.7594533
5153,30.739613,0.0,20.332203,43.323593,0.0011070143,0.0,0.30760354,0.759453
5154,32.54083,0.0,24.414251,43.323513,0.0010303565,0.0,0.30843472,0.75945276
5155,38.76379,0.0,18.073324,43.323456,0.0012477378,0.0,0.30056942,0.7594522
5156,44.007755,0.0,19.09615,43.323406,0.0006725795,0.0,0.3132779,0.7594517
5157,50.072956,0.0,24.135256,43.3234,0.0010845107,0.0,0.3120854,0.759451
5158,47.35919,0.0,28.047573,43.323433,0.0010186505,0.0,0.34577847,0.75945026
5159,56.858944,0.0,28.36404,43.323383,0.00081658165,0.0,0.30248192,0.7594495
5160,38.167053,0.0,58.381126,43.323322,0.0009663689,0.0,0.3002059,0.7594487
5161,47.087086,0.0,33.76027,43.323338,0.0012062225,0.0,0.31790704,0.7594479
5162,52.205917,0.0,20.782503,43.323353,0.0011881212,0.0,0.32346594,0.75944805
5163,46.84246,0.0,59.41168,43.323357,0.0010303974,0.0,0.31913453,0.759448
5164,28.960003,0.0,31.802526,43.323402,0.0009428302,0.0,0.32484767,0.7594479
5165,45.145313,0.0,30.598772,43.32348,0.0010844483,0.0,0.34562021,0.75944746
5166,32.02394,0.0,34.30182,43.32359,0.0013492557,0.0,0.3203429,0.7594455
5167,54.955467,0.0,31.905859,43.323658,0.0011294641,0.0,0.3452624,0.7594436
5168,47.336693,0.0,20.417795,43.3237,0.00087018555,0.0,0.30142772,0.7594418
5169,37.364475,0.0,23.766352,43.323715,0.0009081232,0.0,0.30073962,0.7594401
5170,41.938107,0.0,20.32173,43.323654,0.0010403042,0.0,0.2971249,0.7594385
5171,47.752598,0.0,21.156265,43.323578,0.0012103331,0.0,0.33568877,0.7594369
5172,46.453854,0.0,35.542976,43.3235,0.0009052357,0.0,0.3394718,0.7594352
5173,27.553125,0.0,36.826107,43.3234,0.0010153657,0.0,0.33115026,0.7594348
5174,39.847046,0.0,21.992407,43.323288,0.0009555421,0.0,0.3087154,0.75943434
5175,39.28888,0.0,16.737751,43.32318,0.0011731528,0.0,0.33649272,0.7594338
5176,57.322857,0.0,29.014452,43.323112,0.0008592416,0.0,0.30413932,0.7594331
5177,51.166317,0.0,26.883047,43.323063,0.0011305746,0.0,0.3060152,0.7594324
5178,51.951508,0.0,15.757116,43.32303,0.0014353478,0.0,0.3455139,0.7594317
5179,27.910028,0.0,23.993366,43.323,0.0010012748,0.0,0.32053158,0.7594308
5180,48.03784,0.0,34.007244,43.322987,0.0011470787,0.0,0.30501002,0.7594303
5181,35.43666,0.0,27.929457,43.322956,0.0010695648,0.0,0.28448045,0.7594297
5182,30.26541,0.0,29.405941,43.32298,0.0010527242,0.0,0.30882847,0.7594289
5183,47.29055,0.0,20.258223,43.323006,0.0011000484,0.0,0.3121806,0.7594281
5184,48.665318,0.0,22.338362,43.323,0.0012370558,0.0,0.29270568,0.7594273
5185,38.300365,0.0,27.459223,43.323,0.0010574776,0.0,0.34453028,0.75942636
5186,28.129786,0.0,19.527588,43.323036,0.0008383659,0.0,0.31159022,0.7594254
5187,34.725464,0.0,16.95926,43.32308,0.0008593652,0.0,0.31743163,0.7594244
5188,41.096592,0.0,26.312046,43.323097,0.0010818879,0.0,0.31802103,0.7594231
5189,34.083088,0.0,17.603193,43.32312,0.001081249,0.0,0.290931,0.75943
5190,44.70084,0.0,18.624104,43.323135,0.0021300693,0.0,0.3143043,0.759436
5191,32.43267,0.0,46.037197,43.323166,0.0012026055,0.0,0.3563608,0.75944144
5192,34.981552,0.0,19.59259,43.323208,0.00094674825,0.0,0.33710557,0.7594462
5193,53.305637,0.0,20.189629,43.32322,0.0008557448,0.0,0.31317005,0.75945044
5194,32.128407,0.0,19.736063,43.323208,0.0012938873,0.0,0.31150293,0.75945413
5195,53.881584,0.0,24.393559,43.323174,0.0013396441,0.0,0.31236944,0.75945723
5196,40.494972,0.0,18.119251,43.323135,0.0011384492,0.0,0.30008763,0.7594599
5197,42.753597,0.0,32.29776,43.323093,0.0014906337,0.0,0.32906726,0.7594626
5198,38.957848,0.0,25.915895,43.323063,0.0011830146,0.0,0.35110426,0.7594661
5199,32.96554,0.0,29.519264,43.322983,0.0010692722,0.0,0.29722074,0.75947064
5200,57.56292,0.0,27.152575,43.32294,0.0008404652,0.0,0.3098934,0.75947416
5201,44.52448,0.0,17.240845,43.32288,0.0011782962,0.0,0.32199624,0.7594774
5202,47.12063,0.0,23.540483,43.32284,0.0008134364,0.0,0.30233523,0.7594801
5203,46.67438,0.0,24.524645,43.32283,0.0013607437,0.0,0.33911097,0.7594825
5204,37.26198,0.0,28.995935,43.322807,0.00081728626,0.0,0.30393597,0.75948554
5205,24.712147,0.0,27.7549,43.322796,0.0011058089,0.0,0.29894137,0.75948834
5206,42.45687,0.0,19.987526,43.322754,0.0010995205,0.0,0.32827276,0.7594897
5207,42.960415,0.0,26.758642,43.32273,0.0007984992,0.0,0.30732253,0.75949097
5208,42.74624,0.0,17.150938,43.322735,0.00090500247,0.0,0.32277694,0.75949204
5209,39.927994,0.0,23.908825,43.32277,0.0010734238,0.0,0.29883042,0.7594929
5210,29.653616,0.0,34.086468,43.3228,0.0013788186,0.0,0.26997113,0.7594876
5211,47.039284,0.0,23.85395,43.322838,0.0012083881,0.0,0.29796416,0.7594828
5212,27.187637,0.0,21.04206,43.322826,0.001046569,0.0,0.31616324,0.75947833
5213,70.53931,0.0,24.62052,43.32283,0.0011042631,0.0,0.30481228,0.75947434
5214,55.371525,0.0,14.920615,43.322834,0.0012192329,0.0,0.30734497,0.7594705
5215,27.050577,0.0,20.744564,43.322834,0.0011301986,0.0,0.29000175,0.759467
5216,35.739902,0.0,24.623579,43.322857,0.0010320232,0.0,0.32815266,0.7594638
5217,40.985855,0.0,28.883049,43.322838,0.0012994141,0.0,0.33302814,0.7594606
5218,50.09752,0.0,34.64214,43.32282,0.0009073025,0.0,0.3278036,0.75945777
5219,31.912886,0.0,30.615755,43.322803,0.0010879186,0.0,0.32814467,0.7594539
5220,32.3966,0.0,28.458614,43.322754,0.00071176304,0.0,0.33329076,0.7594505
5221,34.49177,0.0,18.935953,43.322742,0.0016009042,0.0,0.30512327,0.75944686
5222,25.51692,0.0,25.455921,43.32274,0.0012083179,0.0,0.3329098,0.75944364
5223,40.009377,0.0,28.26681,43.32274,0.0010537573,0.0,0.30179912,0.7594406
5224,26.255686,0.0,26.197992,43.32279,0.0010685867,0.0,0.3119308,0.75943774
5225,44.00603,0.0,23.50506,43.322857,0.001215962,0.0,0.336308,0.75943494
5226,38.048668,0.0,21.130816,43.323,0.0010805409,0.0,0.3256224,0.7594324
5227,32.326717,0.0,25.043913,43.323147,0.0010959907,0.0,0.30273807,0.75942993
5228,62.515236,0.0,20.36809,43.32333,0.0010282188,0.0,0.34051356,0.7594275
5229,33.817772,0.0,35.589878,43.323483,0.0008930398,0.0,0.31504464,0.75942516
5230,31.797737,0.0,41.049866,43.32359,0.0008342128,0.0,0.33422482,0.759423
5231,38.05167,0.0,15.681893,43.32371,0.0011105251,0.0,0.34661484,0.7594202
5232,49.7923,0.0,15.61476,43.323833,0.00093008176,0.0,0.34072158,0.7594176
5233,48.6142,0.0,29.785028,43.32394,0.0007737099,0.0,0.34222907,0.7594151
5234,50.325905,0.0,19.371435,43.324,0.0010177576,0.0,0.3180173,0.7594129
5235,34.42377,0.0,19.4732,43.32407,0.0012414537,0.0,0.30385453,0.7594105
5236,55.66247,0.0,25.762589,43.324104,0.0012270438,0.0,0.34250635,0.75940835
5237,34.828598,0.0,23.066702,43.324158,0.0009236833,0.0,0.32612425,0.7594062
5238,41.757454,0.0,24.448107,43.32421,0.001075174,0.0,0.3225919,0.7593978
5239,60.847576,0.0,17.82801,43.324245,0.0010486287,0.0,0.32090795,0.7593902
5240,30.17528,0.0,27.677925,43.324284,0.0010962001,0.0,0.30127883,0.7593832
5241,29.479143,0.0,17.277248,43.32431,0.000948959,0.0,0.31171328,0.75937694
5242,34.74153,0.0,23.955309,43.324326,0.0011757027,0.0,0.3163988,0.7593712
5243,43.493843,0.0,19.169561,43.324333,0.0011290226,0.0,0.30548236,0.7593659
5244,33.820946,0.0,17.115377,43.32436,0.00085783296,0.0,0.28702822,0.75936097
5245,40.01336,0.0,16.133713,43.324398,0.0009701807,0.0,0.31734014,0.7593561
5246,41.93939,0.0,22.571522,43.32446,0.0010033096,0.0,0.3408936,0.75935185
5247,51.14127,0.0,22.31792,43.324528,0.0008696421,0.0,0.34089535,0.7593478
5248,35.794872,0.0,19.054306,43.32457,0.00087412604,0.0,0.323276,0.75934416
5249,34.690567,0.0,21.58038,43.324627,0.00081330974,0.0,0.33098692,0.75934076
5250,41.78842,0.0,18.689348,43.32461,0.0009734411,0.0,0.30568105,0.7593374
5251,40.213223,0.0,34.327435,43.3246,0.00095937634,0.0,0.30998036,0.7593344
5252,41.528126,0.0,18.069252,43.32455,0.0009392168,0.0,0.30435953,0.7593336
5253,28.7537,0.0,29.063581,43.324524,0.0010102738,0.0,0.31506544,0.75933284
5254,29.140673,0.0,19.68468,43.324554,0.0009892955,0.0,0.3257395,0.7593325
5255,30.89827,0.0,16.966448,43.324562,0.0010053898,0.0,0.33532375,0.7593345
5256,38.11643,0.0,23.278593,43.324593,0.0009547388,0.0,0.33181572,0.7593364
5257,57.926033,0.0,14.595176,43.32463,0.00148484,0.0,0.34784445,0.7593379
5258,33.53995,0.0,15.763877,43.324665,0.0010041989,0.0,0.30935836,0.75933915
5259,31.698961,0.0,19.15021,43.32472,0.0010026302,0.0,0.310883,0.75934005
5260,58.28642,0.0,21.171396,43.324757,0.0011385673,0.0,0.3148633,0.75933814
5261,29.044193,0.0,21.100887,43.32478,0.001032908,0.0,0.31652975,0.75933295
5262,40.74719,0.0,20.667402,43.32483,0.000945871,0.0,0.34643075,0.759328
5263,34.068016,0.0,18.745907,43.32482,0.00095048815,0.0,0.322356,0.7593234
5264,41.65166,0.0,18.030859,43.324825,0.00088206236,0.0,0.32707986,0.75931937
5265,39.57355,0.0,15.017246,43.324818,0.0017198035,0.0,0.2997446,0.7593153
5266,38.42421,0.0,21.724138,43.32481,0.0013512147,0.0,0.31843314,0.7593118
5267,22.6372,0.0,17.935188,43.324818,0.0010492707,0.0,0.30576265,0.75930846
5268,43.373047,0.0,14.375904,43.32481,0.000964607,0.0,0.3244122,0.7593053
5269,40.766487,0.0,16.478228,43.324814,0.0010583317,0.0,0.3153957,0.7593023
5270,44.006477,0.0,14.141034,43.32485,0.0010175317,0.0,0.32508588,0.75929904
5271,30.658587,0.0,25.666908,43.32488,0.0012831481,0.0,0.33579907,0.759296
5272,44.639748,0.0,20.095692,43.324936,0.0008203319,0.0,0.31581327,0.75929314
5273,42.312523,0.0,24.845417,43.32499,0.0011494982,0.0,0.31772673,0.7592904
5274,48.301514,0.0,18.998064,43.325047,0.0012324157,0.0,0.3213783,0.75928783
5275,38.144444,0.0,19.72592,43.325073,0.0012854089,0.0,0.3241971,0.75928533
5276,27.311665,0.0,23.06114,43.32508,0.0011702457,0.0,0.33056116,0.75928557
5277,41.512783,0.0,15.838031,43.325077,0.0008931213,0.0,0.28602967,0.7592856
5278,31.29152,0.0,20.32948,43.325077,0.00085955055,0.0,0.33113798,0.7592856
5279,22.993587,0.0,21.545128,43.325035,0.0010489448,0.0,0.3230074,0.7592854
5280,46.36053,0.0,18.42423,43.324997,0.0009969043,0.0,0.33532757,0.7592852
5281,24.16884,0.0,20.870993,43.32497,0.0010983979,0.0,0.31210554,0.75928473
5282,46.66028,0.0,22.46726,43.324955,0.0010255221,0.0,0.33330238,0.75928426
5283,39.059395,0.0,14.363918,43.32499,0.001223885,0.0,0.3055795,0.75928396
5284,72.84151,0.0,23.475784,43.325027,0.00085188716,0.0,0.3001264,0.7592836
5285,38.12153,0.0,21.893972,43.325115,0.0008010922,0.0,0.32800192,0.7592832
5286,37.512608,0.0,17.157722,43.32518,0.0014586654,0.0,0.33848676,0.7592827
5287,27.822966,0.0,19.425444,43.325237,0.0008709651,0.0,0.2762131,0.7592822
5288,26.440485,0.0,28.181438,43.325314,0.000950741,0.0,0.3364335,0.7592816
5289,44.351173,0.0,17.338125,43.325344,0.00094917044,0.0,0.28150922,0.7592809
5290,25.050365,0.0,19.169567,43.32534,0.0009780186,0.0,0.33878756,0.75928026
5291,43.833797,0.0,26.896778,43.325314,0.0010587962,0.0,0.31219447,0.75927955
5292,40.3719,0.0,33.131958,43.325283,0.00087770395,0.0,0.31661218,0.75927866
5293,38.383343,0.0,25.661543,43.32527,0.0015660932,0.0,0.28827783,0.75927776
5294,39.036026,0.0,22.868526,43.325264,0.0008899496,0.0,0.3500244,0.7592767
5295,37.26798,0.0,22.217424,43.32526,0.0009255229,0.0,0.30424225,0.75927573
5296,23.80374,0.0,29.215487,43.32529,0.0010295575,0.0,0.30650264,0.75927466
5297,28.148115,0.0,17.920918,43.325348,0.0010017636,0.0,0.32402766,0.7592735
5298,41.203648,0.0,23.859322,43.325397,0.0010371788,0.0,0.33034027,0.7592724
5299,75.021065,0.0,28.389729,43.32545,0.0010934856,0.0,0.32848924,0.7592715
5300,32.91013,0.0,21.000645,43.32549,0.0015888427,0.0,0.30913386,0.75927055
5301,38.351627,0.0,19.020798,43.325497,0.0011891734,0.0,0.32871923,0.7592695
5302,33.79004,0.0,23.109526,43.32554,0.0008775443,0.0,0.30430153,0.7592684
5303,30.678715,0.0,25.9125,43.32557,0.0011206716,0.0,0.3052613,0.7592673
5304,32.10936,0.0,15.507794,43.3256,0.00082584115,0.0,0.28691506,0.75926614
5305,42.024765,0.0,22.150663,43.325615,0.00093156955,0.0,0.37266266,0.7592648
5306,58.817196,0.0,30.455236,43.32563,0.0009666006,0.0,0.33089387,0.7592637
5307,36.46669,0.0,15.188295,43.325676,0.0009682331,0.0,0.33337545,0.75926244
5308,50.675896,0.0,14.342093,43.325714,0.002021364,0.0,0.28878707,0.75926125
5309,41.604282,0.0,21.72872,43.325737,0.0008313771,0.0,0.3156436,0.7592599
5310,41.67445,0.0,22.394136,43.325752,0.0010566106,0.0,0.30867535,0.7592586
5311,41.247566,0.0,23.75269,43.325733,0.0013757867,0.0,0.33279148,0.7592572
5312,37.02798,0.0,11.7675085,43.325645,0.0009588419,0.0,0.3342865,0.7592559
5313,27.229301,0.0,18.992697,43.325558,0.0009752416,0.0,0.35804972,0.7592545
5314,33.31412,0.0,17.733534,43.325447,0.0009165343,0.0,0.32474306,0.7592536
5315,45.214973,0.0,32.590702,43.325356,0.0011903637,0.0,0.32298326,0.75925267
5316,41.317554,0.0,29.36915,43.32527,0.0011410795,0.0,0.30017757,0.75925165
5317,42.3274,0.0,25.87275,43.325214,0.00090499595,0.0,0.33055913,0.75925
5318,50.3614,0.0,19.382284,43.32511,0.00093308854,0.0,0.3073419,0.7592484
5319,57.25116,0.0,24.125996,43.32502,0.00088601315,0.0,0.32566524,0.7592469
5320,39.485863,0.0,39.157383,43.324966,0.00084294996,0.0,0.2737284,0.7592455
5321,55.003464,0.0,29.26953,43.324966,0.0010889478,0.0,0.32142484,0.7592441
5322,39.875763,0.0,23.794552,43.32497,0.0012894457,0.0,0.32811213,0.7592426
5323,29.702112,0.0,28.53902,43.324955,0.001247124,0.0,0.2996233,0.75924104
5324,48.705498,0.0,25.03976,43.324936,0.0011135535,0.0,0.3193072,0.75923955
5325,28.561651,0.0,16.993395,43.32497,0.0011319227,0.0,0.3334266,0.75923795
5326,42.322712,0.0,37.142338,43.325024,0.0017905328,0.0,0.3232327,0.75924367
5327,31.981546,0.0,21.59862,43.3251,0.001106712,0.0,0.3105729,0.7592491
5328,64.19275,0.0,16.206032,43.325172,0.0010642115,0.0,0.29712245,0.75925386
5329,41.6944,0.0,30.073364,43.32525,0.0007873293,0.0,0.3069343,0.7592581
5330,36.97604,0.0,20.08757,43.325348,0.0008585401,0.0,0.29136723,0.7592618
5331,51.326344,0.0,26.09047,43.325436,0.0011535008,0.0,0.347785,0.759265
5332,39.43798,0.0,23.026003,43.325535,0.00078739156,0.0,0.3053447,0.7592677
5333,61.84566,0.0,26.367907,43.325645,0.0010474809,0.0,0.33417973,0.7592701
5334,36.784172,0.0,12.97353,43.32578,0.001331392,0.0,0.31432214,0.75927204
5335,28.95102,0.0,20.280428,43.325874,0.0015560075,0.0,0.3231181,0.7592736
5336,43.16481,0.0,25.612644,43.325954,0.001171784,0.0,0.344076,0.75927246
5337,40.029182,0.0,32.840252,43.326008,0.0010884381,0.0,0.35068297,0.75927126
5338,33.738033,0.0,20.041859,43.326042,0.0012701536,0.0,0.3421166,0.7592701
5339,32.45077,0.0,15.282735,43.32606,0.0007960556,0.0,0.32362354,0.7592693
5340,30.157486,0.0,75.05289,43.326065,0.0011072973,0.0,0.28319943,0.75926846
5341,42.82627,0.0,35.035126,43.325966,0.0016281864,0.0,0.31242403,0.75926757
5342,78.075264,0.0,20.741623,43.325836,0.0010854634,0.0,0.30843228,0.75926656
5343,36.25461,0.0,20.296797,43.3257,0.0010050924,0.0,0.3042477,0.75926554
5344,28.384298,0.0,26.263683,43.325542,0.0010879266,0.0,0.3408913,0.7592645
5345,56.43821,0.0,22.50865,43.32539,0.0010869468,0.0,0.32065088,0.7592634
5346,36.733936,0.0,17.423058,43.32523,0.0011758375,0.0,0.31326306,0.7592622
5347,40.656998,0.0,20.052065,43.32507,0.0012374882,0.0,0.30947375,0.7592611
5348,49.952984,0.0,18.393503,43.324947,0.0013571363,0.0,0.38219237,0.7592599
5349,29.47276,0.0,39.99858,43.32485,0.0010153933,0.0,0.3150963,0.75925857
5350,42.574722,0.0,31.625122,43.32481,0.0010189642,0.0,0.3193571,0.7592528
5351,57.994205,0.0,20.78731,43.324783,0.0011348919,0.0,0.3350626,0.7592474
5352,84.30809,0.0,17.949255,43.324764,0.0013829833,0.0,0.31792325,0.7592428
5353,46.65507,0.0,20.090803,43.32474,0.00088033656,0.0,0.3036934,0.7592385
5354,41.075706,0.0,25.49154,43.32474,0.0012969864,0.0,0.30489564,0.7592331
5355,35.64042,0.0,27.091085,43.324738,0.0010918679,0.0,0.30617827,0.75922835
5356,28.131279,0.0,20.42484,43.324757,0.00087948947,0.0,0.3055014,0.7592241
5357,28.997387,0.0,44.861607,43.3248,0.0010597042,0.0,0.3414845,0.75922006
5358,32.987778,0.0,22.134745,43.324783,0.0011675057,0.0,0.33078977,0.75921625
5359,32.089397,0.0,17.54859,43.324783,0.0008100799,0.0,0.33430678,0.75921273
5360,43.170467,0.0,29.816067,43.324795,0.00092877564,0.0,0.31591335,0.7592095
5361,33.505695,0.0,18.260157,43.324787,0.0011997411,0.0,0.3762737,0.75920737
5362,40.725048,0.0,26.863207,43.32477,0.0010561494,0.0,0.32446027,0.7592054
5363,37.708904,0.0,26.111582,43.32475,0.0008901052,0.0,0.34212446,0.7592035
5364,51.52588,0.0,19.2172,43.324768,0.0008784825,0.0,0.3236146,0.7592017
5365,35.74746,0.0,17.751055,43.324738,0.0010545286,0.0,0.3373341,0.7591998
5366,37.51518,0.0,19.7371,43.324726,0.0009375854,0.0,0.285689,0.759198
5367,50.486305,0.0,24.407715,43.324677,0.0015750829,0.0,0.28829408,0.7591961
5368,47.82279,0.0,31.308342,43.3246,0.0011280155,0.0,0.32773265,0.7591944
5369,51.639973,0.0,24.567278,43.324493,0.0011002077,0.0,0.3028323,0.7591926
5370,29.286177,0.0,18.638605,43.324432,0.0012869863,0.0,0.3042346,0.75919086
5371,40.315914,0.0,13.544683,43.3244,0.001171597,0.0,0.313576,0.7591892
5372,57.17803,0.0,20.529545,43.324375,0.0010824421,0.0,0.33961695,0.7591875
5373,39.01876,0.0,20.234028,43.32436,0.0010687523,0.0,0.29467,0.7591858
5374,40.625107,0.0,23.50766,43.324352,0.0011742589,0.0,0.298372,0.75918436
5375,27.536251,0.0,16.179195,43.324287,0.00105188,0.0,0.29008394,0.75918293
5376,30.323792,0.0,19.143988,43.32422,0.0009822411,0.0,0.2889217,0.7591815
5377,28.181131,0.0,13.152279,43.32415,0.001237578,0.0,0.28547513,0.7591804
5378,29.293604,0.0,17.92929,43.324093,0.00112266,0.0,0.30848137,0.75917923
5379,26.503414,0.0,29.200928,43.32405,0.00089025823,0.0,0.33425444,0.7591781
5380,37.84887,0.0,18.99188,43.324028,0.0011569936,0.0,0.30881655,0.7591769
5381,39.992588,0.0,20.960197,43.32403,0.0012320378,0.0,0.31717256,0.7591757
5382,34.009148,0.0,20.60451,43.324047,0.0012703392,0.0,0.32190156,0.7591744
5383,27.895494,0.0,15.615737,43.32407,0.0009458474,0.0,0.3258059,0.7591732
5384,37.76051,0.0,29.97157,43.324104,0.0009781835,0.0,0.30190063,0.75917184
5385,36.050076,0.0,17.96208,43.32411,0.0008954976,0.0,0.31828904,0.75917095
5386,32.1131,0.0,18.637129,43.324154,0.0011295027,0.0,0.32471555,0.7591699
5387,31.362627,0.0,21.3817,43.324196,0.0011921548,0.0,0.2972307,0.7591688
5388,30.06064,0.0,26.1929,43.3242,0.0011956708,0.0,0.305048,0.7591677
5389,37.644382,0.0,24.423786,43.32417,0.0010040788,0.0,0.30235726,0.75916433
5390,45.259666,0.0,35.710293,43.324177,0.0011465366,0.0,0.33879933,0.7591613
5391,27.642714,0.0,27.112762,43.324234,0.0012070927,0.0,0.32038507,0.7591584
5392,36.84513,0.0,19.114523,43.32431,0.0010334754,0.0,0.30052328,0.75915587
5393,49.782852,0.0,25.147205,43.324368,0.00077591225,0.0,0.32484818,0.7591543
5394,33.14664,0.0,19.822657,43.324425,0.0011724723,0.0,0.33102515,0.7591529
5395,70.54188,0.0,20.072693,43.32448,0.0011784995,0.0,0.307221,0.7591514
5396,35.12994,0.0,17.971174,43.32456,0.0011022629,0.0,0.32731774,0.75915134
5397,49.050552,0.0,18.427954,43.32465,0.0011970506,0.0,0.3203708,0.75915104
5398,31.933077,0.0,17.13641,43.324673,0.0014840806,0.0,0.32769895,0.7591507
5399,30.942427,0.0,28.854921,43.3247,0.0010457612,0.0,0.32301423,0.7591506
5400,31.95288,0.0,29.312593,43.324722,0.0011703189,0.0,0.30416858,0.75914985
5401,40.44007,0.0,22.914518,43.324757,0.0008709274,0.0,0.32521355,0.7591492
5402,51.646687,0.0,28.436653,43.324787,0.0010459095,0.0,0.31314325,0.7591484
5403,27.767263,0.0,26.068111,43.32475,0.0013105283,0.0,0.30493522,0.75914747
5404,30.2832,0.0,16.086939,43.324707,0.0010113514,0.0,0.3203183,0.7591485
5405,26.385134,0.0,23.748774,43.324673,0.0011099209,0.0,0.31683424,0.7591491
5406,31.243362,0.0,30.212158,43.324646,0.00089515134,0.0,0.30302006,0.7591496
5407,46.13276,0.0,18.16916,43.324623,0.0009880656,0.0,0.3071132,0.7591499
5408,37.961456,0.0,24.525602,43.324604,0.0009636916,0.0,0.3331626,0.75915
5409,34.009228,0.0,27.72056,43.324554,0.0009981543,0.0,0.29689473,0.7591501
5410,42.81889,0.0,24.020012,43.324497,0.0010456895,0.0,0.32571608,0.7591499
5411,33.72996,0.0,26.119192,43.324474,0.0012485315,0.0,0.339135,0.7591495
5412,56.12763,0.0,19.792606,43.324417,0.0016015042,0.0,0.33249554,0.7591496
5413,41.232803,0.0,16.937,43.324375,0.0010218979,0.0,0.34335804,0.7591495
5414,39.10941,0.0,20.451155,43.32433,0.0008773782,0.0,0.320076,0.75914925
5415,38.20638,0.0,38.929035,43.32427,0.00094946334,0.0,0.32517636,0.7591489
5416,44.836582,0.0,36.346245,43.32424,0.0011425607,0.0,0.3135845,0.7591485
5417,51.946655,0.0,35.049576,43.324104,0.0011793644,0.0,0.3181416,0.75914794
5418,63.510303,0.0,30.626574,43.32404,0.0009365963,0.0,0.32889515,0.75914735
5419,70.21448,0.0,22.750252,43.32397,0.0008492919,0.0,0.3401047,0.75914663
5420,28.359991,0.0,22.68297,43.323917,0.001082056,0.0,0.33275285,0.7591457
5421,55.032906,0.0,27.461824,43.32384,0.0010927005,0.0,0.28385708,0.75914466
5422,32.127106,0.0,44.258488,43.323757,0.0021321662,0.0,0.30507153,0.75914353
5423,54.09934,0.0,26.059954,43.323753,0.0007272073,0.0,0.32460427,0.75914246
5424,31.259293,0.0,41.12033,43.32375,0.0010387369,0.0,0.32065427,0.7591413
5425,31.556095,0.0,30.651445,43.323772,0.001127954,0.0,0.31587195,0.75914
5426,31.134537,0.0,22.20189,43.32383,0.0011875377,0.0,0.34058237,0.7591396
5427,45.331295,0.0,20.279833,43.323864,0.00090627547,0.0,0.33429182,0.7591389
5428,36.525715,0.0,18.342451,43.32391,0.0012284038,0.0,0.3518693,0.7591381
5429,34.055866,0.0,18.906382,43.323944,0.0010671786,0.0,0.31546402,0.7591373
5430,57.46463,0.0,19.204512,43.32394,0.0013897208,0.0,0.32384902,0.7591387
5431,41.152683,0.0,33.9973,43.323963,0.0010145957,0.0,0.2977208,0.75913876
5432,42.69261,0.0,18.454672,43.324028,0.0011587682,0.0,0.33290946,0.7591387
5433,37.530704,0.0,19.443062,43.324078,0.0010465996,0.0,0.31849957,0.7591386
5434,40.88129,0.0,22.551973,43.32416,0.0011123903,0.0,0.3042212,0.7591384
5435,40.597153,0.0,25.067709,43.324238,0.0009756539,0.0,0.2915776,0.75913817
5436,24.138783,0.0,16.67144,43.324295,0.000994237,0.0,0.30436218,0.7591378
5437,46.75996,0.0,22.74344,43.32434,0.00091288483,0.0,0.2739908,0.7591374
5438,35.381485,0.0,19.144943,43.32441,0.0009960214,0.0,0.345174,0.75913686
5439,28.879444,0.0,14.941917,43.324474,0.0011094259,0.0,0.29613903,0.7591363
5440,38.07601,0.0,15.443917,43.32456,0.0013298201,0.0,0.31682968,0.7591356
5441,35.808445,0.0,21.504322,43.32464,0.000979618,0.0,0.36217666,0.7591359
5442,29.253874,0.0,18.554705,43.32471,0.0012960439,0.0,0.31786472,0.75913566
5443,41.545605,0.0,20.328718,43.32474,0.0009276175,0.0,0.32401717,0.7591353
5444,55.40087,0.0,17.867361,43.32475,0.001112155,0.0,0.31017062,0.7591349
5445,58.81873,0.0,27.488708,43.324753,0.0010109119,0.0,0.30365548,0.75913435
5446,35.935703,0.0,21.01689,43.32479,0.0013041681,0.0,0.27322984,0.7591337
5447,67.77368,0.0,16.187412,43.324844,0.0011818263,0.0,0.31528443,0.7591329
5448,61.76884,0.0,67.317856,43.324898,0.0009707731,0.0,0.2956488,0.75913215
5449,33.988358,0.0,14.7286215,43.32496,0.0013228357,0.0,0.31204605,0.75913113
5450,30.6809,0.0,31.202559,43.325,0.0009489119,0.0,0.28424823,0.75913
5451,50.055542,0.0,29.056038,43.325058,0.0010360042,0.0,0.2978034,0.75912887
5452,36.63259,0.0,19.096846,43.325146,0.0012519779,0.0,0.32906035,0.7591277
5453,40.72253,0.0,18.07068,43.325237,0.001176737,0.0,0.28787148,0.75912637
5454,43.472225,0.0,17.481466,43.32532,0.001743324,0.0,0.3447997,0.7591251
5455,29.091568,0.0,21.305323,43.325405,0.0011335064,0.0,0.329938,0.75912374
5456,34.92763,0.0,19.417597,43.32549,0.00087266735,0.0,0.33960864,0.75912243
5457,42.64586,0.0,25.145525,43.32554,0.00089272205,0.0,0.34384137,0.75912166
5458,36.849983,0.0,20.576582,43.325584,0.0012280307,0.0,0.3169629,0.75912076
5459,29.10773,0.0,20.683062,43.32561,0.00095331576,0.0,0.29948586,0.7591198
5460,29.67207,0.0,27.081741,43.325676,0.0010012113,0.0,0.32801956,0.7591188
5461,38.318546,0.0,25.07358,43.32572,0.00078495336,0.0,0.32597327,0.75911784
5462,50.32639,0.0,19.895182,43.32574,0.0011041095,0.0,0.30876905,0.7591167
5463,31.673811,0.0,23.864344,43.32578,0.0011620483,0.0,0.31304774,0.75911564
5464,43.837135,0.0,42.81699,43.325832,0.0010300626,0.0,0.32020697,0.7591143
5465,34.05796,0.0,18.159462,43.325893,0.0011295499,0.0,0.3308055,0.7591082
5466,31.390018,0.0,26.15684,43.325954,0.0008287019,0.0,0.31277487,0.75910246
5467,30.381132,0.0,18.924427,43.32601,0.00084213004,0.0,0.33255488,0.75909734
5468,71.08361,0.0,17.994095,43.32607,0.0014879389,0.0,0.30915624,0.7590924
5469,24.937498,0.0,23.173836,43.326134,0.0006906743,0.0,0.31620097,0.7590877
5470,43.285206,0.0,39.291847,43.32617,0.00084541773,0.0,0.30602023,0.7590833
5471,27.51463,0.0,20.028917,43.32626,0.001317081,0.0,0.3078881,0.75907904
5472,44.56374,0.0,16.874052,43.326336,0.0011820851,0.0,0.31050894,0.7590751
5473,41.241016,0.0,21.751257,43.32642,0.0008686817,0.0,0.31867826,0.7590713
5474,59.845604,0.0,19.680586,43.326504,0.00088245014,0.0,0.30483466,0.7590678
5475,21.7701,0.0,14.147506,43.326546,0.0011101165,0.0,0.31574455,0.7590648
5476,42.47209,0.0,16.64898,43.326565,0.0010161661,0.0,0.36301887,0.7590633
5477,27.633566,0.0,16.512674,43.326553,0.0011628696,0.0,0.30187017,0.75906163
5478,53.208847,0.0,17.400932,43.326538,0.0012080297,0.0,0.3297418,0.7590601
5479,30.049973,0.0,23.35612,43.326523,0.0010267207,0.0,0.29491615,0.75905854
5480,31.704504,0.0,25.682604,43.326515,0.00096839166,0.0,0.34624738,0.7590571
5481,30.126709,0.0,36.913967,43.326496,0.0013004666,0.0,0.29553765,0.7590557
5482,44.579685,0.0,19.82261,43.3265,0.0010326486,0.0,0.31073081,0.7590541
5483,35.808258,0.0,28.519861,43.326523,0.0009324313,0.0,0.30115694,0.75905263
5484,39.384277,0.0,27.511583,43.326576,0.000837251,0.0,0.30355978,0.75905114
5485,45.760395,0.0,19.816893,43.326588,0.000983079,0.0,0.3423733,0.7590496
5486,54.51133,0.0,29.381824,43.32659,0.00085807836,0.0,0.3367018,0.75904465
5487,32.41305,0.0,17.82911,43.326572,0.0010482962,0.0,0.32257062,0.7590431
5488,28.176657,0.0,24.773266,43.326557,0.00088248536,0.0,0.31839386,0.7590416
5489,57.1224,0.0,28.660898,43.326534,0.0014980745,0.0,0.3290212,0.75904006
5490,61.404865,0.0,19.003584,43.32653,0.0009691878,0.0,0.30959946,0.75903857
5491,30.262072,0.0,36.951344,43.326508,0.00081869046,0.0,0.2889549,0.7590371
5492,25.510872,0.0,16.175613,43.326504,0.0013533344,0.0,0.31704798,0.7590356
5493,52.111713,0.0,20.281334,43.326496,0.0011083379,0.0,0.3071379,0.75903887
5494,35.31156,0.0,14.758816,43.326504,0.0010008214,0.0,0.30456874,0.7590416
5495,35.85812,0.0,22.002151,43.326534,0.0010421609,0.0,0.32405454,0.7590441
5496,37.53624,0.0,23.139778,43.32654,0.0009623833,0.0,0.34147936,0.7590462
5497,24.367392,0.0,32.313694,43.326496,0.0009985483,0.0,0.30583537,0.75904787
5498,31.477213,0.0,22.427858,43.326515,0.0009557884,0.0,0.3275473,0.7590494
5499,30.292574,0.0,46.27534,43.326546,0.0012166664,0.0,0.3325947,0.7590506
5500,52.546795,0.0,32.20194,43.326565,0.0007412433,0.0,0.35004282,0.7590515
5501,36.161743,0.0,39.89383,43.32655,0.0011086434,0.0,0.31487745,0.75905216
5502,36.987644,0.0,18.488834,43.326477,0.0008997477,0.0,0.3206541,0.7590526
5503,49.140438,0.0,22.972878,43.326416,0.0009799242,0.0,0.2946908,0.75905275
5504,41.68007,0.0,17.456661,43.32637,0.0008010149,0.0,0.29162037,0.7590536
5505,43.68285,0.0,25.756472,43.3263,0.00078344333,0.0,0.3120948,0.75905406
5506,40.711582,0.0,26.109293,43.326218,0.0011012496,0.0,0.34006238,0.75905436
5507,37.880722,0.0,18.408499,43.326134,0.0008930502,0.0,0.28652397,0.75905454
5508,35.245384,0.0,19.786062,43.326077,0.00072285923,0.0,0.32459402,0.7590545
5509,60.578148,0.0,23.843422,43.326027,0.0011295034,0.0,0.32315296,0.7590485
5510,27.976091,0.0,29.433012,43.32604,0.0008901178,0.0,0.33485788,0.75904363
5511,27.419254,0.0,26.62788,43.326004,0.00087300106,0.0,0.31871217,0.759036
5512,42.73148,0.0,52.53661,43.326015,0.0012732598,0.0,0.29558468,0.75902927
5513,48.8671,0.0,18.836304,43.325962,0.00088009395,0.0,0.29533407,0.7590255
5514,25.63086,0.0,26.374874,43.325928,0.0017462529,0.0,0.2991922,0.75902224
5515,42.976555,0.0,12.726272,43.32594,0.0009457834,0.0,0.32508534,0.75901943
5516,37.684254,0.0,15.704518,43.32596,0.0010151274,0.0,0.3408373,0.7590168
5517,26.238558,0.0,42.29495,43.32599,0.0011799274,0.0,0.31012,0.7590144
5518,50.867935,0.0,17.735394,43.326008,0.0010690116,0.0,0.32000726,0.75901216
5519,34.462864,0.0,30.026138,43.326023,0.00078492553,0.0,0.30869997,0.7590102
5520,45.025665,0.0,26.31779,43.326004,0.001023554,0.0,0.31236604,0.75900847
5521,36.37633,0.0,17.23566,43.325947,0.0010796536,0.0,0.30556083,0.7590066
5522,37.205616,0.0,23.20018,43.325874,0.0009778702,0.0,0.30754763,0.75900483
5523,51.51054,0.0,14.46715,43.325798,0.001107534,0.0,0.29638612,0.7590031
5524,44.47254,0.0,26.115719,43.325745,0.001177364,0.0,0.31962937,0.7590013
5525,47.908302,0.0,24.653786,43.325706,0.0009718148,0.0,0.31724608,0.7589995
5526,30.898336,0.0,27.157568,43.325676,0.0009287195,0.0,0.32942933,0.7589977
5527,35.782673,0.0,31.612326,43.325687,0.0009588561,0.0,0.30245054,0.75899595
5528,56.047485,0.0,24.548018,43.325687,0.00095235463,0.0,0.30099556,0.75899416
5529,30.632002,0.0,23.357271,43.325687,0.0014930551,0.0,0.3143493,0.7589925
5530,50.659916,0.0,34.167854,43.325695,0.0008818363,0.0,0.3025208,0.7589908
5531,38.401375,0.0,14.339738,43.32569,0.0009293555,0.0,0.29997087,0.7589891
5532,35.0571,0.0,25.331036,43.32569,0.0010514108,0.0,0.31238335,0.7589875
5533,18.397264,0.0,15.208972,43.325706,0.0008761771,0.0,0.31376928,0.75898576
5534,48.3058,0.0,28.714523,43.325703,0.0014948699,0.0,0.3133279,0.75898546
5535,39.039696,0.0,29.690722,43.325695,0.0006617269,0.0,0.32320184,0.75898486
5536,30.32052,0.0,21.702274,43.32568,0.0013631544,0.0,0.31500974,0.7589966
5537,42.45825,0.0,27.903063,43.325695,0.0009292482,0.0,0.32206446,0.7590069
5538,29.652405,0.0,24.568302,43.32571,0.0008890007,0.0,0.33579987,0.7590178
5539,30.430786,0.0,40.785423,43.325787,0.0011437846,0.0,0.2981144,0.75902766
5540,48.727776,0.0,20.303638,43.3259,0.0011564244,0.0,0.28311226,0.7590367
5541,34.428925,0.0,29.198547,43.32602,0.0009008092,0.0,0.31969714,0.75904495
5542,44.128574,0.0,25.138817,43.32614,0.0007781144,0.0,0.33396873,0.75905246
5543,31.312593,0.0,15.788007,43.32624,0.0011946188,0.0,0.30286005,0.7590589
5544,45.95948,0.0,23.794924,43.326347,0.0012271671,0.0,0.31757206,0.75906456
5545,33.365967,0.0,22.23646,43.326427,0.0014445278,0.0,0.3293079,0.7590698
5546,26.084826,0.0,28.681192,43.326557,0.0011657368,0.0,0.29802057,0.7590742
5547,42.150383,0.0,18.172813,43.326687,0.0008513908,0.0,0.30478486,0.7590786
5548,43.339436,0.0,22.171782,43.326794,0.0011048323,0.0,0.31181824,0.75908256
5549,39.281525,0.0,21.39342,43.32689,0.0012759322,0.0,0.28695488,0.7590861
5550,20.88003,0.0,21.137924,43.32699,0.0009333815,0.0,0.32067403,0.7590893
5551,56.355576,0.0,18.994574,43.327053,0.0009830174,0.0,0.35744986,0.759092
5552,52.761955,0.0,20.260046,43.327145,0.0012941262,0.0,0.30774432,0.75909436
5553,35.32724,0.0,21.125427,43.327236,0.00092752953,0.0,0.28910476,0.75909626
5554,35.893448,0.0,28.772482,43.32732,0.0008751154,0.0,0.3459123,0.7590979
5555,46.632202,0.0,24.065235,43.327377,0.0010092033,0.0,0.31011182,0.7591015
5556,38.14257,0.0,21.654888,43.327423,0.0009812057,0.0,0.3258261,0.7591046
5557,31.491814,0.0,15.866941,43.327442,0.0010185328,0.0,0.32025105,0.75910723
5558,36.192707,0.0,19.347757,43.32746,0.0010927767,0.0,0.3037047,0.7591049
5559,31.711714,0.0,21.408068,43.32747,0.0010689714,0.0,0.33607122,0.75910276
5560,45.803684,0.0,22.803324,43.327553,0.0012651135,0.0,0.32654446,0.75910276
5561,52.732235,0.0,24.990662,43.327587,0.00096485764,0.0,0.31152305,0.75910336
5562,44.10791,0.0,14.774327,43.327652,0.0013350649,0.0,0.3178602,0.75910395
5563,33.56675,0.0,19.1653,43.32775,0.0009708574,0.0,0.29866976,0.75910443
5564,29.270617,0.0,18.313635,43.327885,0.000927791,0.0,0.2753626,0.75910497
5565,32.52193,0.0,23.14602,43.328,0.0012420751,0.0,0.31978017,0.75910544
5566,41.567116,0.0,21.01058,43.328083,0.0010943568,0.0,0.31461918,0.7591098
5567,33.33543,0.0,22.148315,43.328148,0.001149033,0.0,0.2984898,0.7591138
5568,31.276766,0.0,14.64201,43.32819,0.000912626,0.0,0.3161447,0.75911725
5569,38.919712,0.0,30.724566,43.328213,0.00095298135,0.0,0.31738472,0.75912046
5570,57.360012,0.0,37.841854,43.32824,0.0007782678,0.0,0.29823074,0.7591232
5571,37.148853,0.0,35.068687,43.328194,0.0010997087,0.0,0.31798995,0.75912565
5572,45.347828,0.0,45.547977,43.32815,0.0014491975,0.0,0.30248055,0.7591278
5573,46.302677,0.0,34.72317,43.3282,0.0007831525,0.0,0.3192949,0.7591296
5574,34.533424,0.0,30.144047,43.32823,0.0011287858,0.0,0.28330097,0.75913113
5575,37.74117,0.0,17.419693,43.328297,0.0012036217,0.0,0.3328869,0.75913227
5576,50.809414,0.0,19.693754,43.32837,0.0011140048,0.0,0.34802723,0.7591333
5577,36.82597,0.0,21.44945,43.328426,0.0013686058,0.0,0.35170728,0.759134
5578,35.757328,0.0,26.785572,43.328495,0.0010121108,0.0,0.35843462,0.7591334
5579,28.773697,0.0,30.985395,43.32856,0.001046391,0.0,0.35661325,0.75913274
5580,20.104399,0.0,20.082329,43.32858,0.001199415,0.0,0.3001181,0.759132
5581,40.091736,0.0,23.57321,43.328594,0.0013472738,0.0,0.27238375,0.75913125
5582,47.64423,0.0,27.912706,43.32857,0.0012914999,0.0,0.28765056,0.7591305
5583,25.725761,0.0,22.989357,43.32858,0.0010352337,0.0,0.3077055,0.7591293
5584,39.926888,0.0,29.059155,43.32855,0.0010313619,0.0,0.35315913,0.75912803
5585,32.379883,0.0,23.946981,43.328583,0.00096668326,0.0,0.3028626,0.75912666
5586,42.95149,0.0,29.016054,43.32864,0.0011349351,0.0,0.35665858,0.7591254
5587,32.736877,0.0,21.652971,43.328724,0.0013703423,0.0,0.33162898,0.75912386
5588,41.619545,0.0,28.850964,43.328785,0.0011126779,0.0,0.32510155,0.75912255
5589,28.377777,0.0,16.796886,43.328827,0.0011998576,0.0,0.33766323,0.7591221
5590,30.022486,0.0,30.681267,43.328888,0.0011710231,0.0,0.32816806,0.7591215
5591,34.020847,0.0,35.477734,43.32905,0.0012066755,0.0,0.32262713,0.7591208
5592,27.930803,0.0,27.02463,43.329258,0.0009360458,0.0,0.33667296,0.75912046
5593,49.957268,0.0,22.69375,43.32941,0.0011559653,0.0,0.297291,0.75912
5594,32.63697,0.0,27.03009,43.32957,0.00086883316,0.0,0.3263147,0.75911945
5595,49.381443,0.0,33.258102,43.329712,0.0007645731,0.0,0.34276956,0.7591188
5596,39.98089,0.0,26.137873,43.329845,0.00086862425,0.0,0.36357614,0.75911796
5597,34.09716,0.0,24.60922,43.32992,0.001268025,0.0,0.34283388,0.75911754
5598,49.560333,0.0,32.717075,43.32997,0.0010941783,0.0,0.3398105,0.7591169
5599,32.32104,0.0,34.55988,43.32995,0.00078025105,0.0,0.34787923,0.7591162
5600,40.64444,0.0,24.914381,43.32991,0.00089723757,0.0,0.32962948,0.75911546
5601,40.860104,0.0,23.184341,43.329853,0.00082804513,0.0,0.30724156,0.75911456
5602,42.42483,0.0,27.296635,43.329777,0.0013362862,0.0,0.330675,0.7591137
5603,39.88431,0.0,26.141512,43.329685,0.0010145565,0.0,0.2982074,0.7591128
5604,47.17444,0.0,28.093994,43.32961,0.001003562,0.0,0.33831704,0.75911176
5605,30.298552,0.0,23.957502,43.329548,0.000884874,0.0,0.31815505,0.7591107
5606,29.57303,0.0,22.613573,43.32947,0.0013490205,0.0,0.33244345,0.75910956
5607,37.76872,0.0,23.293282,43.329403,0.00094103743,0.0,0.2995179,0.75910836
5608,37.41129,0.0,42.854156,43.329334,0.00076394016,0.0,0.3185562,0.7591072
5609,28.404074,0.0,40.07761,43.329224,0.0011366578,0.0,0.32132736,0.7591059
5610,29.70054,0.0,26.305496,43.329052,0.0016144027,0.0,0.3377567,0.7591046
5611,39.158283,0.0,23.487022,43.328903,0.0009537664,0.0,0.31259745,0.7591033
5612,40.72911,0.0,28.846544,43.32875,0.00088186143,0.0,0.30257076,0.759102
5613,27.35727,0.0,25.850334,43.328644,0.0010694361,0.0,0.3250118,0.75910217
5614,27.102268,0.0,27.57773,43.328606,0.00086237834,0.0,0.30647847,0.7591021
5615,31.500801,0.0,32.39883,43.328556,0.0010857236,0.0,0.31981474,0.75910306
5616,34.266373,0.0,28.717913,43.328503,0.001032172,0.0,0.28945142,0.7591036
5617,45.337395,0.0,21.756142,43.328484,0.00077830954,0.0,0.3173263,0.759104
5618,50.710922,0.0,20.092585,43.32847,0.001008625,0.0,0.3024028,0.7591043
5619,22.997608,0.0,24.663498,43.328453,0.001258923,0.0,0.31286046,0.75910455
5620,22.42699,0.0,23.17395,43.32842,0.000947242,0.0,0.31851196,0.75910425
5621,44.659363,0.0,21.325964,43.328377,0.0009671174,0.0,0.30593356,0.7591038
5622,28.021399,0.0,26.7079,43.328346,0.0009054033,0.0,0.29671606,0.75910324
5623,30.113464,0.0,28.709063,43.328327,0.00090677664,0.0,0.34031415,0.7591027
5624,49.195915,0.0,19.832767,43.328304,0.00086897606,0.0,0.32137662,0.7591019
5625,49.242252,0.0,23.446728,43.328285,0.0010351305,0.0,0.34127003,0.75910115
5626,39.921597,0.0,22.589813,43.328243,0.0009383251,0.0,0.31839937,0.7590995
5627,41.391903,0.0,37.316605,43.32823,0.00082117633,0.0,0.33455318,0.7590971
5628,32.75178,0.0,29.915363,43.3282,0.0009967755,0.0,0.34124416,0.75909483
5629,28.336853,0.0,21.549639,43.328167,0.0008436354,0.0,0.35189676,0.7590928
5630,45.94886,0.0,35.007442,43.328102,0.0007575952,0.0,0.31316757,0.75909084
5631,29.98873,0.0,18.186396,43.328087,0.001177439,0.0,0.33097076,0.75908893
5632,42.28287,0.0,20.171818,43.3281,0.0007131824,0.0,0.33261955,0.75908715
5633,35.54152,0.0,61.33807,43.32813,0.00077746314,0.0,0.33591413,0.7590853
5634,53.10398,0.0,28.712137,43.32826,0.00075782486,0.0,0.31877694,0.75908357
5635,31.784288,0.0,35.584385,43.328354,0.0012902846,0.0,0.29963788,0.75908184
5636,38.415546,0.0,37.314503,43.328518,0.00096916873,0.0,0.33308372,0.75908023
5637,38.67671,0.0,31.458057,43.32864,0.0010016615,0.0,0.30017975,0.7590786
5638,26.483507,0.0,15.571763,43.328747,0.00095200253,0.0,0.30005366,0.7590771
5639,30.899702,0.0,23.60806,43.32886,0.0009109263,0.0,0.31445175,0.75907546
5640,37.899048,0.0,19.492842,43.32898,0.001383248,0.0,0.3331071,0.7590739
5641,29.240923,0.0,37.407936,43.32907,0.0011260402,0.0,0.31957603,0.7590723
5642,34.31736,0.0,19.881304,43.329136,0.00084592286,0.0,0.2958642,0.7590707
5643,22.321222,0.0,23.241709,43.329185,0.0009369409,0.0,0.311144,0.7590691
5644,41.100994,0.0,27.696856,43.329224,0.001785721,0.0,0.32079092,0.7590679
5645,42.752575,0.0,35.290333,43.329216,0.00072008057,0.0,0.31495494,0.7590665
5646,41.883614,0.0,54.896156,43.329163,0.0014315292,0.0,0.3347684,0.7590653
5647,33.196342,0.0,26.162971,43.329033,0.0011840645,0.0,0.34285626,0.75906396
5648,44.602848,0.0,19.723719,43.32893,0.0013388086,0.0,0.3253724,0.75906414
5649,31.143082,0.0,30.915787,43.32882,0.0011382026,0.0,0.33640194,0.7590641
5650,35.959164,0.0,23.835882,43.328716,0.00096469204,0.0,0.30695498,0.7590641
5651,34.420803,0.0,44.055183,43.328613,0.0011692251,0.0,0.3142159,0.7590638
5652,25.53451,0.0,28.223124,43.328526,0.0012465515,0.0,0.31513244,0.75906336
5653,31.76943,0.0,44.621952,43.328465,0.0012315053,0.0,0.28571242,0.75906307
5654,25.220236,0.0,24.732067,43.32845,0.0011892314,0.0,0.32259473,0.7590626
5655,39.98973,0.0,30.751396,43.32843,0.00082349515,0.0,0.32424328,0.7590621
5656,56.287544,0.0,37.593235,43.328407,0.00085215305,0.0,0.30958503,0.7590614
5657,50.69856,0.0,42.481487,43.328396,0.00082242244,0.0,0.3187735,0.7590607
5658,43.79941,0.0,22.107073,43.328407,0.0016084288,0.0,0.29942498,0.75905997
5659,45.11502,0.0,37.526905,43.328403,0.0013422114,0.0,0.32285845,0.75905913
5660,23.006218,0.0,24.514572,43.32837,0.00095638697,0.0,0.3197158,0.7590582
5661,49.769276,0.0,23.148046,43.328346,0.0012097992,0.0,0.35512424,0.7590572
5662,67.94801,0.0,23.507145,43.328312,0.00113515,0.0,0.30060932,0.7590563
5663,46.105377,0.0,17.385311,43.328255,0.0013698195,0.0,0.3060464,0.7590534
5664,37.486694,0.0,23.252537,43.32824,0.0010749804,0.0,0.32449985,0.7590506
5665,37.62997,0.0,20.93567,43.328228,0.0013516702,0.0,0.35045427,0.7590479
5666,30.10509,0.0,23.525442,43.328197,0.0010167182,0.0,0.32155976,0.7590454
5667,45.68156,0.0,21.519022,43.328148,0.0007974134,0.0,0.32560372,0.7590426
5668,31.006226,0.0,20.957878,43.3281,0.0009887166,0.0,0.2815305,0.75903994
5669,31.933304,0.0,32.954098,43.328053,0.00091632176,0.0,0.3324717,0.75903744
5670,43.59802,0.0,28.512878,43.328003,0.0013396405,0.0,0.28605118,0.759035
5671,49.568237,0.0,25.394478,43.32796,0.0009597835,0.0,0.29742372,0.75903213
5672,36.953823,0.0,17.918278,43.327946,0.001119557,0.0,0.3414986,0.7590332
5673,37.523373,0.0,25.39749,43.327915,0.0008718457,0.0,0.34405074,0.75903404
5674,33.869053,0.0,24.309927,43.327873,0.0012224017,0.0,0.33214843,0.75904083
5675,49.09178,0.0,17.600279,43.327827,0.0012744891,0.0,0.34842253,0.7590471
5676,35.594402,0.0,15.002087,43.327793,0.00093284063,0.0,0.3455817,0.75905275
5677,49.334496,0.0,21.476637,43.327766,0.0011592053,0.0,0.30866504,0.759058
5678,40.825413,0.0,29.244007,43.327744,0.0013735578,0.0,0.33455834,0.7590627
5679,31.952192,0.0,21.752222,43.327705,0.00079751515,0.0,0.2922433,0.7590669
5680,37.6559,0.0,13.535788,43.32768,0.00096985546,0.0,0.32128093,0.7590706
5681,36.205666,0.0,22.081985,43.32764,0.0010311289,0.0,0.31458688,0.75907385
5682,41.117744,0.0,19.726366,43.3276,0.00094479526,0.0,0.3884059,0.7590767
5683,73.362495,0.0,18.847216,43.327545,0.0012105535,0.0,0.31648374,0.7590791
5684,47.518204,0.0,18.840502,43.327515,0.0009585977,0.0,0.33941516,0.7590811
5685,40.161354,0.0,23.140877,43.32752,0.0013817283,0.0,0.3133508,0.75908303
5686,32.340515,0.0,18.044039,43.327526,0.001352297,0.0,0.26963037,0.7590845
5687,54.036247,0.0,37.436,43.327538,0.00084630353,0.0,0.30148086,0.7590858
5688,23.693525,0.0,28.44194,43.32759,0.00088536367,0.0,0.3019858,0.7590854
5689,38.036137,0.0,26.358019,43.327675,0.00093009253,0.0,0.32019493,0.759085
5690,33.43676,0.0,21.228497,43.327755,0.0009025795,0.0,0.3011877,0.75908446
5691,33.383987,0.0,22.02077,43.32782,0.0009862334,0.0,0.34785128,0.759084
5692,26.141663,0.0,27.72561,43.327896,0.0009990893,0.0,0.35032782,0.7590892
5693,50.208656,0.0,26.448307,43.32796,0.0010250714,0.0,0.30693135,0.7590939
5694,39.259422,0.0,14.448952,43.328033,0.001079654,0.0,0.29604706,0.7590975
5695,60.318,0.0,22.345507,43.3281,0.00084269687,0.0,0.3125733,0.7591007
5696,28.721628,0.0,27.099707,43.328182,0.00092364725,0.0,0.32802218,0.7591035
5697,45.165943,0.0,24.273027,43.328228,0.0009254638,0.0,0.320349,0.75911236
5698,47.458286,0.0,21.613354,43.3283,0.0010154825,0.0,0.34691143,0.75911766
5699,39.337513,0.0,28.378939,43.32841,0.0008540385,0.0,0.31429338,0.75912225
5700,32.68355,0.0,18.393667,43.32845,0.0008888906,0.0,0.33484125,0.75912637
5701,50.417755,0.0,41.87609,43.32846,0.0012035233,0.0,0.31862748,0.75913006
5702,43.51104,0.0,22.81315,43.328426,0.00094853615,0.0,0.2876117,0.75913316
5703,61.693634,0.0,35.99897,43.328377,0.0010316303,0.0,0.27779734,0.75913596
5704,43.297356,0.0,29.035784,43.328354,0.0013674614,0.0,0.34910238,0.7591384
5705,40.71215,0.0,20.574236,43.328323,0.0009828294,0.0,0.31085795,0.75914043
5706,54.45915,0.0,18.409046,43.328297,0.0015101501,0.0,0.31960523,0.7591421
5707,27.785109,0.0,23.250664,43.328278,0.0009552037,0.0,0.31492314,0.75914353
5708,78.94457,0.0,21.824163,43.328262,0.0011755573,0.0,0.31716943,0.7591442
5709,45.82057,0.0,29.706726,43.328262,0.0009886018,0.0,0.3411356,0.7591445
5710,46.32159,0.0,24.513887,43.328224,0.0009359773,0.0,0.3194158,0.75914466
5711,45.157333,0.0,35.61443,43.328182,0.0011380455,0.0,0.31624854,0.7591447
5712,26.61991,0.0,26.932322,43.328175,0.0008272309,0.0,0.3364036,0.75914454
5713,38.912613,0.0,18.59408,43.32815,0.00081097835,0.0,0.3028799,0.7591407
5714,36.947372,0.0,25.447302,43.328163,0.00075725064,0.0,0.29615802,0.7591371
5715,35.08496,0.0,34.52793,43.32822,0.0010852742,0.0,0.3389179,0.7591337
5716,33.60481,0.0,23.091082,43.32831,0.00092855835,0.0,0.33143398,0.75913054
5717,41.76511,0.0,23.698174,43.32837,0.0011229058,0.0,0.32582662,0.7591275
5718,54.9715,0.0,22.465746,43.328415,0.000904726,0.0,0.32177937,0.75912464
5719,49.0267,0.0,29.146065,43.328457,0.0011599544,0.0,0.3210379,0.75911987
5720,62.699966,0.0,26.062487,43.32849,0.0008338683,0.0,0.31840217,0.75911534
5721,68.718895,0.0,33.2979,43.328552,0.0008967712,0.0,0.32308888,0.7591111
5722,36.387074,0.0,18.055956,43.32857,0.0011056184,0.0,0.3086854,0.75910723
5723,29.898012,0.0,33.90964,43.328575,0.0008745535,0.0,0.2849418,0.7591041
5724,39.06009,0.0,23.087439,43.32862,0.0013612853,0.0,0.31298417,0.75910115
5725,49.642952,0.0,34.811565,43.32867,0.0010302603,0.0,0.27560255,0.7590988
5726,57.99871,0.0,18.757671,43.32872,0.0012022806,0.0,0.3203077,0.7590963
5727,51.412796,0.0,19.510082,43.328754,0.0010233,0.0,0.33777806,0.75909173
5728,40.226772,0.0,27.55947,43.328793,0.0010794672,0.0,0.3336886,0.7590875
5729,32.566895,0.0,25.601757,43.328827,0.0010551328,0.0,0.34281287,0.7590834
5730,35.01098,0.0,25.350447,43.328884,0.0011927602,0.0,0.33603045,0.7590797
5731,53.733116,0.0,22.662125,43.32894,0.00086752465,0.0,0.3430795,0.7590825
5732,42.07259,0.0,23.649565,43.32902,0.0012004821,0.0,0.31954753,0.7590848
5733,56.44331,0.0,38.974796,43.329075,0.00086098386,0.0,0.33703464,0.75908685
5734,40.895508,0.0,19.454788,43.329075,0.000680674,0.0,0.3152372,0.7590886
5735,38.23849,0.0,33.99686,43.329037,0.00082308357,0.0,0.31034106,0.75908995
5736,49.464314,0.0,18.14127,43.328995,0.0010420943,0.0,0.30496347,0.7590904
5737,39.02307,0.0,35.0217,43.328922,0.0009281497,0.0,0.30299878,0.7590909
5738,71.04408,0.0,29.883747,43.32885,0.0010798204,0.0,0.34282535,0.759091
5739,47.574272,0.0,28.111267,43.328808,0.0012215808,0.0,0.33076268,0.7590911
5740,51.291527,0.0,19.388508,43.328777,0.000879708,0.0,0.34579653,0.7590909
5741,30.74343,0.0,20.290234,43.328766,0.0010356226,0.0,0.33671272,0.7590906
5742,26.29708,0.0,16.109688,43.328743,0.0010979347,0.0,0.30803126,0.7590903
5743,40.948765,0.0,28.426386,43.32873,0.00082350883,0.0,0.29474458,0.75908977
5744,39.739532,0.0,23.262766,43.32867,0.00080569385,0.0,0.31757915,0.75908923
5745,46.936172,0.0,19.458858,43.328644,0.0011318766,0.0,0.33607405,0.75908875
5746,38.456573,0.0,40.12192,43.32862,0.0011535138,0.0,0.33746478,0.75908816
5747,46.044025,0.0,25.192482,43.328568,0.0008789669,0.0,0.37832832,0.75908744
5748,44.81689,0.0,16.781153,43.328518,0.0009698409,0.0,0.3310076,0.7590858
5749,41.17028,0.0,28.095818,43.328484,0.001121994,0.0,0.33651274,0.7590842
5750,24.893778,0.0,21.054537,43.328457,0.0014873346,0.0,0.30133483,0.75908273
5751,29.861786,0.0,26.42419,43.32843,0.0009951305,0.0,0.29233748,0.7590812
5752,54.39414,0.0,17.438805,43.3284,0.0014050386,0.0,0.31620133,0.75908345
5753,45.483543,0.0,24.585094,43.328365,0.0012523974,0.0,0.30733943,0.75908536
5754,52.83344,0.0,31.160904,43.328304,0.0013467086,0.0,0.30327693,0.7590874
5755,26.923412,0.0,21.796762,43.32824,0.0007973593,0.0,0.2920258,0.75908893
5756,31.413774,0.0,29.472086,43.32823,0.0011537338,0.0,0.30979827,0.759089
5757,25.454174,0.0,31.442066,43.32819,0.0013283282,0.0,0.33370635,0.7590883
5758,38.623814,0.0,17.255129,43.32812,0.0009292794,0.0,0.30054757,0.75908744
5759,29.231531,0.0,30.35348,43.328064,0.00091463345,0.0,0.30075526,0.75908643
5760,34.49912,0.0,21.358988,43.32798,0.0015443353,0.0,0.33329424,0.7590854
5761,32.19217,0.0,30.317497,43.327892,0.001207393,0.0,0.31878468,0.7590845
5762,48.89475,0.0,19.311132,43.32779,0.0011115377,0.0,0.3064364,0.7590834
5763,31.779398,0.0,32.151455,43.3277,0.00093193905,0.0,0.29662532,0.7590823
5764,43.15915,0.0,18.710314,43.32766,0.0010232944,0.0,0.32306027,0.7590811
5765,53.676434,0.0,27.154255,43.327637,0.0015342855,0.0,0.3458581,0.75907993
5766,29.835615,0.0,17.893787,43.32761,0.0014402228,0.0,0.30913866,0.7590788
5767,42.343613,0.0,22.69504,43.327564,0.00094073534,0.0,0.32915172,0.75907755
5768,30.422623,0.0,19.099346,43.327538,0.0008967782,0.0,0.3152725,0.7590763
5769,45.1765,0.0,20.959578,43.32752,0.0012077973,0.0,0.30510104,0.75907516
5770,31.436157,0.0,18.913774,43.327526,0.001680042,0.0,0.32708248,0.75907254
5771,39.026768,0.0,20.254515,43.327507,0.0010282133,0.0,0.32769,0.75907004
5772,31.74161,0.0,28.091106,43.327507,0.0014495694,0.0,0.3007902,0.75906765
5773,42.629803,0.0,19.6271,43.327553,0.0015186935,0.0,0.301291,0.7590654
5774,52.22727,0.0,19.01828,43.32757,0.0012074794,0.0,0.31868038,0.75906265
5775,47.767895,0.0,24.320765,43.327606,0.0011300214,0.0,0.32893988,0.7590595
5776,37.532818,0.0,25.85139,43.327633,0.001054521,0.0,0.32161528,0.7590566
5777,32.326775,0.0,16.975073,43.327675,0.0012633333,0.0,0.3229949,0.7590541
5778,28.325731,0.0,23.383162,43.327744,0.0018568146,0.0,0.292879,0.7590521
5779,46.491287,0.0,16.101141,43.327763,0.0011711007,0.0,0.30065632,0.7590503
5780,30.414526,0.0,19.64049,43.327778,0.0016842944,0.0,0.30495518,0.7590487
5781,32.589634,0.0,17.060291,43.327785,0.00097539497,0.0,0.32391688,0.759049
5782,52.770336,0.0,29.461262,43.3278,0.001131623,0.0,0.29920337,0.75904924
5783,43.476124,0.0,23.250736,43.327873,0.0011880018,0.0,0.32342717,0.7590495
5784,42.67168,0.0,37.948135,43.327946,0.0010816164,0.0,0.31891024,0.7590496
5785,37.509018,0.0,25.270235,43.327957,0.00134325,0.0,0.305564,0.75904965
5786,42.668377,0.0,13.483553,43.327946,0.00091707136,0.0,0.3492115,0.75904965
5787,32.51643,0.0,21.291548,43.32795,0.0013366503,0.0,0.29570895,0.7590494
5788,32.98339,0.0,22.211842,43.327953,0.001259747,0.0,0.30471012,0.7590491
5789,47.21927,0.0,26.486343,43.32793,0.0011235307,0.0,0.33466715,0.7590496
5790,121.49787,0.0,23.986887,43.327892,0.001210321,0.0,0.2861562,0.7590499
5791,54.489548,0.0,23.231344,43.32783,0.0011070006,0.0,0.34130496,0.7590499
5792,31.095203,0.0,22.966112,43.32778,0.0009630822,0.0,0.28969267,0.7590497
5793,34.818554,0.0,17.492464,43.327747,0.00089344685,0.0,0.30568868,0.7590494
5794,38.862663,0.0,33.29091,43.3277,0.00093269226,0.0,0.29362857,0.759049
5795,30.320686,0.0,13.284347,43.327694,0.0011129121,0.0,0.35044658,0.7590482
5796,31.450045,0.0,19.480627,43.327694,0.00094634714,0.0,0.30481386,0.7590474
5797,81.713066,0.0,16.715233,43.327694,0.0011292393,0.0,0.31877348,0.7590464
5798,49.866283,0.0,29.857233,43.327675,0.0013112284,0.0,0.33058617,0.75904834
5799,44.696224,0.0,23.608046,43.32768,0.0008627178,0.0,0.31591058,0.7590497
5800,39.43959,0.0,18.981672,43.32766,0.0011250187,0.0,0.30357644,0.7590509
5801,34.27641,0.0,17.947983,43.32761,0.0011974195,0.0,0.30482763,0.7590519
5802,39.225822,0.0,24.695177,43.327564,0.0014241897,0.0,0.3124268,0.75905263
5803,47.826694,0.0,23.732212,43.32749,0.0011859302,0.0,0.34727082,0.75905305
5804,42.357822,0.0,19.517136,43.32742,0.0012020774,0.0,0.32680345,0.7590534
5805,27.486885,0.0,24.413008,43.327312,0.0012721488,0.0,0.32494366,0.75905347
5806,39.329132,0.0,18.49557,43.32719,0.0012763143,0.0,0.36040935,0.7590534
5807,43.36063,0.0,29.75674,43.3271,0.0012388225,0.0,0.331738,0.7590532
5808,28.364855,0.0,22.572348,43.32706,0.0018225887,0.0,0.3143996,0.75905275
5809,28.539192,0.0,26.943707,43.327038,0.0011116274,0.0,0.34846914,0.7590523
5810,38.80731,0.0,29.967743,43.326977,0.0009459722,0.0,0.3388576,0.75905097
5811,33.78973,0.0,24.909756,43.326866,0.0011407969,0.0,0.3028675,0.75904953
5812,32.04373,0.0,23.950172,43.326782,0.0009717988,0.0,0.3343161,0.7590481
5813,31.44075,0.0,23.224337,43.326763,0.0012315144,0.0,0.33338213,0.7590467
5814,36.766945,0.0,21.328918,43.326763,0.0010835681,0.0,0.33349806,0.75904524
5815,29.36927,0.0,28.20402,43.32676,0.0012601132,0.0,0.32245994,0.75904393
5816,40.269768,0.0,25.631857,43.326767,0.0011014496,0.0,0.328089,0.7590404
5817,46.909294,0.0,22.459114,43.326794,0.0014013823,0.0,0.32873288,0.75903714
5818,27.95855,0.0,22.950968,43.326824,0.0011335947,0.0,0.32917523,0.75903404
5819,34.97353,0.0,30.534294,43.32686,0.0011315754,0.0,0.34271806,0.7590311
5820,48.15664,0.0,18.22252,43.32691,0.0013993824,0.0,0.32483506,0.75902826
5821,51.129597,0.0,19.932817,43.326942,0.00085662806,0.0,0.3291677,0.7590258
5822,35.417294,0.0,23.669405,43.327007,0.0011192368,0.0,0.28786296,0.75902337
5823,49.805008,0.0,26.933664,43.327084,0.0011180093,0.0,0.2938571,0.7590211
5824,46.1222,0.0,22.970812,43.327145,0.0010465945,0.0,0.35046625,0.7590188
5825,31.198368,0.0,16.41417,43.327232,0.00091877225,0.0,0.33756253,0.7590166
5826,35.837074,0.0,26.228136,43.327305,0.001207537,0.0,0.31445935,0.7590144
5827,41.521812,0.0,35.263134,43.32739,0.0011237031,0.0,0.31891996,0.75901234
5828,42.995182,0.0,17.229082,43.327484,0.00106527,0.0,0.32402486,0.7590103
5829,30.176517,0.0,22.269104,43.32757,0.0017281858,0.0,0.3239821,0.75900835
5830,31.870226,0.0,27.310383,43.327637,0.0015979714,0.0,0.307346,0.759006
5831,44.01065,0.0,12.667242,43.32768,0.0010585357,0.0,0.32100737,0.75900394
5832,43.257046,0.0,27.088457,43.327732,0.0013188835,0.0,0.3096606,0.75899494
5833,34.46509,0.0,17.132303,43.32781,0.0010394488,0.0,0.29488873,0.7589869
5834,46.48899,0.0,20.590132,43.327858,0.0010624537,0.0,0.3092418,0.7589797
5835,32.79331,0.0,24.18286,43.32792,0.0010090191,0.0,0.34537333,0.7589732
5836,35.32401,0.0,14.002738,43.328007,0.0012683882,0.0,0.31158638,0.75896716
5837,23.619001,0.0,26.152542,43.328053,0.001318984,0.0,0.32632872,0.7589618
5838,36.13004,0.0,23.35394,43.32808,0.001582276,0.0,0.32128444,0.7589567
5839,48.96683,0.0,19.859503,43.328083,0.0010091636,0.0,0.32712376,0.758952
5840,39.601303,0.0,29.109945,43.3281,0.0016167474,0.0,0.33080992,0.75894773
5841,50.910618,0.0,26.089556,43.32814,0.0012961448,0.0,0.29486784,0.75894374
5842,36.207794,0.0,30.429163,43.328197,0.0019332775,0.0,0.3051931,0.75894
5843,42.180088,0.0,24.342474,43.32823,0.0014349213,0.0,0.27279317,0.75893646
5844,33.72884,0.0,25.3404,43.32832,0.0008895855,0.0,0.30352306,0.7589332
5845,27.669657,0.0,29.505537,43.32839,0.0009696954,0.0,0.32275307,0.75893015
5846,39.60751,0.0,22.04415,43.328514,0.0013182575,0.0,0.32059985,0.75892717
5847,27.735418,0.0,13.897932,43.32865,0.0012605462,0.0,0.32328534,0.7589244
5848,37.086292,0.0,34.109146,43.32879,0.0011757201,0.0,0.33678922,0.75892174
5849,57.859608,0.0,25.01402,43.328873,0.00078979495,0.0,0.29530478,0.75891924
5850,38.174446,0.0,19.024609,43.328957,0.00090767624,0.0,0.34431598,0.7589141
5851,36.2027,0.0,22.29736,43.329002,0.0013651036,0.0,0.3260362,0.7589101
5852,36.605038,0.0,18.975147,43.32905,0.0009529216,0.0,0.29067856,0.7589063
5853,38.827187,0.0,18.327906,43.329044,0.00096835056,0.0,0.324647,0.7589027
5854,27.57731,0.0,19.01537,43.32902,0.0009241036,0.0,0.30770585,0.75889945
5855,43.99136,0.0,20.467306,43.32899,0.0014406536,0.0,0.30334884,0.75889623
5856,32.201706,0.0,27.320208,43.328968,0.0013693249,0.0,0.32815576,0.7588924
5857,36.742146,0.0,22.753035,43.328953,0.0009240395,0.0,0.33852905,0.7588887
5858,48.654842,0.0,25.250689,43.328938,0.0011094436,0.0,0.29748648,0.7588853
5859,50.506775,0.0,24.27198,43.328915,0.0012538896,0.0,0.30738926,0.758882
5860,40.209385,0.0,13.686163,43.328876,0.0013971196,0.0,0.29347867,0.758879
5861,34.702526,0.0,38.032444,43.328846,0.0011510197,0.0,0.31124794,0.75887614
5862,43.968864,0.0,17.097034,43.328815,0.000903818,0.0,0.36469007,0.7588735
5863,37.7712,0.0,20.582304,43.328777,0.0012586628,0.0,0.30115387,0.7588709
5864,49.879528,0.0,18.15197,43.32876,0.001235236,0.0,0.3461202,0.758869
5865,40.13544,0.0,57.426105,43.32875,0.0013819158,0.0,0.31929046,0.7588671
5866,43.34457,0.0,21.159384,43.328846,0.001099717,0.0,0.3115972,0.75886524
5867,35.901325,0.0,20.358011,43.328915,0.0009720037,0.0,0.3330207,0.7588635
5868,37.06717,0.0,18.872087,43.328983,0.0010227816,0.0,0.2848113,0.7588617
5869,46.47956,0.0,27.325748,43.32904,0.0011925248,0.0,0.32430017,0.7588555
5870,28.011377,0.0,25.89544,43.32908,0.0012622105,0.0,0.30297273,0.7588501
5871,29.930582,0.0,23.59053,43.329124,0.0014932901,0.0,0.30012447,0.7588453
5872,44.900536,0.0,26.613255,43.329178,0.0010909996,0.0,0.30567253,0.75884116
5873,35.944393,0.0,19.515509,43.32922,0.0012625498,0.0,0.32188103,0.75883734
5874,36.94986,0.0,19.235828,43.32925,0.0009470903,0.0,0.33205283,0.75883377
5875,36.98378,0.0,33.627686,43.329273,0.0011376727,0.0,0.31954715,0.7588306
5876,41.38513,0.0,24.728037,43.329273,0.0010954246,0.0,0.3373778,0.7588277
5877,35.081223,0.0,20.3506,43.329285,0.00096993125,0.0,0.31596747,0.7588249
5878,45.680363,0.0,25.475733,43.3293,0.0009863019,0.0,0.29445392,0.7588222
5879,32.87433,0.0,23.399492,43.32931,0.0012266096,0.0,0.3732199,0.7588198
5880,32.60871,0.0,20.882639,43.32932,0.001218308,0.0,0.31236288,0.7588173
5881,34.131546,0.0,22.656973,43.32932,0.0010839317,0.0,0.29731852,0.7588151
5882,52.279934,0.0,22.684029,43.32932,0.0010443066,0.0,0.3307614,0.7588129
5883,56.247166,0.0,13.016671,43.329327,0.0009425633,0.0,0.30739176,0.7588109
5884,27.87831,0.0,27.233643,43.329327,0.0011047176,0.0,0.32805598,0.7588089
5885,42.9541,0.0,26.061369,43.329308,0.0011208379,0.0,0.31388307,0.75880706
5886,36.338856,0.0,13.648137,43.32931,0.0014518759,0.0,0.33363193,0.75880516
5887,30.654387,0.0,18.998312,43.329292,0.0011100521,0.0,0.31195855,0.7588034
5888,41.645443,0.0,16.62778,43.32926,0.0011096223,0.0,0.2967036,0.7588016
5889,24.358139,0.0,18.910675,43.32924,0.0011974407,0.0,0.33875006,0.7587998
5890,28.218477,0.0,15.836022,43.329216,0.000996592,0.0,0.33522594,0.75879824
5891,43.649715,0.0,25.309685,43.329144,0.00094613386,0.0,0.29262257,0.7587967
5892,37.89578,0.0,26.793024,43.329056,0.0008859497,0.0,0.3198135,0.75879526
5893,28.751207,0.0,16.154858,43.329,0.0012664513,0.0,0.33377856,0.7587939
5894,37.308067,0.0,16.324501,43.328953,0.001222817,0.0,0.2970711,0.7587926
5895,51.09887,0.0,24.236195,43.32891,0.0009192764,0.0,0.3017894,0.75879043
5896,26.46319,0.0,21.126251,43.328915,0.0010251252,0.0,0.3206194,0.75879097
5897,25.406054,0.0,19.746483,43.328903,0.0011757887,0.0,0.3205422,0.7587914
5898,34.5817,0.0,35.458595,43.328884,0.0009063985,0.0,0.33345616,0.7587918
5899,37.514683,0.0,13.2396755,43.328888,0.00073648524,0.0,0.31261784,0.75879204
5900,38.700474,0.0,21.13576,43.328896,0.0012374975,0.0,0.3039698,0.75879216
5901,38.48235,0.0,12.053798,43.3289,0.0009341574,0.0,0.3217536,0.7587922
5902,36.0856,0.0,22.672522,43.32891,0.0009026537,0.0,0.31840137,0.7587921
5903,32.782326,0.0,16.63927,43.32892,0.0012080246,0.0,0.29979688,0.7587919
5904,48.607918,0.0,35.25011,43.328915,0.0011794895,0.0,0.32894516,0.7587917
5905,41.148567,0.0,22.193314,43.32891,0.0014774369,0.0,0.31576952,0.7587913
5906,31.843176,0.0,15.78762,43.32891,0.00092422025,0.0,0.3210976,0.75879997
5907,47.112885,0.0,19.17998,43.32891,0.0013492809,0.0,0.30096322,0.7588116
5908,29.2849,0.0,21.761578,43.32891,0.0011220227,0.0,0.3272274,0.7588222
5909,35.942833,0.0,23.331427,43.32889,0.0013816794,0.0,0.32423925,0.7588317
5910,30.473913,0.0,12.861981,43.328846,0.0014064272,0.0,0.35426292,0.75884014
5911,41.3066,0.0,26.283865,43.32878,0.0011395551,0.0,0.32566503,0.75884706
5912,25.5034,0.0,16.268528,43.328747,0.001030654,0.0,0.3136374,0.7588533
5913,53.22283,0.0,19.426765,43.32871,0.001419123,0.0,0.29859373,0.75885874
5914,42.59137,0.0,25.531298,43.328682,0.0010776643,0.0,0.3116767,0.75886375
5915,52.084385,0.0,26.380543,43.328636,0.0011177964,0.0,0.30802724,0.758868
5916,30.312305,0.0,18.397112,43.328568,0.001380124,0.0,0.28795657,0.75887126
5917,51.644344,0.0,22.341202,43.328503,0.0012545742,0.0,0.33964822,0.7588741
5918,31.958174,0.0,20.029322,43.328426,0.0011698683,0.0,0.301108,0.75887644
5919,36.849102,0.0,11.541087,43.328377,0.000978635,0.0,0.32829195,0.7588783
5920,34.19295,0.0,22.793507,43.328323,0.0009818836,0.0,0.33860177,0.75887996
5921,39.352337,0.0,31.716108,43.328312,0.000969502,0.0,0.31264296,0.7588821
5922,36.771095,0.0,16.417467,43.328316,0.0009810582,0.0,0.30411243,0.7588842
5923,24.6765,0.0,31.283875,43.328323,0.0011100969,0.0,0.29259282,0.75888574
5924,40.57103,0.0,16.23519,43.328255,0.0010776422,0.0,0.31423688,0.758887
5925,49.74663,0.0,14.731402,43.328213,0.001276605,0.0,0.29419157,0.75888807
5926,32.960205,0.0,23.91591,43.328163,0.0010867952,0.0,0.28124237,0.75888896
5927,46.64082,0.0,18.884306,43.328094,0.0009891498,0.0,0.33253658,0.75889385
5928,57.166298,0.0,27.850822,43.328037,0.0011217416,0.0,0.31407863,0.75889814
5929,39.472317,0.0,28.999533,43.328075,0.0010073024,0.0,0.30651435,0.75890195
5930,33.135975,0.0,28.04077,43.328148,0.001393197,0.0,0.30134952,0.7589052
5931,52.129044,0.0,30.518042,43.328255,0.0012336555,0.0,0.3221434,0.75891286
5932,48.087605,0.0,25.9712,43.32837,0.0008566886,0.0,0.310966,0.7589197
5933,48.728165,0.0,18.104937,43.328445,0.0011423654,0.0,0.33505794,0.7589258
5934,36.786373,0.0,30.417196,43.328506,0.0012104327,0.0,0.30152485,0.7589313
5935,33.446476,0.0,20.394524,43.328583,0.0009586824,0.0,0.324312,0.7589358
5936,61.2396,0.0,21.957277,43.328648,0.0012300358,0.0,0.30892313,0.75894
5937,32.80929,0.0,31.720976,43.32873,0.00070013636,0.0,0.34657437,0.7589436
5938,29.890968,0.0,21.062374,43.328796,0.0011827732,0.0,0.31980228,0.7589467
5939,28.486101,0.0,22.307951,43.32884,0.0009306648,0.0,0.32557935,0.7589491
5940,43.65495,0.0,20.97076,43.32888,0.0011755108,0.0,0.32947248,0.7589512
5941,37.29236,0.0,28.185247,43.328926,0.0011258797,0.0,0.29997826,0.758953
5942,33.372135,0.0,18.543201,43.32895,0.0008933869,0.0,0.2654708,0.7589544
5943,39.88338,0.0,27.555408,43.328964,0.000737875,0.0,0.33639926,0.7589556
5944,37.34546,0.0,19.091793,43.329,0.00094238296,0.0,0.29127532,0.7589565
5945,39.681202,0.0,18.166971,43.32902,0.001284664,0.0,0.30531853,0.7589573
5946,34.964977,0.0,21.415962,43.32905,0.0007127598,0.0,0.35550174,0.7589618
5947,47.581074,0.0,23.091125,43.329098,0.0010655925,0.0,0.34013784,0.75896573
5948,30.67533,0.0,15.224821,43.32916,0.0012025608,0.0,0.30864298,0.7589691
5949,38.981155,0.0,28.79863,43.32922,0.0012063627,0.0,0.3131073,0.7589721
5950,35.67237,0.0,13.095059,43.329277,0.00095999497,0.0,0.33943436,0.7589746
5951,40.85522,0.0,20.387566,43.32932,0.0010339343,0.0,0.30651066,0.7589768
5952,46.499935,0.0,22.425444,43.329334,0.0013076942,0.0,0.31836584,0.75897866
5953,40.038567,0.0,26.878508,43.32938,0.001192217,0.0,0.35487968,0.75898015
5954,49.785206,0.0,27.07541,43.32943,0.0010680987,0.0,0.28596756,0.7589814
5955,52.975636,0.0,22.44763,43.329453,0.0012292101,0.0,0.31280723,0.75898224
5956,31.83455,0.0,20.92491,43.329468,0.0009066285,0.0,0.3209198,0.758983
5957,38.259277,0.0,25.631783,43.329456,0.0013101129,0.0,0.3545484,0.75898343
5958,49.804115,0.0,29.047546,43.32946,0.0012485024,0.0,0.34126943,0.7589838
5959,40.20767,0.0,21.996193,43.329433,0.0012581669,0.0,0.30191028,0.75898385
5960,47.540325,0.0,39.160675,43.32941,0.0011133316,0.0,0.33682942,0.7589838
5961,50.69741,0.0,23.28206,43.32935,0.0011069744,0.0,0.343451,0.7589835
5962,38.645206,0.0,21.5007,43.329292,0.001200147,0.0,0.3143632,0.75898325
5963,43.936375,0.0,23.147844,43.329216,0.0016246497,0.0,0.2795378,0.75898254
5964,42.976,0.0,20.28004,43.32915,0.001278868,0.0,0.35060284,0.7589818
5965,48.193756,0.0,27.983812,43.329086,0.0013477582,0.0,0.3080287,0.7589811
5966,54.518547,0.0,19.882374,43.32908,0.0011329865,0.0,0.31751227,0.7589802
5967,51.984,0.0,16.1229,43.329105,0.0010569738,0.0,0.30116403,0.7589803
5968,48.81688,0.0,20.95029,43.329117,0.0011034723,0.0,0.33564365,0.7589804
5969,39.398422,0.0,19.927149,43.32911,0.001111612,0.0,0.30044198,0.7589806
5970,43.802998,0.0,13.422618,43.329117,0.0011065723,0.0,0.28719115,0.7589805
5971,40.978382,0.0,19.960037,43.32912,0.0010943647,0.0,0.3356142,0.7589806
5972,32.83099,0.0,20.839685,43.32913,0.001201614,0.0,0.31454962,0.7589805
5973,34.528862,0.0,17.023783,43.32913,0.0014163174,0.0,0.31276792,0.7589804
5974,35.716766,0.0,18.865831,43.329124,0.001211684,0.0,0.34709546,0.7589802
5975,40.52288,0.0,21.104048,43.329124,0.0009109946,0.0,0.34562072,0.7589797
5976,39.71037,0.0,16.193129,43.329147,0.0010021382,0.0,0.30589622,0.75897837
5977,40.668453,0.0,27.234392,43.329147,0.0012228137,0.0,0.32770568,0.758977
5978,39.951687,0.0,14.203658,43.329144,0.0011474723,0.0,0.2892231,0.7589758
5979,30.466686,0.0,18.335371,43.329132,0.00096506195,0.0,0.3071825,0.7589746
5980,26.969332,0.0,28.007698,43.329094,0.0010070546,0.0,0.3213323,0.7589733
5981,30.4619,0.0,19.45823,43.32905,0.0008159842,0.0,0.32812232,0.7589721
5982,45.3135,0.0,19.944006,43.32901,0.0007061445,0.0,0.3294259,0.75897074
5983,38.293736,0.0,18.03096,43.328976,0.0012487144,0.0,0.34057054,0.75896937
5984,42.167027,0.0,16.681028,43.32892,0.0010120677,0.0,0.3194944,0.75896806
5985,44.173088,0.0,21.777729,43.32887,0.0016551623,0.0,0.29771608,0.7589667
5986,35.53367,0.0,18.690933,43.32881,0.0010512051,0.0,0.30823392,0.7589654
5987,47.901714,0.0,18.343323,43.328766,0.0013892755,0.0,0.30800045,0.758964
5988,31.151539,0.0,19.76201,43.32873,0.0010097176,0.0,0.2903722,0.7589623
5989,24.930305,0.0,39.780987,43.32874,0.0009270021,0.0,0.32947668,0.7589606
5990,32.697582,0.0,33.780437,43.328724,0.00110408,0.0,0.3164705,0.7589588
5991,45.357933,0.0,22.651468,43.328693,0.0010055694,0.0,0.31883442,0.75895715
5992,35.527187,0.0,18.672834,43.32864,0.00089195016,0.0,0.31328195,0.75895554
5993,37.696274,0.0,23.261604,43.32854,0.0012055397,0.0,0.29291046,0.758952
5994,32.194508,0.0,22.588505,43.328495,0.0008903099,0.0,0.32734546,0.758949
5995,38.37697,0.0,18.39378,43.328426,0.00096682645,0.0,0.29635006,0.75894636
5996,47.250595,0.0,18.336649,43.328392,0.0014063427,0.0,0.3110815,0.7589441
5997,31.484533,0.0,20.429329,43.328358,0.0012121238,0.0,0.30194986,0.7589424
5998,34.36896,0.0,22.360552,43.328335,0.0008511015,0.0,0.31672797,0.7589405
5999,40.828888,0.0,20.411427,43.328316,0.001192499,0.0,0.33483788,0.7589388
6000,83.94794,0.0,16.327806,43.328236,0.0012114939,0.0,0.28674966,0.75893724
6001,38.966038,0.0,20.876274,43.32818,0.0008790965,0.0,0.29532978,0.75893575
6002,27.22832,0.0,15.103516,43.328156,0.0008747216,0.0,0.36885518,0.7589343
6003,31.798113,0.0,9.540141,43.32813,0.0013447963,0.0,0.34928405,0.7589324
6004,45.101627,0.0,34.142307,43.328117,0.0017120519,0.0,0.37899804,0.75893056
6005,41.40996,0.0,20.07048,43.328125,0.0012640216,0.0,0.3079891,0.75892884
6006,42.20414,0.0,18.329733,43.328148,0.0010771329,0.0,0.34701166,0.75892717
6007,38.31053,0.0,33.02095,43.328163,0.0012184428,0.0,0.30124778,0.75892544
6008,46.3481,0.0,16.590857,43.328163,0.0014931861,0.0,0.2991559,0.7589239
6009,39.016956,0.0,23.91046,43.328144,0.0009922786,0.0,0.3128645,0.75892264
6010,39.605167,0.0,21.536455,43.328136,0.00119542,0.0,0.2908445,0.7589215
6011,31.33501,0.0,25.831203,43.328125,0.0010347054,0.0,0.34263548,0.7589204
6012,38.044083,0.0,16.534481,43.328094,0.001093583,0.0,0.31999892,0.75892067
6013,43.28253,0.0,15.6533165,43.328075,0.0012578398,0.0,0.28217852,0.75892085
6014,46.335793,0.0,32.545834,43.32806,0.00094723,0.0,0.33731836,0.75892097
6015,34.769676,0.0,53.40555,43.328106,0.0013201123,0.0,0.3287633,0.75892085
6016,49.045883,0.0,18.425362,43.32814,0.0012213205,0.0,0.3209906,0.75892085
6017,29.902672,0.0,33.040333,43.328182,0.0010272169,0.0,0.3427132,0.7589202
6018,25.091944,0.0,26.657337,43.328205,0.00076138595,0.0,0.29576024,0.75892353
6019,36.6713,0.0,20.273064,43.32822,0.00094566675,0.0,0.29108185,0.7589263
6020,32.536427,0.0,17.607664,43.328255,0.0010786682,0.0,0.3304542,0.7589322
6021,45.810455,0.0,15.642939,43.32831,0.0009162912,0.0,0.3063734,0.7589374
6022,42.434002,0.0,17.158838,43.32833,0.0015277762,0.0,0.32651877,0.7589421
6023,51.081516,0.0,24.168844,43.328358,0.0009663454,0.0,0.34830603,0.75894624
6024,35.007244,0.0,38.65806,43.32838,0.0013005495,0.0,0.338584,0.7589499
6025,37.168278,0.0,23.728825,43.328346,0.000977691,0.0,0.32509822,0.7589519
6026,36.84774,0.0,20.665678,43.328346,0.00088245457,0.0,0.31739956,0.7589536
6027,35.2841,0.0,21.272505,43.32837,0.001207975,0.0,0.33240122,0.75895494
6028,29.966478,0.0,19.487944,43.32835,0.001270517,0.0,0.32566607,0.758956
6029,45.42915,0.0,22.867533,43.328354,0.00068532105,0.0,0.31558785,0.7589568
6030,33.45062,0.0,45.101402,43.32837,0.001137492,0.0,0.2957576,0.75895745
6031,48.801147,0.0,38.700546,43.328445,0.0009400202,0.0,0.3536508,0.7589577
6032,38.396786,0.0,20.264885,43.328598,0.0010876142,0.0,0.31619594,0.7589579
6033,38.389057,0.0,20.579971,43.32875,0.0010492996,0.0,0.3179934,0.7589577
6034,44.144444,0.0,18.536873,43.32887,0.0013848407,0.0,0.3232519,0.75895834
6035,39.170944,0.0,23.293291,43.32894,0.0010269986,0.0,0.26744914,0.75895876
6036,34.967266,0.0,30.253454,43.32899,0.0008340749,0.0,0.34362182,0.75895894
6037,35.02816,0.0,26.806637,43.32903,0.0011090577,0.0,0.27284634,0.75895894
6038,47.618423,0.0,18.149126,43.329025,0.0011953225,0.0,0.31702325,0.7589538
6039,39.298317,0.0,18.6145,43.329014,0.00088068837,0.0,0.28674722,0.7589492
6040,36.742607,0.0,28.846928,43.32901,0.000985411,0.0,0.29770017,0.7589449
6041,57.45697,0.0,40.099377,43.328926,0.0009403521,0.0,0.31965166,0.7589526
6042,41.17096,0.0,20.84545,43.32877,0.0009461044,0.0,0.28474808,0.75895935
6043,40.253048,0.0,28.159843,43.32865,0.0007947675,0.0,0.3200932,0.7589655
6044,41.54508,0.0,33.310074,43.328556,0.0008777877,0.0,0.32315564,0.7589709
6045,39.0056,0.0,31.736551,43.328487,0.0011774471,0.0,0.3366527,0.75897586
6046,56.98681,0.0,33.14726,43.328487,0.0007698219,0.0,0.32716593,0.75898266
6047,47.414307,0.0,17.578154,43.32847,0.0012487925,0.0,0.30434543,0.7589888
6048,27.14998,0.0,18.292107,43.32846,0.001070732,0.0,0.32012454,0.758994
6049,31.70357,0.0,28.165028,43.328434,0.001086538,0.0,0.3374542,0.7589982
6050,35.38439,0.0,29.609762,43.32838,0.0012466442,0.0,0.3321212,0.75900215
6051,32.09872,0.0,46.573444,43.32831,0.0009822226,0.0,0.3054232,0.75900555
6052,32.224064,0.0,43.16207,43.328278,0.00079097564,0.0,0.2719526,0.7590084
6053,40.852413,0.0,23.348326,43.328186,0.0010974937,0.0,0.32384837,0.75901234
6054,33.29857,0.0,45.62857,43.328102,0.0012885609,0.0,0.35439414,0.75901586
6055,37.97886,0.0,20.320848,43.328014,0.0012184185,0.0,0.31590205,0.7590188
6056,36.08136,0.0,21.19882,43.327953,0.0010786019,0.0,0.31230342,0.7590214
6057,38.87863,0.0,29.506279,43.32793,0.00086704176,0.0,0.32108223,0.75902355
6058,65.840034,0.0,28.081657,43.327984,0.0009158765,0.0,0.32102627,0.7590255
6059,38.975155,0.0,26.688107,43.32802,0.0007316712,0.0,0.32266694,0.7590281
6060,40.620823,0.0,26.738241,43.328075,0.0011157828,0.0,0.34293318,0.7590302
6061,28.232738,0.0,32.742744,43.328136,0.0010941922,0.0,0.2902208,0.759032
6062,41.14878,0.0,25.683084,43.32818,0.00084064854,0.0,0.3087771,0.7590335
6063,38.582203,0.0,41.457348,43.328197,0.0011103126,0.0,0.31179225,0.75903463
6064,31.36135,0.0,19.121485,43.32827,0.001145546,0.0,0.32379138,0.75903565
6065,36.44135,0.0,25.786846,43.32834,0.0014561415,0.0,0.3101364,0.7590364
6066,38.844242,0.0,23.702888,43.32842,0.0009887975,0.0,0.2965605,0.7590369
6067,29.419626,0.0,20.721842,43.32849,0.0015354663,0.0,0.30074722,0.75903714
6068,41.740047,0.0,24.513073,43.328533,0.0012942599,0.0,0.32224235,0.75903344
6069,47.896854,0.0,28.707384,43.328587,0.0012818974,0.0,0.31877667,0.75903004
6070,46.65317,0.0,41.71848,43.328648,0.0013153952,0.0,0.3242379,0.7590268
6071,50.757954,0.0,23.470314,43.328777,0.00094945374,0.0,0.29381484,0.75902385
6072,44.698715,0.0,31.004826,43.328865,0.0008175181,0.0,0.33462214,0.75902086
6073,36.908676,0.0,33.471336,43.328938,0.0008553436,0.0,0.33224967,0.75901836
6074,28.576689,0.0,26.624634,43.328976,0.00092303706,0.0,0.32205018,0.7590158
6075,31.648022,0.0,26.474276,43.32904,0.00082794967,0.0,0.29269588,0.7590098
6076,32.75141,0.0,24.42887,43.329147,0.0011025579,0.0,0.30658254,0.7590043
6077,41.052647,0.0,21.593248,43.329254,0.0010021175,0.0,0.32296544,0.7589992
6078,63.80188,0.0,33.840904,43.329376,0.0011775589,0.0,0.29959118,0.7589945
6079,49.07922,0.0,23.059814,43.329502,0.001630383,0.0,0.3091038,0.7589903
6080,41.882652,0.0,40.42383,43.32961,0.0014013974,0.0,0.32648975,0.75898623
6081,34.38183,0.0,27.649536,43.32967,0.0008780213,0.0,0.32364577,0.75898284
6082,37.091587,0.0,14.943208,43.329716,0.0011338817,0.0,0.31407028,0.75897634
6083,32.76184,0.0,29.199968,43.329784,0.0009984389,0.0,0.35379648,0.7589703
6084,37.94367,0.0,25.382866,43.329865,0.0010376628,0.0,0.34569734,0.7589691
6085,26.041048,0.0,20.304796,43.329956,0.0008040308,0.0,0.3293007,0.7589681
6086,69.582794,0.0,33.4741,43.330044,0.0011864661,0.0,0.30944166,0.7589669
6087,33.331947,0.0,31.758904,43.330112,0.00094136246,0.0,0.32297647,0.7589657
6088,33.728516,0.0,24.841639,43.330143,0.0012678764,0.0,0.29699016,0.7589646
6089,27.005669,0.0,15.70106,43.330154,0.00091549306,0.0,0.31906354,0.75896335
6090,31.693905,0.0,25.532616,43.330177,0.0010480352,0.0,0.2953313,0.7589622
6091,23.370758,0.0,32.932102,43.330242,0.0013498887,0.0,0.29747885,0.75896096
6092,29.676367,0.0,17.467442,43.330284,0.0010537407,0.0,0.30757833,0.75895965
6093,44.000187,0.0,35.167545,43.33032,0.0009860502,0.0,0.30532786,0.7589585
6094,37.078964,0.0,27.568771,43.330307,0.001142723,0.0,0.28439665,0.7589572
6095,32.314323,0.0,30.687605,43.330265,0.0014210282,0.0,0.335128,0.75895596
6096,54.704403,0.0,17.806635,43.330273,0.0011654242,0.0,0.32638952,0.75895476
6097,48.908344,0.0,26.952917,43.330273,0.0010542541,0.0,0.3316052,0.7589536
6098,39.912468,0.0,23.328753,43.330276,0.0006771502,0.0,0.3194908,0.7589524
6099,31.528698,0.0,31.065634,43.330307,0.0010765016,0.0,0.2960667,0.7589511
6100,55.552174,0.0,25.018843,43.33032,0.0012596275,0.0,0.33373532,0.7589511
6101,41.8395,0.0,33.023216,43.330364,0.0010302805,0.0,0.31432983,0.7589507
6102,35.218773,0.0,13.986272,43.330387,0.00090306206,0.0,0.33013234,0.7589504
6103,30.582031,0.0,18.439833,43.3304,0.0013766119,0.0,0.26681793,0.75894994
6104,47.879436,0.0,22.736462,43.330406,0.0009598645,0.0,0.3284816,0.7589502
6105,40.53156,0.0,31.63153,43.33041,0.000833325,0.0,0.32195485,0.7589503
6106,27.870836,0.0,28.767883,43.330364,0.00087789504,0.0,0.32800624,0.75895035
6107,28.947592,0.0,15.769856,43.3303,0.0008900403,0.0,0.3164627,0.7589501
6108,45.397255,0.0,22.445103,43.330242,0.00080866384,0.0,0.3547616,0.7589499
6109,53.3681,0.0,16.904558,43.330185,0.00075373816,0.0,0.29798514,0.7589498
6110,34.00467,0.0,37.31362,43.330166,0.0009986372,0.0,0.3061747,0.75894946
6111,38.130917,0.0,16.625147,43.330173,0.001012944,0.0,0.3324315,0.7589489
6112,30.97452,0.0,20.220737,43.330185,0.0011479179,0.0,0.33002704,0.75894827
6113,39.144566,0.0,25.565092,43.330227,0.0014642732,0.0,0.31949747,0.758948
6114,42.8923,0.0,36.684414,43.330265,0.0006753721,0.0,0.3504914,0.7589478
6115,44.38127,0.0,29.001741,43.33035,0.0009573287,0.0,0.28274882,0.7589489
6116,20.74074,0.0,29.736528,43.330456,0.0009865172,0.0,0.33055794,0.75894994
6117,40.84764,0.0,25.032776,43.33058,0.00079406955,0.0,0.2985977,0.7589506
6118,54.817528,0.0,27.56561,43.330708,0.0012210954,0.0,0.34154758,0.7589512
6119,40.121094,0.0,23.340086,43.33086,0.0009958558,0.0,0.29320866,0.7589515
6120,47.488926,0.0,21.594408,43.330963,0.0009935257,0.0,0.309728,0.7589516
6121,33.92899,0.0,22.606438,43.33105,0.0009366629,0.0,0.33007735,0.75895166
6122,35.500725,0.0,31.131771,43.331104,0.00091810775,0.0,0.33936954,0.7589515
6123,33.100677,0.0,19.685947,43.33119,0.00084122526,0.0,0.30226898,0.7589512
6124,82.78593,0.0,29.773125,43.33127,0.00093429524,0.0,0.32756776,0.7589564
6125,36.185402,0.0,42.815613,43.33135,0.0012258729,0.0,0.328359,0.7589609
6126,31.356588,0.0,29.022743,43.33141,0.00089038804,0.0,0.30736607,0.75897187
6127,38.860855,0.0,24.25689,43.331497,0.0010249966,0.0,0.30565315,0.758982
6128,51.828175,0.0,28.97019,43.331524,0.00088707096,0.0,0.31308562,0.75899106
6129,44.170696,0.0,17.739246,43.331535,0.0010248444,0.0,0.31363934,0.7589993
6130,46.062176,0.0,32.500305,43.331547,0.0010961666,0.0,0.33175033,0.75900716
6131,48.55196,0.0,46.55575,43.33154,0.0009105732,0.0,0.29649118,0.7590141
6132,32.806927,0.0,31.986946,43.331524,0.0010889242,0.0,0.29561457,0.7590203
6133,35.37226,0.0,23.845303,43.331543,0.00086740626,0.0,0.2830996,0.7590259
6134,39.518555,0.0,47.492237,43.331593,0.0007720649,0.0,0.32771683,0.75903076
6135,36.274155,0.0,24.992521,43.331543,0.00091734563,0.0,0.32695675,0.7590351
6136,34.118385,0.0,34.892464,43.331493,0.0008572314,0.0,0.31453246,0.75904065
6137,30.342403,0.0,35.254566,43.3315,0.0010366485,0.0,0.34683084,0.75904536
6138,44.990242,0.0,36.85642,43.331543,0.0009914486,0.0,0.31010914,0.7590497
6139,27.36018,0.0,31.274523,43.33157,0.001469353,0.0,0.29605085,0.75905347
6140,50.078785,0.0,25.104597,43.331562,0.00083855307,0.0,0.3173112,0.7590566
6141,68.70942,0.0,42.375614,43.331562,0.0011277818,0.0,0.31317568,0.75905937
6142,32.356167,0.0,47.190502,43.33153,0.001096223,0.0,0.32774958,0.75906175
6143,46.246662,0.0,17.362597,43.331505,0.00078319747,0.0,0.2940542,0.7590637
6144,37.49824,0.0,25.78707,43.331543,0.0008880861,0.0,0.31070918,0.7590654
6145,40.474583,0.0,17.513277,43.331596,0.0012130128,0.0,0.31126374,0.75906676
6146,53.027153,0.0,22.412806,43.331635,0.0010142847,0.0,0.3161121,0.7590677
6147,39.20249,0.0,17.619762,43.331684,0.00091424945,0.0,0.30514345,0.7590685
6148,45.416843,0.0,47.474876,43.331726,0.0009969742,0.0,0.35396406,0.7590691
6149,42.308178,0.0,30.484213,43.331768,0.00076668337,0.0,0.30958006,0.75906956
6150,61.42606,0.0,27.971888,43.331795,0.0007743705,0.0,0.3406613,0.7590696
6151,38.77954,0.0,26.202188,43.331795,0.00081538246,0.0,0.29750103,0.75906974
6152,39.053043,0.0,44.292645,43.331738,0.0010669879,0.0,0.31647205,0.7590696
6153,56.22616,0.0,27.18034,43.331684,0.0007356354,0.0,0.28591317,0.7590693
6154,42.777847,0.0,21.117414,43.331615,0.0011608745,0.0,0.32264784,0.75906897
6155,52.17853,0.0,22.792349,43.33155,0.0009286536,0.0,0.3557667,0.7590685
6156,36.82256,0.0,26.890417,43.33152,0.0008356222,0.0,0.29711935,0.75906795
6157,38.68588,0.0,27.67634,43.33153,0.0010461019,0.0,0.2953636,0.75906724
6158,34.424576,0.0,22.848137,43.33152,0.0010202116,0.0,0.35227805,0.7590665
6159,40.48023,0.0,21.31912,43.331535,0.0011289143,0.0,0.2955968,0.7590634
6160,42.867718,0.0,39.24208,43.33157,0.00090000767,0.0,0.28752032,0.7590605
6161,34.91417,0.0,26.733355,43.33159,0.001017867,0.0,0.3183123,0.7590577
6162,50.434025,0.0,28.136187,43.331635,0.0009994318,0.0,0.3131621,0.7590551
6163,38.1055,0.0,22.882221,43.331657,0.0012245992,0.0,0.3270688,0.75905263
6164,27.491335,0.0,26.208242,43.331676,0.00090114016,0.0,0.3439383,0.7590502
6165,35.620876,0.0,28.117022,43.3317,0.0013604243,0.0,0.33613476,0.75904787
6166,29.92089,0.0,24.109838,43.33174,0.0012009488,0.0,0.31956488,0.75904566
6167,36.613518,0.0,16.590845,43.331795,0.0008582121,0.0,0.35615847,0.75904346
6168,42.96096,0.0,23.460083,43.331837,0.0009243665,0.0,0.3495702,0.7590414
6169,43.717438,0.0,38.830063,43.331905,0.0010554814,0.0,0.33469194,0.75903904
6170,49.598846,0.0,46.871574,43.332,0.0011485431,0.0,0.34341276,0.75903666
6171,39.882122,0.0,17.773651,43.33209,0.00092516,0.0,0.32253322,0.7590344
6172,32.846836,0.0,17.517622,43.332176,0.0010679619,0.0,0.29852003,0.75903225
6173,40.029915,0.0,16.39494,43.33223,0.0012504808,0.0,0.34281883,0.7590301
6174,36.3869,0.0,22.070866,43.33227,0.0010537578,0.0,0.32016298,0.7590281
6175,27.863974,0.0,30.102226,43.33233,0.001100753,0.0,0.33072275,0.75902617
6176,27.93328,0.0,28.754766,43.33241,0.00096982316,0.0,0.31965,0.7590242
6177,63.67797,0.0,18.260918,43.332497,0.0013978789,0.0,0.33548746,0.7590223
6178,34.35304,0.0,24.130987,43.332573,0.0011794296,0.0,0.33409208,0.75902045
6179,43.470562,0.0,18.415527,43.33262,0.0011170101,0.0,0.34554023,0.7590186
6180,44.314705,0.0,28.16668,43.33266,0.00094399124,0.0,0.3288039,0.7590167
6181,36.86533,0.0,17.382217,43.332664,0.0009839971,0.0,0.335998,0.75901496
6182,26.79263,0.0,21.863918,43.332645,0.0012973205,0.0,0.3142118,0.75901324
6183,45.15389,0.0,14.608889,43.332603,0.0010859817,0.0,0.3516396,0.7590115
6184,74.45458,0.0,22.516882,43.33256,0.0011413569,0.0,0.29568183,0.7590098
6185,34.898403,0.0,39.243076,43.332493,0.0008180576,0.0,0.31424227,0.7590081
6186,32.6507,0.0,45.181778,43.332466,0.0009214473,0.0,0.30918092,0.75900644
6187,35.15192,0.0,21.464872,43.332485,0.0016125081,0.0,0.33281624,0.7590046
6188,35.632576,0.0,29.049982,43.3325,0.0013281633,0.0,0.3124495,0.7590028
6189,35.277767,0.0,27.036493,43.33254,0.0012032241,0.0,0.2985226,0.759001
6190,37.815453,0.0,18.869083,43.332596,0.0011281798,0.0,0.30021188,0.75899744
6191,31.646471,0.0,23.542624,43.332676,0.0013147311,0.0,0.33148855,0.758994
6192,37.07733,0.0,32.453037,43.33276,0.0013741985,0.0,0.31945294,0.75899076
6193,40.481358,0.0,26.719383,43.332813,0.0010618039,0.0,0.3105371,0.75898767
6194,53.106655,0.0,36.551765,43.33284,0.0012797196,0.0,0.32057732,0.75898474
6195,32.511044,0.0,20.764656,43.33284,0.0011462893,0.0,0.29500824,0.758982
6196,39.660725,0.0,23.119913,43.33285,0.0012975784,0.0,0.3045584,0.75898296
6197,39.67653,0.0,32.783314,43.33286,0.0011478921,0.0,0.33558196,0.7589838
6198,37.76666,0.0,20.842852,43.33284,0.0011807746,0.0,0.36017805,0.7589844
6199,23.221453,0.0,31.299747,43.332855,0.0011787161,0.0,0.32596123,0.7589848
6200,53.94861,0.0,19.770403,43.33293,0.0013593662,0.0,0.30669343,0.75898516
6201,40.197475,0.0,38.11354,43.332996,0.0009328453,0.0,0.31595823,0.7589853
6202,44.192326,0.0,23.594482,43.333103,0.0010835634,0.0,0.3177752,0.75898516
6203,24.2546,0.0,19.112223,43.333195,0.0009549776,0.0,0.31475824,0.758985
6204,43.76122,0.0,21.23216,43.33324,0.0019197867,0.0,0.32574147,0.7589846
6205,52.46704,0.0,16.318665,43.33329,0.00087760563,0.0,0.28695244,0.75898427
6206,50.323494,0.0,30.3431,43.333344,0.0013553258,0.0,0.30521643,0.7589837
6207,58.611847,0.0,36.570206,43.333424,0.0010183648,0.0,0.32205948,0.75898826
6208,27.98746,0.0,17.740747,43.333553,0.0010569184,0.0,0.29305983,0.7589923
6209,28.704851,0.0,17.96534,43.333656,0.0010840981,0.0,0.32046697,0.75899583
6210,33.25833,0.0,50.425213,43.333763,0.001217703,0.0,0.28620613,0.7589988
6211,36.912773,0.0,24.793625,43.333775,0.0010467441,0.0,0.30149648,0.7590089
6212,47.899406,0.0,45.27736,43.33376,0.0010937289,0.0,0.31175256,0.75901794
6213,36.525482,0.0,28.587353,43.33374,0.0011530332,0.0,0.34061807,0.7590261
6214,41.590553,0.0,28.229118,43.333767,0.0013076195,0.0,0.31863645,0.7590334
6215,44.158676,0.0,32.46337,43.33379,0.0010312954,0.0,0.32922423,0.75903994
6216,32.01576,0.0,25.124796,43.3338,0.0008790756,0.0,0.32418457,0.75904566
6217,40.573517,0.0,24.435526,43.333843,0.0009424586,0.0,0.3037182,0.7590507
6218,40.785408,0.0,23.904522,43.333878,0.0010751443,0.0,0.32368922,0.75905526
6219,32.117397,0.0,22.709757,43.33391,0.001499133,0.0,0.32785767,0.7590584
6220,33.22908,0.0,20.005655,43.333973,0.0011007473,0.0,0.2852962,0.75906146
6221,36.8275,0.0,17.425203,43.333996,0.0011114951,0.0,0.32108474,0.75906396
6222,41.906746,0.0,24.372772,43.334038,0.0010947776,0.0,0.3122866,0.7590686
6223,27.622025,0.0,28.358198,43.334076,0.0015211392,0.0,0.3243691,0.7590727
6224,30.230362,0.0,25.819262,43.33415,0.0011565251,0.0,0.3391169,0.75907624
6225,25.45997,0.0,20.51589,43.334297,0.0011595425,0.0,0.30896163,0.7590793
6226,42.99608,0.0,19.22828,43.334454,0.0009641325,0.0,0.27974355,0.75908184
6227,44.046597,0.0,28.966158,43.33461,0.0009902738,0.0,0.31228,0.75908405
6228,46.307568,0.0,27.834911,43.33472,0.0012719376,0.0,0.32372165,0.75908583
6229,55.06876,0.0,26.959127,43.334785,0.0008749098,0.0,0.33279675,0.75908726
6230,29.193277,0.0,29.94067,43.334824,0.0009011933,0.0,0.33732635,0.75908846
6231,32.590614,0.0,29.755293,43.33492,0.0012243061,0.0,0.32149106,0.7590925
6232,32.111916,0.0,35.72766,43.334976,0.0008552143,0.0,0.2921037,0.7590962
6233,41.74389,0.0,22.650372,43.335014,0.0009719101,0.0,0.30462265,0.7590994
6234,34.71757,0.0,24.449577,43.335033,0.0011885829,0.0,0.3169952,0.7591024
6235,36.905533,0.0,29.993376,43.33507,0.0009925398,0.0,0.32165527,0.759105
6236,31.170015,0.0,20.409872,43.335133,0.0010380263,0.0,0.28106126,0.7591073
6237,34.72045,0.0,29.086618,43.335197,0.0009150416,0.0,0.31512755,0.75910914
6238,28.433851,0.0,23.975676,43.335278,0.00081201026,0.0,0.32380223,0.75911087
6239,36.59948,0.0,34.954815,43.33535,0.0010496044,0.0,0.33184326,0.7591121
6240,54.65305,0.0,19.230497,43.335472,0.0012601237,0.0,0.31605542,0.7591131
6241,21.486767,0.0,26.73614,43.335625,0.0011187189,0.0,0.32880616,0.75911367
6242,34.70353,0.0,58.58651,43.33579,0.0011688008,0.0,0.3084429,0.7591139
6243,34.229336,0.0,32.579876,43.335995,0.0009460361,0.0,0.34055084,0.7591149
6244,34.569904,0.0,29.778383,43.33618,0.0008414902,0.0,0.3116214,0.7591153
6245,24.590376,0.0,33.856747,43.33638,0.0010006803,0.0,0.32979563,0.75911564
6246,57.994175,0.0,21.396196,43.33656,0.0009477902,0.0,0.32032645,0.75911576
6247,35.753883,0.0,20.64101,43.336708,0.0011254464,0.0,0.2883259,0.75911564
6248,41.698994,0.0,25.593693,43.33684,0.00094803795,0.0,0.34358475,0.7591156
6249,49.48787,0.0,25.731129,43.337013,0.0010203712,0.0,0.32352775,0.7591153
6250,32.13213,0.0,29.396303,43.337135,0.00086297456,0.0,0.34361157,0.75911486
6251,28.581064,0.0,41.44619,43.337242,0.0008535522,0.0,0.29820812,0.7591143
6252,34.29955,0.0,18.717781,43.33729,0.0012555759,0.0,0.30510008,0.7591137
6253,38.066414,0.0,15.482261,43.337345,0.00086854387,0.0,0.32325256,0.75911725
6254,25.176643,0.0,19.034472,43.33739,0.00091318705,0.0,0.309738,0.75912046
6255,45.038258,0.0,19.745495,43.33743,0.00082383247,0.0,0.3265532,0.75912315
6256,39.005455,0.0,32.0885,43.33746,0.0012531597,0.0,0.3588032,0.7591249
6257,30.909704,0.0,17.811522,43.33749,0.00086765294,0.0,0.3012852,0.7591262
6258,50.443787,0.0,32.03698,43.33751,0.0010088817,0.0,0.32426807,0.7591273
6259,40.472317,0.0,26.92334,43.337563,0.00076567003,0.0,0.32034,0.7591284
6260,33.313385,0.0,16.655123,43.33761,0.00077620975,0.0,0.33159804,0.75912756
6261,27.575296,0.0,19.551966,43.337654,0.0010376207,0.0,0.2891733,0.75912684
6262,43.610043,0.0,15.548869,43.3377,0.0010234696,0.0,0.3215549,0.75912595
6263,33.12269,0.0,24.607044,43.33776,0.00092073483,0.0,0.29332992,0.75912505
6264,36.05384,0.0,21.37979,43.337784,0.00096061593,0.0,0.31535423,0.75912
6265,40.03349,0.0,16.311901,43.33776,0.0010652724,0.0,0.31388092,0.7591152
6266,42.465466,0.0,28.63088,43.337738,0.0009830875,0.0,0.32791787,0.7591108
6267,48.843098,0.0,21.912981,43.337746,0.0010691754,0.0,0.28708762,0.75910676
6268,42.718906,0.0,15.525789,43.33776,0.0008649167,0.0,0.3236806,0.7591029
6269,36.266994,0.0,14.291697,43.3378,0.0010165228,0.0,0.29660505,0.7590993
6270,34.586212,0.0,22.434746,43.33784,0.00080028817,0.0,0.3012595,0.759096
6271,43.971184,0.0,19.694683,43.337837,0.0014129728,0.0,0.3048064,0.75909275
6272,42.445164,0.0,17.779484,43.337837,0.0011013246,0.0,0.33426708,0.75908977
6273,24.53888,0.0,19.665783,43.33783,0.001048337,0.0,0.3098976,0.75908697
6274,41.889698,0.0,28.174576,43.33781,0.0010226443,0.0,0.30679506,0.75908417
6275,32.63029,0.0,16.160358,43.337757,0.0009477115,0.0,0.3437996,0.7590816
6276,37.234417,0.0,20.593645,43.33768,0.00085898244,0.0,0.33311883,0.7590791
6277,30.374138,0.0,34.20528,43.337627,0.0010888814,0.0,0.31566045,0.75907665
6278,26.380077,0.0,28.755274,43.33759,0.00092756574,0.0,0.30656555,0.75907254
6279,56.68409,0.0,24.981543,43.33749,0.0010390333,0.0,0.33173615,0.75906867
6280,38.16284,0.0,23.72284,43.337418,0.0015128114,0.0,0.30850396,0.7590647
6281,32.999504,0.0,21.322172,43.33735,0.0010932607,0.0,0.31054688,0.7590609
6282,32.177944,0.0,24.680656,43.33728,0.0008150162,0.0,0.3181128,0.7590577
6283,38.197163,0.0,21.244463,43.337234,0.0014864807,0.0,0.27905315,0.7590546
6284,33.38645,0.0,28.314,43.337193,0.00091998203,0.0,0.35206994,0.7590517
6285,39.203514,0.0,31.040646,43.337185,0.00072066224,0.0,0.3452451,0.75904876
6286,30.305481,0.0,24.296476,43.337173,0.0009868168,0.0,0.35116968,0.7590462
6287,55.61628,0.0,36.54379,43.33714,0.00093963085,0.0,0.34284574,0.75904614
6288,42.430264,0.0,37.914146,43.337097,0.0009968041,0.0,0.36632642,0.759046
6289,37.63912,0.0,36.215958,43.33703,0.0008721887,0.0,0.34128067,0.7590558
6290,27.673164,0.0,26.942194,43.33696,0.00083180785,0.0,0.30876654,0.7590651
6291,45.518017,0.0,22.293917,43.336845,0.0011085587,0.0,0.33059222,0.7590734
6292,45.467415,0.0,18.908585,43.336735,0.0009672629,0.0,0.30380568,0.75908077
6293,38.595726,0.0,18.312056,43.336624,0.0011725494,0.0,0.3148077,0.7590874
6294,33.555916,0.0,20.538584,43.33654,0.0011502568,0.0,0.26536638,0.7590931
6295,28.389841,0.0,21.647564,43.336445,0.0007743036,0.0,0.3276951,0.75909674
6296,30.362154,0.0,17.397436,43.336338,0.0009885662,0.0,0.30957225,0.7590999
6297,30.46735,0.0,21.671589,43.336243,0.0009614853,0.0,0.30967516,0.7590972
6298,31.858044,0.0,18.58789,43.33614,0.0010531095,0.0,0.33500132,0.7590962
6299,27.685957,0.0,29.667679,43.33606,0.0010602789,0.0,0.31507716,0.7590953
6300,38.69321,0.0,23.406385,43.33596,0.0007078148,0.0,0.3433549,0.7590946
6301,31.792854,0.0,17.461535,43.335896,0.00086151005,0.0,0.3130978,0.7590875
6302,44.3256,0.0,25.076078,43.33581,0.0011089708,0.0,0.34410328,0.75908107
6303,44.340332,0.0,15.751912,43.335766,0.001107099,0.0,0.3329788,0.7590753
6304,21.882494,0.0,19.87456,43.335712,0.0011500036,0.0,0.30869627,0.75907
6305,32.390224,0.0,22.658361,43.33576,0.000909089,0.0,0.3458736,0.7590652
6306,25.394697,0.0,25.624088,43.335804,0.00081987627,0.0,0.30729288,0.75906074
6307,41.006058,0.0,33.033215,43.335857,0.0012885188,0.0,0.32233697,0.7590565
6308,29.066544,0.0,33.400303,43.335915,0.0007136442,0.0,0.3145257,0.75905263
6309,26.307161,0.0,28.069935,43.336014,0.0007993485,0.0,0.32939798,0.7590478
6310,55.813034,0.0,19.875305,43.336075,0.0008033721,0.0,0.30933446,0.7590435
6311,31.328255,0.0,31.903374,43.336105,0.0010421913,0.0,0.3122757,0.75903934
6312,33.53761,0.0,25.423973,43.33613,0.0009486423,0.0,0.3027965,0.75903505
6313,37.68528,0.0,25.948807,43.336147,0.0006710151,0.0,0.29861957,0.7590293
6314,49.80937,0.0,22.84538,43.336166,0.0008850921,0.0,0.29244432,0.7590239
6315,38.526703,0.0,18.709343,43.336178,0.0009304627,0.0,0.30843425,0.7590184
6316,31.842293,0.0,35.258945,43.336212,0.0006102581,0.0,0.28843755,0.75901306
6317,43.790455,0.0,30.671211,43.336254,0.00093862717,0.0,0.32724708,0.75900805
6318,46.108166,0.0,49.35068,43.336285,0.0006732281,0.0,0.2940483,0.75900364
6319,29.778316,0.0,29.35037,43.336323,0.00092064124,0.0,0.3120707,0.7589995
6320,52.307137,0.0,22.804373,43.33638,0.0010219085,0.0,0.32611886,0.7589957
6321,51.607243,0.0,18.25785,43.33642,0.00074652367,0.0,0.31977636,0.758992
6322,31.210709,0.0,22.33032,43.336452,0.0012496886,0.0,0.3220187,0.7589886
6323,36.481224,0.0,19.360731,43.33652,0.0010083976,0.0,0.31067383,0.75898546
6324,45.713554,0.0,28.536167,43.336563,0.00085835555,0.0,0.3441226,0.7589824
6325,44.83852,0.0,31.06645,43.336597,0.0007848152,0.0,0.30649304,0.7589796
6326,35.5315,0.0,39.337048,43.336624,0.0011545458,0.0,0.30534226,0.7589768
6327,41.153934,0.0,18.285906,43.336655,0.0011142241,0.0,0.33194017,0.7589742
6328,45.63231,0.0,19.004194,43.3367,0.0009900167,0.0,0.33324847,0.75897163
6329,43.25415,0.0,23.28085,43.336716,0.0010196918,0.0,0.36778468,0.7589692
6330,53.133602,0.0,33.667755,43.33673,0.00085917406,0.0,0.3317233,0.7589669
6331,43.710228,0.0,25.689337,43.33672,0.0011119971,0.0,0.36433023,0.75896466
6332,47.361454,0.0,31.973507,43.33671,0.00095576,0.0,0.32800952,0.75896645
6333,43.907578,0.0,26.740158,43.3367,0.0010002649,0.0,0.32816646,0.75896794
6334,31.746813,0.0,20.191252,43.33671,0.0007923221,0.0,0.31476372,0.7589693
6335,39.337135,0.0,25.074944,43.336708,0.0014920854,0.0,0.33682773,0.75897133
6336,45.954002,0.0,39.06718,43.33669,0.0009535723,0.0,0.31952724,0.758973
6337,41.881992,0.0,22.3171,43.336597,0.00090503285,0.0,0.31997678,0.7589744
6338,42.27609,0.0,14.980038,43.33652,0.0009236819,0.0,0.32272786,0.75897557
6339,35.048447,0.0,15.982784,43.336475,0.0009516747,0.0,0.33437747,0.75897646
6340,37.6628,0.0,25.615665,43.33644,0.0008269758,0.0,0.29304463,0.7589771
6341,45.00959,0.0,30.986479,43.336407,0.0010786336,0.0,0.32628554,0.7589776
6342,33.422455,0.0,16.605831,43.33642,0.0009370788,0.0,0.3208812,0.75898093
6343,34.45912,0.0,23.987694,43.336414,0.00082990003,0.0,0.31585184,0.7589836
6344,35.785637,0.0,25.067533,43.336388,0.0009798475,0.0,0.30442238,0.75898665
6345,47.474216,0.0,27.869705,43.336365,0.0010178636,0.0,0.3069268,0.75898916
6346,31.056421,0.0,27.268688,43.336372,0.0008228777,0.0,0.32359907,0.75899124
6347,46.354465,0.0,22.098091,43.33639,0.0010758666,0.0,0.30692708,0.75899315
6348,43.926365,0.0,21.432804,43.33639,0.0008108951,0.0,0.3115097,0.7589946
6349,33.59523,0.0,24.197618,43.336426,0.00073276553,0.0,0.3115986,0.75899374
6350,39.348904,0.0,38.53006,43.33644,0.00081341655,0.0,0.29004306,0.7589929
6351,32.851723,0.0,27.664143,43.33642,0.0012336088,0.0,0.30458623,0.7589918
6352,45.26814,0.0,25.850332,43.336395,0.00179084,0.0,0.3087259,0.7589875
6353,38.84856,0.0,32.02158,43.33635,0.0008100592,0.0,0.30342445,0.75898325
6354,33.898388,0.0,30.925085,43.33628,0.0008881772,0.0,0.32248652,0.75900346
6355,25.996428,0.0,26.262083,43.336243,0.00092689664,0.0,0.33601475,0.75902176
6356,37.386032,0.0,30.368917,43.33618,0.0017543666,0.0,0.31440037,0.7590384
6357,60.171947,0.0,22.411657,43.336166,0.0012786973,0.0,0.38543445,0.75905347
6358,34.508045,0.0,23.490221,43.336163,0.00077580323,0.0,0.30946344,0.75906646
6359,34.939373,0.0,25.041862,43.3362,0.0010143355,0.0,0.32332516,0.75907826
6360,31.522282,0.0,21.612183,43.33627,0.0010702028,0.0,0.3118827,0.7590888
6361,49.503426,0.0,25.606188,43.33634,0.0012780363,0.0,0.31930602,0.75909483
6362,34.626892,0.0,22.440052,43.33638,0.0012124812,0.0,0.3307752,0.75910026
6363,68.078384,0.0,13.382487,43.33644,0.0009710406,0.0,0.27819848,0.75910497
6364,29.170609,0.0,20.9135,43.3365,0.0009116141,0.0,0.33120698,0.7591091
6365,31.615572,0.0,33.02252,43.336555,0.001055667,0.0,0.31237835,0.75911283
6366,42.404808,0.0,19.684116,43.336643,0.00123933,0.0,0.31904995,0.75911593
6367,39.570297,0.0,29.059935,43.336742,0.0010810442,0.0,0.33887562,0.75911474
6368,36.606358,0.0,28.156282,43.33684,0.00086840073,0.0,0.3259178,0.75911367
6369,41.82426,0.0,38.052177,43.336964,0.0012150151,0.0,0.34798843,0.75911266
6370,64.48644,0.0,34.480183,43.337074,0.0010839424,0.0,0.30247003,0.7591117
6371,33.328434,0.0,21.853159,43.337166,0.0012051289,0.0,0.28595632,0.7591108
6372,45.68445,0.0,18.233416,43.337246,0.00076776545,0.0,0.32930666,0.75910985
6373,32.75469,0.0,25.916258,43.337296,0.0010064514,0.0,0.31268844,0.759109
6374,54.878185,0.0,28.79069,43.337334,0.0008720956,0.0,0.27494663,0.75910896
6375,37.29172,0.0,23.40483,43.33734,0.0010115115,0.0,0.31565195,0.7591088
6376,28.568768,0.0,19.761776,43.337357,0.0008236716,0.0,0.32618898,0.75910854
6377,34.184666,0.0,19.864819,43.337345,0.0012866374,0.0,0.31752288,0.75910836
6378,30.756563,0.0,20.31374,43.337334,0.0011518938,0.0,0.26543707,0.75910807
6379,31.020573,0.0,22.025614,43.3373,0.00088891573,0.0,0.3403468,0.7591069
6380,29.342089,0.0,18.5189,43.33726,0.0009531338,0.0,0.27692074,0.75910574
6381,57.76659,0.0,16.7331,43.33722,0.0010294237,0.0,0.33498165,0.75910455
6382,45.141575,0.0,33.01455,43.337193,0.00090020447,0.0,0.3001247,0.7591034
6383,43.232227,0.0,17.905556,43.337166,0.0010376404,0.0,0.30750048,0.7591022
6384,45.34072,0.0,19.072441,43.337162,0.0007120597,0.0,0.3144291,0.75910103
6385,53.194553,0.0,21.941004,43.33713,0.0010584025,0.0,0.33065867,0.7590997
6386,35.325806,0.0,28.345495,43.337097,0.0011339702,0.0,0.34064135,0.75909853
6387,36.97837,0.0,23.817886,43.3371,0.0007784038,0.0,0.33365828,0.7590988
6388,30.33728,0.0,16.758684,43.33709,0.001205043,0.0,0.32344005,0.759099
6389,36.017487,0.0,23.43452,43.337086,0.0011040703,0.0,0.36399993,0.7590993
6390,34.54223,0.0,25.748796,43.3371,0.00086457905,0.0,0.33125326,0.7590992
6391,37.383495,0.0,20.138994,43.337128,0.0013808518,0.0,0.31634066,0.759099
6392,44.695507,0.0,18.063356,43.33716,0.00069720065,0.0,0.32117265,0.7590989
6393,35.33384,0.0,20.516308,43.337196,0.0014788888,0.0,0.35093173,0.7590986
6394,36.298958,0.0,20.680607,43.33727,0.0009862975,0.0,0.3239885,0.7590981
6395,47.6538,0.0,25.16844,43.337315,0.00077350286,0.0,0.27901223,0.7590976
6396,35.55515,0.0,20.52907,43.337387,0.0012096487,0.0,0.31219852,0.7590969
6397,58.138027,0.0,32.54851,43.337452,0.0009223755,0.0,0.31930113,0.75909626
6398,25.175581,0.0,28.357235,43.33751,0.0011085633,0.0,0.29276848,0.7590967
6399,40.884888,0.0,19.336403,43.337597,0.0013084379,0.0,0.308303,0.75909686
6400,27.148329,0.0,19.403582,43.337673,0.0010652769,0.0,0.3306141,0.75910896
6401,41.244377,0.0,31.832067,43.337753,0.0009761526,0.0,0.3022621,0.7591143
6402,33.10785,0.0,32.309685,43.337814,0.0014362282,0.0,0.30084604,0.7591189
6403,41.71964,0.0,27.932741,43.33787,0.0008922645,0.0,0.28943124,0.7591231
6404,34.501587,0.0,21.546204,43.337917,0.0012914008,0.0,0.33070192,0.75912684
6405,30.7311,0.0,20.067163,43.33794,0.0010011478,0.0,0.3192125,0.7591301
6406,28.073147,0.0,16.055387,43.337936,0.0012714916,0.0,0.33789146,0.75913876
6407,42.0798,0.0,16.840523,43.33791,0.0014163973,0.0,0.33304673,0.7591466
6408,25.26047,0.0,20.389225,43.337902,0.0011774013,0.0,0.3491016,0.75915354
6409,49.234856,0.0,20.496782,43.337894,0.001094643,0.0,0.31402382,0.75915986
6410,58.86629,0.0,26.156681,43.33789,0.001731789,0.0,0.37089667,0.7591654
6411,42.953857,0.0,26.518337,43.337887,0.0011013336,0.0,0.29453182,0.7591704
6412,39.427715,0.0,18.910957,43.337917,0.0010932498,0.0,0.3248482,0.7591747
6413,37.018936,0.0,21.202864,43.337967,0.001185413,0.0,0.3369233,0.7591786
6414,38.88751,0.0,15.443846,43.337975,0.0015805287,0.0,0.34483883,0.7591816
6415,42.585335,0.0,20.724154,43.337986,0.0011480134,0.0,0.3193097,0.75918436
6416,42.352814,0.0,19.021832,43.338017,0.0009932645,0.0,0.34936115,0.7591867
6417,41.981346,0.0,20.1212,43.338028,0.00090545224,0.0,0.30049133,0.7591886
6418,47.97189,0.0,34.84031,43.338036,0.0011620339,0.0,0.30383015,0.75919086
6419,46.780334,0.0,18.890173,43.338024,0.00081839215,0.0,0.31984335,0.759193
6420,51.11883,0.0,25.486498,43.338036,0.0011358098,0.0,0.3427044,0.7591946
6421,36.465908,0.0,19.577425,43.33805,0.00083034346,0.0,0.31839845,0.7591961
6422,53.521782,0.0,18.359146,43.338085,0.0012477797,0.0,0.33953917,0.7591974
6423,33.039207,0.0,15.648965,43.338123,0.0010871068,0.0,0.32256767,0.7591979
6424,47.840115,0.0,21.857887,43.338158,0.00091552397,0.0,0.3307821,0.7591975
6425,37.00017,0.0,27.898075,43.338226,0.0025553321,0.0,0.32878426,0.7591971
6426,34.502644,0.0,20.50992,43.338318,0.001262404,0.0,0.31556076,0.7591967
6427,46.830128,0.0,29.28027,43.3384,0.0010492294,0.0,0.31904355,0.759196
6428,24.612417,0.0,27.17593,43.338562,0.0012211087,0.0,0.30926096,0.7591953
6429,27.200724,0.0,24.588165,43.338726,0.0010390411,0.0,0.32701313,0.75919455
6430,20.383575,0.0,27.531096,43.33889,0.0012610595,0.0,0.3267836,0.7591937
6431,56.32649,0.0,29.143787,43.339058,0.0009218411,0.0,0.32648203,0.75919276
6432,31.133593,0.0,18.169893,43.339176,0.0010068921,0.0,0.30189586,0.75919193
6433,37.689373,0.0,30.120419,43.339302,0.001200051,0.0,0.30679256,0.7591911
6434,35.872078,0.0,18.277721,43.339386,0.0009250399,0.0,0.30687785,0.75918996
6435,39.107925,0.0,31.069185,43.339462,0.0013025827,0.0,0.3412101,0.75919557
6436,44.013386,0.0,30.490185,43.33947,0.0009059328,0.0,0.30430582,0.7592004
6437,49.296284,0.0,19.395689,43.339417,0.0011812317,0.0,0.3089996,0.7592053
6438,45.057373,0.0,17.986217,43.33939,0.001268418,0.0,0.28893656,0.7592095
6439,38.45067,0.0,16.449837,43.339386,0.0010132606,0.0,0.34653217,0.7592127
6440,26.584656,0.0,16.61664,43.339386,0.0010225755,0.0,0.33810505,0.7592155
6441,30.91138,0.0,30.187977,43.339394,0.0013724873,0.0,0.30923143,0.7592174
6442,37.02089,0.0,33.638878,43.33942,0.0011489808,0.0,0.32991853,0.7592189
6443,47.79688,0.0,22.203846,43.33946,0.0011210288,0.0,0.30884647,0.7592202
6444,41.037384,0.0,32.074356,43.3395,0.001057269,0.0,0.33569616,0.75922126
6445,32.0333,0.0,24.260466,43.339558,0.0013186544,0.0,0.35558933,0.75922215
6446,30.786072,0.0,28.301294,43.33965,0.00090014,0.0,0.31628257,0.7592223
6447,37.779636,0.0,27.3481,43.339752,0.0010952743,0.0,0.26850766,0.7592194
6448,69.53234,0.0,16.759392,43.33984,0.0009756386,0.0,0.3265224,0.7592166
6449,28.311878,0.0,14.526206,43.33991,0.0012487365,0.0,0.316819,0.75921637
6450,36.88847,0.0,23.142525,43.33995,0.0011159682,0.0,0.30936548,0.7592161
6451,29.566889,0.0,27.546892,43.33998,0.00091725914,0.0,0.30783913,0.7592158
6452,35.094578,0.0,33.600494,43.340057,0.0009852722,0.0,0.32371917,0.7592156
6453,33.76333,0.0,41.38119,43.340153,0.0011039929,0.0,0.32930732,0.7592154
6454,64.7282,0.0,30.565474,43.340206,0.0008671649,0.0,0.30505267,0.75921506
6455,26.357233,0.0,21.991934,43.34019,0.0014036016,0.0,0.3144639,0.7592146
6456,41.11094,0.0,22.743279,43.340164,0.0012602342,0.0,0.30588028,0.7592143
6457,37.72999,0.0,21.390987,43.340115,0.0010450238,0.0,0.39225912,0.75921357
6458,47.325,0.0,21.925175,43.340015,0.0010249529,0.0,0.34862226,0.75921655
6459,25.948927,0.0,16.863365,43.33993,0.0010993098,0.0,0.29947776,0.75921816
6460,42.245167,0.0,15.223102,43.339863,0.0010088951,0.0,0.293043,0.7592196
6461,41.89675,0.0,19.870796,43.33979,0.0008678508,0.0,0.32400286,0.7592208
6462,43.81253,0.0,25.623775,43.33973,0.0011338432,0.0,0.32687616,0.75922173
6463,42.06808,0.0,27.106318,43.33967,0.0009401857,0.0,0.34445056,0.7592223
6464,70.005424,0.0,17.914797,43.33966,0.0010058123,0.0,0.28439206,0.75922257
6465,34.893982,0.0,16.456255,43.33966,0.0009430965,0.0,0.3003583,0.7592226
6466,51.97662,0.0,21.889757,43.33964,0.001179372,0.0,0.3083071,0.7592225
6467,27.714787,0.0,20.810894,43.339626,0.0010657876,0.0,0.31530076,0.7592222
6468,38.53928,0.0,17.09107,43.339596,0.0013147595,0.0,0.30935663,0.75922185
6469,32.68208,0.0,16.470402,43.33957,0.0011881257,0.0,0.26987526,0.75922143
6470,25.055656,0.0,24.815344,43.33954,0.00084235583,0.0,0.31273812,0.75922084
6471,32.41616,0.0,19.866344,43.339493,0.0010293094,0.0,0.3206082,0.7592202
6472,53.54697,0.0,19.722738,43.339443,0.0009993943,0.0,0.30064768,0.7592194
6473,32.12185,0.0,22.715813,43.339386,0.0010803172,0.0,0.3280729,0.75921863
6474,33.722538,0.0,23.380379,43.339336,0.00085682236,0.0,0.35576087,0.7592176
6475,39.05272,0.0,18.785807,43.339275,0.0009903245,0.0,0.32550305,0.7592167
6476,29.411507,0.0,35.01426,43.3392,0.00094110204,0.0,0.32902256,0.75921565
6477,38.474434,0.0,27.521498,43.33913,0.001020219,0.0,0.33124828,0.75921464
6478,25.688463,0.0,22.778618,43.339066,0.0010174792,0.0,0.33005747,0.7592136
6479,34.62118,0.0,25.899145,43.339024,0.0010943053,0.0,0.29639053,0.75921255
6480,49.736973,0.0,15.149896,43.339,0.00072360266,0.0,0.32462972,0.75921124
6481,47.152718,0.0,18.818514,43.33895,0.00092320953,0.0,0.30336523,0.7592191
6482,31.30284,0.0,19.565516,43.33891,0.0013714456,0.0,0.32816666,0.7592264
6483,38.7447,0.0,18.439722,43.338863,0.0010106124,0.0,0.33324608,0.75923294
6484,42.229397,0.0,19.412954,43.33881,0.0012802806,0.0,0.30722284,0.7592389
6485,41.940666,0.0,26.40189,43.338768,0.0008590714,0.0,0.30616683,0.7592442
6486,33.47925,0.0,18.75507,43.338753,0.0013100998,0.0,0.3232636,0.75924915
6487,35.129906,0.0,38.90098,43.338745,0.0014750387,0.0,0.3411822,0.75925344
6488,45.998478,0.0,19.742931,43.33872,0.0010277865,0.0,0.2969836,0.7592572
6489,33.988007,0.0,36.522663,43.338703,0.001086934,0.0,0.30857274,0.7592606
6490,44.942024,0.0,32.550034,43.338707,0.00084514765,0.0,0.33038282,0.75926346
6491,53.994293,0.0,16.902216,43.33872,0.0011348067,0.0,0.30805573,0.759266
6492,34.48692,0.0,14.9390135,43.338768,0.00086190645,0.0,0.33632147,0.75926816
6493,21.89978,0.0,20.28551,43.338806,0.00082243717,0.0,0.318498,0.75926995
6494,26.997797,0.0,20.247688,43.338856,0.0012840778,0.0,0.30507487,0.75927144
6495,34.336643,0.0,18.018993,43.33891,0.0011795253,0.0,0.3035054,0.75927263
6496,40.795776,0.0,18.5629,43.338936,0.0011051941,0.0,0.3458978,0.7592736
6497,48.567905,0.0,21.520569,43.338947,0.0011745094,0.0,0.317707,0.7592743
6498,23.43577,0.0,32.67142,43.338966,0.0010897925,0.0,0.34711146,0.7592748
6499,41.358894,0.0,18.308113,43.33895,0.0012119793,0.0,0.34261256,0.7592712
6500,53.754963,0.0,22.325077,43.338966,0.0010244825,0.0,0.3526096,0.7592679
6501,41.813057,0.0,22.599377,43.339016,0.0012923772,0.0,0.33866245,0.7592649
6502,32.465797,0.0,21.615568,43.339043,0.0014350207,0.0,0.31838137,0.75926197
6503,45.56011,0.0,24.92462,43.339066,0.001138961,0.0,0.30424434,0.7592593
6504,28.508934,0.0,22.674511,43.33907,0.0014544115,0.0,0.33571085,0.7592568
6505,52.8154,0.0,18.631754,43.33909,0.0015228214,0.0,0.30879527,0.75925434
6506,41.164474,0.0,24.187012,43.33912,0.0008749454,0.0,0.3189921,0.7592521
6507,32.908978,0.0,27.949219,43.33909,0.0015542292,0.0,0.3344613,0.7592501
6508,34.55949,0.0,19.18772,43.339024,0.0011831009,0.0,0.28481805,0.75924814
6509,41.0287,0.0,23.321976,43.33897,0.0011285429,0.0,0.30886668,0.7592464
6510,41.949196,0.0,29.201237,43.338917,0.0014992882,0.0,0.30123544,0.7592445
6511,35.215973,0.0,18.282854,43.338856,0.0009243535,0.0,0.2642748,0.7592407
6512,20.157007,0.0,22.319944,43.33882,0.0009269164,0.0,0.3161466,0.759237
6513,30.405834,0.0,20.226936,43.338806,0.00091489626,0.0,0.3227441,0.7592336
6514,32.16285,0.0,13.879041,43.338783,0.0011296981,0.0,0.35376978,0.75923014
6515,40.920353,0.0,33.18527,43.338745,0.0017654164,0.0,0.2970835,0.7592271
6516,36.801807,0.0,18.568539,43.338737,0.0010166827,0.0,0.29815936,0.7592242
6517,58.28115,0.0,17.605896,43.33871,0.001190149,0.0,0.29573303,0.7592213
6518,33.992435,0.0,20.618233,43.3387,0.0019011329,0.0,0.32584178,0.7592187
6519,46.16805,0.0,14.325797,43.33871,0.0015589049,0.0,0.28600937,0.759216
6520,58.84069,0.0,18.83564,43.338745,0.0011012505,0.0,0.29750726,0.7592136
6521,36.461197,0.0,25.689537,43.33874,0.0009803448,0.0,0.33555818,0.75921124
6522,29.875948,0.0,39.759865,43.338757,0.0014517915,0.0,0.32936108,0.7592091
6523,44.777878,0.0,29.973219,43.33874,0.0016055999,0.0,0.32486176,0.7592069
6524,52.469025,0.0,23.86475,43.338734,0.0012746246,0.0,0.35119718,0.75920475
6525,33.814804,0.0,15.634599,43.3388,0.0012339238,0.0,0.3044656,0.7592026
6526,36.288433,0.0,19.420275,43.33884,0.0011743483,0.0,0.29620096,0.7592007
6527,36.111034,0.0,27.383207,43.33889,0.001631928,0.0,0.31978214,0.7591988
6528,30.508524,0.0,32.69768,43.33892,0.0011688364,0.0,0.31467518,0.7591968
6529,45.163486,0.0,23.440763,43.33895,0.0009908697,0.0,0.30354786,0.75919497
6530,38.509563,0.0,21.348955,43.33897,0.0014546928,0.0,0.30128086,0.75919265
6531,38.08322,0.0,15.308687,43.338978,0.00096008135,0.0,0.33328924,0.75919044
6532,43.62589,0.0,20.299511,43.339,0.0007750061,0.0,0.31807002,0.75918823
6533,36.330784,0.0,26.369612,43.339043,0.0010049595,0.0,0.33876377,0.75918615
6534,29.7861,0.0,36.506985,43.33908,0.0010675522,0.0,0.3505884,0.75918436
6535,47.835617,0.0,13.676377,43.339073,0.0009212955,0.0,0.35065985,0.7591827
6536,44.771553,0.0,28.529411,43.33907,0.0013333729,0.0,0.34888086,0.759181
6537,32.31781,0.0,24.259783,43.339054,0.0011397251,0.0,0.32337946,0.7591795
6538,30.81558,0.0,35.250088,43.33906,0.0010454135,0.0,0.3014235,0.75917774
6539,33.784214,0.0,20.82054,43.339092,0.00092028757,0.0,0.35094756,0.75917614
6540,48.10319,0.0,22.670425,43.339092,0.00124772,0.0,0.3230366,0.7591746
6541,29.175276,0.0,27.843948,43.339066,0.0010213235,0.0,0.31381124,0.7591729
6542,42.78103,0.0,24.529589,43.33906,0.000969212,0.0,0.29351354,0.75917137
6543,33.998695,0.0,35.391144,43.33907,0.0013319138,0.0,0.30900896,0.7591698
6544,57.516644,0.0,37.59859,43.339077,0.0012546681,0.0,0.28926358,0.7591682
6545,33.826855,0.0,15.156974,43.339073,0.001205298,0.0,0.31416202,0.75916743
6546,36.883152,0.0,17.692797,43.33909,0.0009568408,0.0,0.35155854,0.75916666
6547,31.740091,0.0,22.999697,43.339077,0.0009406138,0.0,0.31052503,0.75916564
6548,44.611664,0.0,24.594307,43.339043,0.0016048693,0.0,0.30960503,0.75916463
6549,31.116545,0.0,20.631128,43.33902,0.0010521112,0.0,0.34538168,0.75916356
6550,38.52821,0.0,20.287722,43.339012,0.00086487737,0.0,0.32664293,0.7591625
6551,37.29254,0.0,17.369467,43.339,0.00096921314,0.0,0.33238322,0.7591607
6552,37.879192,0.0,13.685801,43.339,0.0011155044,0.0,0.33527392,0.759159
6553,50.15355,0.0,41.81844,43.339016,0.0010745719,0.0,0.3239575,0.7591573
6554,50.64605,0.0,26.914087,43.339035,0.0007442727,0.0,0.2911591,0.75915515
6555,27.028303,0.0,18.283876,43.339027,0.0011170555,0.0,0.3220323,0.75915325
6556,32.86692,0.0,26.155449,43.339012,0.0010106442,0.0,0.2976247,0.75915074
6557,34.267567,0.0,18.977207,43.339,0.0009699953,0.0,0.31131488,0.75914913
6558,38.389534,0.0,38.043514,43.338978,0.0009979282,0.0,0.32838833,0.75915474
6559,46.994045,0.0,22.272913,43.33903,0.00091785425,0.0,0.34407687,0.75915986
6560,32.48856,0.0,24.376936,43.339092,0.00086665706,0.0,0.33433092,0.7591643
6561,54.76063,0.0,21.340456,43.33916,0.0013331566,0.0,0.30915618,0.7591682
6562,38.38846,0.0,15.492252,43.339214,0.0010059134,0.0,0.35812074,0.7591718
6563,24.250809,0.0,18.01807,43.33929,0.0009954203,0.0,0.32317406,0.7591748
6564,39.629307,0.0,24.79152,43.33936,0.0009991968,0.0,0.31907073,0.7591775
6565,34.655167,0.0,16.726145,43.33942,0.0007936618,0.0,0.3171416,0.7591783
6566,46.722755,0.0,36.894203,43.339474,0.0013654816,0.0,0.3170507,0.7591789
6567,35.324757,0.0,31.038818,43.33947,0.000779002,0.0,0.35629925,0.7591793
6568,40.845005,0.0,38.708755,43.339504,0.0007871296,0.0,0.30936584,0.7591795
6569,27.879822,0.0,16.77613,43.339577,0.00090191,0.0,0.33242396,0.75917864
6570,38.259266,0.0,23.905191,43.33964,0.001150166,0.0,0.31889018,0.7591778
6571,24.988785,0.0,19.85382,43.33973,0.00091655273,0.0,0.33309025,0.7591769
6572,29.293987,0.0,22.087389,43.33978,0.0011292879,0.0,0.33187634,0.7591758
6573,51.87735,0.0,17.761019,43.3398,0.0011488637,0.0,0.31299967,0.7591746
6574,34.540684,0.0,20.4245,43.339817,0.001078601,0.0,0.32161978,0.75917333
6575,36.467598,0.0,23.91685,43.339783,0.0012238302,0.0,0.3302834,0.7591721
6576,65.670715,0.0,20.108505,43.339752,0.0015576178,0.0,0.3242347,0.7591709
6577,41.737946,0.0,27.132471,43.339706,0.0011455356,0.0,0.30451173,0.7591695
6578,44.424103,0.0,25.870546,43.33966,0.000903756,0.0,0.3276597,0.759166
6579,36.32372,0.0,15.165175,43.339615,0.001379,0.0,0.3619268,0.7591627
6580,32.178566,0.0,20.285364,43.33957,0.0014478996,0.0,0.34425554,0.7591598
6581,24.857523,0.0,19.96973,43.339546,0.0011370825,0.0,0.30221832,0.759157
6582,45.924793,0.0,23.842272,43.339542,0.0010033795,0.0,0.29627478,0.75915426
6583,49.695427,0.0,24.07687,43.33954,0.0014455952,0.0,0.31779253,0.7591506
6584,35.83089,0.0,21.875872,43.33954,0.0012582252,0.0,0.3093067,0.75914717
6585,46.13236,0.0,27.203787,43.339523,0.0011884857,0.0,0.31238207,0.75914395
6586,46.863426,0.0,28.266903,43.339478,0.0010228956,0.0,0.30805314,0.75914097
6587,34.66848,0.0,19.919767,43.339436,0.0012843303,0.0,0.3386364,0.75913805
6588,46.05639,0.0,20.979767,43.339394,0.0012012909,0.0,0.3151167,0.75913554
6589,37.36724,0.0,12.533559,43.339375,0.0015561678,0.0,0.3479421,0.7591331
6590,46.433094,0.0,17.478947,43.339363,0.001031208,0.0,0.323594,0.75913084
6591,52.921543,0.0,32.790676,43.339333,0.0010898139,0.0,0.29356083,0.7591287
6592,61.551758,0.0,20.712122,43.33932,0.0013310373,0.0,0.29657605,0.7591266
6593,39.656982,0.0,13.59923,43.339344,0.0008246104,0.0,0.317424,0.75912464
6594,28.921774,0.0,25.402815,43.339344,0.0010034874,0.0,0.30654085,0.7591227
6595,25.879166,0.0,35.0961,43.339394,0.0016763636,0.0,0.30621505,0.7591262
6596,54.502777,0.0,17.667603,43.339424,0.0010846057,0.0,0.31537527,0.75912845
6597,58.51603,0.0,25.374756,43.339375,0.0008956594,0.0,0.33579624,0.7591303
6598,47.9836,0.0,28.026194,43.339325,0.0010481101,0.0,0.35035253,0.7591317
6599,29.00615,0.0,19.427988,43.3393,0.001019411,0.0,0.3381402,0.759133
6600,43.952976,0.0,20.59523,43.339256,0.0010972023,0.0,0.31419355,0.75913393
6601,34.638584,0.0,18.951433,43.339222,0.0010269565,0.0,0.33254296,0.75913465
6602,32.279175,0.0,19.220078,43.339188,0.0009791696,0.0,0.31034344,0.7591352
6603,31.621876,0.0,27.239656,43.33918,0.0015649907,0.0,0.27558285,0.75913715
6604,74.84551,0.0,23.211409,43.339153,0.0008926935,0.0,0.308709,0.7591385
6605,39.015057,0.0,28.65541,43.33916,0.001171286,0.0,0.31343412,0.75913954
6606,44.973545,0.0,22.535154,43.339153,0.0010475718,0.0,0.3126978,0.75914043
6607,49.656124,0.0,39.598167,43.33915,0.00091726193,0.0,0.30508536,0.7591412
6608,33.085262,0.0,17.907808,43.339157,0.0011716203,0.0,0.32645974,0.7591418
6609,43.434864,0.0,25.133383,43.339195,0.0009765908,0.0,0.32639045,0.75914216
6610,60.113438,0.0,22.541597,43.339252,0.0009993427,0.0,0.29457253,0.759142
6611,50.507458,0.0,20.324825,43.339344,0.0013065254,0.0,0.33022198,0.7591418
6612,109.183914,0.0,23.654081,43.339424,0.0009571925,0.0,0.3270042,0.7591414
6613,40.339363,0.0,18.955732,43.33954,0.0012878621,0.0,0.32322103,0.7591409
6614,65.098526,0.0,33.724827,43.33966,0.0010006665,0.0,0.36248216,0.7591403
6615,45.20722,0.0,22.49487,43.33978,0.0010514305,0.0,0.3239203,0.7591396
6616,37.667545,0.0,26.247086,43.339863,0.0011715716,0.0,0.32817644,0.7591389
6617,36.941177,0.0,26.554955,43.33993,0.0012126337,0.0,0.313825,0.75913805
6618,36.554398,0.0,27.814363,43.33998,0.0011197067,0.0,0.3062904,0.75913715
6619,24.69535,0.0,13.561041,43.34003,0.0009960893,0.0,0.33294946,0.7591362
6620,41.01554,0.0,25.056581,43.34009,0.000867859,0.0,0.30229592,0.75913525
6621,40.736923,0.0,19.538492,43.340164,0.00077477464,0.0,0.30041793,0.7591342
6622,38.136604,0.0,20.377605,43.340233,0.00095908035,0.0,0.3300793,0.7591279
6623,47.167755,0.0,19.316751,43.34031,0.0019166612,0.0,0.3553815,0.75912213
6624,44.957676,0.0,21.122513,43.340416,0.001066349,0.0,0.3332467,0.7591149
6625,26.2893,0.0,25.13619,43.340496,0.0010237586,0.0,0.31123865,0.7591083
6626,44.357063,0.0,18.007956,43.340504,0.00093362643,0.0,0.31363064,0.7591022
6627,41.911583,0.0,16.907059,43.340515,0.0013370513,0.0,0.29903668,0.75909656
6628,38.72434,0.0,22.540548,43.340527,0.0010012742,0.0,0.3366484,0.7590914
6629,34.666527,0.0,25.637012,43.340557,0.000747492,0.0,0.29146057,0.7590865
6630,44.254322,0.0,17.062569,43.340565,0.0009324883,0.0,0.31921437,0.7590821
6631,41.233242,0.0,16.894316,43.340572,0.0012133679,0.0,0.31295666,0.7590779
6632,48.69488,0.0,27.191599,43.3406,0.0009150164,0.0,0.33211362,0.75907403
6633,60.065105,0.0,15.052854,43.340603,0.0007947044,0.0,0.3218783,0.75907034
6634,29.52492,0.0,18.485058,43.340588,0.0012356769,0.0,0.35111958,0.759067
6635,30.654276,0.0,14.480904,43.34057,0.0014660943,0.0,0.3371796,0.7590639
6636,51.737175,0.0,24.328829,43.340538,0.0010433139,0.0,0.32887286,0.75906086
6637,48.38903,0.0,26.289845,43.34044,0.0009273947,0.0,0.33781394,0.7590622
6638,63.850163,0.0,18.061966,43.34033,0.0012175203,0.0,0.3287202,0.75906324
6639,29.063553,0.0,18.460436,43.340225,0.0009495618,0.0,0.32175815,0.7590641
6640,56.901634,0.0,20.638477,43.340115,0.0010600942,0.0,0.3183083,0.75906473
6641,37.964893,0.0,21.896683,43.34001,0.00090179377,0.0,0.28307256,0.75906515
6642,37.525406,0.0,30.192333,43.339878,0.0014363194,0.0,0.27942607,0.7590654
6643,52.605698,0.0,20.261608,43.339745,0.0010279687,0.0,0.3135901,0.7590655
6644,47.974422,0.0,23.764416,43.33967,0.0009416732,0.0,0.3153243,0.7590654
6645,48.093662,0.0,26.101955,43.339645,0.0012896077,0.0,0.3105223,0.7590652
6646,48.95056,0.0,28.280375,43.339653,0.0009311472,0.0,0.3036753,0.75906587
6647,36.154655,0.0,16.418009,43.339653,0.0008937967,0.0,0.318663,0.75906634
6648,33.754276,0.0,36.397022,43.339653,0.0010993807,0.0,0.34057868,0.7590666
6649,30.536072,0.0,24.361828,43.33965,0.00081284344,0.0,0.3053675,0.75906694
6650,42.51609,0.0,25.900476,43.33963,0.0015065599,0.0,0.31679747,0.75906694
6651,48.25823,0.0,51.259426,43.339584,0.0012470552,0.0,0.35631728,0.7590668
6652,44.546368,0.0,30.949202,43.33948,0.0009637614,0.0,0.34818777,0.7590666
6653,54.589264,0.0,33.239544,43.33941,0.0011385352,0.0,0.31950736,0.7590662
6654,39.27484,0.0,19.484364,43.33936,0.0011588269,0.0,0.31948066,0.75906575
6655,41.17981,0.0,30.551046,43.339336,0.00090111856,0.0,0.3113835,0.75906533
6656,50.2826,0.0,24.191296,43.339314,0.00077353197,0.0,0.3132734,0.75906473
6657,27.614523,0.0,20.435076,43.3393,0.0011104222,0.0,0.29713196,0.759064
6658,50.743473,0.0,13.86275,43.339233,0.0011289375,0.0,0.3387297,0.75906324
6659,70.67574,0.0,17.286974,43.339207,0.00088991126,0.0,0.28921407,0.7590624
6660,34.384716,0.0,13.603498,43.339176,0.00084338867,0.0,0.32019198,0.7590614
6661,34.07938,0.0,22.142553,43.339157,0.0011274992,0.0,0.28073734,0.7590604
6662,48.55139,0.0,20.280212,43.339127,0.0010249842,0.0,0.32888347,0.75905645
6663,52.26486,0.0,34.051876,43.339092,0.001084965,0.0,0.32386935,0.7590528
6664,37.46282,0.0,22.294268,43.339058,0.0012687668,0.0,0.32991058,0.7590495
6665,50.46605,0.0,19.965593,43.339024,0.00162039,0.0,0.33671665,0.7590464
6666,41.7746,0.0,24.015532,43.339016,0.0010735227,0.0,0.32456458,0.7590432
6667,27.60386,0.0,31.062723,43.339012,0.0008840004,0.0,0.29986602,0.75904024
6668,48.672306,0.0,18.97901,43.33901,0.0011772005,0.0,0.31604102,0.7590375
6669,32.274834,0.0,14.778983,43.339024,0.0009917044,0.0,0.34815407,0.7590349
6670,50.711124,0.0,23.499378,43.339024,0.0011021311,0.0,0.36716753,0.7590323
6671,35.887302,0.0,26.079132,43.339024,0.0010335192,0.0,0.30438626,0.7590299
6672,41.227634,0.0,28.280006,43.338997,0.0014287557,0.0,0.3065636,0.7590276
6673,59.507088,0.0,24.462671,43.338963,0.0011573434,0.0,0.27398297,0.75902534
6674,57.87559,0.0,18.066051,43.33899,0.0008582482,0.0,0.30727053,0.7590232
6675,35.471165,0.0,50.872257,43.33902,0.0009718269,0.0,0.34481674,0.75901663
6676,29.870344,0.0,30.824291,43.339024,0.0011097472,0.0,0.33032364,0.75901085
6677,34.598362,0.0,22.470182,43.339024,0.0010873266,0.0,0.30290616,0.75900555
6678,44.10468,0.0,27.43088,43.339027,0.0009515791,0.0,0.28931266,0.75900084
6679,41.48317,0.0,17.913374,43.33902,0.0010425708,0.0,0.34139013,0.7589965
6680,31.695044,0.0,20.101404,43.338985,0.0012012426,0.0,0.33754858,0.75899255
6681,56.630207,0.0,29.394768,43.338932,0.00082428963,0.0,0.31902498,0.7589889
6682,40.32998,0.0,22.324083,43.33888,0.0012202549,0.0,0.33967227,0.7589855
6683,37.272568,0.0,18.549286,43.33884,0.0011652715,0.0,0.34316763,0.75898314
6684,36.998764,0.0,22.27164,43.338837,0.0011505128,0.0,0.34355617,0.75898135
6685,34.981052,0.0,18.163183,43.33885,0.00090513646,0.0,0.28823024,0.7589842
6686,41.04707,0.0,17.232203,43.338856,0.0009853623,0.0,0.32078525,0.7589868
6687,26.01191,0.0,29.937365,43.338894,0.0008059872,0.0,0.34992123,0.75898916
6688,39.371754,0.0,19.067675,43.338913,0.0008789565,0.0,0.33952352,0.75899124
6689,26.51653,0.0,24.761604,43.338936,0.0010466424,0.0,0.3653832,0.7589931
6690,22.252369,0.0,23.106966,43.33893,0.0010537602,0.0,0.29858488,0.75899464
6691,44.797707,0.0,27.562101,43.33887,0.0012000883,0.0,0.30362305,0.758996
6692,57.60108,0.0,24.98029,43.33883,0.0015178872,0.0,0.30491918,0.7589995
6693,43.770916,0.0,21.600784,43.338757,0.0011658731,0.0,0.3127408,0.75900275
6694,43.182224,0.0,33.228607,43.338722,0.00081730937,0.0,0.3433627,0.7590054
6695,47.517975,0.0,20.893057,43.33864,0.0010346007,0.0,0.35467076,0.75900775
6696,33.73887,0.0,17.667952,43.33859,0.00094599684,0.0,0.3397858,0.75901014
6697,34.26749,0.0,27.085344,43.33854,0.0011768006,0.0,0.3108439,0.7590122
6698,54.11132,0.0,23.509855,43.33848,0.0010629976,0.0,0.31980395,0.75901383
6699,45.461693,0.0,22.423725,43.338432,0.0011139226,0.0,0.29545516,0.75901514
6700,30.900858,0.0,20.9986,43.338356,0.0009739114,0.0,0.30586094,0.7590162
6701,29.97853,0.0,34.779575,43.338303,0.0009691351,0.0,0.33379412,0.75901705
6702,42.467236,0.0,20.565668,43.338345,0.0010730067,0.0,0.30566186,0.75901777
6703,37.653297,0.0,26.178368,43.338356,0.0012204538,0.0,0.3170082,0.7590181
6704,41.608063,0.0,19.085625,43.33839,0.0013045099,0.0,0.33369526,0.75901836
6705,42.480843,0.0,23.438093,43.338448,0.0010931946,0.0,0.34972256,0.7590185
6706,34.531284,0.0,28.545685,43.338505,0.0008683795,0.0,0.3188089,0.75901836
6707,32.75594,0.0,24.832079,43.338573,0.0018063625,0.0,0.29920545,0.75901806
6708,40.99867,0.0,32.71555,43.33866,0.0011009582,0.0,0.3442937,0.75901675
6709,27.371283,0.0,20.396563,43.338715,0.0009905786,0.0,0.34727225,0.7590154
6710,24.769783,0.0,22.13832,43.33877,0.00084280566,0.0,0.34040874,0.75901395
6711,23.2455,0.0,18.756115,43.338844,0.000981536,0.0,0.32005024,0.75901264
6712,36.318645,0.0,23.021784,43.338886,0.000988276,0.0,0.3102839,0.75901115
6713,27.722466,0.0,27.741533,43.338947,0.0013490453,0.0,0.29814824,0.7590099
6714,30.864107,0.0,14.250993,43.339027,0.0013150023,0.0,0.31268314,0.7590071
6715,35.44453,0.0,18.862717,43.339108,0.001020727,0.0,0.3674671,0.7590044
6716,34.75744,0.0,20.636904,43.33916,0.0012940429,0.0,0.30543563,0.759002
6717,31.717436,0.0,21.999043,43.33922,0.0010238691,0.0,0.32478052,0.75899965
6718,37.7776,0.0,25.817863,43.33926,0.000937519,0.0,0.28565484,0.7589974
6719,49.277306,0.0,16.72997,43.3393,0.0009608627,0.0,0.33590788,0.75899667
6720,34.7992,0.0,20.603598,43.339348,0.001051313,0.0,0.31986055,0.7589959
6721,36.943,0.0,25.928787,43.339413,0.0010229978,0.0,0.3287804,0.7589962
6722,36.724762,0.0,26.911694,43.33946,0.0011361022,0.0,0.3162909,0.7589964
6723,75.83625,0.0,31.557024,43.33954,0.00086306146,0.0,0.31277347,0.7589965
6724,69.122185,0.0,15.141522,43.339603,0.0014697192,0.0,0.3327983,0.75899655
6725,35.75676,0.0,22.47665,43.33966,0.0012189008,0.0,0.3250605,0.7589963
6726,44.175106,0.0,20.764261,43.339718,0.00088516786,0.0,0.3222339,0.758998
6727,45.27231,0.0,17.585932,43.339764,0.0011586021,0.0,0.36075014,0.75899875
6728,21.062534,0.0,30.62742,43.339787,0.0009496497,0.0,0.30323356,0.7590005
6729,31.796875,0.0,29.563652,43.339832,0.0010772422,0.0,0.30606472,0.759002
6730,51.11311,0.0,43.425114,43.339905,0.001091464,0.0,0.34296262,0.7590031
6731,38.735386,0.0,30.466753,43.339996,0.00086626597,0.0,0.3036651,0.7590041
6732,45.925713,0.0,16.87521,43.34009,0.0013967052,0.0,0.32237285,0.7590048
6733,36.57356,0.0,19.455652,43.340195,0.0010129521,0.0,0.3243891,0.75900525
6734,37.39079,0.0,20.068333,43.34028,0.0011419569,0.0,0.3198983,0.7590054
6735,38.792793,0.0,28.303959,43.34032,0.0011741234,0.0,0.3234669,0.7590054
6736,53.58104,0.0,25.362204,43.340363,0.00086675433,0.0,0.30048645,0.7590053
6737,35.275875,0.0,22.173056,43.340343,0.0010477167,0.0,0.31859276,0.75900626
6738,66.96073,0.0,24.547718,43.340336,0.0011249897,0.0,0.31975806,0.7590068
6739,28.62329,0.0,15.186403,43.34031,0.0010586686,0.0,0.3172713,0.75900716
6740,23.889807,0.0,39.630768,43.34031,0.0010195103,0.0,0.29466623,0.75900745
6741,34.22081,0.0,19.523563,43.340298,0.0015510445,0.0,0.3075047,0.7590074
6742,34.286407,0.0,30.865866,43.34033,0.00091802253,0.0,0.34381104,0.7590074
6743,74.565865,0.0,21.194304,43.34033,0.0009886113,0.0,0.2843481,0.7590073
6744,41.20798,0.0,28.122316,43.340332,0.0009937929,0.0,0.3021383,0.7590068
6745,44.859055,0.0,23.04326,43.340336,0.0010062209,0.0,0.29699597,0.7590062
6746,29.918661,0.0,19.340374,43.34029,0.00082251657,0.0,0.33350143,0.75900555
6747,42.2214,0.0,21.93446,43.340256,0.0008314027,0.0,0.31388494,0.7590049
6748,33.250614,0.0,18.325129,43.340225,0.0010289785,0.0,0.28477222,0.75900406
6749,52.29075,0.0,20.531504,43.340202,0.0010145315,0.0,0.3190678,0.7590031
6750,53.45115,0.0,26.22723,43.340176,0.0011703119,0.0,0.30636233,0.7590022
6751,50.859627,0.0,23.642107,43.34015,0.0013276602,0.0,0.30929512,0.75900114
6752,56.299797,0.0,24.201235,43.340176,0.0010388664,0.0,0.33533466,0.7590002
6753,47.5283,0.0,20.812073,43.340202,0.0011006781,0.0,0.3006503,0.75899905
6754,31.865503,0.0,27.775984,43.340233,0.0010626789,0.0,0.32607412,0.75899744
6755,38.924595,0.0,26.316984,43.340275,0.0009226058,0.0,0.28993037,0.75899583
6756,52.294632,0.0,26.50504,43.34028,0.0008698837,0.0,0.30851266,0.75899416
6757,46.04665,0.0,18.154861,43.340275,0.0010629686,0.0,0.314368,0.7589935
6758,45.725426,0.0,32.08124,43.340267,0.0010134502,0.0,0.3232119,0.75899273
6759,38.536396,0.0,19.218548,43.340267,0.0010482122,0.0,0.2891237,0.7589861
6760,26.473711,0.0,19.616564,43.34027,0.0010422263,0.0,0.32185537,0.7589802
6761,52.423992,0.0,19.729898,43.340244,0.0008827245,0.0,0.34831285,0.7589747
6762,32.675293,0.0,25.72983,43.340202,0.0009400309,0.0,0.3232946,0.75896966
6763,53.68875,0.0,42.616726,43.34016,0.0010851414,0.0,0.3114053,0.7589651
6764,46.053265,0.0,20.182728,43.34018,0.0009516694,0.0,0.3307169,0.75896096
6765,33.49287,0.0,22.174597,43.34018,0.0010224234,0.0,0.31569186,0.758957
6766,29.003185,0.0,14.371324,43.340206,0.00083736936,0.0,0.2945193,0.75895345
6767,29.131424,0.0,23.767656,43.34025,0.00082911475,0.0,0.35863075,0.75895005
6768,56.69493,0.0,32.2867,43.340298,0.0008689649,0.0,0.30649513,0.75894684
6769,32.790794,0.0,21.125343,43.34038,0.0010330774,0.0,0.35133892,0.7589438
6770,36.882015,0.0,24.394737,43.34046,0.00071817817,0.0,0.32720387,0.7589439
6771,34.310738,0.0,27.12024,43.340565,0.0010957678,0.0,0.34926975,0.75894386
6772,39.450447,0.0,22.385668,43.34065,0.0010802271,0.0,0.32170135,0.7589436
6773,42.496925,0.0,29.785059,43.340748,0.00097204343,0.0,0.30867922,0.75894344
6774,31.10859,0.0,26.420935,43.340885,0.0012239794,0.0,0.32278895,0.7589429
6775,34.17818,0.0,27.721563,43.341015,0.001141821,0.0,0.2994945,0.75894403
6776,32.683445,0.0,19.113518,43.34111,0.0012574662,0.0,0.3306905,0.75894487
6777,36.801235,0.0,21.240005,43.341194,0.0010323215,0.0,0.3445192,0.7589455
6778,36.16106,0.0,18.035706,43.341263,0.0010852042,0.0,0.32767463,0.7589443
6779,22.101362,0.0,17.447844,43.341305,0.0009501254,0.0,0.30274114,0.7589432
6780,42.960506,0.0,29.927475,43.341347,0.0010741525,0.0,0.30958068,0.758942
6781,37.41851,0.0,12.979726,43.341305,0.0011439343,0.0,0.3391214,0.7589421
6782,31.701921,0.0,25.689648,43.341255,0.0010597269,0.0,0.33206338,0.75894237
6783,28.804468,0.0,22.963564,43.341194,0.0012027725,0.0,0.3084434,0.7589423
6784,50.727386,0.0,28.916412,43.341137,0.00095472205,0.0,0.334946,0.7589422
6785,33.283863,0.0,26.471157,43.34104,0.000865613,0.0,0.34670982,0.75894207
6786,24.934355,0.0,23.95086,43.34098,0.0011650883,0.0,0.32974178,0.75894165
6787,36.75198,0.0,21.324574,43.34093,0.0010125474,0.0,0.2915849,0.75894123
6788,35.654385,0.0,20.165174,43.34089,0.0014397637,0.0,0.31944388,0.75894076
6789,59.73,0.0,50.582417,43.340847,0.00096721126,0.0,0.33412546,0.75894016
6790,52.863976,0.0,35.807842,43.34082,0.0010832772,0.0,0.3064983,0.7589394
6791,38.852863,0.0,24.067553,43.340725,0.00088354887,0.0,0.30538267,0.75893867
6792,51.26966,0.0,17.527657,43.34061,0.0013365864,0.0,0.30582058,0.7589379
6793,34.3036,0.0,21.95611,43.340508,0.001122633,0.0,0.3240077,0.75893706
6794,38.216812,0.0,22.501606,43.340412,0.001149842,0.0,0.33347452,0.7589361
6795,30.929155,0.0,23.706335,43.34035,0.0010851249,0.0,0.29981908,0.7589469
6796,54.447483,0.0,22.138323,43.340324,0.00093886955,0.0,0.31283963,0.75895685
6797,40.254696,0.0,25.808765,43.340294,0.0012340414,0.0,0.30202776,0.7589659
6798,32.45587,0.0,28.27065,43.34026,0.0009257649,0.0,0.3109951,0.75897413
6799,34.062,0.0,28.250994,43.340252,0.00088650617,0.0,0.33518988,0.7589816
6800,29.190235,0.0,16.329657,43.34024,0.0011235179,0.0,0.3490939,0.7589882
6801,30.31571,0.0,38.02094,43.340225,0.000996378,0.0,0.30171844,0.7589941
6802,36.47932,0.0,28.57772,43.34025,0.0008368335,0.0,0.29392338,0.7589994
6803,30.082354,0.0,26.404915,43.34029,0.00086705823,0.0,0.30227003,0.7590041
6804,53.32172,0.0,34.79082,43.34034,0.0010670491,0.0,0.3462662,0.7590082
6805,32.721992,0.0,21.54818,43.340427,0.00067781564,0.0,0.32475668,0.7590118
6806,37.268585,0.0,21.533506,43.34049,0.00080893084,0.0,0.3140273,0.759015
6807,35.7789,0.0,18.893682,43.340553,0.0010261371,0.0,0.3127866,0.7590177
6808,40.791985,0.0,31.312805,43.340622,0.0013769962,0.0,0.3279745,0.75902
6809,66.41014,0.0,20.142342,43.340645,0.001049314,0.0,0.3291416,0.759022
6810,41.35401,0.0,17.886396,43.34064,0.0009206805,0.0,0.32516527,0.7590235
6811,30.891102,0.0,26.648027,43.340626,0.00083001534,0.0,0.3083712,0.7590247
6812,36.366066,0.0,27.688057,43.34054,0.00077473605,0.0,0.3407179,0.75903875
6813,52.601864,0.0,21.72442,43.340496,0.0009870989,0.0,0.33069265,0.7590513
6814,32.483047,0.0,18.113684,43.34047,0.0009754595,0.0,0.29808533,0.75906265
6815,42.399082,0.0,20.910112,43.340427,0.0010531857,0.0,0.33733267,0.7590726
6816,48.42369,0.0,33.01992,43.340385,0.0011267489,0.0,0.34068012,0.7590819
6817,32.702248,0.0,33.484505,43.34041,0.0008581735,0.0,0.33386248,0.75909024
6818,53.669956,0.0,20.15293,43.340393,0.0010073364,0.0,0.31605718,0.75909764
6819,48.97263,0.0,21.83798,43.340397,0.0010754254,0.0,0.32825118,0.75910413
6820,29.967607,0.0,24.503307,43.340412,0.0015695831,0.0,0.30619457,0.75911
6821,34.70883,0.0,18.06206,43.340427,0.0010622735,0.0,0.31481808,0.75911486
6822,35.82563,0.0,27.328176,43.340424,0.00089894794,0.0,0.33511198,0.7591192
6823,44.67158,0.0,27.724974,43.340424,0.00091953727,0.0,0.3334738,0.7591229
6824,26.920595,0.0,21.250439,43.340446,0.0011015693,0.0,0.34147286,0.7591261
6825,28.58017,0.0,25.399279,43.340477,0.000999669,0.0,0.35202894,0.7591288
6826,26.939661,0.0,22.888884,43.340523,0.00082285906,0.0,0.29960677,0.7591312
6827,33.683266,0.0,15.572271,43.34058,0.0013272485,0.0,0.34264278,0.7591331
6828,40.528866,0.0,21.693377,43.34063,0.0010384966,0.0,0.30068728,0.7591351
6829,32.34498,0.0,22.613176,43.34067,0.0012841382,0.0,0.32586643,0.7591368
6830,38.030792,0.0,45.934914,43.3407,0.0012921696,0.0,0.32006913,0.7591382
6831,21.383682,0.0,23.638899,43.34071,0.0014589501,0.0,0.36309156,0.7591393
6832,40.284283,0.0,19.923645,43.340687,0.00090366544,0.0,0.2752807,0.75914013
6833,33.2227,0.0,19.192938,43.340656,0.0011943157,0.0,0.34265357,0.75914073
6834,36.30415,0.0,26.182032,43.340633,0.0007952579,0.0,0.33500022,0.75914115
6835,33.670975,0.0,19.005787,43.34061,0.001072148,0.0,0.3475644,0.7591414
6836,43.66229,0.0,19.698793,43.340626,0.0011592244,0.0,0.31169525,0.7591414
6837,41.5732,0.0,15.895166,43.340656,0.0010326377,0.0,0.30848587,0.7591414
6838,61.96555,0.0,20.56466,43.340664,0.001220684,0.0,0.30648118,0.7591411
6839,45.04427,0.0,19.761215,43.340668,0.0009310184,0.0,0.312428,0.75914073
6840,34.43947,0.0,22.016241,43.340656,0.0008223278,0.0,0.3117148,0.75914174
6841,48.3241,0.0,26.145735,43.340614,0.0013323617,0.0,0.3174984,0.75914276
6842,36.846676,0.0,22.379251,43.340584,0.0008312714,0.0,0.3105992,0.7591434
6843,49.361206,0.0,27.000937,43.34057,0.0014244949,0.0,0.30296755,0.75914377
6844,58.699646,0.0,44.190876,43.34061,0.001104217,0.0,0.3127268,0.75914425
6845,45.893463,0.0,28.058659,43.340523,0.0008315147,0.0,0.29236683,0.75914437
6846,31.206408,0.0,16.5334,43.340466,0.001453789,0.0,0.33575282,0.7591443
6847,29.918903,0.0,22.301855,43.3404,0.0010446645,0.0,0.3300096,0.75914437
6848,60.500877,0.0,14.394271,43.340332,0.0010259766,0.0,0.33985254,0.7591443
6849,30.271463,0.0,26.69799,43.340244,0.0009815715,0.0,0.31378853,0.759144
6850,45.990417,0.0,66.39857,43.34014,0.0012019183,0.0,0.29971108,0.75914365
6851,39.48647,0.0,26.737509,43.340126,0.0010743521,0.0,0.31643164,0.75914323
6852,33.9524,0.0,20.475702,43.340122,0.0008912444,0.0,0.31802782,0.75914276
6853,52.33715,0.0,20.392035,43.34008,0.0014051544,0.0,0.3227153,0.75914264
6854,37.121235,0.0,25.7604,43.340027,0.0007746944,0.0,0.297994,0.75914246
6855,33.6291,0.0,38.115845,43.339962,0.0011817468,0.0,0.31799436,0.75914216
6856,52.187885,0.0,17.10846,43.33988,0.0009809146,0.0,0.27563602,0.759142
6857,36.12105,0.0,37.182537,43.33982,0.0010069099,0.0,0.31802818,0.7591414
6858,45.02207,0.0,44.477386,43.339737,0.0008458074,0.0,0.30721098,0.75914073
6859,37.18233,0.0,32.172703,43.339645,0.0011111245,0.0,0.2848754,0.7591401
6860,30.986156,0.0,33.15261,43.339615,0.00093573955,0.0,0.31559944,0.75913936
6861,35.916004,0.0,20.047462,43.33966,0.0011837147,0.0,0.35440934,0.7591448
6862,48.13283,0.0,28.434734,43.339706,0.00097476155,0.0,0.24891138,0.7591494
6863,48.316235,0.0,15.522262,43.33976,0.0009413427,0.0,0.33410224,0.75915295
6864,43.819977,0.0,38.974625,43.339817,0.0019385123,0.0,0.324682,0.759156
6865,49.9362,0.0,23.06771,43.33988,0.001541808,0.0,0.3193052,0.7591586
6866,43.53911,0.0,26.539688,43.33995,0.0010897918,0.0,0.31630394,0.7591609
6867,33.86636,0.0,23.485346,43.34003,0.0011881297,0.0,0.33079994,0.75916266
6868,37.28269,0.0,21.370228,43.34012,0.0010919265,0.0,0.32125244,0.7591643
6869,34.79243,0.0,16.558094,43.340176,0.0012510193,0.0,0.33095768,0.7591655
6870,35.51987,0.0,30.13976,43.34022,0.0012561304,0.0,0.29692885,0.75916654
6871,28.4315,0.0,33.998104,43.340267,0.0010675079,0.0,0.3339016,0.7591672
6872,36.672276,0.0,19.993114,43.340275,0.0009973393,0.0,0.33281982,0.7591677
6873,35.800385,0.0,16.385746,43.340267,0.0009542628,0.0,0.30683434,0.75916797
6874,39.034344,0.0,26.538794,43.340252,0.001080689,0.0,0.30373463,0.7591681
6875,24.87475,0.0,18.11941,43.340282,0.0010031334,0.0,0.32544717,0.75916994
6876,45.5227,0.0,33.78029,43.340282,0.0013781637,0.0,0.34038728,0.75917155
6877,40.64849,0.0,25.442904,43.34032,0.0011217331,0.0,0.3447085,0.7591723
6878,31.503813,0.0,35.70555,43.340366,0.0010450217,0.0,0.33431262,0.7591729
6879,29.111925,0.0,23.836582,43.34041,0.001231913,0.0,0.33381587,0.7591733
6880,38.01528,0.0,23.045052,43.340473,0.0010219768,0.0,0.32993665,0.7591734
6881,40.56692,0.0,27.522331,43.340572,0.0010994074,0.0,0.2999723,0.75917333
6882,39.528652,0.0,24.51451,43.34063,0.0013559473,0.0,0.31290263,0.75917333
6883,35.94646,0.0,26.951742,43.34066,0.0014123619,0.0,0.29980934,0.7591732
6884,33.796375,0.0,24.75081,43.340725,0.0011844826,0.0,0.3561165,0.75917286
6885,35.523365,0.0,25.011097,43.34078,0.0009846793,0.0,0.33342776,0.7591725
6886,38.323193,0.0,57.77835,43.34079,0.0010323152,0.0,0.32939434,0.7591719
6887,36.583828,0.0,25.111368,43.340744,0.0013444079,0.0,0.30404747,0.75917125
6888,47.648724,0.0,17.056202,43.340702,0.0008150688,0.0,0.3474238,0.75917053
6889,42.103992,0.0,22.38702,43.34065,0.0010954845,0.0,0.34770393,0.75916976
6890,21.692163,0.0,46.667767,43.340607,0.0009878504,0.0,0.3234725,0.75916886
6891,47.514133,0.0,20.584095,43.34046,0.0011367602,0.0,0.33905968,0.75916785
6892,31.04561,0.0,30.904757,43.34035,0.0010005186,0.0,0.2698236,0.7591669
6893,38.49161,0.0,24.350195,43.34024,0.0010681027,0.0,0.30036527,0.75916576
6894,48.693645,0.0,27.303087,43.340126,0.0009878431,0.0,0.3212036,0.75916463
6895,45.514923,0.0,23.328093,43.34004,0.00082743604,0.0,0.32737884,0.75916344
6896,44.501213,0.0,28.560595,43.339973,0.0009208586,0.0,0.35799775,0.7591622
6897,37.03798,0.0,15.376412,43.339954,0.0009545027,0.0,0.33006078,0.75916094
6898,30.118279,0.0,22.542198,43.33996,0.0010062207,0.0,0.2972015,0.7591596
6899,29.655436,0.0,26.633854,43.340015,0.0011289202,0.0,0.36117694,0.7591583
6900,44.254818,0.0,32.38088,43.340084,0.0009506598,0.0,0.29652023,0.759157
6901,34.67075,0.0,15.868487,43.340157,0.0012359796,0.0,0.33856198,0.75915504
6902,32.766247,0.0,18.92037,43.340218,0.000771736,0.0,0.32086214,0.7591532
6903,42.080853,0.0,20.02765,43.340244,0.00087042805,0.0,0.32403198,0.7591517
6904,53.844326,0.0,13.216279,43.340294,0.00090387894,0.0,0.3086275,0.75915045
6905,35.607765,0.0,18.017603,43.340347,0.0014902957,0.0,0.31828254,0.7591492
6906,35.972385,0.0,33.309006,43.340397,0.0012201413,0.0,0.3129346,0.75914806
6907,48.771446,0.0,22.500813,43.34043,0.00087776384,0.0,0.3557381,0.75914687
6908,26.549124,0.0,24.688578,43.340492,0.001088524,0.0,0.31396013,0.7591457
6909,38.35977,0.0,31.431498,43.340538,0.0014020093,0.0,0.2964827,0.75914466
6910,41.021828,0.0,28.195215,43.34061,0.0009515993,0.0,0.3068828,0.75914353
6911,39.770645,0.0,21.22693,43.340652,0.00094832823,0.0,0.29506668,0.75914234
6912,28.206236,0.0,21.34391,43.340694,0.00079246773,0.0,0.29165557,0.75914115
6913,55.208755,0.0,35.90549,43.340755,0.001009363,0.0,0.30176508,0.75913996
6914,35.463985,0.0,28.88691,43.34089,0.0009116476,0.0,0.3407491,0.75913876
6915,37.121353,0.0,20.221127,43.340977,0.0014150244,0.0,0.33495682,0.75913966
6916,40.551903,0.0,17.983438,43.34108,0.0010468587,0.0,0.34188375,0.7591404
6917,21.354834,0.0,16.747826,43.34119,0.0009633084,0.0,0.30175278,0.75914085
6918,36.454174,0.0,33.387623,43.341267,0.00087672746,0.0,0.3059497,0.7591412
6919,51.921394,0.0,21.856081,43.34136,0.0010091693,0.0,0.31248897,0.75914145
6920,39.29108,0.0,21.220507,43.341434,0.0012978746,0.0,0.32155153,0.7591415
6921,45.63908,0.0,20.013996,43.341507,0.0010830616,0.0,0.3333177,0.7591414
6922,53.6352,0.0,23.283497,43.34158,0.0010338422,0.0,0.28830683,0.75914115
6923,44.72802,0.0,17.484842,43.341656,0.001185138,0.0,0.31102383,0.7591408
6924,35.216103,0.0,22.672434,43.341705,0.0008181941,0.0,0.2970593,0.7591403
6925,32.26079,0.0,23.019402,43.341713,0.0010191565,0.0,0.2784049,0.7591399
6926,41.716625,0.0,22.167376,43.34174,0.0012239412,0.0,0.2982456,0.7591392
6927,39.791355,0.0,15.31958,43.34173,0.001060184,0.0,0.3287791,0.7591384
6928,27.684517,0.0,29.70301,43.341705,0.0008489569,0.0,0.28397965,0.75913763
6929,48.50889,0.0,17.348843,43.3417,0.00094025716,0.0,0.31342486,0.7591367
6930,27.77083,0.0,28.713364,43.3417,0.00095352984,0.0,0.30231702,0.75913644
6931,27.61591,0.0,18.358904,43.341724,0.00078761484,0.0,0.32695305,0.7591405
6932,34.207554,0.0,30.460255,43.34176,0.0008770101,0.0,0.31361946,0.7591441
6933,30.314596,0.0,14.430003,43.341835,0.0011061362,0.0,0.33349666,0.7591471
6934,37.09205,0.0,19.402142,43.341927,0.00080099027,0.0,0.2786412,0.75914985
6935,24.127218,0.0,24.021624,43.342007,0.0010837218,0.0,0.31641802,0.7591521
6936,37.03711,0.0,22.938982,43.342094,0.0010677263,0.0,0.294504,0.759154
6937,39.401184,0.0,18.639763,43.342136,0.0009233467,0.0,0.29480457,0.75915563
6938,28.401907,0.0,16.47686,43.342163,0.0014263745,0.0,0.3505757,0.75915694
6939,44.420925,0.0,30.714693,43.342243,0.0011673097,0.0,0.30693787,0.75915796
6940,43.177303,0.0,18.485424,43.34231,0.0010559061,0.0,0.3381133,0.7591558
6941,33.741047,0.0,17.021017,43.342358,0.0013955267,0.0,0.36302906,0.7591538
6942,30.473446,0.0,25.369242,43.342365,0.0014106915,0.0,0.33669278,0.7591519
6943,36.26957,0.0,23.332376,43.34236,0.001295265,0.0,0.31995994,0.75915
6944,44.982338,0.0,24.774096,43.342365,0.0010523299,0.0,0.31631833,0.75914824
6945,33.83623,0.0,20.435522,43.342384,0.0011815684,0.0,0.34494933,0.7591482
6946,30.459732,0.0,15.685915,43.34238,0.0017676827,0.0,0.3240887,0.759148
6947,45.185547,0.0,20.439974,43.342365,0.0009972183,0.0,0.3171512,0.75914776
6948,63.77583,0.0,15.051688,43.342293,0.0010179019,0.0,0.3171527,0.75914645
6949,30.8929,0.0,35.61463,43.342243,0.0010167726,0.0,0.3054703,0.75915277
6950,42.19161,0.0,16.838606,43.342155,0.0010254921,0.0,0.32577795,0.75915843
6951,44.64747,0.0,23.108286,43.342087,0.0013922253,0.0,0.29989627,0.75916344
6952,36.714268,0.0,19.092888,43.342026,0.0011136048,0.0,0.3025594,0.7591679
6953,42.799244,0.0,21.88894,43.341927,0.0012265224,0.0,0.31843895,0.75917447
6954,73.65753,0.0,26.09077,43.34183,0.0010343445,0.0,0.31847993,0.75918025
6955,41.367092,0.0,22.481419,43.341755,0.0012466584,0.0,0.29678297,0.7591854
6956,33.11636,0.0,20.959534,43.34171,0.0013537919,0.0,0.31912822,0.7591899
6957,38.57445,0.0,12.156775,43.341656,0.00091908337,0.0,0.27671832,0.75919384
6958,50.75773,0.0,18.171215,43.34161,0.0009362229,0.0,0.31359944,0.7591972
6959,43.587193,0.0,22.578995,43.341576,0.0009260669,0.0,0.30486476,0.7592001
6960,37.314297,0.0,25.221544,43.341568,0.001305534,0.0,0.31178576,0.7592026
6961,39.554287,0.0,19.776823,43.34153,0.0012719169,0.0,0.32661653,0.7592046
6962,41.328613,0.0,41.048653,43.341507,0.0009686416,0.0,0.31252813,0.7592065
6963,32.37174,0.0,23.390657,43.3414,0.0008644555,0.0,0.3038294,0.75920784
6964,36.28562,0.0,26.406073,43.341293,0.0010013264,0.0,0.3316167,0.759209
6965,46.469395,0.0,22.552881,43.341194,0.0014095819,0.0,0.31841272,0.7592127
6966,39.40786,0.0,16.081732,43.341125,0.0010065616,0.0,0.31776515,0.759216
6967,36.307526,0.0,23.092512,43.34106,0.0009330685,0.0,0.2788386,0.7592189
6968,44.91133,0.0,19.604998,43.34102,0.0009137566,0.0,0.3100232,0.7592213
6969,53.044422,0.0,30.659025,43.340992,0.00084229204,0.0,0.3127271,0.75922334
6970,37.875614,0.0,25.312576,43.340977,0.0008934224,0.0,0.29615638,0.75922513
6971,31.160404,0.0,23.32759,43.340992,0.0011406257,0.0,0.31601977,0.7592266
6972,31.387346,0.0,21.957151,43.341022,0.00092051964,0.0,0.353857,0.7592287
6973,37.747265,0.0,15.522701,43.341064,0.0008408613,0.0,0.31204206,0.7592304
6974,45.464455,0.0,38.204395,43.341106,0.00082259875,0.0,0.34380382,0.7592322
6975,27.051682,0.0,23.687037,43.341164,0.00079362676,0.0,0.32050055,0.75922847
6976,33.79324,0.0,15.402981,43.341244,0.0012222705,0.0,0.29032874,0.75922364
6977,44.463036,0.0,19.256554,43.341293,0.0011010428,0.0,0.34278584,0.75921917
6978,49.77101,0.0,29.522934,43.341312,0.0009966021,0.0,0.31432307,0.7592151
6979,37.647804,0.0,17.603956,43.341347,0.00088926236,0.0,0.3328409,0.7592113
6980,48.623436,0.0,25.523882,43.341347,0.0007908151,0.0,0.33122858,0.75920504
6981,34.28752,0.0,22.659985,43.341373,0.0012198411,0.0,0.3186987,0.7591993
6982,41.744442,0.0,28.434917,43.341377,0.0009968283,0.0,0.31696746,0.75919396
6983,30.911991,0.0,22.8418,43.34135,0.0010546125,0.0,0.33167788,0.75918907
6984,35.5582,0.0,28.549612,43.34133,0.00095137017,0.0,0.3366652,0.75918466
6985,39.149063,0.0,26.627502,43.34126,0.0014546163,0.0,0.30411112,0.75918037
6986,39.78794,0.0,26.918446,43.341213,0.0010397643,0.0,0.3345283,0.7591868
6987,48.692978,0.0,22.226057,43.34115,0.0009939641,0.0,0.36653304,0.7591925
6988,41.619495,0.0,19.276632,43.341106,0.00091510266,0.0,0.2916444,0.7591977
6989,48.581078,0.0,34.004837,43.341072,0.0010309753,0.0,0.30726424,0.7592022
6990,51.94341,0.0,21.180674,43.34107,0.0009550429,0.0,0.3340981,0.7592058
6991,40.018173,0.0,42.914837,43.341076,0.0015318845,0.0,0.31996715,0.75920904
6992,40.17397,0.0,20.308292,43.341038,0.001160811,0.0,0.35058165,0.75921166
6993,49.55293,0.0,24.648954,43.34102,0.0010956012,0.0,0.3376124,0.75921404
6994,52.884113,0.0,19.91539,43.340992,0.0010320963,0.0,0.32790196,0.7592244
6995,35.79772,0.0,18.301989,43.340984,0.0011228472,0.0,0.33344886,0.75923365
6996,62.427147,0.0,30.162289,43.340996,0.0013487432,0.0,0.29690838,0.7592421
6997,39.42625,0.0,24.26783,43.341015,0.0014364205,0.0,0.2904225,0.75924945
6998,35.96526,0.0,24.727318,43.341022,0.0010153587,0.0,0.34891996,0.7592561
6999,42.6849,0.0,21.327948,43.34102,0.0008376619,0.0,0.29276118,0.75926197
7000,30.950403,0.0,32.380524,43.34098,0.00088292215,0.0,0.33786756,0.75926703
7001,36.19966,0.0,19.666487,43.34095,0.0009809072,0.0,0.30203,0.7592716
7002,39.70905,0.0,23.430555,43.34093,0.0009462404,0.0,0.29265755,0.7592752
7003,37.81346,0.0,27.481228,43.340916,0.0010366414,0.0,0.32089382,0.75927806
7004,42.674496,0.0,23.435228,43.340893,0.0010512135,0.0,0.32733148,0.7592806
7005,45.345806,0.0,46.017822,43.34087,0.0011250516,0.0,0.34864205,0.7592827
7006,43.178387,0.0,27.475883,43.34083,0.0011070905,0.0,0.29576516,0.75928384
7007,26.588766,0.0,34.054577,43.340866,0.0013977636,0.0,0.34992474,0.7592849
7008,34.528492,0.0,31.735876,43.340923,0.0012214174,0.0,0.34305057,0.75928587
7009,50.382896,0.0,19.04662,43.341003,0.0010153302,0.0,0.32653767,0.75928646
7010,33.343468,0.0,27.482002,43.341053,0.0011802205,0.0,0.32453197,0.7592869
7011,37.000248,0.0,31.294413,43.341114,0.0010238951,0.0,0.3022147,0.7592861
7012,34.351974,0.0,59.125862,43.341133,0.0010641024,0.0,0.3258604,0.7592853
7013,37.146053,0.0,23.842167,43.341236,0.0010519528,0.0,0.34082603,0.7592843
7014,36.970837,0.0,18.389997,43.34139,0.0009588396,0.0,0.3024345,0.7592833
7015,40.333527,0.0,22.23761,43.341522,0.0010903676,0.0,0.3260303,0.75928235
7016,62.38187,0.0,32.440884,43.341656,0.0009036971,0.0,0.30219966,0.7592812
7017,31.691463,0.0,30.137365,43.341824,0.0012663648,0.0,0.27470028,0.75926906
7018,29.629011,0.0,30.642097,43.341988,0.000968056,0.0,0.32064176,0.75925815
7019,36.68493,0.0,24.493713,43.34215,0.0010673174,0.0,0.3440025,0.7592484
7020,32.94604,0.0,20.307766,43.342236,0.0009825203,0.0,0.31769866,0.75923944
7021,45.818367,0.0,23.642908,43.342327,0.0009195462,0.0,0.33174798,0.7592311
7022,30.785572,0.0,35.4562,43.342426,0.0010671726,0.0,0.34035882,0.7592236
7023,49.638294,0.0,42.454014,43.342495,0.0009114612,0.0,0.31660625,0.7592166
7024,46.479866,0.0,26.848072,43.34256,0.0010286577,0.0,0.30429488,0.7592104
7025,33.605053,0.0,25.15052,43.34256,0.00077446987,0.0,0.35028085,0.7592047
7026,43.390667,0.0,20.179512,43.342495,0.0010394165,0.0,0.31546685,0.7591993
7027,44.241516,0.0,26.966927,43.34243,0.00088816474,0.0,0.29392573,0.75919455
7028,36.953987,0.0,27.830265,43.34239,0.0008289287,0.0,0.2978155,0.7591899
7029,37.838947,0.0,21.645006,43.34233,0.00085072115,0.0,0.3381577,0.75918573
7030,36.01506,0.0,18.742773,43.34227,0.0011712997,0.0,0.352226,0.75918186
7031,31.791866,0.0,14.749707,43.3422,0.0011961295,0.0,0.30705285,0.7591782
7032,39.463963,0.0,25.578201,43.342117,0.0009948649,0.0,0.31751052,0.7591788
7033,38.904552,0.0,23.263353,43.34203,0.0010822879,0.0,0.34354234,0.7591792
7034,52.237602,0.0,15.566873,43.34192,0.0009542871,0.0,0.32019418,0.7591794
7035,26.944494,0.0,41.283066,43.341835,0.0008707428,0.0,0.31851527,0.75917953
7036,38.701496,0.0,26.224411,43.341846,0.0008969211,0.0,0.34487045,0.7591795
7037,45.307323,0.0,18.825678,43.34184,0.0010526915,0.0,0.32045132,0.7591795
7038,36.72195,0.0,40.05647,43.341835,0.0011773224,0.0,0.2759908,0.75917923
7039,43.563633,0.0,26.383854,43.341843,0.0009976632,0.0,0.3225432,0.75917894
7040,30.925488,0.0,20.462973,43.341824,0.0009350107,0.0,0.3124975,0.7591785
7041,44.894608,0.0,23.186674,43.34184,0.0011618715,0.0,0.33993968,0.7591792
7042,24.920706,0.0,33.28846,43.341858,0.0010337599,0.0,0.29127473,0.7591798
7043,32.730118,0.0,36.28926,43.3419,0.0008417694,0.0,0.3549096,0.75918007
7044,49.408813,0.0,19.398994,43.3419,0.0013515118,0.0,0.3263315,0.75918174
7045,36.95055,0.0,29.373018,43.34189,0.0008028112,0.0,0.29530448,0.7591831
7046,32.279636,0.0,20.007685,43.34189,0.0010562132,0.0,0.34298557,0.75918424
7047,35.652744,0.0,25.96787,43.34186,0.0008596601,0.0,0.28775036,0.75918525
7048,30.136845,0.0,21.277296,43.341778,0.0010579731,0.0,0.32613653,0.75918597
7049,55.211575,0.0,22.072992,43.341705,0.0010288141,0.0,0.34043175,0.75918657
7050,65.93454,0.0,22.79452,43.34162,0.00093109335,0.0,0.3125398,0.7591869
7051,32.650707,0.0,21.60246,43.341576,0.0008366036,0.0,0.31130272,0.7591871
7052,38.92052,0.0,28.700562,43.34158,0.0012432181,0.0,0.34669495,0.7591872
7053,41.814526,0.0,17.21506,43.341583,0.00093958667,0.0,0.30986366,0.7591874
7054,32.48695,0.0,25.089115,43.341564,0.0010515428,0.0,0.31596363,0.75918746
7055,34.031723,0.0,14.9399395,43.341564,0.0011826964,0.0,0.35530317,0.7591875
7056,33.02335,0.0,21.349535,43.341568,0.00068201614,0.0,0.33228487,0.75918734
7057,49.050476,0.0,14.058022,43.341618,0.00083212927,0.0,0.30176303,0.7591871
7058,36.58545,0.0,21.60334,43.341675,0.0009793034,0.0,0.3035065,0.7591867
7059,28.472166,0.0,18.868315,43.341736,0.00093389506,0.0,0.30390796,0.75918555
7060,45.26479,0.0,18.629509,43.34176,0.0013078786,0.0,0.3073691,0.75918466
7061,34.66602,0.0,47.51377,43.341793,0.00085734774,0.0,0.32519686,0.7591835
7062,25.953419,0.0,20.299198,43.341812,0.0009811737,0.0,0.30944073,0.7591826
7063,42.333023,0.0,26.907919,43.34182,0.00078099896,0.0,0.34096873,0.7591815
7064,23.122612,0.0,29.602636,43.341846,0.00084045925,0.0,0.30703887,0.7591804
7065,41.744034,0.0,38.21879,43.34181,0.0012582871,0.0,0.29561406,0.7591793
7066,39.59777,0.0,30.96866,43.341824,0.0010118976,0.0,0.31955796,0.7591782
7067,47.454067,0.0,18.422928,43.341797,0.000764369,0.0,0.309269,0.759177
7068,35.278744,0.0,24.080866,43.341793,0.0010097765,0.0,0.3466683,0.75917584
7069,37.050358,0.0,30.518023,43.341785,0.0008837319,0.0,0.32785672,0.7591747
7070,26.835144,0.0,34.01388,43.341785,0.001138397,0.0,0.3028158,0.7591734
7071,28.505438,0.0,21.003885,43.34179,0.0010795693,0.0,0.3280123,0.75917214
7072,32.984734,0.0,22.706804,43.341774,0.0010096339,0.0,0.32180744,0.75917083
7073,35.388557,0.0,20.4648,43.34176,0.0010840755,0.0,0.3544732,0.7591695
7074,44.877052,0.0,12.455743,43.34174,0.0010723409,0.0,0.3296425,0.7591682
7075,53.490128,0.0,24.024458,43.341713,0.001114497,0.0,0.32364345,0.7591668
7076,42.32714,0.0,17.743044,43.341663,0.001355506,0.0,0.31882265,0.75916535
7077,34.405907,0.0,31.047535,43.34161,0.00078305975,0.0,0.31512648,0.759164
7078,27.866209,0.0,16.851254,43.34153,0.00095895136,0.0,0.33862388,0.75916314
7079,28.674437,0.0,27.1755,43.34144,0.0008201098,0.0,0.32915044,0.75916225
7080,47.486557,0.0,26.657904,43.34133,0.0008875801,0.0,0.3405641,0.7591614
7081,50.40338,0.0,21.50419,43.3412,0.0009766486,0.0,0.33441043,0.75916064
7082,33.682808,0.0,20.877127,43.341072,0.0009936657,0.0,0.3169853,0.75915986
7083,39.54658,0.0,27.139294,43.341,0.0010090434,0.0,0.3514226,0.759159
7084,42.14294,0.0,25.485592,43.34093,0.0014525882,0.0,0.3055211,0.759157
7085,30.76021,0.0,28.580828,43.34088,0.0011854594,0.0,0.31654376,0.759155
7086,29.34842,0.0,20.955254,43.340794,0.0009558691,0.0,0.3402323,0.75915325
7087,51.67827,0.0,16.023718,43.34074,0.0011179026,0.0,0.3250597,0.75915456
7088,25.106636,0.0,18.475334,43.34069,0.0010893492,0.0,0.2989919,0.75915563
7089,63.055687,0.0,23.94264,43.34065,0.0012163433,0.0,0.34067568,0.7591566
7090,24.051252,0.0,24.485462,43.34062,0.0013828094,0.0,0.3052779,0.7591573
7091,30.597498,0.0,15.933885,43.340584,0.0007855296,0.0,0.30927113,0.75916016
7092,36.761425,0.0,26.60049,43.34056,0.00097861,0.0,0.31191278,0.7591627
7093,37.725014,0.0,28.830465,43.340527,0.0010862831,0.0,0.28823614,0.7591651
7094,35.36177,0.0,31.547094,43.34051,0.0008852907,0.0,0.32841215,0.75916743
7095,49.470425,0.0,14.285659,43.34049,0.0013430793,0.0,0.34833556,0.7591694
7096,33.69814,0.0,18.621212,43.340477,0.0009019128,0.0,0.324231,0.75917107
7097,34.822083,0.0,17.891405,43.340477,0.0009568784,0.0,0.31869587,0.75917023
7098,44.947315,0.0,28.81422,43.34047,0.0008882367,0.0,0.32920387,0.75916946
7099,48.19279,0.0,22.132492,43.340477,0.0010860064,0.0,0.34021014,0.75916845
7100,37.85265,0.0,21.853304,43.34045,0.001007214,0.0,0.31049818,0.7591677
7101,22.846558,0.0,34.920002,43.34039,0.0009699242,0.0,0.3270391,0.75916666
7102,29.922575,0.0,28.86711,43.34038,0.00087642734,0.0,0.30911496,0.7591698
7103,36.37235,0.0,18.397692,43.34039,0.0011473292,0.0,0.33237612,0.75917244
7104,48.873512,0.0,22.722404,43.340427,0.0011841806,0.0,0.31261843,0.75917476
7105,44.178997,0.0,31.40188,43.340504,0.0009622971,0.0,0.3179487,0.7591769
7106,37.72076,0.0,19.216541,43.340572,0.001064148,0.0,0.2960903,0.7591788
7107,44.917065,0.0,31.299389,43.34067,0.001351694,0.0,0.32288134,0.7591803
7108,25.973457,0.0,17.574696,43.340694,0.0012072443,0.0,0.32252038,0.7591815
7109,33.94015,0.0,14.534941,43.340706,0.0009588518,0.0,0.32011044,0.7591826
7110,42.451702,0.0,31.664896,43.340706,0.00093203026,0.0,0.33789092,0.7591832
7111,42.704453,0.0,23.94545,43.34065,0.0008262149,0.0,0.3453718,0.7591865
7112,39.951702,0.0,23.915316,43.34058,0.0010468883,0.0,0.28707835,0.75918925
7113,29.315845,0.0,29.067888,43.340504,0.0010929531,0.0,0.3297459,0.7592002
7114,39.025604,0.0,25.681175,43.340454,0.00093426916,0.0,0.30819964,0.7592098
7115,31.69984,0.0,28.024094,43.340397,0.0008109854,0.0,0.34591874,0.7592186
7116,39.902195,0.0,15.606323,43.340313,0.0007969298,0.0,0.31917125,0.75922626
7117,40.154865,0.0,25.164413,43.340233,0.0012885397,0.0,0.30446643,0.7592331
7118,42.25864,0.0,34.840847,43.34016,0.0011141384,0.0,0.30419266,0.7592393
7119,47.955784,0.0,25.482653,43.34009,0.000864702,0.0,0.32957616,0.7592437
7120,32.108864,0.0,26.380156,43.34005,0.0010575029,0.0,0.31595504,0.7592477
7121,28.663368,0.0,28.341883,43.339996,0.0013598254,0.0,0.34207138,0.7592512
7122,30.244055,0.0,19.067781,43.33998,0.00085320754,0.0,0.30548254,0.75925416
7123,40.640415,0.0,32.713844,43.33999,0.0010902416,0.0,0.3250336,0.75925845
7124,48.84737,0.0,21.781605,43.339973,0.0011374578,0.0,0.3227645,0.75926226
7125,38.027378,0.0,27.531588,43.33997,0.0010894486,0.0,0.28309163,0.75926554
7126,29.045824,0.0,19.586685,43.339928,0.0011310779,0.0,0.3164623,0.7592684
7127,37.056187,0.0,19.22895,43.339924,0.0011223493,0.0,0.28341597,0.75927097
7128,45.184494,0.0,19.025402,43.33992,0.0012768297,0.0,0.33697486,0.75927293
7129,31.93401,0.0,30.322973,43.339897,0.0010931819,0.0,0.30746868,0.7592748
7130,50.35656,0.0,32.739452,43.33987,0.00074919476,0.0,0.33023083,0.7592762
7131,36.340298,0.0,23.147566,43.33984,0.0010750843,0.0,0.3303181,0.7592775
7132,58.242977,0.0,13.557355,43.33982,0.0009327267,0.0,0.30860364,0.75927836
7133,62.230736,0.0,34.576733,43.33981,0.0012005416,0.0,0.30084604,0.7592791
7134,38.180176,0.0,24.719261,43.339817,0.00085344585,0.0,0.3142045,0.7592797
7135,37.599163,0.0,16.931282,43.339832,0.0012212428,0.0,0.2869239,0.7592798
7136,26.29174,0.0,23.998583,43.33983,0.0015055643,0.0,0.32032612,0.7592797
7137,48.56052,0.0,13.362334,43.339836,0.00065199425,0.0,0.35425466,0.75927967
7138,37.184765,0.0,19.706442,43.33984,0.0012274142,0.0,0.36062092,0.7592793
7139,34.1406,0.0,23.32417,43.33987,0.0009347558,0.0,0.3370809,0.7592789
7140,36.807793,0.0,21.42382,43.339886,0.0010202549,0.0,0.28113773,0.75927836
7141,58.525604,0.0,28.860304,43.339912,0.0012559618,0.0,0.3410818,0.75927776
7142,42.561825,0.0,15.517287,43.339966,0.00095190003,0.0,0.3048768,0.7592771
7143,64.88582,0.0,20.971384,43.340015,0.0009853569,0.0,0.31487894,0.75927645
7144,46.274265,0.0,32.7899,43.34004,0.00092272967,0.0,0.31975955,0.7592756
7145,32.107872,0.0,27.679916,43.34009,0.00089448655,0.0,0.3057832,0.7592748
7146,30.418571,0.0,17.495195,43.34015,0.0012300535,0.0,0.3206193,0.7592739
7147,25.404171,0.0,25.978113,43.3402,0.0009739524,0.0,0.3544135,0.7592728
7148,35.54218,0.0,22.612915,43.340275,0.001176126,0.0,0.26774573,0.7592718
7149,45.17467,0.0,27.809725,43.34034,0.0009912032,0.0,0.3354205,0.7592707
7150,28.66646,0.0,27.105217,43.340427,0.0009958085,0.0,0.33865452,0.7592695
7151,39.146038,0.0,26.412704,43.340496,0.0009216233,0.0,0.29126865,0.7592686
7152,60.568073,0.0,24.62109,43.340572,0.0010382093,0.0,0.31054085,0.75926757
7153,58.11709,0.0,21.293465,43.34064,0.0013085359,0.0,0.3761555,0.7592664
7154,54.563473,0.0,26.541681,43.34069,0.0013158899,0.0,0.35123384,0.7592653
7155,31.843657,0.0,16.155487,43.34073,0.001056142,0.0,0.34139776,0.7592641
7156,36.785473,0.0,37.905727,43.340786,0.0010298761,0.0,0.29866663,0.7592629
7157,30.415653,0.0,27.83446,43.34085,0.0010992808,0.0,0.38122874,0.75926155
7158,29.862385,0.0,28.561525,43.340908,0.0009007623,0.0,0.3234782,0.7592602
7159,37.676083,0.0,16.678755,43.34098,0.0009868689,0.0,0.3089453,0.7592588
7160,51.242466,0.0,21.743904,43.341064,0.0011090734,0.0,0.32954013,0.75925195
7161,27.722681,0.0,39.468124,43.341118,0.0011006962,0.0,0.31406876,0.75925064
7162,41.99217,0.0,21.947485,43.34115,0.0010214229,0.0,0.3038013,0.7592494
7163,36.74147,0.0,17.631214,43.341152,0.0015336701,0.0,0.30029297,0.7592482
7164,42.16396,0.0,29.394016,43.341156,0.0013931124,0.0,0.31940386,0.75924695
7165,58.34629,0.0,29.982143,43.341137,0.0010452489,0.0,0.31726843,0.75924695
7166,33.610775,0.0,27.25529,43.341084,0.0013285264,0.0,0.32148147,0.7592452
7167,38.348137,0.0,28.93833,43.34103,0.0012667119,0.0,0.30323243,0.7592436
7168,38.09363,0.0,34.74395,43.34102,0.0011130769,0.0,0.3084043,0.7592422
7169,32.630844,0.0,37.58323,43.341034,0.0010415073,0.0,0.35572356,0.75924104
7170,38.10995,0.0,17.858086,43.3411,0.0009371758,0.0,0.26909012,0.7592397
7171,41.209766,0.0,15.574391,43.34115,0.0011873132,0.0,0.3547654,0.75923854
7172,28.164,0.0,10.527647,43.341194,0.0010572092,0.0,0.33325207,0.7592378
7173,36.36152,0.0,23.741251,43.341248,0.0009364607,0.0,0.31626338,0.75923693
7174,48.231632,0.0,22.103483,43.341328,0.00086368335,0.0,0.3109035,0.75925004
7175,29.911608,0.0,20.216305,43.34144,0.0011497599,0.0,0.33875808,0.75926256
7176,37.643826,0.0,22.561954,43.34152,0.0010850986,0.0,0.3155245,0.75927377
7177,34.103653,0.0,19.625586,43.34158,0.0010413427,0.0,0.34216994,0.7592839
7178,34.895576,0.0,20.515877,43.341602,0.0015725571,0.0,0.34808454,0.7592932
7179,49.00391,0.0,22.400608,43.34158,0.0010036988,0.0,0.3127743,0.7593014
7180,33.077213,0.0,16.31575,43.341557,0.0010528172,0.0,0.33320752,0.7593088
7181,39.709496,0.0,20.918196,43.341534,0.0010328166,0.0,0.31709185,0.75931525
7182,50.468327,0.0,26.62301,43.341503,0.0009483604,0.0,0.2894134,0.75932103
7183,50.02995,0.0,38.241318,43.341488,0.0009342822,0.0,0.31452128,0.759326
7184,40.67273,0.0,20.786829,43.341496,0.001045703,0.0,0.305178,0.7593319
7185,48.66585,0.0,22.841145,43.341515,0.0008986209,0.0,0.32179412,0.7593362
7186,38.599953,0.0,24.446672,43.341564,0.0009209153,0.0,0.31783444,0.7593398
7187,39.77609,0.0,21.276278,43.341587,0.0008494148,0.0,0.32322586,0.75934315
7188,34.209473,0.0,17.975391,43.3416,0.0008148169,0.0,0.32563564,0.75934607
7189,35.798428,0.0,24.880184,43.34161,0.00089491875,0.0,0.3116815,0.75934863
7190,32.328766,0.0,28.87677,43.341576,0.0009950781,0.0,0.35201573,0.7593507
7191,43.7973,0.0,28.953844,43.341515,0.0009330326,0.0,0.27798757,0.7593526
7192,41.593815,0.0,17.497982,43.341465,0.0010113416,0.0,0.31116477,0.75935405
7193,43.290886,0.0,21.888721,43.34141,0.0013682297,0.0,0.32773665,0.7593553
7194,52.65936,0.0,19.153349,43.341377,0.0011433603,0.0,0.33625907,0.75935704
7195,51.657368,0.0,19.16338,43.34134,0.001320572,0.0,0.319946,0.7593585
7196,32.600925,0.0,22.561537,43.341324,0.001194831,0.0,0.32836553,0.75935864
7197,34.03616,0.0,30.117493,43.341293,0.0008114106,0.0,0.28634694,0.7593587
7198,26.136272,0.0,19.909931,43.34128,0.00095493207,0.0,0.3108647,0.7593591
7199,34.523045,0.0,33.887554,43.341278,0.00097436353,0.0,0.3271075,0.7593594
7200,47.85616,0.0,17.366924,43.34129,0.0012332237,0.0,0.3436266,0.7593604
7201,45.883934,0.0,29.38599,43.34132,0.000992507,0.0,0.35193056,0.759361
7202,24.136826,0.0,18.031132,43.3413,0.0008223748,0.0,0.32405767,0.7593637
7203,31.38264,0.0,13.242209,43.341255,0.0010829142,0.0,0.2929638,0.75936586
7204,48.06687,0.0,20.194304,43.3412,0.001287141,0.0,0.31631505,0.7593678
7205,43.299614,0.0,41.561546,43.34116,0.001127172,0.0,0.34645236,0.7593651
7206,39.183125,0.0,33.799217,43.34114,0.0009854732,0.0,0.32643718,0.7593626
7207,43.877537,0.0,28.653582,43.34108,0.001357729,0.0,0.3277806,0.75936013
7208,27.34642,0.0,19.866594,43.34101,0.0013220053,0.0,0.31661698,0.7593582
7209,36.881866,0.0,39.372776,43.340984,0.0012152514,0.0,0.29618979,0.75935626
7210,34.937317,0.0,18.237265,43.34098,0.001131795,0.0,0.33738276,0.75935405
7211,45.807087,0.0,19.428719,43.340977,0.0011282053,0.0,0.31684458,0.759352
7212,31.85435,0.0,17.515198,43.340996,0.0011925662,0.0,0.33085173,0.75934994
7213,25.550276,0.0,26.841784,43.341015,0.000838,0.0,0.31537238,0.75934786
7214,29.929432,0.0,15.816918,43.341064,0.0011403242,0.0,0.31873056,0.759346
7215,42.16399,0.0,38.259064,43.341084,0.0013583731,0.0,0.3148883,0.7593443
7216,44.701046,0.0,17.523384,43.34109,0.0016974481,0.0,0.3213318,0.75934255
7217,42.470493,0.0,32.96305,43.341152,0.0015281716,0.0,0.31689006,0.7593408
7218,41.24468,0.0,16.071184,43.34122,0.0007294867,0.0,0.34545028,0.7593392
7219,24.394915,0.0,40.83878,43.34128,0.0009555188,0.0,0.31857702,0.75933653
7220,40.44997,0.0,32.716896,43.34137,0.0009912469,0.0,0.29443246,0.7593339
7221,37.454685,0.0,17.739302,43.341434,0.0011379502,0.0,0.30914277,0.7593315
7222,48.433846,0.0,23.348526,43.34152,0.0010690332,0.0,0.32384855,0.7593304
7223,57.8005,0.0,18.76517,43.341618,0.0015050382,0.0,0.31778115,0.75932926
7224,40.440464,0.0,28.407816,43.34173,0.0010784052,0.0,0.343374,0.7593282
7225,39.843742,0.0,24.274075,43.34183,0.0010146999,0.0,0.310865,0.75932705
7226,35.557858,0.0,20.895185,43.341957,0.00084241404,0.0,0.3206311,0.75932664
7227,38.689323,0.0,19.42738,43.34207,0.0009866735,0.0,0.3519137,0.75932604
7228,25.656023,0.0,21.755856,43.342155,0.00082898675,0.0,0.3246094,0.7593254
7229,39.437927,0.0,20.354944,43.342243,0.0010487381,0.0,0.39412138,0.7593228
7230,52.67815,0.0,22.161215,43.34233,0.000991663,0.0,0.32234138,0.7593203
7231,37.523746,0.0,14.478003,43.342415,0.0009040769,0.0,0.33708352,0.75932074
7232,30.598494,0.0,17.147839,43.34247,0.0010190167,0.0,0.32367575,0.75932115
7233,51.892025,0.0,24.469433,43.342518,0.00085537496,0.0,0.28177404,0.7593215
7234,40.652496,0.0,29.632008,43.342564,0.0009117627,0.0,0.30841404,0.7593217
7235,57.413364,0.0,24.497107,43.34254,0.0008363101,0.0,0.31581587,0.75932187
7236,38.25532,0.0,22.101822,43.342537,0.0010508958,0.0,0.290869,0.75932205
7237,43.823444,0.0,16.555712,43.342545,0.0013734944,0.0,0.3215767,0.7593221
7238,37.205772,0.0,30.217329,43.342556,0.001706358,0.0,0.31074786,0.75932187
7239,50.43033,0.0,27.201437,43.34252,0.0008547752,0.0,0.32214868,0.75932175
7240,25.094433,0.0,21.58422,43.34249,0.0010290892,0.0,0.31578803,0.7593214
7241,38.06563,0.0,16.68174,43.34248,0.0011026054,0.0,0.30055767,0.7593209
7242,57.52141,0.0,24.131647,43.34247,0.0009642332,0.0,0.30480838,0.75932014
7243,52.684757,0.0,22.106457,43.342464,0.0010121871,0.0,0.32675093,0.75931776
7244,38.198013,0.0,25.326643,43.34245,0.0009089118,0.0,0.3486718,0.75931555
7245,41.237457,0.0,29.617537,43.34249,0.0011976855,0.0,0.33667895,0.75931334
7246,58.618637,0.0,16.444027,43.34256,0.0009894457,0.0,0.3098904,0.7593112
7247,34.680256,0.0,28.929144,43.34262,0.000832339,0.0,0.27879733,0.7593092
7248,40.937252,0.0,24.346619,43.342678,0.0010081012,0.0,0.34608993,0.7593074
7249,70.19527,0.0,25.207397,43.34273,0.0011476948,0.0,0.3166525,0.7593017
7250,45.545124,0.0,19.357344,43.342747,0.0010637956,0.0,0.30857566,0.75929123
7251,45.57874,0.0,18.498112,43.342735,0.000774427,0.0,0.33195996,0.75928164
7252,43.105534,0.0,16.473299,43.342743,0.00089678465,0.0,0.33571708,0.7592728
7253,37.772305,0.0,23.312729,43.34271,0.0015276973,0.0,0.3197469,0.7592648
7254,42.527817,0.0,29.649822,43.342697,0.0015058883,0.0,0.34652865,0.7592575
7255,47.166214,0.0,19.385921,43.342678,0.0011208402,0.0,0.30203223,0.75925004
7256,31.673986,0.0,44.95136,43.342674,0.0010903978,0.0,0.32075486,0.75924337
7257,38.358498,0.0,18.227112,43.3427,0.0012499387,0.0,0.3250493,0.7592371
7258,48.611576,0.0,17.393167,43.342697,0.0012178235,0.0,0.32466364,0.7592314
7259,49.484432,0.0,17.867844,43.342697,0.0013051014,0.0,0.2902934,0.759226
7260,35.03734,0.0,17.700626,43.342693,0.0012241246,0.0,0.342506,0.75922126
7261,56.79762,0.0,15.228171,43.34266,0.0011761806,0.0,0.31388104,0.75921667
7262,39.08297,0.0,17.388401,43.342644,0.0015430402,0.0,0.32341373,0.75921255
7263,27.026127,0.0,31.190042,43.342625,0.0012087811,0.0,0.3025622,0.7592086
7264,38.3656,0.0,32.370377,43.34257,0.0011100526,0.0,0.32007146,0.75920486
7265,29.619112,0.0,27.086155,43.3425,0.0010673833,0.0,0.36007416,0.7592042
7266,29.42158,0.0,21.454823,43.34247,0.00093222363,0.0,0.30484605,0.75920343
7267,34.00637,0.0,19.489656,43.34244,0.0010043014,0.0,0.34138164,0.7592028
7268,39.93519,0.0,31.051025,43.342426,0.001115905,0.0,0.35818538,0.7592018
7269,45.974823,0.0,29.99427,43.34242,0.00093113235,0.0,0.35712212,0.75919986
7270,31.628332,0.0,22.046663,43.34243,0.0011003305,0.0,0.31603914,0.75919783
7271,43.96376,0.0,23.52393,43.342514,0.00092032895,0.0,0.32605183,0.7591958
7272,39.575214,0.0,23.291235,43.342564,0.0009975601,0.0,0.32333928,0.7591939
7273,37.5242,0.0,20.768139,43.34263,0.000944435,0.0,0.32733795,0.75919265
7274,41.387985,0.0,36.047287,43.342674,0.0014049932,0.0,0.29628813,0.7591916
7275,35.201473,0.0,23.252876,43.34279,0.00084691995,0.0,0.32081452,0.7591925
7276,40.335983,0.0,17.492914,43.34289,0.0012748558,0.0,0.3243183,0.7591932
7277,41.49612,0.0,27.968176,43.34298,0.001766934,0.0,0.34446463,0.75919366
7278,39.259354,0.0,27.557175,43.343075,0.001179174,0.0,0.3329063,0.7591939
7279,42.930893,0.0,28.068756,43.34315,0.001025388,0.0,0.31364083,0.75919443
7280,48.667397,0.0,25.663563,43.343216,0.0010852031,0.0,0.33210903,0.75919485
7281,30.072052,0.0,16.732096,43.343224,0.001298639,0.0,0.3547264,0.7591952
7282,31.285889,0.0,17.828972,43.343212,0.0011704182,0.0,0.29937506,0.75919545
7283,56.450066,0.0,25.6305,43.343197,0.0009809065,0.0,0.33444116,0.7591956
7284,30.752665,0.0,18.397285,43.343155,0.0013194948,0.0,0.32026446,0.7592032
7285,35.5993,0.0,21.401669,43.34316,0.0010347299,0.0,0.32452738,0.7592103
7286,25.985168,0.0,18.89438,43.34318,0.001249546,0.0,0.27440137,0.7592167
7287,55.7153,0.0,22.394575,43.343204,0.001013253,0.0,0.28374383,0.75922245
7288,36.043552,0.0,48.691105,43.343243,0.0012397137,0.0,0.3353905,0.7592277
7289,53.31887,0.0,19.325502,43.343334,0.0010024505,0.0,0.3074057,0.7592321
7290,43.9958,0.0,17.164906,43.343426,0.0011620448,0.0,0.29878643,0.7592361
7291,43.156204,0.0,20.993876,43.343502,0.001016069,0.0,0.35051668,0.7592396
7292,41.847725,0.0,17.508728,43.343586,0.000996082,0.0,0.29876775,0.75924265
7293,39.446384,0.0,21.492817,43.34365,0.0012369009,0.0,0.325081,0.75925046
7294,44.41845,0.0,29.901781,43.343735,0.0011299788,0.0,0.2995752,0.7592573
7295,38.152443,0.0,26.696314,43.34375,0.0011452003,0.0,0.33137485,0.75926346
7296,40.749878,0.0,17.754839,43.34379,0.001240529,0.0,0.31270427,0.7592691
7297,51.535984,0.0,19.94356,43.343796,0.0011756932,0.0,0.32322085,0.7592741
7298,35.56881,0.0,19.254599,43.343822,0.001480446,0.0,0.29661673,0.75927854
7299,66.59292,0.0,17.565994,43.343838,0.001212371,0.0,0.32442406,0.7592823
7300,77.77824,0.0,31.259436,43.34384,0.0011757697,0.0,0.33404192,0.7592852
7301,38.83144,0.0,25.485199,43.34383,0.0008573501,0.0,0.30857623,0.7592878
7302,48.871067,0.0,26.185677,43.343887,0.0007962644,0.0,0.3109998,0.75928986
7303,23.373898,0.0,19.613451,43.343925,0.0010785203,0.0,0.33232152,0.7592917
7304,47.29099,0.0,15.252149,43.34397,0.0011970147,0.0,0.32872266,0.7592931
7305,34.907204,0.0,28.058662,43.344025,0.0010781836,0.0,0.30825436,0.75929433
7306,41.447796,0.0,30.49185,43.344074,0.00084366766,0.0,0.31404,0.75929534
7307,47.57517,0.0,22.841785,43.344128,0.0010618797,0.0,0.34962833,0.75929606
7308,29.821218,0.0,17.75626,43.344173,0.0011442248,0.0,0.36018658,0.75929666
7309,26.252588,0.0,26.067898,43.344234,0.0013634821,0.0,0.33703274,0.7592969
7310,32.98258,0.0,26.422157,43.34428,0.00100069,0.0,0.33891866,0.7593039
7311,124.502266,0.0,27.393572,43.34433,0.00091846555,0.0,0.3358683,0.75931025
7312,47.78917,0.0,25.590899,43.34437,0.0008292664,0.0,0.31116357,0.75931597
7313,51.628647,0.0,18.584051,43.344383,0.00084257766,0.0,0.32619315,0.75932115
7314,39.34882,0.0,28.484648,43.344402,0.0011369822,0.0,0.2769466,0.75932586
7315,38.174824,0.0,19.31478,43.344418,0.0008272887,0.0,0.3527757,0.75933003
7316,41.121597,0.0,34.688705,43.344402,0.0008052471,0.0,0.26954442,0.75933015
7317,63.261818,0.0,14.321374,43.34434,0.0007981139,0.0,0.32203957,0.7593302
7318,34.255386,0.0,26.580719,43.344296,0.0010188627,0.0,0.3120744,0.7593303
7319,39.809376,0.0,29.348686,43.344242,0.0008624112,0.0,0.3301735,0.7593302
7320,43.133186,0.0,19.872318,43.34424,0.0012104084,0.0,0.34498668,0.7593303
7321,28.823057,0.0,24.927757,43.344223,0.001081799,0.0,0.34422633,0.75933015
7322,50.659054,0.0,19.023655,43.344215,0.0009185929,0.0,0.3267112,0.75933
7323,33.68221,0.0,21.036182,43.344193,0.001227124,0.0,0.3354724,0.75933
7324,33.0761,0.0,13.984644,43.344173,0.0011323065,0.0,0.32882702,0.7593299
7325,30.695606,0.0,35.488174,43.344147,0.0009222817,0.0,0.31579137,0.7593299
7326,43.839706,0.0,25.712572,43.344105,0.0010934146,0.0,0.31728804,0.75932956
7327,31.96405,0.0,19.406536,43.3441,0.001335721,0.0,0.3316968,0.7593296
7328,46.77006,0.0,35.01471,43.344135,0.0011613504,0.0,0.31455106,0.75932944
7329,74.418526,0.0,17.514688,43.34415,0.0015850202,0.0,0.32179606,0.7593292
7330,35.400764,0.0,29.218143,43.34415,0.0009036646,0.0,0.3225637,0.7593292
7331,57.80774,0.0,27.165558,43.34413,0.0009463937,0.0,0.30412757,0.759329
7332,34.83087,0.0,20.899815,43.34414,0.0010043866,0.0,0.31486997,0.75932914
7333,28.871134,0.0,16.013908,43.34413,0.0014438613,0.0,0.3106001,0.759329
7334,32.31044,0.0,17.0836,43.344105,0.000944266,0.0,0.32384914,0.75932884
7335,35.898087,0.0,23.908888,43.344105,0.0007218157,0.0,0.30289254,0.75932854
7336,40.619507,0.0,27.793688,43.344105,0.0010736439,0.0,0.3228554,0.759328
7337,41.39867,0.0,31.060163,43.34408,0.0009432924,0.0,0.35954565,0.75932753
7338,41.228027,0.0,27.176973,43.344044,0.0011673518,0.0,0.31327114,0.7593311
7339,37.75606,0.0,15.358732,43.344006,0.00093741575,0.0,0.29713067,0.7593344
7340,31.860954,0.0,17.70884,43.34398,0.0008964894,0.0,0.31004143,0.7593344
7341,23.045275,0.0,35.437717,43.34399,0.0010211564,0.0,0.30142307,0.75933427
7342,46.066746,0.0,16.750797,43.344,0.0008538852,0.0,0.3171978,0.7593403
7343,39.282932,0.0,18.978931,43.34403,0.0011808502,0.0,0.37084717,0.7593458
7344,35.87912,0.0,35.80315,43.344055,0.00091141765,0.0,0.31440988,0.75935066
7345,24.920591,0.0,18.21275,43.344112,0.0008819529,0.0,0.32835773,0.75935495
7346,32.860245,0.0,19.47736,43.34415,0.0013395341,0.0,0.32784498,0.7593586
7347,65.51142,0.0,43.842915,43.344193,0.0011714209,0.0,0.2776768,0.7593627
7348,33.26163,0.0,28.861277,43.34423,0.0007453485,0.0,0.33166713,0.75936604
7349,49.932106,0.0,29.375843,43.344303,0.00082923344,0.0,0.3270499,0.75936913
7350,28.89302,0.0,20.160694,43.344334,0.00078243925,0.0,0.3084256,0.7593717
7351,29.523481,0.0,21.925692,43.344376,0.000985829,0.0,0.30504966,0.75937384
7352,22.679184,0.0,28.98705,43.3444,0.0007840283,0.0,0.34215683,0.75937563
7353,30.677782,0.0,21.808826,43.344395,0.0010992915,0.0,0.33855218,0.75937706
7354,46.821922,0.0,24.816277,43.344414,0.00079092116,0.0,0.33705068,0.7593783
7355,42.389217,0.0,21.954647,43.34443,0.0009328844,0.0,0.34044296,0.7593791
7356,35.56117,0.0,25.655657,43.344433,0.0008981917,0.0,0.33432338,0.75937986
7357,42.810318,0.0,14.987237,43.344402,0.0009103613,0.0,0.33554465,0.7593796
7358,37.390522,0.0,17.468239,43.344395,0.0010631428,0.0,0.338104,0.7593793
7359,28.731287,0.0,22.90126,43.344368,0.00075739075,0.0,0.33658,0.759379
7360,27.047497,0.0,16.695934,43.344315,0.0008233283,0.0,0.3375069,0.7593787
7361,53.663044,0.0,30.915722,43.344254,0.0007388983,0.0,0.34712014,0.7593804
7362,47.472176,0.0,16.136646,43.344204,0.0009834189,0.0,0.35015726,0.7593819
7363,41.6473,0.0,27.492619,43.344193,0.0008550337,0.0,0.31539607,0.75938314
7364,33.407436,0.0,22.86174,43.344193,0.0011168036,0.0,0.27849114,0.7593841
7365,38.264446,0.0,22.559435,43.344208,0.0010707933,0.0,0.33251584,0.7593818
7366,37.302513,0.0,34.119263,43.344204,0.0013112077,0.0,0.312576,0.7593805
7367,35.722927,0.0,40.808243,43.34424,0.0010765442,0.0,0.289594,0.7593826
7368,48.77573,0.0,18.440292,43.344223,0.0010171215,0.0,0.2939742,0.75938445
7369,35.952,0.0,21.560287,43.34422,0.001212648,0.0,0.31549826,0.7593858
7370,27.49547,0.0,26.6243,43.344215,0.0012238029,0.0,0.32524985,0.75938714
7371,35.496986,0.0,18.172913,43.3442,0.0011754857,0.0,0.35681236,0.7593881
7372,41.486794,0.0,17.72487,43.3442,0.0012159426,0.0,0.33408433,0.75938886
7373,49.87805,0.0,20.413013,43.34419,0.0009346278,0.0,0.3147336,0.7593895
7374,43.02094,0.0,33.079445,43.344196,0.0010124447,0.0,0.33566374,0.7593898
7375,29.816515,0.0,19.077694,43.3442,0.001806152,0.0,0.31722057,0.7593898
7376,29.905483,0.0,21.237284,43.344254,0.00088477787,0.0,0.33639866,0.75938964
7377,30.14038,0.0,17.274847,43.344307,0.0015338039,0.0,0.321505,0.7593894
7378,43.738186,0.0,32.61553,43.34434,0.0012716895,0.0,0.30723155,0.759389
7379,29.471321,0.0,28.186182,43.34442,0.0009569657,0.0,0.295628,0.75938845
7380,45.802788,0.0,26.201307,43.344505,0.0010368212,0.0,0.3128391,0.75938356
7381,30.89152,0.0,20.127968,43.344597,0.0010080654,0.0,0.323906,0.759379
7382,39.456585,0.0,18.785543,43.34465,0.0013939855,0.0,0.31706798,0.75937426
7383,33.63935,0.0,18.567282,43.344692,0.000883635,0.0,0.34980494,0.7593718
7384,54.839787,0.0,25.620972,43.344738,0.0014935907,0.0,0.3394546,0.7593694
7385,38.046356,0.0,41.779118,43.34479,0.0010305217,0.0,0.33808684,0.75936705
7386,30.589888,0.0,35.350666,43.344833,0.0010768156,0.0,0.3319034,0.75936496
7387,42.232113,0.0,41.9816,43.34487,0.0010802466,0.0,0.31204772,0.7593629
7388,34.979908,0.0,20.291569,43.34493,0.0009471301,0.0,0.33155054,0.7593609
7389,19.901434,0.0,24.192142,43.345,0.0011750078,0.0,0.35297275,0.7593579
7390,35.2781,0.0,27.812202,43.345097,0.00097566145,0.0,0.3165142,0.75935507
7391,35.555668,0.0,17.590607,43.345184,0.0010120561,0.0,0.3231023,0.7593525
7392,41.543438,0.0,19.041203,43.34528,0.00097440963,0.0,0.37229174,0.75934964
7393,43.267395,0.0,38.73505,43.345352,0.0009608404,0.0,0.31499255,0.7593469
7394,45.24183,0.0,20.289951,43.345417,0.0009882369,0.0,0.31930566,0.7593419
7395,32.73081,0.0,20.137354,43.345425,0.0009910028,0.0,0.3180591,0.7593374
7396,20.534735,0.0,22.189325,43.34546,0.001135882,0.0,0.3352589,0.7593334
7397,56.78382,0.0,17.371538,43.345474,0.00096552726,0.0,0.32618064,0.7593296
7398,26.910604,0.0,19.331486,43.345493,0.00108843,0.0,0.29496872,0.759326
7399,29.775087,0.0,30.544125,43.345486,0.0009682039,0.0,0.3524611,0.7593197
7400,25.905367,0.0,21.504988,43.345493,0.0007916737,0.0,0.30325392,0.759314
7401,42.0146,0.0,27.705301,43.34552,0.00091168704,0.0,0.3486234,0.7593088
7402,40.898037,0.0,20.743713,43.345528,0.000993453,0.0,0.33455297,0.75930417
7403,34.36323,0.0,18.788408,43.34551,0.0007825279,0.0,0.2913413,0.7592998
7404,37.077324,0.0,18.565765,43.34548,0.00085140107,0.0,0.30625033,0.7592959
7405,36.806763,0.0,20.0649,43.345467,0.0010666256,0.0,0.34786364,0.75929224
7406,37.38254,0.0,21.371546,43.345467,0.0011950905,0.0,0.29417962,0.75928885
7407,38.35997,0.0,35.956932,43.345463,0.0008604452,0.0,0.32537973,0.75928575
7408,28.571533,0.0,19.401787,43.345417,0.00155663,0.0,0.30077252,0.75928277
7409,48.036907,0.0,17.894583,43.34536,0.0009456679,0.0,0.32922077,0.75928056
7410,74.147026,0.0,23.815351,43.34533,0.0009552852,0.0,0.2907543,0.7592784
7411,23.377905,0.0,24.81044,43.345337,0.0015352642,0.0,0.29115224,0.7592765
7412,33.99317,0.0,15.908453,43.345352,0.0012665052,0.0,0.34702104,0.75927544
7413,38.5857,0.0,15.5480795,43.345383,0.0016378071,0.0,0.3191165,0.7592742
7414,27.871355,0.0,19.62872,43.345436,0.0010118254,0.0,0.33434302,0.7592731
7415,34.845646,0.0,24.320084,43.34549,0.0008633937,0.0,0.32042027,0.75927
7416,32.6634,0.0,32.876316,43.345592,0.0015068687,0.0,0.2969335,0.75926715
7417,40.118263,0.0,16.561602,43.345737,0.0016995249,0.0,0.3282103,0.75926435
7418,22.40535,0.0,25.58848,43.34588,0.0010185874,0.0,0.29972377,0.75926185
7419,34.896065,0.0,27.265705,43.34602,0.00095823954,0.0,0.34079942,0.7592643
7420,56.16427,0.0,18.94835,43.346153,0.0012793406,0.0,0.33626184,0.75926644
7421,29.913445,0.0,18.234089,43.34625,0.00114909,0.0,0.304919,0.7592684
7422,44.0168,0.0,22.559374,43.346355,0.0011591513,0.0,0.33064163,0.75926983
7423,37.841274,0.0,14.544521,43.34651,0.0015547841,0.0,0.35485595,0.7592717
7424,31.567944,0.0,21.943869,43.346687,0.001096108,0.0,0.31736434,0.75927323
7425,42.794666,0.0,48.43198,43.346848,0.0013220337,0.0,0.3549461,0.7592745
7426,32.67303,0.0,30.52356,43.346916,0.0010702832,0.0,0.28513062,0.7592755
7427,43.697777,0.0,29.341524,43.34698,0.0011075017,0.0,0.3569631,0.7592762
7428,51.66777,0.0,19.10161,43.346996,0.0009466211,0.0,0.30707294,0.7592768
7429,22.741459,0.0,28.870317,43.346985,0.0009649668,0.0,0.32909155,0.75928
7430,35.455917,0.0,22.585236,43.346962,0.0011838565,0.0,0.32900998,0.7592826
7431,48.26058,0.0,16.082384,43.34692,0.00090876286,0.0,0.31979156,0.759285
7432,26.299269,0.0,16.061014,43.346897,0.0009848034,0.0,0.294317,0.7592868
7433,40.446064,0.0,23.6965,43.34688,0.0009785778,0.0,0.3371893,0.75928825
7434,28.888697,0.0,25.059526,43.34685,0.00095730275,0.0,0.33230767,0.7592895
7435,44.58231,0.0,21.013279,43.34681,0.0012451321,0.0,0.29919493,0.7592905
7436,31.271538,0.0,35.793964,43.346745,0.0008434154,0.0,0.34784317,0.75929123
7437,31.111048,0.0,24.341478,43.346676,0.0010213943,0.0,0.31066638,0.75929177
7438,37.31033,0.0,42.642334,43.346603,0.0010000303,0.0,0.31864783,0.75929207
7439,51.899235,0.0,36.194454,43.34651,0.0008590102,0.0,0.34116888,0.75929075
7440,36.22713,0.0,44.541557,43.346447,0.000922631,0.0,0.34206653,0.75928974
7441,33.988735,0.0,36.162262,43.34638,0.0009386148,0.0,0.33332232,0.7592886
7442,48.07854,0.0,27.858849,43.346325,0.000891111,0.0,0.3212889,0.7592876
7443,58.244755,0.0,38.546997,43.34625,0.00081016374,0.0,0.33189878,0.7592865
7444,38.464787,0.0,23.780924,43.34619,0.0011167022,0.0,0.30274016,0.7592855
7445,59.390358,0.0,29.884544,43.346153,0.0009847956,0.0,0.29711157,0.7592845
7446,45.82053,0.0,17.269865,43.346138,0.0010355574,0.0,0.32310864,0.7592835
7447,32.809425,0.0,27.122562,43.346123,0.0012751993,0.0,0.33720097,0.75928074
7448,34.47815,0.0,14.820708,43.346092,0.0015979749,0.0,0.3508328,0.7592783
7449,47.83296,0.0,32.972286,43.34605,0.0012404474,0.0,0.31888032,0.75927585
7450,48.104057,0.0,24.581968,43.346,0.0014057711,0.0,0.3027036,0.7592735
7451,33.233387,0.0,35.228493,43.345963,0.0011285024,0.0,0.31706765,0.75927144
7452,36.65114,0.0,18.264582,43.34586,0.00089537277,0.0,0.32361284,0.7592694
7453,34.89934,0.0,44.79977,43.345757,0.001055254,0.0,0.32166016,0.75926745
7454,35.589878,0.0,28.767729,43.34563,0.0010252243,0.0,0.36420545,0.7592655
7455,31.36042,0.0,27.564104,43.345497,0.001041088,0.0,0.30646285,0.7592659
7456,48.15928,0.0,39.872047,43.34534,0.00090928795,0.0,0.3089708,0.75926614
7457,51.409588,0.0,32.177708,43.345207,0.0013752449,0.0,0.33237752,0.75926626
7458,41.138695,0.0,32.25184,43.34506,0.0011814774,0.0,0.30890873,0.7592662
7459,29.775112,0.0,25.453972,43.344887,0.0009706401,0.0,0.31301767,0.75926614
7460,38.007378,0.0,17.922699,43.34478,0.0009059912,0.0,0.35695276,0.7592677
7461,47.88001,0.0,23.318323,43.344692,0.0012430219,0.0,0.29632026,0.7592696
7462,39.819706,0.0,25.734047,43.34458,0.0014068699,0.0,0.30910742,0.7592712
7463,39.54549,0.0,24.362793,43.34447,0.0010816078,0.0,0.32417247,0.7592725
7464,33.03115,0.0,18.955366,43.344376,0.0008939155,0.0,0.31930977,0.75927347
7465,35.236866,0.0,17.19301,43.34431,0.0013351473,0.0,0.34428746,0.75927424
7466,40.21664,0.0,75.06007,43.344242,0.0010273115,0.0,0.30329004,0.7592748
7467,34.655926,0.0,20.521748,43.344257,0.0008955047,0.0,0.32892984,0.7592751
7468,55.381054,0.0,53.29441,43.344284,0.0010804136,0.0,0.32374865,0.75927526
7469,35.31992,0.0,34.01919,43.344307,0.0010346633,0.0,0.29599303,0.75927883
7470,46.58405,0.0,20.27611,43.344303,0.0011692711,0.0,0.33143622,0.7592819
7471,40.374302,0.0,16.928535,43.344288,0.00091355806,0.0,0.32218546,0.7592847
7472,54.522038,0.0,23.972652,43.34427,0.0008606966,0.0,0.32051432,0.75928456
7473,38.27332,0.0,24.283949,43.344242,0.001081831,0.0,0.32897353,0.75928414
7474,48.216034,0.0,28.429281,43.344223,0.0010926496,0.0,0.33952698,0.7592838
7475,30.255358,0.0,16.868715,43.344204,0.0010485238,0.0,0.3125239,0.75928324
7476,30.393778,0.0,35.00397,43.344177,0.0012420615,0.0,0.30187553,0.7592826
7477,55.053043,0.0,21.429504,43.344177,0.0010748492,0.0,0.33478078,0.7592826
7478,35.496193,0.0,60.072803,43.344154,0.0011316736,0.0,0.2984723,0.7592825
7479,50.967587,0.0,30.355713,43.344128,0.00097401,0.0,0.3075585,0.75928235
7480,32.361916,0.0,29.978497,43.344105,0.0013911048,0.0,0.31121695,0.75928205
7481,45.207233,0.0,27.390005,43.344044,0.0008932976,0.0,0.32950342,0.759282
7482,40.827312,0.0,27.198399,43.343994,0.0013051288,0.0,0.3172527,0.7592819
7483,41.94299,0.0,24.57958,43.343937,0.000962272,0.0,0.30734286,0.75928164
7484,50.944218,0.0,23.207262,43.343895,0.00092267746,0.0,0.3149683,0.7592812
7485,23.907032,0.0,17.484926,43.34385,0.000722232,0.0,0.31740203,0.7592807
7486,34.344418,0.0,17.444334,43.343807,0.00075197953,0.0,0.36602515,0.75928
7487,41.973534,0.0,19.596905,43.343742,0.00083676237,0.0,0.3164924,0.7592793
7488,37.893585,0.0,24.108183,43.343708,0.0008548048,0.0,0.35443127,0.75927854
7489,50.847076,0.0,23.088362,43.343674,0.0008967937,0.0,0.3184902,0.7592776
7490,25.720736,0.0,17.421791,43.34366,0.0007869631,0.0,0.3367811,0.75927675
7491,28.659595,0.0,19.609152,43.343662,0.0007987978,0.0,0.3321105,0.75927573
7492,40.24681,0.0,26.015732,43.34368,0.0007737017,0.0,0.3195246,0.75927466
7493,30.304857,0.0,25.711893,43.343693,0.0011144015,0.0,0.32111126,0.7592735
7494,37.30598,0.0,43.691956,43.343704,0.0011816635,0.0,0.32627398,0.7592744
7495,39.356236,0.0,21.126682,43.34373,0.0012155336,0.0,0.3265041,0.7592751
7496,34.4473,0.0,16.792753,43.343742,0.00074925413,0.0,0.32531172,0.75927585
7497,34.873917,0.0,19.886818,43.34377,0.00088809914,0.0,0.37462243,0.75927645
7498,35.75161,0.0,25.204866,43.343777,0.001026805,0.0,0.32015127,0.75927687
7499,43.13709,0.0,21.27328,43.343784,0.00093254773,0.0,0.32663316,0.75927705
7500,32.3523,0.0,35.18552,43.34381,0.0012123357,0.0,0.32778382,0.759277
7501,49.00741,0.0,17.756838,43.343857,0.00095523096,0.0,0.32118672,0.75927687
7502,38.531788,0.0,16.294338,43.3439,0.0011443828,0.0,0.30976418,0.7592766
7503,61.29323,0.0,16.94337,43.34393,0.0007796403,0.0,0.29611564,0.7592762
7504,44.421608,0.0,15.758574,43.343937,0.0008270449,0.0,0.30474016,0.75927573
7505,45.084435,0.0,21.685242,43.34392,0.00084317883,0.0,0.31659615,0.75927895
7506,36.496223,0.0,18.648844,43.34392,0.0008169419,0.0,0.30922252,0.75928164
7507,42.19112,0.0,33.90984,43.34389,0.0008221012,0.0,0.33973512,0.75928384
7508,32.974785,0.0,19.615767,43.343853,0.0011392188,0.0,0.3308059,0.7592858
7509,44.927647,0.0,29.819565,43.34381,0.00094304874,0.0,0.3099853,0.75928795
7510,38.253544,0.0,50.301243,43.343777,0.0007794194,0.0,0.32588232,0.7592898
7511,32.686123,0.0,27.740059,43.343723,0.0010439106,0.0,0.3431965,0.75929135
7512,34.1051,0.0,31.392962,43.343704,0.0010986696,0.0,0.3240607,0.7592925
7513,36.51157,0.0,28.64851,43.34366,0.0012230536,0.0,0.33281454,0.75929356
7514,30.60808,0.0,24.236996,43.34365,0.001038034,0.0,0.35578942,0.7592942
7515,38.19209,0.0,19.374159,43.343708,0.0009860083,0.0,0.30365464,0.75929475
7516,34.397907,0.0,29.186663,43.343765,0.0009843999,0.0,0.31726557,0.7592953
7517,42.56392,0.0,25.497185,43.343796,0.0009663127,0.0,0.29571283,0.7592954
7518,43.48966,0.0,23.975952,43.34382,0.0009200668,0.0,0.30503744,0.7592956
7519,35.944492,0.0,14.918638,43.343834,0.000863574,0.0,0.32527536,0.7592954
7520,35.756874,0.0,18.189114,43.34382,0.0010480653,0.0,0.31457648,0.75929606
7521,38.918045,0.0,22.518332,43.343826,0.000940482,0.0,0.30368388,0.7592965
7522,28.06676,0.0,31.789742,43.34381,0.0010334051,0.0,0.28943622,0.7592968
7523,26.574516,0.0,27.096659,43.343834,0.0010188825,0.0,0.3399547,0.7592968
7524,51.35996,0.0,41.404892,43.34384,0.0017849257,0.0,0.31501076,0.7592968
7525,33.288868,0.0,28.322327,43.343807,0.0008514483,0.0,0.36444992,0.7592965
7526,30.57689,0.0,40.451603,43.3438,0.0014227075,0.0,0.3072009,0.75929606
7527,29.858608,0.0,17.634878,43.34372,0.0011836383,0.0,0.32330963,0.7592955
7528,59.479233,0.0,35.881565,43.343643,0.0012115163,0.0,0.29572296,0.75929487
7529,34.529873,0.0,22.545538,43.343586,0.0010141437,0.0,0.29177964,0.75929415
7530,47.051975,0.0,33.52608,43.343536,0.000844126,0.0,0.32096803,0.75929326
7531,47.157597,0.0,18.705757,43.343513,0.00093840715,0.0,0.2909853,0.75929236
7532,34.22512,0.0,23.180258,43.343483,0.0007341082,0.0,0.3021327,0.759291
7533,35.92313,0.0,40.7996,43.34349,0.0009406934,0.0,0.30056888,0.7592897
7534,45.71616,0.0,26.784277,43.343464,0.001314003,0.0,0.3552515,0.75928825
7535,45.44691,0.0,45.99053,43.343456,0.0010310197,0.0,0.29909095,0.7592868
7536,70.47693,0.0,39.27766,43.343452,0.001044413,0.0,0.31667817,0.7592854
7537,40.355427,0.0,16.083324,43.343426,0.0012347702,0.0,0.3405517,0.7592839
7538,31.129578,0.0,22.856855,43.343403,0.0010646342,0.0,0.32863408,0.75928247
7539,50.866016,0.0,19.649248,43.343407,0.0010188457,0.0,0.30562147,0.75928104
7540,41.89278,0.0,27.301447,43.343388,0.0011823019,0.0,0.32076713,0.7592795
7541,28.020935,0.0,23.486094,43.34339,0.0011970708,0.0,0.30806604,0.759281
7542,37.56777,0.0,29.861193,43.34341,0.00085944217,0.0,0.31068394,0.7592824
7543,33.65073,0.0,17.3474,43.34346,0.0009429745,0.0,0.33360693,0.75928366
7544,37.715397,0.0,42.864956,43.343487,0.0014906365,0.0,0.34940857,0.7592848
7545,31.210009,0.0,27.351131,43.343517,0.0011879604,0.0,0.32037055,0.7592859
7546,47.008305,0.0,23.975683,43.343487,0.0011154735,0.0,0.31134725,0.7592868
7547,29.050817,0.0,31.974731,43.343487,0.0011643425,0.0,0.32998154,0.75928736
7548,32.04231,0.0,22.840525,43.34348,0.0013230178,0.0,0.33136398,0.75928795
7549,43.41131,0.0,26.136934,43.343468,0.0014734045,0.0,0.2880696,0.7592883
7550,32.244457,0.0,38.012794,43.34338,0.0012264603,0.0,0.32993397,0.7592885
7551,39.05503,0.0,32.285862,43.343334,0.001205225,0.0,0.28103957,0.75928843
7552,31.622868,0.0,27.975676,43.34329,0.0010930703,0.0,0.32929677,0.75928825
7553,46.741768,0.0,23.458878,43.34325,0.0013243323,0.0,0.29765403,0.759288
7554,55.172153,0.0,21.914715,43.343212,0.001370773,0.0,0.34141085,0.75928754
7555,37.653652,0.0,38.654682,43.343174,0.0011308696,0.0,0.30480963,0.75928724
7556,34.89336,0.0,22.846972,43.343094,0.001084914,0.0,0.3008979,0.7592846
7557,26.583918,0.0,23.734379,43.343002,0.0007780874,0.0,0.29087186,0.7592826
7558,33.088234,0.0,17.845245,43.342915,0.000788696,0.0,0.33486295,0.75928086
7559,32.92165,0.0,30.079643,43.342834,0.0009797354,0.0,0.30529794,0.759279
7560,26.480879,0.0,19.548456,43.342808,0.0009772176,0.0,0.3370247,0.7592773
7561,43.457462,0.0,26.324394,43.34283,0.0014412163,0.0,0.29123732,0.75926864
7562,45.63018,0.0,22.759773,43.34285,0.001223468,0.0,0.3339537,0.75926083
7563,30.867052,0.0,33.891243,43.34289,0.0009514382,0.0,0.3450405,0.7592536
7564,30.247637,0.0,28.142988,43.342907,0.0009121413,0.0,0.35256928,0.7592471
7565,34.275684,0.0,30.83215,43.342926,0.00091470906,0.0,0.30142745,0.7592357
7566,33.625717,0.0,25.937231,43.34297,0.0010578207,0.0,0.30103704,0.7592252
7567,32.80211,0.0,18.068552,43.343018,0.0008046901,0.0,0.3396853,0.7592159
7568,34.687412,0.0,29.101343,43.34307,0.0009583111,0.0,0.32725567,0.7592073
7569,42.236042,0.0,19.251936,43.343193,0.00090514123,0.0,0.34174034,0.75919956
7570,25.53194,0.0,17.988878,43.343235,0.00084132067,0.0,0.31755412,0.7591926
7571,39.8322,0.0,19.962389,43.3433,0.0010746205,0.0,0.3159246,0.7591864
7572,61.097324,0.0,22.223478,43.343323,0.0012570685,0.0,0.3150172,0.7591804
7573,52.817474,0.0,19.04956,43.343338,0.0008634521,0.0,0.32044932,0.75917506
7574,35.42827,0.0,20.48099,43.34334,0.0014510022,0.0,0.30962387,0.7591701
7575,40.035007,0.0,19.28278,43.34334,0.0008972582,0.0,0.36194485,0.759167
7576,50.21812,0.0,24.514961,43.343346,0.0015461806,0.0,0.32114813,0.75916433
7577,39.234386,0.0,29.278582,43.34337,0.0008466337,0.0,0.3206377,0.7591618
7578,30.56105,0.0,32.45908,43.34341,0.0009650546,0.0,0.3290447,0.75915843
7579,37.699986,0.0,35.843002,43.343452,0.0010088152,0.0,0.32772306,0.75916505
7580,71.19073,0.0,28.687498,43.343395,0.001279884,0.0,0.2856613,0.7591739
7581,33.738068,0.0,26.101814,43.343365,0.0011239573,0.0,0.31126127,0.759182
7582,36.573257,0.0,16.136333,43.343376,0.0010897509,0.0,0.32526565,0.7591893
7583,40.20484,0.0,16.740112,43.34341,0.0009937378,0.0,0.3414393,0.75919604
7584,33.711124,0.0,19.943668,43.34345,0.0011187178,0.0,0.3194738,0.75920194
7585,41.499634,0.0,28.617205,43.343513,0.0010282488,0.0,0.31968462,0.75920737
7586,59.095093,0.0,27.318232,43.34359,0.0009202834,0.0,0.31639677,0.75921214
7587,34.96167,0.0,20.803574,43.34365,0.0010028955,0.0,0.33713233,0.7592163
7588,49.66921,0.0,35.3265,43.343693,0.0013081583,0.0,0.3228128,0.75922585
7589,57.2942,0.0,14.903935,43.343742,0.0009166905,0.0,0.33225727,0.75923413
7590,41.1553,0.0,23.345196,43.34378,0.0011754977,0.0,0.34015447,0.7592415
7591,25.356722,0.0,19.07576,43.34382,0.0010183317,0.0,0.33862683,0.75925225
7592,43.95161,0.0,42.737644,43.34388,0.0012921419,0.0,0.34757683,0.7592617
7593,36.51932,0.0,30.621138,43.343967,0.0012877281,0.0,0.33098873,0.75927037
7594,33.50823,0.0,18.361525,43.34407,0.0012627054,0.0,0.31327468,0.7592779
7595,45.963688,0.0,30.401543,43.344147,0.001165492,0.0,0.31861573,0.7592846
7596,71.78194,0.0,33.796417,43.344196,0.0006558527,0.0,0.31821686,0.7592905
7597,40.66218,0.0,37.319004,43.344246,0.0010140659,0.0,0.32591522,0.75929576
7598,37.78234,0.0,17.599627,43.344242,0.0009050885,0.0,0.3124839,0.7593003
7599,33.497646,0.0,26.96739,43.344242,0.00095963426,0.0,0.35250843,0.75930446
7600,43.642544,0.0,18.85161,43.34423,0.0011625963,0.0,0.3515383,0.7593079
7601,30.3812,0.0,39.417633,43.344234,0.0009954618,0.0,0.32900035,0.75931096
7602,34.05935,0.0,26.485327,43.344265,0.0011105952,0.0,0.31966358,0.7593136
7603,42.976368,0.0,17.75769,43.34429,0.0010694258,0.0,0.30609867,0.7593159
7604,55.37766,0.0,26.995037,43.34433,0.0010336203,0.0,0.29940787,0.7593179
7605,26.260107,0.0,13.06957,43.344376,0.0009355125,0.0,0.34414276,0.75931984
7606,42.184586,0.0,40.59757,43.34441,0.001256323,0.0,0.31025815,0.7593216
7607,28.026487,0.0,19.50586,43.3444,0.001059918,0.0,0.35489786,0.75932294
7608,43.756363,0.0,30.151823,43.344387,0.00078735827,0.0,0.31470868,0.7593241
7609,41.399754,0.0,26.207075,43.344376,0.00088766444,0.0,0.3600374,0.7593249
7610,30.427595,0.0,34.48522,43.344353,0.0010047979,0.0,0.35465395,0.7593255
7611,26.901112,0.0,20.823565,43.34423,0.0007628712,0.0,0.34027824,0.7593259
7612,39.119873,0.0,50.322784,43.34413,0.0010059227,0.0,0.29558718,0.7593258
7613,31.266073,0.0,23.270063,43.344166,0.001009553,0.0,0.32544225,0.75932544
7614,28.006657,0.0,27.781576,43.344177,0.0010235119,0.0,0.3337048,0.7593251
7615,66.504005,0.0,74.2626,43.344196,0.00089803396,0.0,0.3035374,0.7593245
7616,41.56844,0.0,21.326971,43.344288,0.0010639788,0.0,0.3110146,0.75932395
7617,36.389378,0.0,29.795374,43.344364,0.0011397076,0.0,0.34814227,0.75932324
7618,36.350956,0.0,25.950966,43.344475,0.0010362326,0.0,0.29989266,0.7593218
7619,40.26784,0.0,37.03055,43.344604,0.0009594389,0.0,0.31286684,0.75932026
7620,40.42294,0.0,29.574305,43.344692,0.0012173494,0.0,0.3234555,0.75931877
7621,48.829727,0.0,23.440548,43.34477,0.001004553,0.0,0.33092296,0.75931776
7622,31.471529,0.0,20.715424,43.34486,0.0010781144,0.0,0.31785697,0.7593151
7623,20.260723,0.0,18.457724,43.344933,0.00094862666,0.0,0.3116502,0.7593124
7624,30.137915,0.0,20.923738,43.345,0.0012254266,0.0,0.32156062,0.75931
7625,38.365833,0.0,35.470825,43.34504,0.0009647198,0.0,0.32575637,0.7593077
7626,35.379597,0.0,29.411133,43.345074,0.0012600723,0.0,0.33728325,0.75930554
7627,37.209873,0.0,23.797644,43.345062,0.0010816681,0.0,0.35419378,0.75930333
7628,40.89805,0.0,30.352798,43.345097,0.0008528402,0.0,0.3165099,0.75930107
7629,36.768288,0.0,25.123856,43.345146,0.00084048975,0.0,0.31904736,0.7592991
7630,31.85225,0.0,26.753485,43.345207,0.0012324693,0.0,0.3077302,0.75930107
7631,34.901417,0.0,21.265823,43.345303,0.0010303047,0.0,0.3305417,0.75930333
7632,35.48919,0.0,33.426506,43.34538,0.00088879,0.0,0.32708544,0.75930506
7633,33.549545,0.0,30.480469,43.34545,0.00079675904,0.0,0.30853724,0.75930697
7634,47.163784,0.0,19.324902,43.345505,0.0010983852,0.0,0.34678715,0.75930864
7635,33.40612,0.0,32.718105,43.345566,0.0011878011,0.0,0.30340657,0.7593099
7636,27.096321,0.0,22.339676,43.34565,0.0011761839,0.0,0.32137257,0.7593109
7637,38.394726,0.0,22.027613,43.345703,0.001011172,0.0,0.2898096,0.7593117
7638,26.076136,0.0,25.433561,43.345764,0.0010896302,0.0,0.33081242,0.75931215
7639,50.407265,0.0,20.785046,43.345783,0.0012413051,0.0,0.3258168,0.75931257
7640,34.238663,0.0,18.875261,43.345806,0.0008639625,0.0,0.34451813,0.7593134
7641,40.310604,0.0,36.705235,43.345825,0.0011967163,0.0,0.34319255,0.75931394
7642,38.425877,0.0,20.113737,43.345753,0.0012290085,0.0,0.3213894,0.75931096
7643,37.854298,0.0,15.954191,43.345657,0.0014662988,0.0,0.33121145,0.75930816
7644,29.409397,0.0,16.19832,43.34559,0.0011976432,0.0,0.29754096,0.75930554
7645,36.017242,0.0,20.5919,43.345524,0.0012373452,0.0,0.34501356,0.759303
7646,30.30621,0.0,19.298164,43.345455,0.0009609919,0.0,0.29930025,0.75930053
7647,33.07617,0.0,21.231216,43.34541,0.0009106662,0.0,0.32823148,0.7592982
7648,32.800594,0.0,22.40679,43.34537,0.00096753647,0.0,0.34243056,0.7592961
7649,49.58701,0.0,20.571537,43.345325,0.00093084894,0.0,0.33758658,0.7592944
7650,31.897734,0.0,30.507238,43.345272,0.0009492975,0.0,0.31722918,0.75929254
7651,50.286278,0.0,22.441483,43.34523,0.0010664145,0.0,0.34963667,0.75929075
7652,39.844814,0.0,23.59575,43.34522,0.0012639276,0.0,0.31211194,0.75928897
7653,34.981968,0.0,14.508266,43.345234,0.0008645075,0.0,0.30787262,0.7592871
7654,39.930607,0.0,17.453695,43.345238,0.0009745943,0.0,0.30946922,0.7592854
7655,22.737743,0.0,17.077145,43.34524,0.0010978277,0.0,0.28525656,0.7592836
7656,38.207157,0.0,21.367077,43.345238,0.0010537237,0.0,0.3199094,0.7592818
7657,51.298244,0.0,22.154715,43.345234,0.0008628437,0.0,0.34455892,0.75927985
7658,33.298756,0.0,29.459122,43.34527,0.0010464424,0.0,0.3554198,0.75927806
7659,42.670025,0.0,19.945293,43.34528,0.0009785017,0.0,0.2985256,0.7592762
7660,33.807186,0.0,23.835876,43.34531,0.0008052868,0.0,0.34485102,0.7592759
7661,46.72964,0.0,18.437168,43.345337,0.0011419943,0.0,0.3191142,0.75927556
7662,49.256496,0.0,19.083004,43.34534,0.0009883267,0.0,0.29926884,0.759275
7663,51.584507,0.0,24.032333,43.34534,0.0010826479,0.0,0.37376565,0.7592742
7664,42.78296,0.0,22.645605,43.345364,0.0009676112,0.0,0.3454528,0.7592716
7665,56.376217,0.0,34.521214,43.345406,0.0010570434,0.0,0.30808017,0.7592691
7666,36.830143,0.0,13.333852,43.345535,0.0010205506,0.0,0.32845688,0.7592668
7667,35.893646,0.0,21.008007,43.345646,0.0010364215,0.0,0.32757533,0.75926447
7668,25.48299,0.0,40.602215,43.345745,0.0010500267,0.0,0.32191133,0.75926226
7669,40.745747,0.0,18.608559,43.345898,0.0009755548,0.0,0.31800297,0.7592601
7670,32.548923,0.0,19.61556,43.346,0.0010290815,0.0,0.32889852,0.759258
7671,35.977066,0.0,42.02843,43.3461,0.0012794002,0.0,0.34243965,0.7592585
7672,33.021492,0.0,15.986922,43.346188,0.0010524532,0.0,0.3446219,0.759259
7673,34.183292,0.0,22.032274,43.346237,0.0012387235,0.0,0.3262601,0.7592592
7674,37.992027,0.0,20.41314,43.346283,0.0008990485,0.0,0.33737063,0.75925964
7675,45.884026,0.0,24.519913,43.346317,0.0010179577,0.0,0.30147886,0.75926274
7676,38.940624,0.0,18.286373,43.346336,0.001071237,0.0,0.30555362,0.7592665
7677,47.370422,0.0,26.604458,43.3464,0.0011051145,0.0,0.3160215,0.7592707
7678,39.771458,0.0,33.148335,43.346516,0.00094823306,0.0,0.29905176,0.7592743
7679,33.64546,0.0,26.445263,43.346573,0.0009639623,0.0,0.32625398,0.7592776
7680,51.18262,0.0,18.40248,43.3466,0.0010348916,0.0,0.35610622,0.75928026
7681,38.799202,0.0,15.765537,43.346645,0.00085784437,0.0,0.33237392,0.7592827
7682,43.586155,0.0,25.809408,43.346664,0.0010200854,0.0,0.29958984,0.75928456
7683,25.16104,0.0,23.138765,43.346672,0.0013344276,0.0,0.29459402,0.75928617
7684,36.374447,0.0,19.823816,43.346645,0.0008179654,0.0,0.33710593,0.75928754
7685,42.360966,0.0,20.142845,43.346626,0.0012014143,0.0,0.31474397,0.75928843
7686,41.4765,0.0,18.33117,43.34659,0.0008704446,0.0,0.35544825,0.7592892
7687,42.572544,0.0,20.709902,43.346554,0.0008945016,0.0,0.3151933,0.75928974
7688,35.034733,0.0,20.812378,43.346462,0.0008686661,0.0,0.34106904,0.75929004
7689,39.07814,0.0,18.714718,43.346375,0.0011512211,0.0,0.31070057,0.7592903
7690,26.274359,0.0,13.866069,43.34628,0.0010564829,0.0,0.31509572,0.7592902
7691,38.605038,0.0,24.419355,43.346203,0.0009069235,0.0,0.32946777,0.7592908
7692,33.182472,0.0,20.871407,43.346157,0.0011349432,0.0,0.31451353,0.75929123
7693,29.136328,0.0,18.09181,43.346123,0.0016853407,0.0,0.30364987,0.75928575
7694,46.454227,0.0,20.932833,43.346085,0.001127393,0.0,0.36367887,0.75928056
7695,47.639347,0.0,30.275896,43.34606,0.0012061946,0.0,0.31678185,0.759276
7696,45.702587,0.0,24.23634,43.346077,0.0011558937,0.0,0.32103232,0.7592716
7697,29.465729,0.0,25.994001,43.3461,0.0011294367,0.0,0.33334896,0.7592676
7698,28.131104,0.0,11.2236,43.346107,0.0012831112,0.0,0.330358,0.75926375
7699,40.51332,0.0,31.240206,43.346115,0.0009695535,0.0,0.3445687,0.75926274
7700,60.778824,0.0,17.921915,43.34608,0.0011676592,0.0,0.3230488,0.7592619
7701,46.81328,0.0,22.174938,43.346054,0.0009836983,0.0,0.30751896,0.7592583
7702,35.09888,0.0,32.584545,43.34603,0.0011982669,0.0,0.3223518,0.75925493
7703,31.090189,0.0,31.035006,43.34601,0.0007869985,0.0,0.33270213,0.75925374
7704,55.331818,0.0,15.383339,43.346,0.0010719511,0.0,0.29425097,0.7592527
7705,33.148746,0.0,20.82309,43.34599,0.0011844415,0.0,0.33429083,0.75925165
7706,43.675304,0.0,21.216837,43.346,0.0011600195,0.0,0.29934993,0.75925064
7707,40.80215,0.0,20.917013,43.346,0.0013051534,0.0,0.36178565,0.7592496
7708,41.142193,0.0,19.323233,43.346,0.0010800449,0.0,0.33918855,0.75924593
7709,49.131233,0.0,24.376766,43.34597,0.0012396965,0.0,0.29388297,0.75924265
7710,28.892006,0.0,25.378895,43.345913,0.00084075006,0.0,0.33299023,0.759239
7711,46.67252,0.0,16.329163,43.34588,0.00097474287,0.0,0.35223067,0.75923574
7712,34.718994,0.0,37.72325,43.345856,0.0010057513,0.0,0.32524896,0.75923276
7713,55.04921,0.0,22.520533,43.345917,0.00092185475,0.0,0.3671174,0.75922984
7714,38.77797,0.0,45.235725,43.345947,0.0011526418,0.0,0.33839512,0.75922704
7715,23.945807,0.0,22.80096,43.34598,0.0011911799,0.0,0.32356304,0.7592245
7716,41.816994,0.0,23.151989,43.345997,0.00075422996,0.0,0.33842334,0.7592221
7717,42.14753,0.0,21.666891,43.346016,0.0007772564,0.0,0.32111508,0.75921977
7718,39.51102,0.0,24.209728,43.346027,0.0010861703,0.0,0.3261124,0.75921756
7719,40.986908,0.0,15.075411,43.346058,0.00096933334,0.0,0.30682468,0.7592154
7720,43.071346,0.0,25.666956,43.34608,0.0012504411,0.0,0.34268436,0.7592134
7721,47.809032,0.0,17.217798,43.346107,0.0011097656,0.0,0.29787526,0.7592107
7722,58.661167,0.0,29.599916,43.34613,0.00087015505,0.0,0.31542635,0.7592082
7723,26.71294,0.0,24.351006,43.3461,0.0011568468,0.0,0.33662543,0.7592057
7724,29.775932,0.0,17.100883,43.346066,0.0007332056,0.0,0.3351612,0.7592033
7725,21.90658,0.0,22.613094,43.346054,0.0007628066,0.0,0.35135603,0.75920105
7726,30.639498,0.0,27.829737,43.346035,0.0010674143,0.0,0.31921798,0.7591986
7727,29.538921,0.0,31.96366,43.345974,0.0010502529,0.0,0.33633444,0.7591956
7728,34.388687,0.0,24.524958,43.345947,0.0009464137,0.0,0.32347786,0.7591928
7729,36.03153,0.0,16.436726,43.345898,0.0012356405,0.0,0.36182958,0.7591897
7730,40.35158,0.0,29.243505,43.34586,0.00083792116,0.0,0.32128018,0.7591868
7731,41.345078,0.0,25.10321,43.345814,0.0008858298,0.0,0.29436237,0.7591841
7732,41.816425,0.0,23.341093,43.34581,0.00089621404,0.0,0.33001414,0.7591848
7733,36.34123,0.0,17.866856,43.34584,0.0012613949,0.0,0.32380927,0.7591854
7734,36.435364,0.0,31.333733,43.34586,0.0015019393,0.0,0.3150332,0.75918555
7735,44.045506,0.0,13.118401,43.345882,0.0012335749,0.0,0.33902556,0.75918573
7736,37.033413,0.0,40.777462,43.345924,0.0011278237,0.0,0.31523705,0.7591854
7737,36.14178,0.0,26.480911,43.346004,0.0012695366,0.0,0.29170454,0.7591861
7738,37.38519,0.0,18.97566,43.346134,0.00124663,0.0,0.33113843,0.75918657
7739,41.257454,0.0,21.786467,43.34625,0.0009574552,0.0,0.33015206,0.7591869
7740,32.62601,0.0,23.449205,43.346333,0.0008540412,0.0,0.32935372,0.7591871
7741,32.181984,0.0,20.647152,43.346405,0.0010468918,0.0,0.32110813,0.75918716
7742,24.438477,0.0,17.192934,43.346462,0.00097141013,0.0,0.30650353,0.7591871
7743,44.650986,0.0,14.310761,43.346493,0.0012882641,0.0,0.33181247,0.75918686
7744,46.235874,0.0,19.63014,43.34651,0.0011524811,0.0,0.3422281,0.7591865
7745,40.41751,0.0,29.472527,43.346546,0.0011498726,0.0,0.36155623,0.7591861
7746,52.616024,0.0,29.56033,43.346592,0.0010207542,0.0,0.3423289,0.75918543
7747,42.16738,0.0,26.994757,43.346607,0.001055212,0.0,0.30747682,0.7591811
7748,30.75586,0.0,20.82209,43.346645,0.0011428426,0.0,0.3648137,0.75917745
7749,20.010622,0.0,20.106243,43.346684,0.00090930494,0.0,0.32673484,0.75917405
7750,39.226234,0.0,23.963146,43.346718,0.00080656976,0.0,0.3318188,0.7591708
7751,44.4223,0.0,21.647556,43.34675,0.0011132271,0.0,0.32889375,0.7591678
7752,52.917698,0.0,20.294338,43.346767,0.00069683045,0.0,0.29527098,0.7591649
7753,39.936436,0.0,15.576737,43.346775,0.0013567272,0.0,0.3114044,0.7591621
7754,37.24347,0.0,27.717833,43.34676,0.0006771336,0.0,0.34005675,0.75915515
7755,33.687145,0.0,20.057652,43.346745,0.0010548849,0.0,0.33763045,0.7591471
7756,41.46091,0.0,19.322466,43.34672,0.0011906327,0.0,0.32824823,0.7591399
7757,36.545387,0.0,37.258896,43.34671,0.0009460921,0.0,0.33180207,0.7591333
7758,45.125496,0.0,38.122986,43.346714,0.00086073566,0.0,0.34091827,0.75912726
7759,51.137615,0.0,23.079697,43.346706,0.00084504345,0.0,0.31788552,0.75912166
7760,59.936504,0.0,30.585335,43.346718,0.0012347201,0.0,0.28907233,0.7591165
7761,33.350132,0.0,18.750008,43.34675,0.0011740535,0.0,0.31218836,0.75911236
7762,42.227173,0.0,22.959099,43.346794,0.00090958294,0.0,0.32303357,0.7591084
7763,38.888283,0.0,20.39596,43.346832,0.0007577016,0.0,0.3032454,0.7591048
7764,45.4053,0.0,37.84449,43.346878,0.0011006537,0.0,0.32185575,0.75910145
7765,30.571236,0.0,24.749126,43.346924,0.0010640894,0.0,0.3222514,0.7590984
7766,30.660454,0.0,16.854074,43.346992,0.0007732854,0.0,0.33142614,0.75909543
7767,51.417545,0.0,25.293676,43.347042,0.0011927583,0.0,0.3217474,0.7590927
7768,33.405582,0.0,22.910355,43.347046,0.0011245304,0.0,0.3206486,0.7590902
7769,32.77392,0.0,43.2461,43.347054,0.0011401481,0.0,0.3303972,0.7590875
7770,39.062035,0.0,29.566113,43.347042,0.001092542,0.0,0.3351823,0.75908506
7771,43.896027,0.0,29.488913,43.347008,0.0009161588,0.0,0.33961067,0.759082
7772,38.175213,0.0,30.82312,43.346962,0.000867976,0.0,0.30877632,0.75907165
7773,42.02326,0.0,26.789022,43.34696,0.0011106634,0.0,0.3325628,0.7590621
7774,53.277344,0.0,22.594372,43.346962,0.0011788898,0.0,0.311558,0.7590535
7775,49.416847,0.0,20.345797,43.346973,0.0008022906,0.0,0.3272744,0.7590469
7776,29.253668,0.0,14.903436,43.347,0.0009601574,0.0,0.33146355,0.759041
7777,36.813633,0.0,18.309074,43.347034,0.0012472607,0.0,0.34166345,0.75903565
7778,32.04549,0.0,17.372786,43.34706,0.001095837,0.0,0.357586,0.75903076
7779,40.319904,0.0,42.211098,43.347065,0.00081253605,0.0,0.3289716,0.75902635
7780,40.063156,0.0,17.812477,43.34705,0.0009887279,0.0,0.3251066,0.75902224
7781,40.777466,0.0,23.866209,43.347004,0.000874567,0.0,0.32312745,0.7590185
7782,25.526329,0.0,24.21783,43.346973,0.00085658225,0.0,0.28808993,0.75901496
7783,30.635656,0.0,22.59328,43.346954,0.0013149623,0.0,0.32076538,0.7590116
7784,23.720858,0.0,26.416946,43.34692,0.00088428974,0.0,0.30023965,0.7590082
7785,28.170322,0.0,35.119915,43.3469,0.001190752,0.0,0.3358534,0.75900507
7786,32.540565,0.0,26.548084,43.346855,0.00081477244,0.0,0.31711006,0.75900215
7787,33.594074,0.0,19.59337,43.346844,0.0009090581,0.0,0.34736687,0.7589993
7788,33.622944,0.0,20.659613,43.346863,0.0009426649,0.0,0.326123,0.7589967
7789,39.727707,0.0,23.797518,43.34689,0.00089457957,0.0,0.36616117,0.75899404
7790,38.01847,0.0,22.163736,43.346962,0.00095235603,0.0,0.325566,0.7589917
7791,46.905365,0.0,32.793003,43.347008,0.0010315839,0.0,0.32660976,0.7589893
7792,32.96464,0.0,18.917305,43.347054,0.0011080912,0.0,0.33768433,0.758987
7793,44.322666,0.0,20.838005,43.347084,0.00089804013,0.0,0.3013841,0.75898486
7794,46.884277,0.0,43.913853,43.34711,0.0007710195,0.0,0.3590059,0.7589828
7795,46.028954,0.0,27.260017,43.3471,0.0011815972,0.0,0.32578513,0.7589805
7796,34.65575,0.0,24.01926,43.347057,0.0013011529,0.0,0.32395995,0.7589784
7797,33.514004,0.0,24.25588,43.347015,0.0011848831,0.0,0.2884025,0.75897646
7798,53.977055,0.0,25.37091,43.347,0.00070528797,0.0,0.294128,0.75897443
7799,34.599884,0.0,19.150478,43.34698,0.0012853225,0.0,0.3191886,0.75897247
7800,36.581722,0.0,15.349267,43.346977,0.00092846376,0.0,0.32274783,0.75897056
7801,39.468822,0.0,22.36994,43.347,0.0013080451,0.0,0.31734285,0.7589686
7802,39.854874,0.0,21.925585,43.347008,0.00076861837,0.0,0.31510484,0.7589668
7803,27.820108,0.0,20.007666,43.34704,0.00088033796,0.0,0.38382864,0.7589659
7804,41.215897,0.0,26.701656,43.347042,0.0011148842,0.0,0.32689667,0.7589652
7805,34.02185,0.0,19.641699,43.347054,0.0008409404,0.0,0.30151552,0.7589637
7806,40.7719,0.0,16.948301,43.347046,0.0009436541,0.0,0.35746092,0.7589621
7807,37.261986,0.0,23.695276,43.347008,0.00089873106,0.0,0.32839036,0.7589605
7808,40.225075,0.0,17.661003,43.346966,0.0009229898,0.0,0.32027435,0.7589588
7809,44.558815,0.0,21.657873,43.34692,0.0011490909,0.0,0.36349234,0.7589565
7810,40.20908,0.0,17.187439,43.346897,0.0013085784,0.0,0.3298528,0.7589543
7811,44.69274,0.0,21.468172,43.34691,0.00073922606,0.0,0.3329506,0.7589518
7812,44.03884,0.0,18.18892,43.346924,0.00084845524,0.0,0.3430531,0.7589494
7813,35.412506,0.0,17.037445,43.346947,0.0008705027,0.0,0.31061584,0.7589471
7814,50.016308,0.0,18.664438,43.346996,0.0011721926,0.0,0.3341233,0.7589449
7815,48.350414,0.0,19.625961,43.34707,0.0008405772,0.0,0.32395944,0.7589428
7816,50.338787,0.0,12.052703,43.347157,0.001249582,0.0,0.306099,0.7589406
7817,34.88631,0.0,30.729866,43.34725,0.00081974844,0.0,0.34221238,0.75893855
7818,34.252106,0.0,19.564465,43.347347,0.0010370978,0.0,0.33059943,0.7589366
7819,30.891186,0.0,26.252491,43.347416,0.00085041765,0.0,0.33023602,0.7589345
7820,33.186752,0.0,24.359941,43.347466,0.0010252099,0.0,0.32325315,0.75893253
7821,34.062744,0.0,19.313858,43.34753,0.0008700545,0.0,0.3206062,0.75893074
7822,32.86081,0.0,27.43778,43.34758,0.0009669699,0.0,0.30023232,0.758935
7823,44.665516,0.0,14.752,43.347626,0.0011451341,0.0,0.33659995,0.7589387
7824,41.694675,0.0,23.219278,43.347656,0.00095167465,0.0,0.3080656,0.7589421
7825,51.80962,0.0,21.086153,43.347744,0.0011947625,0.0,0.31392512,0.7589453
7826,33.43045,0.0,20.245928,43.347824,0.0016663605,0.0,0.3114093,0.75894797
7827,29.94863,0.0,17.472612,43.34786,0.0016425524,0.0,0.32236916,0.75895035
7828,26.95047,0.0,25.340899,43.347874,0.0018651782,0.0,0.33991593,0.7589523
7829,33.85134,0.0,16.375015,43.3479,0.00093901705,0.0,0.34709752,0.75895405
7830,29.694254,0.0,22.315874,43.34791,0.001272702,0.0,0.3681051,0.7589572
7831,36.939636,0.0,24.787281,43.347916,0.0013597314,0.0,0.3296016,0.75895935
7832,40.85921,0.0,17.570076,43.347916,0.001233092,0.0,0.34752715,0.75896126
7833,44.521763,0.0,19.675325,43.347897,0.0014021008,0.0,0.34611377,0.7589626
7834,29.292416,0.0,24.85719,43.34786,0.0012421464,0.0,0.32874843,0.75896364
7835,34.31794,0.0,28.79215,43.34782,0.0012049659,0.0,0.33986983,0.7589645
7836,30.469498,0.0,60.257942,43.347824,0.0010606473,0.0,0.33198622,0.75896525
7837,37.50696,0.0,43.89313,43.347725,0.0009992535,0.0,0.34711665,0.75896573
7838,26.356966,0.0,29.216867,43.347675,0.0014373375,0.0,0.35190257,0.75896615
7839,39.152157,0.0,16.47719,43.34766,0.001010861,0.0,0.3315552,0.7589662
7840,40.788048,0.0,15.197442,43.347652,0.0008992887,0.0,0.34733707,0.7589661
7841,29.16235,0.0,16.928606,43.34766,0.0012648132,0.0,0.27718723,0.75896597
7842,31.183659,0.0,23.249552,43.347683,0.0010644105,0.0,0.3368697,0.75896543
7843,27.6971,0.0,29.698673,43.347725,0.001369261,0.0,0.33460903,0.7589649
7844,28.930975,0.0,20.273365,43.347816,0.0014834822,0.0,0.31452203,0.75896436
7845,23.19416,0.0,19.518988,43.347862,0.0012528023,0.0,0.30174664,0.7589643
7846,42.321415,0.0,18.049076,43.3479,0.00095501123,0.0,0.2827511,0.7589659
7847,41.518246,0.0,27.387192,43.34792,0.0013270236,0.0,0.3578702,0.75896734
7848,30.47658,0.0,51.06182,43.347942,0.001119567,0.0,0.31961066,0.7589685
7849,33.42107,0.0,27.30106,43.34805,0.0010469563,0.0,0.38241792,0.75896937
7850,36.2379,0.0,57.606647,43.34809,0.0016757085,0.0,0.32004583,0.75896996
7851,26.24767,0.0,25.956896,43.348103,0.0013835069,0.0,0.29771087,0.7589704
7852,39.08032,0.0,13.234792,43.348125,0.0010566085,0.0,0.33418387,0.7589706
7853,47.171185,0.0,26.312244,43.34812,0.0015078522,0.0,0.3192264,0.7589723
7854,36.466618,0.0,33.37754,43.34808,0.0011026862,0.0,0.31887096,0.75897133
7855,51.615753,0.0,20.528101,43.348072,0.001142229,0.0,0.35368538,0.7589698
7856,31.628927,0.0,14.270172,43.348064,0.0012970313,0.0,0.3439835,0.7589765
7857,47.44858,0.0,24.255299,43.34805,0.0014921901,0.0,0.32412577,0.75898254
7858,51.445164,0.0,19.445974,43.34805,0.001132653,0.0,0.32887143,0.7589877
7859,43.8657,0.0,21.437683,43.348015,0.0016579146,0.0,0.31269372,0.75899243
7860,27.472683,0.0,32.055794,43.348003,0.0007963257,0.0,0.3750462,0.7589964
7861,50.006817,0.0,16.072859,43.34801,0.0013151396,0.0,0.34621358,0.759
7862,52.039867,0.0,24.73817,43.34802,0.0012589279,0.0,0.3461218,0.759003
7863,48.971157,0.0,23.294468,43.348026,0.0011206535,0.0,0.3153801,0.7590056
7864,51.65018,0.0,23.270264,43.348015,0.0016590147,0.0,0.35075164,0.7590092
7865,21.727514,0.0,24.054558,43.347973,0.0010804477,0.0,0.34944722,0.7590119
7866,30.81655,0.0,17.648045,43.347916,0.0014959178,0.0,0.2941571,0.7590143
7867,45.815918,0.0,20.850374,43.34788,0.0008663996,0.0,0.33398002,0.7590163
7868,31.926168,0.0,26.640856,43.34781,0.0018354941,0.0,0.32536882,0.7590178
7869,41.37182,0.0,38.34584,43.347702,0.0011698443,0.0,0.30310458,0.7590192
7870,41.32042,0.0,28.20207,43.347645,0.0011838754,0.0,0.32389724,0.75902015
7871,48.099724,0.0,19.768877,43.347595,0.0011151736,0.0,0.35126492,0.7590205
7872,60.541843,0.0,17.989246,43.347538,0.0008979937,0.0,0.3151101,0.7590193
7873,30.624254,0.0,32.320915,43.347496,0.0010284989,0.0,0.33069932,0.759018
7874,25.601566,0.0,17.8551,43.34741,0.0012458399,0.0,0.33453393,0.75901675
7875,40.79352,0.0,16.292562,43.34734,0.00086680957,0.0,0.34459925,0.75901544
7876,31.040728,0.0,17.911453,43.347286,0.0007757651,0.0,0.32254037,0.7590142
7877,28.374857,0.0,16.001059,43.347244,0.0010424223,0.0,0.33257884,0.7590135
7878,34.02548,0.0,22.151651,43.347214,0.0011376059,0.0,0.3062365,0.7590127
7879,38.985535,0.0,31.687643,43.34718,0.00094680226,0.0,0.33492517,0.759012
7880,37.30735,0.0,21.979362,43.347157,0.00093893165,0.0,0.32965276,0.75901103
7881,35.227505,0.0,29.359097,43.347134,0.0009344604,0.0,0.3223605,0.75900567
7882,31.328629,0.0,22.907084,43.347126,0.0012679176,0.0,0.3225722,0.7590008
7883,34.84856,0.0,22.616167,43.34711,0.0010214597,0.0,0.35021,0.7589961
7884,41.949463,0.0,26.408846,43.347076,0.0009051866,0.0,0.3034223,0.75899196
7885,44.89777,0.0,23.773172,43.347008,0.0011017354,0.0,0.31214735,0.758988
7886,45.51382,0.0,29.770205,43.34696,0.0010081783,0.0,0.3218241,0.7589839
7887,35.160557,0.0,22.026787,43.346943,0.0009599842,0.0,0.32546747,0.75898015
7888,28.00209,0.0,46.072906,43.346935,0.00087083026,0.0,0.34347534,0.7589767
7889,45.678913,0.0,13.449572,43.34691,0.00075763976,0.0,0.3289843,0.75897336
7890,51.375668,0.0,24.341265,43.34689,0.0010212929,0.0,0.38841864,0.75897026
7891,37.445698,0.0,15.974096,43.346962,0.0010604176,0.0,0.32131606,0.7589673
7892,30.03248,0.0,43.19201,43.34701,0.0014998612,0.0,0.31112307,0.75896436
7893,26.565863,0.0,19.752308,43.34721,0.00087776873,0.0,0.3323859,0.7589616
7894,30.806108,0.0,35.54542,43.347416,0.00094782934,0.0,0.3131131,0.7589591
7895,33.19986,0.0,29.83513,43.347492,0.0012289442,0.0,0.36471033,0.75895655
7896,42.28867,0.0,20.688036,43.347538,0.00089721975,0.0,0.31126195,0.7589544
7897,30.041851,0.0,14.742596,43.34756,0.0011851555,0.0,0.33146334,0.75895214
7898,57.918602,0.0,14.397402,43.34758,0.0011539415,0.0,0.34978577,0.7589502
7899,31.008839,0.0,19.814232,43.3476,0.0010565459,0.0,0.30065185,0.7589481
7900,41.456154,0.0,15.089425,43.347626,0.0010459049,0.0,0.3209074,0.7589461
7901,32.23816,0.0,31.625654,43.34767,0.0012401913,0.0,0.34648785,0.7589442
7902,32.662727,0.0,14.0581255,43.347694,0.00093701493,0.0,0.30477548,0.7589423
7903,27.154154,0.0,19.40393,43.347733,0.0007801604,0.0,0.33037788,0.7589466
7904,39.43765,0.0,15.825242,43.34775,0.0010038685,0.0,0.3388102,0.75895584
7905,47.26586,0.0,19.92133,43.347748,0.0010122275,0.0,0.32052028,0.75896424
7906,25.325323,0.0,23.15405,43.347733,0.0014007383,0.0,0.3202179,0.75897354
7907,36.930687,0.0,28.818066,43.347755,0.0011028792,0.0,0.34290704,0.7589818
7908,41.20821,0.0,47.30521,43.347782,0.0010233584,0.0,0.31296763,0.7589904
7909,31.753902,0.0,21.696814,43.34779,0.0010247435,0.0,0.34574085,0.75899816
7910,40.182682,0.0,18.126991,43.347794,0.001032423,0.0,0.3238074,0.75900525
7911,44.877205,0.0,24.233639,43.347813,0.00076264533,0.0,0.31263846,0.75900954
7912,53.27845,0.0,21.554558,43.347824,0.00084580266,0.0,0.33494684,0.759015
7913,56.887207,0.0,26.30916,43.347836,0.0009741782,0.0,0.35045296,0.7590199
7914,42.53445,0.0,23.582127,43.347866,0.00073491054,0.0,0.3032363,0.7590243
7915,53.252605,0.0,31.520102,43.347916,0.0008821587,0.0,0.3623397,0.7590297
7916,73.74605,0.0,22.046171,43.347904,0.0008804323,0.0,0.33959767,0.75903445
7917,41.44441,0.0,40.47902,43.347855,0.0009243493,0.0,0.34357485,0.7590387
7918,31.664127,0.0,26.7802,43.34781,0.0011047715,0.0,0.35660887,0.75904256
7919,37.93955,0.0,26.434679,43.347794,0.0011724784,0.0,0.30658135,0.75904584
7920,37.38529,0.0,28.888025,43.34777,0.0008435985,0.0,0.3276829,0.759049
7921,55.992863,0.0,22.075325,43.34774,0.0010231127,0.0,0.3151456,0.7590516
7922,70.48762,0.0,16.545021,43.34771,0.000798914,0.0,0.33692336,0.7590539
7923,30.16751,0.0,20.913134,43.347687,0.0009641289,0.0,0.3141118,0.75905585
7924,31.76593,0.0,29.81362,43.347675,0.00089337595,0.0,0.3180544,0.7590576
7925,21.25346,0.0,20.466557,43.34763,0.0012400189,0.0,0.31856424,0.7590589
7926,39.873985,0.0,28.30213,43.34756,0.0010267973,0.0,0.32999298,0.7590599
7927,27.950708,0.0,15.2862,43.34754,0.0010082315,0.0,0.34518987,0.7590606
7928,45.96143,0.0,21.166235,43.34751,0.0007414869,0.0,0.30363077,0.7590613
7929,53.378345,0.0,25.933558,43.347485,0.0011996038,0.0,0.3442911,0.7590617
7930,44.50713,0.0,33.108635,43.3475,0.0010308715,0.0,0.36261114,0.7590619
7931,21.197327,0.0,24.510477,43.347492,0.0007442514,0.0,0.30966485,0.7590568
7932,45.790924,0.0,26.64396,43.3475,0.0011930666,0.0,0.31906766,0.7590539
7933,32.96796,0.0,18.678564,43.34751,0.0013086026,0.0,0.3125201,0.75905097
7934,43.917984,0.0,14.341776,43.347507,0.00097230857,0.0,0.32863116,0.7590485
7935,37.567978,0.0,23.41608,43.347507,0.00083523145,0.0,0.3457148,0.7590464
7936,47.002434,0.0,17.118303,43.347523,0.00078598445,0.0,0.29791757,0.75904423
7937,41.29269,0.0,20.373005,43.347527,0.0013798381,0.0,0.32817537,0.75904214
7938,46.19829,0.0,20.745918,43.3475,0.001682293,0.0,0.3207027,0.75904024
7939,33.96688,0.0,25.615633,43.34749,0.0009594088,0.0,0.3246864,0.7590383
7940,37.77807,0.0,27.77891,43.34749,0.0009966418,0.0,0.29645848,0.7590364
7941,59.294018,0.0,29.530582,43.34755,0.0009881338,0.0,0.28540713,0.7590346
7942,30.538017,0.0,36.55397,43.3476,0.0013651093,0.0,0.3567009,0.7590327
7943,40.221085,0.0,25.928947,43.347614,0.0009089966,0.0,0.32218266,0.7590308
7944,35.639626,0.0,28.550186,43.347595,0.0010708524,0.0,0.31240636,0.75902903
7945,29.532492,0.0,22.104712,43.347603,0.0011896561,0.0,0.31369624,0.75902724
7946,34.506584,0.0,13.3328285,43.347652,0.0011178132,0.0,0.3125792,0.75902545
7947,37.78099,0.0,18.981026,43.34768,0.0008129905,0.0,0.31726354,0.7590237
7948,26.336094,0.0,15.697231,43.3477,0.0012513282,0.0,0.28801933,0.7590222
7949,52.922825,0.0,47.64826,43.34768,0.0014000495,0.0,0.32131582,0.7590207
7950,38.915497,0.0,22.705254,43.34769,0.0010462245,0.0,0.2827468,0.75901926
7951,24.194101,0.0,25.127575,43.347706,0.001082442,0.0,0.31876993,0.75901765
7952,26.544664,0.0,33.12398,43.347694,0.0009639893,0.0,0.3319459,0.75901616
7953,28.698359,0.0,22.706291,43.3477,0.0014020636,0.0,0.34419042,0.75901467
7954,32.441692,0.0,36.756107,43.347706,0.00096975075,0.0,0.29686,0.7590132
7955,36.470913,0.0,21.472631,43.347687,0.0011932203,0.0,0.3240609,0.7590116
7956,48.893135,0.0,31.90294,43.347664,0.0011338566,0.0,0.33379185,0.759011
7957,30.358204,0.0,19.261232,43.34764,0.0009345465,0.0,0.323457,0.7590105
7958,20.9245,0.0,21.448841,43.3476,0.0008162041,0.0,0.30858293,0.7590096
7959,33.440952,0.0,26.739906,43.34756,0.0011069502,0.0,0.36415082,0.7590086
7960,28.435335,0.0,23.926327,43.34751,0.0014304314,0.0,0.31378388,0.7590076
7961,40.093838,0.0,26.286596,43.34746,0.0010345646,0.0,0.3105974,0.75900656
7962,28.334322,0.0,26.944887,43.347424,0.0011862216,0.0,0.3331984,0.75900203
7963,34.587254,0.0,21.49187,43.3474,0.001047099,0.0,0.31347114,0.7589979
7964,38.569218,0.0,28.609396,43.34737,0.0010560405,0.0,0.3387397,0.7589941
7965,35.099445,0.0,27.77743,43.347416,0.0011895025,0.0,0.3151171,0.75899047
7966,39.5181,0.0,28.12766,43.347507,0.0013781532,0.0,0.32249403,0.75898707
7967,48.512936,0.0,20.15101,43.347614,0.0009647757,0.0,0.32956487,0.75898385
7968,33.069424,0.0,21.073198,43.34769,0.00071917276,0.0,0.32965016,0.75898075
7969,45.272102,0.0,24.136393,43.34778,0.0010558034,0.0,0.2947482,0.7589779
7970,25.33096,0.0,22.82979,43.34788,0.0008703612,0.0,0.3256062,0.7589751
7971,37.62128,0.0,17.852812,43.348,0.0010643548,0.0,0.31904668,0.75897247
7972,36.082996,0.0,14.300388,43.348095,0.0007844791,0.0,0.3184392,0.7589698
7973,29.930958,0.0,18.301935,43.348164,0.00067167846,0.0,0.33908504,0.7589674
7974,31.947294,0.0,30.597767,43.348213,0.0010681305,0.0,0.33892187,0.7589651
7975,48.28817,0.0,20.012217,43.348255,0.0008663735,0.0,0.29796427,0.7589628
7976,33.515503,0.0,20.405037,43.34828,0.0012302448,0.0,0.31756774,0.75896066
7977,35.52461,0.0,24.396412,43.348324,0.0008613399,0.0,0.3382216,0.7589585
7978,38.433838,0.0,18.350788,43.348312,0.0009884725,0.0,0.3186257,0.75895643
7979,35.194878,0.0,23.685167,43.34832,0.0013498545,0.0,0.3342763,0.7589544
7980,37.644432,0.0,23.133657,43.348324,0.0008121241,0.0,0.31486624,0.75895226
7981,53.19007,0.0,17.779528,43.348316,0.0008285163,0.0,0.31203383,0.7589503
7982,36.183598,0.0,22.699337,43.348293,0.0010663964,0.0,0.30833155,0.75894827
7983,42.115303,0.0,16.983461,43.348255,0.0011251037,0.0,0.32500294,0.7589463
7984,28.061724,0.0,25.358765,43.348206,0.00087801774,0.0,0.32453823,0.75894433
7985,34.857796,0.0,46.52404,43.34813,0.0012467534,0.0,0.33147913,0.7589425
7986,34.090843,0.0,17.205847,43.348053,0.0011338756,0.0,0.31016332,0.7589407
7987,45.0027,0.0,21.809376,43.347984,0.00094435364,0.0,0.32302064,0.758939
7988,70.07728,0.0,28.276154,43.347916,0.0010896799,0.0,0.33234993,0.7589374
7989,54.055664,0.0,29.805202,43.347866,0.0013192091,0.0,0.31050658,0.7589458
7990,45.140152,0.0,16.375744,43.347813,0.001438987,0.0,0.33295006,0.75895345
7991,55.32899,0.0,28.113329,43.347767,0.0015472093,0.0,0.299555,0.75896025
7992,42.21085,0.0,19.272196,43.34763,0.001005524,0.0,0.3530229,0.75896627
7993,44.36964,0.0,18.251451,43.347504,0.000986059,0.0,0.34736237,0.75897163
7994,38.86382,0.0,22.470121,43.34737,0.0014001506,0.0,0.33359027,0.7589764
7995,57.275017,0.0,27.176346,43.347256,0.0012553856,0.0,0.31252596,0.7589806
7996,37.04011,0.0,21.125689,43.347176,0.0014057066,0.0,0.32265478,0.7589844
7997,35.929466,0.0,28.601408,43.34714,0.001233214,0.0,0.3497662,0.75898767
7998,35.505623,0.0,18.5703,43.347103,0.0012086726,0.0,0.306405,0.75899184
7999,28.278252,0.0,28.09004,43.347065,0.001146496,0.0,0.33726773,0.75899553
8000,27.401127,0.0,18.817362,43.34701,0.0011387318,0.0,0.3418467,0.75899875
8001,47.066658,0.0,27.659575,43.34698,0.0014905169,0.0,0.3300652,0.7590015
8002,36.9761,0.0,26.138948,43.347004,0.0010027555,0.0,0.31972808,0.7590037
8003,36.74415,0.0,28.695236,43.347034,0.0012255826,0.0,0.30303937,0.75900567
8004,31.129549,0.0,15.608529,43.347065,0.0015552805,0.0,0.33612198,0.7590073
8005,33.52963,0.0,18.301897,43.347073,0.0014749183,0.0,0.2856238,0.7590086
8006,67.79746,0.0,22.52866,43.3471,0.0011677969,0.0,0.3137724,0.75900954
8007,51.25886,0.0,18.017574,43.347103,0.001111907,0.0,0.35394213,0.7590103
8008,30.093655,0.0,17.828936,43.34709,0.0011681109,0.0,0.33812815,0.7590108
8009,31.586685,0.0,22.75952,43.347095,0.0015294169,0.0,0.30141777,0.7590111
8010,33.144375,0.0,40.517887,43.347115,0.0013491544,0.0,0.32198414,0.7590112
8011,29.932096,0.0,23.509504,43.3471,0.001199194,0.0,0.32018107,0.7590112
8012,50.48154,0.0,15.470215,43.347103,0.0011772971,0.0,0.33944067,0.75901103
8013,31.235437,0.0,32.77531,43.34711,0.0012733339,0.0,0.29007566,0.7590107
8014,42.062565,0.0,17.575571,43.347164,0.0012777332,0.0,0.32233799,0.7590102
8015,25.698479,0.0,32.802845,43.34722,0.0011664834,0.0,0.3553064,0.75900954
8016,45.55729,0.0,22.769453,43.347286,0.001275749,0.0,0.3082116,0.7590089
8017,33.610596,0.0,34.974033,43.347336,0.0012015107,0.0,0.27469245,0.75900817
8018,37.20219,0.0,23.693422,43.347355,0.0012098541,0.0,0.30897182,0.75900733
8019,42.02608,0.0,19.448536,43.347363,0.0012590992,0.0,0.32287005,0.7590063
8020,51.926807,0.0,19.236134,43.34738,0.0010042046,0.0,0.30673376,0.75900525
8021,33.781826,0.0,20.182224,43.347427,0.0014313175,0.0,0.3278746,0.75900406
8022,33.18653,0.0,20.411776,43.347496,0.0008899075,0.0,0.29136056,0.75900286
8023,31.715458,0.0,30.085579,43.347595,0.0011740186,0.0,0.3173848,0.7590019
8024,25.77915,0.0,46.67279,43.347702,0.0013468124,0.0,0.32578474,0.75900084
8025,49.55451,0.0,15.568191,43.34778,0.0010920949,0.0,0.30813116,0.75899976
8026,28.039066,0.0,21.50018,43.34786,0.000770759,0.0,0.35199082,0.75899863
8027,25.466864,0.0,38.475883,43.34792,0.00081187993,0.0,0.3365476,0.75899935
8028,29.75559,0.0,24.472414,43.347996,0.0007680512,0.0,0.30390632,0.75899976
8029,51.067936,0.0,30.568884,43.34806,0.0011221317,0.0,0.35656667,0.75900006
8030,27.091093,0.0,23.490688,43.348103,0.0012420759,0.0,0.3145973,0.7590132
8031,27.547327,0.0,21.359886,43.348114,0.00071284914,0.0,0.33409557,0.759025
8032,31.767168,0.0,18.928991,43.34811,0.0012130197,0.0,0.33549857,0.7590354
8033,33.065434,0.0,31.499996,43.348145,0.0012335712,0.0,0.29499498,0.7590468
8034,40.842014,0.0,23.994888,43.3482,0.0013071501,0.0,0.32564262,0.759057
8035,26.578932,0.0,21.11344,43.348293,0.0009010464,0.0,0.3395694,0.7590659
8036,61.560337,0.0,32.17465,43.34836,0.001128046,0.0,0.33969063,0.7590739
8037,44.33152,0.0,21.361881,43.3484,0.0010337457,0.0,0.34173942,0.75908107
8038,52.805607,0.0,28.41111,43.348396,0.0008538605,0.0,0.30347538,0.75908726
8039,30.425928,0.0,33.781113,43.34839,0.0011252803,0.0,0.31276834,0.7590921
8040,34.597103,0.0,31.63523,43.34837,0.0012282692,0.0,0.3285271,0.7590963
8041,36.329437,0.0,31.327774,43.348335,0.0013100423,0.0,0.3254605,0.75910264
8042,50.10481,0.0,24.60211,43.348366,0.00096974696,0.0,0.30043373,0.7591082
8043,38.76787,0.0,35.37162,43.348347,0.0011597465,0.0,0.35744864,0.759113
8044,44.204338,0.0,21.549305,43.348343,0.0011303788,0.0,0.31214428,0.7591173
8045,37.67612,0.0,21.079529,43.348324,0.0010518462,0.0,0.31758046,0.7591209
8046,35.61552,0.0,68.60174,43.34831,0.0011533251,0.0,0.3208019,0.75912404
8047,64.52977,0.0,29.086287,43.34826,0.0011972901,0.0,0.33061263,0.75912666
8048,56.88505,0.0,18.713602,43.348183,0.0011624831,0.0,0.25968203,0.759129
8049,29.457588,0.0,20.310514,43.348103,0.0008949469,0.0,0.33551073,0.7591308
8050,31.115593,0.0,18.147469,43.34803,0.0012687733,0.0,0.33208632,0.7591457
8051,47.096306,0.0,21.64773,43.34796,0.0010064124,0.0,0.32115936,0.75915915
8052,37.825165,0.0,30.57964,43.347916,0.0010985765,0.0,0.3077069,0.75917125
8053,29.517035,0.0,19.80253,43.347893,0.001028108,0.0,0.30935404,0.7591828
8054,33.867966,0.0,25.27511,43.34786,0.0008312901,0.0,0.34776232,0.75919414
8055,49.689846,0.0,23.968401,43.347797,0.001031564,0.0,0.3282107,0.7592038
8056,39.22905,0.0,18.91709,43.347744,0.0010616808,0.0,0.28940898,0.7592124
8057,30.642595,0.0,50.13649,43.347675,0.00096590444,0.0,0.28004894,0.75922006
8058,54.0076,0.0,41.486595,43.3477,0.0011866642,0.0,0.31354204,0.7592268
8059,43.94161,0.0,22.03148,43.347683,0.0013303085,0.0,0.32346424,0.7592327
8060,40.049904,0.0,22.30379,43.34764,0.0009793373,0.0,0.33047736,0.75923795
8061,50.229816,0.0,26.387646,43.347603,0.0010815957,0.0,0.328824,0.75924253
8062,36.85294,0.0,30.343445,43.347595,0.0011584873,0.0,0.2998218,0.7592465
8063,33.48174,0.0,18.025875,43.34755,0.0011578132,0.0,0.3024981,0.75925
8064,29.688225,0.0,16.188581,43.34751,0.0008871755,0.0,0.31399536,0.7592529
8065,69.14347,0.0,26.284996,43.347485,0.0008794144,0.0,0.32043663,0.75925547
8066,30.772139,0.0,23.239815,43.34748,0.0010331617,0.0,0.3063645,0.7592592
8067,38.02748,0.0,23.377644,43.347427,0.0013649445,0.0,0.33539248,0.75926334
8068,53.81177,0.0,13.084298,43.34736,0.00091888214,0.0,0.30923337,0.759267
8069,37.450546,0.0,32.16881,43.34728,0.0014718262,0.0,0.3418251,0.7592702
8070,40.338688,0.0,37.056435,43.347202,0.0011894668,0.0,0.3299212,0.75927395
8071,29.885126,0.0,24.67357,43.347164,0.00077775697,0.0,0.32142204,0.75927716
8072,34.76626,0.0,16.233349,43.34713,0.00078950194,0.0,0.30749887,0.75927997
8073,38.031136,0.0,35.706932,43.3471,0.0010760666,0.0,0.32826406,0.7592827
8074,43.52853,0.0,30.827343,43.347054,0.0010054223,0.0,0.36365604,0.7592754
8075,32.807884,0.0,25.924738,43.346947,0.00091453607,0.0,0.33718455,0.75926876
8076,45.046997,0.0,20.052416,43.34685,0.0010781382,0.0,0.32212657,0.759262
8077,68.12938,0.0,19.76222,43.34679,0.0012423676,0.0,0.34703666,0.75925577
8078,27.688896,0.0,37.91904,43.346733,0.00082468486,0.0,0.32442492,0.7592501
8079,42.18808,0.0,18.677141,43.346687,0.0009975577,0.0,0.3372129,0.7592449
8080,27.32622,0.0,24.285381,43.346714,0.0007676764,0.0,0.27030462,0.75924003
8081,26.098352,0.0,25.317781,43.346752,0.0011545967,0.0,0.31159556,0.75923556
8082,60.62202,0.0,21.7276,43.34678,0.001092751,0.0,0.2930404,0.7592314
8083,28.534782,0.0,30.101292,43.34684,0.0011257273,0.0,0.31643432,0.7592275
8084,42.589146,0.0,13.909883,43.34694,0.00092158164,0.0,0.3030554,0.7592238
8085,50.979786,0.0,28.326977,43.347015,0.001130733,0.0,0.3064546,0.7592204
8086,49.592308,0.0,23.646894,43.347115,0.0009480856,0.0,0.3155093,0.75921714
8087,25.580093,0.0,23.932865,43.347202,0.0010426933,0.0,0.3143263,0.75921416
8088,29.258411,0.0,25.067354,43.34729,0.0011279313,0.0,0.33903736,0.75921375
8089,47.79397,0.0,17.538078,43.34737,0.00080037187,0.0,0.33100036,0.7592149
8090,31.27687,0.0,27.920813,43.34745,0.0013490458,0.0,0.31800562,0.7592158
8091,38.875942,0.0,23.32355,43.347507,0.0010500109,0.0,0.32243955,0.7592159
8092,34.914196,0.0,17.03595,43.34753,0.0014262013,0.0,0.30816695,0.75921494
8093,34.3701,0.0,23.110535,43.347546,0.00095858495,0.0,0.34068415,0.759214
8094,37.95464,0.0,19.23956,43.34755,0.0010610771,0.0,0.324772,0.75921327
8095,41.284954,0.0,19.999254,43.347504,0.0008384592,0.0,0.358551,0.7592124
8096,26.62041,0.0,23.119759,43.347504,0.0012710041,0.0,0.3163508,0.7592114
8097,41.633488,0.0,27.946428,43.347523,0.0009376608,0.0,0.32418928,0.7592105
8098,38.507496,0.0,44.058975,43.34757,0.0012026095,0.0,0.3129745,0.75920963
8099,35.751423,0.0,29.260397,43.347637,0.0012025252,0.0,0.31762576,0.75920874
8100,29.356659,0.0,20.058098,43.34772,0.0013571869,0.0,0.3221355,0.75920767
8101,39.293888,0.0,17.972826,43.347816,0.0013657408,0.0,0.32343632,0.7592067
8102,35.32815,0.0,25.541748,43.34793,0.0010947909,0.0,0.34116602,0.75920576
8103,41.26157,0.0,26.471865,43.348022,0.0009894869,0.0,0.31991217,0.75920475
8104,41.404247,0.0,20.28717,43.348125,0.0009997059,0.0,0.32308304,0.75920665
8105,47.15224,0.0,24.15601,43.348206,0.0008662056,0.0,0.2767331,0.75920826
8106,53.815098,0.0,19.755325,43.348324,0.00086406,0.0,0.33934587,0.7592095
8107,30.660965,0.0,20.93694,43.3484,0.0007058388,0.0,0.32240903,0.7592107
8108,42.85239,0.0,28.630247,43.34845,0.0010485746,0.0,0.29947323,0.7592115
8109,32.79575,0.0,18.157213,43.348454,0.0010826539,0.0,0.3374663,0.75921196
8110,23.361183,0.0,20.822355,43.348446,0.0011175519,0.0,0.36283445,0.7592124
8111,38.836155,0.0,20.23436,43.34845,0.0009195092,0.0,0.3535123,0.75921255
8112,40.854538,0.0,21.065723,43.34845,0.0008570624,0.0,0.29293656,0.75921255
8113,43.060448,0.0,34.589565,43.348484,0.001143086,0.0,0.34283292,0.7592124
8114,75.072624,0.0,35.82302,43.348484,0.0010952011,0.0,0.31326652,0.75921214
8115,31.244743,0.0,12.019553,43.348507,0.00087691913,0.0,0.32328895,0.75921166
8116,30.245806,0.0,33.353954,43.348534,0.0010501887,0.0,0.31901506,0.75921106
8117,34.56765,0.0,17.016573,43.348595,0.0017022699,0.0,0.31420013,0.75920653
8118,42.95787,0.0,21.186527,43.34863,0.0011769998,0.0,0.3152259,0.7592023
8119,31.712507,0.0,23.725023,43.34866,0.0011994609,0.0,0.3338985,0.7591983
8120,42.852634,0.0,29.146545,43.3487,0.0011059049,0.0,0.34680387,0.7591946
8121,31.319742,0.0,23.838436,43.348686,0.0013363771,0.0,0.32628894,0.75919074
8122,40.17452,0.0,25.395924,43.3487,0.0010208964,0.0,0.3084285,0.75919175
8123,35.676243,0.0,24.243221,43.34871,0.0010933166,0.0,0.34434947,0.7591926
8124,42.164093,0.0,35.769638,43.348724,0.0011992725,0.0,0.3506105,0.7591932
8125,30.024942,0.0,20.430155,43.34878,0.0010353054,0.0,0.29590595,0.7591937
8126,30.590319,0.0,17.263872,43.34885,0.0011259005,0.0,0.32982582,0.75919396
8127,30.978727,0.0,21.488348,43.348907,0.0010892468,0.0,0.30135036,0.7591943
8128,31.778442,0.0,23.216879,43.34892,0.0009007164,0.0,0.3063912,0.7591943
8129,35.83255,0.0,19.485016,43.34891,0.0011422446,0.0,0.33040807,0.7591941
8130,44.399868,0.0,19.237804,43.34891,0.0010993133,0.0,0.35428903,0.75919396
8131,30.945614,0.0,20.03418,43.348892,0.0008862726,0.0,0.33488733,0.75919366
8132,35.252785,0.0,21.56506,43.34887,0.0014224339,0.0,0.3142199,0.75919324
8133,53.304768,0.0,16.051472,43.34881,0.00093338755,0.0,0.31811777,0.75919276
8134,42.784824,0.0,16.140259,43.34872,0.00088579155,0.0,0.32919115,0.7591921
8135,48.007908,0.0,32.8901,43.348675,0.0009808557,0.0,0.34219036,0.75919366
8136,36.158195,0.0,35.040756,43.34864,0.0013025029,0.0,0.3141377,0.7591952
8137,33.472313,0.0,25.611242,43.34858,0.0009570929,0.0,0.33399808,0.75919664
8138,31.39042,0.0,46.173565,43.348526,0.00096594077,0.0,0.28900048,0.75919795
8139,33.614044,0.0,30.660702,43.34845,0.0009357821,0.0,0.3394385,0.7591991
8140,34.22421,0.0,21.564236,43.348335,0.0015841484,0.0,0.32360268,0.75920004
8141,30.259306,0.0,16.941902,43.348232,0.0009947661,0.0,0.33474958,0.7592008
8142,39.78109,0.0,28.177795,43.348164,0.0010921843,0.0,0.33346593,0.75920147
8143,29.392433,0.0,17.638018,43.348114,0.0010819519,0.0,0.3107118,0.759202
8144,57.80222,0.0,24.93694,43.34809,0.0015223235,0.0,0.31702763,0.7592023
8145,33.258633,0.0,18.94331,43.348083,0.0016064703,0.0,0.3220504,0.7592026
8146,34.085587,0.0,27.792143,43.348103,0.001115236,0.0,0.35756466,0.7592026
8147,35.827,0.0,50.67179,43.348156,0.0010135283,0.0,0.33003208,0.7592024
8148,32.747776,0.0,26.441856,43.3482,0.0009919963,0.0,0.3467202,0.7592023
8149,52.67972,0.0,29.875349,43.34828,0.0011082584,0.0,0.31435847,0.7592018
8150,46.304745,0.0,20.156971,43.348335,0.00109589,0.0,0.2954135,0.75920147
8151,38.380062,0.0,32.899982,43.34842,0.0011219309,0.0,0.30990693,0.759201
8152,31.543758,0.0,30.936548,43.348488,0.001313664,0.0,0.3168393,0.7592003
8153,36.566544,0.0,21.818987,43.34854,0.0015048514,0.0,0.2908218,0.75920063
8154,33.53306,0.0,25.533752,43.348576,0.0009282096,0.0,0.3314638,0.759201
8155,42.407875,0.0,55.252907,43.348637,0.0013491167,0.0,0.35662556,0.75920117
8156,25.189226,0.0,35.16983,43.348637,0.0010699162,0.0,0.32599336,0.759201
8157,32.75205,0.0,20.08626,43.34869,0.0011258335,0.0,0.35870785,0.759201
8158,44.298405,0.0,31.924528,43.348732,0.0009285192,0.0,0.31290993,0.75920075
8159,26.555254,0.0,22.920994,43.348774,0.0009911149,0.0,0.3212285,0.7592008
8160,33.72709,0.0,37.476746,43.348824,0.001055797,0.0,0.33714828,0.75920117
8161,38.79457,0.0,40.993393,43.348858,0.0013780601,0.0,0.310387,0.7592015
8162,33.560402,0.0,53.008053,43.348866,0.0012728972,0.0,0.34878176,0.7592017
8163,34.20808,0.0,36.346165,43.34878,0.001263795,0.0,0.33796632,0.75920165
8164,36.729595,0.0,20.466614,43.34867,0.0008719637,0.0,0.28531367,0.75920236
8165,29.707556,0.0,31.171618,43.34856,0.0009057664,0.0,0.32130122,0.7592028
8166,30.104342,0.0,20.909752,43.348457,0.0010524294,0.0,0.32790262,0.7592029
8167,42.757233,0.0,13.962428,43.348366,0.0011345104,0.0,0.3149436,0.759198
8168,27.57068,0.0,43.852818,43.348286,0.0011805038,0.0,0.3318454,0.7591936
8169,37.29454,0.0,33.349136,43.34821,0.0011808792,0.0,0.30332154,0.7591918
8170,36.955524,0.0,25.458332,43.34807,0.0013205436,0.0,0.29522192,0.7591901
8171,35.30379,0.0,14.301002,43.347946,0.0012424311,0.0,0.31173152,0.7591885
8172,32.73579,0.0,28.715578,43.34782,0.0011664033,0.0,0.33917898,0.75918704
8173,31.25359,0.0,25.11816,43.347717,0.0010926817,0.0,0.31733593,0.7591855
8174,33.97035,0.0,56.49495,43.347626,0.0010395814,0.0,0.28237084,0.7591846
8175,31.91672,0.0,39.53837,43.34757,0.0010891941,0.0,0.32855725,0.75918365
8176,27.324429,0.0,20.502626,43.347507,0.0011153498,0.0,0.295699,0.75918245
8177,32.25721,0.0,37.824444,43.347435,0.00090501725,0.0,0.35036707,0.75918114
8178,44.274822,0.0,26.352129,43.347347,0.0011986333,0.0,0.37971586,0.75917995
8179,55.41543,0.0,25.760944,43.347282,0.0011790434,0.0,0.34795994,0.75917894
8180,37.8681,0.0,21.79744,43.347233,0.0016205872,0.0,0.33962744,0.7591776
8181,39.063763,0.0,21.223503,43.347176,0.0012328818,0.0,0.33073848,0.75917643
8182,34.079514,0.0,16.740393,43.34711,0.0011671316,0.0,0.31181243,0.7591752
8183,81.093575,0.0,26.055891,43.347034,0.001576144,0.0,0.30294436,0.75917405
8184,39.397835,0.0,26.27959,43.346928,0.0012114071,0.0,0.32781658,0.75917274
8185,53.893997,0.0,29.009745,43.34685,0.0012764203,0.0,0.29700834,0.7591716
8186,39.941456,0.0,22.85721,43.346798,0.0012671635,0.0,0.3153997,0.7591705
8187,40.683235,0.0,18.54121,43.346745,0.0012157448,0.0,0.35791755,0.75916916
8188,50.9417,0.0,23.075125,43.346725,0.0013328216,0.0,0.3227938,0.7591679
8189,30.416443,0.0,26.779911,43.346684,0.0010428241,0.0,0.32612538,0.7591667
8190,61.236523,0.0,28.312992,43.34667,0.0011349502,0.0,0.31500697,0.75916547
8191,38.243416,0.0,14.250297,43.346626,0.0010670635,0.0,0.35093582,0.7591641
8192,42.09034,0.0,55.702152,43.346584,0.00095831155,0.0,0.337141,0.7591627
8193,36.84758,0.0,22.564669,43.34645,0.0010420285,0.0,0.31414276,0.75916123
8194,49.733135,0.0,18.69669,43.34631,0.0012260424,0.0,0.36346972,0.75915986
8195,28.452105,0.0,17.474854,43.346207,0.0011785991,0.0,0.3606802,0.7591584
8196,47.22361,0.0,21.152454,43.34613,0.0012496749,0.0,0.34828362,0.75915694
8197,31.399992,0.0,23.63402,43.34602,0.0014121954,0.0,0.30610496,0.75915545
8198,30.833488,0.0,30.927376,43.345917,0.0012158395,0.0,0.3140915,0.75915396
8199,38.2209,0.0,31.24944,43.345833,0.0007493645,0.0,0.3545638,0.7591525
8200,53.87483,0.0,24.328207,43.345848,0.0007462547,0.0,0.31172597,0.75915086
8201,62.01119,0.0,34.357227,43.345875,0.001187749,0.0,0.3654374,0.75914925
8202,28.756021,0.0,20.044872,43.345963,0.0010266344,0.0,0.35381627,0.759148
8203,43.892773,0.0,41.364067,43.34603,0.0015540406,0.0,0.31865296,0.7591466
8204,30.109375,0.0,26.442636,43.346107,0.0010930987,0.0,0.3289607,0.75914514
8205,41.76888,0.0,29.572151,43.34623,0.0011198581,0.0,0.3355659,0.75914377
8206,32.789387,0.0,45.686913,43.346325,0.0009339046,0.0,0.31474838,0.7591423
8207,48.56448,0.0,22.064344,43.34648,0.0009810352,0.0,0.30395812,0.75914073
8208,35.875763,0.0,26.381071,43.346626,0.0013238767,0.0,0.31747308,0.75913924
8209,30.32607,0.0,32.838165,43.346725,0.0008718049,0.0,0.30301628,0.75913775
8210,39.149635,0.0,35.844112,43.346844,0.0011483053,0.0,0.35400066,0.7591365
8211,40.504932,0.0,36.80164,43.346928,0.0012162593,0.0,0.3284652,0.7591356
8212,27.431118,0.0,36.4194,43.346985,0.0012197327,0.0,0.29634556,0.75913465
8213,41.481953,0.0,25.959568,43.34701,0.0016722335,0.0,0.31859925,0.75913364
8214,31.06929,0.0,31.72708,43.347054,0.0013222228,0.0,0.32210273,0.7591325
8215,40.80935,0.0,24.899824,43.34709,0.0013314718,0.0,0.34045625,0.7591315
8216,59.02613,0.0,35.496704,43.347065,0.0009152076,0.0,0.34180185,0.75913036
8217,32.348167,0.0,22.214746,43.347015,0.0015480688,0.0,0.37940082,0.7591291
8218,31.881918,0.0,33.31953,43.346992,0.0010922863,0.0,0.31407866,0.7591295
8219,36.198494,0.0,56.373062,43.346935,0.0012065743,0.0,0.3325017,0.7591298
8220,36.518036,0.0,32.67864,43.346813,0.0013246168,0.0,0.29692006,0.7591299
8221,28.01548,0.0,22.7103,43.346676,0.0011008679,0.0,0.3051526,0.75912976
8222,43.019276,0.0,21.007597,43.346577,0.0019290326,0.0,0.33483332,0.75913876
8223,63.55301,0.0,27.3056,43.346474,0.0015984167,0.0,0.33677027,0.75914633
8224,32.163242,0.0,28.21544,43.346382,0.0011486621,0.0,0.33647978,0.75915325
8225,45.96849,0.0,23.356771,43.34633,0.00093278894,0.0,0.3047119,0.75915927
8226,31.589025,0.0,17.87428,43.346313,0.0010466324,0.0,0.32919472,0.75916475
8227,47.229256,0.0,22.900358,43.346294,0.0010135949,0.0,0.36945462,0.7591695
8228,36.667255,0.0,32.506706,43.346283,0.0012532937,0.0,0.31592748,0.75917333
8229,36.012108,0.0,27.740744,43.346294,0.0013838237,0.0,0.30973542,0.75917685
8230,31.64257,0.0,16.799395,43.346287,0.0010373207,0.0,0.32236844,0.7591798
8231,30.37616,0.0,20.177921,43.346283,0.0013319803,0.0,0.332288,0.7591823
8232,34.215244,0.0,25.186918,43.34629,0.0010086327,0.0,0.34225306,0.7591846
8233,41.422306,0.0,20.305452,43.346283,0.0011443334,0.0,0.32097936,0.7591863
8234,45.11651,0.0,37.99583,43.346283,0.0012910556,0.0,0.33508906,0.7591879
8235,27.330126,0.0,38.20156,43.34631,0.001876937,0.0,0.3352109,0.75918907
8236,29.080616,0.0,24.76679,43.346344,0.00088619266,0.0,0.341335,0.75918907
8237,41.724667,0.0,19.937918,43.34637,0.001038833,0.0,0.32532835,0.75918907
8238,42.928265,0.0,27.03554,43.34638,0.0010927343,0.0,0.34256184,0.7591891
8239,43.508747,0.0,31.347277,43.34635,0.0009686528,0.0,0.3189888,0.7591926
8240,25.800327,0.0,28.520422,43.34637,0.00093954185,0.0,0.31462884,0.75919586
8241,25.114714,0.0,24.963701,43.346367,0.001439608,0.0,0.31582186,0.75919855
8242,49.258717,0.0,26.745369,43.346355,0.0016731897,0.0,0.3547635,0.7592011
8243,28.928339,0.0,20.262186,43.346313,0.0010887638,0.0,0.33617288,0.7592033
8244,27.914047,0.0,21.092953,43.34629,0.0010820007,0.0,0.32530212,0.7592053
8245,43.556614,0.0,23.92301,43.346245,0.0010384951,0.0,0.3349079,0.75920826
8246,32.105736,0.0,18.014282,43.346176,0.0010485025,0.0,0.32335153,0.7592108
8247,41.33499,0.0,41.62479,43.346073,0.0011458076,0.0,0.3202489,0.75921303
8248,34.84142,0.0,44.593224,43.34599,0.0009247651,0.0,0.3252694,0.75921494
8249,45.410137,0.0,29.637781,43.34594,0.0009935652,0.0,0.33523262,0.7592164
8250,51.741623,0.0,29.87872,43.345882,0.0012436595,0.0,0.33906576,0.7592177
8251,33.73497,0.0,36.148277,43.345856,0.0008896842,0.0,0.32496637,0.7592191
8252,39.86031,0.0,26.184801,43.345802,0.001031399,0.0,0.2998579,0.7592202
8253,28.322895,0.0,25.237465,43.34577,0.0011264643,0.0,0.36367342,0.7592209
8254,48.035133,0.0,21.13965,43.345734,0.0012177987,0.0,0.32884973,0.7592214
8255,32.751328,0.0,19.28493,43.34567,0.0012899311,0.0,0.3466673,0.75922155
8256,42.84358,0.0,23.213034,43.345596,0.0011789179,0.0,0.3296345,0.7592216
8257,48.439167,0.0,23.256445,43.345543,0.0010509382,0.0,0.34994373,0.7592217
8258,45.210953,0.0,25.877386,43.345493,0.00090168905,0.0,0.29229304,0.7592215
8259,41.444077,0.0,21.04041,43.345467,0.0009794459,0.0,0.35335714,0.75922126
8260,32.041355,0.0,25.194426,43.345432,0.001257875,0.0,0.30558175,0.75922084
8261,22.618095,0.0,22.717997,43.3454,0.002304391,0.0,0.3313559,0.7592203
8262,34.659336,0.0,35.22835,43.345337,0.0009873058,0.0,0.2932821,0.7592212
8263,39.531273,0.0,27.893253,43.34533,0.0011081707,0.0,0.34187302,0.7592219
8264,32.22252,0.0,29.314938,43.345387,0.0010916131,0.0,0.31789744,0.75922245
8265,35.637566,0.0,23.812332,43.345455,0.0010641351,0.0,0.31441814,0.7592226
8266,28.670862,0.0,14.235849,43.34551,0.00095652806,0.0,0.32402292,0.75922275
8267,42.681454,0.0,23.926596,43.34557,0.0016979023,0.0,0.36742955,0.75922275
8268,41.448715,0.0,26.386133,43.345642,0.0013906634,0.0,0.29864246,0.75922245
8269,32.9758,0.0,24.954138,43.345726,0.0012265183,0.0,0.32601547,0.7592222
8270,58.73264,0.0,22.746834,43.345787,0.0012317727,0.0,0.3428831,0.7592217
8271,33.749058,0.0,19.483734,43.34587,0.0009693156,0.0,0.32691535,0.7592207
8272,29.03367,0.0,46.27359,43.34593,0.0012205665,0.0,0.33032513,0.75922513
8273,34.63258,0.0,48.521275,43.345936,0.0014885264,0.0,0.33660325,0.7592286
8274,55.13842,0.0,15.308533,43.345993,0.0009775828,0.0,0.331608,0.75923175
8275,56.904198,0.0,32.278034,43.346054,0.0009782029,0.0,0.34513855,0.7592346
8276,31.882303,0.0,18.486456,43.346127,0.00097243895,0.0,0.32946002,0.7592371
8277,45.837654,0.0,22.932178,43.346184,0.0014048176,0.0,0.2861323,0.7592392
8278,37.83815,0.0,21.329248,43.34619,0.0011912634,0.0,0.34944862,0.75924116
8279,65.1166,0.0,26.815197,43.34623,0.001436092,0.0,0.3450805,0.7592428
8280,40.198055,0.0,32.317036,43.34626,0.0008723431,0.0,0.3155522,0.75924534
8281,37.914642,0.0,22.414057,43.34627,0.0012015363,0.0,0.31696984,0.75924754
8282,36.02718,0.0,31.197863,43.346264,0.0011948063,0.0,0.3254125,0.75924945
8283,34.09034,0.0,36.721584,43.34626,0.0010175386,0.0,0.32017988,0.75925106
8284,32.15262,0.0,21.45304,43.346233,0.0013094782,0.0,0.35471985,0.75925803
8285,49.752743,0.0,39.43562,43.346195,0.0011119482,0.0,0.35039195,0.7592644
8286,45.736053,0.0,16.508148,43.3462,0.0010278821,0.0,0.33812317,0.7592701
8287,33.211582,0.0,18.63001,43.34619,0.0010561835,0.0,0.31688237,0.7592752
8288,53.064598,0.0,30.88542,43.34617,0.0009903698,0.0,0.35417077,0.7592797
8289,53.570103,0.0,29.019411,43.34619,0.0015105992,0.0,0.35661316,0.7592837
8290,42.47628,0.0,27.719522,43.34622,0.00092899555,0.0,0.35004276,0.75928706
8291,48.74605,0.0,23.92321,43.34628,0.001162422,0.0,0.32501954,0.7592901
8292,45.499252,0.0,20.570683,43.346336,0.0012666304,0.0,0.31166244,0.75929266
8293,28.871202,0.0,36.93497,43.34639,0.0012191564,0.0,0.29893205,0.7592941
8294,22.974174,0.0,17.174986,43.34643,0.0010234353,0.0,0.3055355,0.75929534
8295,25.93471,0.0,29.740353,43.34647,0.0010763651,0.0,0.3336061,0.75929636
8296,38.459194,0.0,33.415607,43.34654,0.0011706061,0.0,0.33279294,0.75929695
8297,36.72334,0.0,29.62141,43.3466,0.0010097006,0.0,0.3302436,0.7592975
8298,27.840895,0.0,27.060858,43.34662,0.0010386911,0.0,0.32582796,0.75929767
8299,38.516685,0.0,17.437952,43.346603,0.0009944211,0.0,0.3445257,0.75929785
8300,38.02806,0.0,23.24067,43.34657,0.0009898538,0.0,0.34613046,0.75929964
8301,41.04947,0.0,23.795877,43.346565,0.0010150021,0.0,0.33863318,0.7593011
8302,27.612604,0.0,21.730268,43.346565,0.0011493779,0.0,0.3481019,0.75930244
8303,23.180126,0.0,19.051477,43.34659,0.00087233324,0.0,0.318127,0.7593033
8304,54.45531,0.0,27.40108,43.346622,0.0010422627,0.0,0.33243042,0.75930405
8305,24.642439,0.0,32.792156,43.346634,0.0011065342,0.0,0.34190935,0.7593045
8306,33.448883,0.0,26.134153,43.346687,0.0012411986,0.0,0.33553582,0.75930476
8307,41.65923,0.0,47.935337,43.346718,0.0008824185,0.0,0.34064507,0.75930494
8308,38.131084,0.0,28.662283,43.34671,0.0012242803,0.0,0.39161146,0.7593048
8309,28.520773,0.0,22.107243,43.346764,0.001034542,0.0,0.35914975,0.7593046
8310,41.820255,0.0,18.190807,43.346813,0.0010106253,0.0,0.34455618,0.7593042
8311,43.515682,0.0,16.43341,43.346863,0.0009206332,0.0,0.3531685,0.7593037
8312,33.688698,0.0,23.354876,43.346912,0.0009271994,0.0,0.29837364,0.75930315
8313,34.484776,0.0,20.719719,43.346962,0.0010471214,0.0,0.30390918,0.75930214
8314,41.627758,0.0,20.057632,43.346996,0.00078179175,0.0,0.30948845,0.75930125
8315,34.509483,0.0,28.01678,43.347004,0.0010123145,0.0,0.33081,0.7593003
8316,31.862413,0.0,18.32576,43.34708,0.0010602514,0.0,0.29639286,0.75929886
8317,33.578648,0.0,26.160927,43.34715,0.0013526725,0.0,0.3306895,0.75929767
8318,63.609505,0.0,26.220558,43.34723,0.0010710098,0.0,0.30444276,0.7592964
8319,36.88028,0.0,25.62178,43.347282,0.00086222746,0.0,0.33082223,0.75929695
8320,48.588528,0.0,23.928822,43.347275,0.00088874006,0.0,0.32868698,0.75929725
8321,43.400986,0.0,24.657557,43.347256,0.0010005436,0.0,0.3111162,0.7592965
8322,37.500328,0.0,21.764452,43.347233,0.0010368032,0.0,0.30249,0.75929564
8323,41.165466,0.0,24.323109,43.34722,0.000899598,0.0,0.322325,0.75929475
8324,35.038445,0.0,33.483498,43.3472,0.0017088957,0.0,0.3092612,0.7592938
8325,36.706764,0.0,23.605019,43.347153,0.0007756494,0.0,0.37349772,0.75929266
8326,53.57947,0.0,21.050856,43.34711,0.000905739,0.0,0.3215114,0.7592917
8327,34.14209,0.0,21.865278,43.347054,0.0013283796,0.0,0.3529209,0.7592905
8328,29.553535,0.0,20.203785,43.346992,0.0008894926,0.0,0.3197524,0.75928944
8329,40.74281,0.0,24.773998,43.34695,0.0009239507,0.0,0.3339547,0.75928825
8330,45.6511,0.0,24.463354,43.346977,0.00074913213,0.0,0.36098227,0.759287
8331,34.68564,0.0,28.125265,43.34703,0.00085376966,0.0,0.30277762,0.75928587
8332,55.867672,0.0,15.373749,43.34702,0.0009884433,0.0,0.326079,0.75928456
8333,41.660652,0.0,26.057552,43.347027,0.0010276525,0.0,0.357019,0.75928324
8334,47.92854,0.0,23.678274,43.34704,0.0011301547,0.0,0.3383553,0.7592819
8335,44.75849,0.0,27.832117,43.347057,0.0008994462,0.0,0.3162197,0.7592805
8336,41.673897,0.0,30.961052,43.3471,0.000948996,0.0,0.33064312,0.7592791
8337,70.94022,0.0,20.082186,43.34709,0.0010195982,0.0,0.34636348,0.75927764
8338,46.29008,0.0,17.930258,43.347095,0.0011771217,0.0,0.3294745,0.7592763
8339,45.56508,0.0,15.4500265,43.347054,0.0010701846,0.0,0.33963293,0.7592748
8340,26.059267,0.0,21.914228,43.346996,0.0010843176,0.0,0.3236574,0.75927335
8341,50.338364,0.0,30.347815,43.34696,0.0011580477,0.0,0.32141262,0.75927174
8342,31.972757,0.0,21.81278,43.346874,0.0011845138,0.0,0.3521918,0.7592703
8343,30.304699,0.0,28.85326,43.34682,0.001038926,0.0,0.34126183,0.75926864
8344,48.176304,0.0,20.039282,43.346783,0.0008618883,0.0,0.3138269,0.7592671
8345,38.38468,0.0,32.77442,43.346745,0.0011169405,0.0,0.32455388,0.7592654
8346,53.081226,0.0,21.445255,43.346718,0.0013635991,0.0,0.33090553,0.7592636
8347,36.78024,0.0,27.571175,43.346703,0.0009521664,0.0,0.3221836,0.7592619
8348,43.45726,0.0,35.346466,43.346718,0.00090839545,0.0,0.37128615,0.75925815
8349,26.63991,0.0,29.866669,43.346767,0.00084790983,0.0,0.32491183,0.75925595
8350,52.51212,0.0,17.760027,43.346832,0.0012373687,0.0,0.32855725,0.7592537
8351,38.442318,0.0,25.33923,43.346905,0.0012284013,0.0,0.30507857,0.7592516
8352,56.791874,0.0,23.000704,43.346996,0.0010440307,0.0,0.30966923,0.7592497
8353,29.305546,0.0,17.294373,43.347115,0.0011355532,0.0,0.33641276,0.75924766
8354,46.01949,0.0,18.504185,43.3472,0.0009780787,0.0,0.3740302,0.7592456
8355,26.361362,0.0,33.303806,43.34727,0.00083207595,0.0,0.31137288,0.75924367
8356,27.966635,0.0,21.92105,43.34736,0.0012752509,0.0,0.31796548,0.75924176
8357,42.607853,0.0,24.56058,43.34743,0.00096853555,0.0,0.30469844,0.75924
8358,50.501312,0.0,21.298567,43.347446,0.001635487,0.0,0.34019053,0.759238
8359,60.52781,0.0,18.14033,43.34746,0.0007910094,0.0,0.3393237,0.759236
8360,37.667446,0.0,24.097944,43.347454,0.0010633192,0.0,0.31782424,0.7592341
8361,45.230564,0.0,23.267069,43.34745,0.0009983922,0.0,0.29860562,0.7592321
8362,28.092926,0.0,21.21064,43.34742,0.00071946054,0.0,0.2962082,0.7592302
8363,34.13743,0.0,18.069168,43.347393,0.0018048737,0.0,0.33139622,0.75922835
8364,37.46633,0.0,28.64592,43.34736,0.0014950095,0.0,0.34742123,0.75922656
8365,65.32996,0.0,28.41115,43.347286,0.0010568406,0.0,0.30805963,0.75922465
8366,35.663612,0.0,18.542997,43.34722,0.0009495166,0.0,0.29670912,0.759223
8367,64.134964,0.0,36.384907,43.347145,0.0015150903,0.0,0.33226,0.7592211
8368,43.106834,0.0,25.269165,43.347034,0.0012558412,0.0,0.3476343,0.75921935
8369,46.49434,0.0,18.021606,43.346935,0.0011398067,0.0,0.29352176,0.75921756
8370,47.108498,0.0,20.493486,43.346825,0.0010905587,0.0,0.33069283,0.7592159
8371,28.778812,0.0,23.636856,43.346718,0.0012401293,0.0,0.33684778,0.7592142
8372,40.18785,0.0,19.25843,43.34664,0.0016789557,0.0,0.3149144,0.7592131
8373,32.39057,0.0,20.761501,43.346603,0.0011043777,0.0,0.3050334,0.7592119
8374,42.22666,0.0,16.376062,43.346577,0.0011272957,0.0,0.3283489,0.75921065
8375,31.54714,0.0,20.678467,43.346546,0.0010289412,0.0,0.3018811,0.7592095
8376,57.081013,0.0,23.5269,43.346508,0.0015448494,0.0,0.32984787,0.7592082
8377,36.78383,0.0,17.110016,43.346504,0.0011785524,0.0,0.31771612,0.7592064
8378,39.828915,0.0,31.874569,43.3465,0.0009494176,0.0,0.3603925,0.7592046
8379,31.232077,0.0,18.956188,43.346474,0.0009837907,0.0,0.32426685,0.75920296
8380,24.13688,0.0,25.797047,43.346462,0.0011482416,0.0,0.2984127,0.7592011
8381,40.679268,0.0,22.204996,43.34647,0.00090093695,0.0,0.27799088,0.7591995
8382,50.176025,0.0,15.074776,43.34648,0.0010167568,0.0,0.36049557,0.7591978
8383,26.16754,0.0,21.224466,43.346508,0.0011217542,0.0,0.31351262,0.75919616
8384,44.458977,0.0,40.841007,43.346508,0.0011036657,0.0,0.3493199,0.7592036
8385,29.065498,0.0,26.256508,43.346523,0.0011520482,0.0,0.3157438,0.7592102
8386,33.69851,0.0,29.530596,43.34652,0.0010388867,0.0,0.32490942,0.7592161
8387,23.476526,0.0,20.107998,43.346508,0.0010149042,0.0,0.36295474,0.7592214
8388,31.451826,0.0,21.692085,43.3465,0.0011680655,0.0,0.31562847,0.75922596
8389,35.455967,0.0,27.92431,43.346497,0.0011516971,0.0,0.3411107,0.75923
8390,44.739803,0.0,25.516722,43.346493,0.00081882207,0.0,0.30754644,0.7592336
8391,41.23221,0.0,21.893679,43.346478,0.0012850431,0.0,0.33419964,0.7592366
8392,49.936874,0.0,17.702784,43.346497,0.00095696794,0.0,0.3447392,0.75923926
8393,35.927223,0.0,29.480118,43.346516,0.0011394606,0.0,0.33629584,0.7592414
8394,48.48987,0.0,22.722334,43.34655,0.0008743956,0.0,0.33283257,0.7592431
8395,40.45912,0.0,19.509396,43.34658,0.0009874329,0.0,0.3404888,0.7592445
8396,49.51168,0.0,30.724049,43.346622,0.0008872823,0.0,0.3345059,0.7592457
8397,45.00685,0.0,25.370623,43.3467,0.001095474,0.0,0.33746427,0.75924695
8398,57.854527,0.0,22.905674,43.34679,0.0008393782,0.0,0.32536533,0.7592478
8399,37.96381,0.0,58.512547,43.346878,0.00090489996,0.0,0.33249098,0.75924844
8400,33.98641,0.0,17.455276,43.347027,0.0012418034,0.0,0.31669638,0.7592477
8401,56.308586,0.0,17.382158,43.347145,0.0013100794,0.0,0.3533245,0.7592472
8402,37.618706,0.0,21.198595,43.347298,0.0011678323,0.0,0.3060511,0.7592465
8403,44.54582,0.0,37.70024,43.34746,0.0010819572,0.0,0.3098083,0.7592459
8404,26.902882,0.0,25.882248,43.347656,0.0009804609,0.0,0.32661313,0.75924486
8405,32.09426,0.0,17.955006,43.347843,0.0007748196,0.0,0.29984987,0.7592436
8406,47.895226,0.0,16.241932,43.34805,0.0012301491,0.0,0.3714741,0.7592426
8407,44.59061,0.0,21.339481,43.348232,0.0012146208,0.0,0.33310175,0.75924134
8408,24.559437,0.0,49.30503,43.34842,0.0009687138,0.0,0.31393987,0.7592401
8409,41.193584,0.0,18.061573,43.34862,0.00101142,0.0,0.32343164,0.75923884
8410,39.096596,0.0,21.527803,43.348812,0.00096848316,0.0,0.32993633,0.7592376
8411,29.442408,0.0,24.150469,43.348995,0.0009295292,0.0,0.3182305,0.75923634
8412,36.019627,0.0,29.251207,43.34913,0.0012062633,0.0,0.36160034,0.75923496
8413,51.615704,0.0,21.785131,43.349243,0.0010007208,0.0,0.3023063,0.75923306
8414,35.482544,0.0,24.054295,43.34934,0.0008406594,0.0,0.32687885,0.75923127
8415,28.23696,0.0,29.120201,43.34946,0.00084507186,0.0,0.33149606,0.7592293
8416,55.471233,0.0,42.761627,43.349518,0.001141366,0.0,0.33719522,0.75922763
8417,44.373573,0.0,29.87803,43.34957,0.00084461144,0.0,0.30482236,0.75922585
8418,35.17442,0.0,32.171825,43.34956,0.0009699721,0.0,0.36638448,0.7592242
8419,36.2457,0.0,21.224127,43.349545,0.0011721083,0.0,0.31809133,0.75922245
8420,51.196598,0.0,31.224768,43.349514,0.0010832147,0.0,0.3426916,0.75922084
8421,31.979326,0.0,44.550213,43.349483,0.0010995602,0.0,0.33143854,0.7592191
8422,31.536154,0.0,16.361637,43.34936,0.0008672701,0.0,0.32758743,0.75921744
8423,40.69847,0.0,18.55343,43.34926,0.0008075809,0.0,0.3172223,0.7592157
8424,41.80595,0.0,25.625599,43.349155,0.00083363126,0.0,0.34964427,0.75921327
8425,40.747185,0.0,21.98756,43.34904,0.0010434284,0.0,0.31985655,0.75920826
8426,27.933409,0.0,21.181337,43.34895,0.00081308885,0.0,0.36060366,0.7592037
8427,29.638752,0.0,21.163486,43.348854,0.00082623976,0.0,0.2965313,0.7591993
8428,23.004229,0.0,21.66154,43.348804,0.0008405703,0.0,0.35397482,0.7591953
8429,34.266037,0.0,36.39582,43.348755,0.0006792954,0.0,0.33426166,0.7591917
8430,34.52408,0.0,25.569912,43.348724,0.0007576806,0.0,0.3424353,0.75918806
8431,35.789608,0.0,26.245922,43.348675,0.0008171137,0.0,0.3059224,0.759184
8432,41.97202,0.0,38.599968,43.348656,0.00095138606,0.0,0.341932,0.75918025
8433,44.047447,0.0,21.073788,43.34868,0.00067926024,0.0,0.32612348,0.75917673
8434,28.172327,0.0,24.01407,43.34868,0.0007690584,0.0,0.32590777,0.75917333
8435,30.594381,0.0,35.850777,43.34872,0.0006951712,0.0,0.33752498,0.7591702
8436,36.904808,0.0,22.425516,43.348785,0.0010388554,0.0,0.29196036,0.7591672
8437,24.3156,0.0,17.429274,43.348854,0.0006852028,0.0,0.33265954,0.7591642
8438,44.345432,0.0,20.44343,43.348934,0.001028101,0.0,0.31599864,0.7591616
8439,32.707787,0.0,27.936756,43.349033,0.0010548024,0.0,0.31559908,0.7591589
8440,53.032845,0.0,20.744995,43.349113,0.0009792885,0.0,0.33032846,0.7591563
8441,35.44984,0.0,29.588526,43.349216,0.00093710737,0.0,0.35889512,0.75915253
8442,30.836153,0.0,20.055656,43.34934,0.00091798184,0.0,0.33260864,0.7591494
8443,56.522243,0.0,31.81237,43.34949,0.0008024246,0.0,0.2899961,0.7591468
8444,38.377853,0.0,12.410151,43.349598,0.00110481,0.0,0.3414694,0.7591443
8445,30.95878,0.0,17.468676,43.349686,0.0010174501,0.0,0.29047582,0.7591482
8446,39.311466,0.0,19.48464,43.349804,0.00084365613,0.0,0.34801382,0.7591516
8447,31.387077,0.0,26.602022,43.349926,0.0009994543,0.0,0.28366172,0.75915563
8448,28.801485,0.0,20.044258,43.350025,0.0013500068,0.0,0.3495373,0.7591562
8449,53.482418,0.0,26.267895,43.350117,0.00088112,0.0,0.3173216,0.75915676
8450,33.444454,0.0,22.30509,43.350155,0.0011830056,0.0,0.3248025,0.75915533
8451,33.987892,0.0,27.466393,43.35018,0.0011393805,0.0,0.31604367,0.7591549
8452,37.56637,0.0,23.233114,43.350178,0.00082836644,0.0,0.2933767,0.75915426
8453,25.503323,0.0,23.8567,43.350178,0.00094624935,0.0,0.2994178,0.7591537
8454,50.672707,0.0,20.985966,43.350178,0.0010135953,0.0,0.29269564,0.759153
8455,40.684395,0.0,34.52391,43.350147,0.0010780717,0.0,0.3257402,0.75915486
8456,29.89314,0.0,24.281055,43.35014,0.0010757727,0.0,0.3677761,0.7591563
8457,50.87691,0.0,39.030598,43.350124,0.00072412286,0.0,0.3489194,0.75915754
8458,42.18716,0.0,18.523096,43.350098,0.0017025247,0.0,0.30183837,0.75915843
8459,30.774979,0.0,30.487288,43.35008,0.0009651144,0.0,0.31443796,0.75915915
8460,37.647877,0.0,23.798464,43.350048,0.0008922159,0.0,0.35311627,0.75915974
8461,49.687088,0.0,33.48292,43.35003,0.00092148245,0.0,0.31271553,0.7591599
8462,34.986782,0.0,17.244005,43.350006,0.0008816074,0.0,0.33726096,0.7591601
8463,41.7421,0.0,18.558342,43.349987,0.0010752943,0.0,0.30127978,0.7591599
8464,41.108803,0.0,16.715176,43.350044,0.00093607645,0.0,0.30256742,0.7591645
8465,59.37711,0.0,17.137434,43.350082,0.0008167946,0.0,0.3222562,0.7591678
8466,39.81018,0.0,29.387226,43.350132,0.0007864601,0.0,0.35512266,0.75917065
8467,36.613625,0.0,32.972435,43.35018,0.00090234185,0.0,0.34326386,0.7591732
8468,30.565294,0.0,23.273226,43.350243,0.00086588756,0.0,0.32763636,0.7591749
8469,40.543427,0.0,24.249903,43.350296,0.0014202049,0.0,0.38284308,0.75917614
8470,43.56295,0.0,34.84538,43.35035,0.0017548868,0.0,0.31585333,0.75917697
8471,67.005,0.0,17.90853,43.350376,0.0007665268,0.0,0.32610115,0.7591777
8472,37.578083,0.0,26.587263,43.35041,0.0008073674,0.0,0.31459013,0.7591782
8473,43.813038,0.0,25.203814,43.35047,0.0008274487,0.0,0.34404537,0.7591786
8474,28.59998,0.0,25.756933,43.35054,0.0010524245,0.0,0.28105482,0.75917864
8475,34.52702,0.0,26.876997,43.350616,0.0010022044,0.0,0.3430483,0.7591787
8476,45.07532,0.0,19.562357,43.35069,0.00086225045,0.0,0.33909655,0.7591784
8477,32.37177,0.0,26.983475,43.35076,0.00068937003,0.0,0.30546004,0.75917935
8478,31.353724,0.0,21.841879,43.35084,0.0008031418,0.0,0.32526064,0.75918007
8479,38.272324,0.0,38.6195,43.35092,0.0010145954,0.0,0.32279634,0.75918055
8480,43.645687,0.0,22.255482,43.351017,0.00088565925,0.0,0.33929798,0.75918084
8481,41.225193,0.0,21.575249,43.351086,0.00087847887,0.0,0.3274003,0.7591811
8482,44.103157,0.0,17.440563,43.351116,0.000883741,0.0,0.30025455,0.759181
8483,40.998966,0.0,18.267195,43.351154,0.000988665,0.0,0.318403,0.75918084
8484,32.24609,0.0,27.580158,43.35118,0.0010738616,0.0,0.31725156,0.75918525
8485,38.33107,0.0,16.987482,43.351162,0.0013141802,0.0,0.31347913,0.7591893
8486,33.647476,0.0,30.855394,43.35113,0.0009334318,0.0,0.34051913,0.7591929
8487,35.208015,0.0,21.768705,43.35109,0.0010694636,0.0,0.32474294,0.75919604
8488,27.644701,0.0,40.263058,43.351078,0.0010871757,0.0,0.35931072,0.7591987
8489,32.343727,0.0,24.537647,43.350998,0.0014757909,0.0,0.30107272,0.7592015
8490,33.660873,0.0,17.246778,43.350914,0.0007707737,0.0,0.3299998,0.7592038
8491,49.463787,0.0,15.3854475,43.35087,0.0008150004,0.0,0.31394517,0.75920576
8492,28.552402,0.0,22.274519,43.35083,0.0013868622,0.0,0.34443069,0.7592074
8493,36.572647,0.0,25.089094,43.350773,0.001031488,0.0,0.32258555,0.7592088
8494,37.88817,0.0,36.03146,43.350727,0.0010225469,0.0,0.34155926,0.75920826
8495,53.371067,0.0,20.919222,43.350697,0.0016316236,0.0,0.34619027,0.7592073
8496,44.826244,0.0,28.261654,43.350647,0.0012604757,0.0,0.3312748,0.75920624
8497,44.283176,0.0,38.80406,43.350647,0.00094341824,0.0,0.32694146,0.7592052
8498,26.399117,0.0,21.02584,43.350708,0.0011569987,0.0,0.32019407,0.7592041
8499,36.832016,0.0,17.273577,43.350773,0.0011844687,0.0,0.30482364,0.759203
8500,33.423714,0.0,13.391884,43.35085,0.0011181425,0.0,0.33928308,0.7592017
8501,35.205704,0.0,64.419075,43.350937,0.0009340312,0.0,0.31608474,0.7592005
8502,32.883896,0.0,19.406914,43.3509,0.00097005,0.0,0.33735716,0.75919944
8503,43.093113,0.0,25.371187,43.350883,0.0009571504,0.0,0.3389514,0.7591982
8504,34.478207,0.0,21.750889,43.3509,0.0010975793,0.0,0.317137,0.7591969
8505,43.871124,0.0,26.14084,43.3509,0.0012148912,0.0,0.30887568,0.75919604
8506,40.843426,0.0,30.459156,43.35089,0.001147114,0.0,0.2954813,0.75919515
8507,39.75603,0.0,29.857716,43.35087,0.0008937872,0.0,0.32774973,0.75919414
8508,45.393726,0.0,30.098341,43.350887,0.00094645045,0.0,0.31477734,0.7591932
8509,36.37867,0.0,16.162413,43.350845,0.0014598211,0.0,0.28080842,0.75919217
8510,26.828491,0.0,30.10324,43.35081,0.0009957796,0.0,0.34642395,0.75919104
8511,39.45744,0.0,28.721874,43.350773,0.0014000603,0.0,0.289482,0.7591899
8512,26.72546,0.0,17.81817,43.35076,0.00089430215,0.0,0.30492628,0.7591886
8513,31.982756,0.0,24.012814,43.350758,0.0010585582,0.0,0.3512784,0.75918734
8514,27.316196,0.0,17.817799,43.35077,0.0009592282,0.0,0.33276522,0.75918597
8515,54.77228,0.0,23.959488,43.35077,0.0007124394,0.0,0.3342019,0.7591846
8516,40.4368,0.0,19.696903,43.350723,0.0011052822,0.0,0.3550622,0.7591832
8517,27.062395,0.0,21.09983,43.35065,0.0012301648,0.0,0.3112838,0.75918186
8518,33.40206,0.0,15.0595255,43.35057,0.00097101665,0.0,0.31755918,0.7591804
8519,34.488876,0.0,21.282578,43.3505,0.0010624329,0.0,0.34843826,0.759179
8520,46.405315,0.0,16.538433,43.350437,0.00080755295,0.0,0.3251878,0.7591775
8521,36.359425,0.0,18.052773,43.350395,0.0009709578,0.0,0.31961322,0.7591761
8522,28.037832,0.0,28.884682,43.35037,0.0009428437,0.0,0.3268296,0.7591745
8523,34.155567,0.0,34.009434,43.350338,0.0011210348,0.0,0.33548468,0.7591731
8524,27.64311,0.0,24.814465,43.350346,0.0012966262,0.0,0.28922415,0.7591715
8525,27.302746,0.0,27.952492,43.35037,0.0010416638,0.0,0.32798377,0.75916994
8526,35.48411,0.0,28.422674,43.350376,0.0009653036,0.0,0.3180111,0.75916845
8527,26.315315,0.0,22.56697,43.350372,0.001272567,0.0,0.32738784,0.75916696
8528,34.57893,0.0,25.37648,43.3504,0.0009938376,0.0,0.3523702,0.75916535
8529,46.138077,0.0,24.449448,43.350437,0.0012633619,0.0,0.34815368,0.75916344
8530,58.885506,0.0,24.354145,43.350445,0.0010274102,0.0,0.32193863,0.7591618
8531,46.34703,0.0,28.433,43.350475,0.0013443817,0.0,0.3083505,0.75916
8532,33.387096,0.0,21.131931,43.35052,0.00078279944,0.0,0.30862564,0.7591584
8533,37.69848,0.0,41.152847,43.350525,0.0014820087,0.0,0.32576495,0.7591565
8534,56.88561,0.0,28.5936,43.350544,0.0009336388,0.0,0.2778086,0.7591548
8535,33.65891,0.0,28.646862,43.350536,0.0011102688,0.0,0.32706082,0.7591531
8536,45.91861,0.0,16.079355,43.350536,0.0011115721,0.0,0.34500998,0.75915515
8537,29.736315,0.0,22.188387,43.350536,0.0009983549,0.0,0.31885037,0.75915706
8538,25.412746,0.0,23.244781,43.350533,0.0011193105,0.0,0.32559025,0.75915873
8539,28.934725,0.0,36.662987,43.350544,0.0011970256,0.0,0.3248071,0.7591602
8540,33.81755,0.0,25.351358,43.35051,0.0009136925,0.0,0.32046136,0.7591614
8541,38.34965,0.0,25.88445,43.35052,0.001236225,0.0,0.318399,0.75916255
8542,52.225235,0.0,20.963575,43.35051,0.0013648404,0.0,0.31111813,0.7591634
8543,45.10532,0.0,19.360088,43.3505,0.0009641102,0.0,0.35203227,0.7591641
8544,39.504242,0.0,18.571562,43.350456,0.0011923993,0.0,0.31470537,0.7591646
8545,49.60466,0.0,35.757576,43.350403,0.00096250465,0.0,0.3328271,0.7591648
8546,45.74013,0.0,53.567413,43.350357,0.0009498,0.0,0.30706826,0.759165
8547,36.908195,0.0,21.501268,43.350315,0.00089982874,0.0,0.30962583,0.75916463
8548,35.65279,0.0,29.378986,43.350266,0.0009763185,0.0,0.32510412,0.7591641
8549,32.672684,0.0,22.753899,43.350224,0.0011732306,0.0,0.32340482,0.75916356
8550,46.14507,0.0,24.190311,43.350155,0.0011588132,0.0,0.3233047,0.75916284
8551,46.344685,0.0,33.401344,43.350094,0.0006734453,0.0,0.34663528,0.7591621
8552,39.95715,0.0,18.486328,43.35006,0.0013100127,0.0,0.32124716,0.7591613
8553,77.208725,0.0,32.606842,43.35001,0.001197702,0.0,0.34030437,0.7591601
8554,61.652206,0.0,23.565722,43.349945,0.0010465833,0.0,0.3296116,0.7591591
8555,46.907925,0.0,26.053246,43.349854,0.0010812872,0.0,0.3492601,0.7591578
8556,28.804104,0.0,47.152866,43.349728,0.0011328727,0.0,0.31414554,0.7591567
8557,36.399685,0.0,43.697323,43.34955,0.0012058534,0.0,0.3396618,0.75915915
8558,32.623215,0.0,24.850668,43.34955,0.0015945513,0.0,0.32652676,0.7591615
8559,24.489649,0.0,20.683475,43.34957,0.0010771707,0.0,0.31407866,0.75916696
8560,51.520973,0.0,20.70199,43.349598,0.0009320931,0.0,0.33574015,0.7591718
8561,38.631546,0.0,18.48873,43.349667,0.0012007526,0.0,0.35228223,0.75917614
8562,29.184128,0.0,37.741016,43.34971,0.0009926305,0.0,0.35585952,0.75918007
8563,36.19659,0.0,17.437775,43.34976,0.0011881534,0.0,0.32706153,0.7591885
8564,45.184723,0.0,27.698114,43.34979,0.0012457836,0.0,0.31715515,0.75919604
8565,37.586094,0.0,29.70016,43.34985,0.0011514437,0.0,0.3327362,0.759203
8566,45.518456,0.0,26.98845,43.34989,0.0013446163,0.0,0.318395,0.7592093
8567,42.18085,0.0,21.217882,43.349934,0.00081608165,0.0,0.30458838,0.7592148
8568,48.52007,0.0,20.12848,43.34996,0.0013496465,0.0,0.32407904,0.75921977
8569,40.715897,0.0,27.347263,43.350014,0.0011588233,0.0,0.32880527,0.7592296
8570,41.37105,0.0,33.88134,43.350086,0.0010154633,0.0,0.33063418,0.75923836
8571,28.421843,0.0,28.56715,43.35011,0.0009709232,0.0,0.3323082,0.7592462
8572,34.218895,0.0,20.520002,43.35017,0.0013295515,0.0,0.35027608,0.75925297
8573,37.591137,0.0,28.508858,43.350185,0.0015968953,0.0,0.30917448,0.7592589
8574,32.920765,0.0,33.244343,43.350197,0.0014637196,0.0,0.3257365,0.7592642
8575,44.80953,0.0,21.369875,43.35022,0.0010127074,0.0,0.30982038,0.75926894
8576,30.03564,0.0,39.842308,43.35025,0.0010164613,0.0,0.3335752,0.75927347
8577,35.90619,0.0,24.415808,43.350304,0.0012974605,0.0,0.3321283,0.7592776
8578,49.215965,0.0,20.90582,43.350384,0.0010425004,0.0,0.3449815,0.75928116
8579,38.89973,0.0,18.666304,43.350502,0.00096317765,0.0,0.33051845,0.75928444
8580,33.89271,0.0,18.584208,43.35062,0.0007930728,0.0,0.3156523,0.75928754
8581,39.948715,0.0,22.72001,43.350746,0.0010308689,0.0,0.3360998,0.75929034
8582,44.6892,0.0,39.650894,43.350845,0.001269615,0.0,0.27075684,0.7592926
8583,46.794743,0.0,20.657192,43.350903,0.0009938984,0.0,0.34073317,0.75929457
8584,46.629528,0.0,23.9624,43.350952,0.0010565522,0.0,0.30807358,0.7592963
8585,52.363636,0.0,17.198446,43.350998,0.0010773027,0.0,0.32356957,0.7592977
8586,34.323315,0.0,27.609138,43.351044,0.0009314331,0.0,0.35816026,0.7592988
8587,52.06224,0.0,26.42502,43.351078,0.00090128626,0.0,0.32873484,0.7592997
8588,42.477898,0.0,34.01253,43.351112,0.0010643881,0.0,0.33426365,0.7593003
8589,34.063957,0.0,23.386084,43.351112,0.00083241554,0.0,0.33273154,0.75930065
8590,36.892414,0.0,20.79619,43.35114,0.0012359417,0.0,0.34443158,0.7593008
8591,36.034805,0.0,16.00979,43.351162,0.0010350479,0.0,0.32318875,0.75930077
8592,44.28194,0.0,14.546785,43.35118,0.0009993727,0.0,0.30651855,0.7593005
8593,43.527367,0.0,17.441776,43.351185,0.00096163497,0.0,0.32606658,0.75930023
8594,31.84823,0.0,18.464954,43.35118,0.0008951187,0.0,0.31046554,0.75929976
8595,30.007406,0.0,42.564114,43.351177,0.00092580833,0.0,0.32286605,0.75929916
8596,39.859756,0.0,23.248346,43.351162,0.00081303006,0.0,0.31707197,0.7592984
8597,38.206753,0.0,23.16705,43.351135,0.0018800069,0.0,0.3309517,0.7592976
8598,39.872684,0.0,17.225681,43.35109,0.0010444231,0.0,0.32672742,0.7592967
8599,48.636204,0.0,18.879389,43.351036,0.0010996857,0.0,0.3298291,0.7592981
8600,31.894302,0.0,28.488096,43.350994,0.0016034681,0.0,0.29092607,0.7592991
8601,46.21394,0.0,31.873686,43.35096,0.00088833144,0.0,0.30689234,0.7592999
8602,24.92288,0.0,29.46254,43.350925,0.0009447548,0.0,0.32932222,0.7593004
8603,41.357246,0.0,34.81553,43.350914,0.0008379946,0.0,0.3230589,0.75930077
8604,44.04217,0.0,20.062456,43.35094,0.0012812255,0.0,0.32741308,0.7593009
8605,25.564249,0.0,24.733297,43.35097,0.0011067428,0.0,0.30569312,0.75930095
8606,35.246136,0.0,17.924494,43.351036,0.0007599678,0.0,0.32345214,0.7593008
8607,35.099014,0.0,19.822664,43.351097,0.0007885026,0.0,0.34728223,0.75929546
8608,41.202663,0.0,28.994007,43.351147,0.0011453879,0.0,0.3235653,0.7592884
8609,31.559986,0.0,49.04324,43.351196,0.0009783912,0.0,0.3050295,0.75928193
8610,37.725746,0.0,30.127905,43.351208,0.00097341463,0.0,0.36001468,0.75927603
8611,27.890368,0.0,22.591625,43.35125,0.0009803027,0.0,0.31378087,0.75927067
8612,36.88834,0.0,43.777874,43.35129,0.0013153552,0.0,0.3391161,0.75926566
8613,48.90542,0.0,29.720509,43.35132,0.0010628252,0.0,0.31663793,0.7592612
8614,41.740143,0.0,31.472107,43.35135,0.0008250458,0.0,0.32336998,0.75925666
8615,31.743689,0.0,27.23543,43.351406,0.0011910526,0.0,0.3316319,0.7592525
8616,56.749554,0.0,19.987015,43.35145,0.0013463965,0.0,0.324838,0.75924855
8617,34.530563,0.0,28.455645,43.351498,0.0008407395,0.0,0.28668505,0.759245
8618,37.637756,0.0,13.586056,43.351578,0.0012493264,0.0,0.3262366,0.75924045
8619,25.310024,0.0,42.67814,43.351616,0.0010735197,0.0,0.35481054,0.75923634
8620,41.1594,0.0,32.281467,43.351643,0.0011100895,0.0,0.31902024,0.7592325
8621,41.8138,0.0,19.300064,43.35166,0.0009858704,0.0,0.32751635,0.75922877
8622,32.30224,0.0,21.090559,43.351677,0.00095881586,0.0,0.32947516,0.7592253
8623,84.80331,0.0,21.449568,43.3517,0.0011159686,0.0,0.30871275,0.75922203
8624,30.920267,0.0,17.808804,43.351727,0.00075470237,0.0,0.30937797,0.7592189
8625,42.40395,0.0,15.988261,43.351707,0.0009090497,0.0,0.3073249,0.7592159
8626,52.574455,0.0,22.710255,43.351696,0.0012058151,0.0,0.2747675,0.7592131
8627,42.795296,0.0,21.35888,43.351635,0.0009239245,0.0,0.32690966,0.7592111
8628,37.69472,0.0,22.562317,43.351593,0.0009794922,0.0,0.32744265,0.7592068
8629,41.62454,0.0,37.33173,43.351513,0.0012677344,0.0,0.30766213,0.7592028
8630,31.934607,0.0,16.49445,43.351406,0.0014407064,0.0,0.33444196,0.75919896
8631,36.159817,0.0,23.935802,43.351337,0.0013846669,0.0,0.33439994,0.7591956
8632,34.38417,0.0,16.144253,43.351276,0.00168899,0.0,0.34926495,0.75919247
8633,34.122055,0.0,18.404476,43.35122,0.00090239773,0.0,0.31740233,0.7591895
8634,27.748661,0.0,19.020359,43.351162,0.0013583959,0.0,0.32631123,0.7591872
8635,45.70271,0.0,30.905045,43.35113,0.001198612,0.0,0.3043592,0.7591849
8636,32.63596,0.0,14.032108,43.35109,0.0009596315,0.0,0.2964656,0.759183
8637,37.695457,0.0,33.05188,43.351048,0.0012318816,0.0,0.3324704,0.7591803
8638,81.41471,0.0,14.47131,43.35099,0.0008784355,0.0,0.32154685,0.7591778
8639,40.05341,0.0,23.527063,43.35092,0.0012105213,0.0,0.33451426,0.7591754
8640,36.388298,0.0,27.958158,43.350903,0.00062735577,0.0,0.33637804,0.75917304
8641,35.563614,0.0,30.213171,43.35091,0.0008765086,0.0,0.32617682,0.75917083
8642,43.59006,0.0,22.494633,43.35089,0.0010973071,0.0,0.3703838,0.7591686
8643,59.660408,0.0,20.797096,43.350876,0.0011135498,0.0,0.34089184,0.7591665
8644,70.76732,0.0,20.015524,43.350857,0.0012151867,0.0,0.31823495,0.7591644
8645,50.18322,0.0,27.288998,43.350838,0.0010297112,0.0,0.3186283,0.75916225
8646,48.84082,0.0,25.382565,43.350803,0.0007963269,0.0,0.30276898,0.7591601
8647,44.66945,0.0,33.383823,43.350765,0.0011049964,0.0,0.34204492,0.7591581
8648,28.304264,0.0,20.99135,43.350677,0.0010204301,0.0,0.3278324,0.75916463
8649,61.667156,0.0,17.473387,43.35059,0.0011008874,0.0,0.34492165,0.75916994
8650,56.397232,0.0,28.212337,43.35047,0.0012736367,0.0,0.36225888,0.7591745
8651,46.661785,0.0,22.799593,43.350365,0.0013261661,0.0,0.32311365,0.75917864
8652,30.11709,0.0,25.017467,43.350292,0.00094190164,0.0,0.31367886,0.75918216
8653,38.716328,0.0,16.338034,43.350227,0.001169625,0.0,0.36576462,0.7591852
8654,23.870058,0.0,29.530378,43.350178,0.0012435364,0.0,0.31903753,0.7591878
8655,47.583942,0.0,18.248672,43.350155,0.0010863837,0.0,0.30326843,0.75919
8656,49.67743,0.0,16.317675,43.3502,0.000824607,0.0,0.33775514,0.7591918
8657,34.614487,0.0,19.074121,43.350227,0.0009311711,0.0,0.27144662,0.7591933
8658,58.25503,0.0,21.408937,43.350273,0.0012236497,0.0,0.307732,0.75919455
8659,51.49249,0.0,20.995657,43.35032,0.00091617263,0.0,0.32098076,0.759196
8660,34.208645,0.0,22.3221,43.35035,0.0010250945,0.0,0.34643933,0.75919706
8661,35.58042,0.0,38.25035,43.35041,0.0020178016,0.0,0.32444605,0.7592025
8662,36.931564,0.0,29.794588,43.350464,0.00088727195,0.0,0.31212655,0.7592071
8663,34.58134,0.0,39.787945,43.3505,0.00080648705,0.0,0.32986677,0.7592112
8664,35.623833,0.0,22.915678,43.350513,0.0011904464,0.0,0.3279953,0.75921464
8665,30.261919,0.0,27.247852,43.35053,0.0012570916,0.0,0.3550223,0.7592176
8666,40.41389,0.0,15.234235,43.35052,0.0009814432,0.0,0.29396424,0.7592202
8667,31.311243,0.0,29.607576,43.350533,0.0008834337,0.0,0.35373706,0.75922245
8668,39.279095,0.0,41.14719,43.35055,0.0009901559,0.0,0.31761527,0.7592243
8669,30.536247,0.0,16.307554,43.350544,0.0008230101,0.0,0.29692993,0.7592258
8670,31.844103,0.0,23.736612,43.350544,0.00081013725,0.0,0.30329144,0.7592268
8671,31.54662,0.0,22.307207,43.350533,0.00092494756,0.0,0.32879317,0.75922656
8672,38.915257,0.0,18.298477,43.35054,0.00072578294,0.0,0.29860348,0.7592259
8673,57.229786,0.0,30.8764,43.35056,0.0009014208,0.0,0.30217767,0.75922626
8674,31.84724,0.0,38.599728,43.350613,0.0011154476,0.0,0.3252309,0.75922656
8675,35.998886,0.0,18.151218,43.350616,0.00078933337,0.0,0.2877342,0.75922674
8676,44.32159,0.0,21.598257,43.35061,0.0009977701,0.0,0.3254317,0.7592271
8677,38.052345,0.0,25.889685,43.35058,0.0011350161,0.0,0.32947332,0.759227
8678,33.388393,0.0,20.378408,43.350533,0.001201133,0.0,0.30586937,0.7592269
8679,42.770077,0.0,21.372505,43.350475,0.00093711045,0.0,0.35053682,0.75922674
8680,42.276176,0.0,17.124285,43.350452,0.0008535345,0.0,0.32372046,0.7592264
8681,27.881315,0.0,17.705488,43.35043,0.0012986705,0.0,0.3579194,0.7592259
8682,39.23448,0.0,27.432142,43.350407,0.00096464483,0.0,0.33463615,0.7592254
8683,34.725677,0.0,21.215702,43.350445,0.00092224934,0.0,0.2966342,0.7592248
8684,25.219103,0.0,20.932884,43.35048,0.0009811386,0.0,0.3443027,0.75922394
8685,40.455475,0.0,21.443468,43.35051,0.0008515157,0.0,0.31860918,0.7592229
8686,45.75036,0.0,22.244703,43.350536,0.0008956444,0.0,0.33596167,0.7592219
8687,40.89256,0.0,25.622374,43.350544,0.0011852535,0.0,0.3099366,0.75921947
8688,49.683342,0.0,23.727776,43.350513,0.001170539,0.0,0.31278175,0.75921714
8689,35.135887,0.0,24.320257,43.350506,0.00086002576,0.0,0.32653582,0.7592144
8690,28.826769,0.0,20.073168,43.350494,0.0009335277,0.0,0.34572062,0.75921154
8691,35.150227,0.0,21.12765,43.350452,0.0010344591,0.0,0.33628035,0.759209
8692,33.076813,0.0,20.606348,43.35044,0.0009657438,0.0,0.34831673,0.75920653
8693,37.70136,0.0,19.576464,43.35046,0.00090344995,0.0,0.31811517,0.75920415
8694,36.958836,0.0,23.210808,43.35048,0.0009035365,0.0,0.32786572,0.7592018
8695,25.957373,0.0,24.07213,43.35051,0.0008884943,0.0,0.3143129,0.7591996
8696,45.995102,0.0,42.786613,43.350544,0.0011438671,0.0,0.32836574,0.75919753
8697,34.689964,0.0,22.291775,43.350555,0.0011783522,0.0,0.32843396,0.7591953
8698,26.527819,0.0,18.23193,43.35056,0.0008426124,0.0,0.33583874,0.7591984
8699,47.390797,0.0,20.404804,43.350548,0.00089199253,0.0,0.30240232,0.759201
8700,34.813526,0.0,14.980329,43.35054,0.0009860549,0.0,0.2799197,0.7592024
8701,42.16985,0.0,22.055681,43.350544,0.0009374811,0.0,0.3450162,0.75920427
8702,45.57699,0.0,20.727465,43.350555,0.0008047235,0.0,0.319225,0.759207
8703,54.581165,0.0,25.539034,43.350567,0.0009130348,0.0,0.3195655,0.7592092
8704,31.001106,0.0,30.266623,43.35058,0.0010622835,0.0,0.29566807,0.759211
8705,39.039825,0.0,53.286175,43.350563,0.0010782927,0.0,0.34662396,0.75921255
8706,31.665941,0.0,26.209837,43.350513,0.0009869519,0.0,0.3139018,0.7592138
8707,40.31562,0.0,24.602737,43.35049,0.0010035146,0.0,0.31266373,0.7592173
8708,30.019709,0.0,16.494637,43.3505,0.0013118943,0.0,0.3151639,0.7592205
8709,39.28693,0.0,32.268063,43.35051,0.00092144124,0.0,0.3391064,0.75922316
8710,36.740685,0.0,42.82006,43.350533,0.0008814739,0.0,0.33881807,0.75922346
8711,43.346233,0.0,24.44652,43.350544,0.00092723477,0.0,0.35042962,0.7592237
8712,34.558887,0.0,15.7914505,43.35056,0.0013404287,0.0,0.34374294,0.7592237
8713,23.225534,0.0,28.362787,43.350574,0.0012284631,0.0,0.3094959,0.75922364
8714,42.524097,0.0,19.316618,43.350597,0.0012184714,0.0,0.29937738,0.7592234
8715,29.732353,0.0,18.153913,43.350613,0.0010935679,0.0,0.3242708,0.759223
8716,35.663216,0.0,14.979591,43.35062,0.0012587567,0.0,0.3096667,0.75922257
8717,47.2615,0.0,26.403582,43.35064,0.0007723623,0.0,0.28743804,0.75922203
8718,23.926107,0.0,20.041803,43.350616,0.0009464001,0.0,0.33502394,0.7592214
8719,25.664013,0.0,25.60465,43.35061,0.0010292343,0.0,0.3241256,0.75922096
8720,44.668602,0.0,23.242496,43.35058,0.0009303058,0.0,0.30641285,0.7592188
8721,34.290627,0.0,19.521257,43.350544,0.0009969224,0.0,0.30696955,0.7592167
8722,34.49485,0.0,22.068026,43.350513,0.0009304836,0.0,0.3460148,0.7592147
8723,30.28191,0.0,15.491628,43.350494,0.0010807664,0.0,0.33793926,0.7592128
8724,44.71767,0.0,37.091423,43.350464,0.00096721173,0.0,0.31283924,0.7592108
8725,33.567287,0.0,23.725527,43.350407,0.0013189142,0.0,0.32826328,0.7592089
8726,48.59337,0.0,20.709366,43.350365,0.0014441338,0.0,0.3479774,0.7592069
8727,37.40928,0.0,24.660675,43.350346,0.0009242014,0.0,0.29390126,0.7592046
8728,46.414673,0.0,29.333605,43.350334,0.00081802637,0.0,0.32459834,0.75920254
8729,39.944912,0.0,25.029408,43.350304,0.0009995532,0.0,0.3028426,0.7592005
8730,43.426643,0.0,29.306707,43.350277,0.0015681079,0.0,0.2996177,0.7591985
8731,36.717976,0.0,15.81441,43.350204,0.0009314262,0.0,0.3017011,0.7591965
8732,24.507975,0.0,28.44123,43.350136,0.0011642692,0.0,0.3025989,0.7591946
8733,32.52884,0.0,16.889803,43.350082,0.0009756363,0.0,0.34009123,0.7591926
8734,37.078365,0.0,27.052485,43.35004,0.0010918218,0.0,0.3596794,0.7591908
8735,40.68629,0.0,13.861013,43.35001,0.0011192154,0.0,0.35894006,0.75918865
8736,37.73181,0.0,19.14919,43.35,0.00091762206,0.0,0.3219427,0.7591841
8737,37.832188,0.0,18.268982,43.35,0.0010496083,0.0,0.3124969,0.75917995
8738,47.482155,0.0,21.259733,43.34998,0.0009419161,0.0,0.33431435,0.759176
8739,32.432125,0.0,21.97057,43.349957,0.0010843338,0.0,0.31586695,0.75917226
8740,55.131428,0.0,27.433935,43.349945,0.0014188886,0.0,0.3040703,0.7591688
8741,30.538363,0.0,21.376472,43.349957,0.0010317289,0.0,0.29244375,0.7591657
8742,40.538776,0.0,22.746672,43.34997,0.0013375197,0.0,0.29728875,0.7591628
8743,44.889347,0.0,20.2854,43.34996,0.0011308889,0.0,0.33024317,0.7591599
8744,37.504925,0.0,17.882374,43.34995,0.0012653917,0.0,0.3424207,0.75915724
8745,41.310524,0.0,14.7365675,43.34992,0.0009784307,0.0,0.32899565,0.75915474
8746,39.94217,0.0,14.798448,43.349888,0.0011975397,0.0,0.32811153,0.7591522
8747,38.14297,0.0,15.861059,43.34986,0.0017191966,0.0,0.30825227,0.75914985
8748,34.645573,0.0,26.65226,43.34982,0.001014116,0.0,0.31928784,0.7591475
8749,28.527843,0.0,17.078985,43.349792,0.0011391118,0.0,0.31202286,0.7591452
8750,37.325325,0.0,22.303083,43.349762,0.00094020076,0.0,0.32488018,0.759145
8751,53.790276,0.0,30.214327,43.349747,0.001199386,0.0,0.34655565,0.7591463
8752,48.273674,0.0,16.192102,43.349716,0.0011595658,0.0,0.29992485,0.75914526
8753,20.768175,0.0,15.635121,43.349693,0.00088829617,0.0,0.30961287,0.75914437
8754,30.575924,0.0,24.19747,43.349663,0.0008170175,0.0,0.34877217,0.7591435
8755,50.63684,0.0,18.68741,43.349655,0.0013056891,0.0,0.32053512,0.75914264
8756,46.812836,0.0,42.170506,43.349632,0.001066718,0.0,0.31692123,0.7591427
8757,30.058947,0.0,19.818087,43.349586,0.0008817519,0.0,0.36560583,0.7591427
8758,49.666576,0.0,26.574848,43.349564,0.0008799265,0.0,0.2971795,0.7591427
8759,45.38313,0.0,35.97368,43.349533,0.00073342,0.0,0.31639004,0.75914246
8760,33.535393,0.0,20.319416,43.349503,0.0009174802,0.0,0.3334945,0.7591421
8761,27.35688,0.0,22.034145,43.349476,0.00084026996,0.0,0.31922716,0.7591418
8762,26.961609,0.0,34.143776,43.349483,0.0012114956,0.0,0.32294226,0.7591412
8763,39.365208,0.0,32.511482,43.34951,0.00076352543,0.0,0.3247663,0.75914055
8764,50.12994,0.0,25.520565,43.34948,0.0010071688,0.0,0.32287925,0.7591399
8765,39.401115,0.0,14.365219,43.349464,0.0010300432,0.0,0.3303517,0.7591388
8766,53.53396,0.0,19.145744,43.349472,0.0010555815,0.0,0.3366868,0.75913787
8767,47.667118,0.0,27.004862,43.349495,0.00087178446,0.0,0.31704468,0.7591367
8768,30.61497,0.0,18.02758,43.349483,0.0009013162,0.0,0.3309139,0.7591356
8769,31.08354,0.0,22.499243,43.34948,0.0010012131,0.0,0.29645705,0.75913435
8770,31.133749,0.0,21.296337,43.349487,0.0012842587,0.0,0.29298005,0.7591384
8771,34.564438,0.0,34.98859,43.3495,0.001008468,0.0,0.27854058,0.75914204
8772,41.155422,0.0,34.89502,43.349464,0.001040028,0.0,0.32548374,0.7591451
8773,69.67584,0.0,29.530066,43.34941,0.0022843778,0.0,0.28478694,0.75914776
8774,32.008675,0.0,22.147303,43.349323,0.0010163309,0.0,0.31884772,0.7591499
8775,27.32894,0.0,18.758455,43.349262,0.0013573383,0.0,0.31884706,0.7591511
8776,45.672455,0.0,18.869682,43.349216,0.0008598418,0.0,0.30649787,0.75915205
8777,51.195915,0.0,23.114925,43.349186,0.001073712,0.0,0.32982305,0.7591527
8778,38.902336,0.0,17.478971,43.349174,0.0011402381,0.0,0.34885156,0.75915325
8779,29.126684,0.0,38.21566,43.349194,0.0010625061,0.0,0.34458303,0.7591535
8780,40.75252,0.0,21.292065,43.349213,0.0009571002,0.0,0.340952,0.7591546
8781,27.312126,0.0,25.768518,43.349213,0.00094980514,0.0,0.35301864,0.7591555
8782,37.89845,0.0,20.711674,43.349216,0.00077334995,0.0,0.33856604,0.75915915
8783,31.55662,0.0,29.228767,43.349224,0.001131299,0.0,0.32984048,0.75916255
8784,26.44086,0.0,42.05598,43.34922,0.0008869622,0.0,0.34834442,0.7591654
8785,51.10327,0.0,16.8947,43.34932,0.0010525358,0.0,0.39375052,0.75916773
8786,59.642082,0.0,20.58694,43.349377,0.00082003,0.0,0.34421644,0.7591698
8787,46.124546,0.0,28.927116,43.349426,0.00089911575,0.0,0.3352135,0.7591716
8788,38.483395,0.0,25.489634,43.34945,0.00084415404,0.0,0.36315656,0.7591728
8789,55.471954,0.0,24.49418,43.34941,0.0011453716,0.0,0.32233006,0.75917387
8790,35.314705,0.0,20.479288,43.34937,0.0013811181,0.0,0.32621157,0.7591752
8791,27.252806,0.0,28.793715,43.34933,0.0009732835,0.0,0.30502835,0.7591765
8792,32.499386,0.0,33.135105,43.34937,0.00083764724,0.0,0.38166437,0.7591775
8793,40.068645,0.0,15.926331,43.34939,0.0012832799,0.0,0.3246904,0.7591783
8794,45.048233,0.0,27.394337,43.34938,0.00084849977,0.0,0.3795457,0.759179
8795,41.644222,0.0,29.249872,43.349358,0.0013293757,0.0,0.32511425,0.75918114
8796,30.203234,0.0,18.380526,43.349304,0.00097515725,0.0,0.32473844,0.759183
8797,34.28771,0.0,24.167158,43.349247,0.0013253067,0.0,0.31038123,0.7591846
8798,26.945854,0.0,24.848751,43.349186,0.0011987778,0.0,0.33860692,0.75918984
8799,28.74603,0.0,24.106577,43.34911,0.0010386063,0.0,0.31584054,0.7591946
8800,48.154892,0.0,29.683687,43.34905,0.0008385115,0.0,0.33835214,0.75919914
8801,66.792046,0.0,21.819042,43.349075,0.001000009,0.0,0.3415075,0.75920314
8802,42.336613,0.0,30.182772,43.349056,0.0010022717,0.0,0.36655426,0.75920653
8803,63.303753,0.0,27.40129,43.349014,0.0010296064,0.0,0.32023898,0.7592095
8804,38.515244,0.0,17.95436,43.348976,0.0008321832,0.0,0.31552726,0.7592124
8805,40.790745,0.0,18.11093,43.34891,0.00093779445,0.0,0.31457263,0.7592147
8806,36.173504,0.0,18.887444,43.34887,0.00094116124,0.0,0.31371576,0.7592167
8807,32.257492,0.0,26.08501,43.348843,0.001086119,0.0,0.337493,0.75921845
8808,26.407118,0.0,26.643347,43.34885,0.0007474397,0.0,0.28901482,0.75921935
8809,31.28227,0.0,18.96288,43.348824,0.0012175173,0.0,0.32707626,0.7592199
8810,29.67743,0.0,34.46302,43.3488,0.0008647835,0.0,0.31392723,0.7592202
8811,37.198097,0.0,21.006588,43.348763,0.0011076541,0.0,0.32054326,0.7592203
8812,43.402164,0.0,73.810936,43.34874,0.0010853927,0.0,0.3343439,0.75922036
8813,42.82806,0.0,20.525545,43.348656,0.0013003525,0.0,0.30385077,0.75921786
8814,37.081646,0.0,15.882766,43.348587,0.0012138558,0.0,0.3327689,0.7592155
8815,25.952263,0.0,31.28864,43.348526,0.000780459,0.0,0.30315205,0.7592131
8816,39.32235,0.0,17.60253,43.34846,0.0010745829,0.0,0.312133,0.75921094
8817,43.440334,0.0,26.708475,43.348404,0.0012377708,0.0,0.32592696,0.7592088
8818,33.51535,0.0,25.233818,43.348366,0.0011391789,0.0,0.3338017,0.7592067
8819,46.72784,0.0,19.301294,43.34834,0.0014176981,0.0,0.3177474,0.7592029
8820,46.56145,0.0,26.556665,43.348324,0.0013581155,0.0,0.31221825,0.7591993
8821,41.356236,0.0,22.759687,43.348324,0.001121909,0.0,0.33555207,0.7591959
8822,47.57391,0.0,22.761307,43.348343,0.0013162314,0.0,0.3016716,0.75919706
8823,32.896965,0.0,38.08255,43.348385,0.0009753238,0.0,0.36499748,0.7591982
8824,37.91698,0.0,20.814985,43.348415,0.0012514454,0.0,0.33036608,0.7591989
8825,56.024193,0.0,25.398767,43.34848,0.0013097444,0.0,0.3243043,0.7591995
8826,41.189457,0.0,18.419525,43.34861,0.0013294674,0.0,0.34552926,0.75919986
8827,79.02425,0.0,15.105084,43.348732,0.0010452558,0.0,0.37278673,0.75920004
8828,33.060944,0.0,13.112942,43.348778,0.0011519919,0.0,0.30318326,0.75920004
8829,42.41211,0.0,18.663116,43.34883,0.0012457189,0.0,0.32358414,0.7591999
8830,38.484497,0.0,29.369987,43.348866,0.00092448154,0.0,0.3328006,0.75919765
8831,39.554714,0.0,22.045723,43.348915,0.0008961434,0.0,0.3153001,0.7591954
8832,44.17246,0.0,25.871151,43.348957,0.0015663735,0.0,0.32231218,0.75919324
8833,31.241028,0.0,21.92061,43.349033,0.0010378549,0.0,0.34936768,0.7591904
8834,55.686996,0.0,23.31514,43.349094,0.0011361453,0.0,0.3015964,0.7591877
8835,51.20804,0.0,39.463516,43.349144,0.0008690732,0.0,0.28915125,0.75918514
8836,46.56459,0.0,20.114588,43.349182,0.0009815393,0.0,0.34505066,0.7591824
8837,48.96778,0.0,23.821224,43.349247,0.0012801079,0.0,0.35190758,0.7591797
8838,34.390366,0.0,21.288881,43.349285,0.0010274856,0.0,0.32313365,0.7591772
8839,29.818743,0.0,20.070032,43.34932,0.00084063894,0.0,0.31341764,0.75917476
8840,40.120262,0.0,30.852892,43.34935,0.0012749515,0.0,0.31716588,0.7591726
8841,40.787556,0.0,18.470133,43.349373,0.0014905713,0.0,0.32959735,0.7591706
8842,52.802082,0.0,29.769579,43.349396,0.0011783878,0.0,0.37053388,0.7591684
8843,28.59627,0.0,19.475203,43.349415,0.0015838085,0.0,0.31953603,0.7591665
8844,38.683723,0.0,28.009928,43.34944,0.0011659495,0.0,0.36929935,0.7591644
8845,27.354734,0.0,23.142748,43.349464,0.001027694,0.0,0.34832847,0.7591625
8846,32.849808,0.0,36.324234,43.34951,0.0009869306,0.0,0.34592602,0.7591606
8847,40.94498,0.0,31.341068,43.34959,0.0012754106,0.0,0.33141097,0.7591587
8848,40.893967,0.0,30.414803,43.34966,0.0011884093,0.0,0.336588,0.75915676
8849,39.918346,0.0,27.665085,43.349705,0.0010408142,0.0,0.33829182,0.7591549
8850,38.485935,0.0,26.41536,43.34973,0.0011920346,0.0,0.3681373,0.7591531
8851,45.64084,0.0,19.46589,43.349792,0.001192403,0.0,0.33669567,0.75915134
8852,55.42877,0.0,16.26359,43.34984,0.0009109515,0.0,0.325695,0.75914973
8853,44.24996,0.0,28.608778,43.349873,0.0011411993,0.0,0.35399985,0.75914794
8854,26.128294,0.0,24.361002,43.34989,0.00090066454,0.0,0.31447467,0.7591462
8855,54.423023,0.0,23.262016,43.34985,0.0012451378,0.0,0.30962104,0.7591445
8856,49.525547,0.0,17.324724,43.34979,0.0009306573,0.0,0.30415162,0.7591428
8857,43.69574,0.0,22.37849,43.349735,0.0010762615,0.0,0.33817026,0.7591411
8858,41.4763,0.0,33.930378,43.34972,0.00094798894,0.0,0.3074056,0.75913876
8859,34.172142,0.0,16.655458,43.349754,0.0007604639,0.0,0.3235236,0.75913644
8860,38.836327,0.0,16.415257,43.34978,0.0009072311,0.0,0.31962594,0.7591344
8861,42.46516,0.0,37.01607,43.34983,0.0011202279,0.0,0.31825095,0.7591323
8862,37.75445,0.0,23.563534,43.34982,0.0011125484,0.0,0.31035316,0.7591303
8863,44.119076,0.0,25.20701,43.349792,0.0010395398,0.0,0.36808324,0.75912845
8864,32.999336,0.0,20.970396,43.349785,0.0010395102,0.0,0.30910453,0.75912654
8865,28.133219,0.0,20.319176,43.349773,0.0012013995,0.0,0.30173916,0.75912476
8866,74.38511,0.0,38.271786,43.34978,0.0010543393,0.0,0.31422853,0.75912297
8867,40.059517,0.0,19.223434,43.349854,0.001333284,0.0,0.33984667,0.75912124
8868,43.8627,0.0,22.649946,43.349895,0.0011649814,0.0,0.30349278,0.7591195
8869,29.845114,0.0,24.510702,43.349937,0.0012655987,0.0,0.34479493,0.75911766
8870,60.28808,0.0,26.759335,43.349964,0.001545267,0.0,0.31802282,0.7591159
8871,63.67722,0.0,21.338123,43.34996,0.0009425832,0.0,0.33472067,0.75911397
8872,43.2202,0.0,41.861958,43.34994,0.0009031552,0.0,0.3016395,0.75911224
8873,64.65667,0.0,30.820967,43.349823,0.0010242662,0.0,0.30856538,0.7591104
8874,32.102932,0.0,23.736576,43.349724,0.0011232771,0.0,0.34421515,0.75910854
8875,44.31293,0.0,24.378822,43.349606,0.0007566828,0.0,0.30617714,0.7591068
8876,33.093773,0.0,29.902647,43.349472,0.0010456919,0.0,0.3278373,0.75910497
8877,39.49646,0.0,21.16751,43.34932,0.000996866,0.0,0.306578,0.75910324
8878,49.22881,0.0,21.471199,43.34921,0.00094911613,0.0,0.30018494,0.7591015
8879,26.4049,0.0,26.598139,43.34909,0.001020925,0.0,0.32366115,0.75909966
8880,45.022583,0.0,35.946964,43.34896,0.0010128592,0.0,0.29682133,0.7590987
8881,44.02696,0.0,71.269554,43.348785,0.0010455335,0.0,0.3186489,0.7590976
8882,37.52473,0.0,26.776579,43.34864,0.0008874419,0.0,0.3158918,0.75909656
8883,44.019444,0.0,26.808287,43.34853,0.0010625548,0.0,0.2925932,0.75909543
8884,33.292194,0.0,22.698473,43.348434,0.0009938609,0.0,0.31424353,0.7590943
8885,38.594826,0.0,31.556734,43.348343,0.0009275492,0.0,0.325378,0.7590929
8886,37.563217,0.0,58.97338,43.348255,0.0011197436,0.0,0.34266433,0.7590915
8887,33.06821,0.0,24.48189,43.348267,0.00074461725,0.0,0.3059939,0.7590902
8888,39.94425,0.0,33.16666,43.348324,0.001094429,0.0,0.3166197,0.7590887
8889,45.52955,0.0,21.616861,43.348392,0.0008141896,0.0,0.3112973,0.7590874
8890,36.484165,0.0,28.140558,43.34848,0.00082095375,0.0,0.31519648,0.7590859
8891,65.14905,0.0,13.160824,43.34854,0.000888955,0.0,0.35388684,0.7590845
8892,38.277615,0.0,21.786837,43.348595,0.0017298174,0.0,0.33007887,0.75908303
8893,24.721497,0.0,35.202084,43.348656,0.0009514049,0.0,0.319111,0.7590816
8894,48.57826,0.0,46.98601,43.348686,0.0012146353,0.0,0.32693848,0.7590802
8895,37.87491,0.0,32.386158,43.348686,0.0011362998,0.0,0.32636672,0.7590786
8896,32.95821,0.0,38.23775,43.34869,0.0009831404,0.0,0.40226555,0.759077
8897,37.917477,0.0,24.60634,43.348732,0.0011868863,0.0,0.3342893,0.75907606
8898,41.899357,0.0,56.49918,43.34879,0.0012525381,0.0,0.32559475,0.7590749
8899,30.129782,0.0,33.926952,43.348824,0.0014704142,0.0,0.30799958,0.7590735
8900,35.557796,0.0,24.579887,43.348877,0.0011841356,0.0,0.30286673,0.759072
8901,39.144688,0.0,30.148975,43.348938,0.0010680442,0.0,0.32419294,0.75907046
8902,31.253012,0.0,45.684536,43.348984,0.001232379,0.0,0.30371466,0.7590687
8903,32.48621,0.0,39.513783,43.34905,0.0013138385,0.0,0.31364948,0.7590671
8904,57.69723,0.0,21.093187,43.349094,0.00094329653,0.0,0.3267476,0.75906545
8905,41.350155,0.0,20.611547,43.34917,0.0008529273,0.0,0.33528155,0.7590638
8906,56.704426,0.0,20.554821,43.34923,0.0011284148,0.0,0.33136427,0.7590657
8907,38.059498,0.0,49.09972,43.34928,0.0009552422,0.0,0.3026519,0.7590674
8908,33.577084,0.0,35.480797,43.34935,0.0012904751,0.0,0.30519748,0.7590688
8909,54.506634,0.0,17.449163,43.349396,0.0013691501,0.0,0.33270344,0.7590698
8910,73.08938,0.0,23.443443,43.34944,0.0012900268,0.0,0.34071717,0.7590705
8911,53.165684,0.0,21.884098,43.349472,0.0009927121,0.0,0.31342018,0.7590712
8912,30.300394,0.0,62.07755,43.349495,0.0010782199,0.0,0.34187984,0.7590716
8913,25.79169,0.0,20.453423,43.34955,0.001062761,0.0,0.3117447,0.7590717
8914,35.20139,0.0,17.263506,43.3496,0.00096316996,0.0,0.32269686,0.75907177
8915,37.06638,0.0,30.547436,43.34965,0.0010107132,0.0,0.32233083,0.75907165
8916,31.328836,0.0,15.795752,43.349655,0.0012391377,0.0,0.3418835,0.75907135
8917,36.268726,0.0,25.490242,43.34966,0.0009898382,0.0,0.3034531,0.759071
8918,32.860977,0.0,32.281414,43.349674,0.0009270691,0.0,0.34472454,0.7590704
8919,49.982178,0.0,38.575027,43.34966,0.0010132492,0.0,0.3224096,0.7590698
8920,36.92363,0.0,29.054325,43.349636,0.0011537392,0.0,0.33587453,0.7590649
8921,30.716545,0.0,32.501488,43.349625,0.0010852574,0.0,0.3162623,0.75906044
8922,40.206974,0.0,20.517797,43.349564,0.0011208145,0.0,0.32640392,0.7590563
8923,49.859806,0.0,31.658928,43.34952,0.0011897753,0.0,0.3222556,0.75905234
8924,29.918108,0.0,30.63189,43.349472,0.001509988,0.0,0.32318607,0.75904876
8925,43.75424,0.0,27.289392,43.349415,0.0015879258,0.0,0.32206044,0.7590453
8926,36.28214,0.0,31.915007,43.34937,0.0011713402,0.0,0.32601306,0.7590422
8927,30.022104,0.0,19.395956,43.349327,0.0010133185,0.0,0.3230576,0.75903916
8928,36.19087,0.0,21.380487,43.349277,0.0012248048,0.0,0.30947053,0.7590364
8929,49.250813,0.0,25.820896,43.349274,0.0012602988,0.0,0.3223297,0.7590337
8930,35.2087,0.0,18.56814,43.349228,0.0012444288,0.0,0.328476,0.75903153
8931,46.041546,0.0,22.95039,43.349186,0.0011607803,0.0,0.3065117,0.7590295
8932,29.920296,0.0,18.969187,43.349136,0.0012824915,0.0,0.31946772,0.75902694
8933,39.44436,0.0,30.719286,43.349083,0.0013906131,0.0,0.33550906,0.7590245
8934,29.660788,0.0,27.83037,43.3491,0.00092804636,0.0,0.34525704,0.75902075
8935,35.459564,0.0,19.68422,43.34908,0.00073498546,0.0,0.2945606,0.7590172
8936,38.482292,0.0,29.303633,43.349075,0.0009531401,0.0,0.35917085,0.7590138
8937,51.501045,0.0,22.907621,43.349052,0.0012247497,0.0,0.32870546,0.7590106
8938,38.106556,0.0,25.40658,43.34905,0.00086599647,0.0,0.31277204,0.7590075
8939,46.26061,0.0,35.817284,43.34904,0.0011571067,0.0,0.30624378,0.75900495
8940,37.785767,0.0,19.53748,43.34903,0.0010718005,0.0,0.30755243,0.7590024
8941,31.892435,0.0,22.979301,43.34901,0.0010978281,0.0,0.34912276,0.759
8942,35.245823,0.0,17.839958,43.349003,0.0012002515,0.0,0.33345097,0.7589976
8943,34.134583,0.0,23.606876,43.349,0.0010193561,0.0,0.3518499,0.7589953
8944,36.494194,0.0,20.408213,43.34898,0.0008753976,0.0,0.30675453,0.7589931
8945,43.788525,0.0,21.774748,43.348957,0.0007824774,0.0,0.31656438,0.75899094
8946,31.593433,0.0,31.468538,43.348934,0.0011893108,0.0,0.2791557,0.7589888
8947,44.567333,0.0,31.58476,43.348854,0.0015836451,0.0,0.32737005,0.7589867
8948,22.777538,0.0,17.724483,43.348766,0.0012553724,0.0,0.34343407,0.7589847
8949,32.621017,0.0,21.829485,43.348663,0.000964341,0.0,0.33939958,0.75898254
8950,47.25639,0.0,35.190655,43.348564,0.00076615217,0.0,0.32830966,0.75898063
8951,35.988804,0.0,33.583,43.348476,0.0015968122,0.0,0.33135962,0.75897866
8952,28.961105,0.0,18.950598,43.348408,0.001163649,0.0,0.306912,0.7589768
8953,29.5356,0.0,22.324797,43.34837,0.0008295593,0.0,0.34384638,0.75897545
8954,34.968304,0.0,32.120792,43.348396,0.0011440992,0.0,0.29245886,0.7589743
8955,44.915882,0.0,20.184849,43.348442,0.0011162588,0.0,0.33990666,0.75897294
8956,36.686516,0.0,35.737156,43.348495,0.0010543091,0.0,0.3347878,0.7589709
8957,41.35052,0.0,32.038376,43.348545,0.0012375072,0.0,0.3415903,0.75896883
8958,26.440735,0.0,17.622473,43.348576,0.0011454427,0.0,0.3355702,0.7589668
8959,35.19269,0.0,33.728214,43.348614,0.0015180031,0.0,0.36043057,0.7589648
8960,44.159653,0.0,25.901075,43.348595,0.0010492069,0.0,0.33030576,0.7589624
8961,37.961742,0.0,25.968006,43.34859,0.00079974596,0.0,0.3346103,0.7589597
8962,32.368782,0.0,18.12948,43.348614,0.0011934305,0.0,0.30486077,0.7589555
8963,42.962208,0.0,31.791231,43.34863,0.0010966362,0.0,0.31655794,0.75895154
8964,66.793144,0.0,24.721159,43.34866,0.00090546923,0.0,0.3116706,0.7589479
8965,37.657932,0.0,14.685856,43.348686,0.0011960252,0.0,0.31767935,0.75894386
8966,46.138054,0.0,31.750496,43.348732,0.001061155,0.0,0.3339796,0.75894016
8967,36.14118,0.0,18.108845,43.34879,0.0013193864,0.0,0.3233914,0.75893676
8968,38.87609,0.0,23.011757,43.34885,0.0007935916,0.0,0.30612952,0.7589334
8969,38.828693,0.0,16.191362,43.34892,0.0012519527,0.0,0.338668,0.7589307
8970,33.565243,0.0,21.319563,43.348965,0.0011962734,0.0,0.29169092,0.758925
8971,34.71331,0.0,20.382557,43.34902,0.0010356365,0.0,0.31046218,0.75891995
8972,35.89326,0.0,19.508337,43.349075,0.001291078,0.0,0.32604995,0.75891525
8973,31.631958,0.0,17.71526,43.34914,0.001116382,0.0,0.31255323,0.75891095
8974,29.395504,0.0,17.285656,43.349205,0.0010996556,0.0,0.30936307,0.7589066
8975,42.914673,0.0,15.107444,43.349255,0.0012789177,0.0,0.33197284,0.7589035
8976,51.41924,0.0,22.250563,43.3493,0.000944169,0.0,0.31772935,0.7589006
8977,34.601967,0.0,23.00537,43.349365,0.00092033856,0.0,0.35828793,0.75889784
8978,39.935596,0.0,33.81775,43.349392,0.00085355714,0.0,0.327946,0.7588953
8979,35.643517,0.0,17.57409,43.349407,0.0012256557,0.0,0.33821243,0.75889325
8980,51.09057,0.0,30.639698,43.34941,0.0012187198,0.0,0.34206626,0.75889134
8981,42.18491,0.0,52.855373,43.349426,0.0011765768,0.0,0.34548497,0.7588861
8982,51.255722,0.0,23.97596,43.349445,0.0009788119,0.0,0.33045256,0.7588804
8983,69.86572,0.0,18.905317,43.34945,0.001219078,0.0,0.3442616,0.75887513
8984,35.126804,0.0,17.944782,43.349464,0.0011369842,0.0,0.2794539,0.75887024
8985,29.875237,0.0,21.8705,43.349487,0.0011564828,0.0,0.32017377,0.75886583
8986,45.227676,0.0,40.062485,43.34949,0.001003176,0.0,0.34297603,0.7588617
8987,30.21884,0.0,21.930326,43.34941,0.001522243,0.0,0.30559164,0.75885785
8988,43.116203,0.0,20.25281,43.34934,0.0011337812,0.0,0.33495307,0.7588543
8989,31.784317,0.0,19.366777,43.349262,0.000980399,0.0,0.31703362,0.75885093
8990,35.68737,0.0,16.617203,43.349182,0.001030622,0.0,0.31222892,0.7588478
8991,59.695923,0.0,18.7292,43.349094,0.00083574804,0.0,0.30864528,0.75884473
8992,29.160646,0.0,32.86929,43.349003,0.0012475487,0.0,0.30315262,0.7588419
8993,33.78177,0.0,25.19466,43.34894,0.0008862652,0.0,0.32228136,0.75883925
8994,36.690372,0.0,16.562145,43.3489,0.0008722094,0.0,0.36731964,0.75883675
8995,38.21137,0.0,18.28568,43.34887,0.0011548891,0.0,0.29078293,0.75883436
8996,38.170216,0.0,22.815985,43.348858,0.00086361915,0.0,0.37545413,0.7588331
8997,48.370853,0.0,17.79326,43.348824,0.0007694733,0.0,0.36660394,0.7588319
8998,51.39339,0.0,14.116577,43.348785,0.0010918985,0.0,0.32611117,0.7588306
8999,30.632687,0.0,20.65018,43.34874,0.00086083234,0.0,0.31305286,0.7588317
9000,49.68427,0.0,25.900803,43.348698,0.00096404913,0.0,0.30108163,0.758834
9001,48.04424,0.0,35.14833,43.348644,0.0007755828,0.0,0.32756132,0.75883603
9002,55.048916,0.0,20.292484,43.348614,0.0009984002,0.0,0.30354956,0.7588377
9003,43.015728,0.0,20.097189,43.3486,0.0012449622,0.0,0.30896968,0.75883913
9004,44.141975,0.0,13.510938,43.348564,0.0011382948,0.0,0.33684373,0.75884026
9005,26.35221,0.0,17.42062,43.348553,0.0008884898,0.0,0.31060758,0.7588411
9006,29.552938,0.0,20.767153,43.348534,0.0008658866,0.0,0.3422144,0.7588417
9007,61.535213,0.0,17.906015,43.348507,0.0011967564,0.0,0.3093942,0.7588421
9008,28.009666,0.0,19.526985,43.348507,0.0008187726,0.0,0.3349312,0.7588421
9009,47.416645,0.0,19.783888,43.34851,0.0009228614,0.0,0.32588243,0.7588421
9010,42.46665,0.0,21.376913,43.348526,0.0011468192,0.0,0.32814303,0.758842
9011,24.890083,0.0,21.986502,43.3485,0.0010644796,0.0,0.35574365,0.7588415
9012,47.131382,0.0,15.538765,43.348446,0.0009856503,0.0,0.31129748,0.758841
9013,46.296967,0.0,18.832384,43.3484,0.0011405558,0.0,0.31349415,0.75884044
9014,42.037716,0.0,34.486607,43.348324,0.0008175763,0.0,0.33655137,0.75883967
9015,36.252182,0.0,39.828484,43.34829,0.0010374172,0.0,0.3137895,0.75883484
9016,43.11838,0.0,19.89226,43.34827,0.00096464524,0.0,0.33000618,0.7588303
9017,43.171597,0.0,28.265337,43.348244,0.0011805606,0.0,0.31732684,0.7588265
9018,42.324673,0.0,28.561222,43.348232,0.0010490785,0.0,0.34310323,0.75882286
9019,31.66845,0.0,24.917221,43.348236,0.00090507383,0.0,0.30424374,0.7588195
9020,26.872486,0.0,15.782133,43.348232,0.00096274517,0.0,0.3421138,0.7588165
9021,32.575962,0.0,26.255228,43.348225,0.0016878502,0.0,0.2970705,0.7588137
9022,45.67081,0.0,21.649214,43.348232,0.00091943843,0.0,0.3620937,0.75881094
9023,37.910515,0.0,19.68464,43.348236,0.0013695913,0.0,0.31076002,0.7588084
9024,40.03562,0.0,14.594173,43.34822,0.0009983203,0.0,0.2995745,0.75880617
9025,24.169577,0.0,26.591112,43.34819,0.0012823725,0.0,0.34156412,0.758804
9026,39.475864,0.0,20.530664,43.348145,0.0008890219,0.0,0.33436823,0.7587987
9027,45.220036,0.0,14.779922,43.348072,0.00096790306,0.0,0.3395508,0.75879425
9028,41.10193,0.0,16.427792,43.348003,0.0010151193,0.0,0.3035723,0.7587901
9029,23.85309,0.0,16.627867,43.34792,0.0014726054,0.0,0.35464585,0.7587862
9030,36.902996,0.0,15.041933,43.347862,0.001139425,0.0,0.31627995,0.7587826
9031,45.920467,0.0,28.477232,43.3478,0.0009896597,0.0,0.36083254,0.7587792
9032,34.728905,0.0,26.354618,43.34771,0.0010874155,0.0,0.34105068,0.75877607
9033,45.481,0.0,18.029638,43.347668,0.0011694152,0.0,0.33649132,0.7587738
9034,31.761303,0.0,24.333471,43.34761,0.0013854324,0.0,0.35155338,0.7587717
9035,40.818577,0.0,22.900671,43.34751,0.0009951799,0.0,0.332831,0.75876975
9036,44.153473,0.0,23.121305,43.347446,0.00094722555,0.0,0.31817028,0.7587678
9037,30.258322,0.0,31.045862,43.347374,0.0012235998,0.0,0.32681906,0.75876576
9038,38.737053,0.0,22.313969,43.347294,0.001083381,0.0,0.3317875,0.75876385
9039,32.202316,0.0,18.443926,43.34724,0.0010696895,0.0,0.31648272,0.75876194
9040,31.402416,0.0,16.134203,43.34718,0.00118416,0.0,0.2939247,0.75876015
9041,40.313442,0.0,15.524195,43.34715,0.0009363261,0.0,0.32139987,0.75875765
9042,23.831673,0.0,24.975704,43.34714,0.0011462126,0.0,0.2999343,0.7587552
9043,29.81833,0.0,32.368984,43.347134,0.0010591822,0.0,0.31934625,0.7587522
9044,41.909153,0.0,26.309498,43.34713,0.0011744106,0.0,0.30728257,0.75874937
9045,38.61417,0.0,20.193169,43.347137,0.0009770473,0.0,0.32698745,0.7587466
9046,25.95879,0.0,32.990322,43.34715,0.0012556231,0.0,0.33886427,0.75874585
9047,48.38803,0.0,20.59023,43.347176,0.0012194291,0.0,0.33447132,0.7587453
9048,60.42927,0.0,27.93601,43.347202,0.001024392,0.0,0.31500873,0.7587446
9049,38.858284,0.0,22.029814,43.347244,0.0011970818,0.0,0.30466023,0.75874406
9050,44.13957,0.0,18.735434,43.347286,0.0009784166,0.0,0.32119432,0.7587435
9051,44.149593,0.0,15.349457,43.34734,0.0009541991,0.0,0.3356694,0.75874275
9052,34.664997,0.0,20.35421,43.34741,0.0014901513,0.0,0.30936012,0.7587421
9053,33.59964,0.0,20.246325,43.347443,0.0008788032,0.0,0.3157421,0.7587414
9054,42.93988,0.0,26.726421,43.347504,0.0010366102,0.0,0.31750742,0.75874054
9055,43.76154,0.0,16.336218,43.347553,0.00091658474,0.0,0.32502446,0.7587397
9056,19.426325,0.0,25.33377,43.3476,0.0010506763,0.0,0.28541157,0.75873876
9057,64.68537,0.0,18.324938,43.34766,0.0011469258,0.0,0.3110232,0.7587378
9058,44.754974,0.0,18.022074,43.3477,0.0012068156,0.0,0.2980059,0.7587367
9059,28.738176,0.0,26.73944,43.34777,0.0012410205,0.0,0.30612788,0.75873566
9060,30.427677,0.0,19.858072,43.3478,0.0011367612,0.0,0.32035333,0.7587344
9061,30.01303,0.0,29.184538,43.347824,0.0010925413,0.0,0.3121884,0.7587333
9062,43.668575,0.0,17.771563,43.347836,0.000982051,0.0,0.32351655,0.7587321
9063,32.316765,0.0,39.74735,43.34784,0.0008354916,0.0,0.31650192,0.75873077
9064,32.04187,0.0,20.200827,43.347794,0.0008781422,0.0,0.2906322,0.7587294
9065,35.819775,0.0,32.29762,43.347713,0.0012515453,0.0,0.3013731,0.7587281
9066,50.71274,0.0,22.514603,43.347668,0.0009196856,0.0,0.3081152,0.75872713
9067,29.58471,0.0,24.67687,43.34762,0.0011424744,0.0,0.3371408,0.75872636
9068,27.313793,0.0,23.190132,43.347527,0.0011420638,0.0,0.32567137,0.75872535
9069,45.609722,0.0,21.652063,43.34745,0.0010909208,0.0,0.3159628,0.75872433
9070,56.570225,0.0,30.467964,43.3474,0.001258766,0.0,0.32368946,0.75872314
9071,44.134377,0.0,27.361599,43.34732,0.0013052695,0.0,0.3155759,0.7587221
9072,35.30236,0.0,16.162117,43.347256,0.00096366013,0.0,0.2881597,0.7587209
9073,28.928144,0.0,34.98801,43.347164,0.0007780254,0.0,0.3776216,0.75872153
9074,36.074005,0.0,33.393215,43.347054,0.0011087821,0.0,0.33261582,0.7587218
9075,27.476229,0.0,19.10764,43.34697,0.0012564647,0.0,0.31907353,0.75872153
9076,38.125908,0.0,30.980082,43.34691,0.0009066895,0.0,0.28782338,0.75872165
9077,34.9021,0.0,20.591154,43.346786,0.0010214315,0.0,0.30606705,0.75872177
9078,41.761288,0.0,18.918999,43.346714,0.0009506601,0.0,0.32052228,0.7587215
9079,32.810703,0.0,26.304598,43.346645,0.001402052,0.0,0.32852435,0.7587213
9080,32.525723,0.0,18.493307,43.3466,0.0011350677,0.0,0.31120837,0.758722
9081,39.363914,0.0,14.622857,43.346577,0.001093911,0.0,0.30536178,0.75872254
9082,36.078987,0.0,20.459051,43.34655,0.0009181539,0.0,0.32895732,0.7587229
9083,44.551674,0.0,36.16175,43.346535,0.0011975857,0.0,0.28952754,0.758723
9084,47.05175,0.0,19.478716,43.346508,0.0008356522,0.0,0.2944286,0.758723
9085,26.528433,0.0,16.010311,43.34645,0.0011570313,0.0,0.28775778,0.7587228
9086,29.29378,0.0,18.28077,43.346413,0.0010386271,0.0,0.31714496,0.75872236
9087,44.785652,0.0,20.710608,43.346375,0.0013956428,0.0,0.35291934,0.75872076
9088,32.20138,0.0,22.855783,43.34634,0.0009143401,0.0,0.30134764,0.75871897
9089,43.16346,0.0,32.44721,43.346313,0.0014048036,0.0,0.3349905,0.75871724
9090,41.25683,0.0,35.738987,43.34628,0.0011698911,0.0,0.32656926,0.7587154
9091,38.61484,0.0,21.433311,43.346283,0.0010352517,0.0,0.32612395,0.75871366
9092,58.81006,0.0,16.024609,43.346302,0.0010343187,0.0,0.35241032,0.7587118
9093,44.210285,0.0,19.470507,43.34632,0.0010094356,0.0,0.33982468,0.75871
9094,32.693077,0.0,15.066634,43.346348,0.00083032367,0.0,0.3194878,0.75871235
9095,45.460896,0.0,24.63607,43.346394,0.0012406025,0.0,0.3237915,0.7587143
9096,59.98973,0.0,20.113077,43.346424,0.0011639507,0.0,0.31585583,0.7587166
9097,55.152214,0.0,26.505325,43.34648,0.0012109879,0.0,0.3129074,0.75871867
9098,35.609303,0.0,28.032948,43.34651,0.0010469629,0.0,0.3300135,0.75872034
9099,36.119778,0.0,21.225319,43.34665,0.0011050449,0.0,0.31068894,0.75872177
9100,35.432594,0.0,27.648705,43.346775,0.0009967352,0.0,0.32337612,0.7587229
9101,49.440235,0.0,18.357845,43.346916,0.0010436544,0.0,0.28861248,0.75872386
9102,33.056206,0.0,29.41289,43.34702,0.0014031716,0.0,0.33052197,0.75872445
9103,39.747334,0.0,21.738035,43.347054,0.00094157876,0.0,0.3350565,0.758725
9104,58.0296,0.0,23.431494,43.347084,0.0010883578,0.0,0.34494472,0.75872517
9105,24.610582,0.0,25.311312,43.347073,0.0010639548,0.0,0.3312942,0.75872505
9106,32.651386,0.0,22.018986,43.34711,0.0009932946,0.0,0.31557125,0.75872463
9107,39.51467,0.0,25.53345,43.34713,0.0013358609,0.0,0.3297885,0.75872433
9108,37.219807,0.0,14.218451,43.347187,0.0006806489,0.0,0.31584212,0.7587237
9109,52.332363,0.0,18.764856,43.347267,0.0009767034,0.0,0.31980282,0.75872314
9110,56.738884,0.0,23.759476,43.347324,0.0011134678,0.0,0.33471668,0.7587224
9111,23.155931,0.0,24.718729,43.34743,0.0012814687,0.0,0.33102787,0.7587216
9112,29.352747,0.0,18.56237,43.34755,0.0012911493,0.0,0.34563965,0.7587215
9113,41.98883,0.0,25.93632,43.347683,0.00117769,0.0,0.35084885,0.75872123
9114,39.085506,0.0,25.189487,43.347816,0.0011960407,0.0,0.32681543,0.7587208
9115,44.65736,0.0,16.422806,43.347973,0.0012291174,0.0,0.3080731,0.7587203
9116,30.913086,0.0,20.288092,43.348114,0.0009561167,0.0,0.30213985,0.75871974
9117,40.088703,0.0,13.684978,43.34826,0.00080311246,0.0,0.3213875,0.75871557
9118,59.85591,0.0,25.603674,43.34838,0.0014514088,0.0,0.33524346,0.75871164
9119,40.22477,0.0,23.272057,43.348473,0.00082958554,0.0,0.3327115,0.758708
9120,54.886204,0.0,28.606287,43.34855,0.0011969343,0.0,0.3257982,0.7587069
9121,28.399527,0.0,25.072485,43.34861,0.0008354237,0.0,0.34447068,0.75870574
9122,35.689266,0.0,25.513937,43.34869,0.0011794223,0.0,0.30619386,0.75870466
9123,29.427715,0.0,15.728923,43.348785,0.0009550657,0.0,0.33067542,0.7587036
9124,37.788483,0.0,49.80237,43.348873,0.0014121167,0.0,0.31424823,0.7587026
9125,38.21626,0.0,20.168253,43.3489,0.0011020226,0.0,0.31177348,0.7587015
9126,36.863323,0.0,38.591534,43.348923,0.0009647368,0.0,0.34065017,0.7587004
9127,35.712418,0.0,19.67251,43.348934,0.00109456,0.0,0.3290035,0.75869924
9128,55.48977,0.0,17.104969,43.34895,0.0013158284,0.0,0.33938235,0.7586965
9129,41.65385,0.0,35.122738,43.348957,0.0007259672,0.0,0.30403358,0.75869286
9130,47.15024,0.0,16.577198,43.348946,0.00089741126,0.0,0.33353817,0.7586896
9131,31.26587,0.0,32.937855,43.348885,0.0010242661,0.0,0.35715136,0.75868636
9132,38.02786,0.0,28.117657,43.34886,0.0010762154,0.0,0.31217244,0.7586834
9133,27.061718,0.0,20.772346,43.34882,0.0009197863,0.0,0.35504684,0.75867754
9134,44.7131,0.0,18.993792,43.34877,0.0010080298,0.0,0.34655946,0.7586722
9135,44.059155,0.0,18.077465,43.348686,0.0013169142,0.0,0.32790262,0.75866705
9136,36.627003,0.0,35.044247,43.3486,0.0010745178,0.0,0.31103504,0.7586615
9137,56.468735,0.0,18.434736,43.348484,0.0010847312,0.0,0.33590636,0.7586558
9138,43.835835,0.0,32.32255,43.34839,0.0007502277,0.0,0.33433932,0.75865054
9139,31.188383,0.0,17.084078,43.348278,0.0010873463,0.0,0.3196633,0.75864553
9140,52.029266,0.0,22.195261,43.348133,0.00086037815,0.0,0.3077164,0.758641
9141,37.712013,0.0,20.213839,43.34798,0.0009978905,0.0,0.3172006,0.7586367
9142,37.614613,0.0,19.338945,43.347816,0.0013418689,0.0,0.31278893,0.75863266
9143,43.072075,0.0,20.44038,43.34769,0.00070291077,0.0,0.29115933,0.7586289
9144,80.55182,0.0,25.878971,43.347584,0.0013140326,0.0,0.28427225,0.75862736
9145,26.28497,0.0,30.421717,43.34751,0.0012376957,0.0,0.35143805,0.75862586
9146,42.75315,0.0,53.65836,43.347477,0.0010289627,0.0,0.28989038,0.7586243
9147,45.861588,0.0,36.07949,43.34759,0.0013186017,0.0,0.3171941,0.7586229
9148,37.517365,0.0,23.415499,43.347736,0.0010056734,0.0,0.34392342,0.7586215
9149,41.281116,0.0,23.633856,43.3479,0.001282054,0.0,0.31834337,0.75862014
9150,45.572376,0.0,30.899403,43.34805,0.0012111424,0.0,0.31778702,0.7586187
9151,53.68753,0.0,29.563341,43.34816,0.0009285877,0.0,0.3300391,0.7586172
9152,27.08298,0.0,25.039982,43.348267,0.0011705516,0.0,0.3133269,0.7586158
9153,43.14143,0.0,42.214794,43.34837,0.0011761674,0.0,0.31021336,0.7586145
9154,25.569267,0.0,30.376379,43.348454,0.0008138729,0.0,0.3052931,0.758613
9155,48.35925,0.0,35.563454,43.348537,0.000928684,0.0,0.31026697,0.7586115
9156,56.312603,0.0,25.379896,43.348587,0.0011572891,0.0,0.32201856,0.75861233
9157,33.79492,0.0,15.410111,43.348625,0.0011322342,0.0,0.32944524,0.7586129
9158,43.71093,0.0,13.216421,43.348675,0.0011116368,0.0,0.344285,0.7586132
9159,31.486193,0.0,55.49414,43.348698,0.0011355316,0.0,0.3023439,0.7586134
9160,50.646297,0.0,26.027185,43.348713,0.00078337843,0.0,0.31671062,0.7586134
9161,30.571215,0.0,66.41253,43.34871,0.0009414711,0.0,0.318384,0.7586134
9162,37.132828,0.0,18.077965,43.348656,0.0009286934,0.0,0.31747136,0.75861305
9163,25.181183,0.0,37.612846,43.348625,0.0015913497,0.0,0.2874501,0.7586126
9164,52.698654,0.0,27.674398,43.348553,0.0007414222,0.0,0.37429318,0.7586121
9165,28.137188,0.0,19.653877,43.348457,0.0013901324,0.0,0.32518408,0.7586115
9166,41.382362,0.0,23.146229,43.348347,0.0012934427,0.0,0.31743604,0.75861156
9167,44.918633,0.0,19.90411,43.348217,0.0011244008,0.0,0.32413194,0.7586116
9168,36.009872,0.0,21.540567,43.348087,0.001140565,0.0,0.30583936,0.7586115
9169,36.67654,0.0,21.179338,43.34797,0.0011533243,0.0,0.385132,0.7586112
9170,48.971325,0.0,25.542484,43.34785,0.0010857093,0.0,0.328335,0.7586107
9171,33.87113,0.0,17.68092,43.347736,0.0011505586,0.0,0.2911727,0.7586101
9172,31.390495,0.0,23.673235,43.34764,0.0016439309,0.0,0.33325815,0.7586094
9173,34.513462,0.0,23.987103,43.347534,0.0011472576,0.0,0.31742823,0.75860864
9174,37.321033,0.0,26.018114,43.34746,0.0011360572,0.0,0.35154173,0.7586076
9175,32.94157,0.0,30.095987,43.347416,0.0009591481,0.0,0.3398986,0.7586066
9176,28.395164,0.0,16.314144,43.34744,0.0010734139,0.0,0.30557382,0.7586056
9177,43.421486,0.0,22.097776,43.34745,0.0014736783,0.0,0.35660812,0.75860447
9178,44.93778,0.0,17.109573,43.34744,0.0010807621,0.0,0.32461947,0.75860035
9179,33.957035,0.0,15.927529,43.347424,0.0009474964,0.0,0.3110466,0.75859654
9180,28.39824,0.0,15.797744,43.347404,0.0010183649,0.0,0.3186922,0.7585929
9181,28.108793,0.0,46.534824,43.347378,0.0010956537,0.0,0.3154803,0.75858957
9182,35.41891,0.0,20.544828,43.347324,0.0011199935,0.0,0.3099211,0.7585867
9183,38.352222,0.0,18.33561,43.347244,0.0010692589,0.0,0.34546006,0.75858396
9184,38.56054,0.0,19.703016,43.347187,0.0008759628,0.0,0.35921273,0.7585812
9185,37.416447,0.0,15.111269,43.347145,0.0012621919,0.0,0.34507617,0.7585786
9186,44.14088,0.0,24.216871,43.347095,0.0007558954,0.0,0.29316503,0.7585768
9187,30.098356,0.0,21.89769,43.3471,0.0011941603,0.0,0.33081284,0.75857717
9188,38.07256,0.0,19.449038,43.347115,0.0008750687,0.0,0.33764124,0.7585772
9189,25.609545,0.0,19.340788,43.3471,0.0011447603,0.0,0.33302382,0.7585773
9190,26.767107,0.0,27.40118,43.347057,0.00088501675,0.0,0.36122704,0.7585771
9191,35.70609,0.0,25.003918,43.347065,0.00094595447,0.0,0.34466445,0.75857687
9192,41.691654,0.0,17.349987,43.34708,0.0010845099,0.0,0.33307362,0.7585765
9193,35.785248,0.0,26.06184,43.3471,0.0013479799,0.0,0.33147946,0.75857615
9194,34.209164,0.0,41.119106,43.34713,0.0016041535,0.0,0.30694878,0.7585758
9195,34.420525,0.0,20.548693,43.34713,0.0011025178,0.0,0.2968228,0.7585754
9196,34.884804,0.0,26.719225,43.347137,0.0010719072,0.0,0.3228949,0.7585754
9197,61.810806,0.0,27.628296,43.347126,0.001105958,0.0,0.32881087,0.7585754
9198,34.043587,0.0,22.888186,43.347122,0.0010563612,0.0,0.34673578,0.75857514
9199,28.263987,0.0,31.221924,43.34712,0.00091901596,0.0,0.36448583,0.75857395
9200,24.396671,0.0,27.91676,43.347088,0.0010312928,0.0,0.32315153,0.7585727
9201,45.26111,0.0,34.556698,43.34706,0.0009048837,0.0,0.3093023,0.7585713
9202,30.351713,0.0,21.463879,43.346996,0.0009234889,0.0,0.34511468,0.7585702
9203,35.652977,0.0,28.242529,43.34694,0.0010984384,0.0,0.32007596,0.75856894
9204,38.289772,0.0,18.913897,43.34691,0.0010354983,0.0,0.33083698,0.7585677
9205,83.04805,0.0,26.00618,43.34688,0.0012096742,0.0,0.3509718,0.7585663
9206,30.05327,0.0,26.170515,43.34689,0.0010260957,0.0,0.31973252,0.75856507
9207,39.14607,0.0,22.790092,43.34699,0.0007978738,0.0,0.32159495,0.75856966
9208,37.263096,0.0,18.230246,43.347084,0.0007461099,0.0,0.31962186,0.7585748
9209,35.91906,0.0,29.665447,43.347145,0.0009981003,0.0,0.32735997,0.7585795
9210,48.615425,0.0,24.650501,43.347237,0.0010777151,0.0,0.34178227,0.7585827
9211,31.276892,0.0,24.009794,43.347282,0.0012931812,0.0,0.32250175,0.75858444
9212,33.658733,0.0,22.223913,43.347324,0.0009229559,0.0,0.3219608,0.75858593
9213,38.05158,0.0,25.832397,43.347336,0.0010164746,0.0,0.32229623,0.75858635
9214,38.52321,0.0,30.649227,43.347374,0.0010991322,0.0,0.31245106,0.7585867
9215,53.99524,0.0,24.955256,43.347427,0.00082405534,0.0,0.30773818,0.7585867
9216,40.350975,0.0,18.57913,43.347473,0.001122298,0.0,0.3266086,0.7585868
9217,28.171791,0.0,15.033283,43.347492,0.000854351,0.0,0.3004963,0.7585868
9218,29.793621,0.0,39.67423,43.347504,0.00079769664,0.0,0.3273694,0.7585849
9219,42.335262,0.0,27.40855,43.34753,0.0011016838,0.0,0.3388796,0.758583
9220,34.420856,0.0,33.65649,43.34756,0.0010196398,0.0,0.34627146,0.75858116
9221,54.51438,0.0,29.094007,43.347584,0.0011384664,0.0,0.3378408,0.75857943
9222,43.60108,0.0,18.63483,43.347652,0.0010340003,0.0,0.29350403,0.75857776
9223,38.81225,0.0,17.224752,43.347706,0.0011005774,0.0,0.32801446,0.75857604
9224,33.814175,0.0,38.405388,43.347755,0.0011562965,0.0,0.31421942,0.7585743
9225,36.282036,0.0,21.78862,43.347824,0.0015975588,0.0,0.30909488,0.7585726
9226,30.9703,0.0,16.897032,43.347874,0.0009904306,0.0,0.37309074,0.75857097
9227,46.768158,0.0,16.390032,43.347916,0.0006599468,0.0,0.3019768,0.75857
9228,36.975395,0.0,14.8954525,43.347965,0.000872076,0.0,0.31657284,0.75856906
9229,35.660442,0.0,17.958176,43.348003,0.0009843737,0.0,0.3327187,0.7585683
9230,34.16676,0.0,21.792768,43.34806,0.0009237203,0.0,0.32132357,0.7585674
9231,38.790474,0.0,30.133179,43.348133,0.0009487357,0.0,0.3350147,0.75856656
9232,31.952389,0.0,22.664299,43.348152,0.0010741078,0.0,0.32414806,0.7585657
9233,29.195639,0.0,18.281168,43.34822,0.00084899913,0.0,0.3162386,0.7585649
9234,50.21748,0.0,18.454338,43.348312,0.0006930934,0.0,0.30395016,0.75856405
9235,29.367065,0.0,20.58617,43.348408,0.0007267622,0.0,0.31511387,0.7585631
9236,51.409466,0.0,15.493622,43.34853,0.00088333234,0.0,0.34343013,0.758562
9237,37.64694,0.0,26.513891,43.34862,0.0010385548,0.0,0.3216452,0.7585609
9238,27.637117,0.0,13.909219,43.348694,0.0010806306,0.0,0.29654008,0.7585598
9239,50.389687,0.0,31.646593,43.348736,0.0011608759,0.0,0.32083222,0.75855863
9240,37.16773,0.0,14.2171335,43.348736,0.0009288909,0.0,0.321884,0.7585574
9241,36.34085,0.0,17.82257,43.348717,0.00093213096,0.0,0.27546546,0.758555
9242,50.756348,0.0,19.83573,43.34869,0.0008441609,0.0,0.28607947,0.7585527
9243,39.531162,0.0,22.632616,43.348663,0.00075346435,0.0,0.34073147,0.75855035
9244,48.17793,0.0,23.658703,43.34866,0.0010603414,0.0,0.32134002,0.75854814
9245,49.753963,0.0,19.193682,43.348675,0.0009856067,0.0,0.34490976,0.75854594
9246,35.730793,0.0,21.667528,43.34867,0.0012880584,0.0,0.35952005,0.75854385
9247,27.10954,0.0,17.733124,43.348686,0.000893319,0.0,0.32882267,0.7585417
9248,31.886097,0.0,16.14081,43.34871,0.0011488897,0.0,0.35140345,0.7585396
9249,28.85066,0.0,19.815195,43.348747,0.0012788537,0.0,0.3166483,0.75853765
9250,33.63482,0.0,27.389742,43.348785,0.0010640488,0.0,0.3554476,0.7585356
9251,41.90903,0.0,17.073645,43.34883,0.00086218317,0.0,0.3340528,0.7585336
9252,37.572945,0.0,21.86308,43.34887,0.0010364441,0.0,0.32428536,0.7585317
9253,41.958088,0.0,17.547028,43.348885,0.00094702747,0.0,0.3197473,0.7585298
9254,38.703094,0.0,33.882877,43.34889,0.0015441289,0.0,0.32582915,0.7585279
9255,38.01438,0.0,31.453568,43.348877,0.00095524127,0.0,0.31236994,0.75852597
9256,26.775078,0.0,26.975515,43.34886,0.0009574235,0.0,0.34640908,0.7585241
9257,41.49456,0.0,30.851685,43.348858,0.0014968507,0.0,0.330654,0.75852215
9258,39.50589,0.0,23.33825,43.34886,0.0014357425,0.0,0.35133195,0.75852525
9259,59.09153,0.0,25.297201,43.34885,0.0010565823,0.0,0.32516247,0.7585278
9260,39.710243,0.0,26.032413,43.3489,0.0009188307,0.0,0.31830454,0.75852996
9261,44.5476,0.0,28.517248,43.34894,0.0009253327,0.0,0.3019607,0.7585318
9262,42.364815,0.0,16.003618,43.34899,0.0010358477,0.0,0.32172555,0.75853235
9263,38.192394,0.0,26.381926,43.349037,0.001380755,0.0,0.30298495,0.75853086
9264,44.953907,0.0,26.805136,43.349106,0.001208695,0.0,0.32940936,0.7585296
9265,32.27628,0.0,17.792547,43.349167,0.0011776942,0.0,0.3178391,0.75852835
9266,24.16133,0.0,27.879612,43.34925,0.001265646,0.0,0.34291857,0.75852716
9267,41.730488,0.0,19.652819,43.349327,0.0015302999,0.0,0.33513325,0.758526
9268,34.96011,0.0,25.22901,43.349396,0.0015821492,0.0,0.32659006,0.7585249
9269,38.59056,0.0,34.427425,43.349457,0.001128524,0.0,0.33488727,0.75852364
9270,53.50494,0.0,24.02963,43.3495,0.0010181501,0.0,0.30611736,0.75852275
9271,39.481045,0.0,32.180836,43.349556,0.0010314086,0.0,0.31746787,0.7585216
9272,35.541187,0.0,27.920507,43.349613,0.0014108787,0.0,0.36379752,0.75852054
9273,31.926392,0.0,22.901049,43.349636,0.0017412293,0.0,0.32087997,0.75851935
9274,46.609024,0.0,21.788755,43.349644,0.0009083722,0.0,0.3836512,0.7585182
9275,33.022305,0.0,26.15238,43.349648,0.0012069226,0.0,0.37255082,0.75851697
9276,32.01971,0.0,19.771622,43.34962,0.001002293,0.0,0.32658872,0.75851566
9277,62.13169,0.0,16.658281,43.349613,0.000880972,0.0,0.35327166,0.7585143
9278,36.988194,0.0,33.064926,43.34961,0.0014505442,0.0,0.32793993,0.758513
9279,36.405087,0.0,26.66459,43.349674,0.0012222973,0.0,0.29984546,0.7585115
9280,30.863773,0.0,25.004864,43.349773,0.001082879,0.0,0.3061977,0.75851005
9281,25.140757,0.0,26.771791,43.349842,0.0012906921,0.0,0.31633648,0.75850856
9282,32.255337,0.0,27.026937,43.34993,0.001170753,0.0,0.30010992,0.758507
9283,78.060486,0.0,23.143816,43.349983,0.001221379,0.0,0.3294744,0.758499
9284,36.077198,0.0,21.176405,43.350025,0.0009870457,0.0,0.33870935,0.7584998
9285,38.859253,0.0,35.347183,43.350098,0.0010150971,0.0,0.35433745,0.75850034
9286,31.41282,0.0,18.00802,43.350197,0.0012032297,0.0,0.35374162,0.7585009
9287,26.409603,0.0,25.619883,43.3503,0.0010728488,0.0,0.31250995,0.75850105
9288,68.632385,0.0,21.372908,43.350327,0.0009975024,0.0,0.3137256,0.7585012
9289,34.6846,0.0,20.725012,43.350334,0.0009838248,0.0,0.3328765,0.75850105
9290,33.122265,0.0,35.037075,43.350334,0.002348212,0.0,0.3536769,0.75850093
9291,40.60648,0.0,21.797485,43.350372,0.0019203534,0.0,0.34681138,0.7585004
9292,30.654325,0.0,28.118172,43.35037,0.0009614107,0.0,0.3070222,0.7584997
9293,48.25134,0.0,25.468649,43.35041,0.0013626413,0.0,0.34436995,0.75849885
9294,56.605705,0.0,20.976698,43.35044,0.0010518633,0.0,0.33224672,0.7584981
9295,41.92136,0.0,25.890385,43.350418,0.0015087703,0.0,0.32923388,0.758497
9296,35.094322,0.0,21.083933,43.35038,0.0010611349,0.0,0.33454093,0.758496
9297,28.345503,0.0,25.620472,43.35034,0.001074617,0.0,0.32062775,0.75849485
9298,37.845818,0.0,22.189358,43.35032,0.0010070587,0.0,0.329452,0.7584938
9299,39.338165,0.0,34.108227,43.35031,0.0008792937,0.0,0.30640632,0.75849247
9300,35.14487,0.0,33.45586,43.35026,0.001018277,0.0,0.31688023,0.7584912
9301,46.117104,0.0,22.204008,43.350266,0.000926821,0.0,0.3324068,0.75848997
9302,34.246494,0.0,18.961891,43.350296,0.0010235514,0.0,0.3792549,0.75850445
9303,36.202156,0.0,19.354097,43.350338,0.00106877,0.0,0.3046231,0.7585173
9304,61.50619,0.0,25.215601,43.350388,0.0009978258,0.0,0.33199543,0.7585223
9305,31.569511,0.0,18.944235,43.350452,0.0009596356,0.0,0.35374326,0.75852686
9306,33.80576,0.0,21.090885,43.350494,0.00096376275,0.0,0.31361043,0.7585307
9307,50.072124,0.0,19.05323,43.350533,0.0009079658,0.0,0.33955142,0.75853425
9308,56.641514,0.0,17.611504,43.350582,0.0009648423,0.0,0.28756475,0.75853705
9309,49.495834,0.0,27.622673,43.350605,0.00083865307,0.0,0.31344637,0.7585395
9310,57.10944,0.0,21.484457,43.350636,0.00097134116,0.0,0.33964372,0.75854915
9311,32.98983,0.0,15.651981,43.350655,0.0007955294,0.0,0.3304844,0.7585577
9312,32.5712,0.0,25.292692,43.350662,0.0010206167,0.0,0.35273355,0.75856537
9313,66.711815,0.0,21.099024,43.350662,0.0012121847,0.0,0.2773721,0.75857204
9314,36.016823,0.0,19.953363,43.350655,0.0011455778,0.0,0.3648994,0.7585782
9315,25.921436,0.0,16.107439,43.35062,0.001005614,0.0,0.32470286,0.7585833
9316,43.33184,0.0,24.280167,43.350594,0.001231527,0.0,0.30763823,0.758588
9317,29.773502,0.0,19.873896,43.350574,0.0014951928,0.0,0.3073551,0.758592
9318,28.636278,0.0,28.440239,43.35055,0.00085858395,0.0,0.31700978,0.75859547
9319,38.14167,0.0,37.178017,43.350536,0.0010667605,0.0,0.29948437,0.7585985
9320,38.048595,0.0,22.99971,43.35052,0.0011141936,0.0,0.29325935,0.75860095
9321,38.05858,0.0,14.3182745,43.350506,0.0010879886,0.0,0.34133908,0.7586031
9322,45.40771,0.0,24.604092,43.35051,0.0010072127,0.0,0.3041186,0.758605
9323,38.60332,0.0,17.966879,43.35052,0.001397159,0.0,0.31514066,0.7586065
9324,28.43579,0.0,23.535217,43.350563,0.0010047171,0.0,0.33716363,0.7586078
9325,48.495525,0.0,19.972311,43.3506,0.0010928782,0.0,0.3425313,0.7586073
9326,33.479103,0.0,23.379612,43.350643,0.00097305205,0.0,0.32770532,0.7586067
9327,38.79042,0.0,17.266321,43.350685,0.0010248127,0.0,0.3170251,0.7586061
9328,29.619751,0.0,19.532999,43.350708,0.0012534759,0.0,0.31191108,0.7586052
9329,43.91659,0.0,20.035088,43.350716,0.0012718567,0.0,0.32143784,0.75860447
9330,24.914751,0.0,24.245573,43.35066,0.001122438,0.0,0.33029312,0.75860375
9331,44.861073,0.0,32.226395,43.350636,0.0014644272,0.0,0.32581854,0.75860274
9332,42.545666,0.0,18.590784,43.350613,0.0017657436,0.0,0.3609031,0.7586078
9333,46.503735,0.0,30.649881,43.35059,0.0010189334,0.0,0.33770865,0.7586147
9334,63.690754,0.0,22.837233,43.350647,0.001332097,0.0,0.35865277,0.758621
9335,41.809204,0.0,20.270773,43.35068,0.0010645174,0.0,0.32259533,0.7586266
9336,36.509922,0.0,26.246202,43.350727,0.0011015721,0.0,0.32123286,0.75863266
9337,70.65335,0.0,23.04848,43.350765,0.00082992506,0.0,0.33749446,0.75863826
9338,43.957767,0.0,19.015501,43.350807,0.0010348731,0.0,0.32791921,0.7586429
9339,43.401928,0.0,20.099575,43.350872,0.0013224301,0.0,0.3252795,0.75864714
9340,33.27854,0.0,16.648262,43.350952,0.0010636812,0.0,0.30929527,0.75865066
9341,35.349174,0.0,16.23415,43.351044,0.000882585,0.0,0.3227346,0.75865346
9342,55.89288,0.0,18.256893,43.35111,0.0013294312,0.0,0.34093356,0.7586559
9343,33.37626,0.0,18.235254,43.35115,0.00087766227,0.0,0.3131399,0.75865793
9344,56.349785,0.0,21.141949,43.351192,0.0010013378,0.0,0.31303737,0.7586597
9345,27.236101,0.0,17.700888,43.3512,0.00086914457,0.0,0.3616025,0.7586613
9346,34.95147,0.0,29.469532,43.351208,0.0010126538,0.0,0.30158472,0.75866264
9347,44.311874,0.0,29.512798,43.35118,0.000878191,0.0,0.33004293,0.7586637
9348,36.46936,0.0,23.606747,43.35116,0.001122862,0.0,0.31462255,0.7586643
9349,32.640697,0.0,23.167065,43.351147,0.0011946823,0.0,0.32869512,0.75866467
9350,37.788464,0.0,44.203804,43.351135,0.0009630673,0.0,0.2944616,0.7586647
9351,47.436264,0.0,24.237936,43.351032,0.0010557729,0.0,0.34455228,0.7586647
9352,51.9862,0.0,26.801226,43.350937,0.0011851729,0.0,0.31988132,0.758663
9353,35.134594,0.0,20.864582,43.35087,0.0011031858,0.0,0.32727474,0.7586612
9354,38.009075,0.0,17.24696,43.35082,0.00097032066,0.0,0.35022736,0.75865966
9355,37.069668,0.0,29.258135,43.350777,0.00082268164,0.0,0.33012503,0.7586579
9356,27.28044,0.0,22.305424,43.35077,0.0019204279,0.0,0.30696818,0.75865626
9357,43.625797,0.0,14.422473,43.350765,0.0010421599,0.0,0.33109546,0.75865465
9358,45.798985,0.0,22.651518,43.350727,0.0009853228,0.0,0.34779263,0.75865287
9359,43.16438,0.0,20.637129,43.350693,0.0011117642,0.0,0.3273933,0.75865126
9360,37.417915,0.0,31.642212,43.35067,0.00097248534,0.0,0.33353806,0.7586496
9361,32.366257,0.0,42.933662,43.350655,0.0010338955,0.0,0.31527257,0.75864834
9362,27.936878,0.0,30.450432,43.350765,0.0010539456,0.0,0.35552168,0.758647
9363,29.580338,0.0,21.649492,43.350872,0.0009829734,0.0,0.3140826,0.7586457
9364,25.77793,0.0,17.831337,43.35097,0.0010431948,0.0,0.34952003,0.75864446
9365,27.846788,0.0,41.73149,43.351055,0.0012242163,0.0,0.32520562,0.7586435
9366,38.188984,0.0,21.151913,43.3512,0.00090066856,0.0,0.3253452,0.7586425
9367,29.447004,0.0,28.925028,43.351326,0.0009274647,0.0,0.3363678,0.7586375
9368,28.07227,0.0,24.8267,43.35145,0.0013119795,0.0,0.33199644,0.75863296
9369,59.580967,0.0,16.919722,43.351543,0.0011760534,0.0,0.30298415,0.75862867
9370,36.5031,0.0,45.576927,43.351578,0.0010075226,0.0,0.35443887,0.75862485
9371,58.563217,0.0,21.644884,43.35154,0.0013190423,0.0,0.33056492,0.758621
9372,31.885515,0.0,54.826317,43.351532,0.0009113117,0.0,0.3396011,0.7586176
9373,33.702435,0.0,17.260998,43.351475,0.00078348763,0.0,0.3300142,0.7586143
9374,35.10167,0.0,21.063269,43.35145,0.001020406,0.0,0.33144107,0.75861114
9375,25.348711,0.0,22.70542,43.35141,0.00092542655,0.0,0.34099305,0.758608
9376,25.092272,0.0,24.851242,43.35138,0.0010297685,0.0,0.3172655,0.75860494
9377,41.311512,0.0,25.56904,43.35135,0.0009669989,0.0,0.3162601,0.758602
9378,23.848549,0.0,21.24613,43.351326,0.0008705656,0.0,0.31812602,0.75859946
9379,46.263695,0.0,26.446766,43.351295,0.00095161225,0.0,0.30337805,0.75859696
9380,25.971523,0.0,17.274902,43.35127,0.0008797065,0.0,0.3402657,0.7585946
9381,34.815296,0.0,22.018648,43.351257,0.0010170117,0.0,0.3081293,0.7585924
9382,51.424747,0.0,24.114656,43.351265,0.0019027104,0.0,0.33420837,0.7585904
9383,30.080137,0.0,23.857065,43.351334,0.0010723036,0.0,0.33452007,0.7585883
9384,51.252117,0.0,18.286852,43.35141,0.0015511699,0.0,0.33678648,0.75858647
9385,48.626545,0.0,21.349659,43.351475,0.0015337908,0.0,0.3610644,0.7585845
9386,38.73693,0.0,23.390919,43.351486,0.0012482753,0.0,0.30881518,0.7585827
9387,41.71639,0.0,17.33179,43.35154,0.0015214921,0.0,0.33996862,0.75858086
9388,39.99545,0.0,16.0804,43.351597,0.0010755652,0.0,0.34207162,0.75857896
9389,60.388824,0.0,17.307732,43.351658,0.0013472032,0.0,0.36124814,0.75857717
9390,30.186186,0.0,31.113558,43.351696,0.001104311,0.0,0.31636763,0.7585754
9391,50.28723,0.0,18.372908,43.351727,0.0012484792,0.0,0.32466033,0.75857365
9392,46.43747,0.0,32.02278,43.351727,0.00090027804,0.0,0.34003997,0.7585718
9393,50.81617,0.0,17.69532,43.35175,0.0008937124,0.0,0.30699265,0.75857013
9394,25.820635,0.0,20.12528,43.351765,0.0012511781,0.0,0.35379696,0.7585683
9395,43.89231,0.0,35.743164,43.351814,0.0012776819,0.0,0.33895692,0.75856644
9396,42.905693,0.0,22.998259,43.351906,0.0008391342,0.0,0.34128547,0.7585646
9397,40.47485,0.0,20.196016,43.351963,0.001295791,0.0,0.34735245,0.7585628
9398,46.91761,0.0,20.432808,43.352055,0.0011026266,0.0,0.34069884,0.758561
9399,48.3434,0.0,19.997505,43.35213,0.001236073,0.0,0.32441044,0.75855917
9400,32.244953,0.0,19.737143,43.352196,0.0009463194,0.0,0.3229713,0.7585589
9401,57.250244,0.0,23.803246,43.352303,0.0009900009,0.0,0.35947356,0.7585586
9402,39.72596,0.0,28.492443,43.35237,0.0011098832,0.0,0.3174064,0.75855803
9403,35.64031,0.0,25.106094,43.352413,0.001148772,0.0,0.3201475,0.7585578
9404,39.511387,0.0,30.646557,43.352417,0.0010255165,0.0,0.32366285,0.7585576
9405,42.803818,0.0,21.069637,43.35244,0.00092468085,0.0,0.33206886,0.7585571
9406,44.849648,0.0,26.212204,43.352455,0.0010278559,0.0,0.35833228,0.75855684
9407,32.84856,0.0,16.787956,43.35246,0.0011503202,0.0,0.31081063,0.75855637
9408,56.228783,0.0,19.135447,43.352478,0.0009189107,0.0,0.366107,0.75855595
9409,32.375053,0.0,14.288157,43.35251,0.0009296771,0.0,0.29839575,0.7585553
9410,57.036587,0.0,26.423357,43.35253,0.0016601061,0.0,0.317123,0.7585546
9411,41.9631,0.0,16.851307,43.35253,0.0009956643,0.0,0.3214059,0.75855374
9412,30.878353,0.0,21.945812,43.352547,0.0009909624,0.0,0.32888156,0.7585528
9413,32.727287,0.0,26.8824,43.352562,0.0012431145,0.0,0.29292268,0.75855196
9414,32.590908,0.0,20.768066,43.352547,0.0008266016,0.0,0.31481704,0.75855094
9415,49.564632,0.0,28.135494,43.352528,0.0011187596,0.0,0.3406452,0.7585499
9416,61.565403,0.0,35.30278,43.352512,0.0011836573,0.0,0.31458482,0.7585487
9417,35.699993,0.0,15.132699,43.35249,0.0011124306,0.0,0.35616493,0.75855035
9418,35.68558,0.0,12.242277,43.35246,0.0010012856,0.0,0.31536293,0.7585517
9419,44.790203,0.0,23.646273,43.352417,0.0010197295,0.0,0.34396476,0.75855273
9420,40.987614,0.0,32.499004,43.35236,0.0012142023,0.0,0.33590573,0.75855345
9421,27.842205,0.0,21.032356,43.35229,0.0008188041,0.0,0.3354532,0.75855404
9422,38.836147,0.0,32.742153,43.352222,0.0008635236,0.0,0.3157351,0.7585544
9423,49.766453,0.0,21.411886,43.352222,0.0009202824,0.0,0.30714187,0.7585545
9424,49.480663,0.0,21.588476,43.35222,0.0011873597,0.0,0.32480097,0.75855446
9425,31.633911,0.0,23.989801,43.352184,0.0008250407,0.0,0.3413114,0.75855416
9426,25.615826,0.0,25.803572,43.352177,0.00085653446,0.0,0.311576,0.75855386
9427,44.253456,0.0,34.666065,43.352146,0.0009759058,0.0,0.35474938,0.7585534
9428,33.83379,0.0,21.581324,43.352177,0.0011638862,0.0,0.33955067,0.758553
9429,29.506271,0.0,38.94321,43.352165,0.0011699421,0.0,0.3441264,0.7585524
9430,32.459396,0.0,20.398733,43.352093,0.0011818821,0.0,0.33385694,0.75854576
9431,20.562986,0.0,20.828117,43.35205,0.001187419,0.0,0.32465893,0.75853974
9432,27.681108,0.0,20.68265,43.35204,0.0009824458,0.0,0.35444367,0.7585343
9433,35.38693,0.0,36.58432,43.35204,0.00086652016,0.0,0.3302285,0.7585293
9434,45.18371,0.0,19.314348,43.352043,0.001230628,0.0,0.38689208,0.75852466
9435,35.55351,0.0,17.770304,43.35202,0.0009197164,0.0,0.31428856,0.75852174
9436,26.705402,0.0,25.17031,43.352047,0.0010327413,0.0,0.33465528,0.758519
9437,43.920597,0.0,13.337349,43.352047,0.0010273873,0.0,0.2839754,0.75851506
9438,38.50259,0.0,16.936478,43.352047,0.0010529463,0.0,0.3390561,0.75851136
9439,44.96065,0.0,24.304337,43.352074,0.001030418,0.0,0.33572504,0.75850785
9440,29.724138,0.0,22.282202,43.352104,0.0013005582,0.0,0.32523844,0.75850457
9441,29.526392,0.0,16.557749,43.35213,0.0012374895,0.0,0.32510215,0.7585016
9442,52.656002,0.0,17.443233,43.352146,0.0009989818,0.0,0.33964205,0.75849867
9443,26.670609,0.0,17.089855,43.352165,0.0009775179,0.0,0.39629918,0.7584959
9444,34.181644,0.0,25.309351,43.352207,0.0011417972,0.0,0.31910384,0.75849324
9445,37.869587,0.0,24.430906,43.35226,0.0008089097,0.0,0.32189232,0.7584906
9446,77.22627,0.0,28.256136,43.352314,0.000961361,0.0,0.33253083,0.7584967
9447,49.2009,0.0,16.766161,43.352398,0.0018467251,0.0,0.3179821,0.7584978
9448,25.501875,0.0,24.67202,43.352486,0.00070227444,0.0,0.3209872,0.7584986
9449,28.588976,0.0,24.61416,43.352596,0.0011722206,0.0,0.35399494,0.7584994
9450,35.76218,0.0,21.015491,43.352695,0.0012637728,0.0,0.30093738,0.7584997
9451,36.70818,0.0,17.198347,43.35279,0.0011367266,0.0,0.32049078,0.7584998
9452,33.72569,0.0,18.809172,43.352867,0.0011028528,0.0,0.30235654,0.7585
9453,41.190723,0.0,22.189676,43.352962,0.0007801125,0.0,0.33224997,0.7585002
9454,33.73383,0.0,33.41713,43.352997,0.0012822973,0.0,0.3314341,0.7585004
9455,45.654205,0.0,34.668705,43.353035,0.0012924211,0.0,0.31175423,0.7585007
9456,38.146458,0.0,22.62615,43.353077,0.0009655119,0.0,0.3321799,0.75850075
9457,40.095863,0.0,21.999271,43.353092,0.0009414164,0.0,0.30882004,0.7585006
9458,30.976645,0.0,55.580235,43.35313,0.0009030318,0.0,0.32457203,0.75850034
9459,45.99113,0.0,20.926577,43.353172,0.0010254106,0.0,0.3173226,0.7585
9460,48.107708,0.0,19.587334,43.35322,0.0014128578,0.0,0.32407555,0.7584995
9461,28.269438,0.0,21.816242,43.353268,0.0010694554,0.0,0.32558167,0.75849885
9462,30.034674,0.0,16.479681,43.35332,0.0011054766,0.0,0.3365326,0.7584959
9463,29.335747,0.0,20.285662,43.35337,0.0014575407,0.0,0.33946618,0.7584931
9464,32.720535,0.0,15.574774,43.353413,0.0012444961,0.0,0.30874798,0.7584904
9465,30.28754,0.0,17.22354,43.353436,0.0013075822,0.0,0.3470533,0.7584877
9466,49.133286,0.0,25.607038,43.35347,0.0011344913,0.0,0.32144064,0.7584851
9467,20.357658,0.0,18.719461,43.35351,0.0017545283,0.0,0.31579906,0.7584826
9468,36.30823,0.0,24.392157,43.353542,0.0015122233,0.0,0.31543124,0.75847995
9469,48.370693,0.0,19.333448,43.353542,0.0011475068,0.0,0.35387433,0.7584761
9470,42.908386,0.0,27.841963,43.353542,0.0011968435,0.0,0.3369586,0.7584723
9471,23.070726,0.0,33.035892,43.35354,0.00095831905,0.0,0.30481756,0.7584688
9472,37.766388,0.0,22.272892,43.353573,0.0010008896,0.0,0.32080513,0.7584654
9473,51.430832,0.0,22.020699,43.353634,0.0009953644,0.0,0.29984188,0.7584623
9474,67.205215,0.0,22.372396,43.35372,0.0009745674,0.0,0.34586048,0.75845927
9475,22.839617,0.0,23.335447,43.35376,0.0020369007,0.0,0.32424492,0.7584563
9476,27.62174,0.0,21.57152,43.353798,0.0010900937,0.0,0.34218478,0.7584536
9477,34.261597,0.0,31.07856,43.353825,0.0010120254,0.0,0.31636494,0.75845075
9478,37.2132,0.0,23.649645,43.35378,0.0008625423,0.0,0.33240545,0.7584481
9479,29.508053,0.0,30.645695,43.353718,0.00085502834,0.0,0.30101955,0.75844544
9480,43.30112,0.0,16.123335,43.353664,0.0018953187,0.0,0.34303635,0.75844294
9481,31.852127,0.0,26.193617,43.35364,0.0011592524,0.0,0.3651197,0.7584405
9482,39.621964,0.0,33.98977,43.3536,0.0009840995,0.0,0.32940668,0.7584381
9483,28.116003,0.0,31.204546,43.353626,0.0014092711,0.0,0.30834597,0.7584358
9484,38.482143,0.0,19.4875,43.35361,0.0013245398,0.0,0.34579182,0.75843346
9485,34.024693,0.0,32.377155,43.353645,0.0011835293,0.0,0.31605121,0.7584312
9486,33.13484,0.0,28.74249,43.35361,0.001146321,0.0,0.3052314,0.75842625
9487,37.328102,0.0,20.962313,43.35358,0.0013341758,0.0,0.33249867,0.7584214
9488,34.40804,0.0,15.815505,43.35352,0.0010079832,0.0,0.3290941,0.758417
9489,28.066725,0.0,21.486132,43.353497,0.0015019437,0.0,0.3352306,0.75841284
9490,44.407204,0.0,28.070852,43.353493,0.0012143233,0.0,0.33255956,0.7584091
9491,33.12788,0.0,26.78111,43.35347,0.0012830726,0.0,0.3538104,0.7584053
9492,37.669514,0.0,15.424827,43.353447,0.0014757207,0.0,0.33613965,0.7584019
9493,30.249275,0.0,23.26078,43.35338,0.0011926508,0.0,0.29951042,0.75839883
9494,23.706955,0.0,20.323303,43.353317,0.0012483662,0.0,0.33425876,0.7583945
9495,52.822613,0.0,37.76622,43.35324,0.001467476,0.0,0.31769562,0.75839055
9496,27.390873,0.0,18.064844,43.353203,0.0010732523,0.0,0.3466911,0.75838697
9497,25.337187,0.0,30.094799,43.35316,0.0010082559,0.0,0.3162566,0.7583839
9498,32.047276,0.0,34.81072,43.353146,0.0010762638,0.0,0.34033608,0.7583818
9499,31.491293,0.0,25.734268,43.35312,0.0014029599,0.0,0.3733189,0.7583798
9500,45.179512,0.0,16.67953,43.35313,0.0014639187,0.0,0.32058692,0.75837797
9501,29.064068,0.0,17.971685,43.353165,0.0011005118,0.0,0.3349859,0.75837624
9502,33.536156,0.0,20.007051,43.353218,0.001145826,0.0,0.32925683,0.75837463
9503,26.74344,0.0,32.430637,43.353268,0.000940333,0.0,0.304049,0.75837386
9504,30.430025,0.0,16.199379,43.35335,0.0011465437,0.0,0.32740158,0.7583731
9505,31.998787,0.0,25.418926,43.353428,0.0010414866,0.0,0.34238338,0.7583704
9506,41.049614,0.0,27.079622,43.353497,0.001051937,0.0,0.30321833,0.7583678
9507,31.69388,0.0,35.88302,43.353565,0.0009730039,0.0,0.34555727,0.7583655
9508,25.574064,0.0,25.779886,43.353653,0.0009776683,0.0,0.32194108,0.7583634
9509,44.881184,0.0,25.062033,43.353714,0.0011080417,0.0,0.29398087,0.75836134
9510,42.959538,0.0,25.055628,43.353764,0.0009101663,0.0,0.299409,0.7583592
9511,26.955217,0.0,28.14456,43.353817,0.0010382317,0.0,0.33160135,0.7583573
9512,39.868675,0.0,22.084272,43.35388,0.0010342513,0.0,0.34252822,0.7583555
9513,39.500317,0.0,13.785697,43.353947,0.0012178476,0.0,0.3308292,0.7583536
9514,35.8129,0.0,30.604927,43.35403,0.0011256833,0.0,0.3264994,0.7583518
9515,29.963318,0.0,24.180775,43.35415,0.0010499458,0.0,0.34105623,0.7583501
9516,46.869625,0.0,26.398937,43.354248,0.00090909365,0.0,0.3086248,0.75834835
9517,27.602343,0.0,22.854765,43.354294,0.0009085055,0.0,0.32199594,0.75834525
9518,46.05838,0.0,18.253063,43.35435,0.001075824,0.0,0.3509586,0.75834155
9519,29.561974,0.0,18.360344,43.354378,0.0012220329,0.0,0.32397106,0.7583383
9520,29.058796,0.0,18.039234,43.35438,0.002094109,0.0,0.3067795,0.758335
9521,31.709412,0.0,41.39565,43.354355,0.0009400712,0.0,0.2883031,0.75833213
9522,41.305206,0.0,16.63393,43.354355,0.00080368994,0.0,0.33287466,0.7583293
9523,29.453146,0.0,31.34971,43.35434,0.0011831908,0.0,0.30760536,0.75832653
9524,27.393665,0.0,34.815693,43.35439,0.0011087598,0.0,0.31312257,0.75832397
9525,40.947487,0.0,25.338125,43.35439,0.0011732536,0.0,0.3166393,0.7583215
9526,29.431961,0.0,36.831417,43.35441,0.00088549557,0.0,0.31098238,0.7583234
9527,41.37526,0.0,17.881601,43.35442,0.0010462748,0.0,0.3098204,0.758325
9528,30.739775,0.0,38.875927,43.35447,0.0010103005,0.0,0.3307083,0.7583263
9529,30.315172,0.0,28.446938,43.354534,0.0009009475,0.0,0.34233207,0.7583273
9530,66.07819,0.0,32.87208,43.354557,0.0012566765,0.0,0.33673486,0.7583282
9531,33.309017,0.0,28.709057,43.354588,0.0010101451,0.0,0.3100839,0.75833315
9532,53.07482,0.0,30.317093,43.354565,0.0009929076,0.0,0.30822694,0.7583376
9533,35.937412,0.0,26.433182,43.354534,0.0012399487,0.0,0.36049113,0.75834143
9534,37.77985,0.0,30.760172,43.354576,0.001069855,0.0,0.32240784,0.75834495
9535,36.83994,0.0,24.815702,43.354668,0.00127797,0.0,0.31985587,0.75834787
9536,52.53497,0.0,19.023031,43.354782,0.00092211756,0.0,0.3069012,0.75835043
9537,44.766033,0.0,23.751795,43.354885,0.0013668172,0.0,0.31890577,0.75835264
9538,47.091793,0.0,39.535103,43.35498,0.0012607819,0.0,0.28675485,0.75835437
9539,30.901884,0.0,26.284002,43.355095,0.00084823417,0.0,0.35713995,0.7583547
9540,30.130903,0.0,29.940369,43.355198,0.0013338485,0.0,0.33891428,0.75835484
9541,38.392628,0.0,26.087921,43.355316,0.0008768132,0.0,0.33058083,0.75835484
9542,66.7765,0.0,40.442776,43.35547,0.0007563799,0.0,0.32125908,0.7583547
9543,41.130783,0.0,27.754002,43.35554,0.0015979684,0.0,0.3201339,0.7583544
9544,32.627098,0.0,29.630217,43.355625,0.000912596,0.0,0.31910455,0.758354
9545,67.269264,0.0,38.728138,43.35567,0.00095929776,0.0,0.34649694,0.75835353
9546,32.175327,0.0,32.53814,43.355675,0.0012212174,0.0,0.31918046,0.75835294
9547,44.85157,0.0,23.568031,43.35568,0.0011028526,0.0,0.3227012,0.75835216
9548,36.86122,0.0,23.562002,43.355663,0.0009165171,0.0,0.3254962,0.75835127
9549,33.281883,0.0,33.012486,43.35566,0.0012555205,0.0,0.33673817,0.7583505
9550,33.272667,0.0,20.652645,43.355736,0.001145456,0.0,0.32801008,0.7583495
9551,36.133877,0.0,28.737312,43.355812,0.0010314187,0.0,0.3265845,0.7583484
9552,39.35477,0.0,52.648876,43.355877,0.0009071303,0.0,0.32583308,0.7583471
9553,31.470772,0.0,23.339184,43.355904,0.00094789534,0.0,0.31960022,0.75834584
9554,33.50734,0.0,28.145695,43.355965,0.001209329,0.0,0.30771244,0.7583445
9555,38.044685,0.0,42.353043,43.356033,0.0011176674,0.0,0.3634445,0.75834286
9556,37.023865,0.0,29.413567,43.356075,0.00084601843,0.0,0.33984417,0.7583411
9557,24.05404,0.0,32.446762,43.356075,0.0012521055,0.0,0.33522162,0.75833935
9558,45.73409,0.0,19.29668,43.356075,0.0014455223,0.0,0.31689382,0.75833774
9559,43.8986,0.0,22.106659,43.3561,0.0010016034,0.0,0.3158531,0.75833595
9560,26.745104,0.0,26.051632,43.35611,0.00081279455,0.0,0.32822806,0.7583342
9561,24.60176,0.0,19.42061,43.356117,0.0008138133,0.0,0.30142438,0.75833267
9562,40.977337,0.0,37.666683,43.35612,0.0011306251,0.0,0.32099342,0.7583309
9563,38.084167,0.0,21.544065,43.356163,0.001572877,0.0,0.311503,0.7583306
9564,32.833977,0.0,13.228997,43.356197,0.0010137277,0.0,0.34572017,0.75833
9565,47.976532,0.0,29.92487,43.35623,0.0011140003,0.0,0.3776955,0.75832975
9566,93.56652,0.0,22.599566,43.356213,0.0012085809,0.0,0.31082988,0.7583293
9567,22.597221,0.0,15.947164,43.356186,0.0013136594,0.0,0.30164537,0.7583286
9568,58.721207,0.0,14.409456,43.356144,0.0010776566,0.0,0.31971976,0.7583281
9569,35.323826,0.0,21.026028,43.356094,0.00097500917,0.0,0.33752322,0.7583275
9570,31.584131,0.0,30.180319,43.35603,0.00097099226,0.0,0.32943138,0.7583268
9571,46.552948,0.0,23.129324,43.355972,0.0009603109,0.0,0.3081924,0.7583337
9572,50.530945,0.0,21.408295,43.355904,0.0009961975,0.0,0.32457012,0.7583401
9573,46.078102,0.0,24.60522,43.35581,0.0011183256,0.0,0.31953782,0.7583462
9574,35.760483,0.0,36.280445,43.35571,0.0008796863,0.0,0.35878128,0.7583516
9575,68.90008,0.0,26.670702,43.35561,0.0010158739,0.0,0.2981047,0.7583567
9576,33.151035,0.0,31.698112,43.35553,0.0007575572,0.0,0.35472417,0.75836116
9577,34.701836,0.0,25.011894,43.35547,0.0011705258,0.0,0.33126718,0.75836515
9578,42.608738,0.0,16.822218,43.355434,0.0009285744,0.0,0.3198622,0.75836873
9579,33.162952,0.0,30.285551,43.355408,0.0010174057,0.0,0.333359,0.7583719
9580,32.71773,0.0,23.981644,43.35541,0.0009513531,0.0,0.3226685,0.75837463
9581,34.02071,0.0,20.29456,43.355385,0.0009216288,0.0,0.33360896,0.7583771
9582,34.18523,0.0,31.040083,43.35536,0.0011210451,0.0,0.34957892,0.75837904
9583,59.445873,0.0,28.962923,43.35534,0.0011829464,0.0,0.3385197,0.75838083
9584,47.365543,0.0,18.02332,43.35536,0.001006586,0.0,0.3085499,0.75838226
9585,29.863228,0.0,32.61612,43.35538,0.0012432529,0.0,0.2984407,0.7583834
9586,63.25687,0.0,20.713871,43.3554,0.0011463823,0.0,0.33265772,0.7583842
9587,32.325977,0.0,16.098253,43.355453,0.00084533205,0.0,0.35525775,0.7583847
9588,52.330948,0.0,26.269928,43.35549,0.0011083242,0.0,0.3029468,0.75838506
9589,38.69779,0.0,34.118618,43.35558,0.0010204813,0.0,0.3054219,0.75838524
9590,43.951294,0.0,22.338938,43.355675,0.0011450201,0.0,0.2993347,0.7583851
9591,33.80838,0.0,22.54825,43.35578,0.0012072556,0.0,0.32882658,0.75838494
9592,39.070168,0.0,37.807854,43.355896,0.000988971,0.0,0.34120774,0.7583861
9593,24.741472,0.0,21.342505,43.355988,0.0012670979,0.0,0.3127109,0.7583871
9594,36.52486,0.0,19.525864,43.35607,0.0011202705,0.0,0.32329917,0.7583877
9595,35.86517,0.0,20.57264,43.35614,0.0010159736,0.0,0.30665267,0.7583882
9596,34.18613,0.0,23.80628,43.356216,0.0008924864,0.0,0.3404112,0.7583885
9597,45.980434,0.0,23.284988,43.35631,0.0011204551,0.0,0.30683616,0.7583886
9598,39.329964,0.0,24.182974,43.35644,0.00089922454,0.0,0.36111498,0.7583877
9599,30.667868,0.0,23.173573,43.356556,0.0010829996,0.0,0.2990773,0.75838685
9600,53.109463,0.0,13.143331,43.35665,0.0007923254,0.0,0.33005106,0.75838584
9601,52.925144,0.0,24.057428,43.35671,0.0012489725,0.0,0.29243177,0.75838476
9602,43.213566,0.0,28.20824,43.356773,0.0014024744,0.0,0.3321786,0.7583834
9603,29.293001,0.0,19.20244,43.356842,0.00093868515,0.0,0.3199153,0.7583821
9604,33.61038,0.0,19.477583,43.356842,0.0007745302,0.0,0.30592227,0.7583806
9605,45.348286,0.0,16.11733,43.35684,0.0012221993,0.0,0.32210922,0.7583792
9606,36.879166,0.0,31.442013,43.35682,0.0008812213,0.0,0.32860827,0.75837773
9607,39.26452,0.0,14.22284,43.356808,0.0009740534,0.0,0.3455245,0.75837636
9608,26.314722,0.0,19.966831,43.356804,0.0009438851,0.0,0.33839327,0.758375
9609,59.67753,0.0,22.054924,43.356796,0.001132317,0.0,0.3408262,0.7583735
9610,43.510803,0.0,18.971657,43.356808,0.0007350116,0.0,0.3086878,0.75837207
9611,29.982044,0.0,14.60578,43.356827,0.0012214252,0.0,0.35268396,0.75837064
9612,37.406193,0.0,24.017445,43.356834,0.0014693418,0.0,0.31245467,0.7583691
9613,34.934856,0.0,19.023169,43.35685,0.000912599,0.0,0.3016318,0.758367
9614,32.742195,0.0,20.627743,43.35686,0.0011360117,0.0,0.35703266,0.75836486
9615,33.846046,0.0,30.480602,43.356876,0.00095432287,0.0,0.31498992,0.7583629
9616,35.85593,0.0,24.030851,43.356915,0.0008017486,0.0,0.3446836,0.75836086
9617,28.842394,0.0,22.653744,43.356983,0.0010389056,0.0,0.32480872,0.75835997
9618,38.93445,0.0,16.566751,43.357033,0.0009578468,0.0,0.33155823,0.75835896
9619,34.953167,0.0,16.274532,43.35707,0.000872785,0.0,0.32178128,0.7583578
9620,33.56557,0.0,23.120617,43.357105,0.0011473786,0.0,0.35016713,0.75835675
9621,47.56566,0.0,27.39287,43.357075,0.0010581468,0.0,0.3171299,0.7583498
9622,27.435009,0.0,25.882381,43.357044,0.00090939726,0.0,0.3101438,0.7583434
9623,35.697765,0.0,19.146276,43.357025,0.0009529316,0.0,0.32803988,0.7583376
9624,29.568518,0.0,14.325084,43.356968,0.0012023428,0.0,0.31061518,0.75833213
9625,36.098152,0.0,28.889467,43.35691,0.0008707759,0.0,0.34367904,0.7583436
9626,41.74481,0.0,20.02553,43.356823,0.0010449752,0.0,0.31214476,0.75835407
9627,41.88314,0.0,22.250458,43.35675,0.0011166236,0.0,0.2965413,0.7583635
9628,32.691803,0.0,21.579233,43.356647,0.00077815854,0.0,0.306344,0.75837183
9629,39.584354,0.0,21.794294,43.356544,0.0010905577,0.0,0.31788325,0.7583793
9630,43.297787,0.0,14.353528,43.35644,0.00083367655,0.0,0.321374,0.7583859
9631,32.670254,0.0,28.221964,43.356354,0.001192325,0.0,0.33641693,0.7583917
9632,43.28374,0.0,15.711645,43.356243,0.000876872,0.0,0.32460052,0.7583978
9633,46.082394,0.0,41.791992,43.35614,0.0012397313,0.0,0.33769032,0.7584034
9634,30.687252,0.0,25.02202,43.35607,0.001243491,0.0,0.32773325,0.75841
9635,38.896873,0.0,23.690306,43.35596,0.00105718,0.0,0.3475895,0.75841576
9636,41.82966,0.0,17.136868,43.355885,0.0010063862,0.0,0.35721812,0.7584212
9637,40.371983,0.0,21.346273,43.355804,0.0010515356,0.0,0.31723243,0.7584321
9638,44.08968,0.0,24.551779,43.355724,0.0013527017,0.0,0.32798696,0.7584421
9639,40.540745,0.0,15.786594,43.355675,0.0007898201,0.0,0.30049726,0.75845116
9640,35.378395,0.0,31.427462,43.35564,0.0009980457,0.0,0.30369815,0.7584593
9641,50.171818,0.0,14.6330385,43.355602,0.0009066502,0.0,0.31333145,0.75846654
9642,33.317,0.0,20.608654,43.355556,0.0012525301,0.0,0.32526687,0.7584731
9643,44.214745,0.0,21.38226,43.35553,0.0009836816,0.0,0.32841563,0.75847894
9644,43.8006,0.0,22.08652,43.355515,0.0008317818,0.0,0.30339882,0.75848395
9645,46.54415,0.0,26.570179,43.355495,0.00097938,0.0,0.34272385,0.7584885
9646,45.922016,0.0,24.18121,43.355488,0.00087713124,0.0,0.3223725,0.7584924
9647,32.454132,0.0,16.203297,43.35549,0.0012532863,0.0,0.32354778,0.75849575
9648,43.950993,0.0,31.062521,43.355507,0.0009222855,0.0,0.32218727,0.75849867
9649,34.10266,0.0,27.7783,43.355503,0.0013026979,0.0,0.33518812,0.7585011
9650,31.99666,0.0,17.373617,43.355526,0.0011591271,0.0,0.3201773,0.7585032
9651,30.294699,0.0,36.23133,43.355522,0.00092029123,0.0,0.30476832,0.75850487
9652,46.6924,0.0,24.57816,43.355495,0.0011324994,0.0,0.3360779,0.75850636
9653,45.00858,0.0,25.468615,43.355476,0.0009585018,0.0,0.32045528,0.7585073
9654,37.530186,0.0,30.764505,43.355453,0.0008678508,0.0,0.3845436,0.75850564
9655,26.64128,0.0,30.394302,43.355473,0.00092221564,0.0,0.3006364,0.7585041
9656,25.290531,0.0,20.145004,43.35551,0.0014176315,0.0,0.3166555,0.7585026
9657,46.782993,0.0,27.182055,43.355534,0.0011885758,0.0,0.3545947,0.7585011
9658,44.711525,0.0,29.460867,43.355556,0.0009427494,0.0,0.32082188,0.75849956
9659,28.58693,0.0,21.156288,43.355534,0.00086990744,0.0,0.33235547,0.7584983
9660,31.384815,0.0,20.170963,43.355526,0.0011028864,0.0,0.33112702,0.7584968
9661,31.685417,0.0,14.133848,43.355503,0.0010308526,0.0,0.32202947,0.75849545
9662,32.95005,0.0,26.49765,43.355488,0.0011332134,0.0,0.32082665,0.75849354
9663,37.04012,0.0,23.033642,43.355473,0.0009915283,0.0,0.30761287,0.7584922
9664,19.928162,0.0,20.049812,43.35547,0.0011282384,0.0,0.33317715,0.75849074
9665,36.659485,0.0,24.550293,43.35546,0.0010079422,0.0,0.38037002,0.7584893
9666,60.68213,0.0,15.71936,43.35545,0.0010557066,0.0,0.29529184,0.7584879
9667,27.099224,0.0,10.234129,43.35543,0.0011271785,0.0,0.3050861,0.7584865
9668,33.50683,0.0,28.333382,43.355415,0.00087289687,0.0,0.28434026,0.7584852
9669,35.185047,0.0,27.734152,43.355442,0.00083571,0.0,0.33519074,0.7584838
9670,43.84717,0.0,26.929626,43.355404,0.0016074299,0.0,0.34401464,0.7584823
9671,48.934856,0.0,20.186182,43.35535,0.0008802556,0.0,0.33535832,0.75848126
9672,33.638012,0.0,20.21453,43.355312,0.0008403134,0.0,0.34033436,0.7584802
9673,39.04722,0.0,20.762707,43.355278,0.0010247385,0.0,0.34536672,0.75847906
9674,31.454727,0.0,16.780224,43.35518,0.0014857454,0.0,0.3108437,0.75847775
9675,45.362823,0.0,18.249203,43.355076,0.00095356733,0.0,0.34765705,0.75847656
9676,52.054607,0.0,26.241436,43.354977,0.0009041501,0.0,0.30158645,0.7584753
9677,32.623104,0.0,21.340755,43.354824,0.0010789658,0.0,0.3728106,0.758474
9678,32.88866,0.0,20.872133,43.35469,0.0011067893,0.0,0.32766986,0.7584725
9679,29.114176,0.0,16.83309,43.354557,0.00082890084,0.0,0.32715362,0.7584711
9680,45.339615,0.0,21.12711,43.35445,0.00077626965,0.0,0.28508425,0.75846964
9681,27.903276,0.0,16.68925,43.354355,0.0011652978,0.0,0.31913024,0.7584683
9682,27.719612,0.0,30.809013,43.354267,0.0010064802,0.0,0.30751806,0.7584667
9683,58.460014,0.0,12.977818,43.354195,0.0012746574,0.0,0.32814297,0.75846523
9684,61.201633,0.0,23.346655,43.35414,0.0009617512,0.0,0.35399944,0.75846374
9685,46.122383,0.0,23.510113,43.354088,0.0009272915,0.0,0.35269508,0.7584622
9686,43.925034,0.0,15.715511,43.35404,0.0008815675,0.0,0.30880672,0.7584606
9687,37.39924,0.0,31.81198,43.35398,0.0011162458,0.0,0.32234716,0.7584591
9688,59.52465,0.0,23.830755,43.353977,0.0012087743,0.0,0.32523125,0.7584575
9689,34.935116,0.0,24.029793,43.353985,0.0009894457,0.0,0.33027193,0.75845593
9690,48.78983,0.0,19.34785,43.35397,0.0007507204,0.0,0.27806672,0.75845426
9691,35.266315,0.0,16.866627,43.35395,0.0008460732,0.0,0.32349083,0.75845265
9692,39.659454,0.0,21.237701,43.353947,0.000842046,0.0,0.33891535,0.7584509
9693,59.663197,0.0,25.408531,43.35397,0.0007619661,0.0,0.30714327,0.75844926
9694,33.407032,0.0,50.974052,43.354023,0.0007086803,0.0,0.3071885,0.7584476
9695,40.12515,0.0,16.935127,43.35408,0.0008731298,0.0,0.30944732,0.7584458
9696,38.649593,0.0,32.729576,43.354153,0.0010386861,0.0,0.2929951,0.75844413
9697,40.449062,0.0,31.316544,43.354195,0.0010102584,0.0,0.3298881,0.75844234
9698,52.871037,0.0,20.676888,43.35425,0.0011463747,0.0,0.28643307,0.7584406
9699,50.30983,0.0,16.043936,43.354298,0.000920623,0.0,0.32263753,0.75843847
9700,32.948982,0.0,12.061159,43.3543,0.0010681052,0.0,0.33310056,0.75843626
9701,44.211205,0.0,23.005356,43.35431,0.00085192616,0.0,0.32154578,0.7584342
9702,28.008204,0.0,26.258057,43.35431,0.0010355021,0.0,0.28741762,0.7584321
9703,44.46537,0.0,25.40535,43.35433,0.0009481893,0.0,0.34155512,0.75843
9704,28.352718,0.0,21.27305,43.354355,0.0009315393,0.0,0.306874,0.75842816
9705,50.05685,0.0,30.01234,43.354355,0.0011978113,0.0,0.31411093,0.75842625
9706,37.11784,0.0,16.157515,43.354355,0.00088743086,0.0,0.2988248,0.7584243
9707,31.676489,0.0,44.001194,43.35436,0.0011770127,0.0,0.31389996,0.7584224
9708,39.754135,0.0,19.359222,43.35436,0.0008580636,0.0,0.32751542,0.7584206
9709,61.073193,0.0,22.737272,43.354362,0.0009932162,0.0,0.32884678,0.7584187
9710,67.44726,0.0,15.5981245,43.35439,0.0010117565,0.0,0.34511957,0.7584168
9711,38.157345,0.0,21.054453,43.354412,0.00081334193,0.0,0.32474405,0.7584146
9712,37.231174,0.0,17.096167,43.35443,0.00075241615,0.0,0.3227102,0.7584125
9713,36.526443,0.0,34.46993,43.354427,0.0010694742,0.0,0.35351348,0.7584104
9714,39.984146,0.0,25.27144,43.354458,0.0009117448,0.0,0.3652987,0.7584084
9715,47.825596,0.0,27.050629,43.35445,0.0008347297,0.0,0.36358422,0.75840634
9716,44.48627,0.0,29.356827,43.35447,0.0008678226,0.0,0.29853284,0.7584043
9717,43.52753,0.0,18.337646,43.354473,0.00091827445,0.0,0.35274062,0.7584024
9718,42.238144,0.0,36.098515,43.354477,0.0009919321,0.0,0.32683438,0.75840044
9719,35.59668,0.0,15.301722,43.35451,0.00090484647,0.0,0.34475908,0.75839853
9720,54.129547,0.0,14.558374,43.354553,0.0010111706,0.0,0.30165178,0.7583966
9721,30.801805,0.0,19.059557,43.354588,0.0009766014,0.0,0.36028332,0.75839424
9722,40.94057,0.0,20.298697,43.354607,0.0012120074,0.0,0.3363696,0.7583922
9723,40.483356,0.0,30.749317,43.354637,0.00095551764,0.0,0.33420396,0.75839055
9724,28.355425,0.0,22.506462,43.354656,0.0008775938,0.0,0.309262,0.75838876
9725,44.917637,0.0,20.026546,43.35458,0.0010541973,0.0,0.31098783,0.75838697
9726,48.15152,0.0,22.181816,43.354523,0.001404228,0.0,0.30592453,0.7583852
9727,44.203327,0.0,17.999468,43.354427,0.0010865773,0.0,0.30919737,0.75838345
9728,62.144703,0.0,23.429716,43.35431,0.0013225481,0.0,0.31767946,0.7583817
9729,36.49231,0.0,21.000542,43.354218,0.00232623,0.0,0.3306086,0.75837994
9730,59.78512,0.0,39.55192,43.35415,0.0011036927,0.0,0.32289672,0.7583782
9731,54.622547,0.0,31.2474,43.354103,0.001377749,0.0,0.33481157,0.7583764
9732,30.399263,0.0,23.19583,43.35408,0.0012841903,0.0,0.34761947,0.7583762
9733,37.32096,0.0,25.100655,43.354053,0.0011390488,0.0,0.3379092,0.7583759
9734,26.178022,0.0,36.44945,43.35401,0.00076328765,0.0,0.3070104,0.7583823
9735,33.420174,0.0,14.699875,43.354027,0.0016792591,0.0,0.3143485,0.75838804
9736,43.25638,0.0,16.131872,43.354057,0.0012745333,0.0,0.3336793,0.758393
9737,39.18587,0.0,24.48857,43.3541,0.0012634539,0.0,0.29013038,0.75839734
9738,34.877106,0.0,23.79829,43.354176,0.0012559354,0.0,0.36140153,0.758401
9739,48.973892,0.0,35.04815,43.354183,0.0011274645,0.0,0.30625403,0.75840443
9740,55.963844,0.0,18.675758,43.354168,0.002129384,0.0,0.34111196,0.7584073
9741,41.571964,0.0,15.560748,43.354153,0.001198665,0.0,0.3282896,0.7584093
9742,60.7916,0.0,18.250244,43.354126,0.0009671267,0.0,0.31635618,0.75841093
9743,51.97884,0.0,34.396637,43.354103,0.0011527291,0.0,0.31353396,0.7584123
9744,26.39864,0.0,18.267353,43.35416,0.0012747536,0.0,0.33929777,0.75841343
9745,38.425438,0.0,21.754726,43.35421,0.001303756,0.0,0.32395744,0.7584142
9746,40.201797,0.0,15.952828,43.354233,0.0011439642,0.0,0.29374883,0.7584148
9747,53.067226,0.0,20.279974,43.354263,0.0014697826,0.0,0.272044,0.7584151
9748,35.372013,0.0,15.120943,43.354263,0.0013998671,0.0,0.31952938,0.7584153
9749,38.917755,0.0,18.776964,43.35429,0.0010814224,0.0,0.33262274,0.7584152
9750,45.38026,0.0,21.397,43.35432,0.001054574,0.0,0.32698256,0.7584151
9751,34.436687,0.0,27.550755,43.354336,0.0010156255,0.0,0.31316993,0.7584148
9752,57.360027,0.0,20.032637,43.354347,0.0009481534,0.0,0.37850398,0.75841427
9753,40.511047,0.0,25.160774,43.354313,0.002022515,0.0,0.32462233,0.7584137
9754,39.511738,0.0,19.739351,43.354286,0.0013116089,0.0,0.31301302,0.75841296
9755,42.290127,0.0,26.268639,43.354298,0.0012315952,0.0,0.30573994,0.7584122
9756,43.059124,0.0,20.753038,43.354343,0.0009708784,0.0,0.31595385,0.7584112
9757,51.59969,0.0,18.250484,43.354366,0.00097033614,0.0,0.3720712,0.7584103
9758,29.874434,0.0,18.641575,43.35437,0.0009644101,0.0,0.3406225,0.7584092
9759,60.984528,0.0,25.180586,43.35437,0.0012659449,0.0,0.31130186,0.75840163
9760,34.990013,0.0,15.467483,43.354355,0.00079291355,0.0,0.3252917,0.7583886
9761,47.94716,0.0,26.981367,43.354332,0.0008863881,0.0,0.30788758,0.75837666
9762,40.44401,0.0,26.543224,43.35435,0.0011222591,0.0,0.3225077,0.7583659
9763,33.009617,0.0,27.695248,43.35437,0.0010055364,0.0,0.34795755,0.75835615
9764,47.398308,0.0,23.327673,43.354443,0.0011151864,0.0,0.3138246,0.75834686
9765,32.088863,0.0,23.684147,43.354515,0.00089382275,0.0,0.32325128,0.7583383
9766,25.607225,0.0,22.528446,43.354614,0.0012270648,0.0,0.32540792,0.75833046
9767,31.761307,0.0,19.27892,43.3547,0.00082762435,0.0,0.31067908,0.75832325
9768,28.46449,0.0,40.763653,43.354782,0.0010225384,0.0,0.32095438,0.7583167
9769,39.344265,0.0,22.357737,43.35492,0.0010844797,0.0,0.32729554,0.7583107
9770,27.683817,0.0,16.553759,43.35506,0.0008601631,0.0,0.3132956,0.75830513
9771,63.963737,0.0,26.299465,43.355164,0.0009468958,0.0,0.32552722,0.7582999
9772,32.194866,0.0,18.284208,43.355267,0.0015303683,0.0,0.32765445,0.758294
9773,30.834244,0.0,22.461475,43.355373,0.00093273417,0.0,0.31898874,0.75828856
9774,46.670044,0.0,23.757967,43.355453,0.00090883905,0.0,0.3093369,0.7582836
9775,32.08677,0.0,15.392922,43.35552,0.0010173563,0.0,0.34223366,0.7582791
9776,26.169392,0.0,21.477415,43.35559,0.0014159353,0.0,0.32632193,0.75827324
9777,48.89393,0.0,16.34934,43.355644,0.0009002547,0.0,0.33476675,0.7582681
9778,37.03659,0.0,18.193676,43.355694,0.0008233862,0.0,0.32378805,0.75826335
9779,34.22084,0.0,23.951925,43.355713,0.00083362096,0.0,0.3202525,0.7582591
9780,31.113209,0.0,17.80681,43.3557,0.0009293628,0.0,0.33139494,0.75825524
9781,34.855076,0.0,27.742935,43.35568,0.0012980023,0.0,0.31023848,0.7582516
9782,40.210323,0.0,26.443531,43.355663,0.0011708561,0.0,0.32918376,0.7582493
9783,48.09085,0.0,41.88537,43.355717,0.001172585,0.0,0.3634562,0.758247
9784,34.510643,0.0,20.18369,43.355755,0.0012920394,0.0,0.29245138,0.75824946
9785,55.196873,0.0,20.383856,43.355785,0.00095513737,0.0,0.3064643,0.7582515
9786,42.786247,0.0,15.865412,43.355804,0.00085700554,0.0,0.3218812,0.75825334
9787,47.052853,0.0,20.242702,43.355824,0.0010102084,0.0,0.3403468,0.7582545
9788,44.659313,0.0,14.639442,43.355854,0.000938506,0.0,0.33341107,0.7582567
9789,28.35704,0.0,33.377304,43.355885,0.0012194812,0.0,0.36599383,0.7582586
9790,51.37981,0.0,21.12439,43.355927,0.0008455628,0.0,0.33861035,0.7582602
9791,25.381392,0.0,42.91705,43.355995,0.00086234324,0.0,0.31305107,0.7582614
9792,27.954687,0.0,28.709944,43.356075,0.0012309211,0.0,0.32435453,0.7582652
9793,21.627983,0.0,18.20833,43.356167,0.0010845019,0.0,0.3120024,0.75826085
9794,44.7653,0.0,20.835676,43.356255,0.0016655969,0.0,0.3205305,0.75825703
9795,28.179493,0.0,34.692497,43.35631,0.0013129608,0.0,0.33802575,0.75825524
9796,22.903915,0.0,20.2283,43.356358,0.0011807581,0.0,0.28746027,0.75825375
9797,45.75733,0.0,23.154139,43.356415,0.0014662268,0.0,0.2793399,0.7582523
9798,30.700447,0.0,25.55665,43.356453,0.0009640987,0.0,0.3183266,0.75825113
9799,42.424,0.0,24.38933,43.35643,0.0014389412,0.0,0.3139993,0.7582498
9800,33.128815,0.0,25.94691,43.35641,0.00083723356,0.0,0.33755636,0.75824916
9801,39.73616,0.0,35.48386,43.35641,0.0009980258,0.0,0.34085822,0.75824887
9802,33.99751,0.0,29.102589,43.356472,0.0011158367,0.0,0.2935475,0.7582483
9803,27.102438,0.0,33.91258,43.35654,0.001021645,0.0,0.33112857,0.75824773
9804,39.487045,0.0,21.755293,43.356617,0.0011330125,0.0,0.33685777,0.7582472
9805,45.231533,0.0,22.967272,43.3567,0.00097007584,0.0,0.33313817,0.7582455
9806,28.532995,0.0,24.900621,43.356735,0.000912673,0.0,0.32813126,0.75824374
9807,64.09025,0.0,25.18274,43.356785,0.0012409248,0.0,0.3147679,0.7582421
9808,27.935884,0.0,25.759916,43.35682,0.00089999137,0.0,0.34415793,0.75824046
9809,36.295742,0.0,27.236036,43.35687,0.0010197335,0.0,0.32835236,0.7582388
9810,44.28222,0.0,21.423296,43.356884,0.0012167547,0.0,0.28827113,0.7582372
9811,30.589258,0.0,17.711662,43.3569,0.0008425829,0.0,0.33208424,0.75823563
9812,25.419172,0.0,19.96372,43.356926,0.0007800583,0.0,0.2762609,0.75823396
9813,46.65505,0.0,30.311373,43.35693,0.0010446118,0.0,0.33373052,0.75823224
9814,25.575342,0.0,18.716597,43.3569,0.0013284343,0.0,0.3226362,0.7582306
9815,42.691326,0.0,33.870346,43.356873,0.0011211224,0.0,0.32228547,0.75822836
9816,45.40819,0.0,19.30684,43.356834,0.00094662205,0.0,0.30097306,0.7582261
9817,21.810644,0.0,28.322136,43.35679,0.0011987486,0.0,0.33394927,0.758224
9818,38.357323,0.0,26.713184,43.356705,0.0010674978,0.0,0.30534458,0.7582219
9819,46.735645,0.0,30.849344,43.356655,0.0009174598,0.0,0.31173384,0.75821984
9820,49.896442,0.0,22.329504,43.356594,0.00073326833,0.0,0.3107739,0.7582179
9821,44.26317,0.0,24.192476,43.356575,0.000981343,0.0,0.33643204,0.75821596
9822,44.11899,0.0,22.351103,43.35656,0.00097132754,0.0,0.33282435,0.758214
9823,48.75284,0.0,32.289177,43.356544,0.00089208223,0.0,0.336491,0.75821215
9824,47.441322,0.0,25.484451,43.356564,0.0008681025,0.0,0.3325215,0.75821024
9825,41.55402,0.0,29.263868,43.356575,0.00091143715,0.0,0.30707026,0.75820833
9826,27.782192,0.0,16.327015,43.35659,0.00116619,0.0,0.3231752,0.7582071
9827,59.798656,0.0,24.007019,43.35664,0.0007520124,0.0,0.34801826,0.7582058
9828,35.91773,0.0,20.501207,43.35668,0.0014056427,0.0,0.33199176,0.7582044
9829,24.11718,0.0,21.545652,43.356724,0.0013072047,0.0,0.32896718,0.75820297
9830,36.175392,0.0,23.92821,43.356762,0.0011394345,0.0,0.29181227,0.75820154
9831,38.84342,0.0,19.292858,43.35682,0.0013431897,0.0,0.33807144,0.75820005
9832,26.82788,0.0,23.320147,43.356884,0.0013719923,0.0,0.32896575,0.7581985
9833,36.329193,0.0,25.760563,43.356934,0.0008391875,0.0,0.31198248,0.7581969
9834,32.35317,0.0,18.532906,43.356983,0.0010213768,0.0,0.3346984,0.7581953
9835,37.299187,0.0,32.93589,43.357006,0.0015831084,0.0,0.35768175,0.7581937
9836,32.27468,0.0,20.671099,43.357056,0.0011524616,0.0,0.31314734,0.758192
9837,42.137028,0.0,18.479834,43.35711,0.00089015614,0.0,0.30398783,0.7581904
9838,37.921814,0.0,24.342798,43.357147,0.0022285823,0.0,0.322404,0.7581888
9839,35.06105,0.0,26.77953,43.357197,0.0013941259,0.0,0.2839218,0.7581869
9840,39.595516,0.0,14.469537,43.357258,0.0011436203,0.0,0.3358365,0.75818455
9841,31.274256,0.0,29.402456,43.357346,0.0011667691,0.0,0.307441,0.75818235
9842,30.18601,0.0,36.1726,43.357445,0.0012994073,0.0,0.32889733,0.75818014
9843,29.06416,0.0,24.808615,43.3575,0.0010885312,0.0,0.34179842,0.75817794
9844,59.200054,0.0,27.505054,43.357525,0.0010614968,0.0,0.31423697,0.75817585
9845,44.47994,0.0,27.784962,43.35753,0.00095504266,0.0,0.28320578,0.7581736
9846,30.716703,0.0,24.741129,43.357605,0.0010950578,0.0,0.3472466,0.7581713
9847,36.363964,0.0,24.031078,43.357674,0.0010807347,0.0,0.3116161,0.7581691
9848,36.1001,0.0,20.782053,43.35775,0.0012041818,0.0,0.29227805,0.758167
9849,50.37778,0.0,25.554796,43.35779,0.0010585062,0.0,0.3047071,0.758165
9850,48.154972,0.0,22.444284,43.357845,0.00083533,0.0,0.30408126,0.758163
9851,32.399357,0.0,23.505148,43.35788,0.00092120375,0.0,0.32596993,0.75816107
9852,53.887093,0.0,26.604721,43.35791,0.0011121943,0.0,0.30458036,0.75815904
9853,36.419956,0.0,24.859982,43.35793,0.0011424054,0.0,0.33512443,0.7581571
9854,32.236248,0.0,21.421635,43.357964,0.0010949093,0.0,0.33481717,0.75815517
9855,41.884644,0.0,24.576225,43.35803,0.0013119382,0.0,0.30856368,0.7581533
9856,44.337605,0.0,18.922348,43.358086,0.0011250357,0.0,0.37008816,0.7581513
9857,40.103878,0.0,26.665594,43.358112,0.0010664957,0.0,0.36225265,0.7581493
9858,55.91272,0.0,18.12631,43.35815,0.0014678745,0.0,0.3155653,0.7581474
9859,31.985954,0.0,19.187832,43.358162,0.0009406166,0.0,0.31323886,0.75814545
9860,36.78757,0.0,18.731697,43.358166,0.0015578589,0.0,0.32438284,0.75814337
9861,53.682858,0.0,34.154167,43.358162,0.0014036035,0.0,0.31482497,0.7581499
9862,29.795765,0.0,13.079766,43.3582,0.0011571341,0.0,0.33654913,0.7581556
9863,42.516304,0.0,19.665003,43.358253,0.0008775175,0.0,0.34251928,0.7581605
9864,27.441935,0.0,22.589474,43.358315,0.001153213,0.0,0.31115118,0.7581649
9865,67.12938,0.0,22.342232,43.358364,0.0010592204,0.0,0.34166992,0.758169
9866,47.828903,0.0,19.583916,43.35843,0.0011538914,0.0,0.3444365,0.7581725
9867,48.834072,0.0,16.14766,43.358463,0.0011960525,0.0,0.34815598,0.7581755
9868,55.746174,0.0,23.07877,43.358505,0.0009990826,0.0,0.3486302,0.7581781
9869,25.27286,0.0,21.070238,43.358532,0.0008812401,0.0,0.31020558,0.7581809
9870,33.011395,0.0,22.908838,43.35855,0.0013843197,0.0,0.3686708,0.7581832
9871,36.00112,0.0,18.098454,43.35856,0.0011419602,0.0,0.32415682,0.75818515
9872,43.649284,0.0,16.4161,43.358578,0.0011088648,0.0,0.31804404,0.75818676
9873,35.541927,0.0,57.243443,43.358578,0.0009883641,0.0,0.3331738,0.75818807
9874,32.978107,0.0,15.210643,43.358585,0.001144357,0.0,0.29026103,0.758189
9875,45.228104,0.0,31.769682,43.358566,0.0010900374,0.0,0.32083222,0.75818986
9876,34.206635,0.0,28.553202,43.358547,0.0013693767,0.0,0.31282628,0.75819033
9877,55.918114,0.0,16.506792,43.358517,0.0011511886,0.0,0.319319,0.7581907
9878,26.994158,0.0,15.522957,43.35848,0.0016855423,0.0,0.29905432,0.7581908
9879,41.179607,0.0,24.068922,43.358456,0.0012881364,0.0,0.3193216,0.7581908
9880,49.678867,0.0,16.749237,43.358482,0.0013326867,0.0,0.30168253,0.75819045
9881,41.866844,0.0,28.88834,43.358482,0.0009966288,0.0,0.3357147,0.7581902
9882,31.81538,0.0,23.566267,43.35849,0.0007663855,0.0,0.30112618,0.7581896
9883,39.725365,0.0,21.338663,43.35847,0.001042529,0.0,0.3252765,0.758189
9884,23.356527,0.0,18.991705,43.35847,0.0010847407,0.0,0.30753648,0.7581883
9885,25.875671,0.0,22.676163,43.358467,0.0012015293,0.0,0.3300961,0.75818753
9886,37.01507,0.0,34.484734,43.358463,0.0010460761,0.0,0.30720013,0.7581865
9887,35.553604,0.0,37.728542,43.358463,0.0014178077,0.0,0.2945218,0.7581898
9888,41.08408,0.0,25.07465,43.35845,0.0010010301,0.0,0.31740832,0.75819236
9889,25.734163,0.0,22.240726,43.358547,0.0010446007,0.0,0.31128824,0.75819445
9890,42.00341,0.0,20.444399,43.35868,0.0011651302,0.0,0.342993,0.7581962
9891,24.389904,0.0,20.597208,43.358788,0.0014191391,0.0,0.31888074,0.75819737
9892,35.705425,0.0,29.286922,43.358883,0.0007684076,0.0,0.3242286,0.75820005
9893,38.313614,0.0,20.266613,43.358963,0.0008860365,0.0,0.342045,0.7582009
9894,43.38007,0.0,24.338867,43.35904,0.0008724072,0.0,0.3146916,0.75820154
9895,36.81272,0.0,33.411842,43.35914,0.000889651,0.0,0.305304,0.75820196
9896,36.447617,0.0,19.488655,43.359207,0.0010139976,0.0,0.3118869,0.75820214
9897,26.58214,0.0,37.74917,43.359287,0.0010929031,0.0,0.37160406,0.75820225
9898,44.162754,0.0,28.298939,43.35942,0.0008718845,0.0,0.3426711,0.75820214
9899,37.845596,0.0,39.25565,43.359524,0.0011612726,0.0,0.30712038,0.758203
9900,54.28649,0.0,19.4872,43.35965,0.0007805025,0.0,0.33593315,0.75820374
9901,41.868687,0.0,19.373083,43.359734,0.0014384917,0.0,0.3411872,0.7582044
9902,27.500381,0.0,21.759495,43.359825,0.0007840763,0.0,0.3255343,0.7582049
9903,41.11162,0.0,16.883928,43.359913,0.001202622,0.0,0.35261256,0.7582052
9904,26.834742,0.0,21.710756,43.36,0.0009927097,0.0,0.32405442,0.75820535
9905,36.613,0.0,21.614368,43.360092,0.001186844,0.0,0.30708104,0.75821006
9906,23.802479,0.0,16.811817,43.360184,0.0012680155,0.0,0.33365914,0.75821406
9907,25.733469,0.0,27.448193,43.36025,0.001210901,0.0,0.2893618,0.7582178
9908,35.750454,0.0,30.088776,43.36034,0.0014037772,0.0,0.28247446,0.75822103
9909,36.1247,0.0,23.666325,43.36042,0.00085796823,0.0,0.32321292,0.7582242
9910,27.570625,0.0,34.202847,43.36046,0.0013042245,0.0,0.31634936,0.7582268
9911,33.44126,0.0,14.505662,43.360416,0.0010320998,0.0,0.32866544,0.75822926
9912,53.716236,0.0,16.969957,43.360348,0.0010474795,0.0,0.2888161,0.75823134
9913,34.09912,0.0,32.75326,43.360302,0.0010702827,0.0,0.364052,0.7582331
9914,40.485405,0.0,52.95961,43.36025,0.0009162653,0.0,0.31212687,0.7582345
9915,38.014633,0.0,21.95029,43.360188,0.00081181014,0.0,0.3294103,0.7582371
9916,32.668938,0.0,19.109596,43.360138,0.001081361,0.0,0.30433023,0.7582394
9917,32.9431,0.0,17.778984,43.36006,0.0011322892,0.0,0.3152716,0.75824136
9918,39.76005,0.0,18.975773,43.359978,0.00087888574,0.0,0.3427982,0.7582429
9919,30.3349,0.0,31.275337,43.35994,0.0007079906,0.0,0.31028572,0.7582442
9920,37.37133,0.0,27.374283,43.35986,0.0011633073,0.0,0.32588094,0.7582453
9921,38.259995,0.0,39.916832,43.35971,0.0012055149,0.0,0.3583401,0.75824606
9922,42.680717,0.0,31.251587,43.359524,0.0011575704,0.0,0.3283871,0.75824654
9923,43.72141,0.0,26.962513,43.359314,0.0008062357,0.0,0.31530073,0.75824684
9924,49.319122,0.0,25.896349,43.35915,0.00095703703,0.0,0.32713827,0.75824654
9925,48.54574,0.0,33.19461,43.35898,0.0010438338,0.0,0.31988892,0.7582456
9926,50.62377,0.0,19.77589,43.35879,0.0011899992,0.0,0.2852408,0.7582445
9927,40.859936,0.0,16.694622,43.358643,0.000969581,0.0,0.3149671,0.75824344
9928,44.551857,0.0,51.33864,43.358513,0.0010264085,0.0,0.31253228,0.75824225
9929,40.683186,0.0,86.206184,43.358418,0.00076646236,0.0,0.32977554,0.75824106
9930,44.628407,0.0,74.71397,43.35839,0.0010586943,0.0,0.3005501,0.75823987
9931,53.83047,0.0,47.8234,43.35837,0.0009987757,0.0,0.31646514,0.7582387
9932,52.423267,0.0,42.215023,43.35835,0.00080638996,0.0,0.33003002,0.75823736
9933,29.376423,0.0,24.855495,43.35839,0.0011296563,0.0,0.30009305,0.7582355
9934,47.492382,0.0,36.04353,43.358437,0.0011126057,0.0,0.3314249,0.75823355
9935,39.77662,0.0,15.941589,43.35855,0.0012050696,0.0,0.3239189,0.7582317
9936,30.07001,0.0,18.944925,43.358658,0.0008956663,0.0,0.31103653,0.75822985
9937,41.69375,0.0,34.804813,43.35876,0.000954736,0.0,0.29497546,0.75822794
9938,38.274654,0.0,28.170174,43.35886,0.0008201229,0.0,0.36182082,0.75822616
9939,21.4619,0.0,21.146387,43.358974,0.0012849801,0.0,0.3240475,0.7582243
9940,39.046482,0.0,24.988564,43.359093,0.00072660286,0.0,0.30869582,0.75822234
9941,21.62246,0.0,23.960697,43.359226,0.0012307408,0.0,0.29285344,0.75822
9942,35.6314,0.0,38.92161,43.35934,0.0009591132,0.0,0.31479546,0.7582162
9943,44.056408,0.0,34.81626,43.35947,0.0009250734,0.0,0.32384396,0.7582127
9944,51.715645,0.0,35.74126,43.359562,0.0007823593,0.0,0.3082071,0.75820935
9945,27.643272,0.0,21.026525,43.359673,0.0008019292,0.0,0.32075316,0.7582078
9946,46.388542,0.0,53.62748,43.35978,0.001562285,0.0,0.34089303,0.758206
9947,41.4436,0.0,26.65708,43.359833,0.00070846046,0.0,0.29797435,0.75820464
9948,30.740654,0.0,31.830322,43.359848,0.0013833367,0.0,0.30878982,0.7582032
9949,35.966812,0.0,27.007963,43.359882,0.0012454521,0.0,0.3403326,0.75820166
9950,36.472664,0.0,24.114254,43.359886,0.0008417178,0.0,0.32989433,0.7582002
9951,32.919735,0.0,20.131731,43.35987,0.0011612359,0.0,0.30070257,0.75819874
9952,64.20953,0.0,20.652279,43.359844,0.0016786547,0.0,0.34428042,0.75819725
9953,53.32072,0.0,38.516228,43.35981,0.0013656102,0.0,0.31573808,0.75819576
9954,46.619923,0.0,31.649874,43.35977,0.0011707124,0.0,0.3054059,0.7581942
9955,31.130083,0.0,29.965351,43.359737,0.0011629497,0.0,0.31367677,0.7581929
9956,64.47166,0.0,27.471832,43.359676,0.001194073,0.0,0.37577504,0.75819147
9957,40.33262,0.0,32.773552,43.35966,0.0012971854,0.0,0.29974565,0.7581901
9958,26.851671,0.0,27.10637,43.35965,0.0011972594,0.0,0.3116758,0.75818866
9959,35.63823,0.0,16.31135,43.35966,0.0008216429,0.0,0.2951958,0.75818723
9960,28.984745,0.0,30.405766,43.3597,0.0010749563,0.0,0.2985207,0.7581857
9961,31.857922,0.0,35.25458,43.359726,0.0011972355,0.0,0.29819357,0.7581848
9962,35.49656,0.0,24.737963,43.35973,0.0008963117,0.0,0.33827847,0.7581838
9963,30.016415,0.0,28.701376,43.359707,0.0016672944,0.0,0.29744798,0.75818264
9964,38.501537,0.0,21.671415,43.35972,0.0011309193,0.0,0.344948,0.7581815
9965,34.50156,0.0,23.064404,43.359764,0.0011530365,0.0,0.31277633,0.7581803
9966,44.77401,0.0,22.477327,43.359802,0.001205727,0.0,0.31790665,0.7581793
9967,45.388786,0.0,25.106005,43.359844,0.0011315773,0.0,0.3535521,0.7581782
9968,53.14481,0.0,38.029778,43.359875,0.0011289004,0.0,0.3049988,0.7581771
9969,51.143124,0.0,28.11545,43.3599,0.0011148148,0.0,0.31249472,0.75817597
9970,46.739162,0.0,25.908932,43.359978,0.0011513518,0.0,0.31680012,0.75817716
9971,38.14838,0.0,51.69743,43.360035,0.0010847796,0.0,0.34554213,0.7581786
9972,27.419735,0.0,28.623522,43.360115,0.0012926599,0.0,0.30833852,0.7581799
9973,34.10779,0.0,20.099243,43.36023,0.0011167782,0.0,0.34758657,0.75818104
9974,33.835865,0.0,18.164707,43.360336,0.0009936516,0.0,0.3302222,0.7581872
9975,36.478558,0.0,36.169064,43.360424,0.0010402312,0.0,0.3567264,0.7581932
9976,58.024105,0.0,22.294617,43.36055,0.0011264649,0.0,0.32389,0.7581986
9977,41.92333,0.0,28.89758,43.360626,0.0012097973,0.0,0.33100986,0.7582032
9978,28.669008,0.0,22.622698,43.360672,0.0014009689,0.0,0.29511172,0.7582074
9979,27.469652,0.0,18.920837,43.360703,0.00084426254,0.0,0.31237137,0.758211
9980,47.204803,0.0,17.306444,43.36071,0.0007007647,0.0,0.3143844,0.7582141
9981,47.351738,0.0,23.91116,43.36075,0.0010288445,0.0,0.32690844,0.75821674
9982,28.166138,0.0,27.88446,43.36082,0.0014466508,0.0,0.36774534,0.758219
9983,38.180134,0.0,33.319954,43.360863,0.0010176775,0.0,0.35367477,0.758221
9984,35.374817,0.0,26.631815,43.360977,0.0008858702,0.0,0.34821856,0.7582228
9985,46.569042,0.0,30.19137,43.36108,0.00085133826,0.0,0.3322351,0.75822425
9986,32.864113,0.0,34.334377,43.36117,0.00092719094,0.0,0.32091528,0.7582282
9987,34.841698,0.0,21.093945,43.361294,0.001070732,0.0,0.31753382,0.75823164
9988,41.11655,0.0,32.57049,43.361423,0.0015603506,0.0,0.34012264,0.7582346
9989,33.05557,0.0,26.812822,43.361538,0.00083278434,0.0,0.3253138,0.758237
9990,29.103037,0.0,20.121073,43.36162,0.00094571104,0.0,0.31075802,0.75823915
9991,39.279816,0.0,26.423254,43.36169,0.0009144627,0.0,0.31709713,0.75824094
9992,36.740932,0.0,25.393831,43.361748,0.0009825594,0.0,0.34457836,0.75824237
9993,61.705296,0.0,22.925003,43.361816,0.0010787114,0.0,0.34420085,0.7582434
9994,47.77009,0.0,21.28273,43.361885,0.001045063,0.0,0.3400969,0.7582557
9995,37.643383,0.0,20.949127,43.361954,0.00088248495,0.0,0.3328012,0.75826687
9996,46.640358,0.0,22.37727,43.362026,0.0006940697,0.0,0.3184173,0.7582796
9997,34.129593,0.0,16.846277,43.36209,0.0008653693,0.0,0.32711175,0.758291
9998,29.855507,0.0,22.306776,43.362175,0.00086265884,0.0,0.3692233,0.75830126
9999,46.459263,0.0,14.036527,43.362255,0.0009956947,0.0,0.3259006,0.75831044
