,0,1,2,3,4,5,6,7
0,0.006800937931984663,0.02082870788872242,0.028903487697243692,0.07089164853096008,0.0,0.0718352347612381,0.0,0.282421737909317
1,0.006500162556767464,0.019353290274739265,0.030302184447646142,0.07059114426374435,0.0,0.07185843586921692,0.0,0.2824208438396454
2,0.006669805385172367,0.01975003369152546,0.03176216296851635,0.07155565917491913,0.0,0.07187628746032715,0.0,0.2824207842350006
3,0.006988091021776199,0.0196493212133646,0.029246004670858382,0.07210539132356644,0.0,0.07189886271953583,0.0,0.2824203372001648
4,0.00624751877039671,0.01874156929552555,0.03140156716108322,0.06941036358475686,0.0,0.07191507518291473,0.0,0.28242066502571106
5,0.006481343600898981,0.01900825761258602,0.029578620940446852,0.0707077756524086,0.0,0.07193241268396378,0.0,0.2824196219444275
6,0.006605317536741495,0.02020670548081398,0.029907475411891937,0.06845486313104629,0.0,0.071944460272789,0.0,0.2824179232120514
7,0.006559716630727052,0.018907181173563003,0.031143004819750787,0.06856787949800491,0.0,0.07195430994033813,0.0,0.28241562843322754
8,0.00644368240609765,0.01894432194530964,0.029874099791049956,0.06810555905103684,0.0,0.07195936888456345,0.0,0.2824133634567261
9,0.006526604481041432,0.01963384933769703,0.030446211248636244,0.07140104621648788,0.0,0.07196035981178284,0.0,0.28241175413131714
10,0.00638531818985939,0.01976811923086643,0.029469820857048034,0.06888360530138016,0.0,0.07195780426263809,0.0,0.28241199254989624
11,0.00667238850146532,0.020174698904156685,0.03056490086019039,0.06919067054986953,0.0,0.07195792347192764,0.0,0.2824123501777649
12,0.00662319315597415,0.02022487111389637,0.030463967099785806,0.07085363715887069,0.0,0.0719618946313858,0.0,0.2824130952358246
13,0.006658819783478975,0.020286299660801886,0.029787466675043107,0.06799820512533188,0.0,0.07196743786334991,0.0,0.2824122905731201
14,0.006707336474210024,0.02086728662252426,0.0315002653747797,0.06666939035058021,0.0,0.07197849452495575,0.0,0.28241026401519775
15,0.00655494537204504,0.018918614834547043,0.030674711614847184,0.07035674899816513,0.0,0.07198898494243622,0.0,0.2824072539806366
16,0.006887554656714201,0.019957951456308364,0.029230744764208793,0.07038836181163788,0.0,0.07199819386005402,0.0,0.28240492939949036
17,0.006444976851344109,0.020321733504533767,0.02952669784426689,0.07212727665901184,0.0,0.07200993597507477,0.0,0.2824021875858307
18,0.006663233134895563,0.019408245012164115,0.03258096873760223,0.06797864586114884,0.0,0.07202411442995071,0.0,0.2824014723300934
19,0.006493866629898548,0.019612550362944604,0.030773498117923737,0.07049430459737778,0.0,0.0720447301864624,0.0,0.2824023365974426
20,0.006630067899823189,0.018912073969841004,0.0297406442463398,0.06913018077611924,0.0,0.07206692546606064,0.0,0.28240182995796204
21,0.006207571923732757,0.020886384695768357,0.0295160923153162,0.06860977113246917,0.0,0.0720885619521141,0.0,0.28240054845809937
22,0.006388903968036175,0.01939830295741558,0.0313272524625063,0.07091151773929597,0.0,0.07210983335971832,0.0,0.2823994755744934
23,0.0067947573959827425,0.019437047466635705,0.029766198247671127,0.06483378782868385,0.0,0.07213073968887329,0.0,0.2823988199234009
24,0.006652964744716883,0.018975717946887016,0.030903971567749978,0.06969680935144425,0.0,0.07214240729808807,0.0,0.2823994755744934
25,0.0066604485735297205,0.019680073112249376,0.02981196977198124,0.07185912877321243,0.0,0.0721452459692955,0.0,0.28239893913269043
26,0.006193021684885025,0.018970884010195734,0.031641419231891635,0.07083585858345032,0.0,0.07215205579996109,0.0,0.28239861130714417
27,0.006478489562869072,0.01983834058046341,0.03013444095849991,0.06821027994155884,0.0,0.0721578299999237,0.0,0.28239721059799194
28,0.006518213357776403,0.019124308973550795,0.030869105458259584,0.06898153573274612,0.0,0.07216779887676239,0.0,0.28239673376083374
29,0.006495494116097689,0.019694917276501654,0.029510392993688583,0.07009209245443344,0.0,0.07217951118946075,0.0,0.28239578008651733
30,0.006768676545470953,0.019404837116599082,0.029786549881100653,0.0745105803012848,0.0,0.07218919694423676,0.0,0.28239375352859497
31,0.0067410157062113285,0.019663896411657333,0.029832614585757256,0.07454980313777923,0.0,0.07219774276018143,0.0,0.2823943495750427
32,0.006893398519605398,0.01889336295425892,0.031124212220311163,0.07044080495834351,0.0,0.07220201939344406,0.0,0.2823928892612457
33,0.006572946440428495,0.020387034863233566,0.0301528450101614,0.06748926490545273,0.0,0.0722009539604187,0.0,0.2823922038078308
34,0.006734605319797993,0.01933884471654892,0.030383709445595743,0.07275363504886627,0.0,0.07219482213258743,0.0,0.28239256143569946
35,0.0063564909622073175,0.019811942428350448,0.02980772703886032,0.06688686013221741,0.0,0.07219012081623077,0.0,0.28239303827285767
36,0.006484436616301536,0.018607039004564285,0.030230781063437462,0.07368031591176986,0.0,0.07217921316623688,0.0,0.28239554166793823
37,0.006239091791212559,0.01931895799934864,0.029960285127162933,0.0689971387386322,0.0,0.07216979563236237,0.0,0.282398521900177
38,0.006707141827791929,0.019082726538181306,0.029829974472522735,0.06792683154344559,0.0,0.07215745002031326,0.0,0.28240281343460083
39,0.006474055536091328,0.020022163912653924,0.030863257125020027,0.07106608897447586,0.0,0.07214708626270294,0.0,0.2824075222015381
40,0.006330126244574785,0.01918824464082718,0.027644124627113343,0.06667132452130317,0.0,0.072136789560318,0.0,0.2824130654335022
41,0.00646779565140605,0.019880476221442223,0.03179987147450447,0.07098783105611801,0.0,0.07212905585765839,0.0,0.28241899609565735
42,0.0066790258511900905,0.021182795986533165,0.03011719509959221,0.07332977950572968,0.0,0.07212069630622864,0.0,0.2824215590953827
43,0.006558653898537159,0.01935965269804001,0.030134087800979613,0.06436632424592972,0.0,0.07211555540561676,0.0,0.28242579102516174
44,0.006701324507594109,0.019117947295308114,0.031093333289027213,0.06957264244556427,0.0,0.07210975140333176,0.0,0.2824312150478363
45,0.0062883105129003525,0.018871721252799033,0.029661599546670914,0.06831978410482406,0.0,0.07210306078195572,0.0,0.2824346721172333
46,0.006388093065470457,0.020234214887022973,0.031957312300801274,0.0672960788011551,0.0,0.07208999246358871,0.0,0.28243523836135864
47,0.006609779503196478,0.019382672384381294,0.026787393540143967,0.06948128938674927,0.0,0.07208116352558136,0.0,0.2824360728263855
48,0.006341595761477947,0.019192985072731972,0.02889554239809513,0.06860283017158508,0.0,0.07207751274108887,0.0,0.2824375033378601
49,0.0066630573943257335,0.01978195421397686,0.030443809181451797,0.07086839079856873,0.0,0.0720689594745636,0.0,0.28243881464004517
50,0.006780852098017931,0.020720941945910454,0.02919863611459732,0.07001671195030212,0.0,0.07206106185913086,0.0,0.2824411392211914
51,0.006313179153949022,0.019681436568498613,0.02924429289996624,0.06775943785905839,0.0,0.07205478101968765,0.0,0.2824420630931854
52,0.006774689815938473,0.018943331390619277,0.02968071848154068,0.06883437111973763,0.0,0.07204709202051163,0.0,0.28244009613990784
53,0.006521021295338869,0.01867426186800003,0.03154999054968357,0.07126845121383667,0.0,0.07203671336174011,0.0,0.2824377119541168
54,0.006473224516957999,0.01937190406024456,0.03054528050124645,0.06802256107330322,0.0,0.07202458381652832,0.0,0.28243622183799744
55,0.006720348726958036,0.019722925126552583,0.029642393067479133,0.07110431045293808,0.0,0.07201807200908661,0.0,0.28243497014045715
56,0.006438265275210142,0.020450061187148094,0.030411583557724952,0.06919389367103576,0.0,0.07201246172189713,0.0,0.2824326157569885
57,0.006578459776937962,0.01950189024209976,0.030990726500749587,0.0682947151362896,0.0,0.07200850546360016,0.0,0.28243088722229004
58,0.006215155869722366,0.019657661393284797,0.029289945587515832,0.0702280804514885,0.0,0.07200580835342407,0.0,0.28242701292037964
59,0.006413972564041614,0.020059623941779136,0.03084220215678215,0.07299803793430329,0.0,0.07200079411268234,0.0,0.2824235260486603
60,0.006659228820353746,0.0193485114723444,0.031229442730546,0.06992399394512176,0.0,0.0719994381070137,0.0,0.28242021799087524
61,0.006695750448852777,0.019154314324259757,0.03007642962038517,0.06775059700012206,0.0,0.0719965249300003,0.0,0.2824159860610962
62,0.0064964438788592815,0.01981750875711441,0.03086228221654892,0.07090558558702469,0.0,0.07199377566576004,0.0,0.2824108600616455
63,0.006335899885743857,0.020195619016885758,0.03038693405687809,0.06970658749341965,0.0,0.07198525965213776,0.0,0.2824069857597351
64,0.0064871711656451225,0.018983462080359458,0.028484686836600305,0.07022531554102898,0.0,0.07198283821344376,0.0,0.2824037969112396
65,0.006656383164227009,0.020043515786528587,0.03196924403309822,0.06493337750434876,0.0,0.07198484987020493,0.0,0.2824023365974426
66,0.006659150682389736,0.020487331226468085,0.030155522376298906,0.07017957270145417,0.0,0.071992889046669,0.0,0.28240305185317993
67,0.006529642269015312,0.01879110336303711,0.030277574062347413,0.07044868469238282,0.0,0.07200216501951218,0.0,0.2824070155620575
68,0.006943733152002096,0.020605868101119994,0.029712315648794174,0.06745048239827156,0.0,0.07200782746076584,0.0,0.2824101746082306
69,0.006870943121612072,0.018983036279678345,0.030447603762149812,0.06754996478557587,0.0,0.07201569527387619,0.0,0.2824142873287201
70,0.0066953119821846485,0.02064829245209694,0.03133902922272682,0.06701096892356873,0.0,0.07201868295669556,0.0,0.2824186384677887
71,0.006530370749533177,0.01997598558664322,0.028592055290937425,0.06886194497346879,0.0,0.07201697677373886,0.0,0.28242307901382446
72,0.006683564279228449,0.019716440141201018,0.03145909681916237,0.0705254316329956,0.0,0.07201900333166122,0.0,0.2824237048625946
73,0.0067921563982963565,0.020024467259645462,0.030535875260829924,0.07084783613681793,0.0,0.07202057540416718,0.0,0.28242242336273193
74,0.006677073892205954,0.020482329279184343,0.03288785554468632,0.06842017695307731,0.0,0.07202176004648209,0.0,0.28241977095603943
75,0.0063320442102849485,0.018636449798941614,0.030744418129324914,0.07620671838521957,0.0,0.07202581316232681,0.0,0.28241831064224243
76,0.0064708834514021875,0.020348972454667092,0.029592175781726838,0.06591465249657631,0.0,0.07202402502298355,0.0,0.2824166417121887
77,0.0062831808812916275,0.01975342109799385,0.030522865056991578,0.07097638994455338,0.0,0.07202498614788055,0.0,0.28241491317749023
78,0.006507681775838136,0.018818577006459235,0.031717917323112486,0.06514773219823837,0.0,0.07202575355768204,0.0,0.28241270780563354
79,0.006601660419255495,0.020871589332818984,0.03078221157193184,0.06885137856006622,0.0,0.07202650606632233,0.0,0.2824110984802246
80,0.006601929664611816,0.0193720743060112,0.030631910637021066,0.0681014358997345,0.0,0.07202911376953125,0.0,0.2824098467826843
81,0.00640135733410716,0.01913539245724678,0.02882376275956631,0.07296889126300812,0.0,0.07202579081058502,0.0,0.2824099063873291
82,0.006834995374083519,0.019504575431346892,0.029807210713624955,0.06979502737522125,0.0,0.07202143967151642,0.0,0.28241023421287537
83,0.006279533542692661,0.019448026642203332,0.0298821821808815,0.06792778670787811,0.0,0.07201049476861954,0.0,0.2824099659919739
84,0.0065830727107822895,0.01974073201417923,0.032093945145607,0.06477336138486862,0.0,0.07200053334236145,0.0,0.2824099659919739
85,0.006157868262380362,0.02004825845360756,0.03139188438653946,0.07210269123315811,0.0,0.07199017703533173,0.0,0.2824098765850067
86,0.006335547380149365,0.020105285570025444,0.031914958730340004,0.07091273441910743,0.0,0.07198362052440643,0.0,0.28241029381752014
87,0.0065490718930959705,0.01975685656070709,0.03225505650043488,0.06672263145446777,0.0,0.07197800278663635,0.0,0.28241246938705444
88,0.006014609523117542,0.01877463757991791,0.03163042291998863,0.06716262549161911,0.0,0.07196985930204391,0.0,0.2824127674102783
89,0.006457272823899985,0.020183919370174407,0.030124197155237196,0.0693844199180603,0.0,0.07196509093046188,0.0,0.2824133038520813
90,0.00663714949041605,0.019934029132127763,0.030045290291309357,0.06989824026823044,0.0,0.07195700705051422,0.0,0.28241443634033203
91,0.006797806639224291,0.019370279833674432,0.030233703181147577,0.06661957055330277,0.0,0.07195276021957397,0.0,0.28241533041000366
92,0.006440041400492191,0.019310261681675912,0.031163776665925978,0.07043973505496978,0.0,0.07194453477859497,0.0,0.28241434693336487
93,0.006715298257768154,0.019448212161660195,0.030845289677381517,0.06791178286075591,0.0,0.07193835079669952,0.0,0.28241562843322754
94,0.006870108377188444,0.01928856074810028,0.03030545189976692,0.07057969570159912,0.0,0.07193317264318466,0.0,0.2824161946773529
95,0.006878806557506323,0.02024407982826233,0.028607895970344542,0.07434409856796265,0.0,0.07192650437355042,0.0,0.28241628408432007
96,0.006575073860585689,0.020723438262939452,0.03283020406961441,0.07118777483701706,0.0,0.07191532850265503,0.0,0.28241536021232605
97,0.006769613362848759,0.020722322538495062,0.030320044979453085,0.07078497707843781,0.0,0.07190503925085068,0.0,0.2824150621891022
98,0.006368064414709806,0.01987938992679119,0.030528001487255096,0.0712381735444069,0.0,0.07189108431339264,0.0,0.2824167311191559
99,0.006379222497344017,0.020316151902079582,0.030143458768725394,0.06832756251096725,0.0,0.07187829911708832,0.0,0.28242045640945435
100,0.00670568672940135,0.01943400576710701,0.03150939755141735,0.07207437753677368,0.0,0.07187019288539886,0.0,0.2824222445487976
101,0.006525499280542135,0.020696892961859704,0.029545997455716132,0.06866778433322906,0.0,0.07186242938041687,0.0,0.28242361545562744
102,0.006730978563427925,0.020349737629294394,0.02916365787386894,0.07168866693973541,0.0,0.07185439765453339,0.0,0.2824275493621826
103,0.00661537479609251,0.019979210570454597,0.03124214746057987,0.06658255904912949,0.0,0.07184284180402756,0.0,0.2824336886405945
104,0.006502186786383391,0.019531312584877013,0.03104454055428505,0.06826286166906356,0.0,0.07183287292718887,0.0,0.28244003653526306
105,0.006831323727965355,0.019823215156793594,0.028672604262828826,0.0726100355386734,0.0,0.07181916385889053,0.0,0.28244632482528687
106,0.006661536172032356,0.019737665355205537,0.030942857265472412,0.07184747159481049,0.0,0.071805439889431,0.0,0.2824530005455017
107,0.006701285764575004,0.019892936572432518,0.028827859461307524,0.06572781950235367,0.0,0.07179435342550278,0.0,0.2824607491493225
108,0.006440232787281275,0.01961943507194519,0.028704797849059105,0.07038040310144425,0.0,0.07178784161806107,0.0,0.2824687063694
109,0.006594259105622768,0.019283558428287505,0.029216187447309493,0.07405133545398712,0.0,0.07178057730197906,0.0,0.2824751138687134
110,0.006474512349814177,0.019521745294332503,0.030404333397746085,0.07048693746328354,0.0,0.07178047299385071,0.0,0.2824817895889282
111,0.006848785467445851,0.01947287730872631,0.029241608828306197,0.0738418772816658,0.0,0.07178379595279694,0.0,0.2824854254722595
112,0.006612796243280173,0.019515905529260635,0.033086976036429405,0.06631823629140854,0.0,0.07178421318531036,0.0,0.2824874520301819
113,0.006549669150263071,0.0197366364300251,0.030949429050087927,0.07312712669372559,0.0,0.07178671658039093,0.0,0.28248992562294006
114,0.006334064342081547,0.020439835265278816,0.030229554697871207,0.06661227270960808,0.0,0.07179149240255356,0.0,0.28249290585517883
115,0.0065257130190730095,0.020024618506431578,0.03047710545361042,0.07032513171434403,0.0,0.07179348170757294,0.0,0.28249484300613403
116,0.006764939893037081,0.01956637017428875,0.030224082246422767,0.06919230818748474,0.0,0.07179443538188934,0.0,0.28249913454055786
117,0.0067131051793694494,0.019122240692377092,0.02940282188355923,0.07224417924880981,0.0,0.07179476320743561,0.0,0.28250280022621155
118,0.006412825547158718,0.019342802464962006,0.03022124096751213,0.0698588639497757,0.0,0.0717913955450058,0.0,0.2825062870979309
119,0.006213259883224964,0.019714277237653732,0.03104604072868824,0.07122540026903153,0.0,0.07178924977779388,0.0,0.2825109362602234
120,0.00643137963488698,0.01916075237095356,0.02966715469956398,0.06687954664230347,0.0,0.07178611308336258,0.0,0.2825165390968323
121,0.006604716647416353,0.0191422238945961,0.030461055785417558,0.07006554454565048,0.0,0.07177972048521042,0.0,0.28252261877059937
122,0.006850475445389748,0.019607746601104738,0.028744462132453918,0.06850260645151138,0.0,0.07177097350358963,0.0,0.28252896666526794
123,0.006549092568457126,0.018609550222754477,0.029985738173127174,0.07319529801607132,0.0,0.07176125049591064,0.0,0.28253453969955444
124,0.006683119479566813,0.01959623023867607,0.029334599897265435,0.06679435074329376,0.0,0.07175575196743011,0.0,0.2825401723384857
125,0.006515469402074814,0.01974445767700672,0.030261896550655365,0.06903071627020836,0.0,0.07174713164567947,0.0,0.28254133462905884
126,0.0065825080499053,0.019845062121748924,0.03050816133618355,0.06882760673761368,0.0,0.0717429593205452,0.0,0.2825374901294708
127,0.006377794034779072,0.019139614328742026,0.030511678755283357,0.0699675664305687,0.0,0.07173854857683182,0.0,0.28253206610679626
128,0.006518879253417253,0.019089394062757493,0.030502825602889062,0.07043470442295074,0.0,0.07173414528369904,0.0,0.2825266420841217
129,0.006599395535886288,0.019678160548210144,0.03087998367846012,0.06651678904891015,0.0,0.07172925770282745,0.0,0.28252142667770386
130,0.00653603496029973,0.01952587366104126,0.03324355334043503,0.07090207189321518,0.0,0.07172714918851852,0.0,0.28251761198043823
131,0.00631840955466032,0.01894395463168621,0.030777301639318466,0.06991517841815949,0.0,0.07172884047031403,0.0,0.28251439332962036
132,0.00653823334723711,0.019982177764177322,0.02967761494219303,0.07413460165262223,0.0,0.07172809541225433,0.0,0.28251203894615173
133,0.006141630653291941,0.020158428326249124,0.03193752281367779,0.07142151445150376,0.0,0.0717257633805275,0.0,0.28251105546951294
134,0.006844410859048367,0.019641176238656043,0.030320413410663605,0.06936548948287964,0.0,0.07172361761331558,0.0,0.28251028060913086
135,0.006296497210860253,0.017940647527575494,0.03102380745112896,0.06434203684329987,0.0,0.07171307504177094,0.0,0.28251034021377563
136,0.007032303418964147,0.019710658490657805,0.028269049525260926,0.06637218520045281,0.0,0.07170086354017258,0.0,0.28251102566719055
137,0.006459006108343601,0.019564085081219672,0.0314638614654541,0.07071655988693237,0.0,0.07168526947498322,0.0,0.28251200914382935
138,0.006206533126533032,0.019980641826987267,0.03033192679286003,0.06782091557979583,0.0,0.07167084515094757,0.0,0.28251180052757263
139,0.006670472584664822,0.01897369995713234,0.030009393766522407,0.06600444540381431,0.0,0.07165773212909698,0.0,0.2825116515159607
140,0.0065584232099354265,0.01938847787678242,0.03243895620107651,0.07119430303573608,0.0,0.07164157927036285,0.0,0.28251075744628906
141,0.006137143913656473,0.019709916040301322,0.029819929972290993,0.06734383553266525,0.0,0.07162313163280487,0.0,0.2825082838535309
142,0.006424411851912737,0.020090362057089806,0.03246757574379444,0.07088914513587952,0.0,0.07160472869873047,0.0,0.2825048863887787
143,0.0066959942691028115,0.019875360280275346,0.030544930323958396,0.07154273241758347,0.0,0.07159118354320526,0.0,0.2825000584125519
144,0.006696783937513828,0.019498079270124435,0.031442654132843015,0.06877263039350509,0.0,0.07158472388982773,0.0,0.2824954688549042
145,0.006277093105018139,0.019535817578434943,0.030795734375715256,0.06823205873370171,0.0,0.07157927751541138,0.0,0.28249090909957886
146,0.006252198945730925,0.019736258685588835,0.03068789206445217,0.06983323991298676,0.0,0.07157083600759506,0.0,0.2824849486351013
147,0.006729627028107643,0.018962887302041053,0.03052370622754097,0.0689535915851593,0.0,0.07156260311603546,0.0,0.2824798822402954
148,0.006928440742194652,0.0203034583479166,0.028471817076206208,0.06696479618549347,0.0,0.07155584543943405,0.0,0.28247740864753723
149,0.006314806360751391,0.019839724525809288,0.026938673481345175,0.064965008944273,0.0,0.0715465173125267,0.0,0.28247493505477905
150,0.0067722013220191,0.019610007852315904,0.030668671429157256,0.06780403852462769,0.0,0.0715351328253746,0.0,0.2824723720550537
151,0.006543252430856228,0.019171960651874542,0.028431998938322066,0.06641047969460487,0.0,0.07152329385280609,0.0,0.2824699580669403
152,0.006749951746314764,0.02028824798762798,0.030072297900915146,0.06613562107086182,0.0,0.07150812447071075,0.0,0.28246909379959106
153,0.006548695638775826,0.02038966827094555,0.030505839735269547,0.06712838262319565,0.0,0.07148848474025726,0.0,0.2824665606021881
154,0.007013406790792942,0.019647568836808203,0.030233186855912208,0.0701124608516693,0.0,0.07147402316331863,0.0,0.2824651002883911
155,0.006597479060292244,0.01951757036149502,0.029433530196547507,0.07040423154830933,0.0,0.07145671546459198,0.0,0.28246423602104187
156,0.006583881750702858,0.019695495069026948,0.03089749738574028,0.0707672044634819,0.0,0.07143920660018921,0.0,0.2824645936489105
157,0.0067547067999839784,0.01978791654109955,0.03144225962460041,0.06953244805335998,0.0,0.07141976058483124,0.0,0.2824627459049225
158,0.0066468830220401285,0.019021014869213104,0.03171393163502216,0.06605657860636711,0.0,0.07140134274959564,0.0,0.2824609875679016
159,0.006532248295843601,0.020599007979035376,0.030232326313853263,0.07120078653097153,0.0,0.07138180732727051,0.0,0.2824583947658539
160,0.006515786796808243,0.019632060453295706,0.028696097433567047,0.06837356612086296,0.0,0.07137184590101242,0.0,0.28245458006858826
161,0.00684414329007268,0.01919836476445198,0.029782480746507644,0.06825038492679596,0.0,0.07136110216379166,0.0,0.2824500799179077
162,0.006619116012006998,0.019546497613191605,0.030592593550682067,0.0767475962638855,0.0,0.07135214656591415,0.0,0.2824452519416809
163,0.006299232691526413,0.019847599789500237,0.02952483706176281,0.0699977457523346,0.0,0.07134326547384262,0.0,0.2824419140815735
164,0.0068485414609313015,0.020690499991178512,0.0313054446130991,0.07075366154313087,0.0,0.07133638113737106,0.0,0.28243836760520935
165,0.0066446647979319096,0.01878165788948536,0.029781197011470795,0.06568743884563447,0.0,0.07133550196886063,0.0,0.28243398666381836
166,0.0065199161879718305,0.020426884666085242,0.030781884491443635,0.06923777759075164,0.0,0.07133559137582779,0.0,0.2824302613735199
167,0.0062009553425014016,0.019869859516620635,0.030883722007274628,0.06628822609782219,0.0,0.07133200764656067,0.0,0.28242698311805725
168,0.006709589157253504,0.0197641558945179,0.029985206574201582,0.06905975565314293,0.0,0.07132695615291595,0.0,0.28242501616477966
169,0.006903477478772402,0.01962037421762943,0.02980215810239315,0.06573365479707718,0.0,0.07132358849048615,0.0,0.28242477774620056
170,0.006678016670048237,0.02001333050429821,0.029726926982402802,0.06826621145009995,0.0,0.07131785154342651,0.0,0.2824265658855438
171,0.006415009219199419,0.01961310990154743,0.029896223917603493,0.06397755220532417,0.0,0.0713103860616684,0.0,0.2824285626411438
172,0.006222869642078877,0.019947541132569312,0.028865479677915574,0.07118609845638275,0.0,0.07130435109138489,0.0,0.2824314534664154
173,0.00605301670730114,0.01936983913183212,0.03031453751027584,0.07061956524848938,0.0,0.07129596173763275,0.0,0.282435804605484
174,0.006522686220705509,0.019690639153122903,0.029330384358763693,0.06538309454917908,0.0,0.07129216939210892,0.0,0.282439649105072
175,0.007035405375063419,0.019596656039357185,0.03097488358616829,0.07185508534312249,0.0,0.07128673791885376,0.0,0.28244298696517944
176,0.00631463648751378,0.020156252011656762,0.030897223204374314,0.06964420974254608,0.0,0.07128740102052689,0.0,0.28244665265083313
177,0.006599044427275658,0.019977011531591416,0.030113524943590163,0.06813397631049156,0.0,0.07129062712192535,0.0,0.2824486792087555
178,0.006471085920929908,0.018828050419688224,0.0313262764364481,0.07150298804044723,0.0,0.07129372656345367,0.0,0.2824488580226898
179,0.006504699122160673,0.019795673340559004,0.02890942245721817,0.06800087168812752,0.0,0.07129299640655518,0.0,0.2824498116970062
180,0.006181215401738882,0.019168108329176904,0.03292988799512386,0.0727311760187149,0.0,0.07128998637199402,0.0,0.2824505567550659
181,0.006793408468365669,0.01945815309882164,0.03116562031209469,0.06772722452878951,0.0,0.0712910145521164,0.0,0.28245049715042114
182,0.006659665051847697,0.019191646203398704,0.03183896169066429,0.07131667137145996,0.0,0.07129129022359848,0.0,0.28244948387145996
183,0.006533999647945166,0.019145561382174492,0.031357929855585095,0.06758474409580231,0.0,0.0712943822145462,0.0,0.2824482023715973
184,0.006434253510087728,0.019140761718153952,0.03138072229921818,0.07131585627794265,0.0,0.0712989941239357,0.0,0.28244826197624207
185,0.006613221112638712,0.019018319249153138,0.028114522248506545,0.07127240747213363,0.0,0.07130297273397446,0.0,0.282450407743454
186,0.006932844035327434,0.019997218251228334,0.029258424788713454,0.07353254854679107,0.0,0.07130897045135498,0.0,0.28245264291763306
187,0.006397360656410456,0.0193943340331316,0.030912528559565545,0.06942252665758133,0.0,0.07131948322057724,0.0,0.2824540138244629
188,0.006513570994138717,0.018541689589619638,0.030924494564533233,0.07218347489833832,0.0,0.07133475691080093,0.0,0.28245407342910767
189,0.006546170357614756,0.020061778649687768,0.03104286380112171,0.06944828033447266,0.0,0.07135108858346939,0.0,0.2824518084526062
190,0.006585106812417507,0.01874024569988251,0.03005499914288521,0.07359251379966736,0.0,0.0713665708899498,0.0,0.2824496030807495
191,0.006650748662650585,0.02062971144914627,0.030561549216508867,0.06876185983419418,0.0,0.0713760033249855,0.0,0.2824476957321167
192,0.006677623651921749,0.02051554247736931,0.030776367336511613,0.06897940337657929,0.0,0.07139108330011368,0.0,0.2824471890926361
193,0.006270397733896971,0.020652081817388535,0.03329851776361466,0.07082407474517823,0.0,0.07140643149614334,0.0,0.2824462950229645
194,0.00666135847568512,0.019203104823827744,0.03139544203877449,0.06794345974922181,0.0,0.0714237317442894,0.0,0.2824435830116272
195,0.006241363566368818,0.01984245590865612,0.03311495184898376,0.07089080661535263,0.0,0.07143785059452057,0.0,0.28244131803512573
196,0.006324087642133236,0.020100853592157363,0.02934783510863781,0.07076830044388771,0.0,0.07144881784915924,0.0,0.2824416756629944
197,0.006705679185688496,0.019501230120658873,0.029204840958118438,0.06740060448646545,0.0,0.07146243751049042,0.0,0.28243887424468994
198,0.006481061037629843,0.019943128526210784,0.030756451189517975,0.07132006883621216,0.0,0.07147789001464844,0.0,0.2824353277683258
199,0.006444767862558365,0.019138140976428984,0.030852460116147996,0.0694790929555893,0.0,0.07149218022823334,0.0,0.28243231773376465
200,0.006540209054946899,0.019257120415568353,0.030052318051457406,0.07255500555038452,0.0,0.07150725275278091,0.0,0.2824298143386841
201,0.00683648344129324,0.01925124302506447,0.029638220742344856,0.07105869203805923,0.0,0.07151445746421814,0.0,0.28242844343185425
202,0.006523464992642403,0.019460884854197502,0.030258097872138023,0.06951477080583572,0.0,0.0715225338935852,0.0,0.28242605924606323
203,0.0061834358610212805,0.019977208599448203,0.031230790168046953,0.0723140761256218,0.0,0.07152611017227173,0.0,0.2824223041534424
204,0.006177983433008194,0.020723437517881395,0.029461120814085008,0.07278820276260375,0.0,0.07153163850307465,0.0,0.2824215292930603
205,0.006686641089618206,0.02042403891682625,0.03048517219722271,0.06924960017204285,0.0,0.07153359800577164,0.0,0.28242117166519165
206,0.0067835069261491295,0.019804183393716812,0.031349490582942965,0.06954287439584732,0.0,0.07153423130512238,0.0,0.2824195921421051
207,0.006708406005054712,0.020640114694833754,0.029905517026782034,0.06867730915546418,0.0,0.07153530418872833,0.0,0.28241854906082153
208,0.006474154163151979,0.019116611778736116,0.02943810634315014,0.0708103358745575,0.0,0.07154156267642975,0.0,0.28241556882858276
209,0.006812994927167892,0.019882484897971155,0.02968557961285114,0.07001049071550369,0.0,0.0715472400188446,0.0,0.2824145257472992
210,0.006920489389449358,0.01948297433555126,0.02900499999523163,0.07433968409895897,0.0,0.0715545192360878,0.0,0.28241363167762756
211,0.00689363032579422,0.020004305243492126,0.030556778982281686,0.07158372104167939,0.0,0.07156529277563095,0.0,0.2824144959449768
212,0.006251308228820562,0.01955133266746998,0.03144398257136345,0.06832281351089478,0.0,0.07157380878925323,0.0,0.28241482377052307
213,0.006148683466017246,0.018672877922654152,0.029806428402662278,0.06773935556411743,0.0,0.0715765729546547,0.0,0.2824137210845947
214,0.006538324616849422,0.020170620083808898,0.03093896172940731,0.0717017650604248,0.0,0.07158125936985016,0.0,0.28241437673568726
215,0.006349026504904032,0.01928885988891125,0.030574078485369683,0.0701528437435627,0.0,0.07158952951431274,0.0,0.2824136018753052
216,0.006897370703518391,0.019915495440363883,0.02933654375374317,0.07088800370693207,0.0,0.0715922862291336,0.0,0.28241249918937683
217,0.006470433622598648,0.019178368151187897,0.029691026359796525,0.06689709573984146,0.0,0.07158846408128738,0.0,0.2824130654335022
218,0.006527780834585428,0.020625517517328263,0.0316104993224144,0.06808996498584748,0.0,0.0715823620557785,0.0,0.28241339325904846
219,0.006437690369784832,0.019323791190981866,0.028971757739782333,0.06908859759569168,0.0,0.07157637923955917,0.0,0.2824135422706604
220,0.00641894256696105,0.020245809108018875,0.030578843131661416,0.06954558491706848,0.0,0.07157103717327118,0.0,0.2824150323867798
221,0.006468962598592043,0.01929616406559944,0.029933593049645425,0.0694383829832077,0.0,0.07156233489513397,0.0,0.2824152410030365
222,0.006635412201285362,0.01919819414615631,0.029881879314780237,0.067613023519516,0.0,0.07155348360538483,0.0,0.28241458535194397
223,0.006213171593844891,0.019672486558556558,0.03273952677845955,0.06639865785837173,0.0,0.07154394686222076,0.0,0.28241413831710815
224,0.006395533960312605,0.019519207999110222,0.029311776533722876,0.07164321839809418,0.0,0.07153342664241791,0.0,0.2824118435382843
225,0.0061452814377844335,0.018697457015514375,0.02732109874486923,0.06683693975210189,0.0,0.07152609527111053,0.0,0.2824098467826843
226,0.006386060640215874,0.019937726855278014,0.03019302003085613,0.0724929466843605,0.0,0.07151627540588379,0.0,0.2824101448059082
227,0.006474598031491041,0.019638345390558243,0.0297188475728035,0.07488770633935929,0.0,0.0715051144361496,0.0,0.28241175413131714
228,0.006720576528459787,0.018982723727822302,0.031783371791243555,0.06911672055721282,0.0,0.07149013876914978,0.0,0.2824140787124634
229,0.006422610767185688,0.019816914945840834,0.02946290671825409,0.06762840747833251,0.0,0.07147316634654999,0.0,0.28241658210754395
230,0.006290868762880564,0.019627831131219863,0.030354724451899528,0.06820943802595139,0.0,0.07146395742893219,0.0,0.28241872787475586
231,0.006403567735105753,0.019247210770845413,0.030665966868400573,0.06800820529460908,0.0,0.07145901024341583,0.0,0.28242093324661255
232,0.006517685763537884,0.019743386283516885,0.03062252327799797,0.06922494620084763,0.0,0.07145364582538605,0.0,0.2824212908744812
233,0.006358452513813973,0.019594845548272132,0.03170776218175888,0.07248496562242508,0.0,0.07144849002361298,0.0,0.2824217677116394
234,0.00646016476675868,0.018593050166964532,0.029583508148789406,0.06831344738602638,0.0,0.07144542038440704,0.0,0.28242215514183044
235,0.006379353534430266,0.01976465918123722,0.030028603971004486,0.0707797259092331,0.0,0.07144336402416229,0.0,0.28242284059524536
236,0.006353404372930527,0.020140476524829865,0.030202857777476312,0.07137393057346345,0.0,0.0714348703622818,0.0,0.28242358565330505
237,0.0065959936939179896,0.020319370180368425,0.030087248608469962,0.07115915864706039,0.0,0.07142458856105804,0.0,0.282425194978714
238,0.006581571046262979,0.01889561451971531,0.03130154199898243,0.06843595057725907,0.0,0.07141492515802383,0.0,0.2824261486530304
239,0.006454053428024053,0.018706077709794044,0.033012456446886065,0.0715020053088665,0.0,0.0714060515165329,0.0,0.2824271321296692
240,0.006746529508382082,0.018815626949071886,0.03093668483197689,0.06907025277614594,0.0,0.07140027731657028,0.0,0.28242895007133484
241,0.006528343725949526,0.01999676451086998,0.03162222690880299,0.0698913961648941,0.0,0.07138938456773758,0.0,0.2824293076992035
242,0.0065025026910007,0.01930454634130001,0.03129664994776249,0.07068393379449844,0.0,0.07137735933065414,0.0,0.2824283242225647
243,0.0063957637175917625,0.019971369951963424,0.03150305300951004,0.07067254930734634,0.0,0.0713665708899498,0.0,0.2824278771877289
244,0.006987970881164074,0.019833695888519288,0.032041138410568236,0.06988162249326706,0.0,0.07135666906833649,0.0,0.2824280560016632
245,0.006634874921292067,0.02060897946357727,0.03040248788893223,0.0687703862786293,0.0,0.07134581357240677,0.0,0.28242599964141846
246,0.0063927177339792255,0.019047584384679794,0.03130940198898315,0.0700935296714306,0.0,0.0713411495089531,0.0,0.282423198223114
247,0.00669240653514862,0.021158549934625626,0.03003353700041771,0.07026415467262268,0.0,0.07133837789297104,0.0,0.2824200391769409
248,0.006827260367572308,0.019017528742551804,0.033161256834864615,0.06871172860264778,0.0,0.07134260982275009,0.0,0.2824161648750305
249,0.006943387258797884,0.020479573309421538,0.028912700340151788,0.06751645281910897,0.0,0.07134169340133667,0.0,0.2824132442474365
250,0.006640831381082535,0.019671033695340158,0.0313153799623251,0.06970488280057907,0.0,0.07134586572647095,0.0,0.28241071105003357
251,0.006384937930852175,0.019521927833557128,0.029227788001298903,0.06681133285164834,0.0,0.07135085761547089,0.0,0.2824092209339142
252,0.006542895548045635,0.02011229619383812,0.029860782995820047,0.07159880250692367,0.0,0.07135546207427979,0.0,0.28240805864334106
253,0.006880717910826206,0.020429149270057678,0.030601462721824645,0.07098712772130966,0.0,0.07135628163814545,0.0,0.28240811824798584
254,0.006782146356999874,0.01971152573823929,0.029100544378161432,0.0674452766776085,0.0,0.07135555893182755,0.0,0.282409131526947
255,0.006481038965284824,0.020018814504146575,0.029849311336874962,0.07013735845685005,0.0,0.07135380804538727,0.0,0.2824119031429291
256,0.006653689686208964,0.019883134588599204,0.03139677569270134,0.06880026906728745,0.0,0.07134746015071869,0.0,0.2824166417121887
257,0.006313295662403106,0.019987603649497032,0.030362522602081297,0.0665602445602417,0.0,0.07134635746479034,0.0,0.2824205458164215
258,0.0064815239980816845,0.019633929058909417,0.028554857522249222,0.06571329534053802,0.0,0.07134952396154404,0.0,0.2824259102344513
259,0.006299255043268203,0.020304572954773902,0.030034179612994195,0.07010636180639267,0.0,0.07135672867298126,0.0,0.28243282437324524
260,0.0064820111729204655,0.01986997090280056,0.02914711907505989,0.07023011893033981,0.0,0.07136120647192001,0.0,0.2824367582798004
261,0.006531693506985903,0.019593480974435806,0.030229842662811278,0.07247909903526306,0.0,0.07136236876249313,0.0,0.2824366092681885
262,0.006692455336451531,0.019024579599499703,0.029462982341647147,0.06763915121555328,0.0,0.07136165350675583,0.0,0.2824361324310303
263,0.006292402371764183,0.01835201419889927,0.031612704321742055,0.06893396973609925,0.0,0.07135676592588425,0.0,0.28243476152420044
264,0.006531663145869971,0.019136084243655205,0.03254807814955711,0.06766274645924568,0.0,0.07135452330112457,0.0,0.2824324667453766
265,0.0067359344102442265,0.020268022641539575,0.031583521515131,0.07124807685613632,0.0,0.07135289162397385,0.0,0.28243109583854675
266,0.006744287628680468,0.02015986405313015,0.03168605118989944,0.07081315517425538,0.0,0.07135466486215591,0.0,0.2824276089668274
267,0.006550103332847357,0.01969944089651108,0.030300632864236832,0.07092373743653298,0.0,0.07135814428329468,0.0,0.2824243903160095
268,0.006523917242884636,0.020465094596147537,0.028061949461698533,0.06767300963401794,0.0,0.07136401534080505,0.0,0.2824227213859558
269,0.006448566168546677,0.01978648565709591,0.031048959866166116,0.06706679686903953,0.0,0.0713772103190422,0.0,0.28242236375808716
270,0.006804561056196689,0.019285101816058157,0.028242748603224753,0.0665167935192585,0.0,0.07138577103614807,0.0,0.28242284059524536
271,0.006557581387460232,0.019840657711029053,0.03053961731493473,0.06856749951839447,0.0,0.0713949128985405,0.0,0.28242412209510803
272,0.0067591995000839235,0.020498110726475716,0.030375700443983078,0.06902983263134957,0.0,0.07140348851680756,0.0,0.28242558240890503
273,0.006224891636520624,0.018447563424706458,0.029845608025789262,0.07185136079788208,0.0,0.07141576707363129,0.0,0.28242701292037964
274,0.006662394851446152,0.019528340175747873,0.02956436015665531,0.0698889322578907,0.0,0.07141910493373871,0.0,0.28242889046669006
275,0.006598654948174953,0.01954013779759407,0.028947797790169715,0.07441283911466598,0.0,0.07141949236392975,0.0,0.28243017196655273
276,0.0067281370982527735,0.019115499407052993,0.03164447769522667,0.07110940068960189,0.0,0.07141945511102676,0.0,0.28242960572242737
277,0.0066423570737242695,0.02053644135594368,0.030791182443499564,0.0674947589635849,0.0,0.07142221927642822,0.0,0.2824271619319916
278,0.00686694560572505,0.020074819400906562,0.03051568567752838,0.06763639822602271,0.0,0.07141917943954468,0.0,0.2824234068393707
279,0.006596761383116245,0.01994011178612709,0.03181353583931923,0.07147804200649262,0.0,0.071417436003685,0.0,0.28242063522338867
280,0.006802047602832317,0.019482582807540894,0.029974699765443803,0.07138135582208634,0.0,0.07141581922769547,0.0,0.2824194133281708
281,0.006553945131599903,0.01912478432059288,0.0306764118373394,0.06906364113092422,0.0,0.07141245901584625,0.0,0.2824194133281708
282,0.006388491485267878,0.02024891823530197,0.028972645848989488,0.07121109217405319,0.0,0.07140772044658661,0.0,0.28241899609565735
283,0.006693387776613236,0.02012587562203407,0.029036524891853332,0.07134745866060258,0.0,0.07139907777309418,0.0,0.28242069482803345
284,0.006601402815431356,0.019345542415976524,0.029074134677648543,0.06824677139520645,0.0,0.07139109075069427,0.0,0.2824224531650543
285,0.0066972319968044754,0.019783002510666847,0.03049268275499344,0.06732369512319565,0.0,0.07138169556856155,0.0,0.2824249565601349
286,0.006613805517554283,0.019133289530873298,0.03088044933974743,0.07054579854011536,0.0,0.07137420028448105,0.0,0.2824261784553528
287,0.0066286221146583555,0.020508702471852304,0.029508204758167268,0.07084347158670426,0.0,0.07136764377355576,0.0,0.2824285924434662
288,0.006456222571432591,0.019686925411224365,0.02892334759235382,0.0688169278204441,0.0,0.07136233150959015,0.0,0.2824312150478363
289,0.006388790253549814,0.020054757595062256,0.03065565899014473,0.06976046636700631,0.0,0.07135453075170517,0.0,0.28243309259414673
290,0.00633163396269083,0.020114215463399886,0.03109195753931999,0.07283554002642631,0.0,0.07134788483381271,0.0,0.28243356943130493
291,0.006173662468791008,0.019206194579601286,0.02916966788470745,0.06744121611118317,0.0,0.07134103029966354,0.0,0.282435804605484
292,0.0065527443774044515,0.019974782317876815,0.03076115921139717,0.06941844224929809,0.0,0.07133591920137405,0.0,0.28243711590766907
293,0.006842027697712183,0.020124217495322227,0.031458330899477006,0.07313789129257202,0.0,0.07133553922176361,0.0,0.28243693709373474
294,0.006372714880853891,0.019641488790512085,0.031116603687405587,0.06536544561386108,0.0,0.07133875042200089,0.0,0.2824353873729706
295,0.006815260834991932,0.020048853382468222,0.03170786947011948,0.0701771393418312,0.0,0.0713445395231247,0.0,0.28243404626846313
296,0.006427616346627474,0.01938747875392437,0.03110353760421276,0.07396054565906525,0.0,0.07135467976331711,0.0,0.2824312746524811
297,0.006154937110841275,0.019027210026979446,0.030520642176270485,0.06532070189714431,0.0,0.0713634118437767,0.0,0.28242719173431396
298,0.0069273730739951135,0.020313338190317155,0.028285396844148637,0.06922332122921944,0.0,0.07137551158666611,0.0,0.28242096304893494
299,0.006355786323547363,0.019155286252498627,0.028106510639190674,0.06759419441223144,0.0,0.07138993591070175,0.0,0.28241556882858276
300,0.006458079908043146,0.019342054799199104,0.028254771232604982,0.06798227429389954,0.0,0.07139872759580612,0.0,0.2824116349220276
301,0.0068013988435268406,0.020156701281666755,0.02886171266436577,0.06826929748058319,0.0,0.0714116021990776,0.0,0.282408744096756
302,0.006199284177273512,0.019783877208828925,0.03325030468404293,0.06693139970302582,0.0,0.07142419368028641,0.0,0.28240564465522766
303,0.006431244313716888,0.019423735328018665,0.03023139722645283,0.06804720610380173,0.0,0.07144074887037277,0.0,0.2824023365974426
304,0.006483354698866605,0.019062987342476845,0.030142917484045028,0.07427403181791306,0.0,0.0714525431394577,0.0,0.2824004292488098
305,0.006658309418708086,0.01961977742612362,0.02978733740746975,0.06629790812730789,0.0,0.07145928591489792,0.0,0.28239789605140686
306,0.006659977696835994,0.019957605749368668,0.028546203672885895,0.06522397398948669,0.0,0.07146678119897842,0.0,0.2823941707611084
307,0.00657662758603692,0.019594474881887435,0.03150650039315224,0.07100077271461487,0.0,0.07147365808486938,0.0,0.282390296459198
308,0.0067781200632452965,0.01978140138089657,0.030520132184028624,0.07170856148004531,0.0,0.0714750811457634,0.0,0.2823871374130249
309,0.006705990806221962,0.01975264772772789,0.02983326353132725,0.06782094687223435,0.0,0.07147356122732162,0.0,0.28238511085510254
310,0.00689465319737792,0.019766077399253845,0.030787482857704163,0.0723097026348114,0.0,0.071468785405159,0.0,0.28238269686698914
311,0.006946054752916098,0.019601180404424667,0.03029068447649479,0.07431243807077408,0.0,0.07146305590867996,0.0,0.2823822498321533
312,0.0068072197958827015,0.019982324540615083,0.029233400151133536,0.07114382684230805,0.0,0.07146042585372925,0.0,0.28238099813461304
313,0.0066316317766904834,0.01968464143574238,0.0313540231436491,0.0723018541932106,0.0,0.07145678997039795,0.0,0.28237849473953247
314,0.0064439973793923855,0.020816994830965996,0.029730626195669175,0.07144111841917038,0.0,0.0714578703045845,0.0,0.28237634897232056
315,0.006874675024300813,0.020557838678359985,0.030887701734900474,0.07133036404848099,0.0,0.07145453989505768,0.0,0.2823735773563385
316,0.006518260482698679,0.01990313157439232,0.02851148396730423,0.06916324347257614,0.0,0.07144825905561447,0.0,0.2823733687400818
317,0.006777385808527469,0.01911940984427929,0.02989298738539219,0.06871388405561447,0.0,0.07144200801849365,0.0,0.2823733687400818
318,0.006527564767748117,0.020569539815187454,0.030015962198376656,0.06901624202728271,0.0,0.07143208384513855,0.0,0.2823740839958191
319,0.006135209929198027,0.019341835007071494,0.03032500743865967,0.06827725619077682,0.0,0.07142555713653564,0.0,0.2823754549026489
320,0.0062680401839315895,0.020440563187003137,0.03081551641225815,0.06999406218528748,0.0,0.07141869515180588,0.0,0.2823770344257355
321,0.006797868758440018,0.01943321041762829,0.029321721568703652,0.06878077685832977,0.0,0.07141703367233276,0.0,0.282379150390625
322,0.0066983881406486034,0.019577819481492044,0.029993823170661925,0.0649751640856266,0.0,0.07141653448343277,0.0,0.282380074262619
323,0.00618961276486516,0.019635073840618134,0.029955274239182473,0.06854284852743149,0.0,0.07141505181789398,0.0,0.28238189220428467
324,0.006131174322217703,0.01983848214149475,0.03212766349315643,0.06793739795684814,0.0,0.071408212184906,0.0,0.28238481283187866
325,0.006383999902755022,0.019162539020180704,0.03146824426949024,0.07054324895143509,0.0,0.07140253484249115,0.0,0.28238898515701294
326,0.00676995450630784,0.019979220256209372,0.02925167940557003,0.06986708641052246,0.0,0.07139572501182556,0.0,0.2823928892612457
327,0.006690936256200075,0.020165837928652765,0.029332464933395384,0.06679287850856781,0.0,0.07139131426811218,0.0,0.2823953628540039
328,0.006559564918279648,0.01998576559126377,0.02895062044262886,0.07119871079921722,0.0,0.07138615101575851,0.0,0.2823978066444397
329,0.006908230390399695,0.02032470442354679,0.03035707548260689,0.07044782489538193,0.0,0.07138322293758392,0.0,0.28239765763282776
330,0.006564016919583082,0.019234244152903555,0.029255820065736772,0.07343280464410781,0.0,0.07138202339410782,0.0,0.2823975682258606
331,0.006143051479011774,0.019191837310791014,0.03163005672395229,0.07264600843191146,0.0,0.07137875258922577,0.0,0.28239724040031433
332,0.006358556728810072,0.019661157205700875,0.027555493637919426,0.06653803288936615,0.0,0.07137219607830048,0.0,0.2823977768421173
333,0.006234296876937151,0.020018548518419266,0.0299285888671875,0.06522671580314636,0.0,0.07136605679988861,0.0,0.2823954224586487
334,0.0064586599357426165,0.020219439640641212,0.0315952830016613,0.06831791698932647,0.0,0.0713575929403305,0.0,0.2823963463306427
335,0.006734729371964931,0.019176999107003212,0.03177554272115231,0.07129007577896118,0.0,0.07134737074375153,0.0,0.2823987603187561
336,0.005979445111006498,0.020300707221031188,0.029524292051792144,0.06492011696100235,0.0,0.07133426517248154,0.0,0.28240180015563965
337,0.006687748152762652,0.019485611468553543,0.031091075018048288,0.06843226328492165,0.0,0.07132171094417572,0.0,0.2824038863182068
338,0.006426614243537188,0.019402627646923066,0.031509581953287125,0.0688273549079895,0.0,0.07131030410528183,0.0,0.282405287027359
339,0.006730124540627003,0.01995233856141567,0.02929095774888992,0.06765383630990982,0.0,0.07130172848701477,0.0,0.28240543603897095
340,0.007199485134333372,0.019334889203310012,0.029549840465188028,0.06684258580207825,0.0,0.07129089534282684,0.0,0.28240495920181274
341,0.007234272826462984,0.020187598839402198,0.030061016231775282,0.06920876055955887,0.0,0.0712776929140091,0.0,0.2824023962020874
342,0.00664574271067977,0.019560981541872025,0.030762039497494696,0.07275660932064057,0.0,0.07126905024051666,0.0,0.2823980748653412
343,0.006451807171106339,0.019413455948233606,0.030211453884840013,0.06745797693729401,0.0,0.07126351445913315,0.0,0.2823949456214905
344,0.0060781329870223996,0.018835640326142312,0.03037317842245102,0.06963378190994263,0.0,0.07125821709632874,0.0,0.28239256143569946
345,0.00659627029672265,0.019431693479418755,0.03235260359942913,0.0681565061211586,0.0,0.0712527185678482,0.0,0.2823907136917114
346,0.006204501260071993,0.019691943749785425,0.030463644489645957,0.06866708025336266,0.0,0.07124777883291245,0.0,0.28238680958747864
347,0.006590714305639267,0.019675548374652862,0.03120001181960106,0.07206358015537262,0.0,0.07125290483236313,0.0,0.28238382935523987
348,0.006625028606504202,0.01938750147819519,0.02928472012281418,0.06911098062992097,0.0,0.07126004993915558,0.0,0.2823835611343384
349,0.006714809779077768,0.019372887164354324,0.03049943931400776,0.06905301064252853,0.0,0.07126043736934662,0.0,0.28238382935523987
350,0.006708530057221651,0.01898841969668865,0.03148363493382931,0.0662596009671688,0.0,0.07126326858997345,0.0,0.2823851406574249
351,0.006507215183228254,0.020057345181703566,0.030182474479079246,0.06898794025182724,0.0,0.07126352190971375,0.0,0.2823846638202667
352,0.00648353025317192,0.0202060054987669,0.02957809641957283,0.06749153956770897,0.0,0.07126455008983612,0.0,0.28238701820373535
353,0.006292262300848961,0.01932596229016781,0.0319919764995575,0.07293838560581208,0.0,0.07126377522945404,0.0,0.28238871693611145
354,0.00693309661000967,0.020957942679524423,0.029999729245901108,0.07052751779556274,0.0,0.07126230001449585,0.0,0.2823891043663025
355,0.006373602617532015,0.01929672546684742,0.029251959547400473,0.06677155494689942,0.0,0.07125985622406006,0.0,0.28239113092422485
356,0.006722694449126721,0.02011434771120548,0.03023637905716896,0.06678842455148697,0.0,0.07125671952962875,0.0,0.28239455819129944
357,0.006515449099242687,0.019570071995258332,0.028712205216288568,0.06891359984874726,0.0,0.0712590143084526,0.0,0.2823980450630188
358,0.006659171916544438,0.020132065936923026,0.03228393234312534,0.06803941428661346,0.0,0.07126417756080627,0.0,0.2824002802371979
359,0.0065551760606467726,0.018764821439981462,0.029164901375770567,0.06758764684200287,0.0,0.07126668095588684,0.0,0.28240054845809937
360,0.006919257063418627,0.01954941973090172,0.029674410074949264,0.0680863693356514,0.0,0.07126873731613159,0.0,0.28240132331848145
361,0.006332617998123169,0.01959167867898941,0.028557927161455155,0.07595409154891967,0.0,0.0712689533829689,0.0,0.282400906085968
362,0.0067804367281496525,0.01963571086525917,0.031019210070371627,0.07125618159770966,0.0,0.07127303630113602,0.0,0.28239884972572327
363,0.006373979896306991,0.020331693068146705,0.02903176061809063,0.07260477691888809,0.0,0.0712730884552002,0.0,0.28240078687667847
364,0.006292411405593157,0.01911512091755867,0.030278784036636353,0.07015369310975075,0.0,0.07127626240253448,0.0,0.2824034094810486
365,0.00682468619197607,0.020314278453588484,0.03048963025212288,0.07015232890844345,0.0,0.0712752565741539,0.0,0.28240594267845154
366,0.006522333715111017,0.01978084594011307,0.030743250623345375,0.06669969782233238,0.0,0.07127846777439117,0.0,0.28240838646888733
367,0.00644069230183959,0.018941713869571684,0.02818027473986149,0.06852647662162781,0.0,0.07127463817596436,0.0,0.28241056203842163
368,0.006904253829270601,0.019842463359236718,0.027942855656147004,0.07064242288470268,0.0,0.0712762326002121,0.0,0.28241294622421265
369,0.006517390720546246,0.020239179208874702,0.03129476681351662,0.06732228100299835,0.0,0.07127930223941803,0.0,0.28241556882858276
370,0.006866201478987932,0.01938183158636093,0.02992723174393177,0.07068068385124207,0.0,0.07127983868122101,0.0,0.2824175953865051
371,0.006324122380465269,0.01959884576499462,0.029267920926213265,0.06836137622594833,0.0,0.07127619534730911,0.0,0.28241977095603943
372,0.006495422683656216,0.01947154141962528,0.029570417106151582,0.06811867654323578,0.0,0.0712713822722435,0.0,0.28242141008377075
373,0.006522288173437118,0.019610105082392693,0.029254895448684693,0.07428779155015945,0.0,0.07126550376415253,0.0,0.28242355585098267
374,0.006163670960813761,0.020491158962249754,0.029894499480724333,0.07264530658721924,0.0,0.07125856727361679,0.0,0.28242385387420654
375,0.006903707142919302,0.019910507649183274,0.029919035732746124,0.06983431801199913,0.0,0.07125042378902435,0.0,0.28242748975753784
376,0.006722517590969801,0.019554973021149634,0.030310438945889473,0.06801131218671799,0.0,0.07124270498752594,0.0,0.28243187069892883
377,0.00683350944891572,0.01912774331867695,0.030363081395626067,0.06914548724889755,0.0,0.07123256474733353,0.0,0.28243643045425415
378,0.006940879393368959,0.01909838728606701,0.028345806151628496,0.0697012186050415,0.0,0.07121723145246506,0.0,0.2824420928955078
379,0.006833686865866185,0.019763567298650742,0.030553989112377167,0.0661552220582962,0.0,0.07121171057224274,0.0,0.28244563937187195
380,0.006812657415866852,0.019991443306207658,0.03120146840810776,0.07141628861427307,0.0,0.07120577991008759,0.0,0.282447874546051
381,0.006632323935627937,0.019625215604901314,0.029083599895238878,0.06936504989862442,0.0,0.07120603322982788,0.0,0.28244897723197937
382,0.006759605836123228,0.019280538707971574,0.030040840059518813,0.06917743533849716,0.0,0.07120852172374725,0.0,0.28244978189468384
383,0.006676841806620359,0.01836462542414665,0.030186589062213897,0.06790697276592254,0.0,0.07121943682432175,0.0,0.28245294094085693
384,0.007022834476083517,0.01989608220756054,0.02999914437532425,0.07172351926565171,0.0,0.07123296707868576,0.0,0.28245478868484497
385,0.006249189935624599,0.020183563232421875,0.03052806928753853,0.06833766102790832,0.0,0.07124537974596024,0.0,0.28245624899864197
386,0.006356186792254448,0.019664773344993593,0.03072003796696663,0.06775972694158554,0.0,0.07125526666641235,0.0,0.2824578881263733
387,0.00681661469861865,0.01812552213668823,0.029610393196344377,0.07124706506729125,0.0,0.07126476615667343,0.0,0.2824593186378479
388,0.006922874879091978,0.020173922181129456,0.03124004788696766,0.06891491711139679,0.0,0.07126890122890472,0.0,0.28245848417282104
389,0.006222840584814549,0.020479612797498704,0.030318251624703408,0.07021331787109375,0.0,0.07126963138580322,0.0,0.2824564576148987
390,0.0067142628133296965,0.019191087409853935,0.02963586859405041,0.07010508179664612,0.0,0.07127250730991364,0.0,0.28245478868484497
391,0.006696031894534826,0.020599090680480003,0.02898748144507408,0.06515334099531174,0.0,0.07127141207456589,0.0,0.28245314955711365
392,0.006501407921314239,0.019973234832286836,0.029672903567552568,0.07233092784881592,0.0,0.07126791775226593,0.0,0.2824520766735077
393,0.006610580813139677,0.020617197453975677,0.029557489976286887,0.07313484996557236,0.0,0.07126522809267044,0.0,0.2824477553367615
394,0.00652681952342391,0.020157528668642045,0.032553885132074356,0.070770263671875,0.0,0.07126573473215103,0.0,0.28244537115097046
395,0.0064933041110634806,0.020058595389127732,0.030954630672931673,0.06836094409227371,0.0,0.07127032428979874,0.0,0.28244414925575256
396,0.006105219852179289,0.02003372088074684,0.031179289519786834,0.07183886766433716,0.0,0.0712708830833435,0.0,0.28244486451148987
397,0.006507251039147377,0.019677792489528657,0.030424096807837486,0.07201318293809891,0.0,0.0712747871875763,0.0,0.2824473977088928
398,0.00622762106359005,0.01953592449426651,0.03126843981444836,0.06927631050348282,0.0,0.07127652317285538,0.0,0.28244930505752563
399,0.00671572545543313,0.020037679374217986,0.02876819595694542,0.06806227564811707,0.0,0.07127831876277924,0.0,0.28245237469673157
400,0.007105792965739965,0.019992608204483987,0.029737626388669013,0.07213830351829528,0.0,0.07128189504146576,0.0,0.2824530601501465
401,0.006669915281236172,0.0194877989590168,0.030870594084262848,0.06993433386087418,0.0,0.07128547132015228,0.0,0.28245267271995544
402,0.006445875018835067,0.019867845624685288,0.03335237205028534,0.07199765592813492,0.0,0.07129466533660889,0.0,0.2824515700340271
403,0.006627156864851713,0.019629359990358353,0.028956004604697227,0.06566196829080581,0.0,0.0713043063879013,0.0,0.28244906663894653
404,0.006668859347701073,0.019929880276322365,0.031546281278133394,0.07044058740139007,0.0,0.07131703197956085,0.0,0.2824462056159973
405,0.0061819923110306265,0.019744706526398658,0.03065340705215931,0.07203568965196609,0.0,0.07132747769355774,0.0,0.28244462609291077
406,0.006164573132991791,0.01906529478728771,0.03165274076163769,0.0715168222784996,0.0,0.07133717834949493,0.0,0.2824449837207794
407,0.0066134162247180935,0.019306420162320138,0.02889500595629215,0.06540182307362556,0.0,0.07134734094142914,0.0,0.28244540095329285
408,0.006490498222410679,0.020182971283793448,0.0321706373244524,0.06619325876235962,0.0,0.07135828584432602,0.0,0.2824452519416809
409,0.006851418316364289,0.019264880940318106,0.030624011158943178,0.0707399770617485,0.0,0.07136674225330353,0.0,0.28244686126708984
410,0.006580925732851029,0.019960178434848784,0.028598413988947868,0.0710142120718956,0.0,0.07137523591518402,0.0,0.2824486494064331
411,0.0062293500639498236,0.019545550271868706,0.031069261208176612,0.069772170484066,0.0,0.071388378739357,0.0,0.28244754672050476
412,0.006426750961691141,0.020488231256604195,0.0315431959927082,0.0672863706946373,0.0,0.07140189409255981,0.0,0.28244447708129883
413,0.006071605999022722,0.019675962254405023,0.030713388323783876,0.06739596873521805,0.0,0.07141458988189697,0.0,0.28244075179100037
414,0.006589063070714473,0.01975523792207241,0.03169818185269833,0.0705445647239685,0.0,0.07143290340900421,0.0,0.2824365198612213
415,0.006568947434425354,0.02119055800139904,0.029708721861243247,0.06937187910079956,0.0,0.07144735008478165,0.0,0.2824326157569885
416,0.0062966723926365376,0.01979976035654545,0.03256364837288857,0.07205936312675476,0.0,0.07146106660366058,0.0,0.2824326455593109
417,0.006800105515867472,0.020448271185159683,0.029990361258387565,0.07157699018716812,0.0,0.07148189842700958,0.0,0.2824323773384094
418,0.006461113691329956,0.019687996059656144,0.03036578968167305,0.07152506411075592,0.0,0.07149798423051834,0.0,0.2824321389198303
419,0.006616333778947592,0.020346369966864584,0.028807661682367324,0.06765222847461701,0.0,0.07151468843221664,0.0,0.2824321389198303
420,0.006341306678950787,0.02048361822962761,0.03055141232907772,0.06646209806203843,0.0,0.07153052091598511,0.0,0.282431423664093
421,0.006800337135791779,0.019759557023644448,0.028177350759506226,0.06598908454179764,0.0,0.07154951989650726,0.0,0.2824302613735199
422,0.006562353391200304,0.019539959728717804,0.02967250868678093,0.0676325261592865,0.0,0.07156260311603546,0.0,0.2824305593967438
423,0.006468241941183806,0.018768299743533133,0.03088095150887966,0.06854490041732789,0.0,0.07157575339078903,0.0,0.28243130445480347
424,0.006581997126340866,0.019378839060664177,0.03035958409309387,0.06993147432804107,0.0,0.071587935090065,0.0,0.28243255615234375
425,0.0064121633768081665,0.018474505096673966,0.030626117438077926,0.07269884794950485,0.0,0.0716012716293335,0.0,0.2824345827102661
426,0.006802910193800926,0.01923099085688591,0.03027372434735298,0.07123669236898422,0.0,0.07161163538694382,0.0,0.28243720531463623
427,0.006339620146900415,0.018925556167960166,0.02941127121448517,0.06763251721858979,0.0,0.07161833345890045,0.0,0.2824406027793884
428,0.0066513968631625175,0.01946946568787098,0.031078441068530083,0.07189706116914749,0.0,0.07162121683359146,0.0,0.28244489431381226
429,0.006505427043884992,0.019655116274952887,0.03026663400232792,0.06831259727478027,0.0,0.07161994278430939,0.0,0.28244802355766296
430,0.006748516857624054,0.020183276012539865,0.030560124292969705,0.06875227391719818,0.0,0.07162104547023773,0.0,0.282452255487442
431,0.006814415100961924,0.01845722906291485,0.03329888731241226,0.06383084878325462,0.0,0.0716206282377243,0.0,0.28245583176612854
432,0.006191215757280588,0.01901663765311241,0.03071647621691227,0.07062999904155731,0.0,0.07161834090948105,0.0,0.282459557056427
433,0.00661759190261364,0.020000221952795983,0.028909843042492868,0.06800574511289596,0.0,0.07161709666252136,0.0,0.28246334195137024
434,0.006511619873344898,0.019488627463579176,0.03084317296743393,0.0662341631948948,0.0,0.07161581516265869,0.0,0.2824658751487732
435,0.006925732828676701,0.01969052404165268,0.030077177658677103,0.0680012695491314,0.0,0.07161717116832733,0.0,0.2824666202068329
436,0.006499326787889004,0.01939546689391136,0.02968042902648449,0.06836380735039711,0.0,0.0716179832816124,0.0,0.28246861696243286
437,0.0066118289716541765,0.01957067884504795,0.03053840473294258,0.06674501672387123,0.0,0.07162154465913773,0.0,0.28247159719467163
438,0.006747671402990818,0.02043832279741764,0.03002975657582283,0.06940843313932418,0.0,0.07162467390298843,0.0,0.2824772000312805
439,0.006539989449083805,0.01966458521783352,0.030769646912813187,0.07045636475086212,0.0,0.07163065671920776,0.0,0.2824842631816864
440,0.006750335823744536,0.019804567471146582,0.03063112311065197,0.07404697388410568,0.0,0.07164077460765839,0.0,0.28249046206474304
441,0.006729946564882993,0.019073117151856424,0.03192119523882866,0.06901616081595421,0.0,0.07165364176034927,0.0,0.28249531984329224
442,0.006315891537815333,0.01910366863012314,0.0289521511644125,0.06744907796382904,0.0,0.07166630029678345,0.0,0.2824985384941101
443,0.006645275838673114,0.020407141000032426,0.030600516870617867,0.06835475265979767,0.0,0.07167820632457733,0.0,0.28250154852867126
444,0.006254811491817236,0.018850870057940484,0.028338412567973138,0.07183685302734374,0.0,0.07169020920991898,0.0,0.2825036942958832
445,0.0063031531870365145,0.019545570015907288,0.02876361794769764,0.06962288543581963,0.0,0.07169797271490097,0.0,0.28250592947006226
446,0.0068149537779390815,0.01929875873029232,0.030019641667604447,0.07200380563735961,0.0,0.07170181721448898,0.0,0.2825053334236145
447,0.006481523811817169,0.019703434035182,0.02986549511551857,0.07501773089170456,0.0,0.07170198857784271,0.0,0.28250446915626526
448,0.006743245199322701,0.019094889238476753,0.03227032721042633,0.07020917534828186,0.0,0.07170174270868301,0.0,0.28250354528427124
449,0.00692968275398016,0.019188309088349342,0.029525581374764444,0.06960499584674835,0.0,0.07170318067073822,0.0,0.2825013995170593
450,0.006548674032092095,0.019413789361715318,0.028887097910046577,0.06699865311384201,0.0,0.07170982658863068,0.0,0.2825004458427429
451,0.006671939790248871,0.02029164172708988,0.027888844162225722,0.06659461185336113,0.0,0.07171407341957092,0.0,0.2824977934360504
452,0.0066066737286746505,0.018720921501517294,0.030454349145293234,0.07056780755519867,0.0,0.07172130048274994,0.0,0.28249433636665344
453,0.00660279868170619,0.019420799612998963,0.02983803302049637,0.07514243423938752,0.0,0.07172594964504242,0.0,0.28249114751815796
454,0.006902188062667847,0.01938577778637409,0.031621918082237244,0.06815464049577713,0.0,0.07173500955104828,0.0,0.28249025344848633
455,0.006524592917412519,0.02005479298532009,0.028920552507042886,0.07165937125682831,0.0,0.07174206525087357,0.0,0.28249073028564453
456,0.0067002917639911175,0.019544642046093942,0.029579629004001618,0.07319784611463546,0.0,0.071748286485672,0.0,0.28249090909957886
457,0.006339306756854057,0.020191717892885208,0.029941419139504433,0.07061948031187057,0.0,0.0717494934797287,0.0,0.28248924016952515
458,0.006536539644002914,0.019847242906689645,0.029731126874685286,0.06973005086183548,0.0,0.07174782454967499,0.0,0.2824893295764923
459,0.006127345096319914,0.020064645633101463,0.029720201343297958,0.07198486328125,0.0,0.07174593210220337,0.0,0.2824893891811371
460,0.006621077936142683,0.019568783417344093,0.02978442832827568,0.07205122038722038,0.0,0.07174025475978851,0.0,0.2824861407279968
461,0.006555947382003069,0.01923403739929199,0.03145044334232807,0.06587423384189606,0.0,0.07173435389995575,0.0,0.28248029947280884
462,0.006733869202435017,0.02082792967557907,0.030757509171962738,0.0716861605644226,0.0,0.07172640413045883,0.0,0.2824752926826477
463,0.0065926783718168736,0.020839635282754898,0.029289306700229646,0.07460339069366455,0.0,0.0717172846198082,0.0,0.28247132897377014
464,0.0067019578069448475,0.020120410621166228,0.030300741642713548,0.0688214473426342,0.0,0.07170869410037994,0.0,0.28246942162513733
465,0.006464786641299724,0.02034846432507038,0.030181659013032915,0.07050614804029465,0.0,0.07169662415981293,0.0,0.28246721625328064
466,0.006773065589368343,0.01886211521923542,0.029250748455524445,0.06571664512157441,0.0,0.07169132679700851,0.0,0.28246498107910156
467,0.006543119717389345,0.01940891854465008,0.028901609778404235,0.07047240734100342,0.0,0.0716874822974205,0.0,0.28246355056762695
468,0.006462926883250475,0.020749319344758987,0.03244920037686825,0.07295771390199661,0.0,0.07168997824192047,0.0,0.2824634611606598
469,0.006690310593694448,0.0206904623657465,0.029850731417536736,0.06711085066199303,0.0,0.07169326394796371,0.0,0.28246456384658813
470,0.006412872299551964,0.019208235666155815,0.03199414648115635,0.06906139552593231,0.0,0.0716957226395607,0.0,0.28246745467185974
471,0.006765021756291389,0.018977880477905273,0.03043665923178196,0.06885697394609451,0.0,0.07169666886329651,0.0,0.28246885538101196
472,0.006438903417438269,0.020055485516786577,0.030156735330820084,0.06857084929943084,0.0,0.0716991275548935,0.0,0.2824695408344269
473,0.0066380203701555725,0.020406216382980347,0.030934168398380278,0.07197807580232621,0.0,0.07170464098453522,0.0,0.2824694514274597
474,0.0066975015215575695,0.01908401697874069,0.030571740493178366,0.06875833570957184,0.0,0.07170553505420685,0.0,0.28247180581092834
475,0.006507335137575865,0.018492837995290758,0.027824307233095168,0.07201268821954727,0.0,0.07170204073190689,0.0,0.2824734151363373
476,0.006314433086663485,0.019529005885124205,0.028081269562244417,0.07157794386148453,0.0,0.0716913640499115,0.0,0.2824757695198059
477,0.006744080688804388,0.019772668927907945,0.029341428354382516,0.06942730396986008,0.0,0.07168011367321014,0.0,0.2824772000312805
478,0.006487579457461834,0.020054724439978598,0.0311697106808424,0.06963704973459243,0.0,0.07166993618011475,0.0,0.28248029947280884
479,0.006562650576233864,0.019697989523410796,0.027903160825371743,0.07110143452882767,0.0,0.07166304439306259,0.0,0.2824815809726715
480,0.006554452795535326,0.019445934519171714,0.030599193647503853,0.06574421375989914,0.0,0.07165639102458954,0.0,0.2824839949607849
481,0.006146485358476639,0.020000877603888512,0.03252532109618187,0.06833113729953766,0.0,0.07164351642131805,0.0,0.28248435258865356
482,0.006274514086544514,0.01963593140244484,0.02756260633468628,0.06891664266586303,0.0,0.07163313031196594,0.0,0.28248345851898193
483,0.006504509411752224,0.02037840709090233,0.028789759799838065,0.07001919448375701,0.0,0.07162878662347794,0.0,0.2824811339378357
484,0.006348177790641785,0.019356510415673257,0.029297196492552757,0.06988424360752106,0.0,0.071624755859375,0.0,0.2824784219264984
485,0.006604511197656393,0.01952993534505367,0.031101484224200247,0.06862204223871231,0.0,0.07162079960107803,0.0,0.2824741303920746
486,0.006254006363451481,0.019731756299734116,0.02988591305911541,0.06991423815488815,0.0,0.07161612808704376,0.0,0.2824714779853821
487,0.006373859383165837,0.019539250805974007,0.03062843978404999,0.06748552396893501,0.0,0.07160765677690506,0.0,0.2824680209159851
488,0.006350195500999689,0.019482243061065673,0.02864287793636322,0.06597954407334328,0.0,0.07159522920846939,0.0,0.2824648916721344
489,0.006519792694598436,0.019573862105607985,0.02998337894678116,0.07008891105651856,0.0,0.07158327847719193,0.0,0.2824610769748688
490,0.006479512620717287,0.019222479686141013,0.0301904808729887,0.07172749787569047,0.0,0.07157002389431,0.0,0.28245633840560913
491,0.006826160661876202,0.019814502075314523,0.029482729732990265,0.07133333534002304,0.0,0.07155930995941162,0.0,0.28245148062705994
492,0.0064745664596557615,0.01927981562912464,0.02970563545823097,0.07209468185901642,0.0,0.07155226916074753,0.0,0.2824474275112152
493,0.006724468618631363,0.019495930522680283,0.030110489949584006,0.07140649259090423,0.0,0.07154752314090729,0.0,0.28244292736053467
494,0.006557940319180488,0.01943499520421028,0.031092395633459093,0.06838626265525818,0.0,0.07153880596160889,0.0,0.2824379801750183
495,0.006584836356341839,0.01936737783253193,0.02952578365802765,0.06757880970835686,0.0,0.07153014093637466,0.0,0.2824324071407318
496,0.006522074341773987,0.019625064730644227,0.030892465636134146,0.07047784477472305,0.0,0.07152369618415833,0.0,0.282427579164505
497,0.006717337761074305,0.01968081295490265,0.03057263754308224,0.06973267644643784,0.0,0.07152269035577774,0.0,0.28242576122283936
498,0.007021913770586252,0.01929505281150341,0.02856450080871582,0.07123671174049377,0.0,0.07151737064123154,0.0,0.2824244797229767
499,0.006538652814924717,0.019298847392201425,0.029855001345276834,0.06751923561096192,0.0,0.07150962203741074,0.0,0.28242558240890503
500,0.0068686182610690595,0.019365088641643526,0.02928438372910023,0.06932701766490937,0.0,0.07149779796600342,0.0,0.2824288010597229
501,0.006479818187654018,0.020143886283040046,0.030119168013334273,0.07361465841531753,0.0,0.07149317115545273,0.0,0.28243488073349
502,0.0062327077612280846,0.01962125040590763,0.03032327741384506,0.07014541327953339,0.0,0.07149060815572739,0.0,0.28244224190711975
503,0.006802241317927837,0.019924280792474748,0.030364535003900527,0.07081407457590103,0.0,0.07149052619934082,0.0,0.28244930505752563
504,0.006438378896564245,0.019253987446427347,0.030589156597852708,0.06870522350072861,0.0,0.07148945331573486,0.0,0.28245440125465393
505,0.006300059892237186,0.01979510337114334,0.028968766704201697,0.07084124833345413,0.0,0.07148966938257217,0.0,0.2824588716030121
506,0.006373583897948265,0.020117036998271942,0.03209755495190621,0.06909343749284744,0.0,0.07149587571620941,0.0,0.2824621796607971
507,0.006368312984704971,0.019213741645216942,0.03170001991093159,0.07184756100177765,0.0,0.0715053454041481,0.0,0.2824651598930359
508,0.0063757884316146375,0.01949505917727947,0.03265330009162426,0.0697693794965744,0.0,0.07150974124670029,0.0,0.28246596455574036
509,0.006709774490445852,0.0192259281873703,0.03002743050456047,0.07033644765615463,0.0,0.07151094824075699,0.0,0.2824675440788269
510,0.006516725197434426,0.01890123523771763,0.02986905425786972,0.0687442660331726,0.0,0.07150933891534805,0.0,0.28246957063674927
511,0.006440149620175362,0.019430810958147048,0.029481954500079156,0.0716028705239296,0.0,0.0715034157037735,0.0,0.28247299790382385
512,0.006819587294012308,0.02003498449921608,0.02962242588400841,0.06873919069766998,0.0,0.07149641960859299,0.0,0.2824743390083313
513,0.006974274106323719,0.020900824293494224,0.030818024277687074,0.06941268295049667,0.0,0.07148624211549759,0.0,0.28247493505477905
514,0.006496629118919373,0.019489459693431854,0.02800268977880478,0.0654934138059616,0.0,0.07148364186286926,0.0,0.28247588872909546
515,0.006599384266883135,0.019307230412960053,0.02939284183084965,0.07289178371429443,0.0,0.07148276269435883,0.0,0.28247809410095215
516,0.006724035926163196,0.020697122812271117,0.030176663771271706,0.0708827942609787,0.0,0.0714789405465126,0.0,0.28248000144958496
517,0.006309167388826609,0.01958444118499756,0.031053079292178154,0.06766038984060288,0.0,0.07147981226444244,0.0,0.2824814021587372
518,0.006150753889232874,0.020389001071453094,0.030812183022499086,0.07252289354801178,0.0,0.07148074358701706,0.0,0.2824825942516327
519,0.0066765849478542805,0.018764521554112436,0.03150155022740364,0.07104406505823135,0.0,0.0714811384677887,0.0,0.28248244524002075
520,0.007199887558817864,0.018646189570426942,0.03008440472185612,0.07344169616699218,0.0,0.07147793471813202,0.0,0.28248119354248047
521,0.0064234485849738125,0.018789179995656012,0.030986206233501436,0.07151322215795516,0.0,0.071480892598629,0.0,0.28248026967048645
522,0.006664669327437878,0.019349350407719613,0.03182948119938374,0.06668944656848907,0.0,0.0714857205748558,0.0,0.2824784815311432
523,0.00678199790418148,0.019221267849206924,0.029792697355151176,0.06480879560112954,0.0,0.07149433344602585,0.0,0.2824752926826477
524,0.006691792979836464,0.019307130202651023,0.030230382084846498,0.06417501270771027,0.0,0.07150028645992279,0.0,0.28247031569480896
525,0.006649054214358329,0.02036745622754097,0.03053662143647671,0.07048749774694443,0.0,0.07150524854660034,0.0,0.28246551752090454
526,0.006511485204100609,0.02056703865528107,0.030212995409965516,0.07163219451904297,0.0,0.07150661200284958,0.0,0.2824614942073822
527,0.006180479750037193,0.0193988636136055,0.029185783490538596,0.06964746415615082,0.0,0.0715065747499466,0.0,0.28245702385902405
528,0.006777419056743383,0.019024109840393065,0.029427412897348404,0.07117762118577957,0.0,0.07150726765394211,0.0,0.28245359659194946
529,0.00670739496126771,0.019284288957715036,0.030012276023626328,0.07618846595287324,0.0,0.07150998711585999,0.0,0.2824479639530182
530,0.006415275391191244,0.019169217720627785,0.030489394068717958,0.0690562091767788,0.0,0.07151349633932114,0.0,0.2824452221393585
531,0.006406996957957744,0.020166056230664253,0.030471788346767427,0.06988196074962616,0.0,0.07151634991168976,0.0,0.28244179487228394
532,0.0067959165200591086,0.019614990055561065,0.030242437869310378,0.06651815921068191,0.0,0.07152025401592255,0.0,0.28243696689605713
533,0.007077548652887344,0.019101466983556747,0.030285469070076943,0.07049235850572586,0.0,0.0715213268995285,0.0,0.28243204951286316
534,0.006798023823648691,0.019181367382407187,0.03319693170487881,0.07378655076026916,0.0,0.07152515649795532,0.0,0.28242796659469604
535,0.006471978407353163,0.019638381898403168,0.029712675511837004,0.06924264803528786,0.0,0.07152445614337921,0.0,0.2824256718158722
536,0.0067485376261174675,0.01898858919739723,0.029702232405543327,0.07008060067892075,0.0,0.07152311503887177,0.0,0.2824229598045349
537,0.006317337974905968,0.019382894039154053,0.02857672981917858,0.0700106143951416,0.0,0.07151956111192703,0.0,0.2824234664440155
538,0.006575970444828272,0.019856688752770423,0.03094787634909153,0.06931833922863007,0.0,0.07151231169700623,0.0,0.2824239134788513
539,0.006627408228814602,0.020389489084482192,0.030113639310002327,0.07153545767068863,0.0,0.0715041235089302,0.0,0.2824254035949707
540,0.006368247047066689,0.019528162106871604,0.03001090995967388,0.07257501929998397,0.0,0.07149578630924225,0.0,0.28242790699005127
541,0.006591789051890373,0.019441084191203117,0.030433792620897293,0.06964069455862046,0.0,0.07149511575698853,0.0,0.28242921829223633
542,0.00657102856785059,0.01993296220898628,0.030771460384130478,0.06924184411764145,0.0,0.0714951604604721,0.0,0.2824295163154602
543,0.006438384857028722,0.01933320164680481,0.03070945478975773,0.07233570218086242,0.0,0.07149474322795868,0.0,0.28242984414100647
544,0.006570165511220694,0.020349372923374177,0.029220167174935342,0.07056842446327209,0.0,0.07149708271026611,0.0,0.2824321687221527
545,0.00650543374940753,0.01975228451192379,0.03180280514061451,0.06858077272772789,0.0,0.07149912416934967,0.0,0.2824348509311676
546,0.006724479235708713,0.018542810529470443,0.02964572198688984,0.06858576387166977,0.0,0.07149770110845566,0.0,0.2824379801750183
547,0.006274765916168689,0.02056276351213455,0.030746946483850478,0.0678686834871769,0.0,0.0714934915304184,0.0,0.28244200348854065
548,0.006583751924335956,0.019733820483088492,0.03090644218027592,0.07157777547836304,0.0,0.07148657739162445,0.0,0.28244656324386597
549,0.006584585271775722,0.01994161680340767,0.029033910110592843,0.06658575609326363,0.0,0.07148617506027222,0.0,0.28245216608047485
550,0.006198144983500242,0.020045677945017815,0.028376583382487296,0.06769797205924988,0.0,0.07148386538028717,0.0,0.2824585735797882
551,0.006781663559377193,0.019851173833012582,0.028932564705610276,0.06748326197266578,0.0,0.07148516178131104,0.0,0.28246405720710754
552,0.006700845994055271,0.020049644634127617,0.031106534600257873,0.06917663365602493,0.0,0.07147876918315887,0.0,0.2824675142765045
553,0.006459446158260107,0.019862625002861022,0.02988612316548824,0.06673204600811004,0.0,0.07147616147994995,0.0,0.2824708819389343
554,0.00654433760792017,0.019190146401524544,0.02852702885866165,0.07378797382116317,0.0,0.0714726597070694,0.0,0.28247249126434326
555,0.006659107562154531,0.01937236450612545,0.03114961422979832,0.06940898299217224,0.0,0.07147239148616791,0.0,0.28247275948524475
556,0.006576443463563919,0.019744564220309256,0.027779640257358552,0.07386289685964584,0.0,0.07147674262523651,0.0,0.2824719548225403
557,0.007299217116087675,0.01935206763446331,0.03241121545433998,0.07491315603256225,0.0,0.07148365676403046,0.0,0.2824717164039612
558,0.006466908659785986,0.019042550399899483,0.032593664899468425,0.07502324432134629,0.0,0.07149196416139603,0.0,0.2824726104736328
559,0.006545677967369557,0.019594190269708635,0.030541646108031274,0.06711020097136497,0.0,0.07149646431207657,0.0,0.28247302770614624
560,0.006865210179239511,0.018971947580575944,0.029050173982977868,0.06957488507032394,0.0,0.07150249928236008,0.0,0.28247377276420593
561,0.0067780460231006145,0.019863009452819824,0.030694225803017616,0.07675417959690094,0.0,0.0715063288807869,0.0,0.28247496485710144
562,0.006522964034229517,0.02020527943968773,0.028632719442248343,0.06940477788448333,0.0,0.07150665670633316,0.0,0.2824765741825104
563,0.0063524249941110614,0.01978846490383148,0.031118734925985336,0.06790685504674912,0.0,0.07150665670633316,0.0,0.28247833251953125
564,0.0065977079793810844,0.020455492287874223,0.028989843279123306,0.06677011847496032,0.0,0.07150385528802872,0.0,0.2824808657169342
565,0.0066788760013878345,0.019632135331630707,0.02954099252820015,0.07078258693218231,0.0,0.0714983120560646,0.0,0.28248167037963867
566,0.006342898402363062,0.019437191262841224,0.030117471888661384,0.07130808681249619,0.0,0.07149247080087662,0.0,0.2824819087982178
567,0.0063933742232620714,0.020142658427357674,0.0286858931183815,0.06745222806930543,0.0,0.07149288803339005,0.0,0.28248119354248047
568,0.006650428008288145,0.01873729154467583,0.0301979910582304,0.06565249264240265,0.0,0.0714946985244751,0.0,0.2824804186820984
569,0.006714093778282404,0.018979657813906668,0.030801869556307794,0.06509674936532975,0.0,0.07149630039930344,0.0,0.2824808955192566
570,0.006656619254499674,0.019815910235047342,0.02953396216034889,0.07072875648736954,0.0,0.0715007409453392,0.0,0.2824806272983551
571,0.006889425870031119,0.01903163194656372,0.031019534915685654,0.06619860529899597,0.0,0.07150149345397949,0.0,0.2824791967868805
572,0.006572592817246914,0.019601858407258987,0.028917437046766283,0.07375488132238388,0.0,0.07150118052959442,0.0,0.2824786901473999
573,0.0065522994846105576,0.0189425278455019,0.029048642516136168,0.06949035078287125,0.0,0.07149730622768402,0.0,0.28247731924057007
574,0.0067043636925518514,0.018983784317970275,0.028783174231648445,0.06802936047315597,0.0,0.071499302983284,0.0,0.28247469663619995
575,0.0067696554586291315,0.01959903575479984,0.030274781212210656,0.06994563043117523,0.0,0.07149630784988403,0.0,0.28247302770614624
576,0.006730038020759821,0.019027063995599745,0.030304859951138498,0.07241270691156387,0.0,0.07149272412061691,0.0,0.2824723720550537
577,0.006809294037520885,0.01934025250375271,0.03157582618296147,0.07028818726539612,0.0,0.07148411870002747,0.0,0.28247424960136414
578,0.006758240424096585,0.01960647143423557,0.03193861730396748,0.06796053498983383,0.0,0.07148140668869019,0.0,0.2824767231941223
579,0.006806179694831371,0.019848599284887313,0.031031107157468797,0.07112723290920257,0.0,0.07147252559661865,0.0,0.2824799120426178
580,0.006351667176932097,0.01975160837173462,0.0299271110445261,0.07307090759277343,0.0,0.07146912068128586,0.0,0.28248128294944763
581,0.006651271600276232,0.019314319267868994,0.029551763087511063,0.07091154456138611,0.0,0.0714653804898262,0.0,0.28248175978660583
582,0.006269823014736176,0.019789807498455048,0.031266991049051285,0.06837685853242874,0.0,0.07146567106246948,0.0,0.28248125314712524
583,0.006621059961616993,0.019409869238734244,0.031450673937797546,0.06864643543958664,0.0,0.07146762311458588,0.0,0.28247910737991333
584,0.006743785552680492,0.020034469664096832,0.029477008432149888,0.06686927527189254,0.0,0.07146935909986496,0.0,0.2824745178222656
585,0.006492951046675443,0.018950144201517104,0.02953591160476208,0.06917505115270614,0.0,0.07146695256233215,0.0,0.282470703125
586,0.0066063846461474895,0.019404445588588715,0.030833201110363008,0.0662530705332756,0.0,0.07146023213863373,0.0,0.28246694803237915
587,0.006416989490389824,0.01999662071466446,0.029841312021017075,0.0677992731332779,0.0,0.07145605981349945,0.0,0.28246551752090454
588,0.006700581591576338,0.019294977933168412,0.031450314447283745,0.07246468663215637,0.0,0.07144644111394882,0.0,0.28246355056762695
589,0.006317267380654812,0.019645626842975616,0.0302033893764019,0.06835788786411286,0.0,0.07143707573413849,0.0,0.2824600338935852
590,0.006396112311631441,0.019524745643138885,0.029772859811782838,0.0696764886379242,0.0,0.07142864167690277,0.0,0.2824562191963196
591,0.006676885951310396,0.019897310808300973,0.030245471745729446,0.0714245781302452,0.0,0.07142086327075958,0.0,0.2824521064758301
592,0.006432207766920328,0.019844254478812218,0.031158330291509627,0.06760772690176964,0.0,0.07141552865505219,0.0,0.28245028853416443
593,0.006242895405739546,0.01960647590458393,0.0288616843521595,0.07613116800785065,0.0,0.07140618562698364,0.0,0.2824482321739197
594,0.006687810737639665,0.020870483294129372,0.02978963330388069,0.06710117682814598,0.0,0.07139594852924347,0.0,0.28244712948799133
595,0.00650069834664464,0.019425225257873536,0.030820469185709954,0.06769098490476608,0.0,0.07138876616954803,0.0,0.2824481129646301
596,0.006430735439062118,0.020377346500754356,0.030813339352607726,0.0670019455254078,0.0,0.07138127088546753,0.0,0.28244927525520325
597,0.006492237653583288,0.019968479871749878,0.029045939445495605,0.0660873033106327,0.0,0.07137684524059296,0.0,0.28245100378990173
598,0.006375535950064659,0.019826270267367364,0.03009038493037224,0.06525982990860939,0.0,0.07137826085090637,0.0,0.282451868057251
599,0.006605902221053839,0.01955541707575321,0.030299613997340203,0.06776543855667114,0.0,0.07138153165578842,0.0,0.28245216608047485
600,0.006688289996236563,0.020311128720641135,0.030631338804960252,0.06890498548746109,0.0,0.07138419151306152,0.0,0.2824505865573883
601,0.006797553412616253,0.019932126998901366,0.029230327904224397,0.07385556101799011,0.0,0.07138977944850922,0.0,0.2824477255344391
602,0.006733954139053822,0.019080914184451105,0.029832526668906213,0.07153640985488892,0.0,0.07139308750629425,0.0,0.2824443280696869
603,0.006573136243969202,0.020549571514129637,0.028113507479429246,0.06796474158763885,0.0,0.07139325886964798,0.0,0.2824395000934601
604,0.006560754496604204,0.019384821876883507,0.029648935049772264,0.07132109105587006,0.0,0.07139945030212402,0.0,0.2824339270591736
605,0.006907287333160639,0.020175013318657876,0.031040678545832635,0.06806912571191788,0.0,0.0714087039232254,0.0,0.2824290096759796
606,0.006692466232925654,0.019790762662887575,0.02989696227014065,0.07397175431251526,0.0,0.0714213028550148,0.0,0.28242531418800354
607,0.006337412260472774,0.019100606068968774,0.03223365806043148,0.06654679551720619,0.0,0.07143501937389374,0.0,0.28242167830467224
608,0.006231539137661457,0.019956715032458307,0.029477092251181603,0.06854592412710189,0.0,0.07145235687494278,0.0,0.28241896629333496
609,0.006132606696337461,0.019183504208922387,0.029923423007130624,0.06889131665229797,0.0,0.07146873325109482,0.0,0.2824164628982544
610,0.0066294512711465355,0.01996465288102627,0.029255758598446847,0.07133104503154755,0.0,0.07148994505405426,0.0,0.28241294622421265
611,0.007006124779582024,0.020451005920767783,0.028364165127277373,0.06797195449471474,0.0,0.07151100039482117,0.0,0.28240731358528137
612,0.006752204243093729,0.020111622661352156,0.030143654718995095,0.07101590633392334,0.0,0.07152990251779556,0.0,0.2824046313762665
613,0.006178126577287913,0.020155996084213257,0.030695074796676637,0.06861376985907555,0.0,0.07154835760593414,0.0,0.28240299224853516
614,0.0069421561434865,0.01993716023862362,0.030772697925567628,0.07018344700336457,0.0,0.07156835496425629,0.0,0.28239986300468445
615,0.006394553370773793,0.01938459798693657,0.029463186860084534,0.07218705415725708,0.0,0.07158934324979782,0.0,0.2823989987373352
616,0.006562146730720997,0.02032420001924038,0.029825384542346,0.07249881774187088,0.0,0.07161146402359009,0.0,0.2823982834815979
617,0.0064199335873126985,0.019543500617146492,0.03144148141145706,0.07237769812345504,0.0,0.07163143903017044,0.0,0.2823970317840576
618,0.006447390932589769,0.019466295838356018,0.031896048411726954,0.07162634581327439,0.0,0.071648970246315,0.0,0.2823941707611084
619,0.0065457110293209554,0.019096826761960985,0.03062242940068245,0.06976775825023651,0.0,0.07166454941034317,0.0,0.2823914885520935
620,0.006886741053313017,0.019823604449629783,0.030809176340699195,0.07292592525482178,0.0,0.07167376577854156,0.0,0.28238749504089355
621,0.006655655428767204,0.019130996614694595,0.03127984702587128,0.07128756195306778,0.0,0.07168690860271454,0.0,0.2823832631111145
622,0.006209281459450722,0.01960894130170345,0.03153451234102249,0.0691781535744667,0.0,0.07170198112726212,0.0,0.28237849473953247
623,0.0066621645353734495,0.01942477747797966,0.029010087251663208,0.07122786790132522,0.0,0.07171330600976944,0.0,0.2823718786239624
624,0.006279476918280125,0.019272131100296973,0.03173226006329059,0.06724418774247169,0.0,0.07172144949436188,0.0,0.28236743807792664
625,0.006365162041038275,0.01974160522222519,0.03138220049440861,0.07048678547143936,0.0,0.07173220813274384,0.0,0.2823643684387207
626,0.006353016942739487,0.020141416043043137,0.031630614027380946,0.07099663317203522,0.0,0.07174263894557953,0.0,0.28236323595046997
627,0.006211224943399429,0.019236327335238456,0.030977142602205278,0.07285924851894379,0.0,0.07174742221832275,0.0,0.2823641896247864
628,0.0067772045731544495,0.01831447221338749,0.0295161385089159,0.07146453857421875,0.0,0.07175247371196747,0.0,0.2823648452758789
629,0.006621824763715267,0.020083931833505632,0.029941890388727188,0.07518263459205628,0.0,0.07175610959529877,0.0,0.2823660671710968
630,0.006378080043941736,0.019409894943237305,0.03150279447436333,0.07153552621603013,0.0,0.07176042348146439,0.0,0.2823680639266968
631,0.0061931062489748,0.020168513432145117,0.030453693866729737,0.07208716794848442,0.0,0.07176345586776733,0.0,0.28236913681030273
632,0.006496216356754303,0.0194946113973856,0.0302527017891407,0.07054610848426819,0.0,0.07177039980888367,0.0,0.2823687195777893
633,0.0068043343722820285,0.019408856704831123,0.029006073996424676,0.06935623735189438,0.0,0.07177090644836426,0.0,0.2823691964149475
634,0.006748638488352299,0.020289419591426848,0.03107862137258053,0.0668503999710083,0.0,0.07177101075649261,0.0,0.28236860036849976
635,0.006393864005804062,0.01934107579290867,0.032206229865550995,0.06685837507247924,0.0,0.0717708095908165,0.0,0.28236836194992065
636,0.006380434241145849,0.019375019520521165,0.030509113147854806,0.06994665935635566,0.0,0.0717671737074852,0.0,0.28236836194992065
637,0.006545362155884504,0.019957330822944642,0.03127027489244938,0.06968842223286628,0.0,0.07176607847213745,0.0,0.28236693143844604
638,0.006726179644465447,0.019308817386627198,0.02875129207968712,0.06955340206623077,0.0,0.0717632919549942,0.0,0.28236493468284607
639,0.006928683817386627,0.019382112473249436,0.031212665140628815,0.06595774888992309,0.0,0.07176200300455093,0.0,0.28236478567123413
640,0.006182758696377277,0.0197901651263237,0.030234729498624803,0.06980112344026565,0.0,0.07176079601049423,0.0,0.2823641896247864
641,0.006440378446131945,0.019785425439476968,0.029470968618988992,0.07313310652971268,0.0,0.07175584137439728,0.0,0.282362163066864
642,0.006740218494087458,0.020703648403286933,0.031618181988596915,0.06770605444908143,0.0,0.07174647599458694,0.0,0.2823604643344879
643,0.0069062839262187484,0.020176602900028227,0.029859295487403868,0.06862317696213723,0.0,0.07173703610897064,0.0,0.28235968947410583
644,0.006433744262903929,0.019152359291911124,0.031168895214796065,0.07198881357908249,0.0,0.07173476368188858,0.0,0.28235870599746704
645,0.006609007902443409,0.01946076415479183,0.030118075758218767,0.06782538145780563,0.0,0.0717315673828125,0.0,0.2823581397533417
646,0.006877988576889038,0.01882973574101925,0.030154580995440484,0.07114565819501877,0.0,0.07173283398151398,0.0,0.2823570966720581
647,0.00694186994805932,0.020370985567569732,0.02983202375471592,0.067661614716053,0.0,0.0717313140630722,0.0,0.2823556065559387
648,0.0067507907748222355,0.01967766098678112,0.03187316618859768,0.06689693480730056,0.0,0.07173392176628113,0.0,0.2823556065559387
649,0.006562672462314368,0.020072825625538825,0.031551849097013474,0.0725450024008751,0.0,0.07173684984445572,0.0,0.28235501050949097
650,0.0066301927901804445,0.019814348965883254,0.027845795452594756,0.06880299150943756,0.0,0.0717383474111557,0.0,0.28235384821891785
651,0.006580487824976444,0.0198166623711586,0.030522458255290985,0.06847447901964188,0.0,0.07173823565244675,0.0,0.282351553440094
652,0.006036682520061731,0.01997099593281746,0.028417445346713067,0.06964281350374221,0.0,0.07174316793680191,0.0,0.2823484539985657
653,0.0062090946361422535,0.020057424902915955,0.03005218245089054,0.07004031240940094,0.0,0.0717536136507988,0.0,0.2823435366153717
654,0.006327436957508326,0.018684102967381478,0.02932870164513588,0.06521031185984612,0.0,0.0717596784234047,0.0,0.2823387682437897
655,0.006848684605211019,0.01928524300456047,0.03112415112555027,0.06892513483762741,0.0,0.07176300138235092,0.0,0.28233546018600464
656,0.006717342417687178,0.020521873608231544,0.030113256350159646,0.0710787296295166,0.0,0.07177034765481949,0.0,0.2823302149772644
657,0.006637981440871954,0.019750016555190087,0.030293157324194908,0.07092959582805633,0.0,0.07177634537220001,0.0,0.2823259234428406
658,0.0061561685055494305,0.020366506278514863,0.030100155994296073,0.06924597918987274,0.0,0.07178276777267456,0.0,0.2823241055011749
659,0.0064106456004083155,0.02010989747941494,0.028902139887213706,0.06979481428861618,0.0,0.0717867985367775,0.0,0.2823225259780884
660,0.006479619815945625,0.019327066838741302,0.029897838830947876,0.0680259957909584,0.0,0.07179562002420425,0.0,0.28232496976852417
661,0.00658798785880208,0.019197582453489303,0.03130033276975155,0.07119881361722946,0.0,0.07180424779653549,0.0,0.28232523798942566
662,0.006626020744442939,0.019449425861239433,0.03013014644384384,0.07104122191667557,0.0,0.07180841267108917,0.0,0.28232231736183167
663,0.006994010042399168,0.019628414884209633,0.028708847239613533,0.06697951257228851,0.0,0.07180722802877426,0.0,0.28231900930404663
664,0.006360880192369222,0.019992920383810998,0.030386588722467422,0.06903682500123978,0.0,0.07180676609277725,0.0,0.282318115234375
665,0.006728714425116777,0.019968504086136818,0.030352457612752914,0.06962733268737793,0.0,0.07180226594209671,0.0,0.282315194606781
666,0.006451615039259196,0.01922493651509285,0.029446470364928246,0.07163278758525848,0.0,0.07179838418960571,0.0,0.28231072425842285
667,0.006247356347739696,0.019363467395305634,0.029384391009807588,0.07244944274425506,0.0,0.07178981602191925,0.0,0.282308965921402
668,0.006582199782133103,0.019260067865252493,0.031733676046133044,0.07347314357757569,0.0,0.07178393751382828,0.0,0.2823111414909363
669,0.006578592956066132,0.01966579779982567,0.03021310828626156,0.06878166869282723,0.0,0.07178205251693726,0.0,0.2823133170604706
670,0.00628958735615015,0.01991129815578461,0.03038213923573494,0.06841291338205338,0.0,0.07177748531103134,0.0,0.2823139429092407
671,0.006968178134411573,0.01922736205160618,0.029979837685823442,0.07048070579767227,0.0,0.0717717707157135,0.0,0.28231412172317505
672,0.006466489937156439,0.01963627487421036,0.029451349377632143,0.07066197395324707,0.0,0.07176636159420013,0.0,0.28231626749038696
673,0.006376641523092985,0.020215367525815965,0.032871713116765025,0.07232422977685929,0.0,0.0717616155743599,0.0,0.28231918811798096
674,0.00647737504914403,0.019414228945970537,0.03238373026251793,0.07148506790399552,0.0,0.07175528258085251,0.0,0.28232207894325256
675,0.006413580384105444,0.019738922640681267,0.02962019108235836,0.07006432414054871,0.0,0.07174847275018692,0.0,0.28232625126838684
676,0.006798708904534578,0.019682823121547698,0.030729877948760986,0.0728626623749733,0.0,0.07173683494329453,0.0,0.2823290228843689
677,0.006354359537363052,0.019976238533854485,0.02972395531833172,0.06953309997916221,0.0,0.07172398269176483,0.0,0.28233346343040466
678,0.006147070880979299,0.0199842631816864,0.031136319041252136,0.07101934403181076,0.0,0.07171139866113663,0.0,0.28233852982521057
679,0.006419146154075861,0.020007148012518884,0.0297328632324934,0.07034458816051484,0.0,0.07170132547616959,0.0,0.28234440088272095
680,0.00674983263015747,0.01912417709827423,0.0299929928034544,0.07270990163087845,0.0,0.07169914990663528,0.0,0.28235048055648804
681,0.00670067947357893,0.02016253098845482,0.02896122895181179,0.06539034247398376,0.0,0.07169204950332642,0.0,0.282356321811676
682,0.006606006622314453,0.01955474391579628,0.03215062506496906,0.06803096458315849,0.0,0.07168371975421906,0.0,0.2823620140552521
683,0.0063956079073250295,0.019363804534077645,0.030324093624949457,0.06853003427386284,0.0,0.07167903333902359,0.0,0.28236716985702515
684,0.007020570896565914,0.02050226107239723,0.029116614907979965,0.06888659745454788,0.0,0.07167251408100128,0.0,0.2823702096939087
685,0.006701921112835407,0.019909507036209105,0.030641882866621017,0.07110358923673629,0.0,0.07166270166635513,0.0,0.28237366676330566
686,0.006477514375001192,0.019092821329832078,0.028941799700260163,0.0720870092511177,0.0,0.07165514677762985,0.0,0.2823761999607086
687,0.0066115413792431355,0.020056984201073647,0.03082541599869728,0.07132350206375122,0.0,0.07164844870567322,0.0,0.28237780928611755
688,0.006385632511228323,0.019606471806764603,0.030437101051211356,0.07138326913118362,0.0,0.07164064794778824,0.0,0.282379686832428
689,0.006827511917799711,0.020178985968232154,0.029883760213851928,0.0704365000128746,0.0,0.0716317743062973,0.0,0.28238314390182495
690,0.006734495051205158,0.019788353145122527,0.029888497665524483,0.06733381748199463,0.0,0.0716267079114914,0.0,0.2823869287967682
691,0.006521329190582037,0.020411427691578866,0.030991581082344056,0.06907174438238144,0.0,0.07162009179592133,0.0,0.2823878824710846
692,0.006619312893599271,0.01971077509224415,0.03007498346269131,0.06618520617485046,0.0,0.07161246240139008,0.0,0.2823861241340637
693,0.007077781390398741,0.01926725506782532,0.029157185181975364,0.07365172654390335,0.0,0.07160097360610962,0.0,0.2823847830295563
694,0.006746216863393784,0.019898879155516625,0.029458161816000937,0.07078525424003601,0.0,0.07158826291561127,0.0,0.28238168358802795
695,0.006859744526445865,0.019223181158304216,0.029038411006331442,0.06605231314897538,0.0,0.07157950103282928,0.0,0.2823775112628937
696,0.00659802109003067,0.019426018744707108,0.02972787544131279,0.06580338701605797,0.0,0.07156767696142197,0.0,0.2823757231235504
697,0.006229493301361799,0.01915219984948635,0.030774006992578505,0.07326077520847321,0.0,0.07155938446521759,0.0,0.2823738157749176
698,0.0066945492289960384,0.01956605613231659,0.030246536061167718,0.0709113672375679,0.0,0.07154957205057144,0.0,0.28237253427505493
699,0.006726533640176058,0.02015162371098995,0.02917361631989479,0.06914099901914597,0.0,0.07153819501399994,0.0,0.282369464635849
700,0.006500906776636839,0.01898996941745281,0.029003392904996872,0.07054924964904785,0.0,0.07152700424194336,0.0,0.28236714005470276
701,0.006536456290632486,0.01879115477204323,0.030156582966446875,0.07284376472234726,0.0,0.07151240110397339,0.0,0.2823639512062073
702,0.00666106641292572,0.019375066831707956,0.031874409317970274,0.07249813377857209,0.0,0.07149390131235123,0.0,0.28236064314842224
703,0.00628120768815279,0.018615582957863808,0.03239680677652359,0.06795816719532013,0.0,0.07147742807865143,0.0,0.2823580801486969
704,0.006540275365114212,0.01935059316456318,0.030637820810079576,0.06883218064904213,0.0,0.07146288454532623,0.0,0.2823590636253357
705,0.006592140346765518,0.01970822364091873,0.02919633649289608,0.07325493544340134,0.0,0.07144953310489655,0.0,0.2823607325553894
706,0.0065395994111895565,0.019859529286623,0.03040546886622906,0.06800693422555923,0.0,0.07143964618444443,0.0,0.28236305713653564
707,0.006276475358754396,0.020241571217775346,0.029864579439163208,0.07191525548696517,0.0,0.07143387198448181,0.0,0.28236788511276245
708,0.006587845832109451,0.01949223168194294,0.030573197081685065,0.06937161237001419,0.0,0.07142879068851471,0.0,0.28237324953079224
709,0.007119143661111593,0.020475801825523377,0.029343283176422118,0.0730173945426941,0.0,0.07142454385757446,0.0,0.28237926959991455
710,0.00626233946532011,0.018526020646095275,0.031876297667622566,0.07009167373180389,0.0,0.07142166048288345,0.0,0.28238433599472046
711,0.006264693196862936,0.01988539658486843,0.0285514947026968,0.06727618873119354,0.0,0.0714155063033104,0.0,0.28238749504089355
712,0.006729023344814777,0.01907864697277546,0.02882426753640175,0.0695622980594635,0.0,0.07140864431858063,0.0,0.2823886275291443
713,0.007318706437945366,0.01945129595696926,0.0297305416315794,0.06696379780769349,0.0,0.07140086591243744,0.0,0.2823886275291443
714,0.006540992297232151,0.01947934031486511,0.02970050685107708,0.06577769070863723,0.0,0.07139337062835693,0.0,0.2823888957500458
715,0.006707282457500696,0.02023436166346073,0.031284920498728754,0.0690903201699257,0.0,0.071391262114048,0.0,0.28238779306411743
716,0.006468206271529197,0.01955830454826355,0.029531963914632798,0.0699579268693924,0.0,0.071396604180336,0.0,0.2823859751224518
717,0.006663151364773512,0.0195358294993639,0.03054928332567215,0.07174666672945022,0.0,0.07140327244997025,0.0,0.2823825478553772
718,0.006128120794892311,0.019741782546043397,0.03169403746724129,0.06670768335461616,0.0,0.07140849530696869,0.0,0.2823779582977295
719,0.006682953424751758,0.02010221965610981,0.03155908621847629,0.0701997272670269,0.0,0.07141090929508209,0.0,0.2823723256587982
720,0.006422475166618824,0.01967400945723057,0.028800754621624947,0.06981321051716805,0.0,0.07140904664993286,0.0,0.2823682427406311
721,0.00610810024663806,0.0190138753503561,0.031172695010900496,0.06917668133974075,0.0,0.07140610367059708,0.0,0.28236687183380127
722,0.006609803065657616,0.019964825734496115,0.031282713264226915,0.07203682065010071,0.0,0.07140056788921356,0.0,0.2823662757873535
723,0.006528143770992756,0.01959426924586296,0.028606174886226653,0.07259937971830369,0.0,0.07139434665441513,0.0,0.2823648154735565
724,0.006459842715412378,0.018419424444437026,0.030396946892142295,0.07282160520553589,0.0,0.07138779759407043,0.0,0.28236350417137146
725,0.006600573007017374,0.019148317724466325,0.03048367388546467,0.07013780623674393,0.0,0.07137835025787354,0.0,0.2823614478111267
726,0.006700689345598221,0.019839518144726752,0.030643610656261443,0.07449603378772736,0.0,0.07136987149715424,0.0,0.28235924243927
727,0.006442591361701488,0.019583098217844964,0.029847095534205437,0.06693709641695023,0.0,0.07135836780071259,0.0,0.28235822916030884
728,0.0067100895568728445,0.020297951623797418,0.031009356677532195,0.07324271500110627,0.0,0.07134662568569183,0.0,0.28235772252082825
729,0.0063311363570392135,0.019249045103788377,0.02786564491689205,0.07090639173984528,0.0,0.07133762538433075,0.0,0.2823610305786133
730,0.006527486816048622,0.01935836486518383,0.029026710242033005,0.0728915736079216,0.0,0.07132522761821747,0.0,0.2823662757873535
731,0.006720181368291378,0.018862105160951614,0.027865139394998552,0.06757622808218003,0.0,0.07131262868642807,0.0,0.2823702394962311
732,0.006457066256552934,0.01993487775325775,0.03029753379523754,0.06748351827263832,0.0,0.07129959762096405,0.0,0.2823733687400818
733,0.006776771973818541,0.020081474632024764,0.029343510791659356,0.07171524167060853,0.0,0.0712859258055687,0.0,0.282376229763031
734,0.006669967342168093,0.018985267356038095,0.03161242417991161,0.0715201586484909,0.0,0.07127419859170914,0.0,0.28238222002983093
735,0.006419671420007944,0.018721982836723328,0.02997770346701145,0.07380730211734772,0.0,0.07126007974147797,0.0,0.2823888957500458
736,0.006649391259998083,0.020412348583340643,0.029381561279296874,0.07025970220565796,0.0,0.07124309986829758,0.0,0.28239697217941284
737,0.0063797195442020895,0.020728668943047524,0.02974652387201786,0.0677202895283699,0.0,0.07123546302318573,0.0,0.28240451216697693
738,0.006487488467246294,0.019151892885565756,0.029171223193407057,0.06741250902414322,0.0,0.07123430073261261,0.0,0.28241080045700073
739,0.0066990221850574015,0.019650157168507577,0.030430024862289427,0.07469013631343842,0.0,0.07122966647148132,0.0,0.28241604566574097
740,0.007032900862395763,0.020079752430319786,0.029771818593144418,0.06733485907316208,0.0,0.07122655212879181,0.0,0.28242072463035583
741,0.006584351137280464,0.018647756054997446,0.030774039030075074,0.06922098100185395,0.0,0.07122225314378738,0.0,0.2824243903160095
742,0.006639822386205196,0.020752904191613197,0.02853828966617584,0.06775696426630021,0.0,0.07122530788183212,0.0,0.2824253439903259
743,0.006872364971786738,0.019590608030557632,0.031032638624310493,0.07107265889644623,0.0,0.0712348073720932,0.0,0.28242507576942444
744,0.006725840829312801,0.019423703476786614,0.027792180702090264,0.06927495002746582,0.0,0.07124517858028412,0.0,0.2824247479438782
745,0.006199848279356957,0.019268281757831573,0.027586712688207626,0.07213061302900314,0.0,0.07125326246023178,0.0,0.28242337703704834
746,0.006677864585071802,0.020820583403110503,0.03062600679695606,0.06831007450819016,0.0,0.07126264274120331,0.0,0.28242138028144836
747,0.00643047159537673,0.020166616514325143,0.031040412932634355,0.07006255835294724,0.0,0.07127378135919571,0.0,0.2824191451072693
748,0.006545401550829411,0.01949617825448513,0.030771883204579353,0.07485193908214569,0.0,0.07129056751728058,0.0,0.282416969537735
749,0.006752941105514765,0.020604538172483443,0.030127915740013122,0.06699203103780746,0.0,0.07129984349012375,0.0,0.2824159264564514
750,0.006693799234926701,0.019407285377383232,0.03020445667207241,0.07203219532966613,0.0,0.07130948454141617,0.0,0.28241461515426636
751,0.006450381316244602,0.02036821246147156,0.03091971166431904,0.07196786403656005,0.0,0.0713152140378952,0.0,0.28241461515426636
752,0.006863897852599621,0.019365930184721946,0.032185764983296394,0.06552170515060425,0.0,0.07131854444742203,0.0,0.2824138402938843
753,0.006504986900836229,0.01968132294714451,0.030928710475564003,0.0682441160082817,0.0,0.07132376730442047,0.0,0.28241509199142456
754,0.006622378434985876,0.019805623963475228,0.029770905524492262,0.06866047382354737,0.0,0.07132947444915771,0.0,0.28241896629333496
755,0.006683982256799936,0.020393635705113412,0.031031741946935653,0.07193791419267655,0.0,0.07133489102125168,0.0,0.2824227511882782
756,0.006174243614077568,0.019133929535746573,0.030871810764074324,0.06863152235746384,0.0,0.0713423490524292,0.0,0.28242605924606323
757,0.006178053840994835,0.02017046883702278,0.03044082745909691,0.06852476000785827,0.0,0.07134748250246048,0.0,0.2824297547340393
758,0.006533578038215637,0.01883649192750454,0.03008374199271202,0.06798527538776397,0.0,0.07136373966932297,0.0,0.2824321389198303
759,0.006554604880511761,0.020156243070960044,0.031326960772275925,0.07291051968932152,0.0,0.071381114423275,0.0,0.2824326157569885
760,0.006451237574219703,0.01969105936586857,0.029254181683063506,0.07173323929309845,0.0,0.07139712572097778,0.0,0.28243082761764526
761,0.0066454908810555935,0.019254226982593537,0.030276786535978317,0.0709869384765625,0.0,0.07141605764627457,0.0,0.28242725133895874
762,0.0064236393198370935,0.02008197456598282,0.031001662835478783,0.06914896965026855,0.0,0.07143127918243408,0.0,0.2824231684207916
763,0.006602686457335949,0.019458918645977975,0.029860048741102218,0.06679700762033462,0.0,0.07144830375909805,0.0,0.28241968154907227
764,0.0067054638639092445,0.019118213653564455,0.030697935074567795,0.07342650145292282,0.0,0.07146022468805313,0.0,0.2824174463748932
765,0.006519217509776354,0.019523153081536293,0.03092452548444271,0.07111584544181823,0.0,0.07147493213415146,0.0,0.2824154496192932
766,0.0063676763325929645,0.019793447107076645,0.029439095035195352,0.06918918341398239,0.0,0.071489617228508,0.0,0.28241437673568726
767,0.006584955845028162,0.019975972175598145,0.030725177377462387,0.06899587213993072,0.0,0.07150109857320786,0.0,0.28241515159606934
768,0.00631283400580287,0.020254676416516303,0.030736040323972702,0.06547152698040008,0.0,0.07151258736848831,0.0,0.2824155390262604
769,0.006516764592379332,0.019301508739590644,0.029479923099279402,0.07072535008192063,0.0,0.07152862846851349,0.0,0.2824166417121887
770,0.006322424113750458,0.019789894670248033,0.029719722643494605,0.07057311087846756,0.0,0.07154329121112823,0.0,0.2824183702468872
771,0.006237574853003025,0.018735688552260397,0.029696002975106238,0.07232255935668945,0.0,0.07155217230319977,0.0,0.28242063522338867
772,0.006360442843288183,0.020078549161553383,0.030216287076473235,0.06985564976930618,0.0,0.07155795395374298,0.0,0.2824247181415558
773,0.006843975558876991,0.019375023245811463,0.029923513531684875,0.07278229147195817,0.0,0.07156224548816681,0.0,0.2824292778968811
774,0.006450062897056341,0.018376000598073004,0.03149181194603443,0.07159461677074433,0.0,0.07156452536582947,0.0,0.28243643045425415
775,0.00664091082289815,0.01921684928238392,0.028938775509595872,0.07342050671577453,0.0,0.07156185805797577,0.0,0.28244051337242126
776,0.006300952006131411,0.02000381201505661,0.03075338825583458,0.07166936546564102,0.0,0.07156039774417877,0.0,0.2824445366859436
777,0.006569030694663525,0.019259797409176826,0.028463558480143546,0.07014613300561905,0.0,0.07156290113925934,0.0,0.2824466824531555
778,0.006385061051696539,0.01978396624326706,0.028585507348179818,0.07275902926921844,0.0,0.07156173139810562,0.0,0.2824486494064331
779,0.00638950876891613,0.020567260682582855,0.030325961485505103,0.07429906278848648,0.0,0.07156270742416382,0.0,0.2824520468711853
780,0.006961070280522108,0.01903054751455784,0.029632516950368882,0.07276406139135361,0.0,0.071568563580513,0.0,0.2824554741382599
781,0.007034484297037125,0.020737536996603013,0.03164689876139164,0.07062969654798508,0.0,0.07157261669635773,0.0,0.2824574410915375
782,0.006749216001480818,0.01956275850534439,0.030961645394563676,0.06704162433743477,0.0,0.07157290726900101,0.0,0.2824600636959076
783,0.006502360664308071,0.01916615255177021,0.02964489683508873,0.0704748049378395,0.0,0.071567602455616,0.0,0.28246405720710754
784,0.006782103143632412,0.0200518611818552,0.032537505775690076,0.06948076784610749,0.0,0.07155992835760117,0.0,0.2824670970439911
785,0.006331021804362536,0.019183657318353652,0.029359734803438186,0.06833661496639251,0.0,0.0715489462018013,0.0,0.2824697494506836
786,0.006861387751996517,0.019567462056875227,0.029302095249295234,0.07032549977302552,0.0,0.07154043018817902,0.0,0.2824710011482239
787,0.006581120286136865,0.019362914189696313,0.030649811029434204,0.07287633419036865,0.0,0.07153353840112686,0.0,0.282473087310791
788,0.006378946080803871,0.020689433440566063,0.03088836297392845,0.07290945500135422,0.0,0.07152868807315826,0.0,0.2824740409851074
789,0.006080781482160092,0.018709926679730416,0.030988722667098047,0.06906141936779023,0.0,0.07152567058801651,0.0,0.28247398138046265
790,0.006800368521362543,0.020677805691957474,0.03316105119884014,0.06616830378770829,0.0,0.07152342796325684,0.0,0.28247371315956116
791,0.006982993148267269,0.019234034791588785,0.03221691995859146,0.06918435990810394,0.0,0.0715203583240509,0.0,0.2824729382991791
792,0.0064518885686993595,0.018791676312685014,0.029555997997522353,0.07130670249462127,0.0,0.07151580601930618,0.0,0.28247302770614624
793,0.006819906830787659,0.01961689367890358,0.029108722135424613,0.07192728221416474,0.0,0.07151000201702118,0.0,0.2824706435203552
794,0.006746909022331238,0.020116258040070535,0.029290221631526947,0.07254108935594558,0.0,0.07150410115718842,0.0,0.2824668288230896
795,0.006898040417581797,0.019882333651185035,0.03146098218858242,0.07316822856664658,0.0,0.07149983942508698,0.0,0.2824610769748688
796,0.0069217454642057415,0.019540487602353097,0.032533425092697146,0.06798633038997651,0.0,0.07149560749530792,0.0,0.2824564576148987
797,0.006656045559793711,0.0201620701700449,0.02881104312837124,0.07319506704807281,0.0,0.07149127870798111,0.0,0.28245148062705994
798,0.006485970411449671,0.02078395299613476,0.03185688778758049,0.07200888693332672,0.0,0.07148842513561249,0.0,0.2824473977088928
799,0.006400968600064516,0.019888244941830634,0.030084167048335074,0.06849616467952728,0.0,0.07148436456918716,0.0,0.2824448347091675
800,0.006149601005017757,0.020295623689889908,0.031227368116378783,0.06831015795469284,0.0,0.07147964090108871,0.0,0.28244298696517944
801,0.006454789824783802,0.02017425186932087,0.03014669343829155,0.06708999648690224,0.0,0.07147698849439621,0.0,0.2824423015117645
802,0.006669316999614238,0.020328766852617263,0.03182908110320568,0.06909392178058624,0.0,0.07147708535194397,0.0,0.2824435830116272
803,0.006437080912292004,0.01925894170999527,0.029830988496541977,0.06887511983513832,0.0,0.07147663086652756,0.0,0.28244662284851074
804,0.006902763433754444,0.018771670758724213,0.028777159005403518,0.07039996087551117,0.0,0.07147522270679474,0.0,0.28244978189468384
805,0.006545735616236925,0.02048557847738266,0.03084850013256073,0.0731294110417366,0.0,0.07147035002708435,0.0,0.28245383501052856
806,0.007009733933955431,0.02020736001431942,0.0313714012503624,0.07377192378044128,0.0,0.07146816700696945,0.0,0.28245681524276733
807,0.006670537497848272,0.019347576424479485,0.029497047886252403,0.07103842198848724,0.0,0.0714695081114769,0.0,0.282457172870636
808,0.006507791765034199,0.020043841749429702,0.030352717638015746,0.07032531425356865,0.0,0.07146622985601425,0.0,0.28245607018470764
809,0.006179067958146334,0.01993091478943825,0.031049198657274246,0.06799117773771286,0.0,0.07146395742893219,0.0,0.28245681524276733
810,0.007064121402800083,0.01957848034799099,0.031139693781733514,0.07100834026932716,0.0,0.0714631974697113,0.0,0.28245753049850464
811,0.006897424813359976,0.019290239736437797,0.030328629538416862,0.06832364201545715,0.0,0.07145658880472183,0.0,0.282457172870636
812,0.006557908933609724,0.01937481090426445,0.028824032098054887,0.0709382101893425,0.0,0.07145030796527863,0.0,0.2824541926383972
813,0.00644974010065198,0.01934109479188919,0.031169918179512025,0.06992203444242477,0.0,0.0714479312300682,0.0,0.28245195746421814
814,0.006782805826514959,0.01960632987320423,0.03001520186662674,0.06542644947767258,0.0,0.071445032954216,0.0,0.28245145082473755
815,0.006525919772684574,0.02058895006775856,0.029312143102288246,0.07028391659259796,0.0,0.07143893837928772,0.0,0.2824500799179077
816,0.006650087330490351,0.020070341974496843,0.028741708025336266,0.07255675941705704,0.0,0.0714367926120758,0.0,0.2824473977088928
817,0.00673768762499094,0.01897009052336216,0.03271630704402924,0.07266281694173812,0.0,0.07143574953079224,0.0,0.2824421525001526
818,0.006642724480479955,0.019511837512254715,0.03016023002564907,0.06834557503461838,0.0,0.07143743336200714,0.0,0.28243741393089294
819,0.0064829387702047825,0.019052126631140708,0.02887112908065319,0.07619158923625946,0.0,0.07144566625356674,0.0,0.28243136405944824
820,0.0066005831584334375,0.019999882951378823,0.027767763659358024,0.06722771748900414,0.0,0.07145209610462189,0.0,0.2824273109436035
821,0.006576167233288288,0.019569867849349977,0.0300693329423666,0.06579233556985856,0.0,0.07145197689533234,0.0,0.2824226915836334
822,0.006344314757734537,0.020031270384788514,0.029314935579895972,0.06539109125733375,0.0,0.07144974172115326,0.0,0.28241807222366333
823,0.0064880503341555595,0.02002542167901993,0.03073120079934597,0.06821635663509369,0.0,0.07144775241613388,0.0,0.2824161946773529
824,0.006562303751707077,0.01919667012989521,0.03004910983145237,0.07418928593397141,0.0,0.07144100964069366,0.0,0.2824152410030365
825,0.006843401677906513,0.02005321569740772,0.030429824814200403,0.0715743437409401,0.0,0.07143306732177734,0.0,0.28241389989852905
826,0.006569281034171581,0.019604014977812768,0.03203330785036087,0.06776758581399918,0.0,0.07142259925603867,0.0,0.282412588596344
827,0.0062664921395480635,0.01895364299416542,0.029178396612405778,0.07148301079869271,0.0,0.07141422480344772,0.0,0.282412588596344
828,0.0064885404892265795,0.019572391733527185,0.029661116376519202,0.07186923772096634,0.0,0.07140791416168213,0.0,0.28241148591041565
829,0.0064026560634374615,0.02038674205541611,0.033201031386852264,0.07022755891084671,0.0,0.07139591872692108,0.0,0.2824094891548157
830,0.006513915676623583,0.020673792436718942,0.03037562146782875,0.06917890757322312,0.0,0.07138793170452118,0.0,0.28240832686424255
831,0.0065506304614245895,0.01987122744321823,0.030284250900149346,0.0678684502840042,0.0,0.07139073312282562,0.0,0.28240519762039185
832,0.006679829675704241,0.01855243481695652,0.030950670316815376,0.06943071782588958,0.0,0.07139293849468231,0.0,0.28240257501602173
833,0.006843076180666685,0.01975780427455902,0.029621024057269095,0.06485872194170952,0.0,0.07139161974191666,0.0,0.2823987901210785
834,0.006306202989071608,0.01928423121571541,0.03188465796411037,0.07106983065605163,0.0,0.07138602435588837,0.0,0.2823939919471741
835,0.0066844973713159565,0.020958880707621575,0.029319151490926742,0.07341342717409134,0.0,0.07138096541166306,0.0,0.28238949179649353
836,0.00695972740650177,0.01952027790248394,0.02906169705092907,0.07036755904555321,0.0,0.07137631624937057,0.0,0.2823820412158966
837,0.006934068538248539,0.019547858834266664,0.030743343010544776,0.0734542340040207,0.0,0.07137642055749893,0.0,0.28237682580947876
838,0.006414125021547079,0.02003054991364479,0.030519283935427667,0.06914011687040329,0.0,0.07137888669967651,0.0,0.28237271308898926
839,0.007147581968456507,0.01998816169798374,0.03193471729755402,0.07087834626436233,0.0,0.07138127088546753,0.0,0.28237098455429077
840,0.006297426670789719,0.019230468943715096,0.031283113732934,0.066534636169672,0.0,0.0713856965303421,0.0,0.28237026929855347
841,0.006818260811269283,0.019969261065125466,0.033017510548233986,0.06914404630661011,0.0,0.0713903158903122,0.0,0.28237128257751465
842,0.0066800258122384545,0.01999288648366928,0.03035220392048359,0.07369309514760972,0.0,0.07139460742473602,0.0,0.2823698818683624
843,0.006771712563931942,0.018826770409941674,0.029993236437439917,0.06975520849227905,0.0,0.07140123844146729,0.0,0.2823675274848938
844,0.006306108273565769,0.020058435201644898,0.030894410237669943,0.07489736080169677,0.0,0.07140492647886276,0.0,0.2823643088340759
845,0.006590675842016935,0.018733929842710495,0.031044263392686844,0.0698034182190895,0.0,0.07140980660915375,0.0,0.2823597490787506
846,0.006745917908847332,0.019058070331811904,0.03167661279439926,0.07264879047870636,0.0,0.07141204178333282,0.0,0.28235605359077454
847,0.006685609184205532,0.01916811689734459,0.0324969083070755,0.07007009834051132,0.0,0.07140784710645676,0.0,0.28235259652137756
848,0.006504746992141009,0.019712367653846742,0.029391489550471307,0.07409054934978485,0.0,0.07140102237462997,0.0,0.28234848380088806
849,0.00680343983694911,0.020579034835100173,0.029115894436836244,0.06957107931375503,0.0,0.07139389961957932,0.0,0.28234559297561646
850,0.006247853115200997,0.020142325013875962,0.02931459918618202,0.06964705735445023,0.0,0.0713917538523674,0.0,0.28234225511550903
851,0.006683485396206379,0.019613879546523095,0.03159838244318962,0.07204694673418999,0.0,0.07139027863740921,0.0,0.28233641386032104
852,0.0063289240002632145,0.01984921395778656,0.030779274925589562,0.06951503455638885,0.0,0.07138489931821823,0.0,0.28233224153518677
853,0.0071681317873299125,0.01985730305314064,0.02977186255156994,0.07211828529834748,0.0,0.07137711346149445,0.0,0.2823280692100525
854,0.0068501609377563,0.019519516080617905,0.03125120513141155,0.06677326411008835,0.0,0.07136812061071396,0.0,0.2823259234428406
855,0.006440668925642967,0.01948622316122055,0.03028219789266586,0.07108813673257827,0.0,0.07135625928640366,0.0,0.2823236882686615
856,0.006239705160260201,0.019218477979302408,0.0284639947116375,0.06858423799276352,0.0,0.07134687155485153,0.0,0.2823234498500824
857,0.006213702540844679,0.019575925916433333,0.030228050798177718,0.06655337661504745,0.0,0.07133334875106812,0.0,0.28232330083847046
858,0.0066973577253520485,0.01983904428780079,0.03083365932106972,0.06843530535697936,0.0,0.07132111489772797,0.0,0.2823233902454376
859,0.006646779272705317,0.019417449831962585,0.028157470375299455,0.07176848649978637,0.0,0.07131056487560272,0.0,0.28232526779174805
860,0.006684899237006903,0.019679278135299683,0.029492595046758652,0.06435485780239106,0.0,0.07130300253629684,0.0,0.28232890367507935
861,0.006752237770706415,0.019589971005916595,0.030199742317199706,0.06351984068751335,0.0,0.07129905372858047,0.0,0.2823338806629181
862,0.0065497935749590395,0.02080266736447811,0.02898983806371689,0.07221371233463288,0.0,0.07129980623722076,0.0,0.2823401391506195
863,0.006234718114137649,0.018780414760112763,0.03058539666235447,0.07019089162349701,0.0,0.07129497826099396,0.0,0.2823447585105896
864,0.006836941838264466,0.01905546262860298,0.028842882812023164,0.062231143563985826,0.0,0.07129301130771637,0.0,0.2823486924171448
865,0.006488952599465847,0.019585228338837624,0.02975923754274845,0.06679742783308029,0.0,0.07128770649433136,0.0,0.28235113620758057
866,0.006577206589281559,0.01961898133158684,0.03065730184316635,0.06819493621587754,0.0,0.07128478586673737,0.0,0.28235143423080444
867,0.006322561390697956,0.019412662088871,0.03172935321927071,0.07122926115989685,0.0,0.07128271460533142,0.0,0.28234919905662537
868,0.006541410088539123,0.020100051164627077,0.03170054890215397,0.06979886889457702,0.0,0.0712786540389061,0.0,0.2823442816734314
869,0.006682886369526386,0.02002214789390564,0.03331374675035477,0.07116105109453201,0.0,0.07127726078033447,0.0,0.2823374271392822
870,0.006697772908955813,0.01998532600700855,0.030480637028813363,0.0692024901509285,0.0,0.07127700746059418,0.0,0.28232961893081665
871,0.006200821418315172,0.02021217718720436,0.03181294053792953,0.06786583885550498,0.0,0.07127492874860764,0.0,0.2823224663734436
872,0.006452549155801535,0.01943621039390564,0.03224826753139496,0.07245874255895615,0.0,0.071273572742939,0.0,0.28231605887413025
873,0.00659775473177433,0.019077325612306593,0.029080499336123465,0.06851708367466927,0.0,0.07127449661493301,0.0,0.282310426235199
874,0.00658208541572094,0.019083135202527045,0.02982705719769001,0.06793959885835647,0.0,0.07127170264720917,0.0,0.2823048532009125
875,0.006549157854169607,0.019380148500204086,0.03065784014761448,0.06935288459062576,0.0,0.07126667350530624,0.0,0.2823002338409424
876,0.006849029660224914,0.020016178861260413,0.0283245999366045,0.06691911295056344,0.0,0.0712667852640152,0.0,0.28229671716690063
877,0.0068226344883441925,0.02017781212925911,0.0313755139708519,0.06591030806303025,0.0,0.07127003371715546,0.0,0.2822936475276947
878,0.006498039141297341,0.019428711012005807,0.030210039019584654,0.0720418080687523,0.0,0.071275994181633,0.0,0.2822891175746918
879,0.0067175494506955145,0.019266485422849654,0.031011706963181496,0.07011635899543762,0.0,0.07128004729747772,0.0,0.2822842597961426
880,0.006270402390509844,0.019598333910107613,0.030028128996491432,0.06944871693849564,0.0,0.07128188759088516,0.0,0.2822793424129486
881,0.006911707669496536,0.01946481615304947,0.03112727403640747,0.06975151002407073,0.0,0.07128487527370453,0.0,0.2822735905647278
882,0.006725775543600321,0.02001848891377449,0.03161443099379539,0.06761419400572777,0.0,0.07129179686307907,0.0,0.28226882219314575
883,0.006637738738209009,0.020281072333455087,0.03068426139652729,0.06532832086086274,0.0,0.07130096852779388,0.0,0.2822670340538025
884,0.006596314627677203,0.02031540162861347,0.03091980963945389,0.07059188783168793,0.0,0.07131308317184448,0.0,0.2822689712047577
885,0.00692326258867979,0.021076659113168715,0.030827756226062774,0.0697883889079094,0.0,0.07132858037948608,0.0,0.28227224946022034
886,0.006300555169582367,0.019569413363933565,0.03069690950214863,0.06993668377399445,0.0,0.07134418934583664,0.0,0.2822744846343994
887,0.006259434018284082,0.019581661373376847,0.028496894985437393,0.06799575686454773,0.0,0.07136008888483047,0.0,0.2822781801223755
888,0.006811363250017166,0.018800491094589235,0.03081270307302475,0.06755533665418625,0.0,0.07137733697891235,0.0,0.28228041529655457
889,0.006548276077955962,0.019525977596640588,0.03204079642891884,0.06869258806109428,0.0,0.07138894498348236,0.0,0.28228309750556946
890,0.006658445578068495,0.019327868521213532,0.030833155661821366,0.06829807460308075,0.0,0.0713948979973793,0.0,0.28228381276130676
891,0.006618672143667936,0.01974598690867424,0.02996595874428749,0.07159062027931214,0.0,0.07139609009027481,0.0,0.28228503465652466
892,0.006232100632041692,0.019645913690328597,0.02978869080543518,0.0744458019733429,0.0,0.07139338552951813,0.0,0.2822853624820709
893,0.006901190988719464,0.019098009169101714,0.03113473653793335,0.06852299571037293,0.0,0.07138477265834808,0.0,0.28228458762168884
894,0.006128986645489931,0.0193554375320673,0.030337747558951376,0.0715957060456276,0.0,0.07137268781661987,0.0,0.282286673784256
895,0.006947321910411119,0.019331008940935136,0.030606869235634805,0.06934674978256225,0.0,0.07136492431163788,0.0,0.28228896856307983
896,0.00638284171000123,0.020156041905283927,0.03100054934620857,0.07034160792827607,0.0,0.0713607668876648,0.0,0.2822912335395813
897,0.006813343428075313,0.019640660658478738,0.028047387301921845,0.071041738986969,0.0,0.07135416567325592,0.0,0.2822941839694977
898,0.006340657640248537,0.018347225710749628,0.03102656491100788,0.07168510407209397,0.0,0.0713479220867157,0.0,0.28229641914367676
899,0.0066435403190553185,0.019967224076390268,0.03143435977399349,0.06768247410655022,0.0,0.07134637981653214,0.0,0.2822989821434021
900,0.006638709083199501,0.019604077190160753,0.0286714531481266,0.06801701039075851,0.0,0.07134506106376648,0.0,0.28230148553848267
901,0.006514292303472757,0.019929682463407518,0.029468186572194098,0.07212521880865097,0.0,0.07133809477090836,0.0,0.2823045253753662
902,0.006760209146887064,0.020637523010373117,0.031223512068390847,0.07070807069540024,0.0,0.07133497297763824,0.0,0.2823077440261841
903,0.006443329621106386,0.020395922660827636,0.033622078225016595,0.07041547000408173,0.0,0.07133641839027405,0.0,0.2823101282119751
904,0.006215190142393112,0.019385223090648652,0.029221652448177336,0.06700482815504075,0.0,0.07133930921554565,0.0,0.28230947256088257
905,0.006281736865639686,0.019432468339800835,0.03350340090692043,0.06727111786603927,0.0,0.07134004682302475,0.0,0.28230902552604675
906,0.006774455402046442,0.020499877259135248,0.031672078371047976,0.07391886711120606,0.0,0.07133981585502625,0.0,0.28230828046798706
907,0.006450513377785683,0.020915618538856505,0.030565645918250083,0.06861114352941514,0.0,0.07133983075618744,0.0,0.2823057472705841
908,0.006505272816866636,0.019076902791857718,0.029924064129590987,0.07164158076047897,0.0,0.07134729623794556,0.0,0.2823028564453125
909,0.006110493093729019,0.0197439331561327,0.028383465856313704,0.0711838349699974,0.0,0.07135354727506638,0.0,0.28230053186416626
910,0.006277402304112912,0.020308076217770577,0.0299542423337698,0.07286834567785264,0.0,0.07136321812868118,0.0,0.28229913115501404
911,0.006867618393152952,0.019683516770601272,0.031294241175055505,0.07234275937080384,0.0,0.07137210667133331,0.0,0.28229838609695435
912,0.006533966865390539,0.02026461474597454,0.033336353674530986,0.07129396200180053,0.0,0.0713786631822586,0.0,0.2822962701320648
913,0.006686087418347597,0.019245998561382295,0.028607724606990813,0.07190740555524826,0.0,0.07139398902654648,0.0,0.28229576349258423
914,0.006761864572763443,0.01928749233484268,0.02978629693388939,0.07348226010799408,0.0,0.07141060382127762,0.0,0.28229495882987976
915,0.006436539348214865,0.019718794897198678,0.029058843106031417,0.06573464423418045,0.0,0.07142536342144012,0.0,0.2822950482368469
916,0.006030728574842215,0.020130319893360137,0.02986101768910885,0.06805583238601684,0.0,0.07143936306238174,0.0,0.28229495882987976
917,0.006654358748346567,0.020669687166810037,0.029852406680583955,0.0696856826543808,0.0,0.07145930826663971,0.0,0.2822946012020111
918,0.0064904516562819484,0.018571286648511886,0.030321671813726424,0.06888802647590637,0.0,0.07147903740406036,0.0,0.28229352831840515
919,0.006528265960514546,0.02088690660893917,0.03239895962178707,0.06898320019245148,0.0,0.0714958980679512,0.0,0.2822936475276947
920,0.006507961172610521,0.0195765919983387,0.03095054514706135,0.0693009689450264,0.0,0.07151131331920624,0.0,0.2822929322719574
921,0.0066743801347911354,0.02003219202160835,0.032009302824735644,0.07050221115350723,0.0,0.07152773439884186,0.0,0.28229427337646484
922,0.006566991750150919,0.019578515738248824,0.030273108184337615,0.07116159796714783,0.0,0.07154606282711029,0.0,0.2822962701320648
923,0.0061575986444950105,0.01914481595158577,0.03158964700996876,0.06751185730099678,0.0,0.07156698405742645,0.0,0.28229647874832153
924,0.007106004096567631,0.01952408403158188,0.03162352591753006,0.06674713715910911,0.0,0.07159019261598587,0.0,0.28229790925979614
925,0.006632919143885374,0.019688365608453752,0.03247307911515236,0.07064370512962341,0.0,0.0716133862733841,0.0,0.2822977602481842
926,0.0063227532431483265,0.02012999765574932,0.030069050937891008,0.066973215341568,0.0,0.0716368705034256,0.0,0.28229573369026184
927,0.00651171151548624,0.019567813351750375,0.03105156160891056,0.07165723517537118,0.0,0.07166361808776855,0.0,0.2822927236557007
928,0.006578911188989877,0.019547789171338082,0.03241055011749268,0.07066564112901688,0.0,0.07168499380350113,0.0,0.2822893559932709
929,0.0066751171834766865,0.01942526437342167,0.03136798813939094,0.073102205991745,0.0,0.07170063257217407,0.0,0.2822861075401306
930,0.00665496326982975,0.019738145545125006,0.03211101070046425,0.07186108678579331,0.0,0.07171594351530075,0.0,0.28228387236595154
931,0.0064818175509572026,0.019542868807911874,0.029965327680110933,0.07136434018611908,0.0,0.07172603905200958,0.0,0.2822858989238739
932,0.006205415166914463,0.01912752687931061,0.02993665896356106,0.06952319517731667,0.0,0.07173822820186615,0.0,0.2822875380516052
933,0.006711721327155829,0.019879062101244925,0.03000016063451767,0.07284658402204514,0.0,0.07175110280513763,0.0,0.28228873014450073
934,0.006475753616541624,0.019681305065751074,0.02979968339204788,0.06804187893867493,0.0,0.07176925241947174,0.0,0.2822917401790619
935,0.006398213189095258,0.019570992141962052,0.028999961167573928,0.07075175344944,0.0,0.0717862993478775,0.0,0.2822924256324768
936,0.006601202301681042,0.0197754867374897,0.02940712347626686,0.06918588057160377,0.0,0.07180014252662659,0.0,0.28229451179504395
937,0.00656836973503232,0.020166485756635665,0.028475729376077653,0.06909662783145905,0.0,0.07181943953037262,0.0,0.28229832649230957
938,0.0069423865526914595,0.019947443157434464,0.031805602833628654,0.07119674682617187,0.0,0.07184084504842758,0.0,0.2823033630847931
939,0.006575614493340254,0.019048241525888444,0.031114136800169945,0.07054199576377869,0.0,0.07186315953731537,0.0,0.28230759501457214
940,0.0064661405980587,0.019889666140079497,0.02933718338608742,0.07248480468988419,0.0,0.07188482582569122,0.0,0.2823103964328766
941,0.006596401333808899,0.02012949585914612,0.030253952741622923,0.07140517085790635,0.0,0.07190199196338654,0.0,0.2823118567466736
942,0.00654098903760314,0.020074024423956872,0.03143193796277046,0.07158876657485962,0.0,0.07192379981279373,0.0,0.28231215476989746
943,0.0063813733868300915,0.019577459245920182,0.029699421674013137,0.06847992762923241,0.0,0.07194787263870239,0.0,0.2823105752468109
944,0.006546094361692667,0.018735531717538834,0.030416665598750114,0.06923371702432632,0.0,0.07197120040655136,0.0,0.28230729699134827
945,0.00684206336736679,0.01979367099702358,0.030941598862409592,0.07081587761640548,0.0,0.07199212908744812,0.0,0.28230229020118713
946,0.006719466857612133,0.019150589779019355,0.028994129225611686,0.06871125400066376,0.0,0.07201112806797028,0.0,0.2822970747947693
947,0.0065004612319171425,0.018844104558229446,0.02996402271091938,0.06871218234300613,0.0,0.07203211635351181,0.0,0.2822922170162201
948,0.006294982973486185,0.020332226902246474,0.03241908885538578,0.0744504138827324,0.0,0.07205045223236084,0.0,0.2822890877723694
949,0.006618720944970846,0.01853385902941227,0.0280786894261837,0.07172824591398239,0.0,0.07206785678863525,0.0,0.2822876572608948
950,0.006517826765775681,0.019289680197834967,0.02740650251507759,0.0683709017932415,0.0,0.07208281010389328,0.0,0.2822877764701843
951,0.006678218953311443,0.019946787133812906,0.031785208731889725,0.07041544020175934,0.0,0.07209761440753937,0.0,0.28228938579559326
952,0.006447569001466036,0.01969856470823288,0.032540110498666765,0.07263337522745132,0.0,0.07211358100175858,0.0,0.28229063749313354
953,0.0068055538460612295,0.019579769298434257,0.033358512073755266,0.06777174547314643,0.0,0.07212599366903305,0.0,0.2822926640510559
954,0.006445277854800225,0.019527760893106462,0.029494184255599975,0.06982612684369087,0.0,0.0721348449587822,0.0,0.28229227662086487
955,0.006936298124492169,0.01947910450398922,0.029868746921420098,0.06972486674785613,0.0,0.07214158773422241,0.0,0.2822902798652649
956,0.006543137691915035,0.01926302947103977,0.029649854823946952,0.07006181478500366,0.0,0.07214033603668213,0.0,0.2822912931442261
957,0.005905443709343672,0.020306828990578653,0.029203073307871818,0.07179400622844696,0.0,0.07213901728391647,0.0,0.28229212760925293
958,0.0069108568131923676,0.019549065455794334,0.02895387411117554,0.06900036931037903,0.0,0.07214124500751495,0.0,0.2822936773300171
959,0.006380882859230041,0.020013361051678658,0.028946994990110397,0.068368349224329,0.0,0.07213971018791199,0.0,0.2822936773300171
960,0.006700441054999828,0.019452599808573723,0.028569946810603142,0.070671184360981,0.0,0.07213649898767471,0.0,0.28229430317878723
961,0.006413067225366831,0.01963692456483841,0.030087845027446748,0.06730167269706726,0.0,0.07213149964809418,0.0,0.2822938859462738
962,0.006555735506117344,0.01937932297587395,0.03008243814110756,0.06877346485853195,0.0,0.07212644815444946,0.0,0.28229567408561707
963,0.006057312898337841,0.019996806234121322,0.03146608956158161,0.07065414637327194,0.0,0.07211862504482269,0.0,0.2822973430156708
964,0.006647749524563551,0.018823106586933137,0.03025461807847023,0.06762896925210952,0.0,0.07211732864379883,0.0,0.2822982966899872
965,0.006483179051429033,0.02003159485757351,0.027598604932427405,0.07003210633993148,0.0,0.07211313396692276,0.0,0.28230077028274536
966,0.006500680930912495,0.019649164378643037,0.03060138039290905,0.07000699490308762,0.0,0.0721142441034317,0.0,0.2823030948638916
967,0.006518654339015484,0.02027469649910927,0.028501813858747484,0.06832705438137054,0.0,0.07211701571941376,0.0,0.2823046147823334
968,0.0061990730464458466,0.019779819622635843,0.03066188469529152,0.0747488871216774,0.0,0.07212074100971222,0.0,0.28230682015419006
969,0.006397469993680715,0.019244976341724396,0.029491217434406282,0.06874201446771622,0.0,0.0721222311258316,0.0,0.28231266140937805
970,0.006749438401311636,0.019668557122349738,0.02705434337258339,0.07266410291194916,0.0,0.07212565839290619,0.0,0.28231823444366455
971,0.006800778489559889,0.021064434945583344,0.031877408549189565,0.06859973669052125,0.0,0.07212711870670319,0.0,0.2823239266872406
972,0.006600139383226633,0.019490241631865503,0.030891584977507592,0.07336362153291702,0.0,0.07214552909135818,0.0,0.2823289930820465
973,0.006330062728375196,0.019549016654491425,0.02855638936161995,0.06956418603658676,0.0,0.07216054201126099,0.0,0.282331258058548
974,0.006496602203696966,0.020426934212446214,0.03180109262466431,0.0686839297413826,0.0,0.07217176258563995,0.0,0.28233376145362854
975,0.006340908911079168,0.01911178231239319,0.030424781516194342,0.07022913321852683,0.0,0.07218621671199799,0.0,0.28233471512794495
976,0.006175675336271525,0.01948225423693657,0.028803304955363273,0.07165742367506027,0.0,0.0721980407834053,0.0,0.28233733773231506
977,0.006496159452944994,0.019102058559656142,0.03169349655508995,0.0667421743273735,0.0,0.07221158593893051,0.0,0.2823408246040344
978,0.006421171873807907,0.01921618916094303,0.03056197352707386,0.0688834935426712,0.0,0.07222392410039902,0.0,0.28234395384788513
979,0.006579800602048635,0.020008857920765878,0.028132827207446098,0.06792562454938889,0.0,0.07223598659038544,0.0,0.2823466956615448
980,0.0069455658085644245,0.019660305976867676,0.029027149081230164,0.0728469356894493,0.0,0.07224693149328232,0.0,0.2823494076728821
981,0.006373041775077581,0.01926439218223095,0.029384545981884003,0.06882400810718536,0.0,0.0722573846578598,0.0,0.282351016998291
982,0.006660799868404866,0.02023913860321045,0.029971782863140107,0.0658979132771492,0.0,0.07226406037807465,0.0,0.28235334157943726
983,0.006624862737953663,0.01997135505080223,0.030016913637518884,0.06660490185022354,0.0,0.07227833569049835,0.0,0.28235629200935364
984,0.006611857935786248,0.020060156285762788,0.02968542091548443,0.06909670680761337,0.0,0.072293221950531,0.0,0.28235891461372375
985,0.006623330898582936,0.018654950708150864,0.030448801815509796,0.06699402630329132,0.0,0.07230706512928009,0.0,0.2823621332645416
986,0.006477836519479752,0.0201957855373621,0.02959706410765648,0.06862574964761733,0.0,0.0723201259970665,0.0,0.28236573934555054
987,0.006683053076267242,0.01946616992354393,0.029943635687232018,0.06766100823879242,0.0,0.07232971489429474,0.0,0.28236955404281616
988,0.006551478058099747,0.019486899301409722,0.03015257455408573,0.06756519749760628,0.0,0.07233516871929169,0.0,0.282374769449234
989,0.006586196273565293,0.0188495971262455,0.03034990206360817,0.07243958115577698,0.0,0.0723470076918602,0.0,0.2823774516582489
990,0.006112593691796064,0.01935163177549839,0.029744052886962892,0.06916431337594986,0.0,0.072360098361969,0.0,0.2823813855648041
991,0.0065130764618515965,0.020888930186629295,0.028118328005075455,0.07088879346847535,0.0,0.07237569242715836,0.0,0.282384991645813
992,0.0066602018661797045,0.018751399219036104,0.029397903755307198,0.07423562556505203,0.0,0.07238982617855072,0.0,0.28238794207572937
993,0.006852293387055397,0.019457652792334558,0.029578133672475814,0.07030174434185028,0.0,0.07240049540996552,0.0,0.2823910415172577
994,0.0063549187034368515,0.019067366048693656,0.029871711507439613,0.06767402142286301,0.0,0.07240909337997437,0.0,0.2823939919471741
995,0.006522950623184443,0.019536887109279633,0.030102162808179855,0.0703047201037407,0.0,0.07241439819335938,0.0,0.2823949158191681
996,0.0065603433176875114,0.018894442170858384,0.031399449706077574,0.06930441856384277,0.0,0.07241594791412354,0.0,0.2823960483074188
997,0.006525435112416744,0.020325079560279846,0.028973623365163802,0.07106696218252181,0.0,0.07241369783878326,0.0,0.28239551186561584
998,0.006539607141166926,0.019597000628709792,0.02936970628798008,0.07299978584051132,0.0,0.07241372764110565,0.0,0.28239378333091736
999,0.00636704359203577,0.020026012882590295,0.031024740636348726,0.0721132755279541,0.0,0.07241398841142654,0.0,0.2823922336101532
1000,0.006664234772324562,0.02026985213160515,0.03151950016617775,0.0688278168439865,0.0,0.07241286337375641,0.0,0.2823905646800995
1001,0.006666024215519428,0.020115211606025696,0.03208291009068489,0.07188860848546028,0.0,0.07241115719079971,0.0,0.28238922357559204
1002,0.006330350134521723,0.019720545038580894,0.02970915324985981,0.06876930445432664,0.0,0.07241334021091461,0.0,0.282390296459198
1003,0.00655205911025405,0.018905410170555116,0.029997360333800314,0.06930324733257294,0.0,0.07242044061422348,0.0,0.2823903262615204
1004,0.0063000072725117205,0.019208375364542007,0.03052203729748726,0.07062083780765534,0.0,0.07242605835199356,0.0,0.28239020705223083
1005,0.007071430701762438,0.019841372966766357,0.030880917608737946,0.0660372331738472,0.0,0.07243101298809052,0.0,0.282390296459198
1006,0.006802657991647721,0.02041744627058506,0.03020782470703125,0.07077156156301498,0.0,0.07244062423706055,0.0,0.2823917865753174
1007,0.006708859838545323,0.019270438700914383,0.03212388940155506,0.07083320617675781,0.0,0.07245028018951416,0.0,0.2823932468891144
1008,0.006673320662230253,0.02050556503236294,0.029028340056538583,0.06979279220104218,0.0,0.07245148718357086,0.0,0.2823936939239502
1009,0.006692911777645349,0.0208184152841568,0.029700613394379616,0.06379542276263236,0.0,0.07245548814535141,0.0,0.28239575028419495
1010,0.00647264402359724,0.019172703102231025,0.02965625748038292,0.06845254004001618,0.0,0.07245917618274689,0.0,0.2823966145515442
1011,0.006610989663749933,0.019918057695031167,0.029002055153250696,0.06934583187103271,0.0,0.07246054708957672,0.0,0.282398521900177
1012,0.006681179720908403,0.02014141045510769,0.02950533702969551,0.0684305727481842,0.0,0.07246559113264084,0.0,0.2824000418186188
1013,0.006655434984713793,0.019061264395713807,0.02919692248106003,0.0732976034283638,0.0,0.07247036695480347,0.0,0.2824000418186188
1014,0.006313065253198147,0.01993190832436085,0.03131393045186996,0.07147570699453354,0.0,0.07247614115476608,0.0,0.28239911794662476
1015,0.006220738776028157,0.01953110508620739,0.031102127954363824,0.06803644895553589,0.0,0.07248028367757797,0.0,0.2823982238769531
1016,0.0067201143130660055,0.020014728605747222,0.029499008506536483,0.06702903062105178,0.0,0.0724806934595108,0.0,0.28239768743515015
1017,0.006710912007838488,0.01879444494843483,0.031392160803079605,0.06673985123634338,0.0,0.07248322665691376,0.0,0.28239840269088745
1018,0.006427815835922957,0.019981494545936583,0.02979639284312725,0.0700149729847908,0.0,0.0724843293428421,0.0,0.28239792585372925
1019,0.006526746042072773,0.019816425815224647,0.03101208284497261,0.07212958782911301,0.0,0.07248318940401077,0.0,0.28239625692367554
1020,0.006595848966389895,0.02036615014076233,0.030543719232082368,0.07011106759309768,0.0,0.0724802240729332,0.0,0.28239449858665466
1021,0.006552901025861502,0.019859153404831888,0.03085324801504612,0.0690897412598133,0.0,0.07247345894575119,0.0,0.282392680644989
1022,0.006228651199489832,0.019064509123563767,0.029412318021059036,0.0642708644270897,0.0,0.07246799021959305,0.0,0.282392680644989
1023,0.006435984838753938,0.019882059097290038,0.028755321726202966,0.06745370030403137,0.0,0.07245983183383942,0.0,0.282391756772995
1024,0.007051959075033665,0.02060474790632725,0.03111511319875717,0.06951622366905212,0.0,0.07245064526796341,0.0,0.282390832901001
1025,0.006903190165758133,0.01916605979204178,0.0311783067882061,0.07226619422435761,0.0,0.07244081795215607,0.0,0.2823888659477234
1026,0.006328761484473944,0.01990634985268116,0.029242274537682533,0.06802977621555328,0.0,0.0724271908402443,0.0,0.28238606452941895
1027,0.006876724865287542,0.019834034517407416,0.030317439511418343,0.06727819666266441,0.0,0.07241424173116684,0.0,0.2823825776576996
1028,0.006678687781095505,0.02035202719271183,0.03139004595577717,0.06784983873367309,0.0,0.0724053606390953,0.0,0.28237906098365784
1029,0.00636112941429019,0.020403975248336793,0.029787227511405945,0.07058651149272918,0.0,0.07239638268947601,0.0,0.2823745608329773
1030,0.00641115140169859,0.019912830740213393,0.029369023442268372,0.06940056532621383,0.0,0.07239024341106415,0.0,0.2823690176010132
1031,0.006185586471110583,0.019793476536870004,0.029835737869143487,0.06747855916619301,0.0,0.07238533347845078,0.0,0.2823637127876282
1032,0.006414420437067747,0.020842938870191573,0.02980058491230011,0.069355708360672,0.0,0.07238074392080307,0.0,0.282359778881073
1033,0.006889514811336994,0.019818197935819626,0.02874315120279789,0.07011473923921585,0.0,0.07237379252910614,0.0,0.28235548734664917
1034,0.00649426095187664,0.02076895385980606,0.03058670312166214,0.07048744559288025,0.0,0.07236580550670624,0.0,0.282351553440094
1035,0.006743679661303759,0.020303269475698472,0.03178495317697525,0.06813941597938537,0.0,0.07235529273748398,0.0,0.2823488116264343
1036,0.00645469781011343,0.01977442279458046,0.03017464391887188,0.069952492415905,0.0,0.07234856486320496,0.0,0.2823469042778015
1037,0.006338141299784184,0.020087572559714318,0.03091263584792614,0.0664336659014225,0.0,0.07234390825033188,0.0,0.2823437750339508
1038,0.006729039363563061,0.0196160726249218,0.029291188716888426,0.07557553946971893,0.0,0.07233474403619766,0.0,0.2823401987552643
1039,0.0065514958463609215,0.019165276363492013,0.031093020364642142,0.07259628027677537,0.0,0.07232680171728134,0.0,0.2823367714881897
1040,0.006449837051331997,0.01896035149693489,0.03001970499753952,0.06928599700331688,0.0,0.07231743633747101,0.0,0.28233247995376587
1041,0.006518191751092672,0.018841145932674407,0.030092473328113555,0.06586429700255395,0.0,0.0723046064376831,0.0,0.2823258638381958
1042,0.006750623136758805,0.018904061615467073,0.03177112154662609,0.06483784317970276,0.0,0.07229108363389969,0.0,0.2823200821876526
1043,0.0064651106484234335,0.01879931129515171,0.029693638905882835,0.06630844846367837,0.0,0.07227404415607452,0.0,0.2823152542114258
1044,0.006757363118231297,0.018960224464535713,0.030821419134736062,0.06642138883471489,0.0,0.072257399559021,0.0,0.28230977058410645
1045,0.006438567768782377,0.01965128555893898,0.029805629327893258,0.07292679995298386,0.0,0.07223709672689438,0.0,0.28230246901512146
1046,0.0066781753674149515,0.019290557503700255,0.029798153787851334,0.06980957090854645,0.0,0.07222145795822144,0.0,0.2822957932949066
1047,0.006535382568836212,0.02044556811451912,0.029103947430849077,0.06675753444433212,0.0,0.07220704853534698,0.0,0.2822900712490082
1048,0.006734209321439266,0.019039342179894447,0.027671373263001443,0.06942321658134461,0.0,0.07219154387712479,0.0,0.2822851538658142
1049,0.006992676295340061,0.0198509618639946,0.02949020601809025,0.06806217208504677,0.0,0.072179414331913,0.0,0.28228187561035156
1050,0.006450223550200462,0.01880500540137291,0.029729487374424934,0.0742967188358307,0.0,0.07217143476009369,0.0,0.28227686882019043
1051,0.006259342934936285,0.018346058577299117,0.029519195854663848,0.06706594750285148,0.0,0.07216168940067291,0.0,0.28227442502975464
1052,0.007091977167874575,0.019043878093361853,0.03219289407134056,0.0693966880440712,0.0,0.07214806973934174,0.0,0.28227344155311584
1053,0.006370320357382298,0.019402579590678214,0.030175883695483206,0.06876891851425171,0.0,0.07213291525840759,0.0,0.2822745442390442
1054,0.006153012625873089,0.020584937930107117,0.027944611757993697,0.07036361247301101,0.0,0.07211406528949738,0.0,0.28227776288986206
1055,0.006090057920664549,0.019661079719662668,0.02981973923742771,0.06956538781523705,0.0,0.07209698855876923,0.0,0.2822776734828949
1056,0.006862523965537548,0.02075803354382515,0.028072594106197356,0.06763763725757599,0.0,0.07207655906677246,0.0,0.28228139877319336
1057,0.00648496625944972,0.019825436919927598,0.029220462962985038,0.06941703408956527,0.0,0.07205415517091751,0.0,0.28228628635406494
1058,0.006608724128454924,0.019820547848939895,0.031029558554291726,0.06930759474635124,0.0,0.07203177362680435,0.0,0.28229111433029175
1059,0.006346305180341005,0.019706153869628908,0.02982213385403156,0.07166445255279541,0.0,0.07200612127780914,0.0,0.2822936177253723
1060,0.006667295284569263,0.019901374727487563,0.03043745569884777,0.07099861055612564,0.0,0.07198505103588104,0.0,0.2822951376438141
1061,0.006773172412067652,0.01900578998029232,0.0326405368745327,0.07483682036399841,0.0,0.07196422666311264,0.0,0.28229737281799316
1062,0.006571642961353064,0.01973392553627491,0.03158346191048622,0.0690729409456253,0.0,0.07194574177265167,0.0,0.28230151534080505
1063,0.00634890291839838,0.019118014350533487,0.030840959027409555,0.06609927713871003,0.0,0.07192685455083847,0.0,0.2823043167591095
1064,0.006528553552925587,0.0205177653580904,0.031719384342432023,0.06962968558073043,0.0,0.07190528512001038,0.0,0.28230586647987366
1065,0.0063040867447853085,0.019676076993346215,0.03016924634575844,0.06711825430393219,0.0,0.07188527286052704,0.0,0.2823057770729065
1066,0.007027100212872029,0.02090318873524666,0.032737013697624204,0.06791264563798904,0.0,0.07186608016490936,0.0,0.2823077440261841
1067,0.006111837830394507,0.020554205030202867,0.029432539269328116,0.06995843350887299,0.0,0.07184953987598419,0.0,0.2823101580142975
1068,0.006443374790251255,0.020335716009140015,0.030583703890442848,0.07198293656110763,0.0,0.07183774560689926,0.0,0.2823125422000885
1069,0.0063172241672873495,0.019277460873126984,0.029942696914076805,0.07333033457398415,0.0,0.07183244079351425,0.0,0.2823137640953064
1070,0.006455925200134516,0.018980058655142785,0.029189547523856163,0.06968556940555573,0.0,0.07183477282524109,0.0,0.28231245279312134
1071,0.006375943124294281,0.018866623193025588,0.02966314144432545,0.0718542456626892,0.0,0.07184098660945892,0.0,0.2823091745376587
1072,0.006755795050412417,0.020046049356460573,0.03207707554101944,0.07339314073324203,0.0,0.07184550911188126,0.0,0.28230637311935425
1073,0.0066858228296041485,0.01915711387991905,0.029662517830729485,0.06782083064317704,0.0,0.07184804975986481,0.0,0.28230318427085876
1074,0.006318152509629726,0.019277291744947432,0.03010260798037052,0.07067672610282898,0.0,0.0718449279665947,0.0,0.2823004126548767
1075,0.0066681959666311744,0.020631996914744377,0.03200361579656601,0.06947229132056236,0.0,0.07184501737356186,0.0,0.2822997272014618
1076,0.00616983873769641,0.020629072189331056,0.03056896887719631,0.06905868053436279,0.0,0.07184863835573196,0.0,0.28230273723602295
1077,0.006600983906537294,0.02057785913348198,0.030084327980875968,0.06862694919109344,0.0,0.0718565434217453,0.0,0.28230777382850647
1078,0.00661539826542139,0.020265621319413184,0.03105776347219944,0.07178802341222763,0.0,0.0718655064702034,0.0,0.28231295943260193
1079,0.006267895456403494,0.019581010192632677,0.02951272502541542,0.06777729094028473,0.0,0.0718739703297615,0.0,0.28231745958328247
1080,0.006675809063017369,0.020013592764735223,0.02944097891449928,0.07274019867181777,0.0,0.0718851312994957,0.0,0.28232279419898987
1081,0.006843867152929306,0.019738694652915,0.03133828490972519,0.06674032881855965,0.0,0.07189173996448517,0.0,0.28232723474502563
1082,0.006520042102783919,0.02027011290192604,0.03102288655936718,0.07387954741716385,0.0,0.07189884781837463,0.0,0.2823302745819092
1083,0.0064351060427725315,0.019634924456477167,0.029431941732764245,0.06676113530993462,0.0,0.07190485298633575,0.0,0.28233182430267334
1084,0.006601815298199654,0.019086983799934388,0.03180895894765854,0.07022872418165207,0.0,0.07191018015146255,0.0,0.2823336720466614
1085,0.006090911850333214,0.019753981754183768,0.029144936800003053,0.06956306695938111,0.0,0.07191295921802521,0.0,0.2823355495929718
1086,0.006525931507349014,0.019503652304410934,0.03035291060805321,0.06925363391637802,0.0,0.07191161811351776,0.0,0.2823360860347748
1087,0.006731595098972321,0.019250784814357758,0.029129726439714433,0.06804517805576324,0.0,0.0719078779220581,0.0,0.2823338210582733
1088,0.006403971649706364,0.01989249400794506,0.030222319811582566,0.07067588567733765,0.0,0.07190685719251633,0.0,0.2823292315006256
1089,0.006658559571951628,0.01987333260476589,0.032785897701978685,0.07604869455099106,0.0,0.07190334796905518,0.0,0.282322496175766
1090,0.00655925152823329,0.020650704577565192,0.029826225712895393,0.07093547582626343,0.0,0.07190151512622833,0.0,0.2823168933391571
1091,0.006966195814311504,0.020133901759982108,0.030526723712682724,0.07228953838348388,0.0,0.07189948856830597,0.0,0.28230908513069153
1092,0.006798443663865328,0.02019447088241577,0.028786991909146308,0.07250551730394364,0.0,0.0718938559293747,0.0,0.2823029160499573
1093,0.006425796449184418,0.019567405804991722,0.031907952204346654,0.0718470647931099,0.0,0.07188473641872406,0.0,0.2822989821434021
1094,0.006568107195198536,0.02053881548345089,0.029035704955458642,0.07308660447597504,0.0,0.0718732625246048,0.0,0.28229600191116333
1095,0.007064906693994999,0.01976787894964218,0.031105581670999527,0.07289445400238037,0.0,0.07185777276754379,0.0,0.2822948694229126
1096,0.006553032714873552,0.01945576220750809,0.030286017805337906,0.07252085655927658,0.0,0.0718439593911171,0.0,0.28229525685310364
1097,0.006426190957427025,0.01987878456711769,0.031660708412528035,0.06930805444717407,0.0,0.07182896882295609,0.0,0.2822933495044708
1098,0.006685545668005943,0.019958366453647614,0.02865058034658432,0.07099121659994126,0.0,0.07181943207979202,0.0,0.28229162096977234
1099,0.0067237519659101965,0.01907561533153057,0.029987138882279395,0.06950497329235077,0.0,0.071807861328125,0.0,0.2822912633419037
1100,0.0063508013263344765,0.019614783674478532,0.03322926536202431,0.0729028195142746,0.0,0.07179746776819229,0.0,0.2822916507720947
1101,0.006630830746144056,0.018357725441455842,0.031907984241843226,0.06964218020439147,0.0,0.07178498804569244,0.0,0.28229159116744995
1102,0.006471142265945673,0.01938788257539272,0.030458181351423263,0.07290301024913788,0.0,0.07177256047725677,0.0,0.2822895646095276
1103,0.006742754485458136,0.01923845410346985,0.031633707135915755,0.06821168586611748,0.0,0.07176033407449722,0.0,0.2822878062725067
1104,0.006397767271846533,0.020126966014504432,0.030525296553969385,0.06822112649679184,0.0,0.07174871861934662,0.0,0.28228577971458435
1105,0.006666549853980542,0.019601470977067947,0.02959427796304226,0.06980681419372559,0.0,0.07173804938793182,0.0,0.28228655457496643
1106,0.006443275883793831,0.019816698879003523,0.02946939319372177,0.06895989403128625,0.0,0.071729376912117,0.0,0.2822858393192291
1107,0.006605321634560823,0.01955539546906948,0.030436263233423234,0.07171158641576766,0.0,0.07172567397356033,0.0,0.2822846472263336
1108,0.006351509876549244,0.019291887059807777,0.03037748336791992,0.0700750358402729,0.0,0.07172120362520218,0.0,0.2822840213775635
1109,0.006451821699738502,0.019346464797854422,0.030566078424453736,0.06826106011867523,0.0,0.07171682268381119,0.0,0.2822832465171814
1110,0.006624525692313909,0.018877046927809716,0.03083290308713913,0.06863202452659607,0.0,0.07171166688203812,0.0,0.28228312730789185
1111,0.006399966403841972,0.01984918341040611,0.030146817117929457,0.06729192286729813,0.0,0.0717024952173233,0.0,0.2822827100753784
1112,0.006957876216620207,0.02140081524848938,0.029637612774968146,0.07135926187038422,0.0,0.07169557362794876,0.0,0.28228139877319336
1113,0.006403863988816738,0.02044850029051304,0.02923986315727234,0.07106823176145553,0.0,0.07168976217508316,0.0,0.2822820544242859
1114,0.006997359916567802,0.01951712556183338,0.030367064103484154,0.07211291044950485,0.0,0.07168880105018616,0.0,0.28228306770324707
1115,0.0069155868142843245,0.02032468132674694,0.030940806865692137,0.06850749254226685,0.0,0.07168479263782501,0.0,0.2822853922843933
1116,0.006392462737858295,0.01987060010433197,0.030924448743462563,0.07086398601531982,0.0,0.07167569547891617,0.0,0.28228622674942017
1117,0.006650501489639282,0.019892267510294916,0.029933614656329155,0.07072898149490356,0.0,0.07166656106710434,0.0,0.2822860777378082
1118,0.006560790445655584,0.019974584132432936,0.03146730698645115,0.06694157719612122,0.0,0.07165850698947906,0.0,0.28228431940078735
1119,0.0065349236130714415,0.019302768632769585,0.02899414859712124,0.06740599721670151,0.0,0.07164902985095978,0.0,0.2822823226451874
1120,0.006561442185193301,0.019809478148818015,0.03053325228393078,0.06640147492289543,0.0,0.07163853943347931,0.0,0.282279908657074
1121,0.006200834456831217,0.01961052864789963,0.031007808446884156,0.07178289592266082,0.0,0.07162740081548691,0.0,0.2822789251804352
1122,0.006835109274834395,0.020198190584778786,0.02892751693725586,0.07043103575706482,0.0,0.07161739468574524,0.0,0.2822757661342621
1123,0.00677091795951128,0.019551971554756166,0.028745654597878458,0.06660969331860542,0.0,0.07160554081201553,0.0,0.2822725176811218
1124,0.006295187305659056,0.02024849094450474,0.030054350197315217,0.07350349724292755,0.0,0.07159125804901123,0.0,0.2822682857513428
1125,0.0065466190688312055,0.019928416609764098,0.029634391143918037,0.06781338155269623,0.0,0.07157787680625916,0.0,0.28226393461227417
1126,0.00652754595503211,0.01968998648226261,0.02971822991967201,0.07731354534626007,0.0,0.07156281918287277,0.0,0.28226009011268616
1127,0.006535547971725464,0.01900007724761963,0.03093809224665165,0.06858057603240013,0.0,0.07155013084411621,0.0,0.2822580933570862
1128,0.0063354246318340305,0.018710566312074663,0.032208120077848436,0.06775515601038933,0.0,0.07153526693582535,0.0,0.28225746750831604
1129,0.006652207020670176,0.019705159589648247,0.02844988964498043,0.06755458712577819,0.0,0.07152329385280609,0.0,0.2822572588920593
1130,0.006452834606170655,0.020069542899727823,0.0301854882389307,0.0637234777212143,0.0,0.07151766121387482,0.0,0.2822571396827698
1131,0.006771108973771334,0.021043728664517404,0.030362767353653907,0.06982552260160446,0.0,0.0715111643075943,0.0,0.2822604477405548
1132,0.006656405236572027,0.020141611620783807,0.029133129864931107,0.06926318630576134,0.0,0.07150892913341522,0.0,0.2822629511356354
1133,0.0065403574146330355,0.019467119500041007,0.030784818902611734,0.06613820791244507,0.0,0.07150790840387344,0.0,0.2822674810886383
1134,0.006409059651196003,0.019115243479609488,0.03043580539524555,0.07039539366960526,0.0,0.07150810211896896,0.0,0.282270222902298
1135,0.006661467161029578,0.021192413195967673,0.030298235639929772,0.06936039626598359,0.0,0.07150929421186447,0.0,0.28227555751800537
1136,0.006510831322520972,0.019733127579092978,0.030309835076332094,0.06682825982570648,0.0,0.07150816917419434,0.0,0.28227823972702026
1137,0.006272039096802473,0.019511264562606812,0.02716347612440586,0.07070055454969407,0.0,0.07150294631719589,0.0,0.28228166699409485
1138,0.006826192978769541,0.019653861224651337,0.02975175194442272,0.0694573238492012,0.0,0.07149972021579742,0.0,0.28228500485420227
1139,0.00660713342949748,0.0206398818641901,0.030050996318459512,0.07535663843154908,0.0,0.0714903175830841,0.0,0.2822875380516052
1140,0.006387052685022354,0.019510388374328613,0.032007518038153646,0.0688557431101799,0.0,0.07148106396198273,0.0,0.2822939157485962
1141,0.006788334902375936,0.01980041265487671,0.029791563749313354,0.07052779197692871,0.0,0.07146946340799332,0.0,0.2823013663291931
1142,0.006177681777626276,0.020212049409747124,0.029787666723132135,0.06605907678604125,0.0,0.07146303355693817,0.0,0.2823081612586975
1143,0.0066447963006794454,0.018681104108691216,0.030473631620407105,0.06992288827896118,0.0,0.07145960628986359,0.0,0.28231269121170044
1144,0.0063107099384069444,0.0202041395008564,0.032278663292527196,0.07049659341573715,0.0,0.07145585119724274,0.0,0.28231698274612427
1145,0.006438274029642343,0.02012961320579052,0.030997206270694733,0.06639639660716057,0.0,0.07145652174949646,0.0,0.2823229730129242
1146,0.006362637504935265,0.02025502286851406,0.030053164064884185,0.06806197613477707,0.0,0.07146399468183517,0.0,0.2823289632797241
1147,0.006628507468849421,0.01861754320561886,0.03018874116241932,0.06887500882148742,0.0,0.07147268205881119,0.0,0.28233280777931213
1148,0.006253729574382305,0.01991322785615921,0.028932259231805802,0.06747567802667617,0.0,0.07147671282291412,0.0,0.28233662247657776
1149,0.006814560759812594,0.019485966488718986,0.03000393733382225,0.06622114628553391,0.0,0.07147948443889618,0.0,0.2823382318019867
1150,0.006591417454183101,0.018873126432299613,0.03009815141558647,0.069114188849926,0.0,0.07148297131061554,0.0,0.2823372185230255
1151,0.00656075282022357,0.020675648376345633,0.031124832481145857,0.07453196942806244,0.0,0.07147982716560364,0.0,0.28233546018600464
1152,0.006370015069842338,0.018966903164982795,0.028595877438783647,0.06954613104462623,0.0,0.07148222625255585,0.0,0.2823345959186554
1153,0.006516955234110356,0.019349436461925506,0.030760381370782852,0.06473943516612053,0.0,0.07148487865924835,0.0,0.2823335528373718
1154,0.00632680831477046,0.02086228020489216,0.02927439473569393,0.07321841418743133,0.0,0.07148580253124237,0.0,0.282332181930542
1155,0.006904120184481144,0.019698715582489968,0.0293740414083004,0.07440740317106247,0.0,0.07148946821689606,0.0,0.2823314070701599
1156,0.006730824243277311,0.01994295120239258,0.03085971064865589,0.06870338767766952,0.0,0.07149183750152588,0.0,0.28233009576797485
1157,0.006591000407934189,0.019916487112641334,0.029460960626602174,0.06784952357411385,0.0,0.07148997485637665,0.0,0.28232964873313904
1158,0.006015584338456392,0.019870883971452712,0.03111821599304676,0.07306191623210907,0.0,0.07148830592632294,0.0,0.2823296785354614
1159,0.006655230652540922,0.01933385506272316,0.02889941558241844,0.07154774367809295,0.0,0.07149092853069305,0.0,0.28233057260513306
1160,0.006267990823835135,0.020282164216041565,0.02924313172698021,0.0699415609240532,0.0,0.07149486988782883,0.0,0.2823335528373718
1161,0.006467898841947317,0.019926561042666435,0.029932722821831702,0.06828264445066452,0.0,0.07149963080883026,0.0,0.2823384404182434
1162,0.0062896405346691605,0.0208771999925375,0.027809884771704672,0.06883409768342971,0.0,0.07150828838348389,0.0,0.2823430597782135
1163,0.006919918861240148,0.020237505435943604,0.028375786542892457,0.06750856339931488,0.0,0.07152660936117172,0.0,0.2823484539985657
1164,0.006306870095431805,0.019993553683161736,0.03039322830736637,0.0674394890666008,0.0,0.07154735177755356,0.0,0.282354474067688
1165,0.0066553930751979355,0.01995529346168041,0.03023115508258343,0.06988889575004578,0.0,0.07156939804553986,0.0,0.28235960006713867
1166,0.006470308173447847,0.019425861537456512,0.029697741940617563,0.06733779683709144,0.0,0.07159367948770523,0.0,0.28236228227615356
1167,0.006673924066126347,0.02029411755502224,0.02973485253751278,0.06721452996134758,0.0,0.07162313908338547,0.0,0.2823629081249237
1168,0.006735832057893276,0.020027584955096246,0.02821058817207813,0.07476106137037278,0.0,0.07164870202541351,0.0,0.28235775232315063
1169,0.006516081001609564,0.01982306018471718,0.02953231558203697,0.07051309198141098,0.0,0.07167210429906845,0.0,0.2823503613471985
1170,0.006721529830247164,0.020521005243062974,0.028523116931319238,0.07389614135026931,0.0,0.07169530540704727,0.0,0.28234368562698364
1171,0.00692088482901454,0.019147728383541108,0.03056872896850109,0.0710851714015007,0.0,0.07171376794576645,0.0,0.28233858942985535
1172,0.0063138133846223354,0.020121987909078598,0.02938552089035511,0.06878251880407334,0.0,0.07172777503728867,0.0,0.2823355197906494
1173,0.00620614793151617,0.019940182194113733,0.03004821576178074,0.06964417994022369,0.0,0.07173720747232437,0.0,0.2823330760002136
1174,0.006361790839582682,0.018138182163238526,0.03183459192514419,0.06946812272071838,0.0,0.07174493372440338,0.0,0.2823294997215271
1175,0.006229621171951294,0.020353691652417183,0.028959643095731735,0.07164693623781204,0.0,0.0717528685927391,0.0,0.2823258638381958
1176,0.006851939018815756,0.02090974561870098,0.03129049427807331,0.06823001950979232,0.0,0.0717591941356659,0.0,0.2823235094547272
1177,0.006403601076453924,0.019593971222639082,0.029229966551065446,0.07162300050258637,0.0,0.07176181674003601,0.0,0.28232288360595703
1178,0.00701805530115962,0.020019105821847915,0.030155401304364206,0.0740302711725235,0.0,0.071760393679142,0.0,0.2823239266872406
1179,0.006084516458213329,0.019868471845984458,0.03190405555069446,0.06587117016315461,0.0,0.07175997644662857,0.0,0.2823270559310913
1180,0.006554858013987541,0.020361405238509177,0.03014627769589424,0.06857109665870667,0.0,0.07176170498132706,0.0,0.28232938051223755
1181,0.006541402358561754,0.019502715021371842,0.031971625238657,0.07497890889644623,0.0,0.07176387310028076,0.0,0.28233569860458374
1182,0.0061588908545672895,0.01998792476952076,0.029432864114642143,0.0694795936346054,0.0,0.07176428288221359,0.0,0.28234368562698364
1183,0.006590347178280354,0.01881665550172329,0.029757328703999518,0.07004473209381104,0.0,0.07176749408245087,0.0,0.28234896063804626
1184,0.006692673265933991,0.019447445496916772,0.029932299628853798,0.0698690339922905,0.0,0.0717664510011673,0.0,0.2823535203933716
1185,0.006682206224650144,0.019326858595013617,0.028842083364725112,0.07050877064466476,0.0,0.07176432013511658,0.0,0.2823590636253357
1186,0.006869739852845669,0.019427256286144258,0.031491971015930174,0.06997335106134414,0.0,0.07175856828689575,0.0,0.2823651432991028
1187,0.006740060355514288,0.019169584289193152,0.0283010870218277,0.0685110256075859,0.0,0.0717531144618988,0.0,0.28237056732177734
1188,0.006648657098412514,0.019416024535894395,0.03130228668451309,0.06964174658060074,0.0,0.07175354659557343,0.0,0.28237253427505493
1189,0.006505098473280668,0.019264767318964003,0.031871963292360306,0.0671532042324543,0.0,0.07175391912460327,0.0,0.28237468004226685
1190,0.006769148819148541,0.01930939741432667,0.029107175022363662,0.06631693914532662,0.0,0.07175606489181519,0.0,0.28237849473953247
1191,0.006449859961867333,0.01847836785018444,0.02943822033703327,0.07155535221099854,0.0,0.07175939530134201,0.0,0.28238385915756226
1192,0.006836073566228151,0.019791679456830025,0.03041335679590702,0.07142149657011032,0.0,0.07176141440868378,0.0,0.2823871076107025
1193,0.00652474258095026,0.020598729699850084,0.03009045273065567,0.06390714421868324,0.0,0.07176969945430756,0.0,0.2823905050754547
1194,0.006635716184973717,0.019117413461208342,0.030661952495574952,0.07008483856916428,0.0,0.0717800110578537,0.0,0.28239426016807556
1195,0.006275038979947567,0.019293003529310227,0.031002084165811537,0.07276399731636048,0.0,0.07178597152233124,0.0,0.2823980748653412
1196,0.006381810270249843,0.018972478434443475,0.03072641007602215,0.06958904564380645,0.0,0.07179170846939087,0.0,0.28240057826042175
1197,0.0063494637608528135,0.019818846508860587,0.03027249574661255,0.06922131478786468,0.0,0.07179631292819977,0.0,0.28240469098091125
1198,0.006686067022383213,0.0196850772947073,0.03139056339859962,0.07384251952171325,0.0,0.07179953157901764,0.0,0.28240975737571716
1199,0.006610872596502304,0.01884373277425766,0.030684614926576613,0.07159471362829209,0.0,0.07180951535701752,0.0,0.28241342306137085
1200,0.006738434359431267,0.018145881220698358,0.03079441599547863,0.07145923227071763,0.0,0.0718180388212204,0.0,0.2824167013168335
1201,0.006556809414178133,0.01869772784411907,0.030039091035723685,0.06700283288955688,0.0,0.07183069735765457,0.0,0.282418429851532
1202,0.006491338647902012,0.021022556349635124,0.03157421015202999,0.07086697220802307,0.0,0.07183990627527237,0.0,0.28241872787475586
1203,0.006443656049668789,0.01926394775509834,0.031401673704385756,0.06778338551521301,0.0,0.07186706364154816,0.0,0.28241801261901855
1204,0.006569269485771656,0.020533133670687674,0.029696803912520407,0.06925223022699356,0.0,0.07189087569713593,0.0,0.28241661190986633
1205,0.006480814423412085,0.0196441188454628,0.031036585196852685,0.07038315907120704,0.0,0.07191674411296844,0.0,0.282414048910141
1206,0.006163767538964748,0.019234098494052887,0.030201064050197603,0.07332078516483306,0.0,0.0719379186630249,0.0,0.2824106514453888
1207,0.006985126249492169,0.020032218471169472,0.029880306124687193,0.06873653307557107,0.0,0.07196354866027832,0.0,0.28240782022476196
1208,0.006607641093432903,0.019544318318367004,0.031718214601278306,0.06509079411625862,0.0,0.07198924571275711,0.0,0.2824048399925232
1209,0.0067484593950212,0.01943817622959614,0.02953295111656189,0.0706700399518013,0.0,0.07202007621526718,0.0,0.28240105509757996
1210,0.006114151515066624,0.01970420852303505,0.0320688284933567,0.06835620105266571,0.0,0.07204689085483551,0.0,0.2823964059352875
1211,0.0063457652926445,0.01969251558184624,0.02986079752445221,0.07207131683826447,0.0,0.07207058370113373,0.0,0.28239184617996216
1212,0.006806866638362408,0.019789813086390495,0.03188506290316582,0.06835324615240097,0.0,0.07209166884422302,0.0,0.282388299703598
1213,0.006591372936964035,0.020801885053515434,0.03149628564715386,0.06793230623006821,0.0,0.07210700958967209,0.0,0.28238576650619507
1214,0.006538646016269922,0.019482741132378578,0.03069928362965584,0.07112230062484741,0.0,0.07212718576192856,0.0,0.2823866903781891
1215,0.006435036659240723,0.020060980319976808,0.030566996335983275,0.06552798002958297,0.0,0.07214614748954773,0.0,0.28238481283187866
1216,0.0063361856155097485,0.020104922354221344,0.029790591076016427,0.06749763488769531,0.0,0.07216354459524155,0.0,0.28238362073898315
1217,0.006393108796328306,0.018786944821476935,0.03155638612806797,0.06824226081371307,0.0,0.07217507809400558,0.0,0.28238359093666077
1218,0.006540744099766016,0.019976750016212463,0.029463288933038713,0.06829796582460404,0.0,0.07218396663665771,0.0,0.2823845446109772
1219,0.006579105276614428,0.02041553296148777,0.029587846621870993,0.06796016916632652,0.0,0.07218991965055466,0.0,0.2823857367038727
1220,0.006286840327084065,0.020848627761006357,0.03004966676235199,0.0723388984799385,0.0,0.072196826338768,0.0,0.2823859453201294
1221,0.006980421487241983,0.019635694473981856,0.030348702892661096,0.07224453389644622,0.0,0.07220570743083954,0.0,0.2823869287967682
1222,0.00637247608974576,0.01977512612938881,0.030510644242167474,0.06830393821001053,0.0,0.07221485674381256,0.0,0.2823874056339264
1223,0.006562956981360913,0.020185617730021477,0.02864712066948414,0.07113204002380372,0.0,0.07222618162631989,0.0,0.28238797187805176
1224,0.006622095033526421,0.01905035711824894,0.031270865723490714,0.06789932250976563,0.0,0.07223019003868103,0.0,0.28238949179649353
1225,0.0068005317822098735,0.019387556612491606,0.03028332404792309,0.06981453001499176,0.0,0.07223041355609894,0.0,0.2823910117149353
1226,0.006836969498544931,0.019506747648119927,0.030383156985044478,0.06764892116189003,0.0,0.07222776114940643,0.0,0.2823944687843323
1227,0.006625046208500862,0.019529547542333603,0.03185703530907631,0.06916514486074447,0.0,0.07222291827201843,0.0,0.2823971211910248
1228,0.006881218869239092,0.020263076573610306,0.03163854107260704,0.07172522991895676,0.0,0.07221481949090958,0.0,0.2823972702026367
1229,0.006321585737168789,0.019562407582998275,0.032487856969237325,0.06583068147301674,0.0,0.07220246642827988,0.0,0.2823953628540039
1230,0.0068372895009815695,0.020434699952602386,0.03255360871553421,0.07044180035591126,0.0,0.07219313830137253,0.0,0.28239336609840393
1231,0.006360006518661976,0.019818981736898424,0.030310427024960517,0.06635685414075851,0.0,0.07217739522457123,0.0,0.28239044547080994
1232,0.006387292593717575,0.02044615298509598,0.029733866825699805,0.0741194173693657,0.0,0.07216158509254456,0.0,0.28238895535469055
1233,0.006288992241024971,0.018795276805758477,0.029985871538519858,0.06878793388605117,0.0,0.07214193046092987,0.0,0.2823863625526428
1234,0.006992656923830509,0.020079423487186433,0.03150155395269394,0.07174393087625504,0.0,0.0721236914396286,0.0,0.28238460421562195
1235,0.006462384015321732,0.019596971943974494,0.030278998985886575,0.07105258852243423,0.0,0.07210441678762436,0.0,0.2823827862739563
1236,0.006700890976935625,0.02007356844842434,0.029619188234210014,0.0701366975903511,0.0,0.07209144532680511,0.0,0.2823837399482727
1237,0.006438614055514336,0.01954924501478672,0.028619347140192986,0.0701295092701912,0.0,0.07208088785409927,0.0,0.2823842465877533
1238,0.00682442206889391,0.01891978308558464,0.030422776564955713,0.07154538929462433,0.0,0.07206960767507553,0.0,0.28238359093666077
1239,0.006180672161281109,0.018526946380734443,0.030849891528487206,0.06874220222234725,0.0,0.07205414772033691,0.0,0.28238242864608765
1240,0.006439095828682184,0.02084026001393795,0.028202429041266443,0.06981369256973266,0.0,0.07203561067581177,0.0,0.28238314390182495
1241,0.006431328225880861,0.020142818614840508,0.031575602293014524,0.06636558026075363,0.0,0.07202068716287613,0.0,0.28238558769226074
1242,0.006630975659936667,0.020200680196285247,0.028899712860584258,0.07050499767065048,0.0,0.07200506329536438,0.0,0.2823866009712219
1243,0.006544725224375725,0.019645806029438974,0.03192544095218182,0.06668594032526017,0.0,0.07199033349752426,0.0,0.28238555788993835
1244,0.0068037916906178,0.019615817070007324,0.029234009981155395,0.0689106598496437,0.0,0.07197313010692596,0.0,0.2823847234249115
1245,0.006587328482419252,0.020729275047779085,0.03135662786662578,0.06939654350280762,0.0,0.07195480167865753,0.0,0.2823827564716339
1246,0.006716287415474653,0.019500449299812317,0.029898302257061006,0.07278579920530319,0.0,0.07193761318922043,0.0,0.2823811173439026
1247,0.0066223757341504095,0.020817421749234198,0.029492847993969916,0.07132538706064225,0.0,0.0719214379787445,0.0,0.2823778986930847
1248,0.006290564406663179,0.02040180340409279,0.03171928822994232,0.06994885951280594,0.0,0.07190975546836853,0.0,0.28237512707710266
1249,0.006500240508466959,0.019699136912822723,0.03119039870798588,0.06556818336248398,0.0,0.07189492136240005,0.0,0.28237372636795044
1250,0.00662052258849144,0.019169453531503677,0.03081945888698101,0.06879081428050995,0.0,0.07188297063112259,0.0,0.28237485885620117
1251,0.006491344794631005,0.019967086240649225,0.03273043930530548,0.07212085127830506,0.0,0.0718705803155899,0.0,0.2823745310306549
1252,0.006515827775001526,0.020496841892600058,0.03285634517669678,0.06809964776039124,0.0,0.07186125218868256,0.0,0.28237611055374146
1253,0.006653917953372002,0.019060741737484933,0.03046743869781494,0.07024554461240769,0.0,0.07185546308755875,0.0,0.28237730264663696
1254,0.006467434018850327,0.018996817246079444,0.02789924629032612,0.07351624220609665,0.0,0.07185065746307373,0.0,0.2823776304721832
1255,0.0069463876076042656,0.019345925375819206,0.03040301091969013,0.06700931936502456,0.0,0.07185087352991104,0.0,0.2823767066001892
1256,0.0062829297967255116,0.019606852158904075,0.029273690655827522,0.06734716892242432,0.0,0.07185204327106476,0.0,0.28237292170524597
1257,0.006223768182098866,0.019376666471362113,0.029740963876247407,0.06567012071609497,0.0,0.07185504585504532,0.0,0.2823706269264221
1258,0.006503929663449526,0.02006663419306278,0.03188028447329998,0.06932899206876755,0.0,0.07185839116573334,0.0,0.2823690176010132
1259,0.006699453480541706,0.019908224791288377,0.029844492301344873,0.06703116968274117,0.0,0.07186146080493927,0.0,0.28236663341522217
1260,0.006417268421500921,0.019893054291605948,0.031647056341171265,0.07066410854458809,0.0,0.07186324894428253,0.0,0.2823641896247864
1261,0.006233967281877995,0.01940227150917053,0.030968418717384337,0.07073228657245637,0.0,0.07186367362737656,0.0,0.2823638319969177
1262,0.006160487700253725,0.019712475314736366,0.029711534082889558,0.0732605740427971,0.0,0.07186379283666611,0.0,0.28236061334609985
1263,0.006750337779521942,0.01951179504394531,0.028362299501895904,0.07454672902822494,0.0,0.07186491042375565,0.0,0.2823590636253357
1264,0.006746869813650846,0.020723434165120125,0.03152964524924755,0.06753135323524476,0.0,0.071870818734169,0.0,0.28235703706741333
1265,0.007083110976964235,0.019742677733302117,0.028412837907671927,0.06904884055256844,0.0,0.07188089191913605,0.0,0.28235357999801636
1266,0.0066330088302493095,0.019662566110491754,0.029712504893541335,0.06827769577503204,0.0,0.07189683616161346,0.0,0.28235194087028503
1267,0.006527719181030988,0.02036437839269638,0.029213760793209077,0.0706344336271286,0.0,0.07191883027553558,0.0,0.2823486924171448
1268,0.006649688445031643,0.01974264644086361,0.028063540533185004,0.07002576291561127,0.0,0.07194390892982483,0.0,0.28234630823135376
1269,0.0064973759464919565,0.02003968171775341,0.029183404520154,0.06392169892787933,0.0,0.0719727873802185,0.0,0.2823444902896881
1270,0.006723101902753115,0.019393131881952286,0.029325204715132714,0.0719743937253952,0.0,0.07199963182210922,0.0,0.28234270215034485
1271,0.00689107421785593,0.020048912987112998,0.03131219632923603,0.06974847465753556,0.0,0.07201878726482391,0.0,0.2823430895805359
1272,0.006380905117839575,0.019708977639675142,0.03260114453732967,0.06967756897211075,0.0,0.07203394919633865,0.0,0.28234344720840454
1273,0.0069749576039612295,0.01882847398519516,0.030522789061069488,0.06994399726390839,0.0,0.07204945385456085,0.0,0.2823444902896881
1274,0.006839934270828962,0.01952422223985195,0.030486318841576578,0.06934162229299545,0.0,0.0720621794462204,0.0,0.2823448181152344
1275,0.006884409859776497,0.01915252283215523,0.027003107219934465,0.0693898394703865,0.0,0.07207442820072174,0.0,0.28234392404556274
1276,0.006728557590395212,0.019899147376418114,0.030993523821234704,0.07123601734638214,0.0,0.07208266854286194,0.0,0.28234168887138367
1277,0.006333263963460923,0.019953568652272224,0.031675704568624494,0.07060179859399796,0.0,0.07208935916423798,0.0,0.2823386788368225
1278,0.006247520633041859,0.01980649195611477,0.029790062084794046,0.06769062653183937,0.0,0.07209314405918121,0.0,0.2823364734649658
1279,0.006847065594047308,0.019617986306548117,0.02973383665084839,0.07102833688259125,0.0,0.07209763675928116,0.0,0.28233417868614197
1280,0.006391429249197245,0.020057708770036698,0.03175661526620388,0.06541554033756256,0.0,0.0720987319946289,0.0,0.28233033418655396
1281,0.00613405741751194,0.019661108404397963,0.030032437667250632,0.06960358023643494,0.0,0.0720989927649498,0.0,0.2823256254196167
1282,0.0064528842456638815,0.019637404754757882,0.03247713074088097,0.06898641139268875,0.0,0.0720982700586319,0.0,0.28232207894325256
1283,0.006603829935193062,0.01877039447426796,0.029791329801082612,0.07344015836715698,0.0,0.07209667563438416,0.0,0.2823180556297302
1284,0.006541276630014181,0.02007700651884079,0.02993405647575855,0.07046749740839005,0.0,0.07209272682666779,0.0,0.2823144793510437
1285,0.0065257719717919825,0.01921762302517891,0.029823223873972893,0.07396160066127777,0.0,0.07209556549787521,0.0,0.28231281042099
1286,0.00633217440918088,0.01934949718415737,0.031036753579974173,0.07160980850458146,0.0,0.07209311425685883,0.0,0.28231266140937805
1287,0.006318605132400989,0.019916774705052376,0.030591484159231186,0.07075371593236923,0.0,0.0720919817686081,0.0,0.2823145389556885
1288,0.006508915778249502,0.0198662668466568,0.02874853424727917,0.0664362981915474,0.0,0.07208973914384842,0.0,0.2823178470134735
1289,0.006652597058564425,0.01915665380656719,0.03265329524874687,0.07063484638929367,0.0,0.07208572328090668,0.0,0.2823227047920227
1290,0.006418684590607881,0.018351763114333154,0.0304653849452734,0.07180630564689636,0.0,0.07207708060741425,0.0,0.2823268175125122
1291,0.006477715913206339,0.019429332017898558,0.030305244028568268,0.07136363834142685,0.0,0.0720667690038681,0.0,0.2823299467563629
1292,0.0065882991068065165,0.020024457201361655,0.03129301443696022,0.07001121491193771,0.0,0.07205907255411148,0.0,0.2823309004306793
1293,0.006513050012290478,0.019139211997389792,0.030169907957315445,0.06576835513114929,0.0,0.07205341756343842,0.0,0.28233057260513306
1294,0.006809952389448881,0.01932915151119232,0.029448794201016426,0.07034846395254135,0.0,0.07204476743936539,0.0,0.28232890367507935
1295,0.006392729096114635,0.01934834159910679,0.028468677401542665,0.06859662607312203,0.0,0.072041355073452,0.0,0.2823273241519928
1296,0.006628056615591049,0.020115360617637634,0.03056398257613182,0.06800143495202064,0.0,0.0720403641462326,0.0,0.28232312202453613
1297,0.006522234901785851,0.01954146958887577,0.032247113063931465,0.06966320276260377,0.0,0.07203671336174011,0.0,0.2823196351528168
1298,0.00605612276121974,0.020786887034773827,0.028098224848508834,0.071312315762043,0.0,0.07203163951635361,0.0,0.28231745958328247
1299,0.006475490424782038,0.019660938903689383,0.030064000561833382,0.06993117853999138,0.0,0.07202646136283875,0.0,0.2823143005371094
1300,0.0067209661938250065,0.020439160987734795,0.03222683593630791,0.06521735489368438,0.0,0.07202543318271637,0.0,0.28231245279312134
1301,0.006377377640455961,0.019802027195692063,0.02973188869655132,0.07283567935228348,0.0,0.07202327251434326,0.0,0.2823116183280945
1302,0.00624427106231451,0.02046111598610878,0.030921854451298712,0.0684914231300354,0.0,0.07201908528804779,0.0,0.2823132574558258
1303,0.006406990345567465,0.02006702944636345,0.03042227104306221,0.07070955485105515,0.0,0.07201343029737473,0.0,0.2823150157928467
1304,0.006729486491531133,0.019769028201699256,0.029728370159864424,0.0660259023308754,0.0,0.07200375944375992,0.0,0.28231748938560486
1305,0.006418271083384752,0.019723506271839143,0.02976337932050228,0.07151011675596237,0.0,0.07199261337518692,0.0,0.28231942653656006
1306,0.00649550361558795,0.019160614535212516,0.03136139400303364,0.07309902757406235,0.0,0.07198065519332886,0.0,0.28232142329216003
1307,0.0067828064784407616,0.019637976959347724,0.03126288764178753,0.07237879782915116,0.0,0.07196564227342606,0.0,0.28232282400131226
1308,0.006753993034362793,0.019840008020401,0.029581943526864052,0.07351207882165908,0.0,0.07194864749908447,0.0,0.28232282400131226
1309,0.007172748167067766,0.01963478997349739,0.02872001491487026,0.06821319833397865,0.0,0.07192955911159515,0.0,0.2823246121406555
1310,0.0065306687727570535,0.019332407414913176,0.02884213998913765,0.0699902594089508,0.0,0.07191668450832367,0.0,0.2823263108730316
1311,0.006552532035857439,0.020306288078427315,0.033755989372730257,0.06972665041685104,0.0,0.0719057098031044,0.0,0.28232842683792114
1312,0.006504836399108172,0.019595130532979965,0.028744642063975333,0.0695589154958725,0.0,0.07189907133579254,0.0,0.2823309004306793
1313,0.006956329941749573,0.020536192506551743,0.029263565316796303,0.07110127359628678,0.0,0.07189096510410309,0.0,0.28233271837234497
1314,0.0063071420416235926,0.01927856020629406,0.030985571444034576,0.07221423387527466,0.0,0.07189203798770905,0.0,0.28233474493026733
1315,0.006989008374512195,0.019085315614938737,0.030224014073610306,0.07237599045038223,0.0,0.07188908755779266,0.0,0.2823391258716583
1316,0.0061821557581424715,0.020511739328503607,0.02995365299284458,0.07283376902341843,0.0,0.07188504934310913,0.0,0.28234216570854187
1317,0.006651931628584862,0.019697314500808714,0.03130128718912602,0.07078285813331604,0.0,0.07187726348638535,0.0,0.28234532475471497
1318,0.00676599545404315,0.020205776393413543,0.030183367803692816,0.07013040035963058,0.0,0.07187241315841675,0.0,0.2823483347892761
1319,0.006629200279712677,0.019762030616402627,0.030965548381209372,0.0686178058385849,0.0,0.07186652719974518,0.0,0.28235095739364624
1320,0.006876558437943459,0.019909122213721275,0.028855935111641882,0.07030549943447113,0.0,0.07185884565114975,0.0,0.28235286474227905
1321,0.006465071067214012,0.020169075205922128,0.031360674649477005,0.07219857573509217,0.0,0.0718553215265274,0.0,0.28235310316085815
1322,0.006630195304751396,0.02019299641251564,0.032406875118613246,0.06941872239112853,0.0,0.0718512311577797,0.0,0.28235119581222534
1323,0.006776166521012783,0.019674885272979736,0.02843896821141243,0.06712507754564286,0.0,0.07185022532939911,0.0,0.2823493480682373
1324,0.006416430976241827,0.019352012127637864,0.03320814035832882,0.0711745098233223,0.0,0.07184869050979614,0.0,0.28234654664993286
1325,0.006378275249153376,0.019220634177327157,0.03174321539700031,0.0696514219045639,0.0,0.07184460014104843,0.0,0.28234484791755676
1326,0.006699307262897492,0.01896068826317787,0.0299114141613245,0.06919400990009308,0.0,0.0718374028801918,0.0,0.28234419226646423
1327,0.006261148117482662,0.019751907512545585,0.031202435865998267,0.06832074970006943,0.0,0.07182925194501877,0.0,0.28234121203422546
1328,0.006652151327580213,0.020710806548595428,0.03226862661540508,0.06593299210071564,0.0,0.07182148844003677,0.0,0.2823379933834076
1329,0.006782515160739422,0.01902828738093376,0.028874414414167403,0.06992379128932953,0.0,0.07181233167648315,0.0,0.28233566880226135
1330,0.006422925647348166,0.02070968709886074,0.03103099688887596,0.06686903685331344,0.0,0.07179916650056839,0.0,0.28233498334884644
1331,0.006750648096203804,0.018565241247415543,0.031385192275047304,0.07031545490026474,0.0,0.07178863883018494,0.0,0.2823336124420166
1332,0.006345092598348856,0.019683801755309104,0.030471136048436164,0.06756896823644638,0.0,0.07177579402923584,0.0,0.28233209252357483
1333,0.006927795708179474,0.020296552032232285,0.027505646273493767,0.06881459802389145,0.0,0.07176259160041809,0.0,0.2823317050933838
1334,0.006502911262214184,0.019357958808541298,0.03017077371478081,0.06680151149630546,0.0,0.07175874710083008,0.0,0.2823297679424286
1335,0.006353687681257725,0.01920074112713337,0.030251990258693694,0.067939792573452,0.0,0.07175683230161667,0.0,0.2823266088962555
1336,0.006933338847011328,0.019669453799724578,0.03041098490357399,0.07042494118213653,0.0,0.07175599038600922,0.0,0.2823247015476227
1337,0.006452616024762392,0.019491510838270186,0.03126658648252487,0.07205167859792709,0.0,0.07175485789775848,0.0,0.2823229730129242
1338,0.0064373031258583065,0.019581812247633935,0.0319858331233263,0.07162608355283737,0.0,0.07175593078136444,0.0,0.2823190689086914
1339,0.006425064988434315,0.019060293212532997,0.03095264360308647,0.07106078267097474,0.0,0.07175341993570328,0.0,0.2823150157928467
1340,0.00651396457105875,0.020047952979803087,0.029404990002512933,0.07224671542644501,0.0,0.07174743711948395,0.0,0.2823096811771393
1341,0.0064554194919765,0.020591997355222703,0.0291734766215086,0.06968192756175995,0.0,0.07173843681812286,0.0,0.2823041081428528
1342,0.006536182761192322,0.019437718391418456,0.028640003874897957,0.0651736542582512,0.0,0.07172893732786179,0.0,0.2822989225387573
1343,0.006655116192996502,0.020435465127229692,0.032103531435132025,0.06927999258041381,0.0,0.07171428203582764,0.0,0.2822941243648529
1344,0.006210500281304121,0.020358288288116456,0.03056430406868458,0.07031709998846054,0.0,0.07170391827821732,0.0,0.28228759765625
1345,0.006488251779228449,0.019266577064991,0.028486955910921097,0.07035137414932251,0.0,0.07169756293296814,0.0,0.282282292842865
1346,0.006438205670565367,0.020428667962551116,0.03199029378592968,0.06994278356432915,0.0,0.07169192284345627,0.0,0.2822771668434143
1347,0.006788486335426569,0.018399466201663016,0.029826713353395463,0.06702708154916763,0.0,0.07167764008045197,0.0,0.2822706699371338
1348,0.006728921923786402,0.019564470648765563,0.030500679090619088,0.07029728889465332,0.0,0.07166168093681335,0.0,0.28226205706596375
1349,0.0064637684263288975,0.02018049582839012,0.029276716336607934,0.07011782079935074,0.0,0.07164527475833893,0.0,0.28225454688072205
1350,0.006711810454726219,0.02091125100851059,0.03242355212569237,0.06718922853469848,0.0,0.07162807136774063,0.0,0.282247394323349
1351,0.006773513182997704,0.018992523849010467,0.030192220583558083,0.0691067136824131,0.0,0.07160934060811996,0.0,0.2822412848472595
1352,0.006794840097427368,0.018890956044197084,0.03175622932612896,0.06648938357830048,0.0,0.07159365713596344,0.0,0.282235324382782
1353,0.006888091657310724,0.020553535595536233,0.029590095952153207,0.0681381568312645,0.0,0.07158133387565613,0.0,0.2822311818599701
1354,0.0065869222395122055,0.019148074463009833,0.029264108464121818,0.07085540741682053,0.0,0.07156714051961899,0.0,0.2822284400463104
1355,0.00670108450576663,0.020275465771555902,0.029858167842030527,0.06970556378364563,0.0,0.07155358046293259,0.0,0.2822282612323761
1356,0.006505434866994619,0.01958656795322895,0.02960505150258541,0.06912580728530884,0.0,0.07153870165348053,0.0,0.28222912549972534
1357,0.0069471335969865326,0.019236215204000474,0.02982305660843849,0.07044154852628708,0.0,0.07152736186981201,0.0,0.2822297215461731
1358,0.006945264805108309,0.020457488670945167,0.030015642940998077,0.07084505558013916,0.0,0.07151361554861069,0.0,0.28222930431365967
1359,0.006407240685075521,0.01935700625181198,0.029658888280391694,0.06954997777938843,0.0,0.07150262594223022,0.0,0.2822285294532776
1360,0.006164241675287485,0.02008691281080246,0.030726559832692145,0.07164334356784821,0.0,0.07149050384759903,0.0,0.2822290360927582
1361,0.0064478680491447445,0.01965351141989231,0.029624535888433456,0.06998834386467934,0.0,0.07148002088069916,0.0,0.28222817182540894
1362,0.00639273663982749,0.019311779737472536,0.03175870031118393,0.06760666817426682,0.0,0.07147474586963654,0.0,0.28222641348838806
1363,0.0066350975073874,0.019952719658613206,0.030775053799152373,0.07065270990133285,0.0,0.07146647572517395,0.0,0.2822248041629791
1364,0.0062988209538161755,0.0202308002859354,0.030772725120186806,0.06949649900197982,0.0,0.07146063446998596,0.0,0.2822229862213135
1365,0.006799028348177671,0.019148194044828416,0.03199879862368107,0.07157416939735413,0.0,0.07145647704601288,0.0,0.2822207808494568
1366,0.006877896003425121,0.020138635113835335,0.030410317704081535,0.06815763264894485,0.0,0.0714557021856308,0.0,0.28221943974494934
1367,0.006636260729283095,0.019754839316010474,0.02994389683008194,0.06703728139400482,0.0,0.07145567238330841,0.0,0.2822189927101135
1368,0.0066522108390927315,0.019320244342088698,0.029285499081015586,0.07246000468730926,0.0,0.07146018743515015,0.0,0.28221702575683594
1369,0.006551285739988089,0.019599516689777375,0.02840973250567913,0.06612472087144852,0.0,0.0714644342660904,0.0,0.28221553564071655
1370,0.00642520310357213,0.02055692784488201,0.029678774625062944,0.07411792278289794,0.0,0.0714680626988411,0.0,0.28221505880355835
1371,0.0066309872083365915,0.01978873275220394,0.03015318177640438,0.06939738243818283,0.0,0.07146941870450974,0.0,0.28221672773361206
1372,0.006885100249201059,0.019191621616482735,0.030406076461076736,0.06980971097946168,0.0,0.0714765414595604,0.0,0.2822187542915344
1373,0.006798206828534603,0.01930665783584118,0.029918037727475165,0.07039492279291153,0.0,0.07147815823554993,0.0,0.2822205126285553
1374,0.006881968304514885,0.019185858592391015,0.029966966807842256,0.06835528910160064,0.0,0.07147452980279922,0.0,0.28222405910491943
1375,0.0066708984784781935,0.01986139677464962,0.029669834300875664,0.0700069636106491,0.0,0.07146866619586945,0.0,0.28222736716270447
1376,0.006360000371932984,0.01931820437312126,0.0285565797239542,0.06769263744354248,0.0,0.07146263122558594,0.0,0.2822321057319641
1377,0.006898388359695673,0.019442278146743774,0.03129907250404358,0.07259993255138397,0.0,0.07146076112985611,0.0,0.2822363078594208
1378,0.006489229761064053,0.019400482624769212,0.031207704544067384,0.06908119916915893,0.0,0.07146193087100983,0.0,0.2822408080101013
1379,0.006405512522906065,0.019606621563434602,0.031269745901227,0.07263490557670593,0.0,0.07146622985601425,0.0,0.2822449207305908
1380,0.006579630635678768,0.01975815147161484,0.030828678235411643,0.0699518620967865,0.0,0.07146845012903214,0.0,0.2822481095790863
1381,0.006813117954879999,0.02023092657327652,0.029500871896743774,0.06749546378850937,0.0,0.07146618515253067,0.0,0.2822530269622803
1382,0.006862425059080124,0.019019393250346184,0.03172150366008282,0.06912427246570588,0.0,0.07146291434764862,0.0,0.2822583019733429
1383,0.006879486422985792,0.019867243617773055,0.030232616513967515,0.06998537331819535,0.0,0.0714581087231636,0.0,0.2822611629962921
1384,0.006664684414863587,0.020229553803801537,0.029656319692730904,0.06701660454273224,0.0,0.07145915925502777,0.0,0.28226205706596375
1385,0.0065959376282989975,0.01991792842745781,0.029802706465125083,0.06933950781822204,0.0,0.07145919650793076,0.0,0.2822629511356354
1386,0.006665627006441355,0.02038877010345459,0.030996540933847426,0.07296507209539413,0.0,0.07145543396472931,0.0,0.2822622060775757
1387,0.006784255616366863,0.019295283406972886,0.02888936884701252,0.07054771184921264,0.0,0.07145214825868607,0.0,0.28226152062416077
1388,0.006590946391224861,0.01982308626174927,0.030485083907842637,0.06971679329872131,0.0,0.0714460015296936,0.0,0.2822604775428772
1389,0.007051374297589064,0.019935931637883188,0.029978995397686958,0.07311258167028427,0.0,0.07143844664096832,0.0,0.2822609543800354
1390,0.006667443085461855,0.019662050902843474,0.028778043016791342,0.07264120876789093,0.0,0.07143312692642212,0.0,0.2822599411010742
1391,0.00669507822021842,0.019850899651646613,0.029866678267717363,0.06993584856390953,0.0,0.07143495976924896,0.0,0.2822597622871399
1392,0.0066753472201526165,0.02015927992761135,0.031021884828805923,0.0698408991098404,0.0,0.07143932580947876,0.0,0.28225886821746826
1393,0.006849510688334703,0.01994800493121147,0.029024434089660645,0.06789846196770669,0.0,0.07145066559314728,0.0,0.2822575867176056
1394,0.006188313104212284,0.019977033883333207,0.029605012759566306,0.0689172700047493,0.0,0.07146880030632019,0.0,0.282255083322525
1395,0.006739335972815752,0.019414056837558747,0.02971256263554096,0.06963453143835067,0.0,0.07148997485637665,0.0,0.28225117921829224
1396,0.006401689816266298,0.019885332509875297,0.029609695449471472,0.07032463997602463,0.0,0.07150696218013763,0.0,0.28224968910217285
1397,0.006496610958129168,0.019758942350745202,0.03214242681860924,0.07366507947444915,0.0,0.07152293622493744,0.0,0.28224897384643555
1398,0.006775706913322211,0.019021723046898843,0.03216666877269745,0.06924275755882263,0.0,0.07153996080160141,0.0,0.2822485566139221
1399,0.0066541660577058796,0.019978439062833787,0.02886922247707844,0.06832382977008819,0.0,0.0715525671839714,0.0,0.2822503447532654
1400,0.006347685027867556,0.019639085978269577,0.03137468062341213,0.07151151150465011,0.0,0.07156626135110855,0.0,0.2822522222995758
1401,0.006941040698438883,0.02015386112034321,0.028528321534395218,0.07363110631704331,0.0,0.07157276570796967,0.0,0.28225287795066833
1402,0.006702428963035345,0.019771474972367288,0.031308652460575105,0.07063189297914504,0.0,0.0715789794921875,0.0,0.28225210309028625
1403,0.006536325346678496,0.019643866270780564,0.032272429391741755,0.07267282158136368,0.0,0.07158362120389938,0.0,0.28225064277648926
1404,0.0068560301326215265,0.020233015716075897,0.03060293272137642,0.06522857546806335,0.0,0.07159529626369476,0.0,0.2822498083114624
1405,0.0067909229546785355,0.020235663279891014,0.03118932917714119,0.06766675561666488,0.0,0.07160607725381851,0.0,0.28224894404411316
1406,0.006755252834409475,0.01956247426569462,0.03037642277777195,0.0701453998684883,0.0,0.07162070274353027,0.0,0.2822505533695221
1407,0.006567836459726095,0.01960684284567833,0.03103189840912819,0.07257455736398696,0.0,0.07164055854082108,0.0,0.2822520136833191
1408,0.006381826754659414,0.019260165095329285,0.028323721140623093,0.065621467679739,0.0,0.0716620683670044,0.0,0.28225240111351013
1409,0.006301924120634794,0.019905250892043112,0.031377991661429405,0.07234354615211487,0.0,0.07168634235858917,0.0,0.2822536826133728
1410,0.006551793403923511,0.019599880278110503,0.030399980396032332,0.06922939419746399,0.0,0.07171524316072464,0.0,0.2822544574737549
1411,0.006514984834939242,0.01936282739043236,0.030266094580292703,0.07186135053634643,0.0,0.07174506038427353,0.0,0.28225648403167725
1412,0.006810926273465157,0.020027851685881615,0.029537440091371537,0.0692000851035118,0.0,0.0717785507440567,0.0,0.28225868940353394
1413,0.006280823610723019,0.019930103421211244,0.02933117002248764,0.06610943675041199,0.0,0.07180860638618469,0.0,0.28226202726364136
1414,0.006821910664439201,0.020801476016640664,0.03049992062151432,0.07117474675178528,0.0,0.07183893024921417,0.0,0.28226450085639954
1415,0.006709103751927614,0.01909813769161701,0.027896371856331825,0.06865387186408042,0.0,0.07187096774578094,0.0,0.28226637840270996
1416,0.0068043871782720085,0.01973036378622055,0.02815879099071026,0.07052576094865799,0.0,0.07190357148647308,0.0,0.2822684645652771
1417,0.006862463243305683,0.018352260440588,0.029584380984306335,0.06731388568878174,0.0,0.07192902266979218,0.0,0.2822696566581726
1418,0.006300879176706076,0.019161231443285943,0.030245215445756913,0.0717152938246727,0.0,0.0719500482082367,0.0,0.2822704315185547
1419,0.0067046965472400185,0.020532943308353424,0.031017794087529183,0.07066884040832519,0.0,0.07197393476963043,0.0,0.2822716534137726
1420,0.006521091051399708,0.018979692086577415,0.030983566492795944,0.06672779396176338,0.0,0.07199370115995407,0.0,0.2822718024253845
1421,0.006596131902188063,0.019128793105483054,0.030171796679496765,0.06902122646570205,0.0,0.07200925052165985,0.0,0.2822723090648651
1422,0.007046210765838623,0.020175182819366456,0.028413170576095582,0.06704248934984207,0.0,0.07202009856700897,0.0,0.28227415680885315
1423,0.006744202692061663,0.020288066938519478,0.02899753674864769,0.0705887034535408,0.0,0.07202892005443573,0.0,0.28227707743644714
1424,0.006390096340328455,0.020111480727791786,0.029543649405241013,0.06784761399030685,0.0,0.07203211635351181,0.0,0.2822774052619934
1425,0.006627609021961689,0.018425892665982248,0.029420789703726767,0.06636613458395005,0.0,0.07203195989131927,0.0,0.282277911901474
1426,0.0071677124127745625,0.019707120954990387,0.028372609242796897,0.07298365235328674,0.0,0.07203061133623123,0.0,0.2822783887386322
1427,0.006675689946860075,0.021387190371751786,0.033488436788320544,0.07083024233579635,0.0,0.07202772796154022,0.0,0.2822762131690979
1428,0.006598232965916395,0.019174543395638465,0.031058010086417197,0.0721749171614647,0.0,0.07202804088592529,0.0,0.28227347135543823
1429,0.0062946370802819725,0.01933286599814892,0.03121415972709656,0.06598752737045288,0.0,0.07202364504337311,0.0,0.2822689116001129
1430,0.006522692181169987,0.019456716999411584,0.029012341424822806,0.06738581731915474,0.0,0.07201804220676422,0.0,0.28226566314697266
1431,0.006377969682216644,0.0193264901638031,0.030802153050899506,0.07112740576267243,0.0,0.07200826704502106,0.0,0.28226470947265625
1432,0.006647147610783577,0.020384959131479263,0.03047463670372963,0.06918020695447921,0.0,0.07199530303478241,0.0,0.28226473927497864
1433,0.006203202810138464,0.019519305601716042,0.030317918583750724,0.07109735161066055,0.0,0.07197867333889008,0.0,0.2822641432285309
1434,0.006288734823465347,0.018748119473457336,0.029372842982411385,0.06218458265066147,0.0,0.07196463644504547,0.0,0.28226345777511597
1435,0.006839917600154876,0.01976875774562359,0.029602335393428804,0.0709508091211319,0.0,0.07194675505161285,0.0,0.2822638750076294
1436,0.006697179190814495,0.020139601454138754,0.030853012949228285,0.0700215145945549,0.0,0.07192806154489517,0.0,0.28226470947265625
1437,0.006592108774930239,0.020491503924131394,0.030386418849229813,0.07398881018161774,0.0,0.0719095915555954,0.0,0.2822636067867279
1438,0.006560068670660257,0.02021299973130226,0.02978365235030651,0.06713940054178238,0.0,0.0718911737203598,0.0,0.28226158022880554
1439,0.006485993135720491,0.019409027695655823,0.030990221723914146,0.06567715182900428,0.0,0.0718732550740242,0.0,0.28226155042648315
1440,0.0066293468698859215,0.019310448691248892,0.029168348014354705,0.07221781760454178,0.0,0.07185676693916321,0.0,0.2822612226009369
1441,0.006446181889623403,0.020173899456858636,0.03000594154000282,0.07093377262353898,0.0,0.07184223085641861,0.0,0.2822592556476593
1442,0.0061296623200178145,0.01897282674908638,0.0308760654181242,0.07217835336923599,0.0,0.07182665169239044,0.0,0.28225669264793396
1443,0.006411745585501194,0.02024301402270794,0.030558443069458006,0.06989632397890091,0.0,0.07180898636579514,0.0,0.2822552025318146
1444,0.006284596025943756,0.019115639850497246,0.031584035232663156,0.0681397445499897,0.0,0.07179082930088043,0.0,0.28225648403167725
1445,0.006955265998840332,0.019196918234229088,0.03257219269871712,0.07137013673782348,0.0,0.07177063077688217,0.0,0.282259076833725
1446,0.006395962182432413,0.019437135383486747,0.027670873701572417,0.06995794773101807,0.0,0.07174712419509888,0.0,0.28225964307785034
1447,0.006158538535237313,0.01965411938726902,0.030418361723423003,0.07220696955919266,0.0,0.0717225894331932,0.0,0.2822592854499817
1448,0.00644351290538907,0.018978092446923257,0.030067957192659377,0.06983974799513817,0.0,0.07169723510742188,0.0,0.2822589874267578
1449,0.0064129638485610485,0.01927146129310131,0.03189981132745743,0.07058481425046921,0.0,0.07167047262191772,0.0,0.282257616519928
1450,0.006714536994695664,0.019252673164010047,0.03026670329272747,0.06679638624191284,0.0,0.07164625823497772,0.0,0.2822563648223877
1451,0.006906162295490503,0.01996309794485569,0.029702543467283248,0.06807820945978164,0.0,0.07162948697805405,0.0,0.2822563946247101
1452,0.006791778188198805,0.019245388731360436,0.03258248344063759,0.07007603943347931,0.0,0.07161342352628708,0.0,0.2822570204734802
1453,0.006502107717096806,0.02024801857769489,0.029364871978759765,0.06807418838143349,0.0,0.07159724831581116,0.0,0.28225934505462646
1454,0.006656847149133682,0.01976614035665989,0.0276851586997509,0.07382937073707581,0.0,0.0715956911444664,0.0,0.28225991129875183
1455,0.006285095307976008,0.019859439134597777,0.03045546039938927,0.07001029551029206,0.0,0.07159563153982162,0.0,0.282260000705719
1456,0.006731350813060999,0.019683562964200974,0.030986203625798226,0.07130677849054337,0.0,0.07159815728664398,0.0,0.28226029872894287
1457,0.00659228740260005,0.02050142511725426,0.02930135726928711,0.07079325914382935,0.0,0.07159563153982162,0.0,0.2822593152523041
1458,0.0069145746529102325,0.019333399832248688,0.030891630798578262,0.07046411037445069,0.0,0.0715971440076828,0.0,0.2822592854499817
1459,0.006589454784989357,0.01881694421172142,0.03105425164103508,0.07155135571956635,0.0,0.07159887254238129,0.0,0.28225740790367126
1460,0.007021724153310061,0.01947740577161312,0.02997521199285984,0.06912141740322113,0.0,0.07160594314336777,0.0,0.2822555899620056
1461,0.006701622530817986,0.01909041628241539,0.03094397485256195,0.07064126431941986,0.0,0.07160879671573639,0.0,0.28225529193878174
1462,0.0062717384658753875,0.019619465246796607,0.0320828128606081,0.06922404021024704,0.0,0.07160788774490356,0.0,0.28225427865982056
1463,0.006695503462105989,0.019621460512280465,0.03063899017870426,0.07341428995132446,0.0,0.07160753011703491,0.0,0.2822522222995758
1464,0.00643479386344552,0.020329831540584563,0.03007209300994873,0.06905311793088913,0.0,0.07160669565200806,0.0,0.28224778175354004
1465,0.006295104045420885,0.018832138553261758,0.029286444559693335,0.07380134761333465,0.0,0.07160846143960953,0.0,0.28224462270736694
1466,0.006561453640460968,0.019774848967790602,0.029679174348711968,0.06788070350885392,0.0,0.07160936295986176,0.0,0.2822430431842804
1467,0.006762328837066889,0.01891283206641674,0.030470230057835578,0.06493039429187775,0.0,0.07161038368940353,0.0,0.2822442054748535
1468,0.006257721409201622,0.01978602334856987,0.03172649592161179,0.06851834952831268,0.0,0.07161304354667664,0.0,0.2822471559047699
1469,0.006381906755268574,0.019399642199277877,0.02988150157034397,0.06777040809392929,0.0,0.07161541283130646,0.0,0.28225061297416687
1470,0.006699984334409237,0.019187407940626143,0.034377241134643556,0.06724843978881836,0.0,0.07161508500576019,0.0,0.28225141763687134
1471,0.006293356791138649,0.019253336638212205,0.028902403265237808,0.07128528952598571,0.0,0.0716143324971199,0.0,0.28225356340408325
1472,0.006621650513261556,0.020554783940315246,0.029119393974542617,0.07148658782243729,0.0,0.07161002606153488,0.0,0.28225675225257874
1473,0.0067011876031756405,0.01890608258545399,0.030257804691791533,0.0696507528424263,0.0,0.07160703837871552,0.0,0.2822572588920593
1474,0.006267921533435583,0.019109663739800452,0.03100479245185852,0.07040303349494934,0.0,0.07160475850105286,0.0,0.28225821256637573
1475,0.0065629429183900355,0.01895706504583359,0.028988969698548316,0.07259993106126786,0.0,0.07160242646932602,0.0,0.2822588086128235
1476,0.006350022926926613,0.020792794600129127,0.030503116175532342,0.07280172109603882,0.0,0.07159921526908875,0.0,0.28225716948509216
1477,0.006610818859189749,0.01878022626042366,0.028750845417380332,0.06790921539068222,0.0,0.0715990886092186,0.0,0.2822566628456116
1478,0.006533282715827227,0.020241951569914818,0.03193115778267384,0.07035010904073716,0.0,0.07159998267889023,0.0,0.282256156206131
1479,0.006196587812155485,0.01884494237601757,0.03003798648715019,0.07014539539813995,0.0,0.07160480320453644,0.0,0.2822551727294922
1480,0.006634481623768807,0.02014789916574955,0.029425188153982162,0.07020798027515411,0.0,0.07160571962594986,0.0,0.28225380182266235
1481,0.006303205061703921,0.019726045057177545,0.03062337338924408,0.06845711022615433,0.0,0.07160567492246628,0.0,0.282248854637146
1482,0.006376775540411472,0.01778089702129364,0.02896367907524109,0.07100390344858169,0.0,0.07160575687885284,0.0,0.2822421193122864
1483,0.006612704880535602,0.01957866922020912,0.028848281875252724,0.06840038001537323,0.0,0.07160798460245132,0.0,0.2822362780570984
1484,0.006520251557230949,0.01952209174633026,0.030499244481325148,0.0717473492026329,0.0,0.07160872966051102,0.0,0.2822315990924835
1485,0.006493537593632937,0.019800574332475663,0.028940152004361154,0.06897865980863571,0.0,0.07160641998052597,0.0,0.28222841024398804
1486,0.0069516184739768505,0.018779268860816954,0.03244183212518692,0.07097374200820923,0.0,0.0716027170419693,0.0,0.28222575783729553
1487,0.006502100359648466,0.018898272514343263,0.029831141978502274,0.06970641314983368,0.0,0.07159321010112762,0.0,0.2822258472442627
1488,0.006500266958028078,0.019371461868286134,0.029519277811050414,0.06735765188932419,0.0,0.07158523052930832,0.0,0.28222885727882385
1489,0.006670855823904276,0.01895495317876339,0.030226783826947212,0.06963411718606949,0.0,0.07157693058252335,0.0,0.28223317861557007
1490,0.006592509150505066,0.02031170055270195,0.029370233044028284,0.0684040367603302,0.0,0.07157208770513535,0.0,0.28223687410354614
1491,0.006545388884842396,0.019096606597304343,0.030112475529313086,0.06902114897966385,0.0,0.07156543433666229,0.0,0.28223752975463867
1492,0.0065383903682231905,0.019718901813030244,0.03155190870165825,0.06936321258544922,0.0,0.07155653834342957,0.0,0.28223636746406555
1493,0.006295944843441248,0.01958080232143402,0.029255472868680955,0.07000339031219482,0.0,0.0715448260307312,0.0,0.28223562240600586
1494,0.006848771777004004,0.019127359613776207,0.031452818959951404,0.06894793510437011,0.0,0.07153137028217316,0.0,0.2822345793247223
1495,0.006245037540793419,0.020348085463047026,0.03119530938565731,0.06700054109096527,0.0,0.07152171432971954,0.0,0.2822340130805969
1496,0.006698971334844828,0.0190764170140028,0.031424754112958905,0.06833297610282899,0.0,0.07152014225721359,0.0,0.2822321057319641
1497,0.006549950409680605,0.01848156452178955,0.030375605821609496,0.0701256699860096,0.0,0.07152001559734344,0.0,0.2822311818599701
1498,0.00669115362688899,0.019922658428549768,0.029900726303458212,0.06792896389961242,0.0,0.07151437550783157,0.0,0.2822306752204895
1499,0.0065847959369421,0.020485840365290643,0.03238079771399498,0.0678873486816883,0.0,0.07151012867689133,0.0,0.282228946685791
1500,0.0063074595294892784,0.019055160135030745,0.030243148282170295,0.06746375262737274,0.0,0.07151281833648682,0.0,0.28222522139549255
1501,0.006628659460693598,0.020048113912343977,0.0304434385150671,0.07217617183923722,0.0,0.07151605188846588,0.0,0.28222137689590454
1502,0.00633839825168252,0.019912343472242355,0.028482751920819283,0.06916670352220536,0.0,0.07151256501674652,0.0,0.28221893310546875
1503,0.0064630679786205295,0.01962074786424637,0.02987382486462593,0.06977322697639465,0.0,0.07150264084339142,0.0,0.28221940994262695
1504,0.006286401767283678,0.019480725377798082,0.028257512673735618,0.07085511535406112,0.0,0.07149656116962433,0.0,0.28221848607063293
1505,0.006257219053804874,0.019890686497092247,0.03120805285871029,0.06650245785713196,0.0,0.07148663699626923,0.0,0.2822147011756897
1506,0.0067418343387544155,0.018912322446703912,0.02857116423547268,0.07091947346925735,0.0,0.0714750736951828,0.0,0.2822099030017853
1507,0.005926299095153809,0.020485904812812806,0.029978957027196884,0.06782312393188476,0.0,0.07146196067333221,0.0,0.28220343589782715
1508,0.0067652960307896136,0.01900809109210968,0.02818913646042347,0.07134415432810784,0.0,0.0714520663022995,0.0,0.2821972370147705
1509,0.006228257529437542,0.01868944354355335,0.028638049215078353,0.07034848481416703,0.0,0.07143878936767578,0.0,0.28219088912010193
1510,0.006696121208369732,0.01934160552918911,0.030728624016046525,0.0711947575211525,0.0,0.07142569124698639,0.0,0.2821861803531647
1511,0.006769953016191721,0.019459683448076248,0.029517837241292,0.07205842584371566,0.0,0.07141192257404327,0.0,0.282184362411499
1512,0.006510006170719862,0.01862303838133812,0.029474567249417306,0.0709850698709488,0.0,0.0714004710316658,0.0,0.2821841239929199
1513,0.006411672197282314,0.018950602039694786,0.02817620001733303,0.0758646160364151,0.0,0.07138946652412415,0.0,0.282184362411499
1514,0.0066684774123132225,0.019737717509269715,0.029505884274840355,0.07257474660873413,0.0,0.071377232670784,0.0,0.2821866273880005
1515,0.006295586191117764,0.019192441925406457,0.028419621661305426,0.06791602820158005,0.0,0.07136435806751251,0.0,0.28218966722488403
1516,0.006902738753706217,0.020173048600554466,0.029559629783034325,0.07374573945999145,0.0,0.07135637104511261,0.0,0.2821929454803467
1517,0.00684064794331789,0.018976227566599845,0.03024854026734829,0.07373660504817962,0.0,0.07134944200515747,0.0,0.282196581363678
1518,0.006513629574328661,0.019440609961748123,0.02928372733294964,0.0693670392036438,0.0,0.07134394347667694,0.0,0.2821997106075287
1519,0.00651497058570385,0.02091541774570942,0.028974993526935576,0.07513462752103806,0.0,0.07133552432060242,0.0,0.28220370411872864
1520,0.006596910767257214,0.02001582346856594,0.031650157272815706,0.07003259658813477,0.0,0.07132867723703384,0.0,0.28220605850219727
1521,0.006578984763473272,0.019879044219851493,0.030788340047001837,0.06926165521144867,0.0,0.0713241696357727,0.0,0.28220826387405396
1522,0.006484152935445309,0.020648156851530076,0.03037131316959858,0.06847837120294571,0.0,0.0713195651769638,0.0,0.2822112441062927
1523,0.006451068073511123,0.019713349640369415,0.032155999541282655,0.06988576650619507,0.0,0.07132282853126526,0.0,0.28221577405929565
1524,0.006315954029560089,0.01894974149763584,0.029599030315876008,0.0700119249522686,0.0,0.071323923766613,0.0,0.2822195887565613
1525,0.0066957839764654635,0.0195224117487669,0.029315536841750145,0.0687715157866478,0.0,0.07133136689662933,0.0,0.2822226881980896
1526,0.006422501150518655,0.019447674602270128,0.031244557723402976,0.0661427415907383,0.0,0.07133688032627106,0.0,0.2822263240814209
1527,0.0065325208008289335,0.01948706917464733,0.029250535368919372,0.06995726600289345,0.0,0.07134146988391876,0.0,0.28222718834877014
1528,0.006548370234668255,0.02001819424331188,0.030185840651392938,0.06889843195676804,0.0,0.07134771347045898,0.0,0.282227098941803
1529,0.006546103209257126,0.019613418355584146,0.03113461807370186,0.07069643884897232,0.0,0.07135380804538727,0.0,0.282228022813797
1530,0.006147976778447628,0.020342392101883888,0.03059043474495411,0.06915156990289688,0.0,0.07136249542236328,0.0,0.2822275757789612
1531,0.006617312040179968,0.019789259880781174,0.02869696468114853,0.06667872816324234,0.0,0.07137200981378555,0.0,0.282227098941803
1532,0.006610882002860308,0.019954491779208182,0.029591723531484603,0.07065140455961227,0.0,0.07138597965240479,0.0,0.2822265028953552
1533,0.006684796325862408,0.020557937398552894,0.02928711920976639,0.06649841219186783,0.0,0.07140375673770905,0.0,0.2822244465351105
1534,0.006677775457501411,0.019631043821573258,0.031380698829889295,0.06772421598434449,0.0,0.07141655683517456,0.0,0.28222331404685974
1535,0.006427934765815735,0.019681806117296217,0.028220808133482933,0.06790446639060974,0.0,0.07142684608697891,0.0,0.28222498297691345
1536,0.006252918019890785,0.018551041930913927,0.03184541165828705,0.06513286978006363,0.0,0.0714341551065445,0.0,0.28222593665122986
1537,0.006075948663055897,0.020752277225255966,0.030515069887042046,0.06780876219272614,0.0,0.07143913954496384,0.0,0.28222519159317017
1538,0.006358425598591566,0.019906799495220184,0.03179618418216705,0.06832069531083107,0.0,0.07144192606210709,0.0,0.2822237014770508
1539,0.006906225997954607,0.018701765686273575,0.032475664466619494,0.06772658675909042,0.0,0.07144453376531601,0.0,0.2822248339653015
1540,0.0063381831161677836,0.020230638980865478,0.03120013400912285,0.06780603379011155,0.0,0.07144705206155777,0.0,0.28222641348838806
1541,0.006228161975741386,0.018435990810394286,0.03196138292551041,0.07144633159041405,0.0,0.07144365459680557,0.0,0.2822280526161194
1542,0.006486310809850693,0.019511501118540765,0.029693466052412985,0.07238559871912002,0.0,0.07144050300121307,0.0,0.2822304368019104
1543,0.0063231723383069035,0.020061688870191573,0.029836076870560647,0.06802585124969482,0.0,0.0714351013302803,0.0,0.28223222494125366
1544,0.00672843474894762,0.019224963337182998,0.02981920577585697,0.0750878632068634,0.0,0.07143131643533707,0.0,0.2822330594062805
1545,0.006599682383239269,0.01964292749762535,0.028312184289097785,0.06847344115376472,0.0,0.07142975181341171,0.0,0.2822332978248596
1546,0.00629946468397975,0.02074725516140461,0.028894451260566712,0.0687291219830513,0.0,0.07142705470323563,0.0,0.2822325825691223
1547,0.006840043049305677,0.019792011007666588,0.029240595921874047,0.07044090926647187,0.0,0.0714237242937088,0.0,0.2822329103946686
1548,0.00679861344397068,0.018958892300724985,0.03203108087182045,0.06918584406375886,0.0,0.07142414152622223,0.0,0.2822343409061432
1549,0.006850760709494352,0.018916179612278938,0.031201057508587836,0.06734826415777206,0.0,0.07142724096775055,0.0,0.28223586082458496
1550,0.006629683077335358,0.02025127075612545,0.03165280073881149,0.06711646467447281,0.0,0.07142846286296844,0.0,0.2822367250919342
1551,0.006332637090235948,0.01980254426598549,0.030122170969843865,0.06917996257543564,0.0,0.07143114507198334,0.0,0.2822364866733551
1552,0.006672413554042578,0.01945628635585308,0.02882571704685688,0.06822431609034538,0.0,0.07143580168485641,0.0,0.2822364568710327
1553,0.006897495780140162,0.019713307917118072,0.028857285901904107,0.06891962885856628,0.0,0.07143829762935638,0.0,0.28223371505737305
1554,0.006647935137152672,0.019601062685251237,0.030537611246109007,0.06843155920505524,0.0,0.07143788039684296,0.0,0.2822287678718567
1555,0.006316299829632044,0.019536794722080232,0.031424271687865254,0.07243005335330963,0.0,0.07143689692020416,0.0,0.28222307562828064
1556,0.006424225587397814,0.0200963769108057,0.030256618186831473,0.06935887560248374,0.0,0.07143302261829376,0.0,0.2822176218032837
1557,0.006333466805517674,0.020878665149211884,0.02732577845454216,0.0712831050157547,0.0,0.07142840325832367,0.0,0.28221040964126587
1558,0.0064198261126875876,0.02117461562156677,0.029724493622779846,0.07020644843578339,0.0,0.07142923772335052,0.0,0.28220266103744507
1559,0.006836101599037647,0.019476094096899033,0.030535204336047173,0.06844987198710442,0.0,0.07143497467041016,0.0,0.28219616413116455
1560,0.006752941571176052,0.018775097280740737,0.03168225511908531,0.06638268083333969,0.0,0.07143984735012054,0.0,0.28219011425971985
1561,0.006545577105134726,0.019796985015273095,0.030173980444669724,0.07335583269596099,0.0,0.07144425809383392,0.0,0.2821860909461975
1562,0.006457158364355564,0.01960677616298199,0.03049457222223282,0.06643228232860565,0.0,0.07144931703805923,0.0,0.28218376636505127
1563,0.006711345259100198,0.01998731791973114,0.032623707130551335,0.07290999442338944,0.0,0.07145408540964127,0.0,0.2821823060512543
1564,0.006501728855073452,0.01965669244527817,0.030424968898296358,0.0683518223464489,0.0,0.07146072387695312,0.0,0.28218284249305725
1565,0.0065561200492084025,0.020399873331189155,0.028054102137684823,0.06948574632406235,0.0,0.07146548479795456,0.0,0.282184898853302
1566,0.006408721674233675,0.019349656999111176,0.03084423877298832,0.07081355154514313,0.0,0.07147450745105743,0.0,0.28218507766723633
1567,0.006840630434453487,0.01944950520992279,0.03013673648238182,0.07093767970800399,0.0,0.07148544490337372,0.0,0.2821836471557617
1568,0.006781248096376658,0.0199463564902544,0.030680666863918304,0.07222210317850113,0.0,0.07149829715490341,0.0,0.2821800708770752
1569,0.006313717272132635,0.02022743076086044,0.030852967500686647,0.07194212153553962,0.0,0.07150553166866302,0.0,0.2821759581565857
1570,0.006570071168243885,0.019670533761382104,0.029448791220784188,0.07081539407372475,0.0,0.07151225954294205,0.0,0.28217312693595886
1571,0.006484034098684787,0.018945617228746416,0.03282110169529915,0.07013721615076066,0.0,0.07151912152767181,0.0,0.2821696400642395
1572,0.006384874600917101,0.019464786723256113,0.029000448435544966,0.06672083884477616,0.0,0.07152919471263885,0.0,0.2821679711341858
1573,0.0064534911885857586,0.020543479174375535,0.030818093940615653,0.0693349927663803,0.0,0.07153984159231186,0.0,0.28216680884361267
1574,0.006522215530276298,0.020127926394343375,0.029572244361042978,0.07158904820680619,0.0,0.0715513527393341,0.0,0.2821694016456604
1575,0.006761343777179718,0.018864134699106215,0.029755241051316262,0.06833929419517518,0.0,0.07156696915626526,0.0,0.28217238187789917
1576,0.006857958994805813,0.01936781071126461,0.028532999381422997,0.07052756994962692,0.0,0.07157828658819199,0.0,0.28217658400535583
1577,0.006325109489262104,0.019354138150811197,0.028830328583717348,0.07381826639175415,0.0,0.07158897072076797,0.0,0.28218215703964233
1578,0.006380039639770985,0.019688429310917854,0.028519241139292717,0.07000234052538871,0.0,0.0715949684381485,0.0,0.28218749165534973
1579,0.006753908284008503,0.0192984689027071,0.029518431052565575,0.07312475219368934,0.0,0.07160068303346634,0.0,0.28219228982925415
1580,0.007007922139018774,0.019740917161107062,0.02988254576921463,0.06887935101985931,0.0,0.07160820066928864,0.0,0.28219738602638245
1581,0.006461999658495188,0.020069487765431403,0.029906757175922394,0.0690843939781189,0.0,0.07162023335695267,0.0,0.2822023928165436
1582,0.006673406157642603,0.01880633644759655,0.02982456237077713,0.07386067509651184,0.0,0.07163344323635101,0.0,0.2822059690952301
1583,0.006390341743826866,0.02012260667979717,0.03018735535442829,0.07521098703145981,0.0,0.0716434121131897,0.0,0.282209575176239
1584,0.006621503457427025,0.018457694724202157,0.03131701983511448,0.0712082788348198,0.0,0.07165445387363434,0.0,0.2822116017341614
1585,0.006625284720212221,0.019722775742411613,0.029987069964408874,0.06641670912504197,0.0,0.07166159152984619,0.0,0.28221359848976135
1586,0.006385281030088663,0.01954682245850563,0.02876436896622181,0.06448121964931489,0.0,0.07166897505521774,0.0,0.2822146415710449
1587,0.006195189524441957,0.020270050317049027,0.029648391529917717,0.06890397369861603,0.0,0.07167435437440872,0.0,0.28221675753593445
1588,0.006856162287294865,0.019898699969053267,0.02994643785059452,0.06875301897525787,0.0,0.07168220728635788,0.0,0.28221821784973145
1589,0.0067332607693970205,0.019801369309425353,0.02961452640593052,0.06755667254328727,0.0,0.07168374955654144,0.0,0.28221839666366577
1590,0.006701426487416029,0.019672225788235666,0.029112089797854422,0.06584267616271973,0.0,0.07168842107057571,0.0,0.28221970796585083
1591,0.00651805279776454,0.020377108827233315,0.030980321019887923,0.06795015037059784,0.0,0.07169289886951447,0.0,0.2822214663028717
1592,0.006437170878052711,0.01949950270354748,0.030626844242215158,0.06595764234662056,0.0,0.07170375436544418,0.0,0.28222382068634033
1593,0.006472845654934644,0.019614535570144653,0.02989463284611702,0.07092157453298568,0.0,0.0717194601893425,0.0,0.2822250425815582
1594,0.006485498510301113,0.01958117336034775,0.032846040278673175,0.0691619448363781,0.0,0.07173196226358414,0.0,0.2822275459766388
1595,0.0062821699306368824,0.019593248143792152,0.0289604265242815,0.06988592073321342,0.0,0.07174386829137802,0.0,0.28222957253456116
1596,0.006491732317954302,0.01925109215080738,0.028944018855690958,0.07138455361127853,0.0,0.07175163924694061,0.0,0.2822299897670746
1597,0.006093002110719681,0.0190687857568264,0.030936264619231223,0.0707436203956604,0.0,0.07176071405410767,0.0,0.2822301685810089
1598,0.006440884154289961,0.01927945055067539,0.028919748961925507,0.06913801580667496,0.0,0.07176858186721802,0.0,0.282229483127594
1599,0.006205106619745493,0.019543692097067834,0.030646819993853568,0.06992292180657386,0.0,0.07177360355854034,0.0,0.28222811222076416
1600,0.006439585983753204,0.020236794278025626,0.02989695444703102,0.07138468623161316,0.0,0.07177930325269699,0.0,0.28222644329071045
1601,0.006620312202721834,0.0193056158721447,0.03050926998257637,0.0693526178598404,0.0,0.07178805768489838,0.0,0.2822211980819702
1602,0.006468889676034451,0.019963892176747322,0.029000357165932654,0.07247543036937713,0.0,0.07179311662912369,0.0,0.28221553564071655
1603,0.0065387126989662646,0.020752118527889253,0.0312634501606226,0.06596393808722496,0.0,0.07180456072092056,0.0,0.28221073746681213
1604,0.006455435510724783,0.019337859749794007,0.031231068819761277,0.07164275646209717,0.0,0.07181917130947113,0.0,0.2822066843509674
1605,0.00640286048874259,0.019684726372361183,0.030137064680457116,0.06864491999149322,0.0,0.07183526456356049,0.0,0.2822000980377197
1606,0.0066929272376000885,0.01908166743814945,0.031262793391942975,0.07484414875507354,0.0,0.07184987515211105,0.0,0.2821934223175049
1607,0.006650793738663197,0.018591733649373055,0.03024447038769722,0.0688968114554882,0.0,0.071862131357193,0.0,0.2821847200393677
1608,0.006450776197016239,0.020290227979421614,0.02931554466485977,0.06918087005615234,0.0,0.07187440246343613,0.0,0.28217586874961853
1609,0.0061390908434987065,0.019428716227412223,0.030088715255260468,0.06898477971553803,0.0,0.07188671827316284,0.0,0.28216904401779175
1610,0.006611067708581686,0.019555753096938133,0.028769256174564363,0.06517120152711868,0.0,0.07190479338169098,0.0,0.2821616530418396
1611,0.006660788785666227,0.019958069175481798,0.030407794937491416,0.07056961506605149,0.0,0.0719221979379654,0.0,0.2821558117866516
1612,0.0066290504299104215,0.019041601195931436,0.030447864904999733,0.0718335285782814,0.0,0.07194073498249054,0.0,0.2821500897407532
1613,0.006572814472019672,0.01905764788389206,0.03166262060403824,0.07222567051649094,0.0,0.07195478677749634,0.0,0.2821449637413025
1614,0.006306355446577072,0.019814586266875267,0.02942805141210556,0.07074113339185714,0.0,0.07196767628192902,0.0,0.2821427583694458
1615,0.006533490400761366,0.01872960515320301,0.03062555305659771,0.06514634042978287,0.0,0.07197801768779755,0.0,0.2821439206600189
1616,0.006283179577440024,0.01994221657514572,0.029073699936270715,0.06926554888486862,0.0,0.07198946177959442,0.0,0.2821449935436249
1617,0.006355639081448317,0.01960553042590618,0.03066590763628483,0.06999012529850006,0.0,0.07199766486883163,0.0,0.28214579820632935
1618,0.006475027557462454,0.019602522999048234,0.030796406790614128,0.06568949669599533,0.0,0.07200491428375244,0.0,0.2821454405784607
1619,0.006767746806144714,0.01884501092135906,0.03129003383219242,0.0698822170495987,0.0,0.07201264798641205,0.0,0.28214704990386963
1620,0.006479017809033394,0.01986529491841793,0.03063662275671959,0.07107839435338974,0.0,0.07201744616031647,0.0,0.2821490168571472
1621,0.006741464883089065,0.019886066392064094,0.03172813393175602,0.07338456511497497,0.0,0.07202459871768951,0.0,0.2821517586708069
1622,0.006954126246273518,0.019996928796172143,0.031165093556046485,0.06727227419614792,0.0,0.07203207910060883,0.0,0.2821575701236725
1623,0.006812372151762247,0.019462813064455985,0.03094183877110481,0.06860946416854859,0.0,0.07204017788171768,0.0,0.28216296434402466
1624,0.006327909976243972,0.01969996988773346,0.030016553401947022,0.06959770768880844,0.0,0.0720457062125206,0.0,0.2821686565876007
1625,0.006716287229210138,0.0189469613134861,0.030101999640464783,0.06965459287166595,0.0,0.07204864919185638,0.0,0.28217601776123047
1626,0.006567709986120463,0.01976507008075714,0.029491940140724184,0.0695048525929451,0.0,0.07204549014568329,0.0,0.28218135237693787
1627,0.006390679068863392,0.019106419011950492,0.030975813418626784,0.07294645011425019,0.0,0.07203887403011322,0.0,0.2821864187717438
1628,0.006560375262051821,0.019852377474308014,0.028905249759554864,0.06791601181030274,0.0,0.07202976942062378,0.0,0.2821916937828064
1629,0.006485857907682658,0.01928538307547569,0.030102955177426338,0.0723697230219841,0.0,0.07202239334583282,0.0,0.282195508480072
1630,0.006082908436655998,0.019181616231799127,0.03018403463065624,0.06888090968132018,0.0,0.07201478630304337,0.0,0.28219905495643616
1631,0.006452498584985733,0.018519403785467146,0.030167730152606965,0.07269565910100936,0.0,0.07200983911752701,0.0,0.2822011709213257
1632,0.006796282157301903,0.020845535770058633,0.030082029476761817,0.0723058521747589,0.0,0.07200221717357635,0.0,0.2822023034095764
1633,0.0066622900776565075,0.020524103194475174,0.031254971772432326,0.07400216311216354,0.0,0.07199786603450775,0.0,0.28220245242118835
1634,0.006337137706577778,0.019735322520136832,0.03091760315001011,0.07108389139175415,0.0,0.07199341803789139,0.0,0.28220081329345703
1635,0.0067082012072205545,0.019839590415358543,0.031022276356816293,0.06965845823287964,0.0,0.07198657095432281,0.0,0.2821984887123108
1636,0.0058546682819724085,0.019234556704759598,0.029717946797609328,0.07162991911172867,0.0,0.07197440415620804,0.0,0.2821982502937317
1637,0.0063916795887053015,0.01954117827117443,0.03083803839981556,0.07001438736915588,0.0,0.0719638243317604,0.0,0.2821974754333496
1638,0.006133202277123928,0.018819745630025864,0.02986186556518078,0.07109609693288803,0.0,0.07195401191711426,0.0,0.2821981906890869
1639,0.0066184128634631635,0.01877167485654354,0.0288379542529583,0.07061314582824707,0.0,0.07193909585475922,0.0,0.2821997106075287
1640,0.006205884460359812,0.019366731494665147,0.03053705282509327,0.06985911130905151,0.0,0.07192503660917282,0.0,0.28220224380493164
1641,0.006564880628138781,0.019529251009225847,0.031275222450494765,0.06980344653129578,0.0,0.07190801948308945,0.0,0.2822045087814331
1642,0.006534846685826779,0.02037782743573189,0.028739355504512787,0.06595211029052735,0.0,0.07189345359802246,0.0,0.28220629692077637
1643,0.006698059942573309,0.0199745986610651,0.02997223474085331,0.06913857161998749,0.0,0.07188353687524796,0.0,0.2822083830833435
1644,0.006563897430896759,0.019515040144324303,0.030093976855278017,0.06883020997047425,0.0,0.07187528908252716,0.0,0.28221210837364197
1645,0.0069795122370123865,0.019166210293769838,0.03171064145863056,0.06956599205732346,0.0,0.07186479866504669,0.0,0.2822163701057434
1646,0.006731064431369305,0.018717442452907563,0.029323431849479675,0.0675733059644699,0.0,0.07186217606067657,0.0,0.2822210490703583
1647,0.006691552698612213,0.019974153488874435,0.03138333410024643,0.06948660016059875,0.0,0.07185898721218109,0.0,0.28222447633743286
1648,0.0065346816554665565,0.01890409700572491,0.03098203204572201,0.06755915060639381,0.0,0.07185383886098862,0.0,0.28222617506980896
1649,0.006680089421570301,0.018627119809389116,0.02897222563624382,0.06612700074911118,0.0,0.07184896618127823,0.0,0.2822273075580597
1650,0.0060800199396908285,0.01882115602493286,0.03122198097407818,0.06690842285752296,0.0,0.07184173911809921,0.0,0.2822275757789612
1651,0.006688780896365642,0.01930827125906944,0.02941252924501896,0.07157823890447616,0.0,0.07183132320642471,0.0,0.28222784399986267
1652,0.0065491641871631145,0.02035866156220436,0.031161122769117356,0.06959897130727768,0.0,0.07182095944881439,0.0,0.2822292745113373
1653,0.006217929068952799,0.02026599384844303,0.029773180186748505,0.07109224945306777,0.0,0.07181096076965332,0.0,0.28222885727882385
1654,0.006309573072940111,0.018779512867331503,0.030477429553866387,0.06991262137889862,0.0,0.07180149853229523,0.0,0.2822282612323761
1655,0.006659252569079399,0.01972486637532711,0.030505403876304626,0.07761766165494918,0.0,0.07178942859172821,0.0,0.2822285294532776
1656,0.006661213655024767,0.019821877777576446,0.02910859026014805,0.06883039921522141,0.0,0.07177944481372833,0.0,0.2822287678718567
1657,0.006435694172978401,0.019869472086429595,0.028932493180036545,0.07182788699865342,0.0,0.0717741996049881,0.0,0.28222817182540894
1658,0.006705202348530293,0.019790131598711014,0.032011684775352475,0.07174329161643982,0.0,0.07177574932575226,0.0,0.28222858905792236
1659,0.0063487433828413485,0.01930069997906685,0.03059879094362259,0.06676796600222587,0.0,0.07177581638097763,0.0,0.2822314202785492
1660,0.00641759280115366,0.019282811507582664,0.03060012273490429,0.06874464377760887,0.0,0.07177875936031342,0.0,0.28223660588264465
1661,0.00680081332102418,0.020350205525755883,0.030391281470656395,0.07015129923820496,0.0,0.0717768445611,0.0,0.2822422981262207
1662,0.006325633358210325,0.019718607887625694,0.029883618652820586,0.0712572269141674,0.0,0.07177639752626419,0.0,0.2822462022304535
1663,0.006463398784399032,0.018990615382790565,0.031926536560058595,0.07044728547334671,0.0,0.07177822291851044,0.0,0.28224876523017883
1664,0.006586758140474558,0.019683588296175003,0.031020577996969223,0.06784245520830154,0.0,0.07178358733654022,0.0,0.2822495400905609
1665,0.0063502717763185505,0.020325957238674162,0.027774247527122497,0.07141122967004776,0.0,0.07178773730993271,0.0,0.2822498679161072
1666,0.006596019119024276,0.019364845380187033,0.03200700469315052,0.06901922449469566,0.0,0.0717913955450058,0.0,0.282250314950943
1667,0.006546297948807478,0.020112185925245284,0.030285784974694252,0.07097256034612656,0.0,0.07179845124483109,0.0,0.28224754333496094
1668,0.006893897242844105,0.01979326792061329,0.029135952517390252,0.07107153981924057,0.0,0.0718008279800415,0.0,0.2822466492652893
1669,0.006762992404401302,0.020595312863588334,0.031491946801543234,0.06737621873617172,0.0,0.07180337607860565,0.0,0.2822459638118744
1670,0.006413557939231396,0.01983785182237625,0.029993779957294464,0.06930012255907059,0.0,0.07180528342723846,0.0,0.2822474241256714
1671,0.006646875850856304,0.02050536349415779,0.028440435230731965,0.06607757061719895,0.0,0.07180991023778915,0.0,0.282248318195343
1672,0.006460897158831358,0.019315310567617417,0.03023654818534851,0.07061461061239242,0.0,0.0718160942196846,0.0,0.28225022554397583
1673,0.006367961317300797,0.020066434517502785,0.029725736007094383,0.07022941410541535,0.0,0.07182018458843231,0.0,0.2822536826133728
1674,0.0068768859840929505,0.019965602457523345,0.02940167300403118,0.07245370000600815,0.0,0.07183098793029785,0.0,0.2822563052177429
1675,0.007010786049067974,0.01965164430439472,0.03153895027935505,0.07061107009649277,0.0,0.07183897495269775,0.0,0.28225773572921753
1676,0.006958450190722942,0.01950734034180641,0.02997971773147583,0.06692975908517837,0.0,0.07185066491365433,0.0,0.2822583019733429
1677,0.007070342823863029,0.019891803711652757,0.029261598736047743,0.06981675028800964,0.0,0.07185934484004974,0.0,0.28225940465927124
1678,0.0066523426212370396,0.01922731250524521,0.0312964279204607,0.06493891999125481,0.0,0.07186878472566605,0.0,0.2822609543800354
1679,0.006667027063667774,0.020149576291441918,0.030433735996484756,0.07002471536397933,0.0,0.07188179343938828,0.0,0.28226107358932495
1680,0.0065136726945638655,0.019355128705501556,0.029370277002453805,0.06684854328632354,0.0,0.07189086079597473,0.0,0.2822597920894623
1681,0.006100705731660128,0.0192403931170702,0.030903851613402367,0.07349278181791305,0.0,0.07189585268497467,0.0,0.28225797414779663
1682,0.006482813972979784,0.01986870765686035,0.03060133084654808,0.07087656259536743,0.0,0.0718994140625,0.0,0.2822560667991638
1683,0.006230511516332626,0.01975145749747753,0.029681820794939993,0.06674141213297843,0.0,0.07190863788127899,0.0,0.28225380182266235
1684,0.00661470890045166,0.01985700726509094,0.03029715232551098,0.06887667924165726,0.0,0.07191689312458038,0.0,0.2822490334510803
1685,0.0065425091423094274,0.02039063721895218,0.03156674541532993,0.07130015939474106,0.0,0.07192589342594147,0.0,0.28224390745162964
1686,0.00672836247831583,0.018366252630949022,0.03175751604139805,0.06612868160009384,0.0,0.07193345576524734,0.0,0.282240092754364
1687,0.006529263872653246,0.019640494138002396,0.03196351528167725,0.07088975012302398,0.0,0.07194136083126068,0.0,0.28223681449890137
1688,0.006412678491324186,0.01955246366560459,0.029331402853131294,0.07161659896373748,0.0,0.07195689529180527,0.0,0.28223732113838196
1689,0.006596886646002531,0.01869709715247154,0.03108217045664787,0.06745802909135819,0.0,0.07196827977895737,0.0,0.2822383940219879
1690,0.006549026630818844,0.020006966218352316,0.029308731108903883,0.07176931202411652,0.0,0.07197942584753036,0.0,0.28223952651023865
1691,0.006466027535498142,0.0198957696557045,0.03026827685534954,0.07226570844650268,0.0,0.07199268043041229,0.0,0.28224074840545654
1692,0.006764890067279339,0.01959175765514374,0.03089834190905094,0.07260453701019287,0.0,0.07200351357460022,0.0,0.2822400629520416
1693,0.007013322319835424,0.02038276121020317,0.031364545971155164,0.07050014585256577,0.0,0.07201190292835236,0.0,0.28223949670791626
1694,0.006599409226328135,0.019283170253038405,0.028940315917134286,0.07273131012916564,0.0,0.0720246285200119,0.0,0.2822393774986267
1695,0.0067994480952620505,0.01998640112578869,0.028831063583493233,0.06936198249459266,0.0,0.0720311850309372,0.0,0.2822384238243103
1696,0.00667819008231163,0.020250845700502396,0.030903997272253035,0.06823728233575821,0.0,0.07203583419322968,0.0,0.28223904967308044
1697,0.0069371964782476425,0.020033350214362144,0.02872629091143608,0.06697627678513526,0.0,0.07203887403011322,0.0,0.2822391390800476
1698,0.006577098183333874,0.018681278452277184,0.029541929811239244,0.07018492221832276,0.0,0.07204324007034302,0.0,0.28223884105682373
1699,0.006741777062416077,0.019338884204626084,0.030300839617848397,0.07000201344490051,0.0,0.07204508781433105,0.0,0.28223857283592224
1700,0.0061208724044263365,0.01910882405936718,0.02862013503909111,0.06360274776816369,0.0,0.0720420703291893,0.0,0.2822376787662506
1701,0.0071623346768319605,0.01934601552784443,0.02917398847639561,0.06976731419563294,0.0,0.07203986495733261,0.0,0.2822352945804596
1702,0.00643759910017252,0.019200990349054335,0.031017134711146355,0.06660062819719315,0.0,0.0720379576086998,0.0,0.2822330594062805
1703,0.006226014159619808,0.019307932630181313,0.030084889754652976,0.07243598997592926,0.0,0.07203418761491776,0.0,0.28223055601119995
1704,0.006466773059219122,0.019757870584726334,0.029599742218852042,0.06921039968729019,0.0,0.07203005254268646,0.0,0.28222861886024475
1705,0.006431529670953751,0.019674865901470183,0.030779532715678216,0.07071056813001633,0.0,0.07202978432178497,0.0,0.28222817182540894
1706,0.006568423192948103,0.020044732093811034,0.03011201210319996,0.07302497327327728,0.0,0.07203339040279388,0.0,0.28222742676734924
1707,0.006759429257363081,0.019487029314041136,0.030770230293273925,0.06941264718770981,0.0,0.07203216105699539,0.0,0.2822277247905731
1708,0.0063105813227593895,0.019940022751688956,0.02980935201048851,0.06640933901071548,0.0,0.07203273475170135,0.0,0.28222841024398804
1709,0.006245692539960146,0.019159654527902602,0.029561707004904746,0.07081826478242874,0.0,0.07203294336795807,0.0,0.28223034739494324
1710,0.006700796727091074,0.019962476566433907,0.033187546953558925,0.06723387762904168,0.0,0.07203278690576553,0.0,0.282233864068985
1711,0.006338692363351583,0.01905546449124813,0.03103143386542797,0.06769076436758041,0.0,0.07203572988510132,0.0,0.2822358310222626
1712,0.006738754827529192,0.01893165782094002,0.02776029221713543,0.07064015120267868,0.0,0.07203931361436844,0.0,0.2822369933128357
1713,0.006418148800730705,0.019546134024858476,0.02997353859245777,0.07508890628814698,0.0,0.07204228639602661,0.0,0.2822345197200775
1714,0.006762335170060396,0.019787362217903136,0.028510721027851106,0.0694110244512558,0.0,0.07204224914312363,0.0,0.2822306156158447
1715,0.006738063041120767,0.02027302160859108,0.029461604729294776,0.07400211840867996,0.0,0.07203716039657593,0.0,0.28222519159317017
1716,0.0066831929609179495,0.01937279999256134,0.028465176373720168,0.06829671710729598,0.0,0.07202739268541336,0.0,0.28222018480300903
1717,0.006466880720108747,0.02013861611485481,0.02836034931242466,0.07055675834417344,0.0,0.07201582193374634,0.0,0.28221529722213745
1718,0.006808608677238226,0.02052328661084175,0.02958124652504921,0.07038456201553345,0.0,0.07200594246387482,0.0,0.2822108864784241
1719,0.006933856196701527,0.019571836292743682,0.031140979379415512,0.0702843725681305,0.0,0.07199420034885406,0.0,0.28220754861831665
1720,0.00659588286653161,0.018625361472368242,0.028366707637906073,0.06551504880189896,0.0,0.07198388874530792,0.0,0.282205730676651
1721,0.006426839344203472,0.019552572444081307,0.030274348706007002,0.06709013879299164,0.0,0.07197212427854538,0.0,0.2822052240371704
1722,0.0067659089341759685,0.019074840098619462,0.029719091206789016,0.07243947386741638,0.0,0.07195999473333359,0.0,0.282204270362854
1723,0.006194166932255029,0.019600295647978782,0.029825595766305925,0.06785009354352951,0.0,0.07194992899894714,0.0,0.282205730676651
1724,0.007083994243294001,0.018866050988435745,0.03075069822371006,0.0701308086514473,0.0,0.07194193452596664,0.0,0.2822067141532898
1725,0.006699956301599741,0.019052785634994508,0.030300643295049667,0.06888500303030014,0.0,0.0719393715262413,0.0,0.2822076678276062
1726,0.006651612091809511,0.019005538523197175,0.030305885523557664,0.07195917069911957,0.0,0.07193882763385773,0.0,0.2822091281414032
1727,0.006923462077975273,0.019215891882777215,0.029091554507613183,0.06833429262042046,0.0,0.07193614542484283,0.0,0.28221026062965393
1728,0.006248388811945916,0.020076267048716546,0.029665103554725646,0.06958619803190232,0.0,0.07193551957607269,0.0,0.28220850229263306
1729,0.006480523943901062,0.018848374485969543,0.02909114807844162,0.07152104824781418,0.0,0.07193688303232193,0.0,0.28220662474632263
1730,0.00702238529920578,0.019130859524011612,0.029747162014245987,0.07138996720314025,0.0,0.07194048911333084,0.0,0.28220438957214355
1731,0.006252758204936981,0.01965550109744072,0.030812959000468255,0.07199145704507828,0.0,0.07194285094738007,0.0,0.28220334649086
1732,0.006360597163438797,0.019347714632749556,0.03087578937411308,0.0738557830452919,0.0,0.07194756716489792,0.0,0.2822013795375824
1733,0.006428687926381826,0.019202497228980063,0.029610279947519302,0.06901750490069389,0.0,0.07194901257753372,0.0,0.28219717741012573
1734,0.006293339189141989,0.019183824211359023,0.030243317037820815,0.07243229746818543,0.0,0.07195210456848145,0.0,0.28219422698020935
1735,0.00675065228715539,0.019554466381669043,0.028586093336343765,0.07149572074413299,0.0,0.07195122539997101,0.0,0.2821914553642273
1736,0.006670449208468199,0.019537348300218582,0.029652518779039384,0.06886313110589981,0.0,0.07195044308900833,0.0,0.28219038248062134
1737,0.006511959712952375,0.02059665210545063,0.03080625981092453,0.070970419049263,0.0,0.07194466888904572,0.0,0.2821914553642273
1738,0.0061943489126861095,0.020773378014564515,0.030335552990436554,0.07256818860769272,0.0,0.07194012403488159,0.0,0.28219494223594666
1739,0.006471205409616232,0.019508372992277145,0.030597057193517685,0.07169698402285576,0.0,0.07194148004055023,0.0,0.2822001576423645
1740,0.006146347615867853,0.019173768162727357,0.03144133165478706,0.06991133242845535,0.0,0.07194064557552338,0.0,0.28220516443252563
1741,0.006392010487616062,0.020421536266803743,0.03043353818356991,0.0690626971423626,0.0,0.07194032520055771,0.0,0.2822114825248718
1742,0.006460569147020578,0.018747219070792197,0.028744350746273996,0.06991829723119736,0.0,0.07194294780492783,0.0,0.28221508860588074
1743,0.006213330663740635,0.020308827236294746,0.02956983558833599,0.06547311395406723,0.0,0.07193964719772339,0.0,0.28221821784973145
1744,0.006145311240106821,0.019088807329535485,0.03115411289036274,0.07039721608161927,0.0,0.0719323381781578,0.0,0.28222090005874634
1745,0.006323519442230463,0.019733193889260293,0.0313729040324688,0.06922301501035691,0.0,0.07192392647266388,0.0,0.2822217643260956
1746,0.006376876868307591,0.01973075605928898,0.030273180827498435,0.07141116857528687,0.0,0.07191980630159378,0.0,0.28222236037254333
1747,0.006948152929544449,0.020253721997141837,0.03094341643154621,0.07202006876468658,0.0,0.07191384583711624,0.0,0.2822237014770508
1748,0.006658654008060694,0.01960287317633629,0.029697039723396303,0.06836089193820953,0.0,0.07190453261137009,0.0,0.28222575783729553
1749,0.006641120929270983,0.01929224543273449,0.0287624504417181,0.07254045456647873,0.0,0.0718921571969986,0.0,0.28222763538360596
1750,0.006818198971450329,0.019578368961811067,0.02948058433830738,0.06652559936046601,0.0,0.07187753170728683,0.0,0.2822292149066925
1751,0.006607897020876408,0.01932740621268749,0.02815372608602047,0.06452271714806557,0.0,0.07186491787433624,0.0,0.28223007917404175
1752,0.006358763575553894,0.01978757083415985,0.03094673454761505,0.06621236354112625,0.0,0.0718555599451065,0.0,0.28222766518592834
1753,0.006299515068531036,0.019732929393649103,0.030193166807293892,0.07165636718273163,0.0,0.07184924185276031,0.0,0.2822248935699463
1754,0.006436036061495542,0.018768681958317757,0.031170311942696573,0.06707817018032074,0.0,0.07184545695781708,0.0,0.2822246849536896
1755,0.006431024055927992,0.019447590038180352,0.0294853575527668,0.06730603277683259,0.0,0.07183851301670074,0.0,0.2822240889072418
1756,0.0066271905787289144,0.019610059261322022,0.03147378079593181,0.06673348993062973,0.0,0.07183730602264404,0.0,0.2822224199771881
1757,0.006540744006633759,0.019134942442178726,0.02985759563744068,0.06771006286144257,0.0,0.07183177769184113,0.0,0.2822207808494568
1758,0.00633049700409174,0.019311828166246416,0.030372698605060578,0.07051734626293182,0.0,0.07183121889829636,0.0,0.2822183668613434
1759,0.006415096577256918,0.019649244099855422,0.028024204820394517,0.06670680567622185,0.0,0.07183557003736496,0.0,0.28221192955970764
1760,0.006687560584396124,0.019498925283551218,0.026395035907626152,0.0673463374376297,0.0,0.07183818519115448,0.0,0.28220611810684204
1761,0.0068759099580347535,0.018961868435144424,0.03162577264010906,0.07224442213773727,0.0,0.07183760404586792,0.0,0.28219833970069885
1762,0.006593085639178753,0.019991783797740935,0.030153875797986986,0.06659883484244347,0.0,0.07183408737182617,0.0,0.2821914255619049
1763,0.006465223710983991,0.02047197222709656,0.028489136323332786,0.07011095881462097,0.0,0.07182666659355164,0.0,0.28218525648117065
1764,0.006560096051543951,0.019438742846250533,0.031107652559876443,0.06985216289758682,0.0,0.07181793451309204,0.0,0.2821806073188782
1765,0.006486753839999438,0.01964445225894451,0.029497595503926277,0.07227373123168945,0.0,0.07180803269147873,0.0,0.28217560052871704
1766,0.007050494197756052,0.019855590537190437,0.031210875138640404,0.07138695120811463,0.0,0.07179687172174454,0.0,0.28217068314552307
1767,0.0063268978148698805,0.019610708579421043,0.03095841184258461,0.07215960919857026,0.0,0.07178796827793121,0.0,0.2821674346923828
1768,0.006460373476147652,0.019040006026625634,0.031138575822114944,0.0715666502714157,0.0,0.07177615165710449,0.0,0.2821666896343231
1769,0.006709133740514517,0.018906502053141594,0.030020329728722574,0.06748062893748283,0.0,0.0717613473534584,0.0,0.2821682095527649
1770,0.006724301632493735,0.02081860862672329,0.030774604901671408,0.06772673353552819,0.0,0.07174469530582428,0.0,0.2821684777736664
1771,0.006681789644062519,0.019629380851984023,0.02909325547516346,0.06762582361698151,0.0,0.07172423601150513,0.0,0.2821715772151947
1772,0.006531014945358038,0.01968050077557564,0.030249089002609253,0.06970472186803818,0.0,0.07170437276363373,0.0,0.2821744382381439
1773,0.006656345911324024,0.019670319557189942,0.030011558532714845,0.0704161912202835,0.0,0.07168330997228622,0.0,0.28217819333076477
1774,0.006414182670414448,0.01992681995034218,0.031678924709558486,0.06643467620015145,0.0,0.07166487723588943,0.0,0.2821846008300781
1775,0.006941886339336634,0.019425806775689124,0.030065378174185753,0.07423883974552155,0.0,0.0716465413570404,0.0,0.28218966722488403
1776,0.007005820330232382,0.01966586895287037,0.031640445813536644,0.07298732548952103,0.0,0.07163293659687042,0.0,0.28219151496887207
1777,0.006822299025952816,0.021125470101833344,0.031298065185546876,0.06624319702386856,0.0,0.07161448150873184,0.0,0.28219279646873474
1778,0.006626573670655489,0.01952164024114609,0.030775880068540575,0.07176367491483689,0.0,0.0716017335653305,0.0,0.2821929454803467
1779,0.00647252444177866,0.02080352567136288,0.030308463796973228,0.06616977453231812,0.0,0.07158569246530533,0.0,0.2821948230266571
1780,0.006757079809904099,0.019115401431918144,0.029321373254060746,0.07110081762075424,0.0,0.07156979292631149,0.0,0.2821962833404541
1781,0.006590117421001196,0.019430485740303993,0.028396378085017205,0.07011217027902603,0.0,0.07155458629131317,0.0,0.28219789266586304
1782,0.006378865800797939,0.019614874199032784,0.0288868959993124,0.07087017297744751,0.0,0.07154226303100586,0.0,0.28220242261886597
1783,0.007014084421098232,0.019417256116867065,0.030593008548021317,0.07267336249351501,0.0,0.07152902334928513,0.0,0.28220587968826294
1784,0.006590637564659119,0.018855621665716173,0.030343334749341012,0.06777041852474212,0.0,0.07151515781879425,0.0,0.28220921754837036
1785,0.0063444340601563455,0.01963043548166752,0.030314131826162338,0.06800484657287598,0.0,0.07150079309940338,0.0,0.2822117209434509
1786,0.006451363675296307,0.019593456760048866,0.032189784198999406,0.06956427246332168,0.0,0.07148785889148712,0.0,0.28221386671066284
1787,0.00645176125690341,0.01956048458814621,0.030006372928619386,0.06457248032093048,0.0,0.07147155702114105,0.0,0.282216876745224
1788,0.00683992300182581,0.0198831669986248,0.029715196415781974,0.06962881982326508,0.0,0.07145411521196365,0.0,0.2822192311286926
1789,0.006503030378371477,0.019008684158325195,0.02935415059328079,0.07141029983758926,0.0,0.07143831998109818,0.0,0.28222164511680603
1790,0.006448340974748135,0.019592392072081567,0.029544641822576524,0.07173410952091216,0.0,0.07142189890146255,0.0,0.28222307562828064
1791,0.006580375786870718,0.020098141580820083,0.029769954830408098,0.06687841787934304,0.0,0.0714089423418045,0.0,0.2822234034538269
1792,0.00650542126968503,0.019538799300789833,0.029797903448343276,0.07133885622024536,0.0,0.07139348983764648,0.0,0.2822226583957672
1793,0.006517438404262066,0.01977037116885185,0.030006224662065505,0.06969858035445213,0.0,0.07137822359800339,0.0,0.28221991658210754
1794,0.0062700571492314335,0.0194737546145916,0.03147888220846653,0.06712788045406341,0.0,0.07136818021535873,0.0,0.28221839666366577
1795,0.006763720046728849,0.01935141868889332,0.030609143525362016,0.0715841069817543,0.0,0.07135556638240814,0.0,0.28221848607063293
1796,0.006688566505908966,0.019641020521521568,0.030530083924531937,0.06903906613588333,0.0,0.07134630531072617,0.0,0.2822189927101135
1797,0.006612355168908834,0.019379264488816262,0.02967788428068161,0.06803599298000336,0.0,0.07133781909942627,0.0,0.28221917152404785
1798,0.006603503040969372,0.01968008317053318,0.03015088476240635,0.06983756572008133,0.0,0.07133407890796661,0.0,0.28221839666366577
1799,0.006459296867251396,0.020206117257475852,0.029904767125844955,0.06773413345217705,0.0,0.07133045047521591,0.0,0.2822175621986389
1800,0.0065206455998122696,0.019851955771446227,0.0300224881619215,0.07211611121892929,0.0,0.07132842391729355,0.0,0.28221839666366577
1801,0.006413231696933508,0.019571790099143983,0.030987416952848436,0.07035538852214814,0.0,0.07132614403963089,0.0,0.28222018480300903
1802,0.006625095568597317,0.020358345285058022,0.028755432367324828,0.07051943093538285,0.0,0.07132643461227417,0.0,0.2822202444076538
1803,0.006210283190011978,0.019058795645833015,0.030222611501812935,0.07255690842866898,0.0,0.07132688909769058,0.0,0.28222185373306274
1804,0.006191052030771971,0.01946306452155113,0.03116634488105774,0.07325074076652527,0.0,0.07132868468761444,0.0,0.28222304582595825
1805,0.00670730909332633,0.019925594329833984,0.03144452571868896,0.07065300419926643,0.0,0.07132533192634583,0.0,0.28222712874412537
1806,0.00641227038577199,0.019579841941595077,0.031764547899365426,0.06824543476104736,0.0,0.07132305949926376,0.0,0.28223028779029846
1807,0.006670739036053419,0.020415347814559937,0.030246612802147865,0.06844506412744522,0.0,0.0713219940662384,0.0,0.2822326421737671
1808,0.006661399081349373,0.0193791501224041,0.03118946962058544,0.07126502394676208,0.0,0.07132317125797272,0.0,0.2822342813014984
1809,0.006371812522411346,0.019640600308775902,0.03127807267010212,0.06715577989816665,0.0,0.07132570445537567,0.0,0.28223568201065063
1810,0.006474583875387907,0.020552273467183114,0.027961422875523567,0.0719869464635849,0.0,0.07133307307958603,0.0,0.28223705291748047
1811,0.006384954787790775,0.019364716485142708,0.028440435230731965,0.06662841588258743,0.0,0.07134027779102325,0.0,0.28223684430122375
1812,0.006642736308276653,0.019107403233647346,0.029174280166625977,0.07298372089862823,0.0,0.07134715467691422,0.0,0.28223589062690735
1813,0.00653006574138999,0.019610251858830453,0.028916455805301666,0.06751363798975944,0.0,0.07135532796382904,0.0,0.28223592042922974
1814,0.006088120024651289,0.01980848200619221,0.03079349584877491,0.06770599633455276,0.0,0.07136531174182892,0.0,0.2822359800338745
1815,0.006360278464853764,0.020372939854860307,0.029649733379483224,0.07273882031440734,0.0,0.07138104736804962,0.0,0.28223496675491333
1816,0.006776480935513973,0.01955578327178955,0.030248348042368887,0.06458299830555916,0.0,0.07139456272125244,0.0,0.282235711812973
1817,0.00627891169860959,0.02006586417555809,0.029311998561024667,0.07011594772338867,0.0,0.07140778750181198,0.0,0.2822367250919342
1818,0.006314434297382832,0.02024071291089058,0.030944530665874482,0.07199655920267105,0.0,0.07141804695129395,0.0,0.2822374999523163
1819,0.006782056391239166,0.019980886578559877,0.02902463637292385,0.0668058842420578,0.0,0.07143781334161758,0.0,0.2822379469871521
1820,0.006581692956387997,0.01986294947564602,0.03025449626147747,0.06824387684464454,0.0,0.07146017253398895,0.0,0.28223541378974915
1821,0.006434212997555732,0.020503516495227813,0.029428762197494508,0.06683267056941986,0.0,0.07147935032844543,0.0,0.28223204612731934
1822,0.006187117658555508,0.019325514137744904,0.03169963285326958,0.07147273570299148,0.0,0.07149766385555267,0.0,0.28222939372062683
1823,0.0065956137143075464,0.018755510076880456,0.03151663579046726,0.06311433389782906,0.0,0.07151361554861069,0.0,0.2822279930114746
1824,0.0067694708704948425,0.019603891670703887,0.03110495172441006,0.07393665015697479,0.0,0.07152839004993439,0.0,0.2822275757789612
1825,0.006705057341605425,0.019012671336531638,0.02929959148168564,0.06586720943450927,0.0,0.07153962552547455,0.0,0.2822268009185791
1826,0.006413281802088023,0.02022194564342499,0.030877447128295897,0.06970493346452714,0.0,0.07154933363199234,0.0,0.282228022813797
1827,0.006388399843126535,0.01986987516283989,0.030759099498391153,0.06904660761356354,0.0,0.07156027853488922,0.0,0.2822282910346985
1828,0.006820195075124502,0.01914355345070362,0.030611153319478036,0.07037500441074371,0.0,0.0715683177113533,0.0,0.2822263240814209
1829,0.0068049048073589805,0.020133378356695174,0.031137562915682794,0.07249161154031754,0.0,0.07157184928655624,0.0,0.2822234034538269
1830,0.006749091669917107,0.019408147409558298,0.030521368980407713,0.07398408949375153,0.0,0.07157354056835175,0.0,0.2822194993495941
1831,0.006414690241217613,0.019966573268175126,0.029493146762251853,0.07157348841428757,0.0,0.07157741487026215,0.0,0.28221625089645386
1832,0.006535002961754799,0.020290086418390273,0.030720245838165284,0.06903107911348343,0.0,0.07157886773347855,0.0,0.28221428394317627
1833,0.006611309107393026,0.020868100225925446,0.029571856558322906,0.07033744007349015,0.0,0.07157929241657257,0.0,0.2822123169898987
1834,0.006541899591684342,0.019817152246832847,0.028943661972880362,0.0676612176001072,0.0,0.07157977670431137,0.0,0.2822134494781494
1835,0.006752846017479897,0.020122302696108818,0.030243780091404916,0.06458740085363388,0.0,0.07158110290765762,0.0,0.2822147011756897
1836,0.0066175184212625025,0.019550012052059175,0.029391945526003837,0.07031281888484955,0.0,0.07158463448286057,0.0,0.2822166085243225
1837,0.0066417548805475235,0.020165777951478957,0.029497926682233812,0.06748918741941452,0.0,0.07159365713596344,0.0,0.28221720457077026
1838,0.007075305189937353,0.019312916323542595,0.030696918070316315,0.06931098103523255,0.0,0.07160386443138123,0.0,0.2822166085243225
1839,0.00645620608702302,0.020306040346622468,0.029103701934218407,0.06830570697784424,0.0,0.07160774618387222,0.0,0.28221529722213745
1840,0.006700080633163452,0.019520162045955657,0.029907409101724625,0.06729520261287689,0.0,0.07161315530538559,0.0,0.282215416431427
1841,0.006463725306093693,0.019924162700772286,0.030510340258479117,0.06837865710258484,0.0,0.0716167539358139,0.0,0.282213032245636
1842,0.006818075571209193,0.020167770236730574,0.028031647950410844,0.07351000458002091,0.0,0.07162079960107803,0.0,0.28220948576927185
1843,0.006406599655747414,0.018984690308570862,0.03110457807779312,0.06586364656686783,0.0,0.07161776721477509,0.0,0.2822062373161316
1844,0.006683889776468277,0.01978904865682125,0.032381531596183774,0.07139338552951813,0.0,0.07161356508731842,0.0,0.2822050452232361
1845,0.006194054149091244,0.020014697685837746,0.03014194779098034,0.06946658194065095,0.0,0.07160414755344391,0.0,0.2822045683860779
1846,0.006451440881937743,0.019414930418133736,0.02947533652186394,0.0672496885061264,0.0,0.07159799337387085,0.0,0.28220462799072266
1847,0.006411569658666849,0.018584884703159332,0.031572644039988516,0.0704883560538292,0.0,0.07159299403429031,0.0,0.2822050452232361
1848,0.0063469366170465944,0.019213081896305086,0.03188580498099327,0.06797540187835693,0.0,0.07158835232257843,0.0,0.2822040915489197
1849,0.006932990066707135,0.019086060300469398,0.031160229444503786,0.06728701740503311,0.0,0.07157910615205765,0.0,0.282204270362854
1850,0.006486300472170114,0.020273754745721816,0.029460732266306876,0.072718046605587,0.0,0.07156694680452347,0.0,0.28220415115356445
1851,0.006305823102593422,0.019976878166198732,0.029673293605446814,0.07139279395341873,0.0,0.0715586394071579,0.0,0.28220421075820923
1852,0.006346585042774677,0.020312679558992387,0.03059222362935543,0.06881744861602783,0.0,0.07155106961727142,0.0,0.2822061777114868
1853,0.006323198322206736,0.01881203390657902,0.03042711243033409,0.06938373148441315,0.0,0.07155062258243561,0.0,0.2822074294090271
1854,0.006492420099675655,0.01975134015083313,0.03061019778251648,0.07076582312583923,0.0,0.071546770632267,0.0,0.2822073996067047
1855,0.006598325725644827,0.01985568292438984,0.031255300343036654,0.07152851819992065,0.0,0.07154151052236557,0.0,0.2822057008743286
1856,0.006770874746143818,0.01941850371658802,0.02846989780664444,0.07030573934316635,0.0,0.07153357565402985,0.0,0.28220266103744507
1857,0.006753861717879772,0.019993454962968827,0.028162416070699692,0.07414151430130005,0.0,0.07153179496526718,0.0,0.28220105171203613
1858,0.006388968601822853,0.01929537355899811,0.02966333068907261,0.07185826301574708,0.0,0.07153031975030899,0.0,0.28219836950302124
1859,0.007093092426657677,0.020030388981103896,0.029644424468278883,0.06922937333583831,0.0,0.07153037935495377,0.0,0.2821967601776123
1860,0.006660424545407296,0.0185299314558506,0.02938464842736721,0.07195189148187638,0.0,0.07153423130512238,0.0,0.28219741582870483
1861,0.006510285753756761,0.01932583041489124,0.029469500109553338,0.07066893726587295,0.0,0.07153917849063873,0.0,0.2821996808052063
1862,0.006562779098749161,0.019860485196113588,0.029939953610301016,0.07125073671340942,0.0,0.07154150307178497,0.0,0.28220272064208984
1863,0.006587132904678583,0.020317745953798295,0.03068830706179142,0.0667867623269558,0.0,0.071549192070961,0.0,0.2822054624557495
1864,0.006631947122514248,0.0194829985499382,0.0328213594853878,0.07214792966842651,0.0,0.07155628502368927,0.0,0.2822065055370331
1865,0.006527228560298681,0.020035495236515998,0.03064674437046051,0.07240481227636338,0.0,0.07156457006931305,0.0,0.2822047770023346
1866,0.006453580502420664,0.01993233561515808,0.029948375746607782,0.07067579627037049,0.0,0.07156628370285034,0.0,0.2822033166885376
1867,0.006687491200864315,0.019483840093016624,0.032347611337900165,0.06810865998268127,0.0,0.07156533747911453,0.0,0.28220081329345703
1868,0.005991282407194376,0.020493318885564805,0.03069245032966137,0.0713861882686615,0.0,0.07156284153461456,0.0,0.2821994721889496
1869,0.006125176977366209,0.01963944621384144,0.030503829941153526,0.06916534602642059,0.0,0.07156072556972504,0.0,0.2821979522705078
1870,0.0066874130629003044,0.020576133951544763,0.029317405819892884,0.07071952149271965,0.0,0.0715552419424057,0.0,0.2821956276893616
1871,0.006305115483701229,0.019899217039346696,0.031232304126024246,0.06756527125835418,0.0,0.0715489387512207,0.0,0.2821928858757019
1872,0.006366969738155604,0.01890154220163822,0.028066780790686606,0.06847679093480111,0.0,0.07154414802789688,0.0,0.2821921408176422
1873,0.006446861010044813,0.019169726967811586,0.0313232496380806,0.07263042032718658,0.0,0.07153848558664322,0.0,0.2821928858757019
1874,0.006709773931652308,0.019401009008288384,0.029105445370078087,0.07133401855826378,0.0,0.07153256982564926,0.0,0.28219443559646606
1875,0.006445453222841025,0.020527029782533644,0.02943637892603874,0.06695553362369537,0.0,0.07152152061462402,0.0,0.2821980118751526
1876,0.0066673124209046366,0.01952750012278557,0.028955378755927085,0.07307286858558655,0.0,0.07151180505752563,0.0,0.28220194578170776
1877,0.006937453243881464,0.019372639805078508,0.02945159487426281,0.07238040268421173,0.0,0.07149986922740936,0.0,0.28220313787460327
1878,0.006798188481479883,0.01973179168999195,0.029804267361760138,0.06910268366336822,0.0,0.0714891105890274,0.0,0.2822054326534271
1879,0.006466284301131964,0.020117165893316268,0.031034161895513536,0.06755070388317108,0.0,0.07147755473852158,0.0,0.2822083532810211
1880,0.006609290186315775,0.019924547150731088,0.02987515553832054,0.06713673397898674,0.0,0.07146836072206497,0.0,0.28221359848976135
1881,0.0064693143591284755,0.019899024069309233,0.028840822353959083,0.07000628560781479,0.0,0.07146082818508148,0.0,0.28221723437309265
1882,0.006679579056799412,0.019762158766388892,0.029599351435899736,0.06767884194850922,0.0,0.07145477831363678,0.0,0.28222015500068665
1883,0.0066369246691465374,0.019279790669679643,0.030410454049706458,0.06941084563732147,0.0,0.07145018875598907,0.0,0.28222331404685974
1884,0.00633524376899004,0.020619654282927512,0.02999914772808552,0.06832239925861358,0.0,0.07144618779420853,0.0,0.2822268009185791
1885,0.006480745691806078,0.018850107863545417,0.029451846331357955,0.06914503574371338,0.0,0.071442611515522,0.0,0.2822301387786865
1886,0.006550647597759962,0.02010558620095253,0.02932608127593994,0.06830011457204818,0.0,0.07143426686525345,0.0,0.28223657608032227
1887,0.006344313081353903,0.019562119618058205,0.030431626737117766,0.06998433917760849,0.0,0.07142265886068344,0.0,0.28224095702171326
1888,0.006115647032856941,0.019425633922219278,0.02945573814213276,0.06940200179815292,0.0,0.07141686230897903,0.0,0.2822452485561371
1889,0.006510909367352724,0.020029886066913603,0.02816547714173794,0.06696798205375672,0.0,0.07141060382127762,0.0,0.282249391078949
1890,0.006418009009212256,0.01986304186284542,0.03204608410596847,0.06745247319340705,0.0,0.07141032069921494,0.0,0.2822513282299042
1891,0.006858426239341497,0.01950848624110222,0.029933246597647668,0.06903232634067535,0.0,0.07141464948654175,0.0,0.2822551131248474
1892,0.006803607661277055,0.01906484104692936,0.03250044398009777,0.06856672912836075,0.0,0.07142336666584015,0.0,0.2822582423686981
1893,0.0065299362875521185,0.018449489399790762,0.02959834858775139,0.06637574061751365,0.0,0.07143117487430573,0.0,0.28226301074028015
1894,0.006704497989267111,0.02023375444114208,0.031098397076129915,0.07011218518018722,0.0,0.07143359631299973,0.0,0.282266765832901
1895,0.006508894357830286,0.019683954119682313,0.030640986934304237,0.07161051332950592,0.0,0.07144075632095337,0.0,0.2822688817977905
1896,0.006576011516153812,0.019657666981220245,0.029589058086276054,0.07027425915002823,0.0,0.07145564258098602,0.0,0.28226906061172485
1897,0.006832566484808922,0.019465466588735582,0.02943301945924759,0.07208531200885773,0.0,0.07147333025932312,0.0,0.2822679579257965
1898,0.006383251957595348,0.01979597918689251,0.03004390262067318,0.07644743025302887,0.0,0.07149020582437515,0.0,0.2822646200656891
1899,0.006503563094884157,0.018861032277345657,0.03146943300962448,0.07176093310117722,0.0,0.0715055763721466,0.0,0.28226104378700256
1900,0.006286279112100601,0.020179472118616103,0.029455088078975677,0.07067142575979232,0.0,0.07152070105075836,0.0,0.28225693106651306
1901,0.006569797918200493,0.020074278861284257,0.02981465347111225,0.07306899577379226,0.0,0.07153148949146271,0.0,0.28225284814834595
1902,0.006382582895457745,0.01902799345552921,0.03228022940456867,0.06743616908788681,0.0,0.07154235988855362,0.0,0.28225040435791016
1903,0.006829599291086197,0.018926315009593964,0.02809089943766594,0.07308514416217804,0.0,0.07155199348926544,0.0,0.2822507917881012
1904,0.006456185132265091,0.019250405952334404,0.028989408165216446,0.07317473143339157,0.0,0.07156156003475189,0.0,0.28225117921829224
1905,0.006675933673977852,0.019955312833189964,0.030551856756210326,0.07234631478786469,0.0,0.07156546413898468,0.0,0.2822530269622803
1906,0.006232718750834465,0.019973824545741082,0.03132887072861194,0.07110188752412797,0.0,0.07156798988580704,0.0,0.2822566032409668
1907,0.006828187126666307,0.02068232148885727,0.03051558956503868,0.07037783563137054,0.0,0.07157382369041443,0.0,0.2822619080543518
1908,0.006343173794448376,0.019621608778834343,0.029954227432608605,0.07324375659227371,0.0,0.0715845450758934,0.0,0.2822660803794861
1909,0.006539553496986627,0.01966160610318184,0.030701444298028947,0.0749750554561615,0.0,0.07158501446247101,0.0,0.28226906061172485
1910,0.006395893450826406,0.02010650299489498,0.030984582379460335,0.07238781452178955,0.0,0.07158374786376953,0.0,0.28227266669273376
1911,0.00627256203442812,0.019560922309756278,0.029630988091230392,0.06837833449244499,0.0,0.07158635556697845,0.0,0.28227534890174866
1912,0.006660734117031097,0.019558392092585565,0.029192444682121278,0.07134272307157516,0.0,0.07158566266298294,0.0,0.28227829933166504
1913,0.006552377436310053,0.020579441636800765,0.03030731827020645,0.07075277417898178,0.0,0.07158353924751282,0.0,0.2822795510292053
1914,0.006502774078398943,0.018783868104219437,0.031124170869588852,0.07216848507523536,0.0,0.0715884268283844,0.0,0.2822800278663635
1915,0.006943321321159601,0.01958858482539654,0.030025611445307732,0.06913221776485443,0.0,0.071591317653656,0.0,0.2822805941104889
1916,0.007028622273355723,0.019970479980111124,0.030483940988779067,0.07124601453542709,0.0,0.07159348577260971,0.0,0.282278835773468
1917,0.006481670029461384,0.019812478870153426,0.030536666885018347,0.06939759105443954,0.0,0.07159437239170074,0.0,0.28227612376213074
1918,0.0062330737709999084,0.01975967437028885,0.02943951338529587,0.07132625579833984,0.0,0.07159470021724701,0.0,0.2822723388671875
1919,0.006729064416140318,0.018554096668958665,0.030896659940481186,0.0699019968509674,0.0,0.07159644365310669,0.0,0.282269150018692
1920,0.006436488591134548,0.019235190749168397,0.028528471663594245,0.06770805791020393,0.0,0.07159332931041718,0.0,0.2822677493095398
1921,0.0065037855878472325,0.019792557507753373,0.029483525454998015,0.06656806841492653,0.0,0.07159682363271713,0.0,0.28226643800735474
1922,0.0066254776902496815,0.020563071593642235,0.030763666331768035,0.07110380381345749,0.0,0.07160165160894394,0.0,0.2822651267051697
1923,0.006597764603793621,0.019464778155088423,0.029894019290804864,0.06961242407560349,0.0,0.07160725444555283,0.0,0.2822643518447876
1924,0.006661002244800329,0.02041931338608265,0.029993120953440665,0.07274922132492065,0.0,0.07161016017198563,0.0,0.2822616696357727
1925,0.006542540621012449,0.019417287781834602,0.030860885232686996,0.06844131201505661,0.0,0.07161159813404083,0.0,0.28225892782211304
1926,0.006588325276970864,0.018899403885006903,0.029331143572926523,0.07016078978776932,0.0,0.07161226123571396,0.0,0.2822568416595459
1927,0.006465676333755254,0.020362360402941704,0.03129713051021099,0.07337845712900162,0.0,0.07161112129688263,0.0,0.2822555601596832
1928,0.006802618596702814,0.019444993138313292,0.027538449689745902,0.06946969926357269,0.0,0.07161487638950348,0.0,0.2822546362876892
1929,0.0062951864674687386,0.019663588702678682,0.030582013726234435,0.0694359801709652,0.0,0.07161630690097809,0.0,0.2822541296482086
1930,0.00685322042554617,0.01966027356684208,0.029976377636194228,0.06808257550001144,0.0,0.07161710411310196,0.0,0.2822532653808594
1931,0.006520593725144863,0.0200620636343956,0.031082778051495553,0.0717732548713684,0.0,0.07162042707204819,0.0,0.282254159450531
1932,0.006829801667481661,0.01953221894800663,0.030608685314655305,0.06753299683332444,0.0,0.07162495702505112,0.0,0.28225478529930115
1933,0.006544435769319535,0.019396137073636056,0.030805660411715508,0.07299495190382004,0.0,0.07163148373365402,0.0,0.2822554409503937
1934,0.006619247794151306,0.019555240496993066,0.028921660408377646,0.07028832137584687,0.0,0.07163502275943756,0.0,0.2822558283805847
1935,0.006902296189218759,0.019489915668964387,0.030900054052472113,0.06421300023794174,0.0,0.07163390517234802,0.0,0.2822548449039459
1936,0.0067990033887326716,0.01919243112206459,0.03098454847931862,0.06807812079787254,0.0,0.07163184136152267,0.0,0.28225308656692505
1937,0.006279222201555967,0.019498242065310478,0.030360022187232973,0.0661416545510292,0.0,0.07162952423095703,0.0,0.2822519540786743
1938,0.006295610778033733,0.01996033191680908,0.029591001570224762,0.06818052381277084,0.0,0.07163088023662567,0.0,0.282251238822937
1939,0.006434778217226267,0.019679317995905877,0.030885276943445207,0.07157743275165558,0.0,0.07163375616073608,0.0,0.2822510600090027
1940,0.00683482363820076,0.01955460011959076,0.030169497802853586,0.06695236042141914,0.0,0.07163495570421219,0.0,0.2822496294975281
1941,0.006715217232704162,0.019187716022133827,0.029682722687721253,0.07060153186321258,0.0,0.07163644582033157,0.0,0.2822486460208893
1942,0.006667248532176017,0.01963925249874592,0.03215576037764549,0.06641546338796615,0.0,0.07163651287555695,0.0,0.2822458744049072
1943,0.006908295210450888,0.020197083055973054,0.030533822998404504,0.06900637447834015,0.0,0.07163478434085846,0.0,0.2822437584400177
1944,0.006751215178519487,0.02013046108186245,0.028489987924695016,0.07458671927452087,0.0,0.07163610309362411,0.0,0.28224143385887146
1945,0.006762015167623758,0.019474707916378974,0.029173685237765312,0.06534349024295807,0.0,0.07163552194833755,0.0,0.28224071860313416
1946,0.006667045596987009,0.0192992202937603,0.02859759293496609,0.07026654481887817,0.0,0.07163676619529724,0.0,0.28223830461502075
1947,0.006623010337352753,0.020482958108186722,0.030131321772933005,0.06806607842445374,0.0,0.07163488864898682,0.0,0.28223711252212524
1948,0.006434632558375597,0.01951480284333229,0.03020675703883171,0.0706413134932518,0.0,0.07163407653570175,0.0,0.2822360694408417
1949,0.006528459396213293,0.018923134356737138,0.03208960220217705,0.06883663684129715,0.0,0.07163073122501373,0.0,0.28223395347595215
1950,0.006269513722509145,0.020440710335969926,0.031201782077550887,0.06982879340648651,0.0,0.07162618637084961,0.0,0.28223174810409546
1951,0.006351516023278237,0.01908419542014599,0.02944609560072422,0.06755546033382416,0.0,0.07161910831928253,0.0,0.282230019569397
1952,0.006731614749878645,0.01973780021071434,0.02865476906299591,0.07159225195646286,0.0,0.0716111958026886,0.0,0.28222835063934326
1953,0.00649552270770073,0.01936117820441723,0.03096422702074051,0.07335046529769898,0.0,0.0716051310300827,0.0,0.28222665190696716
1954,0.006624558940529823,0.020376476645469665,0.029093674197793008,0.06866517812013626,0.0,0.07159982621669769,0.0,0.2822226881980896
1955,0.0066891485825181,0.020563976466655733,0.030610069632530212,0.07415006160736085,0.0,0.07159080356359482,0.0,0.282217413187027
1956,0.0062231234274804596,0.01975506395101547,0.030187566578388215,0.07002036571502686,0.0,0.0715859979391098,0.0,0.2822130620479584
1957,0.006756965722888708,0.02071687877178192,0.030948502570390703,0.07076678872108459,0.0,0.07158319652080536,0.0,0.28220924735069275
1958,0.006697129644453526,0.019477178901433946,0.031986693665385244,0.07310617864131927,0.0,0.07158507406711578,0.0,0.28220781683921814
1959,0.006417026929557324,0.01980082169175148,0.029756597802042963,0.07046170383691788,0.0,0.07158555090427399,0.0,0.2822088599205017
1960,0.00627685347571969,0.01972389407455921,0.03057229593396187,0.07051262110471726,0.0,0.07158724963665009,0.0,0.28220924735069275
1961,0.006584971025586128,0.020137463137507437,0.029620422795414925,0.06561095863580704,0.0,0.07158935815095901,0.0,0.2822124660015106
1962,0.006488021835684777,0.018993396311998367,0.029417986050248146,0.06806476935744285,0.0,0.07159590721130371,0.0,0.2822159230709076
1963,0.006440330762416124,0.019658887386322023,0.03152060881257057,0.07214338630437851,0.0,0.07160162180662155,0.0,0.2822200059890747
1964,0.006658182665705681,0.019802553579211235,0.029009517654776572,0.06945594996213914,0.0,0.07160614430904388,0.0,0.2822219729423523
1965,0.00689814817160368,0.019820702821016313,0.031165770068764687,0.06824574545025826,0.0,0.07160503417253494,0.0,0.2822231650352478
1966,0.007123597431927919,0.02046310678124428,0.03003484196960926,0.06699326932430268,0.0,0.07160411030054092,0.0,0.2822241485118866
1967,0.006970062851905823,0.019680805131793024,0.02965247742831707,0.07048931270837784,0.0,0.07160390913486481,0.0,0.2822250723838806
1968,0.006606607511639595,0.02008284628391266,0.03240217827260494,0.06729133650660515,0.0,0.07160522043704987,0.0,0.282226026058197
1969,0.006509403418749571,0.02069374918937683,0.03166607804596424,0.07027394250035286,0.0,0.07161238044500351,0.0,0.28222599625587463
1970,0.006741726398468017,0.019472157582640648,0.03171229027211666,0.07029106467962265,0.0,0.07161778211593628,0.0,0.28222495317459106
1971,0.0066323641687631605,0.019969822838902473,0.030240600928664207,0.0744932010769844,0.0,0.07162348926067352,0.0,0.28222188353538513
1972,0.00667584827169776,0.019748680666089057,0.03001938685774803,0.06585038229823112,0.0,0.07162415236234665,0.0,0.2822191119194031
1973,0.0065888362936675545,0.01960022747516632,0.030156167224049568,0.06747723519802093,0.0,0.07162577658891678,0.0,0.28221622109413147
1974,0.0067117705941200255,0.01914997398853302,0.03157541453838349,0.06956318616867066,0.0,0.07162792980670929,0.0,0.28221166133880615
1975,0.006350091844797135,0.01980748921632767,0.02956436052918434,0.07085849791765213,0.0,0.0716298520565033,0.0,0.28220635652542114
1976,0.006345927063375711,0.020682941004633904,0.030175042524933814,0.07033761292695999,0.0,0.07162885367870331,0.0,0.28220120072364807
1977,0.006559910997748375,0.0190786000341177,0.030149837583303453,0.06801850348711014,0.0,0.07162649184465408,0.0,0.28219813108444214
1978,0.006502458453178405,0.019012481346726416,0.030632827430963516,0.07118834406137467,0.0,0.07162167131900787,0.0,0.28219419717788696
1979,0.006246325559914112,0.018597444519400597,0.026539421826601028,0.07032875269651413,0.0,0.07161876559257507,0.0,0.28219255805015564
1980,0.006830523535609245,0.019601593166589736,0.030925066396594047,0.07199478447437287,0.0,0.071611687541008,0.0,0.28219056129455566
1981,0.00661407383158803,0.019719359278678895,0.028732851147651672,0.06637578606605529,0.0,0.07160921394824982,0.0,0.2821884751319885
1982,0.00624987930059433,0.01996251940727234,0.030261006206274033,0.06964773684740067,0.0,0.07160556316375732,0.0,0.2821861207485199
1983,0.006710128299891949,0.01975575238466263,0.03242930807173252,0.06705147176980972,0.0,0.07160007953643799,0.0,0.28218361735343933
1984,0.00680694067850709,0.019242288544774055,0.028958596661686896,0.0691843032836914,0.0,0.07159329950809479,0.0,0.28217950463294983
1985,0.006450507696717978,0.019362463057041167,0.029508010670542716,0.06885824501514434,0.0,0.07158873975276947,0.0,0.2821730673313141
1986,0.0066394958645105365,0.01930435262620449,0.031289074942469595,0.06881225854158401,0.0,0.07158242166042328,0.0,0.2821662724018097
1987,0.006642257794737816,0.020110125094652175,0.03041052781045437,0.06719078868627548,0.0,0.0715784803032875,0.0,0.28215938806533813
1988,0.0069947754964232445,0.018860187008976938,0.03176047205924988,0.06864022612571716,0.0,0.07156872004270554,0.0,0.282151460647583
1989,0.006981024611741304,0.019676147773861886,0.0296470295637846,0.06820714995265006,0.0,0.07156561315059662,0.0,0.2821428179740906
1990,0.00647216085344553,0.020304204523563386,0.030501126870512964,0.0696224719285965,0.0,0.07155705988407135,0.0,0.2821364998817444
1991,0.0066422345116734505,0.019452541321516036,0.030520444363355638,0.07141803056001664,0.0,0.07155809551477432,0.0,0.2821303606033325
1992,0.0066215903498232365,0.019113994762301446,0.02938285954296589,0.06827354878187179,0.0,0.07155714184045792,0.0,0.2821251451969147
1993,0.006387298554182052,0.02068209834396839,0.030399444699287414,0.07004898712038994,0.0,0.07155316323041916,0.0,0.2821207046508789
1994,0.006445703469216824,0.020204181596636773,0.031094923987984656,0.074292953312397,0.0,0.0715482085943222,0.0,0.2821173667907715
1995,0.006635087355971336,0.019624707847833635,0.031133183836936952,0.06996715068817139,0.0,0.07154113799333572,0.0,0.28211477398872375
1996,0.006942369882017374,0.0196939155459404,0.030476014316082,0.07063755095005035,0.0,0.07153318077325821,0.0,0.2821134924888611
1997,0.006275800336152315,0.02022433131933212,0.029632741957902907,0.06936096251010895,0.0,0.07152730971574783,0.0,0.2821134030818939
1998,0.00643012011423707,0.01934840939939022,0.029464264586567878,0.07622666209936142,0.0,0.0715230256319046,0.0,0.2821163535118103
1999,0.006573606003075838,0.019336171075701715,0.030989718437194825,0.07084275931119918,0.0,0.07151979207992554,0.0,0.28212040662765503
2000,0.006612556986510754,0.019663021713495255,0.03100215308368206,0.07209631502628326,0.0,0.07151780277490616,0.0,0.28212589025497437
2001,0.006501662544906139,0.01858416832983494,0.030524761229753495,0.06869166046380996,0.0,0.07151345908641815,0.0,0.28213101625442505
2002,0.006643395870923996,0.018987535685300826,0.03216918334364891,0.07022151350975037,0.0,0.07150951027870178,0.0,0.2821353077888489
2003,0.0066082370467484,0.020100804790854455,0.029423212632536888,0.06984824985265732,0.0,0.07150367647409439,0.0,0.2821374535560608
2004,0.006770267710089683,0.0191456388682127,0.029731981828808783,0.07155009657144547,0.0,0.07150322198867798,0.0,0.2821410298347473
2005,0.006989595759660005,0.020189547911286354,0.030137452855706216,0.06723290905356408,0.0,0.07150763273239136,0.0,0.2821454107761383
2006,0.006730004027485847,0.019660566374659537,0.02992631234228611,0.0724990651011467,0.0,0.0715116411447525,0.0,0.28214767575263977
2007,0.006490543019026518,0.02000299282371998,0.03137822933495045,0.0709273338317871,0.0,0.07151438295841217,0.0,0.2821510434150696
2008,0.006576306838542223,0.01902877874672413,0.030119896307587622,0.07090735286474228,0.0,0.07152830064296722,0.0,0.28215569257736206
2009,0.006683770474046469,0.018725063279271127,0.030862174555659296,0.07042934000492096,0.0,0.07153715193271637,0.0,0.28216081857681274
2010,0.007016953360289335,0.020481830835342406,0.03072119243443012,0.06952352076768875,0.0,0.07154609262943268,0.0,0.2821659445762634
2011,0.006375769432634115,0.01983664110302925,0.029637662321329118,0.06777799874544144,0.0,0.07155533879995346,0.0,0.28217077255249023
2012,0.006244502402842045,0.018914436921477318,0.031337646022439006,0.07078171074390412,0.0,0.07156189531087875,0.0,0.2821757197380066
2013,0.006898417323827744,0.01968856267631054,0.030283124744892122,0.06953686326742173,0.0,0.07156441360712051,0.0,0.28218287229537964
2014,0.006503919418901205,0.01958080381155014,0.03016799911856651,0.0621975339949131,0.0,0.0715605840086937,0.0,0.2821865379810333
2015,0.006345933116972446,0.019327060505747794,0.02960595302283764,0.06926977932453156,0.0,0.07154892385005951,0.0,0.2821916937828064
2016,0.006945108715444803,0.019212964922189713,0.031004169955849648,0.06971187219023704,0.0,0.07153813540935516,0.0,0.2821943461894989
2017,0.006515989266335964,0.021056434884667397,0.029213371500372887,0.06745717823505401,0.0,0.07152675092220306,0.0,0.28219839930534363
2018,0.00660758726298809,0.01948501542210579,0.029412729665637016,0.07586198598146439,0.0,0.07151975482702255,0.0,0.28220048546791077
2019,0.006512157339602709,0.01908600181341171,0.02946982942521572,0.06625437512993812,0.0,0.07151235640048981,0.0,0.2822044789791107
2020,0.006529767345637083,0.01875426694750786,0.029641219601035117,0.0701147198677063,0.0,0.0715041309595108,0.0,0.28220459818840027
2021,0.006636909302324056,0.018996923789381982,0.0289734672755003,0.07449067533016204,0.0,0.0714959129691124,0.0,0.2822038233280182
2022,0.0065428120084106926,0.01997329033911228,0.03015291765332222,0.06945986598730088,0.0,0.07149281352758408,0.0,0.2822015881538391
2023,0.0067151298746466635,0.020248590782284737,0.029095013812184333,0.0702879175543785,0.0,0.07148872315883636,0.0,0.2821984887123108
2024,0.006719153746962548,0.020005301758646964,0.02949622943997383,0.07213872224092484,0.0,0.07148398458957672,0.0,0.28219711780548096
2025,0.0065803456120193,0.018943317979574204,0.030182455107569693,0.06929653584957123,0.0,0.07147996127605438,0.0,0.2821941375732422
2026,0.006787825934588909,0.01854846216738224,0.030110641941428186,0.07249950766563415,0.0,0.0714777335524559,0.0,0.28219321370124817
2027,0.00617448017001152,0.019983093440532684,0.031678224354982375,0.07142413854598999,0.0,0.07147189229726791,0.0,0.2821914255619049
2028,0.006943537481129169,0.020241391286253928,0.029420646280050276,0.0692861333489418,0.0,0.07146631926298141,0.0,0.2821900248527527
2029,0.006789072137326002,0.01939825974404812,0.03143054954707623,0.07029451727867127,0.0,0.07146067917346954,0.0,0.28218889236450195
2030,0.006479896791279316,0.019879454746842384,0.03088310994207859,0.06733465194702148,0.0,0.07145632058382034,0.0,0.28218722343444824
2031,0.006591251865029335,0.020309216529130935,0.02969433516263962,0.06732836216688157,0.0,0.07146149128675461,0.0,0.2821856141090393
2032,0.006458165775984526,0.018875870481133462,0.032026780769228935,0.06969576776027679,0.0,0.07146453112363815,0.0,0.2821846902370453
2033,0.006236181315034628,0.019009508565068244,0.0293410487473011,0.07262558788061142,0.0,0.07146303355693817,0.0,0.28218385577201843
2034,0.006714869011193514,0.01960393562912941,0.03156662881374359,0.06642833203077317,0.0,0.07145654410123825,0.0,0.28218144178390503
2035,0.0063838990405201915,0.019054768607020378,0.02806464582681656,0.0725854516029358,0.0,0.07144876569509506,0.0,0.28218021988868713
2036,0.0066897464916110035,0.020606942102313043,0.0323279719799757,0.07119261026382447,0.0,0.07144315540790558,0.0,0.28217941522598267
2037,0.006492922082543373,0.019845279306173323,0.031745832040905954,0.06683130860328675,0.0,0.07143981754779816,0.0,0.2821784019470215
2038,0.006564242579042911,0.01926996447145939,0.02856873571872711,0.06754126995801926,0.0,0.07143554836511612,0.0,0.28217658400535583
2039,0.00647324351593852,0.020945248007774354,0.029818248003721237,0.0666206918656826,0.0,0.07143573462963104,0.0,0.28217485547065735
2040,0.006781726982444525,0.019530214369297028,0.027967393025755884,0.06944787949323654,0.0,0.07144460827112198,0.0,0.2821733057498932
2041,0.006285153329372406,0.019237862154841422,0.032209194451570514,0.06924643516540527,0.0,0.0714530497789383,0.0,0.2821691632270813
2042,0.006164076644927264,0.020475072786211967,0.03002823293209076,0.07060526609420777,0.0,0.07146084308624268,0.0,0.2821655571460724
2043,0.006566566228866577,0.019551772624254227,0.029186343401670457,0.06877025067806244,0.0,0.07146398723125458,0.0,0.28216415643692017
2044,0.006730843894183635,0.019039421528577804,0.029604700952768327,0.0679508775472641,0.0,0.07146842032670975,0.0,0.28216177225112915
2045,0.006598068401217461,0.0188981793820858,0.028778819367289543,0.07359129339456558,0.0,0.0714716911315918,0.0,0.2821581959724426
2046,0.006456681899726391,0.01903061680495739,0.03297469802200794,0.07018667310476304,0.0,0.07146892696619034,0.0,0.28215575218200684
2047,0.006586582027375698,0.02002970390021801,0.029495671018958093,0.0707588642835617,0.0,0.07146333158016205,0.0,0.28215208649635315
2048,0.006834639608860016,0.019611725583672523,0.028469983488321304,0.06892283111810685,0.0,0.07145776599645615,0.0,0.2821488678455353
2049,0.006865271274000407,0.01962239257991314,0.032145483791828154,0.07157196700572968,0.0,0.07145270705223083,0.0,0.28214532136917114
2050,0.006163349095731974,0.01971757598221302,0.031337495893239975,0.06826058626174927,0.0,0.07145587354898453,0.0,0.28214380145072937
2051,0.006452260632067918,0.020072951540350915,0.031536524370312694,0.0703920602798462,0.0,0.07146673649549484,0.0,0.2821410894393921
2052,0.006084510777145624,0.020037320256233216,0.029622092843055725,0.06864194720983505,0.0,0.07148076593875885,0.0,0.28213733434677124
2053,0.006216225866228342,0.01976239010691643,0.030874698236584664,0.07275385558605194,0.0,0.07148817181587219,0.0,0.2821337580680847
2054,0.006402415968477726,0.018939181044697762,0.03204774260520935,0.07104744017124176,0.0,0.0714973658323288,0.0,0.2821313738822937
2055,0.007028479408472776,0.01949394941329956,0.0312418345361948,0.06679495200514793,0.0,0.07150484621524811,0.0,0.2821296453475952
2056,0.0061761485412716866,0.020276824384927748,0.03024090826511383,0.0696704477071762,0.0,0.07150844484567642,0.0,0.2821309268474579
2057,0.0066581198014318945,0.01921284981071949,0.029429065808653832,0.06981106847524643,0.0,0.07150827348232269,0.0,0.2821322977542877
2058,0.0065317749045789245,0.020209546387195586,0.030551906675100327,0.06995605528354645,0.0,0.07150699943304062,0.0,0.2821330428123474
2059,0.006425607297569513,0.019658684730529785,0.0298652071505785,0.07028436958789826,0.0,0.07151158899068832,0.0,0.2821314036846161
2060,0.006649462040513754,0.020099790021777152,0.029845896735787393,0.06669037193059921,0.0,0.07151219993829727,0.0,0.28213047981262207
2061,0.006509558111429214,0.020579570159316062,0.02882342115044594,0.06642989367246628,0.0,0.07151870429515839,0.0,0.28213030099868774
2062,0.006120818946510553,0.0195625439286232,0.030260101333260535,0.06763308197259903,0.0,0.0715247243642807,0.0,0.28213071823120117
2063,0.006367086991667747,0.02001774199306965,0.030545248091220854,0.07010051310062408,0.0,0.07153195142745972,0.0,0.2821313738822937
2064,0.006401491351425648,0.018518675491213797,0.029717329889535904,0.06261907294392585,0.0,0.07153637707233429,0.0,0.28213220834732056
2065,0.0068535832688212395,0.020584644004702567,0.031061401590704918,0.06833872273564338,0.0,0.07153912633657455,0.0,0.28213343024253845
2066,0.006645853258669376,0.019175336882472038,0.03186053335666657,0.06817829608917236,0.0,0.07154195755720139,0.0,0.2821353077888489
2067,0.006598704401403666,0.01964341923594475,0.030392395704984664,0.06762046068906784,0.0,0.07154424488544464,0.0,0.2821349501609802
2068,0.006335563119500875,0.019676792621612548,0.030941793322563173,0.06901106983423233,0.0,0.07154583185911179,0.0,0.28213709592819214
2069,0.0064542853273451325,0.01955288425087929,0.03069870248436928,0.07376500517129898,0.0,0.07154905050992966,0.0,0.28214019536972046
2070,0.00642520934343338,0.019914009794592857,0.02866135388612747,0.06759062111377716,0.0,0.07155298441648483,0.0,0.28214332461357117
2071,0.006579653825610876,0.02057941220700741,0.030653223767876624,0.07268059104681016,0.0,0.07156331837177277,0.0,0.28214552998542786
2072,0.006513972114771604,0.019986217841506004,0.03148927167057991,0.06997321397066117,0.0,0.07157972455024719,0.0,0.28214600682258606
2073,0.006313813012093305,0.018991994857788085,0.030097156018018722,0.06925869137048721,0.0,0.07159468531608582,0.0,0.2821444869041443
2074,0.006455647107213735,0.019450386613607408,0.029655260592699052,0.06433138400316238,0.0,0.07160863280296326,0.0,0.28214380145072937
2075,0.006653105653822422,0.02015383094549179,0.029168181493878363,0.07225469201803207,0.0,0.07162131369113922,0.0,0.2821413576602936
2076,0.006594132818281651,0.019134869426488878,0.03096645288169384,0.06774664670228958,0.0,0.0716390386223793,0.0,0.28213852643966675
2077,0.0067146457731723785,0.019428783655166627,0.030528561770915986,0.06946769654750824,0.0,0.07165403664112091,0.0,0.2821369767189026
2078,0.006727768946439028,0.018768176808953284,0.03104361742734909,0.0699855625629425,0.0,0.07166759669780731,0.0,0.28213781118392944
2079,0.006524590682238341,0.02008778750896454,0.028298651799559593,0.06804357320070267,0.0,0.07167670130729675,0.0,0.2821388840675354
2080,0.0065960359759628774,0.020567158237099648,0.03012365885078907,0.0690960019826889,0.0,0.07168161869049072,0.0,0.28214216232299805
2081,0.006497402209788561,0.019422587007284164,0.032252953946590425,0.06941816210746765,0.0,0.0716850683093071,0.0,0.2821463942527771
2082,0.006321605760604143,0.019623613357543944,0.029538166522979737,0.07058547735214234,0.0,0.0716877281665802,0.0,0.2821498215198517
2083,0.006663580052554607,0.020042404159903528,0.029663214460015297,0.0721816062927246,0.0,0.07168765366077423,0.0,0.28215354681015015
2084,0.006930950563400984,0.01876804456114769,0.030500319972634315,0.0725527510046959,0.0,0.07169133424758911,0.0,0.28215593099594116
2085,0.006696020811796188,0.01975193843245506,0.030126483738422395,0.06564002335071564,0.0,0.07169129699468613,0.0,0.28215789794921875
2086,0.00657280245795846,0.01958046555519104,0.029264280945062636,0.06934357732534409,0.0,0.07168815284967422,0.0,0.28215914964675903
2087,0.0066800759173929695,0.019226505979895593,0.029828519746661186,0.06947603523731231,0.0,0.07168124616146088,0.0,0.2821611762046814
2088,0.006632120814174414,0.01988821029663086,0.030918782204389574,0.06968231946229934,0.0,0.0716739296913147,0.0,0.2821614146232605
2089,0.006514734122902155,0.019808808341622353,0.029428591206669807,0.07082831114530563,0.0,0.07166289538145065,0.0,0.28216108679771423
2090,0.006470952648669481,0.02103132791817188,0.031042177230119705,0.0716631293296814,0.0,0.07165095955133438,0.0,0.28216099739074707
2091,0.006745612248778343,0.01927030123770237,0.030289945751428606,0.07166207134723664,0.0,0.07163665443658829,0.0,0.2821624279022217
2092,0.006757030449807644,0.019608507677912713,0.030842284113168715,0.0682947352528572,0.0,0.07162002474069595,0.0,0.2821619510650635
2093,0.0066044219769537445,0.020300427824258803,0.031500719115138055,0.076781165599823,0.0,0.07160061597824097,0.0,0.282162606716156
2094,0.006859369017183781,0.01870659999549389,0.030769945681095125,0.06734890639781951,0.0,0.07157885283231735,0.0,0.2821640968322754
2095,0.006509757600724697,0.01923784948885441,0.031564530730247495,0.07071835398674012,0.0,0.07155982404947281,0.0,0.28216615319252014
2096,0.006990851648151874,0.019253862276673316,0.030690882727503775,0.06991440355777741,0.0,0.07154111564159393,0.0,0.2821677625179291
2097,0.006496942136436701,0.019425342604517937,0.030771468207240103,0.06910744160413743,0.0,0.07152332365512848,0.0,0.28216785192489624
2098,0.006464133784174919,0.019928228482604025,0.03193713687360287,0.07365178763866424,0.0,0.07150518894195557,0.0,0.2821680009365082
2099,0.006325538828969001,0.019713129103183746,0.03096207156777382,0.0698618933558464,0.0,0.07148834317922592,0.0,0.28216758370399475
2100,0.006638975627720356,0.019615713134408,0.030251181870698928,0.07171897441148758,0.0,0.07147587090730667,0.0,0.2821669578552246
2101,0.006942063290625811,0.018618673086166382,0.02945077121257782,0.07128950655460357,0.0,0.07146714627742767,0.0,0.28216552734375
2102,0.006436734832823277,0.019462506845593454,0.032081110402941704,0.0698920652270317,0.0,0.0714612603187561,0.0,0.2821638584136963
2103,0.006320221349596977,0.019715140759944915,0.028500135987997055,0.07144899219274521,0.0,0.07145528495311737,0.0,0.2821594178676605
2104,0.006847264617681504,0.01888684406876564,0.03107697069644928,0.07183443903923034,0.0,0.07144808769226074,0.0,0.28215348720550537
2105,0.006724911835044622,0.019943969696760176,0.030219241604208948,0.06821151226758956,0.0,0.07144373655319214,0.0,0.2821495831012726
2106,0.00671018548309803,0.019308016821742057,0.03113893195986748,0.07095013111829758,0.0,0.07144010066986084,0.0,0.28214702010154724
2107,0.0069603979587554935,0.019366708397865296,0.02927374728024006,0.06821734011173249,0.0,0.07143291085958481,0.0,0.2821454107761383
2108,0.006591713335365057,0.019392605498433114,0.027212953194975853,0.06578462049365044,0.0,0.07142706215381622,0.0,0.28214555978775024
2109,0.006798325851559639,0.019261740893125535,0.02839699387550354,0.069938063621521,0.0,0.0714264065027237,0.0,0.2821478247642517
2110,0.006506865285336972,0.018071674183011054,0.030281095206737517,0.06516733020544052,0.0,0.07142376899719238,0.0,0.282150536775589
2111,0.006630914285778999,0.019960249960422515,0.030001472681760788,0.06634895205497741,0.0,0.07142095267772675,0.0,0.2821533679962158
2112,0.0065449514426290985,0.01995484307408333,0.03079240135848522,0.06897849291563034,0.0,0.07141415774822235,0.0,0.28215694427490234
2113,0.006256728619337082,0.018989494442939757,0.02999618537724018,0.07027799189090729,0.0,0.07140748202800751,0.0,0.2821599841117859
2114,0.007277181744575501,0.019997917488217352,0.030648835748434067,0.06992282420396805,0.0,0.07140301167964935,0.0,0.28216081857681274
2115,0.006509837415069342,0.020300043374300004,0.030343927070498468,0.0691069483757019,0.0,0.07139534503221512,0.0,0.28216037154197693
2116,0.006546395923942327,0.020255620405077935,0.029893501102924346,0.06494702622294427,0.0,0.07138616591691971,0.0,0.282158762216568
2117,0.006703581660985947,0.020432098954916,0.03031586706638336,0.07126951366662979,0.0,0.07138002663850784,0.0,0.2821587920188904
2118,0.006190316658467055,0.0194803848862648,0.030755268037319185,0.06884058862924576,0.0,0.07138047367334366,0.0,0.28215718269348145
2119,0.006739063933491707,0.01943097561597824,0.0306928675621748,0.07030073255300522,0.0,0.07138074934482574,0.0,0.28215521574020386
2120,0.006764347944408655,0.02032269090414047,0.029514054581522942,0.06546715945005417,0.0,0.07138259708881378,0.0,0.2821548879146576
2121,0.006544509902596474,0.01960572674870491,0.029296446591615677,0.06882416605949401,0.0,0.07138979434967041,0.0,0.28215664625167847
2122,0.006617598515003919,0.01989462859928608,0.029801848530769347,0.07076182514429093,0.0,0.07139967381954193,0.0,0.2821575701236725
2123,0.006584682501852512,0.019588516652584077,0.030875706300139426,0.0683896817266941,0.0,0.07141034305095673,0.0,0.28215885162353516
2124,0.006414333079010248,0.019812661781907083,0.030069191381335257,0.07091044783592224,0.0,0.07142359018325806,0.0,0.2821613848209381
2125,0.006860047113150358,0.019769616052508356,0.029233232885599137,0.07096262723207473,0.0,0.07143381237983704,0.0,0.2821662724018097
2126,0.0065073960460722445,0.019941848143935202,0.03065790459513664,0.07283797711133957,0.0,0.07145203649997711,0.0,0.282170832157135
2127,0.006326760817319155,0.01956130936741829,0.029499569907784462,0.06785030215978623,0.0,0.07146414369344711,0.0,0.2821749150753021
2128,0.006577070336788893,0.01989208981394768,0.03271757625043392,0.06905384510755538,0.0,0.07147824764251709,0.0,0.28217798471450806
2129,0.006763892993330955,0.01843089535832405,0.029955865070223808,0.0661263957619667,0.0,0.07149674743413925,0.0,0.2821807563304901
2130,0.006267732288688421,0.019702273234725,0.028198995813727378,0.06988517493009568,0.0,0.07151168584823608,0.0,0.28218165040016174
2131,0.006703475769609213,0.019720831140875816,0.031581635028123854,0.07078099548816681,0.0,0.07152348011732101,0.0,0.28218141198158264
2132,0.006630008667707443,0.019955084845423698,0.029071925207972527,0.06809280440211296,0.0,0.07153221219778061,0.0,0.2821807563304901
2133,0.006787532940506935,0.020001785457134248,0.029864007607102394,0.07040594667196273,0.0,0.07153616100549698,0.0,0.2821784019470215
2134,0.00674323569983244,0.01919589377939701,0.02945503257215023,0.06422953605651856,0.0,0.0715441182255745,0.0,0.2821750044822693
2135,0.006912117451429367,0.019099687784910203,0.029638630151748658,0.07044655680656434,0.0,0.07154496014118195,0.0,0.2821701467037201
2136,0.006657714769244194,0.020736246183514596,0.028745074570178986,0.06807503551244735,0.0,0.07154305279254913,0.0,0.28216490149497986
2137,0.006471975706517696,0.01967484876513481,0.029094231501221656,0.07011765092611313,0.0,0.07154995948076248,0.0,0.2821609079837799
2138,0.006354779377579689,0.021423797681927682,0.030275489017367364,0.07011045813560486,0.0,0.07155972719192505,0.0,0.28215616941452026
2139,0.006552297435700893,0.019952746480703352,0.029126707836985587,0.06722637861967087,0.0,0.07157419621944427,0.0,0.2821520268917084
2140,0.00663135526701808,0.02023041881620884,0.0293213102966547,0.07343721091747284,0.0,0.07159069180488586,0.0,0.28214967250823975
2141,0.006638176366686821,0.02014218010008335,0.030965039134025575,0.06619035974144935,0.0,0.07160339504480362,0.0,0.2821461260318756
2142,0.006741952057927847,0.01882998235523701,0.0309831153601408,0.06965290755033493,0.0,0.0716225877404213,0.0,0.2821454405784607
2143,0.006743711233139038,0.020165218412876128,0.02843276634812355,0.06818857491016388,0.0,0.07164162397384644,0.0,0.2821469306945801
2144,0.006458203587681055,0.018945489078760147,0.0291081964969635,0.07016014903783799,0.0,0.07165571302175522,0.0,0.2821477949619293
2145,0.006599466968327761,0.018786945566534995,0.03089033402502537,0.07118233740329742,0.0,0.07166449725627899,0.0,0.28214913606643677
2146,0.0063122155144810675,0.020182643085718155,0.0288928247988224,0.06879659444093704,0.0,0.07167265564203262,0.0,0.2821505069732666
2147,0.006608568504452706,0.018615347892045976,0.029870102927088738,0.06930447667837143,0.0,0.07168135046958923,0.0,0.2821546196937561
2148,0.00652746120467782,0.018875673413276672,0.02998547852039337,0.06811154559254647,0.0,0.07168777287006378,0.0,0.28215789794921875
2149,0.006489765737205744,0.019553276523947716,0.030413880571722986,0.06769777238368987,0.0,0.07168859988451004,0.0,0.2821580767631531
2150,0.0066616198979318145,0.019052017480134964,0.02841302827000618,0.07199736386537552,0.0,0.07168661057949066,0.0,0.28215712308883667
2151,0.006564062368124723,0.019859377667307852,0.031509774178266524,0.07112370282411576,0.0,0.07168453931808472,0.0,0.2821556627750397
2152,0.006345904152840376,0.019680265709757803,0.02904275506734848,0.07050158530473709,0.0,0.07168333232402802,0.0,0.2821537256240845
2153,0.006708343513309956,0.018518724665045738,0.030612771958112718,0.0680896520614624,0.0,0.07168103009462357,0.0,0.28215426206588745
2154,0.006770656257867813,0.01933142580091953,0.032318630069494245,0.06732398271560669,0.0,0.07167576253414154,0.0,0.28215494751930237
2155,0.006636522803455591,0.019268267229199408,0.02908580154180527,0.06701499298214912,0.0,0.0716642215847969,0.0,0.2821553647518158
2156,0.00656003812327981,0.019277970865368844,0.028711162507534027,0.06850001737475395,0.0,0.071656234562397,0.0,0.28215253353118896
2157,0.006100859865546227,0.019692220166325568,0.0312032300978899,0.07337413281202317,0.0,0.0716518685221672,0.0,0.2821480631828308
2158,0.006751856580376625,0.020082368329167367,0.029101501777768136,0.06903880387544632,0.0,0.07164604961872101,0.0,0.2821454405784607
2159,0.006493322551250458,0.020644146576523782,0.031016143411397933,0.0702938199043274,0.0,0.07163969427347183,0.0,0.28214049339294434
2160,0.006480385921895504,0.019190959632396698,0.031094667688012122,0.06963080763816834,0.0,0.0716283768415451,0.0,0.28213760256767273
2161,0.006508270837366581,0.019433782249689103,0.030279168859124184,0.07071325778961182,0.0,0.07161210477352142,0.0,0.282135546207428
2162,0.006586499139666557,0.019105599820613862,0.030153411254286767,0.06678458824753761,0.0,0.0716097503900528,0.0,0.28213295340538025
2163,0.006407656520605087,0.020884430408477782,0.03115384019911289,0.06689969152212143,0.0,0.07160905003547668,0.0,0.28213146328926086
2164,0.00648901155218482,0.019923025742173195,0.030090899765491487,0.06640557572245598,0.0,0.0716109424829483,0.0,0.28213000297546387
2165,0.006782132014632225,0.01954383812844753,0.03013606034219265,0.06807802170515061,0.0,0.07161127775907516,0.0,0.28212970495224
2166,0.0065898003056645395,0.019436082616448403,0.029434385523200036,0.07042817175388336,0.0,0.07160864770412445,0.0,0.2821290194988251
2167,0.006285378430038691,0.019010527059435844,0.03127917684614658,0.06707009375095367,0.0,0.07160065323114395,0.0,0.28212836384773254
2168,0.0058928167447447775,0.02011287733912468,0.02972462438046932,0.06977614760398865,0.0,0.07159359008073807,0.0,0.2821282744407654
2169,0.006257422640919686,0.020695235580205917,0.030472207814455032,0.07095247507095337,0.0,0.07158658653497696,0.0,0.2821280062198639
2170,0.006394526176154614,0.020311538130044937,0.030473363772034644,0.07548686116933823,0.0,0.0715828388929367,0.0,0.28212758898735046
2171,0.006369565334171057,0.019137385487556457,0.029738496243953704,0.06884376108646392,0.0,0.07158340513706207,0.0,0.2821281850337982
2172,0.006463610380887985,0.01980259045958519,0.030571531504392624,0.07498734146356582,0.0,0.07158948481082916,0.0,0.2821274399757385
2173,0.0065376187674701216,0.020488911867141725,0.030791859701275827,0.06860438659787178,0.0,0.07160584628582001,0.0,0.2821292579174042
2174,0.006625036895275116,0.02027011848986149,0.028856727853417398,0.06917921453714371,0.0,0.07161985337734222,0.0,0.28213319182395935
2175,0.006465381663292647,0.01921195015311241,0.03153795152902603,0.06902447193861008,0.0,0.07163135707378387,0.0,0.282137393951416
2176,0.006564782094210386,0.02032986022531986,0.02993127852678299,0.07458949089050293,0.0,0.07164522260427475,0.0,0.28214365243911743
2177,0.006315568182617426,0.02007506527006626,0.02987010180950165,0.0706281915307045,0.0,0.07166475057601929,0.0,0.2821505069732666
2178,0.006658250838518143,0.019729509204626083,0.03082159049808979,0.06926166117191315,0.0,0.07167808711528778,0.0,0.28215399384498596
2179,0.006743880361318589,0.019900868088006972,0.02954193763434887,0.06490880399942398,0.0,0.07169623672962189,0.0,0.2821553945541382
2180,0.006965610571205616,0.01963094212114811,0.02898104824125767,0.07322754710912704,0.0,0.07171452790498734,0.0,0.28215640783309937
2181,0.006704394333064556,0.019855597242712974,0.030130809918046,0.06767384558916092,0.0,0.07173788547515869,0.0,0.2821555733680725
2182,0.0067143990658223626,0.020105909928679465,0.029848984628915786,0.06972952038049698,0.0,0.07176496833562851,0.0,0.28215306997299194
2183,0.0062005497515201565,0.020439588651061057,0.029723053425550462,0.07278425693511963,0.0,0.07179142534732819,0.0,0.2821507751941681
2184,0.006401695683598519,0.019792113080620767,0.027639320120215416,0.07347946166992188,0.0,0.07181496918201447,0.0,0.28214946389198303
2185,0.006322162412106991,0.01975957676768303,0.029410531371831895,0.07002396211028099,0.0,0.07184537500143051,0.0,0.2821456491947174
2186,0.006635350733995437,0.01963401883840561,0.030034642294049264,0.06859827190637588,0.0,0.07187032699584961,0.0,0.28214243054389954
2187,0.005996305122971534,0.020307067781686783,0.028874099999666215,0.06446955651044846,0.0,0.0718921348452568,0.0,0.2821379005908966
2188,0.006368045695126057,0.02047596424818039,0.030860717594623565,0.07128736525774002,0.0,0.07191155105829239,0.0,0.2821340560913086
2189,0.0063499645330011845,0.01880371682345867,0.029592259600758553,0.06982400715351104,0.0,0.07193872332572937,0.0,0.28212863206863403
2190,0.006551362853497267,0.01971518136560917,0.031002313271164893,0.06694862321019172,0.0,0.0719628781080246,0.0,0.28212329745292664
2191,0.0065264060162007805,0.019300147145986556,0.029579095914959906,0.06857827752828598,0.0,0.07198389619588852,0.0,0.28211989998817444
2192,0.006682819873094559,0.02009242884814739,0.0283280074596405,0.06716118603944779,0.0,0.0720038041472435,0.0,0.28211891651153564
2193,0.006305854860693216,0.019565865397453308,0.030005086958408356,0.06657189875841141,0.0,0.07202164083719254,0.0,0.28211861848831177
2194,0.00670397998765111,0.01975967101752758,0.029963663965463638,0.07593661844730377,0.0,0.07203574478626251,0.0,0.28211846947669983
2195,0.006340179871767759,0.019432034716010092,0.030673418939113618,0.07109799981117249,0.0,0.07205075770616531,0.0,0.2821151912212372
2196,0.006705440115183592,0.020463800802826882,0.03038920313119888,0.07367527037858963,0.0,0.07205656170845032,0.0,0.2821134924888611
2197,0.0066367009654641155,0.01945238411426544,0.02966248318552971,0.07057881504297256,0.0,0.07206527888774872,0.0,0.2821131646633148
2198,0.006620975397527218,0.019044876843690873,0.030543289706110956,0.06790270060300826,0.0,0.07207603752613068,0.0,0.28211385011672974
2199,0.006597565021365881,0.0201347928494215,0.028979239612817766,0.07359178066253662,0.0,0.07208363711833954,0.0,0.28211361169815063
2200,0.006716928258538246,0.019822629541158675,0.029370151460170746,0.06676450595259667,0.0,0.07209139317274094,0.0,0.28211212158203125
2201,0.006606185901910066,0.019091643393039703,0.02977141588926315,0.06908080726861954,0.0,0.07210085541009903,0.0,0.28211086988449097
2202,0.006652332842350006,0.018764208629727365,0.030855692550539972,0.07158521562814713,0.0,0.0721060186624527,0.0,0.2821095883846283
2203,0.00633264696225524,0.019772250205278397,0.030433937907218933,0.06908847987651826,0.0,0.07210507243871689,0.0,0.2821088433265686
2204,0.006597528606653214,0.01969311535358429,0.03043244369328022,0.06685035303235054,0.0,0.07209976017475128,0.0,0.28210771083831787
2205,0.006725853588432073,0.019606977328658105,0.030701112002134323,0.06828524470329285,0.0,0.07209347188472748,0.0,0.28210681676864624
2206,0.0062598250806331635,0.020153963193297385,0.030031857639551164,0.06940020620822906,0.0,0.07208539545536041,0.0,0.28210750222206116
2207,0.006630765832960605,0.01923031806945801,0.030167267471551896,0.06803333535790443,0.0,0.07207697629928589,0.0,0.28210899233818054
2208,0.006659656949341297,0.0197068490087986,0.02917473129928112,0.06995275691151619,0.0,0.07206728309392929,0.0,0.28211355209350586
2209,0.006585494428873062,0.020364341139793397,0.030934564769268036,0.06879533976316451,0.0,0.07205800712108612,0.0,0.2821195721626282
2210,0.006614713650196791,0.01932973451912403,0.030491128191351892,0.07180764377117158,0.0,0.07205207645893097,0.0,0.28212493658065796
2211,0.006616316642612219,0.018835804983973505,0.02957204431295395,0.06704127937555313,0.0,0.07204295694828033,0.0,0.2821303904056549
2212,0.006651182845234871,0.020044708997011183,0.030854000151157378,0.06649820953607559,0.0,0.07203353196382523,0.0,0.2821347713470459
2213,0.006901865173131227,0.020222873240709306,0.029050691425800322,0.07207504957914353,0.0,0.07202307134866714,0.0,0.2821360230445862
2214,0.0064364527352154255,0.019301311671733858,0.029292621091008185,0.07168712466955185,0.0,0.0720139667391777,0.0,0.2821353077888489
2215,0.006752440240234137,0.01948203705251217,0.030274723097681998,0.06991007030010224,0.0,0.07200127840042114,0.0,0.28213170170783997
2216,0.006300508417189122,0.01972523257136345,0.029230836033821105,0.0682067520916462,0.0,0.07198628038167953,0.0,0.28212520480155945
2217,0.006077939178794622,0.01985883116722107,0.03145476579666138,0.07079377248883248,0.0,0.0719689130783081,0.0,0.2821202576160431
2218,0.006466916017234326,0.020211728662252425,0.030308087170124055,0.07034974545240402,0.0,0.07195304334163666,0.0,0.28211674094200134
2219,0.006810152158141136,0.019372493773698807,0.029346995800733567,0.06863874047994614,0.0,0.07193528115749359,0.0,0.28211158514022827
2220,0.006804082449525595,0.019842873513698577,0.03004966303706169,0.070920929312706,0.0,0.07191465049982071,0.0,0.2821064293384552
2221,0.0066498760133981705,0.019921746850013734,0.02860041968524456,0.06918288320302964,0.0,0.07189048826694489,0.0,0.28210052847862244
2222,0.006294334027916193,0.02040572986006737,0.029355599358677865,0.07141195982694626,0.0,0.07186780124902725,0.0,0.28209424018859863
2223,0.006278992164880037,0.02022031433880329,0.029714882001280786,0.07060579657554626,0.0,0.07184498757123947,0.0,0.2820872962474823
2224,0.00649430388584733,0.01984373889863491,0.03040691576898098,0.06847061812877656,0.0,0.07182447612285614,0.0,0.2820824980735779
2225,0.006452467478811741,0.02139461673796177,0.031174198165535925,0.0715322732925415,0.0,0.07180112600326538,0.0,0.2820785343647003
2226,0.006261121481657028,0.019757301732897758,0.02789711020886898,0.06856348663568497,0.0,0.07178255170583725,0.0,0.28207290172576904
2227,0.006552084255963564,0.01933647654950619,0.029099926352500916,0.07218489497900009,0.0,0.07176334410905838,0.0,0.28206756711006165
2228,0.006194286979734898,0.019200334325432777,0.031172704696655274,0.06997856050729752,0.0,0.07174243777990341,0.0,0.28206247091293335
2229,0.006279135029762984,0.019885629415512085,0.030284445360302926,0.06914249956607818,0.0,0.0717245489358902,0.0,0.2820562720298767
2230,0.006247229781001807,0.020069754496216775,0.030603738874197005,0.0744923397898674,0.0,0.07170793414115906,0.0,0.282052218914032
2231,0.006831466499716043,0.01898617409169674,0.03109222911298275,0.06964902728796005,0.0,0.07169213145971298,0.0,0.28204718232154846
2232,0.006207743659615517,0.019556570798158646,0.030382542312145232,0.06692660450935364,0.0,0.07167693227529526,0.0,0.28204256296157837
2233,0.006797677371650934,0.019855617359280587,0.03026728071272373,0.07437970638275146,0.0,0.07166342437267303,0.0,0.28204062581062317
2234,0.006133194454014302,0.020693527162075044,0.029390046000480653,0.06846597492694854,0.0,0.07165124267339706,0.0,0.28204041719436646
2235,0.00645500784739852,0.02076793313026428,0.03120759464800358,0.06857067048549652,0.0,0.07163666933774948,0.0,0.28204208612442017
2236,0.006552993319928646,0.019851542264223098,0.028897229209542276,0.07153084427118302,0.0,0.07162690162658691,0.0,0.28204479813575745
2237,0.006549658719450235,0.018662242218852043,0.02728385366499424,0.06754848659038544,0.0,0.07161464542150497,0.0,0.28204965591430664
2238,0.006710189674049616,0.01909024566411972,0.02890907824039459,0.06933467835187912,0.0,0.0715954378247261,0.0,0.28205326199531555
2239,0.007145402953028679,0.019524506852030755,0.0311210747808218,0.06633487269282341,0.0,0.07157622277736664,0.0,0.28205543756484985
2240,0.006682138983160257,0.01932598315179348,0.03059833459556103,0.06760324984788894,0.0,0.07156556844711304,0.0,0.2820574641227722
2241,0.006535882037132979,0.019282296299934387,0.030597034469246866,0.06875216513872147,0.0,0.07155001163482666,0.0,0.28206127882003784
2242,0.006403004564344883,0.01924385204911232,0.029470068961381914,0.06880760788917542,0.0,0.07153458893299103,0.0,0.2820635139942169
2243,0.006457665003836155,0.019487588852643966,0.03163300566375256,0.06678138375282287,0.0,0.07151617109775543,0.0,0.28206485509872437
2244,0.006512645538896323,0.020618437975645065,0.03141297586262226,0.07149141654372215,0.0,0.07149620354175568,0.0,0.28206631541252136
2245,0.006441704649478197,0.019096825644373892,0.029305097088217734,0.0674478143453598,0.0,0.0714779868721962,0.0,0.28206682205200195
2246,0.006810481101274491,0.018781539425253867,0.029019201546907424,0.06927652508020402,0.0,0.07146085053682327,0.0,0.2820659875869751
2247,0.006828718259930611,0.019525394588708878,0.028567518666386606,0.07318897098302841,0.0,0.0714411735534668,0.0,0.28206270933151245
2248,0.006771110184490681,0.019333058223128318,0.028451329469680785,0.06735314950346946,0.0,0.071418896317482,0.0,0.2820594906806946
2249,0.006284605991095304,0.021088220179080963,0.030520840734243392,0.07214748263359069,0.0,0.07140031456947327,0.0,0.2820557951927185
2250,0.0064887569285929205,0.019365506246685982,0.02883814983069897,0.06655409336090087,0.0,0.07138632982969284,0.0,0.2820511758327484
2251,0.006688324455171824,0.0192569263279438,0.030340342223644255,0.06904001981019973,0.0,0.0713745504617691,0.0,0.28204479813575745
2252,0.006094914954155683,0.019728321209549905,0.02846825383603573,0.06626857072114944,0.0,0.07136379182338715,0.0,0.28203925490379333
2253,0.006646849773824215,0.020280464738607406,0.03114103525876999,0.06960421949625015,0.0,0.07135185599327087,0.0,0.2820349335670471
2254,0.006642625760287046,0.019011668115854263,0.029027361050248147,0.07275486290454865,0.0,0.07134661823511124,0.0,0.28203192353248596
2255,0.006698076892644167,0.019544776156544687,0.03208397328853607,0.07128422260284424,0.0,0.07133881002664566,0.0,0.28202998638153076
2256,0.006503568217158318,0.019500323757529258,0.031380847096443176,0.07359347343444825,0.0,0.07133551687002182,0.0,0.2820303738117218
2257,0.00681186243891716,0.019230879843235016,0.03260453343391419,0.06634721308946609,0.0,0.07133370637893677,0.0,0.28203320503234863
2258,0.006294675450772047,0.01849947012960911,0.030420983210206032,0.0631766900420189,0.0,0.07133831083774567,0.0,0.2820359766483307
2259,0.006499375030398369,0.02010946087539196,0.03181859329342842,0.07082543373107911,0.0,0.07133892178535461,0.0,0.28203949332237244
2260,0.006258748658001423,0.019604198262095453,0.02941790148615837,0.06845847219228744,0.0,0.07134205102920532,0.0,0.282041996717453
2261,0.0065401213243603705,0.01945994421839714,0.03082183487713337,0.07047671377658844,0.0,0.07134908437728882,0.0,0.2820439040660858
2262,0.006912666000425815,0.01882633976638317,0.02944725751876831,0.06506488248705863,0.0,0.07135611772537231,0.0,0.2820466160774231
2263,0.0063613798469305035,0.019548877701163293,0.03070792928338051,0.06985706388950348,0.0,0.07136428356170654,0.0,0.28204914927482605
2264,0.006666598562151194,0.019372791424393652,0.029805262759327888,0.06746821999549865,0.0,0.07137517631053925,0.0,0.2820517122745514
2265,0.00678892731666565,0.019995497167110445,0.030283351987600328,0.07111549451947212,0.0,0.07138844579458237,0.0,0.28205183148384094
2266,0.00636872798204422,0.019597071409225463,0.03026420548558235,0.06437778025865555,0.0,0.07139524817466736,0.0,0.28205209970474243
2267,0.0065650660544633865,0.020265541225671767,0.028886067867279052,0.07226343154907226,0.0,0.07140060514211655,0.0,0.282051146030426
2268,0.006752180587500334,0.020669218525290488,0.02896607629954815,0.06594497859477996,0.0,0.07140522450208664,0.0,0.2820504605770111
2269,0.006158239208161831,0.019551143795251847,0.030647075921297073,0.0713769480586052,0.0,0.07141516357660294,0.0,0.28205037117004395
2270,0.00663121398538351,0.01984761357307434,0.0306598499417305,0.0667495772242546,0.0,0.07142259925603867,0.0,0.2820506989955902
2271,0.006659634970128536,0.019384654611349104,0.028518670797348024,0.07434512972831726,0.0,0.07142909616231918,0.0,0.2820488214492798
2272,0.006447817757725715,0.01912342496216297,0.030498691275715827,0.07200994193553925,0.0,0.07142961770296097,0.0,0.2820464074611664
2273,0.0068328830413520334,0.01959419660270214,0.03116098828613758,0.06875749081373214,0.0,0.07143004983663559,0.0,0.28204506635665894
2274,0.007073831465095282,0.019930364191532136,0.03337807133793831,0.06547324061393738,0.0,0.071429044008255,0.0,0.2820455729961395
2275,0.006706605944782495,0.019363123178482055,0.028311248123645782,0.06793483197689057,0.0,0.07142821699380875,0.0,0.2820470333099365
2276,0.006155737582594157,0.01957593783736229,0.029999415203928948,0.06842403411865235,0.0,0.07142911106348038,0.0,0.28204867243766785
2277,0.006572201754897833,0.018847327306866647,0.029283349215984345,0.06962018460035324,0.0,0.07142787426710129,0.0,0.28205016255378723
2278,0.006461989134550095,0.01883782185614109,0.02975274883210659,0.071840201318264,0.0,0.07142098993062973,0.0,0.2820514142513275
2279,0.006555130332708358,0.019501501321792604,0.03009231835603714,0.07194331288337708,0.0,0.07140829414129257,0.0,0.2820517122745514
2280,0.006316863838583231,0.020385696738958358,0.030495654419064523,0.07244390845298768,0.0,0.07139972597360611,0.0,0.2820517420768738
2281,0.0067218484356999396,0.020049528405070304,0.029491449519991875,0.07043332308530807,0.0,0.07139069586992264,0.0,0.2820515036582947
2282,0.006433596648275852,0.019146489351987837,0.03017445094883442,0.0705314189195633,0.0,0.07138758897781372,0.0,0.28204911947250366
2283,0.006658311653882265,0.018754434213042258,0.029646503552794457,0.06674226373434067,0.0,0.07138273119926453,0.0,0.28204697370529175
2284,0.006429318338632584,0.01890784204006195,0.028710910677909852,0.07059904634952545,0.0,0.0713731199502945,0.0,0.28204575181007385
2285,0.006345196906477213,0.01989843472838402,0.030108949914574624,0.06957892775535583,0.0,0.0713663175702095,0.0,0.2820454239845276
2286,0.0066411466337740425,0.018382998928427697,0.03156450018286705,0.06964373588562012,0.0,0.07136111706495285,0.0,0.2820441722869873
2287,0.006683139968663454,0.019959845393896104,0.02991795614361763,0.06796754151582718,0.0,0.071357861161232,0.0,0.28204238414764404
2288,0.006394216045737267,0.018452123180031775,0.029361721128225327,0.06934760212898254,0.0,0.07135749608278275,0.0,0.2820419669151306
2289,0.006507928017526865,0.02004530727863312,0.029958921670913696,0.06731969490647316,0.0,0.07135876268148422,0.0,0.28204238414764404
2290,0.0068510654382407665,0.019473055377602577,0.03313245177268982,0.06826742291450501,0.0,0.07136527448892593,0.0,0.282042920589447
2291,0.006303629651665687,0.019822469726204873,0.03194889165461064,0.07174495160579682,0.0,0.07137058675289154,0.0,0.2820430397987366
2292,0.006257272604852915,0.020479632914066313,0.030313489213585853,0.07002947479486465,0.0,0.07137726992368698,0.0,0.2820403277873993
2293,0.006258719880133867,0.019462889060378075,0.02932221069931984,0.06817882359027863,0.0,0.07138073444366455,0.0,0.28203389048576355
2294,0.0064898797310888766,0.019064555689692498,0.029522230103611945,0.06719929873943328,0.0,0.07138584554195404,0.0,0.2820267975330353
2295,0.006465149391442537,0.020209798216819765,0.030501066520810128,0.07098824381828309,0.0,0.07138731330633163,0.0,0.2820189595222473
2296,0.006547761987894774,0.019695470854640008,0.030740776658058168,0.06620292216539383,0.0,0.07139645516872406,0.0,0.28201359510421753
2297,0.006554672867059708,0.019934604689478875,0.029914866015315057,0.07188093364238739,0.0,0.07140707224607468,0.0,0.282010018825531
2298,0.0064680279232561585,0.01960277184844017,0.0319145280867815,0.07038477957248687,0.0,0.0714176744222641,0.0,0.2820069193840027
2299,0.006517602037638426,0.018961816281080245,0.028930607438087463,0.06754774004220962,0.0,0.07143372297286987,0.0,0.2820053994655609
2300,0.006437496095895767,0.020381383970379828,0.030212634056806565,0.07067255228757859,0.0,0.07144984602928162,0.0,0.28200337290763855
2301,0.006235035881400108,0.019706303626298903,0.02873273938894272,0.06981592178344727,0.0,0.07146921008825302,0.0,0.2820037305355072
2302,0.006521401647478342,0.019098978117108346,0.028740352764725686,0.06908517479896545,0.0,0.0714908167719841,0.0,0.2820051312446594
2303,0.0065783213824033735,0.019270209223032,0.031258178502321245,0.06744645535945892,0.0,0.07150901108980179,0.0,0.28200477361679077
2304,0.0065695621073246,0.02085656113922596,0.03055480606853962,0.06986635476350785,0.0,0.0715266764163971,0.0,0.28200632333755493
2305,0.00687266830354929,0.019775595515966415,0.030009096115827562,0.06633496508002282,0.0,0.07155142724514008,0.0,0.28200703859329224
2306,0.006236150767654181,0.02080986015498638,0.0289978988468647,0.07337919771671295,0.0,0.07157360017299652,0.0,0.2820087671279907
2307,0.006686120573431253,0.020226262882351874,0.029778575897216795,0.06979851573705673,0.0,0.07159446179866791,0.0,0.2820076644420624
2308,0.0067155658267438415,0.020598727464675903,0.030778818577528,0.06717635542154313,0.0,0.0716109424829483,0.0,0.2820069491863251
2309,0.006257500220090151,0.019084329903125762,0.03033844828605652,0.06752099096775055,0.0,0.07162754237651825,0.0,0.28200459480285645
2310,0.006614876259118318,0.018853620439767838,0.030122288316488267,0.07093617469072341,0.0,0.07164538651704788,0.0,0.2820025086402893
2311,0.006149141676723957,0.019569185748696327,0.029388393834233285,0.07272424846887589,0.0,0.0716623067855835,0.0,0.28200286626815796
2312,0.006570320762693882,0.01985289603471756,0.030553682520985604,0.06934978365898133,0.0,0.07167331129312515,0.0,0.2820020318031311
2313,0.007026654481887817,0.01969434358179569,0.02979530654847622,0.07190451174974441,0.0,0.07168138027191162,0.0,0.28200235962867737
2314,0.006828541029244661,0.019792452454566956,0.028749578073620795,0.06962973475456238,0.0,0.07168851792812347,0.0,0.28200292587280273
2315,0.006745559070259333,0.019372349604964256,0.03126869797706604,0.07443682998418807,0.0,0.07169303297996521,0.0,0.28200191259384155
2316,0.006466323975473642,0.01912657208740711,0.031236978620290755,0.07088332027196884,0.0,0.07169599831104279,0.0,0.2820025384426117
2317,0.006244894955307246,0.020541289821267128,0.03360467068850994,0.06828996613621711,0.0,0.07170389592647552,0.0,0.28200697898864746
2318,0.006598487868905068,0.02021035775542259,0.03131227716803551,0.06990787237882615,0.0,0.07171067595481873,0.0,0.28201135993003845
2319,0.006471029203385115,0.01957065165042877,0.029510547965765,0.07315613329410553,0.0,0.07171393930912018,0.0,0.2820166349411011
2320,0.006486292649060488,0.019442962482571602,0.030904528871178626,0.07033964544534684,0.0,0.07171429693698883,0.0,0.28202393651008606
2321,0.006739093363285065,0.01963917464017868,0.030013012140989302,0.07122653424739837,0.0,0.07171474397182465,0.0,0.28203141689300537
2322,0.006491186749190092,0.01976451724767685,0.029527011886239053,0.06947755515575409,0.0,0.07171386480331421,0.0,0.2820395827293396
2323,0.006302699446678162,0.019396751001477242,0.029889512807130814,0.06864582002162933,0.0,0.0717109963297844,0.0,0.2820461392402649
2324,0.006562582962214947,0.01969663016498089,0.030790797621011733,0.06777875572443008,0.0,0.07170633226633072,0.0,0.2820510268211365
2325,0.00587246548384428,0.019954122230410577,0.029669743776321412,0.06961044073104858,0.0,0.07169979810714722,0.0,0.28205564618110657
2326,0.00652202982455492,0.018400969356298445,0.0315863661468029,0.06606536358594894,0.0,0.07169303297996521,0.0,0.28205981850624084
2327,0.006996594928205013,0.019729067385196686,0.02830297127366066,0.06611863672733306,0.0,0.07168468832969666,0.0,0.2820611894130707
2328,0.00618214700371027,0.019624624773859976,0.030336007475852966,0.0670137196779251,0.0,0.07167741656303406,0.0,0.2820630669593811
2329,0.0064333057962358,0.02053569257259369,0.03019710220396519,0.06681537628173828,0.0,0.0716640055179596,0.0,0.28206366300582886
2330,0.006373060494661331,0.019812104851007463,0.02989501990377903,0.06960802525281906,0.0,0.07165864109992981,0.0,0.2820620536804199
2331,0.006635373365134001,0.019245745614171028,0.028081856295466424,0.06627875044941903,0.0,0.07165396958589554,0.0,0.28205975890159607
2332,0.006402980443090201,0.01958002746105194,0.03227313309907913,0.07146932035684586,0.0,0.07164822518825531,0.0,0.28205835819244385
2333,0.006282532401382923,0.02003699168562889,0.030798909068107606,0.07504020482301713,0.0,0.07164634019136429,0.0,0.2820570766925812
2334,0.006274357158690691,0.019197744876146318,0.028401197120547294,0.06780015230178833,0.0,0.07164792716503143,0.0,0.28205591440200806
2335,0.006525919865816831,0.019225430861115455,0.032659902796149255,0.06550119817256927,0.0,0.07165340334177017,0.0,0.2820548713207245
2336,0.006726534198969602,0.0199903205037117,0.03166691809892654,0.06816146969795227,0.0,0.07165491580963135,0.0,0.2820548713207245
2337,0.006171461939811706,0.01952904351055622,0.028891155123710634,0.07175342217087746,0.0,0.07165602594614029,0.0,0.2820543348789215
2338,0.006391479261219501,0.01973388120532036,0.03018811494112015,0.06796086505055428,0.0,0.07166153937578201,0.0,0.2820552587509155
2339,0.006761019211262464,0.01927056796848774,0.029468171671032904,0.0681302398443222,0.0,0.07166163623332977,0.0,0.28205615282058716
2340,0.0064165771938860415,0.020345673337578772,0.03086700104176998,0.0688622996211052,0.0,0.07165925204753876,0.0,0.282058447599411
2341,0.00663484912365675,0.020653592050075532,0.031074877828359604,0.07365197837352752,0.0,0.07165366411209106,0.0,0.2820607125759125
2342,0.0064375601708889,0.01947113871574402,0.029430286958813667,0.07058055251836777,0.0,0.07165481150150299,0.0,0.28206318616867065
2343,0.006554405577480793,0.01929352656006813,0.029533841460943223,0.06773943603038787,0.0,0.07165314257144928,0.0,0.28206443786621094
2344,0.006658621039241553,0.0194648627191782,0.030581775680184366,0.06917638778686523,0.0,0.07165070623159409,0.0,0.2820665240287781
2345,0.006400187499821186,0.02020554058253765,0.029658205807209015,0.07074691355228424,0.0,0.07164660841226578,0.0,0.28206804394721985
2346,0.00628934595733881,0.019223279878497125,0.029371295124292374,0.07007898017764091,0.0,0.07164644449949265,0.0,0.2820701599121094
2347,0.006165662873536348,0.019145459681749345,0.030015262588858605,0.07429956495761872,0.0,0.07164547592401505,0.0,0.2820703983306885
2348,0.006352072115987539,0.01974245607852936,0.03162451647222042,0.07245969027280807,0.0,0.07163902372121811,0.0,0.2820715606212616
2349,0.007244074996560812,0.019367461279034614,0.03063303083181381,0.06981748044490814,0.0,0.07162679731845856,0.0,0.28207165002822876
2350,0.006694488413631916,0.019900099933147432,0.030707412213087083,0.0694605365395546,0.0,0.07161583006381989,0.0,0.28207165002822876
2351,0.006470789015293121,0.019169898703694344,0.029782744869589806,0.07015407532453537,0.0,0.07160206884145737,0.0,0.2820703387260437
2352,0.0067671345546841625,0.020519020780920983,0.031465014442801476,0.07594277709722519,0.0,0.0715927854180336,0.0,0.28206923604011536
2353,0.006650349870324135,0.018911979719996454,0.026087816804647446,0.07053140997886657,0.0,0.07158472388982773,0.0,0.28206783533096313
2354,0.00706575782969594,0.019041362032294274,0.029358084872365,0.07081626802682876,0.0,0.07157579064369202,0.0,0.28206712007522583
2355,0.006675129756331444,0.018697989732027055,0.029344243556261064,0.07166993618011475,0.0,0.07156382501125336,0.0,0.2820667326450348
2356,0.006259847804903984,0.019122335687279703,0.02996308095753193,0.07051323205232621,0.0,0.07155726850032806,0.0,0.2820685803890228
2357,0.006392262876033783,0.020484784618020058,0.029165880754590034,0.06589989513158798,0.0,0.0715525671839714,0.0,0.28206995129585266
2358,0.006471236422657967,0.01921696960926056,0.03066192790865898,0.07030397653579712,0.0,0.07154451310634613,0.0,0.28207334876060486
2359,0.006492579821497202,0.01945376917719841,0.030424277111887933,0.07204272001981735,0.0,0.07153614610433578,0.0,0.282075971364975
2360,0.006498225498944521,0.01941807083785534,0.029496678337454795,0.07255958020687103,0.0,0.07152676582336426,0.0,0.2820773720741272
2361,0.006140076275914908,0.019606740027666093,0.031124797463417054,0.07075314670801162,0.0,0.071517713367939,0.0,0.28207772970199585
2362,0.006693838350474835,0.01975366920232773,0.029010789841413497,0.06894622519612312,0.0,0.0715145617723465,0.0,0.28207486867904663
2363,0.0064157633110880855,0.01967339627444744,0.030858446285128592,0.06743631809949875,0.0,0.07151586562395096,0.0,0.28207162022590637
2364,0.006559843383729458,0.019675521925091744,0.03033713772892952,0.06844483762979507,0.0,0.07151849567890167,0.0,0.2820688784122467
2365,0.006676197797060013,0.019439812749624252,0.030436861515045165,0.06849850714206696,0.0,0.07151945680379868,0.0,0.28206679224967957
2366,0.006575925275683403,0.0206038698554039,0.030444830656051636,0.06864423155784607,0.0,0.07152308523654938,0.0,0.2820637822151184
2367,0.006612329371273517,0.019913532957434654,0.028968828916549682,0.06939059346914292,0.0,0.07153117656707764,0.0,0.2820603549480438
2368,0.006725835148245096,0.019569778814911842,0.03145584128797054,0.06642279177904128,0.0,0.07154718786478043,0.0,0.2820584774017334
2369,0.006899456586688757,0.01925783045589924,0.02879205159842968,0.06854870617389679,0.0,0.07156121730804443,0.0,0.2820582985877991
2370,0.00643339054659009,0.01923021301627159,0.029398992657661438,0.06325632855296134,0.0,0.07157355546951294,0.0,0.28205832839012146
2371,0.006714198458939791,0.019667497649788857,0.0340839147567749,0.07034215480089187,0.0,0.07158775627613068,0.0,0.2820581793785095
2372,0.006893488671630621,0.019383562356233598,0.02849602550268173,0.06678455322980881,0.0,0.07159968465566635,0.0,0.2820560932159424
2373,0.006657098140567541,0.018415790796279908,0.030534907802939416,0.06515797227621078,0.0,0.07161108404397964,0.0,0.28205248713493347
2374,0.006641676742583513,0.018981469422578813,0.029237233102321625,0.07293775379657745,0.0,0.07162542641162872,0.0,0.282051146030426
2375,0.0064629300497472284,0.019979728385806084,0.02971550039947033,0.07299028933048249,0.0,0.07163705676794052,0.0,0.28205007314682007
2376,0.006396153103560209,0.019026591256260873,0.03140260651707649,0.07247545272111892,0.0,0.07164277136325836,0.0,0.28205034136772156
2377,0.00682436116039753,0.018980760127305984,0.03195555545389652,0.07256480604410172,0.0,0.07165541499853134,0.0,0.2820494771003723
2378,0.006434421706944704,0.0198537677526474,0.030586958676576615,0.07098982483148575,0.0,0.0716693252325058,0.0,0.2820504605770111
2379,0.0067209192551672455,0.01921902559697628,0.03165084794163704,0.06690436452627183,0.0,0.0716858059167862,0.0,0.28205305337905884
2380,0.006630152557045221,0.01977570205926895,0.02996770925819874,0.06600479632616044,0.0,0.07170398533344269,0.0,0.28205636143684387
2381,0.00651341574266553,0.019610519334673882,0.030149639397859574,0.06727193295955658,0.0,0.07171296328306198,0.0,0.28205952048301697
2382,0.006786242499947548,0.01928008683025837,0.029424646124243736,0.07023807615041733,0.0,0.07171936333179474,0.0,0.2820624113082886
2383,0.006468371395021677,0.019170232117176056,0.029981423541903494,0.0682963103055954,0.0,0.07172368466854095,0.0,0.28206560015678406
2384,0.006632813811302185,0.01998010277748108,0.03160428181290627,0.0704474225640297,0.0,0.0717250406742096,0.0,0.2820661664009094
2385,0.006435220595449209,0.01927441582083702,0.03182003423571587,0.07083920687437058,0.0,0.07172523438930511,0.0,0.28206488490104675
2386,0.006521591451019049,0.020283550024032593,0.029652580618858337,0.06579452753067017,0.0,0.07172546535730362,0.0,0.2820611596107483
2387,0.006603533402085304,0.019586834684014322,0.028593219444155694,0.07295351922512054,0.0,0.07171885669231415,0.0,0.2820556163787842
2388,0.0062097227200865746,0.019670307636260986,0.029985102266073226,0.06894495785236358,0.0,0.07171044498682022,0.0,0.2820494472980499
2389,0.006772447563707829,0.02008831575512886,0.02920233868062496,0.07060184478759765,0.0,0.07170383632183075,0.0,0.2820434272289276
2390,0.00642741983756423,0.01966963931918144,0.02896665520966053,0.07173624336719513,0.0,0.07170175015926361,0.0,0.2820393741130829
2391,0.006551295705139637,0.019460590928792952,0.03075094483792782,0.07078525424003601,0.0,0.0717013031244278,0.0,0.2820371091365814
2392,0.006948252115398646,0.021590788662433625,0.030884191021323205,0.07063205540180206,0.0,0.07170070707798004,0.0,0.2820325493812561
2393,0.006495636235922575,0.019914580136537553,0.029924267530441286,0.06891756057739258,0.0,0.07169920206069946,0.0,0.28202542662620544
2394,0.006398975756019354,0.019647343456745146,0.030853245034813882,0.07216856479644776,0.0,0.07170292735099792,0.0,0.28202024102211
2395,0.006165684200823307,0.019563164561986923,0.02977086715400219,0.06734010726213455,0.0,0.07171092927455902,0.0,0.2820155620574951
2396,0.0064073697663843635,0.019633060693740843,0.028619607910513878,0.06841320246458053,0.0,0.07172103226184845,0.0,0.2820115089416504
2397,0.00636461116373539,0.019456305727362632,0.02953900583088398,0.07043977677822114,0.0,0.07173405587673187,0.0,0.2820085287094116
2398,0.006618720479309559,0.0205034539103508,0.030055001378059387,0.06469450742006302,0.0,0.07174728810787201,0.0,0.28200677037239075
2399,0.006814866978675127,0.0206533744931221,0.029651745036244393,0.06763489022850991,0.0,0.07176808267831802,0.0,0.2820081412792206
2400,0.006315594259649515,0.01934075877070427,0.030578823760151863,0.07005677670240402,0.0,0.07178722321987152,0.0,0.2820090651512146
2401,0.0066195915453135966,0.01953343041241169,0.030098698660731317,0.06821729093790055,0.0,0.07180675119161606,0.0,0.28200843930244446
2402,0.006427300348877907,0.018999039009213448,0.03007737211883068,0.06651089638471604,0.0,0.07182604819536209,0.0,0.2820110023021698
2403,0.006582307163625956,0.019523223862051964,0.03085540756583214,0.06764523983001709,0.0,0.07184215635061264,0.0,0.2820127606391907
2404,0.00655868723988533,0.02091156393289566,0.02836741358041763,0.07038548439741135,0.0,0.07185453176498413,0.0,0.282012403011322
2405,0.006330025009810924,0.020056949555873872,0.029953692480921744,0.07107873857021332,0.0,0.0718650072813034,0.0,0.28201258182525635
2406,0.006361415609717369,0.019448793306946755,0.030581429600715637,0.07344457358121873,0.0,0.0718793198466301,0.0,0.28201207518577576
2407,0.006570956576615572,0.019081391766667365,0.03027413785457611,0.0687015101313591,0.0,0.07189536094665527,0.0,0.28200870752334595
2408,0.006952599436044693,0.019705742970108985,0.03283438235521317,0.06932044699788094,0.0,0.07191740721464157,0.0,0.2820054590702057
2409,0.006854521203786134,0.020157897472381593,0.029850316420197486,0.07237740531563759,0.0,0.07193849980831146,0.0,0.2820020020008087
2410,0.006526475958526135,0.018588969111442567,0.031093480065464973,0.06954410374164581,0.0,0.0719611644744873,0.0,0.28199830651283264
2411,0.0066719047725200655,0.01994493082165718,0.03132030926644802,0.0679236888885498,0.0,0.07198130339384079,0.0,0.28199201822280884
2412,0.00673981448635459,0.019819805026054384,0.029788487777113914,0.06573763191699981,0.0,0.07200344651937485,0.0,0.28198766708374023
2413,0.006218959391117096,0.019412824138998985,0.029201066493988036,0.07112561464309693,0.0,0.07202238589525223,0.0,0.28198209404945374
2414,0.006600821111351252,0.018833496049046515,0.028699614480137824,0.06764652878046036,0.0,0.07203646004199982,0.0,0.281975120306015
2415,0.006241205055266619,0.019906868785619737,0.031978828459978105,0.06701534166932106,0.0,0.07204613834619522,0.0,0.2819690406322479
2416,0.0068488584831357,0.020106643438339233,0.02988232709467411,0.07052813470363617,0.0,0.07205244153738022,0.0,0.2819632887840271
2417,0.0062351211905479435,0.019777389615774153,0.029383867979049683,0.06920235306024551,0.0,0.07205753773450851,0.0,0.2819611728191376
2418,0.006562463846057654,0.020206667482852936,0.029852218553423883,0.07063174098730088,0.0,0.07206334918737411,0.0,0.2819606363773346
2419,0.006535160169005394,0.019667093455791474,0.031253254041075706,0.07054555118083954,0.0,0.0720686987042427,0.0,0.2819627821445465
2420,0.006438190490007401,0.01908525824546814,0.030426333844661712,0.0692039504647255,0.0,0.07207298278808594,0.0,0.28196483850479126
2421,0.006407571956515312,0.019914180040359497,0.031240928918123245,0.0685152068734169,0.0,0.07207858562469482,0.0,0.2819678783416748
2422,0.006763689965009689,0.019813140481710435,0.02939095310866833,0.07340012490749359,0.0,0.0720892921090126,0.0,0.2819710671901703
2423,0.006781833525747061,0.019479644671082496,0.030802883580327033,0.06790656000375747,0.0,0.07209726423025131,0.0,0.28197503089904785
2424,0.00666257031261921,0.017896154522895814,0.029806412383913995,0.06605400145053864,0.0,0.07210167497396469,0.0,0.2819773554801941
2425,0.006142542045563459,0.019403275102376938,0.03024706579744816,0.07197470664978027,0.0,0.07210662215948105,0.0,0.2819786071777344
2426,0.006556755397468805,0.020181165263056754,0.030660467594861983,0.07179774343967438,0.0,0.07210753113031387,0.0,0.2819783687591553
2427,0.006612501200288534,0.01884450949728489,0.03032040037214756,0.07278090119361877,0.0,0.07210685312747955,0.0,0.2819773554801941
2428,0.006500949710607528,0.018822167068719864,0.02874712646007538,0.06834560334682464,0.0,0.0721004456281662,0.0,0.2819748818874359
2429,0.006361373420804739,0.019901437684893608,0.032116469368338584,0.07178496569395065,0.0,0.07209479808807373,0.0,0.28197604417800903
2430,0.006723881512880325,0.01928883232176304,0.029208242148160934,0.06645395010709762,0.0,0.07208862155675888,0.0,0.2819789946079254
2431,0.006373174488544464,0.019002464413642884,0.029548835754394532,0.07031978666782379,0.0,0.07207774370908737,0.0,0.28198251128196716
2432,0.006543989665806294,0.01976313441991806,0.030636097118258477,0.06647088080644607,0.0,0.07206892222166061,0.0,0.2819843590259552
2433,0.00663547394797206,0.018923167884349824,0.02961232140660286,0.06719182878732681,0.0,0.07206253707408905,0.0,0.2819853723049164
2434,0.006606790237128735,0.019499364122748376,0.0303679458796978,0.07464241087436677,0.0,0.07205172628164291,0.0,0.28198614716529846
2435,0.006602747365832329,0.020570309832692146,0.03146842680871487,0.0664719820022583,0.0,0.07203987240791321,0.0,0.2819857597351074
2436,0.0067475298419594765,0.019509122148156165,0.029317263513803482,0.06879219114780426,0.0,0.07202799618244171,0.0,0.28198450803756714
2437,0.006820168159902096,0.019584091380238533,0.030884572491049766,0.06994887217879295,0.0,0.0720178484916687,0.0,0.2819841802120209
2438,0.0069577815011143684,0.02047570198774338,0.029035816714167596,0.0684761494398117,0.0,0.07200674712657928,0.0,0.2819831967353821
2439,0.006574547011405229,0.02039189375936985,0.033972817659378055,0.07060343027114868,0.0,0.07199427485466003,0.0,0.28198426961898804
2440,0.006895838305354118,0.019856387004256248,0.03129993118345738,0.07187646776437759,0.0,0.07197858393192291,0.0,0.28198522329330444
2441,0.006233916152268648,0.019838013127446173,0.031738325208425525,0.06981723755598068,0.0,0.07196938246488571,0.0,0.2819882929325104
2442,0.006659979932010174,0.01937481462955475,0.030069946125149728,0.06737305223941803,0.0,0.07195768505334854,0.0,0.28199270367622375
2443,0.006811239849776029,0.02010396271944046,0.02993220165371895,0.07251426577568054,0.0,0.071944460272789,0.0,0.28199613094329834
2444,0.006865480821579695,0.020595086738467216,0.03242011144757271,0.07103726267814636,0.0,0.07193348556756973,0.0,0.28199926018714905
2445,0.0062299082987010476,0.01871251277625561,0.02934066765010357,0.07033333033323289,0.0,0.07192093878984451,0.0,0.28200215101242065
2446,0.00660879947245121,0.02065564803779125,0.030975643545389175,0.06885544061660767,0.0,0.07190593332052231,0.0,0.2820053994655609
2447,0.0064186638221144674,0.01951589286327362,0.03063976690173149,0.06669718623161316,0.0,0.07189543545246124,0.0,0.2820063829421997
2448,0.006466968078166246,0.019715620204806328,0.03006943054497242,0.06860546618700028,0.0,0.0718885213136673,0.0,0.28200727701187134
2449,0.006306919082999229,0.019364163652062415,0.029810784757137297,0.06957279592752456,0.0,0.07188558578491211,0.0,0.2820061147212982
2450,0.006304428447037935,0.019430564343929292,0.02980875372886658,0.0708620235323906,0.0,0.0718827173113823,0.0,0.28200799226760864
2451,0.0064832475036382675,0.020538344234228133,0.03121762163937092,0.06647364795207977,0.0,0.07187996059656143,0.0,0.2820061147212982
2452,0.006634839251637459,0.01955946385860443,0.029672809317708014,0.06719882264733315,0.0,0.07187936455011368,0.0,0.28200164437294006
2453,0.006252148095518351,0.019809733703732492,0.029234404861927032,0.06954880356788636,0.0,0.07188351452350616,0.0,0.28199487924575806
2454,0.00646692244336009,0.019219546020030974,0.030683746188879014,0.07063887566328049,0.0,0.07188884913921356,0.0,0.28198763728141785
2455,0.006475439202040434,0.019329142943024635,0.027799028530716897,0.07239195108413696,0.0,0.07189435511827469,0.0,0.2819816470146179
2456,0.006666100118309259,0.0193427499383688,0.029734214767813683,0.07033969163894653,0.0,0.07189774513244629,0.0,0.28197336196899414
2457,0.006688578706234694,0.018825680017471313,0.029631471261382103,0.07094806879758835,0.0,0.07189744710922241,0.0,0.28196877241134644
2458,0.006597483996301889,0.019579177349805833,0.029952890798449518,0.0735356017947197,0.0,0.07189935445785522,0.0,0.2819664478302002
2459,0.006415929365903139,0.019348536804318427,0.030146205425262453,0.07117517143487931,0.0,0.07189860939979553,0.0,0.28196531534194946
2460,0.006972627155482769,0.019403176754713057,0.03089018613100052,0.06561025157570839,0.0,0.07189951092004776,0.0,0.28196707367897034
2461,0.006387543119490147,0.020035780593752862,0.029794187098741532,0.07147976905107498,0.0,0.07190374284982681,0.0,0.2819693982601166
2462,0.006351759005337953,0.02007104717195034,0.03123729005455971,0.07309651374816895,0.0,0.07190205901861191,0.0,0.28197309374809265
2463,0.006361357402056456,0.019771015644073485,0.030988488346338272,0.06853940635919571,0.0,0.071901336312294,0.0,0.2819800078868866
2464,0.006161391362547874,0.01901521347463131,0.029534276202321054,0.06900978460907936,0.0,0.0719032734632492,0.0,0.28198590874671936
2465,0.006836455315351486,0.020467115193605424,0.02947762981057167,0.06980056762695312,0.0,0.07190103828907013,0.0,0.28199005126953125
2466,0.007194206025451422,0.019149012118577956,0.028610222041606903,0.07081452757120132,0.0,0.07189904153347015,0.0,0.28199470043182373
2467,0.006887116003781557,0.01934739053249359,0.02900758609175682,0.06970738172531128,0.0,0.07189489156007767,0.0,0.28200268745422363
2468,0.006259737815707922,0.018881980702280997,0.02881813868880272,0.07110537141561508,0.0,0.07188969850540161,0.0,0.2820107340812683
2469,0.006389247067272663,0.019992929697036744,0.030735785141587257,0.06870718002319336,0.0,0.07188500463962555,0.0,0.28201910853385925
2470,0.0066238343715667725,0.019450999423861505,0.02988336868584156,0.06936950087547303,0.0,0.07187610864639282,0.0,0.2820266783237457
2471,0.006463878229260445,0.019305237382650376,0.03132283613085747,0.06955654621124267,0.0,0.07186497002840042,0.0,0.282034307718277
2472,0.006445508729666471,0.019020062312483786,0.029998192563652992,0.06476687267422676,0.0,0.07185371965169907,0.0,0.2820417284965515
2473,0.006581301987171173,0.019572193920612335,0.029214218631386756,0.06855884492397309,0.0,0.07184405624866486,0.0,0.2820490896701813
2474,0.0064227069728076455,0.01934274584054947,0.031077222526073457,0.07094610035419464,0.0,0.07183720171451569,0.0,0.2820543646812439
2475,0.006351490039378405,0.02021373063325882,0.03227534070611,0.07189588993787766,0.0,0.07183002680540085,0.0,0.2820563018321991
2476,0.005965469498187303,0.019013698026537896,0.028375675529241563,0.07106846123933792,0.0,0.0718226432800293,0.0,0.2820560038089752
2477,0.006241997517645359,0.019299375265836714,0.029507558420300485,0.07140371650457382,0.0,0.07181941717863083,0.0,0.2820543646812439
2478,0.006529480963945389,0.0191363662481308,0.02902013957500458,0.06944010108709335,0.0,0.07181419432163239,0.0,0.2820497453212738
2479,0.006690782587975263,0.018604202941060067,0.030538269132375718,0.07073842883110046,0.0,0.07180990278720856,0.0,0.2820429801940918
2480,0.006336006801575422,0.019135211780667304,0.028803576529026032,0.07129362970590591,0.0,0.07180419564247131,0.0,0.28203845024108887
2481,0.006908338982611895,0.01956496238708496,0.030243553593754767,0.07037618160247802,0.0,0.07179838418960571,0.0,0.28203386068344116
2482,0.006688632164150476,0.019812210649251937,0.028902455046772958,0.07098129689693451,0.0,0.0717921108007431,0.0,0.28203147649765015
2483,0.006950218230485916,0.019428113102912904,0.030483347922563554,0.06941098049283027,0.0,0.07178805023431778,0.0,0.2820271849632263
2484,0.006672829575836659,0.0190568458288908,0.02890721783041954,0.07120967656373978,0.0,0.07178203761577606,0.0,0.2820253372192383
2485,0.006763066817075014,0.01906697787344456,0.030234022065997124,0.06457562670111656,0.0,0.07177070528268814,0.0,0.28202420473098755
2486,0.00625112783163786,0.019214366376399995,0.03034181296825409,0.0710661992430687,0.0,0.0717570036649704,0.0,0.2820228934288025
2487,0.0067644940689206125,0.020040645822882654,0.028617288172245025,0.06696265339851379,0.0,0.07174508273601532,0.0,0.28202372789382935
2488,0.006511784438043833,0.020562835782766343,0.02888764701783657,0.07264867573976516,0.0,0.07173775881528854,0.0,0.2820236384868622
2489,0.006532494258135557,0.01861818917095661,0.031999639421701434,0.07070329785346985,0.0,0.07173843681812286,0.0,0.28202149271965027
2490,0.006566800829023123,0.019744062796235085,0.03148646131157875,0.07116939127445221,0.0,0.0717432051897049,0.0,0.28202107548713684
2491,0.006442592199891806,0.01930532939732075,0.031339388340711594,0.07026666402816772,0.0,0.071749746799469,0.0,0.28202205896377563
2492,0.006528632156550885,0.020091845095157622,0.02896193340420723,0.07145637422800064,0.0,0.07175903767347336,0.0,0.2820221781730652
2493,0.00665411613881588,0.019472813233733177,0.03168648071587086,0.06960061937570572,0.0,0.07176558673381805,0.0,0.28202202916145325
2494,0.006827839557081461,0.019614987075328827,0.03335130289196968,0.06933446675539016,0.0,0.07177358865737915,0.0,0.28202182054519653
2495,0.006572384852916002,0.019836534932255744,0.03191400989890099,0.06927568316459656,0.0,0.07177606970071793,0.0,0.282020628452301
2496,0.006513372901827097,0.018578493595123292,0.02949470467865467,0.06985439211130143,0.0,0.0717812329530716,0.0,0.28202149271965027
2497,0.006403757445514202,0.01971350722014904,0.030124225839972495,0.06982141733169556,0.0,0.07177932560443878,0.0,0.282022625207901
2498,0.00672958716750145,0.019883093982934953,0.02966564930975437,0.06916263401508331,0.0,0.07177316397428513,0.0,0.2820228636264801
2499,0.006689625699073077,0.01893369257450104,0.02930329814553261,0.06889718323946,0.0,0.07176487147808075,0.0,0.28202342987060547
2500,0.006163121294230222,0.019711191579699517,0.03284949585795403,0.07071181088685989,0.0,0.07175170630216599,0.0,0.2820236086845398
2501,0.006418970506638288,0.0209288340061903,0.02942013517022133,0.06921041309833527,0.0,0.07173757255077362,0.0,0.2820240259170532
2502,0.006420062854886055,0.019603155553340912,0.029867560788989066,0.07171087116003036,0.0,0.07172270119190216,0.0,0.2820231020450592
2503,0.006184942927211523,0.020475638285279273,0.030071263760328294,0.06570764482021332,0.0,0.07171182334423065,0.0,0.2820235788822174
2504,0.0069770894944667814,0.01963904909789562,0.032176414504647255,0.06578520983457566,0.0,0.07170502841472626,0.0,0.28202447295188904
2505,0.0068996623158454895,0.019595235213637353,0.031062861159443855,0.06757632195949555,0.0,0.07170550525188446,0.0,0.28202471137046814
2506,0.0065130706876516346,0.019660040363669397,0.03138957396149635,0.0723515659570694,0.0,0.07170448452234268,0.0,0.2820247709751129
2507,0.006527234334498644,0.018981046602129938,0.03133439235389233,0.0698187381029129,0.0,0.07170157134532928,0.0,0.2820262610912323
2508,0.006513160560280085,0.020202816650271415,0.02915201261639595,0.0703078493475914,0.0,0.07169969379901886,0.0,0.2820279598236084
2509,0.0061746140010654925,0.020547011494636537,0.029497291147708892,0.07040829211473465,0.0,0.071696937084198,0.0,0.2820286750793457
2510,0.0068875357508659365,0.01867183521389961,0.029046380519866945,0.0702708601951599,0.0,0.07169383764266968,0.0,0.2820301651954651
2511,0.00613457066938281,0.01973581537604332,0.028776086494326593,0.07052393108606339,0.0,0.07169072329998016,0.0,0.2820313572883606
2512,0.006555883586406708,0.018856680393218993,0.028796716779470443,0.07081610262393952,0.0,0.07168456166982651,0.0,0.28203296661376953
2513,0.006728903111070395,0.01938684843480587,0.03042405880987644,0.06699838787317276,0.0,0.07167806476354599,0.0,0.2820332646369934
2514,0.007056851964443922,0.019063147157430647,0.03158449940383434,0.073524709045887,0.0,0.07167143374681473,0.0,0.28203484416007996
2515,0.0062651650980114935,0.01899421140551567,0.029244639351963995,0.0683962121605873,0.0,0.07167049497365952,0.0,0.2820344567298889
2516,0.006637513637542725,0.01947939246892929,0.030178498849272727,0.06361235529184342,0.0,0.07166604697704315,0.0,0.28203409910202026
2517,0.006723366398364306,0.019254683703184127,0.02996126338839531,0.0718817800283432,0.0,0.07166365534067154,0.0,0.28203320503234863
2518,0.006560914404690266,0.01934329904615879,0.030402182787656783,0.06950678676366806,0.0,0.07166755199432373,0.0,0.28203263878822327
2519,0.006547230482101441,0.019058091938495635,0.030182460322976112,0.07234191447496414,0.0,0.07166460156440735,0.0,0.2820335030555725
2520,0.006651575211435556,0.01961054317653179,0.028436221927404404,0.06932884603738784,0.0,0.07166065275669098,0.0,0.28203195333480835
2521,0.006299615185707807,0.019777531921863555,0.0286680493503809,0.070677250623703,0.0,0.07166104018688202,0.0,0.28202953934669495
2522,0.006551685463637114,0.01962118372321129,0.029220419749617577,0.06559045612812042,0.0,0.07166396081447601,0.0,0.2820276618003845
2523,0.006703956797719002,0.020503580570220947,0.03109218031167984,0.06735486090183258,0.0,0.07166401296854019,0.0,0.2820271849632263
2524,0.006803061533719301,0.020092935115098954,0.029737208411097525,0.06648331731557847,0.0,0.07166316360235214,0.0,0.2820269465446472
2525,0.006434957217425108,0.01970130540430546,0.028839075192809104,0.07208142876625061,0.0,0.07165757566690445,0.0,0.2820257544517517
2526,0.006833346653729677,0.019159691408276558,0.03133365921676159,0.07138657718896865,0.0,0.07164844125509262,0.0,0.28202587366104126
2527,0.006753243505954742,0.019684508070349695,0.030202268809080123,0.06900053471326828,0.0,0.07164560258388519,0.0,0.2820281386375427
2528,0.006707965582609177,0.018687340989708902,0.030650048330426217,0.0684182807803154,0.0,0.07164870202541351,0.0,0.28203073143959045
2529,0.006901428569108248,0.018942379951477052,0.029337949678301813,0.07265403866767883,0.0,0.0716564878821373,0.0,0.2820304334163666
2530,0.00627731615677476,0.019024819508194922,0.031220517307519912,0.07267667055130005,0.0,0.07165960222482681,0.0,0.282029926776886
2531,0.006535094045102596,0.018973704427480698,0.029690871387720107,0.06927762478590012,0.0,0.07166596502065659,0.0,0.28203049302101135
2532,0.006118835508823394,0.019842951372265816,0.03005341626703739,0.0694662094116211,0.0,0.0716705173254013,0.0,0.2820296585559845
2533,0.006819680240005255,0.01907453127205372,0.030534268543124198,0.07057402431964874,0.0,0.0716707855463028,0.0,0.28202855587005615
2534,0.006717616226524115,0.01943700797855854,0.029251258075237273,0.06779301762580872,0.0,0.07167099416255951,0.0,0.2820289433002472
2535,0.0063666805624961855,0.019218332320451736,0.031194829568266868,0.06948128044605255,0.0,0.07166850566864014,0.0,0.2820303440093994
2536,0.006759428698569536,0.019205766543745995,0.030726102739572526,0.07047132104635238,0.0,0.07166685163974762,0.0,0.2820328176021576
2537,0.006253609247505665,0.019953408837318422,0.029912948980927466,0.07271131426095963,0.0,0.07166675478219986,0.0,0.2820355296134949
2538,0.006598512548953295,0.0191469244658947,0.02945876121520996,0.06859527081251145,0.0,0.0716632753610611,0.0,0.2820385694503784
2539,0.006343014165759086,0.019099974632263185,0.029934864863753317,0.06799241453409195,0.0,0.07166189700365067,0.0,0.2820407748222351
2540,0.006574740260839462,0.020360013097524644,0.031033499538898467,0.06694332212209701,0.0,0.0716557428240776,0.0,0.28204354643821716
2541,0.006650700327008962,0.019731000438332556,0.030543821305036543,0.06766752377152443,0.0,0.07165359705686569,0.0,0.28204503655433655
2542,0.006571458093822003,0.0203446626663208,0.028808027133345605,0.06749610751867294,0.0,0.07165315002202988,0.0,0.2820463478565216
2543,0.006243168376386166,0.0194892518222332,0.029877833276987075,0.07125736325979233,0.0,0.07164869457483292,0.0,0.28204625844955444
2544,0.006405750475823879,0.019182033091783523,0.0280349250882864,0.06954574435949326,0.0,0.07164305448532104,0.0,0.2820464074611664
2545,0.00650586849078536,0.020311008393764495,0.02994435466825962,0.07078784257173538,0.0,0.07163705676794052,0.0,0.282047837972641
2546,0.006437111459672451,0.020108519494533537,0.03142935782670975,0.06555166244506835,0.0,0.07162719964981079,0.0,0.2820477783679962
2547,0.00657251738011837,0.018929463997483253,0.028743425011634828,0.06450303718447685,0.0,0.07162032276391983,0.0,0.28204670548439026
2548,0.006322150584310293,0.020177293568849564,0.028745289519429208,0.07253526598215103,0.0,0.07161186635494232,0.0,0.28204381465911865
2549,0.006293284799903631,0.019195093587040902,0.03039064258337021,0.06922750249505043,0.0,0.07160357385873795,0.0,0.2820397913455963
2550,0.006278692092746496,0.02014271505177021,0.030470169708132745,0.07031749486923218,0.0,0.07159876823425293,0.0,0.2820364534854889
2551,0.006801033578813076,0.019228134676814078,0.032173363119363786,0.06990904659032822,0.0,0.0715947225689888,0.0,0.28203272819519043
2552,0.007075511384755373,0.019172340258955957,0.03157330378890037,0.06984328776597977,0.0,0.07159191370010376,0.0,0.282029390335083
2553,0.006414435058832169,0.01947158984839916,0.02996416911482811,0.07105335593223572,0.0,0.07158865034580231,0.0,0.28202781081199646
2554,0.006781245768070221,0.019054152071475983,0.03091706708073616,0.06942621767520904,0.0,0.07158073037862778,0.0,0.2820245027542114
2555,0.006180770043283701,0.020618125051259994,0.030672181770205496,0.06969824582338333,0.0,0.071573406457901,0.0,0.28202101588249207
2556,0.00636307206004858,0.019723933562636374,0.032539127394557,0.06834375113248825,0.0,0.07156681269407272,0.0,0.282016783952713
2557,0.006695478968322277,0.020053855702281,0.030419714748859406,0.0720537856221199,0.0,0.07156486809253693,0.0,0.2820129692554474
2558,0.006630782037973404,0.019985822215676307,0.029917286708950996,0.06941089630126954,0.0,0.07156343758106232,0.0,0.2820100486278534
2559,0.006368568353354931,0.018684602156281472,0.03012556694447994,0.06674445420503616,0.0,0.07156021893024445,0.0,0.28200775384902954
2560,0.006670245248824358,0.01972494199872017,0.02837766706943512,0.0709830492734909,0.0,0.07155214250087738,0.0,0.2820068597793579
2561,0.006431952770799399,0.019742455706000327,0.030672097578644753,0.06770572513341903,0.0,0.07154025882482529,0.0,0.28200656175613403
2562,0.006793879345059395,0.019319378584623337,0.030448311194777488,0.06676891893148422,0.0,0.07152856886386871,0.0,0.28200763463974
2563,0.006383468024432659,0.01887706629931927,0.029863181710243224,0.0729545533657074,0.0,0.07152364403009415,0.0,0.2820096015930176
2564,0.006786886230111122,0.019574709236621857,0.03184738233685493,0.06948510259389877,0.0,0.07151539623737335,0.0,0.28201258182525635
2565,0.006621271930634975,0.020750655978918075,0.028299445658922194,0.06934473365545273,0.0,0.0715072751045227,0.0,0.28201788663864136
2566,0.006395832728594541,0.019931806623935698,0.031121250241994858,0.06732057183980941,0.0,0.0715048536658287,0.0,0.28202325105667114
2567,0.006763152591884136,0.019573403894901274,0.031638560071587565,0.06716759353876114,0.0,0.0715009793639183,0.0,0.2820267081260681
2568,0.007191123533993959,0.018723756074905396,0.029809542745351792,0.06605490744113922,0.0,0.07149691879749298,0.0,0.28203096985816956
2569,0.0062882485799491405,0.018754088133573533,0.032198266685009004,0.07042261064052582,0.0,0.07149577140808105,0.0,0.28203243017196655
2570,0.006987831927835942,0.01965024136006832,0.030500953644514085,0.0678649127483368,0.0,0.07150224596261978,0.0,0.2820323407649994
2571,0.006464222725480795,0.019182907417416573,0.029380675032734872,0.06873735189437866,0.0,0.07150988280773163,0.0,0.28203171491622925
2572,0.006597698666155338,0.020861973613500596,0.03155456744134426,0.07041597813367843,0.0,0.0715155377984047,0.0,0.28202977776527405
2573,0.006474407203495502,0.018124553933739664,0.028970497846603393,0.06664549112319947,0.0,0.0715208575129509,0.0,0.2820254862308502
2574,0.0065797088667750355,0.019433797523379325,0.029757822677493096,0.07573551684617996,0.0,0.07152135670185089,0.0,0.2820218503475189
2575,0.006740644760429859,0.020165156573057175,0.02912965975701809,0.07110601365566253,0.0,0.07152264565229416,0.0,0.2820182740688324
2576,0.006546030100435018,0.01983168087899685,0.02932235598564148,0.0739631786942482,0.0,0.07152582705020905,0.0,0.2820151746273041
2577,0.006707581598311663,0.019296154752373694,0.030802129954099654,0.07217475846409797,0.0,0.07153044641017914,0.0,0.2820141017436981
2578,0.006768477335572243,0.020673757046461107,0.02887924686074257,0.06879291534423829,0.0,0.07153566926717758,0.0,0.28201428055763245
2579,0.006736501306295395,0.01979764923453331,0.029120731726288797,0.06773378252983094,0.0,0.07153712958097458,0.0,0.28201425075531006
2580,0.006793870870023966,0.020312321186065675,0.02952568084001541,0.07100418359041213,0.0,0.07153233885765076,0.0,0.2820145785808563
2581,0.006486451998353004,0.019081109762191774,0.030049347877502443,0.06986634358763695,0.0,0.0715269222855568,0.0,0.28201737999916077
2582,0.006310353241860867,0.02042199522256851,0.02954128123819828,0.0734943300485611,0.0,0.07152191549539566,0.0,0.28202271461486816
2583,0.006373492442071438,0.019374966621398926,0.03114634342491627,0.06943947300314904,0.0,0.07151918858289719,0.0,0.2820277214050293
2584,0.006239391025155782,0.02040802389383316,0.03130028732120991,0.07104590684175491,0.0,0.0715220719575882,0.0,0.28203028440475464
2585,0.006214927695691585,0.019896357506513595,0.03062296099960804,0.06894342750310897,0.0,0.07152261584997177,0.0,0.2820318639278412
2586,0.006663426663726569,0.019878721982240676,0.029294976219534873,0.06442312151193619,0.0,0.07152204215526581,0.0,0.2820315957069397
2587,0.0062995837070047855,0.01959926001727581,0.031643138825893403,0.06732394397258759,0.0,0.07152257114648819,0.0,0.28203192353248596
2588,0.006711181718856096,0.01954614222049713,0.02769727036356926,0.07188251912593842,0.0,0.07152022421360016,0.0,0.2820310890674591
2589,0.00673055425286293,0.01919964961707592,0.031142088770866393,0.07142471522092819,0.0,0.07151886075735092,0.0,0.28202950954437256
2590,0.0069577967748045925,0.019559749215841294,0.03106871172785759,0.07050606310367584,0.0,0.07151837646961212,0.0,0.28202739357948303
2591,0.006455817166715861,0.019927150383591653,0.03203849345445633,0.07340769469738007,0.0,0.07151486724615097,0.0,0.28202423453330994
2592,0.006523178052157163,0.0209516491740942,0.033660462126135826,0.06818991750478745,0.0,0.07150854170322418,0.0,0.2820211946964264
2593,0.00691298209130764,0.01929544173181057,0.031683456152677536,0.06488717049360275,0.0,0.07150367647409439,0.0,0.2820199429988861
2594,0.006621810607612133,0.020040316879749297,0.029186859726905823,0.07624928653240204,0.0,0.07149868458509445,0.0,0.2820194363594055
2595,0.006630287785083055,0.019443549588322638,0.029426870122551917,0.07025831341743469,0.0,0.07149206846952438,0.0,0.2820189297199249
2596,0.006384728290140629,0.02033681906759739,0.030920007824897768,0.07228227853775024,0.0,0.07148508727550507,0.0,0.28201794624328613
2597,0.0062090841121971605,0.019687674567103387,0.03207208886742592,0.07313166558742523,0.0,0.07148214429616928,0.0,0.2820161283016205
2598,0.006456154678016901,0.019224580377340317,0.031042459607124328,0.07296979129314422,0.0,0.07148085534572601,0.0,0.28201672434806824
2599,0.006359462160617113,0.01959526389837265,0.031315340846776965,0.07094628065824508,0.0,0.07148198783397675,0.0,0.2820165753364563
2600,0.006409056484699249,0.019544073566794395,0.029228677228093147,0.0631460726261139,0.0,0.07148202508687973,0.0,0.2820144295692444
2601,0.006650259625166655,0.020031848549842836,0.029982632026076317,0.06580730378627778,0.0,0.07148323208093643,0.0,0.282012403011322
2602,0.006249071750789881,0.019434161856770514,0.033638178184628484,0.06824496537446975,0.0,0.07148440182209015,0.0,0.28200969099998474
2603,0.007203201111406088,0.019642341136932372,0.029897928610444068,0.06744179278612136,0.0,0.07148818671703339,0.0,0.28200939297676086
2604,0.006958885490894318,0.020013809204101562,0.030903463065624238,0.07253746539354325,0.0,0.07148564606904984,0.0,0.28200989961624146
2605,0.006407434120774269,0.01986711211502552,0.028993360698223114,0.0663062572479248,0.0,0.07148388028144836,0.0,0.28201180696487427
2606,0.0060913837514817715,0.020623114705085755,0.029143933951854707,0.0699142910540104,0.0,0.07148083299398422,0.0,0.2820141315460205
2607,0.0066968310624361035,0.019392261654138564,0.03079586513340473,0.0691246896982193,0.0,0.07148143649101257,0.0,0.28201600909233093
2608,0.006847076397389173,0.019611574336886407,0.029992187023162843,0.06992029547691345,0.0,0.07147960364818573,0.0,0.2820165157318115
2609,0.006757691968232393,0.02023950107395649,0.0315429337322712,0.06968099921941757,0.0,0.07147503644227982,0.0,0.28201666474342346
2610,0.006275187153369189,0.018849893659353256,0.029996109753847124,0.06679695770144463,0.0,0.07146928459405899,0.0,0.28201794624328613
2611,0.006439776904881,0.01915488690137863,0.03162799961864948,0.06997002065181732,0.0,0.0714675784111023,0.0,0.28201743960380554
2612,0.006776984967291355,0.01933414302766323,0.029825587198138236,0.06625747680664062,0.0,0.07146737724542618,0.0,0.2820185720920563
2613,0.0064976362511515616,0.01942008100450039,0.028901776671409606,0.0672415129840374,0.0,0.07146646082401276,0.0,0.28201767802238464
2614,0.006491295807063579,0.02032981365919113,0.029599866643548012,0.06994927078485488,0.0,0.07146676629781723,0.0,0.28201526403427124
2615,0.007122619170695543,0.02013358362019062,0.03143381848931313,0.06798782348632812,0.0,0.07146517187356949,0.0,0.282012403011322
2616,0.006324851233512163,0.019694878533482552,0.028370952233672142,0.06929141879081727,0.0,0.07146157324314117,0.0,0.282006174325943
2617,0.006179094221442938,0.019093560054898262,0.028607187792658806,0.07368937209248543,0.0,0.07146042585372925,0.0,0.2819998860359192
2618,0.006940510869026184,0.020293325185775757,0.029699558019638063,0.07282379567623139,0.0,0.07145675271749496,0.0,0.28199177980422974
2619,0.0061026266776025295,0.019494739919900896,0.029518894478678705,0.07085354179143906,0.0,0.07145436108112335,0.0,0.2819857895374298
2620,0.007251664251089096,0.02017793953418732,0.029283765330910684,0.06721828281879424,0.0,0.07145842164754868,0.0,0.28198009729385376
2621,0.0067861626856029035,0.019671106711030006,0.030441462621092798,0.07134920209646226,0.0,0.07146333158016205,0.0,0.2819752097129822
2622,0.007066273596137762,0.019105982407927512,0.029056157171726226,0.06775095015764236,0.0,0.07146884500980377,0.0,0.2819742262363434
2623,0.006194408982992172,0.02009892985224724,0.029797140136361124,0.06788740530610085,0.0,0.07147690653800964,0.0,0.2819746434688568
2624,0.006637728493660689,0.020127900317311286,0.030408139899373056,0.06853280812501908,0.0,0.07148043811321259,0.0,0.28197818994522095
2625,0.006331006344407797,0.019493721425533295,0.02904442176222801,0.06566795036196708,0.0,0.07148667424917221,0.0,0.281982421875
2626,0.006827374268323183,0.019477368891239168,0.030663148686289787,0.07349530756473541,0.0,0.07148607820272446,0.0,0.2819863557815552
2627,0.00636642137542367,0.0193077951669693,0.029467314854264258,0.06634212881326676,0.0,0.07148537039756775,0.0,0.2819877564907074
2628,0.006553023774176836,0.01869923286139965,0.03037881776690483,0.06709601283073426,0.0,0.07148084044456482,0.0,0.2819884419441223
2629,0.0065992847084999084,0.01941567249596119,0.028853512927889825,0.06516959220170974,0.0,0.07147266715765,0.0,0.28198856115341187
2630,0.006564958859235049,0.02057199031114578,0.03081388436257839,0.06567829176783561,0.0,0.0714634582400322,0.0,0.28198856115341187
2631,0.006354958936572075,0.019939145445823668,0.03068493530154228,0.07254563271999359,0.0,0.07145904004573822,0.0,0.2819889485836029
2632,0.006514698918908835,0.020016244426369668,0.030062273517251013,0.07227616161108016,0.0,0.07145258784294128,0.0,0.28198930621147156
2633,0.006620614137500524,0.018410870060324668,0.031203930824995042,0.06774172931909561,0.0,0.07144773006439209,0.0,0.2819887101650238
2634,0.005879224557429552,0.019565626606345178,0.03188139721751213,0.0754086509346962,0.0,0.07144233584403992,0.0,0.2819884121417999
2635,0.006417067721486092,0.019338690117001532,0.02881869040429592,0.07027228027582169,0.0,0.07144082337617874,0.0,0.2819903790950775
2636,0.0067879497073590755,0.02026182822883129,0.031271637231111524,0.0706892192363739,0.0,0.07143931835889816,0.0,0.281993567943573
2637,0.00687068123370409,0.018436409533023834,0.030015596002340317,0.06967767626047135,0.0,0.07143746316432953,0.0,0.2819948196411133
2638,0.006525962240993976,0.020593202114105223,0.030395706370472907,0.07194197922945023,0.0,0.0714358389377594,0.0,0.2819978594779968
2639,0.006701686605811119,0.019757862016558648,0.030634482204914094,0.06905598789453507,0.0,0.07143464684486389,0.0,0.28200042247772217
2640,0.005968574061989784,0.020058754831552505,0.030646860599517822,0.06915583610534667,0.0,0.07144050300121307,0.0,0.28200390934944153
2641,0.006490833498537541,0.019435481727123262,0.028558208048343657,0.07235720306634903,0.0,0.07144277542829514,0.0,0.28200817108154297
2642,0.006718134880065918,0.01925758570432663,0.0319357343018055,0.06915028542280197,0.0,0.07143901288509369,0.0,0.28201189637184143
2643,0.0064671700820326805,0.02044231817126274,0.029404398426413535,0.07173938155174256,0.0,0.07143691927194595,0.0,0.28201496601104736
2644,0.006433814018964768,0.019613911211490632,0.028695691004395486,0.07093674838542938,0.0,0.07143646478652954,0.0,0.2820167541503906
2645,0.006848275382071734,0.01903165616095066,0.029854791611433028,0.06931300312280655,0.0,0.07143805921077728,0.0,0.28201916813850403
2646,0.006795739848166704,0.01953771002590656,0.03014362379908562,0.0716348186135292,0.0,0.07143577188253403,0.0,0.28202110528945923
2647,0.006597799342125654,0.020736319199204444,0.029691066965460776,0.0697219878435135,0.0,0.0714334025979042,0.0,0.28202196955680847
2648,0.006604694202542305,0.019377367570996284,0.02936210259795189,0.06434660032391548,0.0,0.07143495231866837,0.0,0.282024085521698
2649,0.007072056923061609,0.020231487601995467,0.031054742634296417,0.07177358865737915,0.0,0.07143572717905045,0.0,0.2820282578468323
2650,0.006613846682012081,0.019377925246953965,0.027499422803521155,0.06563500761985779,0.0,0.07143902778625488,0.0,0.28203412890434265
2651,0.006176498625427485,0.019946562126278877,0.02978304587304592,0.07244950532913208,0.0,0.07144328951835632,0.0,0.2820413410663605
2652,0.006843883637338876,0.019981995224952698,0.030201520770788193,0.0689060278236866,0.0,0.07144837081432343,0.0,0.2820482552051544
2653,0.006812472175806761,0.019165382906794547,0.028628793358802796,0.06933215409517288,0.0,0.07144998013973236,0.0,0.282054603099823
2654,0.006125006265938282,0.01879769526422024,0.03029012456536293,0.07460564970970154,0.0,0.0714469850063324,0.0,0.28205734491348267
2655,0.006411159597337246,0.01939922496676445,0.030749210342764854,0.07266297936439514,0.0,0.07144772261381149,0.0,0.2820592224597931
2656,0.006425468996167183,0.019682950899004938,0.029774555563926698,0.06681345552206039,0.0,0.07144588232040405,0.0,0.28206107020378113
2657,0.006769799254834652,0.01904389262199402,0.029698122665286063,0.06610788032412529,0.0,0.07144908607006073,0.0,0.28206151723861694
2658,0.006627422757446766,0.018779009208083154,0.030110672116279602,0.06957882568240166,0.0,0.0714496597647667,0.0,0.282063364982605
2659,0.006387096829712391,0.019113368541002273,0.030738195404410362,0.06716900020837784,0.0,0.0714455395936966,0.0,0.2820662558078766
2660,0.006344899069517851,0.020593813434243203,0.02901819832623005,0.06997651606798172,0.0,0.0714382529258728,0.0,0.2820679247379303
2661,0.006706396117806435,0.019415783509612084,0.030738489329814912,0.07252515405416489,0.0,0.07142903655767441,0.0,0.2820705771446228
2662,0.006907543912529945,0.019687863066792488,0.02782195545732975,0.0720353975892067,0.0,0.07141999900341034,0.0,0.2820742130279541
2663,0.00650824923068285,0.0199077520519495,0.029913173988461494,0.06884890645742417,0.0,0.07140777260065079,0.0,0.2820761799812317
2664,0.006248118635267019,0.019668200612068178,0.03112724721431732,0.06960117667913437,0.0,0.07139068841934204,0.0,0.2820778489112854
2665,0.006098061148077249,0.0199247382581234,0.029862020537257193,0.07145240008831025,0.0,0.07137197256088257,0.0,0.2820793092250824
2666,0.006369784474372864,0.019839254766702653,0.02812342196702957,0.06840770244598389,0.0,0.07135256379842758,0.0,0.28207725286483765
2667,0.006775381974875927,0.02018659599125385,0.02954779788851738,0.07317611128091812,0.0,0.0713312029838562,0.0,0.2820724844932556
2668,0.006684377230703831,0.019717495515942575,0.030225015804171564,0.07262327969074249,0.0,0.07131485641002655,0.0,0.28206881880760193
2669,0.0059377170167863366,0.01968660168349743,0.02906877137720585,0.07118663936853409,0.0,0.07129941135644913,0.0,0.2820645272731781
2670,0.006065506767481565,0.020473531261086465,0.030948587134480475,0.07155076265335084,0.0,0.07127997279167175,0.0,0.2820582985877991
2671,0.006474878359586001,0.01908496841788292,0.029629874974489212,0.0733704149723053,0.0,0.07126550376415253,0.0,0.28205206990242004
2672,0.00662772823125124,0.019191594049334525,0.029111188277602194,0.0715646743774414,0.0,0.07125256955623627,0.0,0.28204965591430664
2673,0.006323133036494255,0.019528977945446967,0.027527202293276785,0.06778783798217773,0.0,0.07124032825231552,0.0,0.2820530831813812
2674,0.006554410979151726,0.018961451202630996,0.028955303132534027,0.06808186024427414,0.0,0.07123519480228424,0.0,0.2820599675178528
2675,0.006642934400588274,0.018503240123391152,0.029789014905691146,0.06749333962798118,0.0,0.07123108208179474,0.0,0.28206783533096313
2676,0.006650877464562654,0.01992471106350422,0.02927066795527935,0.06821849942207336,0.0,0.07123048603534698,0.0,0.2820764183998108
2677,0.00687718391418457,0.019666563346982004,0.028781600296497345,0.0688161462545395,0.0,0.07123538851737976,0.0,0.2820833921432495
2678,0.006498396676033735,0.01962236948311329,0.028192754834890366,0.06858959943056106,0.0,0.07124140113592148,0.0,0.2820882797241211
2679,0.006503814179450273,0.019973012804985046,0.030041323602199556,0.07058877348899842,0.0,0.0712452381849289,0.0,0.2820916771888733
2680,0.006563184689730406,0.01919461190700531,0.030468106269836426,0.07283065766096115,0.0,0.07125306129455566,0.0,0.28209561109542847
2681,0.006660405825823545,0.018873334303498267,0.029075462371110916,0.06889456361532212,0.0,0.07126541435718536,0.0,0.2821000814437866
2682,0.00652893865481019,0.019230454042553902,0.03205680474638939,0.06797959357500076,0.0,0.07127714902162552,0.0,0.2821052372455597
2683,0.0070708560757339,0.019956188276410103,0.029559682682156564,0.06851425468921661,0.0,0.07128949463367462,0.0,0.28210851550102234
2684,0.006430067401379347,0.01859098970890045,0.029341108351945876,0.07194456607103347,0.0,0.07129945605993271,0.0,0.2821120619773865
2685,0.006828526966273785,0.01897621788084507,0.03030548319220543,0.06793297976255416,0.0,0.07131094485521317,0.0,0.2821159064769745
2686,0.006448295898735523,0.01902335286140442,0.029068485647439957,0.06978717595338821,0.0,0.07131887972354889,0.0,0.28211936354637146
2687,0.006306877452880144,0.020203930139541627,0.03162724077701569,0.07107294499874114,0.0,0.07133034616708755,0.0,0.2821230888366699
2688,0.006481578201055526,0.01946778818964958,0.028841468319296838,0.07257428020238876,0.0,0.07134368270635605,0.0,0.28212523460388184
2689,0.00645449934527278,0.020900674164295197,0.0310971699655056,0.06748671233654022,0.0,0.07135476917028427,0.0,0.2821260094642639
2690,0.006127095315605402,0.019882205128669738,0.03234412558376789,0.07201273739337921,0.0,0.07136955112218857,0.0,0.28212323784828186
2691,0.006372037343680859,0.01963944137096405,0.03281489014625549,0.06935447752475739,0.0,0.0713861957192421,0.0,0.282121866941452
2692,0.00613348139449954,0.020566460862755775,0.029391152411699296,0.06851906627416611,0.0,0.07140017300844193,0.0,0.2821228504180908
2693,0.006842638831585646,0.020283985882997513,0.02964605949819088,0.07229371219873429,0.0,0.07141735404729843,0.0,0.2821226119995117
2694,0.006482017412781716,0.01960577107965946,0.02933015413582325,0.07109123915433883,0.0,0.07143577933311462,0.0,0.28212466835975647
2695,0.006232038047164679,0.018896253779530525,0.03131132163107395,0.06665082648396492,0.0,0.0714549645781517,0.0,0.28212770819664
2696,0.006555554550141096,0.019856532290577888,0.03093533292412758,0.07116911560297012,0.0,0.07147102057933807,0.0,0.2821299433708191
2697,0.006620936281979084,0.020199616998434068,0.030754178762435913,0.07106793522834778,0.0,0.07148733735084534,0.0,0.2821332812309265
2698,0.0067758062854409214,0.020399094000458716,0.030044424161314965,0.07195933908224106,0.0,0.0714983269572258,0.0,0.28213629126548767
2699,0.006400074902921915,0.01972500719130039,0.032334475219249724,0.07324198186397553,0.0,0.07150683552026749,0.0,0.2821378707885742
2700,0.006343216449022293,0.020237046480178832,0.02928154692053795,0.06984563767910004,0.0,0.0715160071849823,0.0,0.2821371555328369
2701,0.006654389388859272,0.01919337436556816,0.031161321327090263,0.0669550821185112,0.0,0.07152235507965088,0.0,0.2821369171142578
2702,0.006553659029304981,0.02070584036409855,0.028126900270581245,0.06871785297989845,0.0,0.07152418792247772,0.0,0.2821376919746399
2703,0.0065109885297715666,0.019545891880989076,0.030072453990578653,0.07253641486167908,0.0,0.071523517370224,0.0,0.2821395993232727
2704,0.006459621246904135,0.0198664877563715,0.031675482913851735,0.07108116596937179,0.0,0.07151753455400467,0.0,0.2821427285671234
2705,0.006411049328744411,0.019876430928707122,0.029556068032979964,0.06983237564563752,0.0,0.07150571793317795,0.0,0.28214526176452637
2706,0.006297476775944233,0.01994483396410942,0.027852005884051324,0.07027436643838883,0.0,0.0715024322271347,0.0,0.2821475863456726
2707,0.006619737111032009,0.019137421250343324,0.02882927320897579,0.0656475268304348,0.0,0.07149911671876907,0.0,0.2821506857872009
2708,0.0065924134105443954,0.01919132359325886,0.030149375647306444,0.0691455714404583,0.0,0.07149545848369598,0.0,0.28215235471725464
2709,0.006824303139001131,0.019771970808506012,0.029745321720838547,0.06801144033670425,0.0,0.07149438560009003,0.0,0.2821522355079651
2710,0.006627222243696451,0.019089967757463456,0.02729405164718628,0.06695927530527115,0.0,0.07149917632341385,0.0,0.2821520268917084
2711,0.006688985787332058,0.019509272277355195,0.029680807888507844,0.0643441379070282,0.0,0.07150261849164963,0.0,0.282151460647583
2712,0.006295132730156183,0.019588908553123473,0.02928052768111229,0.06643947213888168,0.0,0.07150447368621826,0.0,0.2821516692638397
2713,0.006836696993559599,0.01916772350668907,0.029294027388095854,0.073847895860672,0.0,0.07150480896234512,0.0,0.28215283155441284
2714,0.006812814343720675,0.020205162838101386,0.02865041084587574,0.06711695790290832,0.0,0.07150270789861679,0.0,0.2821524143218994
2715,0.006620162818580866,0.018872304633259774,0.02977445125579834,0.06968310922384262,0.0,0.07150201499462128,0.0,0.28215134143829346
2716,0.006574925221502781,0.01959889233112335,0.028958287462592124,0.0706552043557167,0.0,0.07150018215179443,0.0,0.2821510434150696
2717,0.0065331636928021904,0.01884058825671673,0.029180990904569624,0.06756101846694947,0.0,0.0714980736374855,0.0,0.2821519374847412
2718,0.006426769681274891,0.018930354714393617,0.03097214698791504,0.07301903367042542,0.0,0.07149463146924973,0.0,0.28215324878692627
2719,0.006674950942397118,0.019962096959352492,0.028645282611250877,0.07003977745771409,0.0,0.07148697227239609,0.0,0.28215330839157104
2720,0.006845576874911785,0.019605769962072372,0.028790023922920228,0.06806497722864151,0.0,0.07148262113332748,0.0,0.28215187788009644
2721,0.006740123778581619,0.019279833137989043,0.03134238608181476,0.06622630953788758,0.0,0.0714784562587738,0.0,0.28214991092681885
2722,0.006580070685595274,0.01898007020354271,0.027516113594174385,0.07066071331501007,0.0,0.07147292047739029,0.0,0.2821478247642517
2723,0.006592617370188236,0.018977887555956842,0.02946137860417366,0.0682998850941658,0.0,0.07146697491407394,0.0,0.2821457087993622
2724,0.005972389131784439,0.019245300441980362,0.028758858516812324,0.06797984838485718,0.0,0.07145877927541733,0.0,0.2821435332298279
2725,0.006631292309612036,0.019851251691579818,0.02816975973546505,0.07048280835151673,0.0,0.07145001739263535,0.0,0.28214073181152344
2726,0.006517567299306392,0.020197882875800134,0.02769821062684059,0.06645497903227807,0.0,0.0714372992515564,0.0,0.2821391820907593
2727,0.007167367916554213,0.019713455438613893,0.029561450704932213,0.06664399802684784,0.0,0.07142674922943115,0.0,0.2821376919746399
2728,0.006287568062543869,0.0195342231541872,0.030307450890541078,0.07183786779642105,0.0,0.07142242044210434,0.0,0.2821335196495056
2729,0.006273579224944115,0.020714892819523812,0.02886161021888256,0.07069669812917709,0.0,0.071416474878788,0.0,0.28213080763816833
2730,0.006709421519190073,0.01864365004003048,0.030669794976711275,0.06840605884790421,0.0,0.07141654193401337,0.0,0.28212878108024597
2731,0.006507806479930878,0.01900131404399872,0.030225713178515433,0.06864579692482949,0.0,0.07141654938459396,0.0,0.2821277976036072
2732,0.006897447817027569,0.019104716554284095,0.029560576751828195,0.06946382820606231,0.0,0.07141346484422684,0.0,0.2821265161037445
2733,0.006771211884915829,0.02023409344255924,0.02934725359082222,0.07215953022241592,0.0,0.07140660285949707,0.0,0.28212398290634155
2734,0.006749547459185124,0.020244096219539643,0.028573425859212874,0.06782591193914414,0.0,0.07140304148197174,0.0,0.2821201682090759
2735,0.006253089010715485,0.020255450159311295,0.029449662566184996,0.07202141284942627,0.0,0.07139517366886139,0.0,0.28211674094200134
2736,0.006970821693539619,0.01999124027788639,0.030202333629131318,0.06992284953594208,0.0,0.0713842585682869,0.0,0.28211289644241333
2737,0.006405530963093042,0.02069084569811821,0.029725963622331618,0.06494049206376076,0.0,0.07137509435415268,0.0,0.2821098268032074
2738,0.006493505835533142,0.019857433065772055,0.02838592417538166,0.06725427061319351,0.0,0.07136790454387665,0.0,0.28210482001304626
2739,0.0065203502774238585,0.019688186794519426,0.030982718616724015,0.0698414534330368,0.0,0.0713655948638916,0.0,0.28210026025772095
2740,0.006538263708353043,0.019484343752264977,0.029084550216794014,0.066742143034935,0.0,0.0713660717010498,0.0,0.2820945084095001
2741,0.006674973573535681,0.0201455470174551,0.030497563630342485,0.06940438151359558,0.0,0.07136081159114838,0.0,0.28209057450294495
2742,0.006517229322344065,0.02006126046180725,0.02912336401641369,0.068081034719944,0.0,0.07135559618473053,0.0,0.28208810091018677
2743,0.00620218189433217,0.020578761026263236,0.02828539051115513,0.07137323021888733,0.0,0.07135232537984848,0.0,0.282086580991745
2744,0.005955663695931435,0.019438332319259642,0.03126170486211777,0.07030690461397171,0.0,0.07134983688592911,0.0,0.2820863723754883
2745,0.006709302961826325,0.01945647969841957,0.029686646163463594,0.06804959774017334,0.0,0.07134430855512619,0.0,0.28208836913108826
2746,0.007373777311295271,0.019918856024742127,0.02985319644212723,0.07074415832757949,0.0,0.0713367611169815,0.0,0.28209027647972107
2747,0.0064773628488183025,0.018946104869246482,0.02982368879020214,0.0718064084649086,0.0,0.07133045047521591,0.0,0.2820916771888733
2748,0.006651286035776138,0.019757460802793503,0.030102362856268883,0.07097773402929305,0.0,0.07132402062416077,0.0,0.28209319710731506
2749,0.006764302961528301,0.01957589015364647,0.03008301593363285,0.06897813081741333,0.0,0.0713144913315773,0.0,0.2820940911769867
2750,0.006410636194050312,0.019808904454112052,0.029439577460289003,0.07420861572027207,0.0,0.07130394876003265,0.0,0.2820942997932434
2751,0.0064826149493455885,0.019373539835214615,0.03250821493566036,0.07258506268262863,0.0,0.07129158079624176,0.0,0.28209608793258667
2752,0.006454339437186718,0.019823087751865386,0.03090094029903412,0.07133393585681916,0.0,0.07127667963504791,0.0,0.2820996642112732
2753,0.00663882028311491,0.020229337736964226,0.029924884811043738,0.07257164120674134,0.0,0.07126768678426743,0.0,0.28210175037384033
2754,0.00655053025111556,0.019379699230194093,0.028813360258936882,0.06862521171569824,0.0,0.07126876711845398,0.0,0.2821033298969269
2755,0.006733884569257498,0.018866651505231858,0.03030712567269802,0.07111585140228271,0.0,0.07127021998167038,0.0,0.28210216760635376
2756,0.006928468681871891,0.01880374886095524,0.02892904616892338,0.07040737271308899,0.0,0.0712709128856659,0.0,0.282101571559906
2757,0.00676251519471407,0.018625930696725846,0.03149859234690666,0.07132302820682526,0.0,0.07127059996128082,0.0,0.2821008265018463
2758,0.006287781801074743,0.020555977150797843,0.027513593435287476,0.06446599215269089,0.0,0.07126627117395401,0.0,0.2820996344089508
2759,0.006650950293987989,0.02038488760590553,0.02949335500597954,0.06700922101736069,0.0,0.07126039266586304,0.0,0.28209927678108215
2760,0.0064840735867619514,0.020340903475880624,0.030475682765245437,0.06757154762744903,0.0,0.07125262916088104,0.0,0.2820970416069031
2761,0.006695397105067969,0.0198194969445467,0.03131412900984287,0.06817381978034973,0.0,0.07124433666467667,0.0,0.2820936441421509
2762,0.006620632298290729,0.019684191420674325,0.029041137918829917,0.07248533219099045,0.0,0.07124026119709015,0.0,0.28209081292152405
2763,0.00665447311475873,0.019565347582101822,0.03052620030939579,0.0709919273853302,0.0,0.07123613357543945,0.0,0.2820879817008972
2764,0.006446055043488741,0.019714751839637758,0.02962355986237526,0.06910914480686188,0.0,0.07123563438653946,0.0,0.2820846140384674
2765,0.006454140692949295,0.018836792930960654,0.02905920147895813,0.06929336190223694,0.0,0.07123406231403351,0.0,0.28208017349243164
2766,0.0065089032985270025,0.02002217099070549,0.03151309862732887,0.07136925607919693,0.0,0.07123734802007675,0.0,0.2820752263069153
2767,0.006661853659898043,0.01881423331797123,0.029124346375465394,0.06856235042214394,0.0,0.07124198228120804,0.0,0.2820710241794586
2768,0.006447369512170553,0.019651179015636445,0.028903693705797196,0.064207012206316,0.0,0.07124882936477661,0.0,0.2820681631565094
2769,0.00617119474336505,0.019052746891975402,0.028320682421326637,0.07235612273216248,0.0,0.07125174254179001,0.0,0.28206753730773926
2770,0.006590822897851467,0.020229199528694154,0.029598597809672354,0.07177394926548004,0.0,0.07125303149223328,0.0,0.2820667326450348
2771,0.006483787205070257,0.019440680742263794,0.028641992807388307,0.06629662737250328,0.0,0.07125786691904068,0.0,0.2820674180984497
2772,0.006152538768947125,0.020650671049952506,0.029476802796125412,0.068583182990551,0.0,0.07126276195049286,0.0,0.282065212726593
2773,0.006099585629999638,0.019161706045269965,0.0314574621617794,0.06796767562627792,0.0,0.07126335054636002,0.0,0.28206366300582886
2774,0.006484221667051315,0.01982335336506367,0.029358646646142007,0.07025860399007797,0.0,0.07126405835151672,0.0,0.2820594310760498
2775,0.0065652900375425816,0.019856012985110284,0.030136210843920708,0.06787361353635787,0.0,0.07126449793577194,0.0,0.2820565402507782
2776,0.006603435333818197,0.019417932629585265,0.03022933565080166,0.07266149446368217,0.0,0.0712648257613182,0.0,0.28205209970474243
2777,0.0064802938140928745,0.018423512950539588,0.030310797318816186,0.06773165017366409,0.0,0.07126502692699432,0.0,0.28204745054244995
2778,0.006471762154251337,0.019236015155911446,0.030302442982792853,0.06935666054487229,0.0,0.07125996053218842,0.0,0.28204411268234253
2779,0.0069739392027258875,0.019281211122870446,0.029852860793471336,0.06980216652154922,0.0,0.07125170528888702,0.0,0.2820402681827545
2780,0.006300819758325815,0.019747011363506317,0.02938377410173416,0.07168052941560746,0.0,0.07124635577201843,0.0,0.282039612531662
2781,0.006579490657895803,0.02061842456459999,0.03141917623579502,0.07284281253814698,0.0,0.07123543322086334,0.0,0.2820408046245575
2782,0.006755815073847771,0.020373228564858438,0.031364144384860994,0.07559974491596222,0.0,0.07123000919818878,0.0,0.2820409834384918
2783,0.006623551994562149,0.01984631009399891,0.029202184453606606,0.07582389414310456,0.0,0.07122347503900528,0.0,0.2820415496826172
2784,0.006558310985565185,0.018913641571998596,0.03253483474254608,0.06817420274019241,0.0,0.07121942192316055,0.0,0.2820436358451843
2785,0.006616757810115814,0.019458147510886193,0.030957108363509178,0.06999404728412628,0.0,0.07120832055807114,0.0,0.2820459306240082
2786,0.006476885266602039,0.019910527020692827,0.03377646766602993,0.0714710921049118,0.0,0.07119785249233246,0.0,0.282046914100647
2787,0.006189846806228161,0.018843378871679306,0.029039425030350684,0.07027420774102211,0.0,0.07119028270244598,0.0,0.28204911947250366
2788,0.006254193652421236,0.020308631286025048,0.03058211915194988,0.0653185285627842,0.0,0.07117979973554611,0.0,0.28204983472824097
2789,0.006504132039844989,0.019456828013062477,0.03052518181502819,0.07330211251974106,0.0,0.07117675244808197,0.0,0.282053142786026
2790,0.0066614109091460705,0.019096720218658447,0.03012811616063118,0.0669894389808178,0.0,0.07116777449846268,0.0,0.2820564806461334
2791,0.0066787155345082285,0.01985296942293644,0.031243401020765303,0.0721582904458046,0.0,0.07116008549928665,0.0,0.2820562720298767
2792,0.00664902813732624,0.019144207239151,0.03182973824441433,0.07045342177152633,0.0,0.07115459442138672,0.0,0.2820560336112976
2793,0.006760765146464109,0.020371345803141594,0.03057711087167263,0.06888430416584015,0.0,0.0711589902639389,0.0,0.28205597400665283
2794,0.0065449228510260585,0.01910877339541912,0.03091907165944576,0.06874078214168548,0.0,0.07116086781024933,0.0,0.2820548117160797
2795,0.0063998082652688025,0.019119357317686082,0.0318064771592617,0.0762871265411377,0.0,0.07116537541151047,0.0,0.282055139541626
2796,0.006747303623706102,0.02025240659713745,0.030488528311252594,0.06916806995868682,0.0,0.07116664201021194,0.0,0.28205591440200806
2797,0.006237976998090744,0.019794853404164314,0.02833358682692051,0.06912785768508911,0.0,0.07116559892892838,0.0,0.2820569574832916
2798,0.00670452481135726,0.019675842300057412,0.03078038841485977,0.06713207513093948,0.0,0.07116590440273285,0.0,0.28205880522727966
2799,0.006202749069780111,0.019197070226073264,0.028568033128976822,0.07366953939199447,0.0,0.07117132842540741,0.0,0.2820606529712677
2800,0.006307584047317505,0.01997525729238987,0.033515886217355725,0.06652648821473121,0.0,0.0711759552359581,0.0,0.282062292098999
2801,0.006426119059324264,0.020211796462535857,0.03181568160653114,0.06908586621284485,0.0,0.07117708772420883,0.0,0.2820661962032318
2802,0.006741574872285128,0.020206379517912865,0.029964538291096687,0.07411641329526901,0.0,0.0711788684129715,0.0,0.2820703089237213
2803,0.006754400767385959,0.02090767174959183,0.030056028813123702,0.0687549203634262,0.0,0.07117946445941925,0.0,0.28207653760910034
2804,0.00656344136223197,0.019207648187875747,0.02855064533650875,0.0676517590880394,0.0,0.07118134945631027,0.0,0.282080739736557
2805,0.006462747603654862,0.020385783910751343,0.029852455109357835,0.06776619404554367,0.0,0.07118187844753265,0.0,0.28208279609680176
2806,0.006637450214475394,0.01945052593946457,0.03125133290886879,0.06994613036513328,0.0,0.07118341326713562,0.0,0.28208208084106445
2807,0.006378960609436035,0.020412831008434294,0.031600337103009225,0.06921922266483307,0.0,0.07118497788906097,0.0,0.2820811867713928
2808,0.0062111418694257734,0.019649151340126993,0.028507405146956443,0.07075681537389755,0.0,0.0711883157491684,0.0,0.28207993507385254
2809,0.006495040841400623,0.01967020593583584,0.030466879531741143,0.06613601744174957,0.0,0.07119065523147583,0.0,0.2820781171321869
2810,0.006597837153822184,0.018614571914076804,0.030787565931677818,0.06875820606946945,0.0,0.07118786126375198,0.0,0.2820778787136078
2811,0.006645963620394468,0.019044537842273713,0.029036349803209304,0.06823623180389404,0.0,0.07118431478738785,0.0,0.28208044171333313
2812,0.006515936553478241,0.019008637964725496,0.030417228862643243,0.06746560782194137,0.0,0.07118046283721924,0.0,0.2820832431316376
2813,0.006949450448155403,0.01987303011119366,0.029867421090602874,0.07064837589859962,0.0,0.07117801904678345,0.0,0.2820854187011719
2814,0.006304493360221386,0.020094113796949385,0.030022046715021133,0.07405534386634827,0.0,0.07118023931980133,0.0,0.28208786249160767
2815,0.006512801349163056,0.019275153800845147,0.0332897774875164,0.06847153604030609,0.0,0.07117630541324615,0.0,0.2820901870727539
2816,0.0064284571446478365,0.019819970428943633,0.028470489755272867,0.07026031613349915,0.0,0.07116889953613281,0.0,0.2820919156074524
2817,0.006893893331289291,0.02020513229072094,0.031486735492944715,0.06603466123342513,0.0,0.07116283476352692,0.0,0.28209447860717773
2818,0.006425194907933474,0.019167610257864,0.030639179050922394,0.06966133713722229,0.0,0.07115916907787323,0.0,0.2820967733860016
2819,0.006638050451874733,0.019793516024947166,0.02774962969124317,0.07412467896938324,0.0,0.07116063684225082,0.0,0.28209736943244934
2820,0.0064321313053369526,0.019531945511698724,0.02944933846592903,0.06909804344177246,0.0,0.07115650177001953,0.0,0.2820982336997986
2821,0.006348109245300293,0.018487144261598587,0.029472633451223373,0.06918190121650696,0.0,0.07115388661623001,0.0,0.2820970416069031
2822,0.0064095956273376945,0.019689178094267845,0.02906603142619133,0.07132350355386734,0.0,0.07115523517131805,0.0,0.2820969223976135
2823,0.00653031263500452,0.02023819014430046,0.032588062807917595,0.06487202793359756,0.0,0.07115903496742249,0.0,0.28209635615348816
2824,0.006543740537017584,0.01908736452460289,0.03049146682024002,0.06869148761034012,0.0,0.07116527855396271,0.0,0.28209513425827026
2825,0.006512023229151964,0.020218700543045996,0.029022879153490066,0.06724362820386887,0.0,0.07117021083831787,0.0,0.28209301829338074
2826,0.006405348423868418,0.019488896057009698,0.030067653954029085,0.06970414072275162,0.0,0.07117138057947159,0.0,0.28208866715431213
2827,0.006567781325429678,0.020068005099892615,0.030960220843553543,0.07030723839998246,0.0,0.07118161022663116,0.0,0.2820819020271301
2828,0.0063809877261519436,0.020072347670793533,0.03188849240541458,0.07204108387231827,0.0,0.07118934392929077,0.0,0.2820747494697571
2829,0.006473584845662117,0.01965113766491413,0.030937375500798225,0.06593864858150482,0.0,0.0711963027715683,0.0,0.2820681929588318
2830,0.006637236475944519,0.021107184141874312,0.028795161470770835,0.0668442040681839,0.0,0.07120048254728317,0.0,0.2820635437965393
2831,0.006431561429053545,0.01952596493065357,0.03118591383099556,0.07002873122692108,0.0,0.07120488584041595,0.0,0.2820609509944916
2832,0.006197596248239279,0.01917596310377121,0.030006368458271027,0.06859822869300843,0.0,0.07120591402053833,0.0,0.2820569574832916
2833,0.0064321750774979595,0.019638798013329507,0.028334661200642586,0.07197361886501312,0.0,0.07120231539011002,0.0,0.28205326199531555
2834,0.00653685312718153,0.019577912241220474,0.03015890419483185,0.0692762479186058,0.0,0.07119622826576233,0.0,0.2820507884025574
2835,0.0064401175826787945,0.01983141452074051,0.02907583974301815,0.0730472445487976,0.0,0.07119505107402802,0.0,0.28205037117004395
2836,0.006559964921325445,0.01978667825460434,0.02872844710946083,0.06955861896276475,0.0,0.07119505107402802,0.0,0.28205084800720215
2837,0.006902494002133608,0.02007230632007122,0.02856895364820957,0.06741583049297332,0.0,0.07119603455066681,0.0,0.2820497453212738
2838,0.0065131175331771375,0.020137349143624306,0.030938776582479476,0.06615567430853844,0.0,0.07119514048099518,0.0,0.28204745054244995
2839,0.0061240319162607195,0.020012061670422555,0.03006643019616604,0.06722111701965332,0.0,0.07119710743427277,0.0,0.28204649686813354
2840,0.006226877775043249,0.019757492840290068,0.028896598517894743,0.07152303904294968,0.0,0.07119876146316528,0.0,0.282043993473053
2841,0.00614054286852479,0.01931033208966255,0.029753030091524125,0.07135365307331085,0.0,0.07120396196842194,0.0,0.28204140067100525
2842,0.006182265840470791,0.01981399245560169,0.03001466505229473,0.06950697749853134,0.0,0.0712088793516159,0.0,0.282039076089859
2843,0.006549818348139525,0.019169722497463227,0.03196339644491673,0.07423235923051834,0.0,0.07121963798999786,0.0,0.28203636407852173
2844,0.006087714806199074,0.02062797695398331,0.03132031634449959,0.06809167265892029,0.0,0.07122702151536942,0.0,0.28203409910202026
2845,0.006615311000496149,0.01992226131260395,0.03165259249508381,0.07016340345144272,0.0,0.07123512774705887,0.0,0.2820333242416382
2846,0.00648393714800477,0.020000740885734558,0.029842521995306015,0.06572960764169693,0.0,0.07123959064483643,0.0,0.2820332646369934
2847,0.0067642307840287685,0.019319437071681024,0.030086639896035196,0.06922399178147316,0.0,0.07124140113592148,0.0,0.2820315957069397
2848,0.00626786956563592,0.019822821766138077,0.029477577656507492,0.06842216998338699,0.0,0.07124154269695282,0.0,0.28203102946281433
2849,0.006632001232355833,0.01959906257688999,0.030650849267840386,0.066783207654953,0.0,0.07124544680118561,0.0,0.282029926776886
2850,0.006639153510332107,0.021071592718362807,0.029536477476358413,0.0689635619521141,0.0,0.07125155627727509,0.0,0.28202834725379944
2851,0.006750724371522665,0.020033664256334304,0.030327848345041274,0.06771958470344544,0.0,0.07125957310199738,0.0,0.28202706575393677
2852,0.006619576923549175,0.0195900522172451,0.02866463139653206,0.06993180513381958,0.0,0.07126674056053162,0.0,0.28202399611473083
2853,0.006395968981087208,0.019254615530371666,0.027669747173786164,0.06982489004731178,0.0,0.07127444446086884,0.0,0.28202158212661743
2854,0.006085814163088799,0.019799233600497245,0.030625851452350618,0.06767584756016731,0.0,0.07127569615840912,0.0,0.2820185720920563
2855,0.006558093894273043,0.020256580784916878,0.02924451567232609,0.06838576048612595,0.0,0.07128063589334488,0.0,0.28201547265052795
2856,0.006303863227367401,0.01970219612121582,0.03322071880102158,0.06502360478043556,0.0,0.07129548490047455,0.0,0.2820128798484802
2857,0.006280479300767183,0.020209988579154015,0.031209401786327362,0.06999215334653855,0.0,0.07131566107273102,0.0,0.2820093035697937
2858,0.0066294664517045025,0.01981620453298092,0.030894599482417108,0.0646018624305725,0.0,0.07133601605892181,0.0,0.28200408816337585
2859,0.006691253371536731,0.019677356258034705,0.03049589544534683,0.06900740340352059,0.0,0.07135431468486786,0.0,0.2820001542568207
2860,0.006420072726905346,0.019597629830241204,0.03074946366250515,0.06646574139595032,0.0,0.07137187570333481,0.0,0.28199395537376404
2861,0.006176332011818886,0.019493694230914117,0.030262441188097,0.06795963943004608,0.0,0.07138805836439133,0.0,0.2819880247116089
2862,0.0069992151111364365,0.019799495115876198,0.03248943202197552,0.07448595017194748,0.0,0.07140105962753296,0.0,0.2819856107234955
2863,0.006180321052670479,0.020030826330184937,0.029677648097276688,0.06579735279083251,0.0,0.07141810655593872,0.0,0.2819831073284149
2864,0.006256095040589571,0.01962467432022095,0.029631608724594118,0.06519810557365417,0.0,0.07143203914165497,0.0,0.2819792628288269
2865,0.00671892175450921,0.019372280314564706,0.02682383917272091,0.06750826686620712,0.0,0.07144180685281754,0.0,0.28197401762008667
2866,0.006996843405067921,0.019584789499640466,0.03056599237024784,0.06739174127578736,0.0,0.0714496299624443,0.0,0.2819700241088867
2867,0.0061542332172393795,0.019703038781881333,0.0315970029681921,0.07033190578222275,0.0,0.07145649194717407,0.0,0.28196823596954346
2868,0.00653691440820694,0.019386648759245874,0.03124493211507797,0.0677444189786911,0.0,0.0714564099907875,0.0,0.2819678783416748
2869,0.006318737659603358,0.02025180384516716,0.030684642121195795,0.06682319641113281,0.0,0.07145603001117706,0.0,0.2819679379463196
2870,0.006839948799461126,0.018759021908044814,0.031089188903570174,0.0695289745926857,0.0,0.07145313918590546,0.0,0.2819679379463196
2871,0.006597416289150715,0.018796924501657486,0.0301286693662405,0.0676698386669159,0.0,0.07145430892705917,0.0,0.2819684147834778
2872,0.006362537294626236,0.019202761724591254,0.029785257205367087,0.06842466294765473,0.0,0.07145315408706665,0.0,0.281967431306839
2873,0.006507235299795866,0.019810737669467927,0.029400096833705903,0.07387585788965226,0.0,0.07145345956087112,0.0,0.28196245431900024
2874,0.0066226950846612455,0.018826782703399658,0.029242300242185593,0.07200298756361008,0.0,0.0714549645781517,0.0,0.2819580137729645
2875,0.006470156367868185,0.019141235575079917,0.03253733292222023,0.07384777218103408,0.0,0.07145345956087112,0.0,0.28195372223854065
2876,0.006659290380775928,0.01981189101934433,0.030239113420248032,0.06609525680541992,0.0,0.07145275175571442,0.0,0.2819500267505646
2877,0.006271349545568228,0.019504479318857192,0.03035641387104988,0.06913147270679473,0.0,0.07145637273788452,0.0,0.28194624185562134
2878,0.006622655782848597,0.019074409455060958,0.030474713444709776,0.06623483598232269,0.0,0.07146298885345459,0.0,0.2819456458091736
2879,0.006543246749788523,0.01977660581469536,0.03136527091264725,0.06898369938135147,0.0,0.07147054374217987,0.0,0.28194504976272583
2880,0.006432763114571571,0.019246024638414384,0.02975800298154354,0.07139780223369599,0.0,0.07147928327322006,0.0,0.2819441258907318
2881,0.00674090338870883,0.019376008585095406,0.030238668248057366,0.06898788213729859,0.0,0.07148434221744537,0.0,0.2819440960884094
2882,0.006636345945298672,0.01958940289914608,0.030155590921640395,0.07210175395011902,0.0,0.07148786634206772,0.0,0.28194481134414673
2883,0.006715408805757761,0.019781916216015816,0.031268390268087386,0.07113318592309952,0.0,0.0714874267578125,0.0,0.28194352984428406
2884,0.006204992812126875,0.019980135932564737,0.028459397703409196,0.0714167296886444,0.0,0.07148990780115128,0.0,0.2819439470767975
2885,0.00673601571470499,0.020317445695400237,0.031342366337776185,0.06737985610961914,0.0,0.07149050384759903,0.0,0.28194496035575867
2886,0.006301070749759674,0.01976986341178417,0.03093181550502777,0.07105418145656586,0.0,0.0714910626411438,0.0,0.28194552659988403
2887,0.0061429722234606745,0.02054875120520592,0.031520501151680945,0.07216152250766754,0.0,0.0714908242225647,0.0,0.28194648027420044
2888,0.006890959478914738,0.01995105892419815,0.028530223295092583,0.06960222870111465,0.0,0.07149051129817963,0.0,0.2819460928440094
2889,0.00639079362154007,0.01925751194357872,0.031050577014684676,0.07558008953928948,0.0,0.07149472832679749,0.0,0.28194519877433777
2890,0.0063536250032484535,0.02001970410346985,0.030259047448635102,0.06881318613886833,0.0,0.07149946689605713,0.0,0.2819463908672333
2891,0.006642263103276491,0.01980116330087185,0.02922123521566391,0.0673851303756237,0.0,0.07149876654148102,0.0,0.2819492220878601
2892,0.006816390622407198,0.019310832396149634,0.031206703931093215,0.06706423014402389,0.0,0.07149675488471985,0.0,0.28195130825042725
2893,0.00658737551420927,0.01931328549981117,0.03120373822748661,0.06806776151061059,0.0,0.07149405032396317,0.0,0.2819550037384033
2894,0.00653372798115015,0.019602658599615096,0.02907508537173271,0.06738570258021355,0.0,0.07149869948625565,0.0,0.2819592356681824
2895,0.0065108703449368475,0.02078471928834915,0.029038116708397864,0.06410211697220802,0.0,0.07150164991617203,0.0,0.2819632887840271
2896,0.006470104865729809,0.019087259471416474,0.029216592013835908,0.06979954689741134,0.0,0.07150166481733322,0.0,0.28196829557418823
2897,0.00645833658054471,0.019744498655200005,0.031718087196350095,0.06791775226593018,0.0,0.0714992880821228,0.0,0.2819732129573822
2898,0.006264499947428703,0.020174157246947287,0.029125206544995307,0.06502862349152565,0.0,0.07149489223957062,0.0,0.2819782495498657
2899,0.006673384085297584,0.018997760862112044,0.02923766300082207,0.06970878094434738,0.0,0.07149839401245117,0.0,0.2819843888282776
2900,0.0064844049513339995,0.0190382719039917,0.02963445596396923,0.07088398933410645,0.0,0.07150010764598846,0.0,0.2819891571998596
2901,0.006162416096776724,0.020632271096110343,0.02984275035560131,0.07148078083992004,0.0,0.07149989902973175,0.0,0.2819930613040924
2902,0.006769559439271688,0.020399264991283417,0.030684305354952812,0.06832936108112335,0.0,0.07150008529424667,0.0,0.2819947302341461
2903,0.0064667947590351105,0.02098102532327175,0.030265367403626443,0.06592238545417786,0.0,0.07150611281394958,0.0,0.2819957435131073
2904,0.006850330345332623,0.01879458911716938,0.030268411338329314,0.07172727063298226,0.0,0.07150857150554657,0.0,0.28199464082717896
2905,0.006575310975313187,0.01964314840734005,0.030386219546198846,0.07285801470279693,0.0,0.07150944322347641,0.0,0.28199440240859985
2906,0.006573467887938023,0.019142439216375352,0.030577951669692995,0.07140676975250244,0.0,0.07151152193546295,0.0,0.28199440240859985
2907,0.006742183398455381,0.019377414509654044,0.030428676307201384,0.07165196537971497,0.0,0.0715092271566391,0.0,0.2819935977458954
2908,0.006594312749803067,0.01977030299603939,0.03145340196788311,0.06534775346517563,0.0,0.07151089608669281,0.0,0.2819911241531372
2909,0.0066135812550783156,0.019871842861175538,0.030189884081482887,0.06919769644737243,0.0,0.07150834798812866,0.0,0.28198865056037903
2910,0.006386422552168369,0.020141315087676047,0.02943187765777111,0.07182036936283112,0.0,0.07151471078395844,0.0,0.28198695182800293
2911,0.006070239096879959,0.01884787529706955,0.03054272457957268,0.0703915685415268,0.0,0.07152039557695389,0.0,0.2819867730140686
2912,0.006903017405420542,0.019337159767746925,0.0321462657302618,0.07175345718860626,0.0,0.07152491062879562,0.0,0.28198614716529846
2913,0.007019906584173441,0.019851208478212357,0.02907365933060646,0.07137769907712936,0.0,0.07152660936117172,0.0,0.28198570013046265
2914,0.006697644479572773,0.019587409496307374,0.0302777037024498,0.06734111979603767,0.0,0.07152561843395233,0.0,0.2819835841655731
2915,0.006508621573448181,0.01984739787876606,0.02994421273469925,0.07268445342779159,0.0,0.07152337580919266,0.0,0.2819831967353821
2916,0.006441496312618256,0.019344741478562355,0.03037770465016365,0.06723165586590767,0.0,0.07151905447244644,0.0,0.2819817066192627
2917,0.006458643078804016,0.019489919021725654,0.030007390305399895,0.07126295715570449,0.0,0.07151748239994049,0.0,0.2819811701774597
2918,0.00661395750939846,0.019300960749387742,0.030723825097084045,0.06812749356031418,0.0,0.07151339948177338,0.0,0.28198233246803284
2919,0.00672431206330657,0.019699627161026002,0.029250478744506835,0.07047821581363678,0.0,0.07151099294424057,0.0,0.28198373317718506
2920,0.006338488310575485,0.01876205764710903,0.03134172707796097,0.07008540406823158,0.0,0.07150718569755554,0.0,0.2819867730140686
2921,0.006984840799123049,0.02035011015832424,0.030930252000689506,0.06840361803770065,0.0,0.07150249183177948,0.0,0.2819904088973999
2922,0.006806855369359255,0.018627982959151267,0.030969439446926116,0.0676659494638443,0.0,0.07150086760520935,0.0,0.281994491815567
2923,0.006535918451845646,0.019891251623630524,0.03099835030734539,0.06976055353879929,0.0,0.07149489223957062,0.0,0.2819961905479431
2924,0.006337771750986576,0.019045653566718102,0.03128531537950039,0.06993504017591476,0.0,0.07149149477481842,0.0,0.2819959223270416
2925,0.006427375506609679,0.02007554695010185,0.031674204766750334,0.07200166881084442,0.0,0.071487195789814,0.0,0.28199639916419983
2926,0.006938530039042235,0.01999637596309185,0.03167472556233406,0.07256337255239487,0.0,0.07148420810699463,0.0,0.2819952368736267
2927,0.006639686319977045,0.0189658559858799,0.034162751957774164,0.06639463156461715,0.0,0.07148431241512299,0.0,0.28199273347854614
2928,0.006661536265164613,0.020691238716244696,0.029021842405200005,0.0661894291639328,0.0,0.07148385047912598,0.0,0.2819901704788208
2929,0.006432582531124354,0.019470317661762236,0.029090259969234467,0.07254540473222733,0.0,0.07148580253124237,0.0,0.28198710083961487
2930,0.00662751542404294,0.0192374799400568,0.032195459306240085,0.06885771006345749,0.0,0.07148601859807968,0.0,0.2819859981536865
2931,0.0066237558610737325,0.019424963369965555,0.031332872435450555,0.07014554738998413,0.0,0.071487195789814,0.0,0.2819845378398895
2932,0.006220480985939502,0.0198528703302145,0.03214346654713154,0.07185051292181015,0.0,0.07148880511522293,0.0,0.2819804847240448
2933,0.0066877174191176895,0.019888665154576303,0.02924482859671116,0.06967573016881942,0.0,0.07149237394332886,0.0,0.28197768330574036
2934,0.006334320828318596,0.018665371090173723,0.028937722742557525,0.06583738625049591,0.0,0.0714922696352005,0.0,0.2819760739803314
2935,0.006504771020263434,0.02094927988946438,0.03192392215132713,0.07227025181055069,0.0,0.0714913159608841,0.0,0.28197282552719116
2936,0.006444191746413708,0.019296286255121232,0.02863835506141186,0.07100178599357605,0.0,0.07149352133274078,0.0,0.28197047114372253
2937,0.006545427162200213,0.019112411141395568,0.03124394305050373,0.06919438391923904,0.0,0.07149665057659149,0.0,0.28196606040000916
2938,0.006548797711730003,0.019355379790067673,0.02988872416317463,0.06759614199399948,0.0,0.0714997723698616,0.0,0.28196191787719727
2939,0.006669798213988542,0.019241568446159363,0.0320111982524395,0.07115895599126816,0.0,0.07150095701217651,0.0,0.28195881843566895
2940,0.006466666795313358,0.01992073655128479,0.030308282747864724,0.07072990611195565,0.0,0.07150448858737946,0.0,0.28195446729660034
2941,0.006833150703459978,0.01860627345740795,0.03036221005022526,0.06846199929714203,0.0,0.0715050995349884,0.0,0.2819521427154541
2942,0.006001563929021359,0.019053392112255096,0.030748628824949265,0.07022092416882515,0.0,0.07150547951459885,0.0,0.28194937109947205
2943,0.006711417343467474,0.02050895430147648,0.029384836554527283,0.07051065117120743,0.0,0.071502186357975,0.0,0.28194552659988403
2944,0.006479344796389341,0.021175605058670045,0.029045045375823975,0.06988036781549453,0.0,0.071497842669487,0.0,0.28194311261177063
2945,0.006291175168007613,0.019636916741728783,0.031130094826221467,0.07256300449371338,0.0,0.07149285823106766,0.0,0.2819438874721527
2946,0.006612042058259248,0.020247296988964082,0.03034307137131691,0.06768591478466987,0.0,0.07148770987987518,0.0,0.2819421887397766
2947,0.0068108816631138325,0.019801122322678565,0.02915412709116936,0.06844035685062408,0.0,0.07148387283086777,0.0,0.28194141387939453
2948,0.0066434858366847035,0.020307167246937752,0.030089632794260978,0.07003123909235001,0.0,0.07148296386003494,0.0,0.28194278478622437
2949,0.006134476698935032,0.018610036373138426,0.032126254960894586,0.06878675296902656,0.0,0.07148664444684982,0.0,0.2819434702396393
2950,0.006444541364908218,0.018840188533067702,0.0286157488822937,0.06724240928888321,0.0,0.07148994505405426,0.0,0.2819453477859497
2951,0.006443667318671941,0.020439422503113747,0.031452028453350066,0.0682122379541397,0.0,0.07149209082126617,0.0,0.2819482684135437
2952,0.006340767815709114,0.019353557750582694,0.03146409504115581,0.06680867597460746,0.0,0.07149634510278702,0.0,0.2819506824016571
2953,0.006708742212504148,0.019592437148094177,0.029681054502725603,0.06791508942842484,0.0,0.07149769365787506,0.0,0.28195375204086304
2954,0.006704267393797636,0.01937045343220234,0.030153165012598036,0.07048836946487427,0.0,0.07149981707334518,0.0,0.2819582521915436
2955,0.006272202916443348,0.019358036667108537,0.03334262669086456,0.06965323090553284,0.0,0.07149654626846313,0.0,0.28196126222610474
2956,0.006893531419336796,0.020593289658427237,0.03067145086824894,0.06985796242952347,0.0,0.07149253785610199,0.0,0.28196436166763306
2957,0.006442958023399115,0.019641399383544922,0.028141901642084122,0.0709985464811325,0.0,0.07149150222539902,0.0,0.2819660007953644
2958,0.007109714578837157,0.019331184029579163,0.028362251445651056,0.07037832066416741,0.0,0.07148709893226624,0.0,0.28196901082992554
2959,0.006274295318871736,0.019423996657133104,0.028587625548243522,0.06937480419874191,0.0,0.07148890197277069,0.0,0.28197240829467773
2960,0.006359353382140398,0.019473178684711455,0.029629793763160706,0.06953408122062683,0.0,0.07149145752191544,0.0,0.2819770276546478
2961,0.006861013360321522,0.019541048258543015,0.029113173857331275,0.06690215319395065,0.0,0.07149413973093033,0.0,0.28198307752609253
2962,0.006420760694891214,0.018694140389561652,0.030100685730576515,0.07300691306591034,0.0,0.07150055468082428,0.0,0.28199052810668945
2963,0.0064724298194050785,0.019408000633120537,0.030996879562735558,0.0763317510485649,0.0,0.071506567299366,0.0,0.28199705481529236
2964,0.0064626183360815045,0.020268657803535463,0.028208301216363908,0.06850649416446686,0.0,0.07151025533676147,0.0,0.2820037007331848
2965,0.0064953378401696685,0.019955668598413467,0.02875182218849659,0.07427407652139664,0.0,0.07150898873806,0.0,0.28201180696487427
2966,0.006500581558793783,0.019492176547646522,0.030932029336690904,0.06740090101957322,0.0,0.07151033729314804,0.0,0.28201913833618164
2967,0.006322116870433092,0.01960802301764488,0.02962581031024456,0.0721955195069313,0.0,0.07151122391223907,0.0,0.28202542662620544
2968,0.006476898025721311,0.02036801427602768,0.02831566222012043,0.06735220998525619,0.0,0.07151202857494354,0.0,0.28203174471855164
2969,0.006347825564444065,0.01924726404249668,0.0299856498837471,0.0709475502371788,0.0,0.07151200622320175,0.0,0.282036155462265
2970,0.006702132802456617,0.02004382535815239,0.02930162027478218,0.0705478996038437,0.0,0.07150962948799133,0.0,0.2820376753807068
2971,0.006628175918012858,0.020415088906884194,0.029502352327108385,0.06991855949163436,0.0,0.07150352001190186,0.0,0.28203970193862915
2972,0.006820985581725836,0.019952403381466866,0.03198017850518227,0.07257281839847565,0.0,0.07150212675333023,0.0,0.28204435110092163
2973,0.00667134989053011,0.01971563547849655,0.030829641968011856,0.07187372297048569,0.0,0.07150202244520187,0.0,0.2820497453212738
2974,0.0064492980018258095,0.018580270931124687,0.030868950858712198,0.07084705531597138,0.0,0.0715065747499466,0.0,0.2820570170879364
2975,0.006490711588412523,0.02021789811551571,0.028038592264056205,0.06796725988388061,0.0,0.07150864601135254,0.0,0.2820661962032318
2976,0.00614696117118001,0.01910208463668823,0.02999284528195858,0.07006940841674805,0.0,0.07151467353105545,0.0,0.28207555413246155
2977,0.0065263113938272,0.019291774183511735,0.02925880514085293,0.0680953323841095,0.0,0.07152067124843597,0.0,0.2820819914340973
2978,0.0063440268859267235,0.01888432614505291,0.030734962970018386,0.06764954403042793,0.0,0.07152297347784042,0.0,0.2820866107940674
2979,0.006543292477726936,0.01891082189977169,0.027487674728035927,0.07019901275634766,0.0,0.07152581214904785,0.0,0.2820928692817688
2980,0.006627936940640211,0.021353524923324586,0.03056347221136093,0.06872437596321106,0.0,0.07152768224477768,0.0,0.2820984721183777
2981,0.006461094971746207,0.020096836611628532,0.029409895464777947,0.06407072320580483,0.0,0.07153337448835373,0.0,0.2821046710014343
2982,0.006454004533588886,0.0203113179653883,0.028361329436302186,0.06795191764831543,0.0,0.07154696434736252,0.0,0.28211134672164917
2983,0.006259260512888431,0.01863486021757126,0.029449821263551713,0.06744300723075866,0.0,0.07155769318342209,0.0,0.2821149230003357
2984,0.006498029455542564,0.020324444770812987,0.028389408066868783,0.06902880221605301,0.0,0.07156668603420258,0.0,0.2821165919303894
2985,0.006266487948596478,0.019530096650123598,0.029603059962391855,0.06766587346792222,0.0,0.07157306373119354,0.0,0.2821177542209625
2986,0.006801615655422211,0.018833914026618003,0.029946346953511237,0.06739665418863297,0.0,0.07157598435878754,0.0,0.2821193337440491
2987,0.007009190693497658,0.01944595351815224,0.032593851909041405,0.06666983515024186,0.0,0.0715801939368248,0.0,0.2821207046508789
2988,0.006835281662642956,0.0191688634455204,0.03309319689869881,0.06753462031483651,0.0,0.07157982885837555,0.0,0.2821194529533386
2989,0.006424039416015148,0.01929718367755413,0.029959650337696077,0.071487195789814,0.0,0.07158259302377701,0.0,0.28211867809295654
2990,0.006699286866933107,0.020237446948885917,0.030837071314454078,0.07118029519915581,0.0,0.07158420979976654,0.0,0.2821197509765625
2991,0.006140909250825643,0.019423414766788483,0.030434492975473404,0.07083331942558288,0.0,0.07158352434635162,0.0,0.28211989998817444
2992,0.006306842993944883,0.0191890399903059,0.02939191795885563,0.06888396888971329,0.0,0.07158581167459488,0.0,0.2821179926395416
2993,0.005943695269525051,0.020028960704803467,0.029581398516893388,0.07258499413728714,0.0,0.0715874657034874,0.0,0.2821166515350342
2994,0.006531378719955683,0.02000851333141327,0.03077312409877777,0.0689960926771164,0.0,0.07159199565649033,0.0,0.2821136713027954
2995,0.006638190150260926,0.018806437402963637,0.02889059782028198,0.0703592248260975,0.0,0.07160228490829468,0.0,0.2821078300476074
2996,0.0065071781165897844,0.019933350384235382,0.029156594723463058,0.06801133155822754,0.0,0.07161334902048111,0.0,0.28210321068763733
2997,0.006749239563941955,0.018802935257554054,0.029759690910577775,0.06909439265727997,0.0,0.0716240257024765,0.0,0.2820989787578583
2998,0.00668455520644784,0.019362310692667962,0.02885861396789551,0.07173897624015808,0.0,0.07162881642580032,0.0,0.2820951044559479
2999,0.007123659830540419,0.019119564816355704,0.031029241159558296,0.07444368004798889,0.0,0.07163369655609131,0.0,0.2820938229560852
3000,0.006950902659446001,0.020242081210017204,0.030893057212233545,0.0718761533498764,0.0,0.07163800299167633,0.0,0.28209394216537476
3001,0.0066797005943953994,0.019503898173570632,0.02844698652625084,0.07088553160429001,0.0,0.07164450734853745,0.0,0.2820937931537628
3002,0.006459232419729233,0.02064268887042999,0.030598166212439538,0.06716574430465698,0.0,0.071646548807621,0.0,0.28209343552589417
3003,0.006284239515662193,0.019350335001945496,0.030562832951545715,0.06824708580970765,0.0,0.0716463178396225,0.0,0.2820935547351837
3004,0.006470245681703091,0.019584261626005173,0.029592185840010644,0.06753820180892944,0.0,0.07164434343576431,0.0,0.28209322690963745
3005,0.006665189657360316,0.019753370061516763,0.02965141162276268,0.06812894940376282,0.0,0.07164622843265533,0.0,0.28209197521209717
3006,0.006475980114191771,0.018851032108068468,0.029629482701420785,0.06976239532232284,0.0,0.07164696604013443,0.0,0.2820906341075897
3007,0.006816067919135094,0.01847694218158722,0.031072110310196875,0.06961927860975266,0.0,0.0716482624411583,0.0,0.2820884883403778
3008,0.006971215084195137,0.019648175314068796,0.029514074325561523,0.07117581516504287,0.0,0.07164622843265533,0.0,0.28208687901496887
3009,0.006585604697465897,0.01927640177309513,0.03026035986840725,0.06900349110364914,0.0,0.07164102792739868,0.0,0.2820884585380554
3010,0.00612027645111084,0.020784344896674155,0.030097317695617676,0.06840397268533707,0.0,0.07163651287555695,0.0,0.28208717703819275
3011,0.006624001450836659,0.01894483119249344,0.029384562373161317,0.07123062461614608,0.0,0.07163043320178986,0.0,0.28208523988723755
3012,0.006698405835777521,0.0196398101747036,0.029691371694207193,0.07116326689720154,0.0,0.07162588089704514,0.0,0.2820829749107361
3013,0.006745636370033026,0.018791210278868674,0.03011655993759632,0.06930027604103088,0.0,0.07162243127822876,0.0,0.2820817530155182
3014,0.00684744119644165,0.02032390907406807,0.029379474744200707,0.06821985095739365,0.0,0.07161565124988556,0.0,0.2820811867713928
3015,0.006312292348593473,0.01878363937139511,0.031545345485210416,0.07066788524389267,0.0,0.07160716503858566,0.0,0.28207987546920776
3016,0.007055944204330445,0.020047597587108612,0.028879383578896523,0.06714608520269394,0.0,0.0715988352894783,0.0,0.28207749128341675
3017,0.006549723353236914,0.02005062624812126,0.030474696308374405,0.0683533102273941,0.0,0.0715959295630455,0.0,0.28207460045814514
3018,0.006381383817642927,0.01979416199028492,0.029928461462259293,0.06929053366184235,0.0,0.07159586250782013,0.0,0.28207069635391235
3019,0.006414895318448544,0.019402812421321868,0.028752420842647553,0.07098832428455353,0.0,0.07159467786550522,0.0,0.28206735849380493
3020,0.006826903577893973,0.020602695643901825,0.030666083469986914,0.07015311270952225,0.0,0.07160104066133499,0.0,0.2820640206336975
3021,0.00664420397952199,0.019413108378648757,0.03186735287308693,0.06708704084157943,0.0,0.07160691171884537,0.0,0.2820594906806946
3022,0.006125445850193501,0.018082349747419357,0.03248041868209839,0.06935901492834091,0.0,0.07161276042461395,0.0,0.28205618262290955
3023,0.006721251737326383,0.020166562497615816,0.02897545285522938,0.07153288125991822,0.0,0.07161548733711243,0.0,0.28205427527427673
3024,0.006508383527398109,0.019984539598226547,0.02906643971800804,0.06990074217319489,0.0,0.07162131369113922,0.0,0.28205224871635437
3025,0.006545825302600861,0.019829786196351052,0.031028394773602485,0.07023375630378723,0.0,0.07163050770759583,0.0,0.2820530831813812
3026,0.00657154805958271,0.019533915817737578,0.030353020504117013,0.07206034362316131,0.0,0.07164596021175385,0.0,0.2820543348789215
3027,0.0064928819425404075,0.01924600675702095,0.030033144727349283,0.06830147355794906,0.0,0.07166284322738647,0.0,0.28205606341362
3028,0.006758578028529883,0.019710809364914893,0.029233845323324202,0.06792892217636108,0.0,0.07167588174343109,0.0,0.28205636143684387
3029,0.006730420608073473,0.01894175074994564,0.029347500950098037,0.07137096375226974,0.0,0.07168804109096527,0.0,0.2820548713207245
3030,0.006196785997599363,0.018520312011241914,0.03319433815777302,0.06488827615976334,0.0,0.0716937780380249,0.0,0.28205421566963196
3031,0.006710448581725359,0.019474301114678384,0.029894647747278215,0.07163458466529846,0.0,0.0716986358165741,0.0,0.2820538878440857
3032,0.006521362811326981,0.019274012371897697,0.028525859117507935,0.06869421750307084,0.0,0.07170204073190689,0.0,0.2820529341697693
3033,0.006723083462566138,0.019219646230340004,0.03127307184040547,0.06885418742895126,0.0,0.0717020109295845,0.0,0.2820521891117096
3034,0.0064374227076768875,0.020133620128035545,0.028877810388803483,0.0709488868713379,0.0,0.07170223444700241,0.0,0.2820533215999603
3035,0.0067225292325019835,0.019500498846173286,0.03091176152229309,0.06877308711409569,0.0,0.07170043885707855,0.0,0.2820517122745514
3036,0.006677521951496601,0.0197893425822258,0.030501630902290345,0.0666336864233017,0.0,0.07169988751411438,0.0,0.28204819560050964
3037,0.006706095114350319,0.02038749009370804,0.03014448806643486,0.0697906494140625,0.0,0.07170215994119644,0.0,0.2820461392402649
3038,0.006123715545982122,0.019305795803666113,0.02820151261985302,0.06601256281137466,0.0,0.07170562446117401,0.0,0.2820442020893097
3039,0.006482532061636448,0.018760623782873152,0.030986493453383446,0.07008611783385277,0.0,0.07170626521110535,0.0,0.28204312920570374
3040,0.006590052600950002,0.019040492922067644,0.028649855777621268,0.06938968002796173,0.0,0.07171168178319931,0.0,0.2820408344268799
3041,0.006918279267847538,0.018938952311873435,0.029378725215792656,0.07081331610679627,0.0,0.07171126455068588,0.0,0.2820398807525635
3042,0.006527111772447825,0.019969826564192772,0.0296112772077322,0.06998222023248672,0.0,0.07171275466680527,0.0,0.2820408046245575
3043,0.006743073277175426,0.019592710956931114,0.028991276398301125,0.07014711946249008,0.0,0.07171793282032013,0.0,0.28204116225242615
3044,0.0061338705010712145,0.01930609866976738,0.031574543192982675,0.06446351855993271,0.0,0.07171778380870819,0.0,0.28204038739204407
3045,0.0066179935820400715,0.018816376850008965,0.030936913937330245,0.07143671810626984,0.0,0.0717141404747963,0.0,0.2820398509502411
3046,0.00704015726223588,0.020034784078598024,0.028892212733626365,0.0687433697283268,0.0,0.07171288877725601,0.0,0.2820410132408142
3047,0.006336427293717861,0.0190620731562376,0.03007224127650261,0.06845978572964669,0.0,0.07171178609132767,0.0,0.2820407748222351
3048,0.006446593441069126,0.020117737352848053,0.028443142026662826,0.06563670933246613,0.0,0.07171288132667542,0.0,0.28203916549682617
3049,0.0065940204076468945,0.0192732997238636,0.03074819892644882,0.07021666765213012,0.0,0.07172290980815887,0.0,0.2820371985435486
3050,0.006776935420930386,0.01973782368004322,0.030613911896944047,0.06961263567209244,0.0,0.07173337042331696,0.0,0.2820358872413635
3051,0.006655420549213887,0.02001813054084778,0.031580859795212746,0.07052321583032609,0.0,0.0717383399605751,0.0,0.2820356786251068
3052,0.00648674163967371,0.01965261436998844,0.030936510860919954,0.06978947669267654,0.0,0.07174114882946014,0.0,0.28203484416007996
3053,0.006905004289001227,0.0196580421179533,0.029597873985767364,0.06659244298934937,0.0,0.07174783200025558,0.0,0.28203535079956055
3054,0.006842863466590643,0.020036208629608154,0.031524940952658655,0.06801926344633102,0.0,0.07175301015377045,0.0,0.2820379137992859
3055,0.006762037053704262,0.018764768540859223,0.02984701134264469,0.07141990959644318,0.0,0.07175997644662857,0.0,0.28203970193862915
3056,0.006365890987217427,0.020463797077536584,0.0293429858982563,0.07005876898765565,0.0,0.07176575809717178,0.0,0.28204232454299927
3057,0.006221658270806074,0.018996282666921615,0.031909328699111936,0.06717620491981506,0.0,0.07177102565765381,0.0,0.2820459008216858
3058,0.006491766031831503,0.019729569926857947,0.02965402081608772,0.06857932806015014,0.0,0.0717698186635971,0.0,0.28204813599586487
3059,0.006768762040883303,0.01908285915851593,0.028789256885647773,0.06926202028989792,0.0,0.07176441699266434,0.0,0.2820470333099365
3060,0.006663957331329584,0.019091202318668364,0.031001032143831254,0.06683827489614487,0.0,0.07175203412771225,0.0,0.2820448875427246
3061,0.006483875960111618,0.019973795488476755,0.032528619095683095,0.06920870095491409,0.0,0.07174183428287506,0.0,0.28203925490379333
3062,0.006501154694706202,0.01919671967625618,0.031056221574544907,0.0722844958305359,0.0,0.07173521816730499,0.0,0.2820340096950531
3063,0.006858400534838438,0.01979660354554653,0.030810285359621048,0.068455670773983,0.0,0.07172524183988571,0.0,0.28202682733535767
3064,0.006750573124736548,0.01935906819999218,0.02868761047720909,0.06590472310781478,0.0,0.07171232998371124,0.0,0.2820194959640503
3065,0.006663858331739903,0.019118179753422736,0.028322273492813112,0.06987841725349427,0.0,0.07170036435127258,0.0,0.28201594948768616
3066,0.006476612482219935,0.018956440314650536,0.029181870445609093,0.0707384243607521,0.0,0.07168622314929962,0.0,0.282012403011322
3067,0.0066002728417515755,0.018663879856467246,0.030884602293372154,0.06665421202778817,0.0,0.07167472690343857,0.0,0.2820082902908325
3068,0.006931483466178179,0.01930984519422054,0.028313924372196198,0.06858778297901154,0.0,0.0716610699892044,0.0,0.2820054590702057
3069,0.006170113012194634,0.019860689342021943,0.030293495580554008,0.06720664352178574,0.0,0.0716458186507225,0.0,0.2820018529891968
3070,0.0065805246122181416,0.01907908506691456,0.028831477835774423,0.06640982925891876,0.0,0.07163412868976593,0.0,0.28200045228004456
3071,0.006360272783786059,0.019820694252848624,0.030584575980901717,0.0722535341978073,0.0,0.07162458449602127,0.0,0.28200095891952515
3072,0.006247692462056875,0.01977994665503502,0.029694081842899324,0.06745362132787705,0.0,0.0716172605752945,0.0,0.2820049226284027
3073,0.006441260874271393,0.019857094809412956,0.031232947111129762,0.06599475890398025,0.0,0.07160484790802002,0.0,0.2820046544075012
3074,0.006381086725741625,0.019665056467056276,0.028678559139370917,0.06903091371059418,0.0,0.07159300148487091,0.0,0.2820037305355072
3075,0.006411758530884981,0.019435149058699606,0.02997601293027401,0.06877128034830093,0.0,0.0715845376253128,0.0,0.282004714012146
3076,0.0063579057343304156,0.01968550682067871,0.029311906546354294,0.0690121054649353,0.0,0.07157839834690094,0.0,0.28200438618659973
3077,0.0064125371165573595,0.019977213442325593,0.031140278652310373,0.06998251378536224,0.0,0.07157137989997864,0.0,0.2820032238960266
3078,0.006360249873250723,0.02056371532380581,0.02935856468975544,0.07196790128946304,0.0,0.07156801223754883,0.0,0.28200072050094604
3079,0.0063907838426530365,0.018871810287237167,0.030194725096225738,0.06706321835517884,0.0,0.0715668648481369,0.0,0.2819991111755371
3080,0.00688226968050003,0.019100935757160188,0.028656342625617982,0.06906654536724091,0.0,0.07156176120042801,0.0,0.28199753165245056
3081,0.006141793355345726,0.01890842467546463,0.03163568638265133,0.06988344341516495,0.0,0.0715608149766922,0.0,0.281997412443161
3082,0.006597755197435618,0.019018279016017915,0.028867870196700098,0.0652654454112053,0.0,0.07155932486057281,0.0,0.2819999158382416
3083,0.006328612845391035,0.019382454454898834,0.030205950513482092,0.07015051692724228,0.0,0.07156010717153549,0.0,0.28200411796569824
3084,0.00641604121774435,0.019181271269917487,0.0298833929002285,0.07245295196771621,0.0,0.07155732810497284,0.0,0.2820090651512146
3085,0.0067440496757626535,0.019737569242715837,0.0308571495115757,0.0707512453198433,0.0,0.07155406475067139,0.0,0.28201523423194885
3086,0.006996889226138591,0.019749240204691886,0.02946323752403259,0.0660208061337471,0.0,0.07155028730630875,0.0,0.2820216119289398
3087,0.006687888596206904,0.01926347501575947,0.027446125447750092,0.06978987604379654,0.0,0.07154258340597153,0.0,0.28202593326568604
3088,0.006298436876386404,0.01990959607064724,0.029813489690423012,0.06935719102621078,0.0,0.07153519243001938,0.0,0.2820277810096741
3089,0.0066873057745397094,0.019765803590416908,0.03110169991850853,0.06912714689970016,0.0,0.07152403891086578,0.0,0.28202712535858154
3090,0.006350801791995764,0.018906676024198533,0.03038211241364479,0.07364523857831955,0.0,0.07151530683040619,0.0,0.2820248305797577
3091,0.006380207929760217,0.019953145086765288,0.031080015003681183,0.07276184260845184,0.0,0.07150472700595856,0.0,0.28202202916145325
3092,0.006671757716685533,0.019308070465922356,0.028783984109759332,0.07043317928910256,0.0,0.07149412482976913,0.0,0.2820194959640503
3093,0.006449820660054684,0.019718307256698608,0.02949259728193283,0.06916746944189071,0.0,0.07148264348506927,0.0,0.28201737999916077
3094,0.006618014257401228,0.019278765842318534,0.031290993094444275,0.06962604373693466,0.0,0.07147617638111115,0.0,0.28201690316200256
3095,0.006143581867218017,0.019412150233983995,0.030372491851449013,0.07176644951105118,0.0,0.07147020101547241,0.0,0.28201737999916077
3096,0.0067875470034778115,0.018602192774415015,0.028234982490539552,0.07305002808570862,0.0,0.07147084176540375,0.0,0.2820188105106354
3097,0.007104740384966135,0.02099078930914402,0.030167609453201294,0.0688382402062416,0.0,0.07146905362606049,0.0,0.2820221781730652
3098,0.0062812021933496,0.01964164823293686,0.029645018652081488,0.07157844454050064,0.0,0.07146982848644257,0.0,0.2820267081260681
3099,0.006729065254330635,0.018883806094527243,0.030505816265940667,0.06915918216109276,0.0,0.07147683203220367,0.0,0.2820316255092621
3100,0.006620324403047562,0.019211364537477495,0.030219858139753343,0.06836098209023475,0.0,0.07148505747318268,0.0,0.2820364534854889
3101,0.006290975958108902,0.019967682659626007,0.03122558705508709,0.06924979239702225,0.0,0.07149196416139603,0.0,0.28203848004341125
3102,0.006594416033476591,0.018619480729103088,0.03273281678557396,0.07134726047515869,0.0,0.07149789482355118,0.0,0.28203994035720825
3103,0.00644892044365406,0.019948599487543107,0.028197236359119415,0.06890011429786683,0.0,0.07150568068027496,0.0,0.28204140067100525
3104,0.006498720031231642,0.020190077647566796,0.030792749673128127,0.06487556844949723,0.0,0.07151047140359879,0.0,0.28204476833343506
3105,0.006558404210954905,0.019643547758460046,0.030817767977714537,0.06806911826133728,0.0,0.0715121403336525,0.0,0.2820478677749634
3106,0.006597965210676193,0.01921100467443466,0.028801268339157103,0.07107149064540863,0.0,0.07151345908641815,0.0,0.2820514738559723
3107,0.0065798163414001465,0.020075082778930664,0.030690926313400268,0.07166492491960526,0.0,0.07151725888252258,0.0,0.28205424547195435
3108,0.006710603460669517,0.01960378997027874,0.031225508078932762,0.06950162053108215,0.0,0.07152659446001053,0.0,0.2820556163787842
3109,0.006258580647408962,0.020502031967043876,0.02937167100608349,0.06888774186372756,0.0,0.07153622806072235,0.0,0.28205588459968567
3110,0.006265745218843222,0.019313257560133933,0.031011366471648216,0.07066191732883453,0.0,0.07154661417007446,0.0,0.28205353021621704
3111,0.0066899130120873455,0.019458162412047387,0.03092661201953888,0.072910176217556,0.0,0.07156223058700562,0.0,0.28205060958862305
3112,0.006762225925922394,0.02028076574206352,0.029813439399003983,0.06898503452539444,0.0,0.07157862186431885,0.0,0.28204864263534546
3113,0.006715593300759793,0.020121649280190466,0.031259269639849666,0.07460674792528152,0.0,0.07159557193517685,0.0,0.28204673528671265
3114,0.006453540828078985,0.018194251134991644,0.029849650338292122,0.0658829003572464,0.0,0.07160966098308563,0.0,0.28204694390296936
3115,0.006742270383983851,0.01898275725543499,0.030112441256642343,0.06809013858437538,0.0,0.07162029296159744,0.0,0.2820480465888977
3116,0.006218004785478115,0.02032965011894703,0.030797651410102843,0.07228237688541413,0.0,0.07163040339946747,0.0,0.2820509374141693
3117,0.006324583385139704,0.019514788687229157,0.030051665008068086,0.06966902613639832,0.0,0.07163673639297485,0.0,0.2820562422275543
3118,0.006568178907036782,0.020154079422354698,0.03221043311059475,0.07100275307893752,0.0,0.07164447754621506,0.0,0.282062292098999
3119,0.006435402389615774,0.020246362313628197,0.027778308466076852,0.07127912640571595,0.0,0.07165269553661346,0.0,0.2820654809474945
3120,0.006283803842961788,0.02096264585852623,0.030203820019960404,0.07168092578649521,0.0,0.07165542989969254,0.0,0.2820667326450348
3121,0.00683831749483943,0.020335077494382858,0.02957811430096626,0.0724993422627449,0.0,0.07166297733783722,0.0,0.2820656895637512
3122,0.00650264760479331,0.01919327974319458,0.027715279161930083,0.06627744734287262,0.0,0.07167328894138336,0.0,0.28206565976142883
3123,0.006496427487581969,0.019235366582870485,0.029695595055818556,0.07049119025468827,0.0,0.07168041169643402,0.0,0.2820667624473572
3124,0.00671068849042058,0.019579337164759635,0.029757296293973924,0.0716681033372879,0.0,0.07168588042259216,0.0,0.2820698916912079
3125,0.006659772526472807,0.020270223170518874,0.03104809746146202,0.07109365612268448,0.0,0.07169227302074432,0.0,0.28207364678382874
3126,0.00659521073102951,0.01946035735309124,0.030417060106992723,0.07135573178529739,0.0,0.07170313596725464,0.0,0.2820771634578705
3127,0.0062806674279272555,0.021054126694798468,0.03126551173627377,0.07067333012819291,0.0,0.07171250879764557,0.0,0.28207725286483765
3128,0.0063487010076642035,0.019096150994300842,0.030761492624878883,0.06966088116168975,0.0,0.07172109186649323,0.0,0.28207483887672424
3129,0.006796152610331774,0.019692380726337434,0.031128907948732375,0.06846898198127746,0.0,0.0717279314994812,0.0,0.28207334876060486
3130,0.006945109087973833,0.019727372378110886,0.030011263489723206,0.07233352661132812,0.0,0.07173117250204086,0.0,0.2820730209350586
3131,0.006422300636768341,0.02005007117986679,0.030313492566347123,0.0732978716492653,0.0,0.071731798350811,0.0,0.28207212686538696
3132,0.006423651240766048,0.019307376816868782,0.030283240601420403,0.06921333521604538,0.0,0.07173208892345428,0.0,0.2820696234703064
3133,0.006886035297065973,0.019682762399315833,0.029364395886659622,0.06940437033772469,0.0,0.07172887027263641,0.0,0.2820685803890228
3134,0.00643931282684207,0.019423175230622293,0.028582386299967767,0.06787692755460739,0.0,0.07172219455242157,0.0,0.2820654511451721
3135,0.006760520953685045,0.019217314198613167,0.029690422862768174,0.06343513131141662,0.0,0.0717177614569664,0.0,0.2820620834827423
3136,0.006615613773465157,0.01907784752547741,0.02928824834525585,0.06974203884601593,0.0,0.07171329855918884,0.0,0.28205838799476624
3137,0.006449958495795727,0.019270148128271103,0.03144949860870838,0.07070083767175675,0.0,0.07170809805393219,0.0,0.28205472230911255
3138,0.006497669965028763,0.02058309391140938,0.029052472114562987,0.06996439844369888,0.0,0.07170326262712479,0.0,0.28205037117004395
3139,0.006767371203750372,0.02094927467405796,0.031097972020506858,0.06832177489995957,0.0,0.07170070707798004,0.0,0.2820465564727783
3140,0.006433209776878357,0.019905735924839973,0.03141040988266468,0.06978874802589416,0.0,0.071693554520607,0.0,0.28204232454299927
3141,0.006258960906416177,0.019308095797896385,0.030743705481290816,0.06975944638252259,0.0,0.07168115675449371,0.0,0.2820395231246948
3142,0.006214166060090065,0.01945079043507576,0.029779963940382004,0.07231068015098571,0.0,0.07166591286659241,0.0,0.28203821182250977
3143,0.006838328205049038,0.018674926832318306,0.029910679534077646,0.07230955362319946,0.0,0.07164622843265533,0.0,0.2820378839969635
3144,0.00644795261323452,0.019046739861369132,0.0315130453556776,0.07255863845348358,0.0,0.07161984592676163,0.0,0.2820378243923187
3145,0.006158433575183153,0.01988857574760914,0.028776085004210472,0.0713333711028099,0.0,0.07159361243247986,0.0,0.28203725814819336
3146,0.006692507211118937,0.019902539625763892,0.029515784978866578,0.06630429178476334,0.0,0.07156847417354584,0.0,0.2820355296134949
3147,0.0064184763468801975,0.01951709985733032,0.03133303746581077,0.06757822185754776,0.0,0.07154776155948639,0.0,0.2820342481136322
3148,0.006643450446426868,0.01999126635491848,0.029695603996515274,0.06928899884223938,0.0,0.07152765989303589,0.0,0.2820312976837158
3149,0.006320705078542233,0.018557285144925117,0.029765575006604195,0.06824373304843903,0.0,0.07151193171739578,0.0,0.28202709555625916
3150,0.0064611722715199,0.019817562028765678,0.03161619901657105,0.06965121030807495,0.0,0.07149232923984528,0.0,0.2820233702659607
3151,0.006467259954661131,0.020707383379340173,0.03067266158759594,0.07109912782907486,0.0,0.07146690785884857,0.0,0.28201824426651
3152,0.0062991992570459844,0.019406230375170707,0.032638218998908994,0.07190729528665543,0.0,0.07144647091627121,0.0,0.28201329708099365
3153,0.006487764045596122,0.019764797762036324,0.028755562007427217,0.06776238530874253,0.0,0.07142653316259384,0.0,0.2820095419883728
3154,0.006590513233095408,0.0201291561126709,0.02995935007929802,0.07109398990869523,0.0,0.07141328603029251,0.0,0.2820083498954773
3155,0.006720201950520277,0.020428806915879248,0.02972330302000046,0.07444579899311066,0.0,0.07139839231967926,0.0,0.28200769424438477
3156,0.006501682288944721,0.019781941547989845,0.03106427863240242,0.06814653724431992,0.0,0.07138007879257202,0.0,0.28200846910476685
3157,0.0062541401945054535,0.018861063569784165,0.029501064494252206,0.06899613738059998,0.0,0.07136055082082748,0.0,0.2820107042789459
3158,0.006103223748505115,0.020290440320968627,0.032461777329444885,0.06839389353990555,0.0,0.07134251296520233,0.0,0.28201350569725037
3159,0.006945027690380812,0.019506698846817015,0.028343525901436805,0.0669617235660553,0.0,0.07132434844970703,0.0,0.28201431035995483
3160,0.006413624808192253,0.01978154629468918,0.028690557181835174,0.06778518557548523,0.0,0.07130865752696991,0.0,0.28201520442962646
3161,0.006666349992156029,0.01978956237435341,0.028985054790973665,0.07050952315330505,0.0,0.0712948888540268,0.0,0.2820168435573578
3162,0.0063406768254935745,0.020539791509509086,0.03073447272181511,0.06955862268805504,0.0,0.07128629833459854,0.0,0.28201785683631897
3163,0.006595039088279009,0.01922142133116722,0.03115144744515419,0.07152000367641449,0.0,0.07128582894802094,0.0,0.2820180058479309
3164,0.006813518330454826,0.019930512085556983,0.032150092720985415,0.06721299216151237,0.0,0.07128344476222992,0.0,0.2820172905921936
3165,0.006508980318903923,0.02015194483101368,0.029540931060910224,0.06805579364299774,0.0,0.07128472626209259,0.0,0.28201594948768616
3166,0.006598230544477701,0.019010079652071,0.0284490954130888,0.07052720785140991,0.0,0.07128620147705078,0.0,0.28201237320899963
3167,0.006178799737244845,0.01941317766904831,0.030031354725360872,0.06990498080849647,0.0,0.07129170000553131,0.0,0.28200942277908325
3168,0.006604881212115288,0.02019193209707737,0.03227820619940758,0.06669063717126847,0.0,0.07129892706871033,0.0,0.28200563788414
3169,0.00686967670917511,0.01933254413306713,0.03012741021811962,0.06617733091115952,0.0,0.07130690664052963,0.0,0.282001793384552
3170,0.006598597206175327,0.01945352703332901,0.030679334700107575,0.06953172385692596,0.0,0.07131567597389221,0.0,0.281999409198761
3171,0.006570696737617255,0.01956152394413948,0.028793427720665933,0.06939827352762222,0.0,0.071324922144413,0.0,0.28199735283851624
3172,0.006670861784368753,0.02032505050301552,0.03193806894123554,0.06898141503334046,0.0,0.07133283466100693,0.0,0.2819950580596924
3173,0.006517764087766409,0.019935068860650062,0.028894004598259925,0.06581641137599945,0.0,0.07134195417165756,0.0,0.28199368715286255
3174,0.006430809758603573,0.019016114249825477,0.031239878758788107,0.07232934981584549,0.0,0.07135067880153656,0.0,0.28199297189712524
3175,0.006397025194019079,0.019843688979744912,0.0297377347946167,0.0687537282705307,0.0,0.07135842740535736,0.0,0.2819950580596924
3176,0.006574655976146459,0.01923268921673298,0.03286534585058689,0.06798440590500832,0.0,0.07136693596839905,0.0,0.2819977402687073
3177,0.0064859756268560885,0.019869743287563323,0.030755531787872315,0.06794997900724412,0.0,0.07137593626976013,0.0,0.28199881315231323
3178,0.00640600984916091,0.01923416219651699,0.03204609714448452,0.06795817017555236,0.0,0.07138223946094513,0.0,0.2819977402687073
3179,0.006669201422482729,0.019755786284804344,0.030046824738383292,0.07050388306379318,0.0,0.07139505445957184,0.0,0.28199779987335205
3180,0.0064253737218678,0.019406227767467497,0.030468901619315147,0.06764510795474052,0.0,0.07140397280454636,0.0,0.281997948884964
3181,0.006226241122931242,0.019589946046471594,0.02974020391702652,0.07337274253368378,0.0,0.07140874862670898,0.0,0.2819979786872864
3182,0.006571370549499989,0.019262857735157013,0.030104658752679824,0.07133389860391617,0.0,0.0714164525270462,0.0,0.281996488571167
3183,0.006469860766083002,0.020327337458729743,0.02881453260779381,0.07134728133678436,0.0,0.07142364978790283,0.0,0.2819964289665222
3184,0.006749010365456343,0.019623243436217307,0.02966459095478058,0.06663526147603989,0.0,0.07143373042345047,0.0,0.2819964289665222
3185,0.006575864739716053,0.01947799026966095,0.02926356829702854,0.0689628154039383,0.0,0.07144711166620255,0.0,0.28199830651283264
3186,0.006484625674784183,0.018696861714124678,0.031170407310128212,0.07102758884429931,0.0,0.07145731151103973,0.0,0.28199896216392517
3187,0.006641891784965992,0.019900451228022576,0.029388438537716867,0.06475164517760276,0.0,0.071467325091362,0.0,0.28200197219848633
3188,0.00652141086757183,0.019317907467484473,0.029739339649677277,0.07080428898334504,0.0,0.07147646695375443,0.0,0.28200578689575195
3189,0.006720240227878094,0.01897800825536251,0.030617193132638932,0.06712727844715119,0.0,0.07149013876914978,0.0,0.2820098102092743
3190,0.006646992824971676,0.01942031942307949,0.029495943710207938,0.07145003527402878,0.0,0.07150139659643173,0.0,0.28201550245285034
3191,0.006365125626325607,0.019734813272953032,0.03061109483242035,0.06637952774763108,0.0,0.07151315361261368,0.0,0.2820209562778473
3192,0.0060869851149618626,0.019504107907414435,0.02927996627986431,0.06843364089727402,0.0,0.07152318954467773,0.0,0.2820252776145935
3193,0.0065728875808417795,0.01942181885242462,0.030810003355145454,0.07178904414176941,0.0,0.07153142988681793,0.0,0.28202876448631287
3194,0.006605333648622036,0.0203961543738842,0.030108150094747543,0.06593925878405571,0.0,0.07153560221195221,0.0,0.28203243017196655
3195,0.006727861240506172,0.019419243186712266,0.028587958589196206,0.06803234368562698,0.0,0.07153625786304474,0.0,0.28203636407852173
3196,0.006281296536326408,0.019921517744660378,0.031933392956852914,0.06915079653263093,0.0,0.07153888046741486,0.0,0.2820376455783844
3197,0.006246992200613022,0.02001735270023346,0.03053455427289009,0.06387092098593712,0.0,0.07153744995594025,0.0,0.28203582763671875
3198,0.006333107221871614,0.01973043717443943,0.030623404681682585,0.07514910697937012,0.0,0.07153581827878952,0.0,0.28203198313713074
3199,0.006625417526811362,0.02027696408331394,0.03094002604484558,0.07157407402992248,0.0,0.07153836637735367,0.0,0.28202947974205017
3200,0.006319817900657654,0.01947709210216999,0.028639413043856622,0.06710229367017746,0.0,0.07154359668493271,0.0,0.2820269465446472
3201,0.006317678652703762,0.0198539137840271,0.03272450901567936,0.06723164543509483,0.0,0.07154981046915054,0.0,0.28202441334724426
3202,0.006860493216663599,0.019473809748888016,0.03100418783724308,0.06874855980277061,0.0,0.07155510038137436,0.0,0.28202351927757263
3203,0.006626453902572394,0.019521940872073172,0.03132847212255001,0.06996677666902543,0.0,0.07156145572662354,0.0,0.2820243239402771
3204,0.0067396176978945736,0.019055766984820366,0.029914841428399085,0.06911663264036179,0.0,0.0715627521276474,0.0,0.2820243537425995
3205,0.006192484311759472,0.01935434080660343,0.03198844119906426,0.06360346972942352,0.0,0.0715608149766922,0.0,0.2820245921611786
3206,0.00713120186701417,0.01868811808526516,0.02929822914302349,0.06849343702197075,0.0,0.0715554803609848,0.0,0.28202638030052185
3207,0.006421527359634638,0.020062648877501487,0.029605259373784065,0.07134382724761963,0.0,0.07155009359121323,0.0,0.28202947974205017
3208,0.0065847720019519326,0.02030525840818882,0.03011169321835041,0.07184112668037415,0.0,0.07154054194688797,0.0,0.282033771276474
3209,0.0064592622220516205,0.019551585987210275,0.032237359136343,0.07193158864974976,0.0,0.07153353840112686,0.0,0.2820391058921814
3210,0.006751198694109917,0.020043135434389115,0.028824303671717642,0.06815541237592697,0.0,0.07152785360813141,0.0,0.28204482793807983
3211,0.006577909365296364,0.019376911222934723,0.030269391462206842,0.06683121919631958,0.0,0.07152626663446426,0.0,0.2820488214492798
3212,0.006609932798892259,0.019702119752764702,0.02889690026640892,0.06827492117881775,0.0,0.07152404636144638,0.0,0.2820485234260559
3213,0.006475741043686867,0.02024538591504097,0.02982224300503731,0.07060184329748154,0.0,0.07152402400970459,0.0,0.28204816579818726
3214,0.006751557346433401,0.018291445821523665,0.030516766756772996,0.06695673167705536,0.0,0.07152840495109558,0.0,0.2820471227169037
3215,0.006681331433355808,0.019653235748410224,0.029556077718734742,0.07265896499156951,0.0,0.07153201103210449,0.0,0.28204378485679626
3216,0.006372011546045542,0.01884722076356411,0.02889297567307949,0.07233379781246185,0.0,0.07153362035751343,0.0,0.28204232454299927
3217,0.006211880873888731,0.01931365318596363,0.028649530187249184,0.06948865726590156,0.0,0.07153141498565674,0.0,0.2820415794849396
3218,0.006729065626859665,0.019650722667574883,0.029020649194717408,0.0702393814921379,0.0,0.07152681052684784,0.0,0.2820412814617157
3219,0.006577868293970823,0.020678680390119553,0.02863040380179882,0.07027792781591416,0.0,0.07152298837900162,0.0,0.28204116225242615
3220,0.00606039734557271,0.019297756627202033,0.03266172669827938,0.07139185220003127,0.0,0.07152319699525833,0.0,0.2820431590080261
3221,0.006183144729584455,0.020745889469981193,0.029321376606822012,0.0706162467598915,0.0,0.07152613997459412,0.0,0.28204551339149475
3222,0.006343512237071991,0.019754675775766374,0.03064986430108547,0.06709337085485459,0.0,0.07152928411960602,0.0,0.2820470333099365
3223,0.006874381098896265,0.02014382854104042,0.030658871680498124,0.07177481353282929,0.0,0.07153840363025665,0.0,0.2820473313331604
3224,0.007090309169143438,0.020014223456382752,0.03016434721648693,0.06696859151124954,0.0,0.07154829800128937,0.0,0.28204673528671265
3225,0.006361493188887834,0.01911678910255432,0.030371716246008873,0.0720181182026863,0.0,0.07155992090702057,0.0,0.28204450011253357
3226,0.006704736780375242,0.01941755600273609,0.030308621376752852,0.06950733065605164,0.0,0.071571946144104,0.0,0.2820393741130829
3227,0.006706718821078539,0.020651212707161904,0.029215996712446214,0.06701798588037491,0.0,0.0715869590640068,0.0,0.28203532099723816
3228,0.006663702242076397,0.019650955125689505,0.030392715707421303,0.07080720663070679,0.0,0.07160381972789764,0.0,0.2820298969745636
3229,0.006479521095752716,0.019676896929740905,0.030828041955828667,0.06925395876169205,0.0,0.07161815464496613,0.0,0.28202497959136963
3230,0.006608168035745621,0.01910290904343128,0.029151062294840813,0.07120030745863914,0.0,0.07163413614034653,0.0,0.2820212244987488
3231,0.006353623047471046,0.019436655938625334,0.03182622939348221,0.06831337064504624,0.0,0.07164622098207474,0.0,0.2820187211036682
3232,0.006697001215070486,0.01852952018380165,0.028313112631440162,0.074246247112751,0.0,0.07165759801864624,0.0,0.28201672434806824
3233,0.007150656823068857,0.020425118505954742,0.030498816445469857,0.06583667472004891,0.0,0.07166320085525513,0.0,0.28201502561569214
3234,0.0066264627501368524,0.019605932757258415,0.029823797568678857,0.06824750453233719,0.0,0.07166747748851776,0.0,0.2820129990577698
3235,0.006918852590024472,0.019296957924962044,0.0296078659594059,0.06987418234348297,0.0,0.07167059183120728,0.0,0.28201183676719666
3236,0.006618835683912039,0.020184772834181786,0.029774847999215127,0.06892031878232956,0.0,0.07167220860719681,0.0,0.28201189637184143
3237,0.006317608710378409,0.019753486290574072,0.031097030639648436,0.06862349659204484,0.0,0.07167614996433258,0.0,0.2820104956626892
3238,0.006372880283743143,0.020492614805698396,0.03055979311466217,0.06749036014080048,0.0,0.07168415933847427,0.0,0.2820102274417877
3239,0.006363807339221239,0.019414862617850304,0.031830009445548056,0.0659529685974121,0.0,0.07168973982334137,0.0,0.2820121943950653
3240,0.00661917133256793,0.019752978160977364,0.03053441233932972,0.07100137323141098,0.0,0.07169409096240997,0.0,0.2820127606391907
3241,0.006553930044174194,0.019411948695778846,0.03019011802971363,0.06994794309139252,0.0,0.07169666141271591,0.0,0.28201186656951904
3242,0.006707782298326493,0.020812227949500085,0.03029441311955452,0.07034302055835724,0.0,0.07169543206691742,0.0,0.28201013803482056
3243,0.0065587092190980915,0.018805554136633873,0.029048997908830643,0.06870301216840743,0.0,0.07169197499752045,0.0,0.28201010823249817
3244,0.006446773186326027,0.019604841619729994,0.028725345432758332,0.07151199132204056,0.0,0.07168683409690857,0.0,0.28200748562812805
3245,0.006761756539344787,0.019059815257787705,0.029958378151059152,0.06886443942785263,0.0,0.07168219983577728,0.0,0.2820058763027191
3246,0.006448116712272167,0.01953602395951748,0.03211759254336357,0.06722925379872322,0.0,0.07167752087116241,0.0,0.28200775384902954
3247,0.0063228925690054895,0.019624081999063493,0.029628641530871393,0.06840788275003433,0.0,0.07167697697877884,0.0,0.28201112151145935
3248,0.006370106060057878,0.019513565674424173,0.03100905828177929,0.07319953739643097,0.0,0.0716807171702385,0.0,0.2820139527320862
3249,0.006627865135669708,0.01911430060863495,0.030134772509336473,0.06831447631120682,0.0,0.07168081402778625,0.0,0.2820171117782593
3250,0.006601889524608851,0.020314304158091545,0.030383380874991418,0.06900058314204216,0.0,0.07168014347553253,0.0,0.2820192873477936
3251,0.006250816024839878,0.020397327467799188,0.02924509011209011,0.0705961212515831,0.0,0.0716852992773056,0.0,0.2820194661617279
3252,0.0066061075776815414,0.019062410667538644,0.03365839496254921,0.06729784160852433,0.0,0.0716908648610115,0.0,0.282019704580307
3253,0.006459425110369921,0.019586949422955514,0.027773705124855042,0.07279651314020157,0.0,0.07169274985790253,0.0,0.28201964497566223
3254,0.006163454987108708,0.020076384395360948,0.02849191129207611,0.06986822038888932,0.0,0.07169336825609207,0.0,0.2820192873477936
3255,0.006037488859146833,0.019644002616405486,0.029957152903079987,0.06805769801139831,0.0,0.07169615477323532,0.0,0.28202003240585327
3256,0.006375736463814974,0.019851705804467202,0.030860775709152223,0.06871069744229316,0.0,0.07169641554355621,0.0,0.2820211946964264
3257,0.006507814582437277,0.019182707369327544,0.02797240689396858,0.07099747359752655,0.0,0.07169312983751297,0.0,0.28202107548713684
3258,0.006475768517702818,0.019576599448919298,0.02987162284553051,0.06820105761289597,0.0,0.07169155776500702,0.0,0.28202250599861145
3259,0.006596980802714825,0.02008763886988163,0.02841355875134468,0.07069240659475326,0.0,0.07169030606746674,0.0,0.2820236086845398
3260,0.006647373083978891,0.01990194767713547,0.030361495912075043,0.07124565541744232,0.0,0.07168851047754288,0.0,0.2820238769054413
3261,0.006447931285947561,0.019478568434715272,0.02989942245185375,0.0710261806845665,0.0,0.07169097661972046,0.0,0.2820238471031189
3262,0.006955617014318705,0.01902657635509968,0.03061688207089901,0.06868320405483246,0.0,0.0716862827539444,0.0,0.2820231318473816
3263,0.006870914716273546,0.01892553046345711,0.03138996511697769,0.06541449874639511,0.0,0.07167913764715195,0.0,0.28202205896377563
3264,0.006521814130246639,0.01986641585826874,0.028711428120732307,0.06881091892719268,0.0,0.07166898995637894,0.0,0.2820221781730652
3265,0.006424506474286318,0.020483377575874328,0.02974466234445572,0.06884399205446243,0.0,0.07166125625371933,0.0,0.282022625207901
3266,0.006810428574681282,0.019886076077818872,0.03069464862346649,0.07160783261060714,0.0,0.07165294140577316,0.0,0.28202328085899353
3267,0.006384907010942698,0.019557857513427736,0.02845877930521965,0.07068907618522643,0.0,0.07164491713047028,0.0,0.2820231020450592
3268,0.006618398893624544,0.020341406390070916,0.029694173112511636,0.06805866956710815,0.0,0.07163606584072113,0.0,0.28202399611473083
3269,0.006476756278425455,0.019717076048254966,0.030322490260004997,0.06417153850197792,0.0,0.07162914425134659,0.0,0.2820245623588562
3270,0.006611427664756775,0.01845705769956112,0.028154733031988143,0.0720926821231842,0.0,0.07162314653396606,0.0,0.2820250988006592
3271,0.006461342051625252,0.019503091275691987,0.030400526896119117,0.0735326811671257,0.0,0.07161463797092438,0.0,0.2820262908935547
3272,0.006383210327476263,0.020118101313710213,0.03061111308634281,0.06993424743413926,0.0,0.07160269469022751,0.0,0.28202739357948303
3273,0.0062727188691496846,0.019174397736787797,0.032277495786547664,0.06962690353393555,0.0,0.07159687578678131,0.0,0.28202760219573975
3274,0.006648752652108669,0.019287487491965294,0.028523678705096246,0.06991577297449111,0.0,0.07158743590116501,0.0,0.28202804923057556
3275,0.006643291749060154,0.019454401358962058,0.030002401769161226,0.06866554990410804,0.0,0.071579709649086,0.0,0.2820281982421875
3276,0.0065593038685619835,0.01953440308570862,0.02971382364630699,0.06706032380461693,0.0,0.07156598567962646,0.0,0.2820277512073517
3277,0.006886397395282984,0.01964629702270031,0.02911345213651657,0.0688051588833332,0.0,0.07155153900384903,0.0,0.2820277512073517
3278,0.006135850772261619,0.019393589347600937,0.029826052114367486,0.06824277490377426,0.0,0.07153947651386261,0.0,0.28202706575393677
3279,0.00639951778575778,0.01990230716764927,0.029448202252388,0.06913588643074035,0.0,0.07152535766363144,0.0,0.28202536702156067
3280,0.006780096981674433,0.019638532400131227,0.031069089472293854,0.06731441020965576,0.0,0.07150952517986298,0.0,0.28202465176582336
3281,0.006840306241065264,0.01920694075524807,0.030897679179906844,0.07015350013971329,0.0,0.0714917853474617,0.0,0.28202304244041443
3282,0.006558204255998135,0.01900191083550453,0.03158735930919647,0.06823900640010834,0.0,0.07147210836410522,0.0,0.28202271461486816
3283,0.00643368698656559,0.019466180354356766,0.030405619740486146,0.06949754208326339,0.0,0.07145387679338455,0.0,0.2820238173007965
3284,0.0061293341219425205,0.019147167354822157,0.03156266286969185,0.06973857283592225,0.0,0.07144266366958618,0.0,0.2820235788822174
3285,0.006618043314665556,0.019202190265059472,0.02875600606203079,0.06827849447727204,0.0,0.07142982631921768,0.0,0.28202274441719055
3286,0.006302229501307011,0.019893495738506316,0.02856053002178669,0.07094852775335311,0.0,0.07141458243131638,0.0,0.2820209860801697
3287,0.006321515887975693,0.019411132857203483,0.028948529437184334,0.07034151554107666,0.0,0.07140199095010757,0.0,0.28201964497566223
3288,0.006505080685019493,0.019320728629827498,0.029907448589801787,0.06901118159294128,0.0,0.07138995826244354,0.0,0.2820177674293518
3289,0.006520051881670952,0.019343523308634758,0.0283980879932642,0.06611304953694344,0.0,0.07138125598430634,0.0,0.2820146083831787
3290,0.006041446514427662,0.019652821868658066,0.02968386486172676,0.06787516176700592,0.0,0.07137317210435867,0.0,0.28201067447662354
3291,0.006083056051284075,0.019095808640122412,0.028941063210368156,0.06894248276948929,0.0,0.07136780768632889,0.0,0.2820079028606415
3292,0.006792621500790119,0.019697752222418784,0.031398602202534674,0.06912880092859268,0.0,0.0713639110326767,0.0,0.2820049226284027
3293,0.006210266426205635,0.019108426570892335,0.03095533810555935,0.06733043193817138,0.0,0.07136061787605286,0.0,0.2820003628730774
3294,0.006707752868533134,0.01896677501499653,0.029988981783390045,0.07177837789058686,0.0,0.07135666906833649,0.0,0.281995952129364
3295,0.007053879555314779,0.01942487545311451,0.029494139924645425,0.06789174824953079,0.0,0.07134823501110077,0.0,0.2819928526878357
3296,0.0063487334176898,0.01954631172120571,0.028843572735786437,0.06764118522405624,0.0,0.07133859395980835,0.0,0.2819913923740387
3297,0.006308300327509642,0.019550035148859023,0.029352834448218346,0.06756996065378189,0.0,0.07133039832115173,0.0,0.281991183757782
3298,0.006963078863918781,0.01958599127829075,0.02890692390501499,0.07055335640907287,0.0,0.07132291793823242,0.0,0.2819904685020447
3299,0.006373059470206499,0.020280639082193373,0.02951635867357254,0.06894638836383819,0.0,0.0713128000497818,0.0,0.28199106454849243
3300,0.006412523239850998,0.020871303603053094,0.03052114211022854,0.07003622055053711,0.0,0.07130100578069687,0.0,0.2819913923740387
3301,0.006329224351793528,0.019514184445142746,0.030589920282363892,0.0698886439204216,0.0,0.07129248231649399,0.0,0.28199177980422974
3302,0.006748733948916197,0.020184920355677604,0.02987063080072403,0.07192275673151016,0.0,0.07128500193357468,0.0,0.2819910943508148
3303,0.006822467036545277,0.019882968068122862,0.030629928782582284,0.06960846781730652,0.0,0.07127920538187027,0.0,0.281987726688385
3304,0.006272227503359318,0.02037455141544342,0.029130690172314642,0.06805436909198762,0.0,0.07127677649259567,0.0,0.28198352456092834
3305,0.006619861163198948,0.019923734292387963,0.03155453428626061,0.06765002831816673,0.0,0.07127457112073898,0.0,0.2819797098636627
3306,0.006865858193486929,0.018794603273272516,0.02932305298745632,0.07365438044071197,0.0,0.0712696835398674,0.0,0.2819754481315613
3307,0.006963810417801142,0.019126934558153154,0.03277412988245487,0.0700376495718956,0.0,0.07126761227846146,0.0,0.28197136521339417
3308,0.006364290043711663,0.019186093285679818,0.02916204109787941,0.06816746741533279,0.0,0.0712658166885376,0.0,0.281968355178833
3309,0.006805332284420729,0.020299917459487914,0.028553366661071777,0.0705207958817482,0.0,0.07126297056674957,0.0,0.2819663882255554
3310,0.00685857878997922,0.019127433747053148,0.03182631582021713,0.06726382449269294,0.0,0.07126107066869736,0.0,0.28196629881858826
3311,0.006635732203722,0.019236032292246817,0.03149593658745289,0.06837088987231255,0.0,0.07125986367464066,0.0,0.28196755051612854
3312,0.006478602252900601,0.019705367833375932,0.03234777487814426,0.0695896402001381,0.0,0.07125755399465561,0.0,0.2819701135158539
3313,0.006575961504131556,0.019700894132256508,0.031019075214862822,0.06871791332960128,0.0,0.07125846296548843,0.0,0.28197339177131653
3314,0.006200814712792635,0.01937839761376381,0.03044913038611412,0.06771056354045868,0.0,0.07126044481992722,0.0,0.2819752097129822
3315,0.006682220939546823,0.018887638673186304,0.028210968524217606,0.07222387418150902,0.0,0.07126680761575699,0.0,0.2819760739803314
3316,0.0068659215234220024,0.019966908171772955,0.03279280103743076,0.06852928549051285,0.0,0.07126769423484802,0.0,0.28197845816612244
3317,0.0067894491367042065,0.019293323531746863,0.029886462166905402,0.07206797748804092,0.0,0.07126815617084503,0.0,0.2819804549217224
3318,0.006773296929895878,0.019059580564498902,0.031094702333211897,0.06845273524522781,0.0,0.071269191801548,0.0,0.2819814383983612
3319,0.006213723123073578,0.020116671174764632,0.029886502027511596,0.07237474620342255,0.0,0.07126738876104355,0.0,0.2819797396659851
3320,0.0065783622674643995,0.019948453828692436,0.029165167734026907,0.06909917294979095,0.0,0.07126522064208984,0.0,0.2819785475730896
3321,0.0068189727142453195,0.020027929916977882,0.02896103709936142,0.06633244603872299,0.0,0.07126061618328094,0.0,0.28197580575942993
3322,0.006432678457349539,0.019284913316369057,0.028827081993222238,0.07079917937517166,0.0,0.071257583796978,0.0,0.2819730043411255
3323,0.006621519103646278,0.019125252962112427,0.029167593643069267,0.07167199403047561,0.0,0.07125525921583176,0.0,0.2819684147834778
3324,0.006377738155424595,0.01914803497493267,0.030171652510762214,0.06735088974237442,0.0,0.07125654071569443,0.0,0.2819635272026062
3325,0.006786297447979451,0.018562150374054908,0.031052952632308006,0.07654868811368942,0.0,0.07125545293092728,0.0,0.28196102380752563
3326,0.006630418729037047,0.01938028894364834,0.03243257738649845,0.0692756563425064,0.0,0.07125357538461685,0.0,0.28196191787719727
3327,0.006706124730408191,0.01990019381046295,0.02954621836543083,0.07050664573907853,0.0,0.07125033438205719,0.0,0.2819628417491913
3328,0.006846995279192925,0.01911797747015953,0.030296263843774797,0.07470313012599945,0.0,0.07124371826648712,0.0,0.28196415305137634
3329,0.006385149899870157,0.019326499104499816,0.03042816072702408,0.07117007970809937,0.0,0.07123501598834991,0.0,0.2819657325744629
3330,0.006346082873642444,0.019754650071263313,0.028288548439741136,0.06988703012466431,0.0,0.07123016566038132,0.0,0.2819668650627136
3331,0.006884248182177544,0.018981057032942773,0.02880324199795723,0.06580270752310753,0.0,0.07122506201267242,0.0,0.28196659684181213
3332,0.0066636035218834875,0.01891303136944771,0.031026231497526167,0.0677221029996872,0.0,0.07121634483337402,0.0,0.2819657325744629
3333,0.006558557040989399,0.019007543846964837,0.03037622645497322,0.06933099329471588,0.0,0.07120539993047714,0.0,0.28196531534194946
3334,0.006225054245442152,0.01878552921116352,0.030667876824736595,0.07098500281572342,0.0,0.07119546830654144,0.0,0.2819642722606659
3335,0.006283883657306433,0.019131675362586975,0.03108200095593929,0.07003102898597717,0.0,0.07118435204029083,0.0,0.2819620966911316
3336,0.006106566358357668,0.019793291017413138,0.030876268073916434,0.07137338072061539,0.0,0.07117258012294769,0.0,0.2819600999355316
3337,0.006921352166682482,0.020541843399405478,0.02807043008506298,0.06613695472478867,0.0,0.07116077095270157,0.0,0.2819589078426361
3338,0.006876184511929751,0.01946670338511467,0.031362779438495636,0.06575010791420936,0.0,0.07114797830581665,0.0,0.28195494413375854
3339,0.006402245350182056,0.018755173310637474,0.030832689255475998,0.07054013460874557,0.0,0.0711357593536377,0.0,0.28195229172706604
3340,0.0066703113727271555,0.020495082437992095,0.030899577587842942,0.07237009257078171,0.0,0.07112260907888412,0.0,0.28195270895957947
3341,0.0065332379192113875,0.018428736925125123,0.029429224133491517,0.06720133274793624,0.0,0.07110781967639923,0.0,0.2819511592388153
3342,0.00691110584884882,0.019127970561385155,0.029288525506854058,0.07206721976399422,0.0,0.07109422236680984,0.0,0.2819530665874481
3343,0.0063241634517908095,0.019044385477900504,0.02961576096713543,0.06838909983634948,0.0,0.07108515501022339,0.0,0.2819560766220093
3344,0.006558430567383766,0.02086203992366791,0.029764027521014213,0.0679702989757061,0.0,0.071077860891819,0.0,0.2819581925868988
3345,0.006466162111610174,0.0205630898475647,0.030369610339403153,0.07173625975847245,0.0,0.07107357680797577,0.0,0.281961053609848
3346,0.006210243701934815,0.019550533965229988,0.03208158649504185,0.06786359995603561,0.0,0.07107164710760117,0.0,0.2819632589817047
3347,0.0063872020691633224,0.01929401606321335,0.030070571601390837,0.06936385333538056,0.0,0.0710662230849266,0.0,0.28196394443511963
3348,0.006407609861344099,0.018393253535032274,0.030195439606904982,0.07426651120185852,0.0,0.0710625872015953,0.0,0.2819650173187256
3349,0.0069632231257855896,0.019713503122329713,0.03170316219329834,0.06780137121677399,0.0,0.07106208056211472,0.0,0.2819643020629883
3350,0.006304644607007503,0.020237183198332787,0.029450970888137817,0.06578563153743744,0.0,0.07106375694274902,0.0,0.2819640040397644
3351,0.00621191319078207,0.018497035279870032,0.028577717766165734,0.07212420403957367,0.0,0.07106553018093109,0.0,0.28196245431900024
3352,0.006606616545468569,0.020466258749365807,0.03032831698656082,0.0697399452328682,0.0,0.07106886059045792,0.0,0.28196048736572266
3353,0.006656815577298403,0.019326488301157952,0.029633405432105065,0.06861786842346192,0.0,0.07107270509004593,0.0,0.2819608449935913
3354,0.006499354261904955,0.01912097856402397,0.03130618520081043,0.07069704234600067,0.0,0.0710756927728653,0.0,0.2819618880748749
3355,0.006613774504512548,0.019808797910809518,0.028230270370841026,0.06877828389406204,0.0,0.07107450067996979,0.0,0.28196364641189575
3356,0.006805685255676508,0.02034977190196514,0.031106577813625337,0.07223266810178756,0.0,0.07107273489236832,0.0,0.2819661796092987
3357,0.006683492381125688,0.01960892304778099,0.02959592267870903,0.07128123193979263,0.0,0.07107118517160416,0.0,0.2819691002368927
3358,0.006374059244990349,0.01945119835436344,0.02917642891407013,0.06946832835674285,0.0,0.07106433063745499,0.0,0.28197354078292847
3359,0.0065721294842660425,0.019724396616220476,0.029993302002549172,0.06959170401096344,0.0,0.07105831056833267,0.0,0.28197890520095825
3360,0.0067583785392344,0.019672006741166113,0.029346895590424537,0.06857140213251114,0.0,0.0710582584142685,0.0,0.2819845378398895
3361,0.006359693501144648,0.02031139060854912,0.02962716855108738,0.07014850527048111,0.0,0.07105432450771332,0.0,0.28199076652526855
3362,0.0063742782920598985,0.02000349797308445,0.029164540767669677,0.07280828803777695,0.0,0.07104943692684174,0.0,0.2819964289665222
3363,0.00667120860889554,0.01989227384328842,0.028562115505337715,0.06633599773049355,0.0,0.07104884088039398,0.0,0.2820013761520386
3364,0.006298316176980734,0.019732601568102838,0.029663022607564926,0.07160266339778901,0.0,0.07104496657848358,0.0,0.2820051312446594
3365,0.006295418832451105,0.01987634189426899,0.030732423067092896,0.0693456068634987,0.0,0.07104414701461792,0.0,0.2820090651512146
3366,0.006535301264375448,0.018964993208646773,0.03281947895884514,0.06947924792766572,0.0,0.07104802131652832,0.0,0.282011479139328
3367,0.00669861426576972,0.0206209696829319,0.03261784166097641,0.07058796435594558,0.0,0.07105126231908798,0.0,0.2820115089416504
3368,0.006250192597508431,0.020014968514442445,0.02842901460826397,0.06944038271903992,0.0,0.07105587422847748,0.0,0.2820112705230713
3369,0.006511009857058525,0.020142415910959242,0.02847362160682678,0.06962181031703948,0.0,0.07106374204158783,0.0,0.28201067447662354
3370,0.006886570900678635,0.018929772078990936,0.029562142491340638,0.07103183269500732,0.0,0.07107751071453094,0.0,0.2820095419883728
3371,0.006267894338816404,0.01939884163439274,0.030028532072901726,0.07225836366415024,0.0,0.07109314203262329,0.0,0.2820087969303131
3372,0.006173199228942394,0.020434434339404107,0.029580740630626677,0.0672575056552887,0.0,0.07110264897346497,0.0,0.2820109724998474
3373,0.006616266909986734,0.01846740022301674,0.028138145804405212,0.07659825384616852,0.0,0.07110930979251862,0.0,0.28201428055763245
3374,0.006919795647263527,0.01941046752035618,0.031117789074778558,0.07176205217838287,0.0,0.07111355662345886,0.0,0.2820191979408264
3375,0.006392674054950476,0.02053312510251999,0.029823748022317888,0.06798976361751556,0.0,0.0711202621459961,0.0,0.2820248603820801
3376,0.006388437002897263,0.019872982800006867,0.03011521212756634,0.0685084655880928,0.0,0.07112576067447662,0.0,0.28203171491622925
3377,0.006410501804202795,0.020503247529268263,0.030894191935658455,0.06991700530052185,0.0,0.07112856954336166,0.0,0.2820381224155426
3378,0.006466605607420206,0.01970463655889034,0.03033725842833519,0.07207756340503693,0.0,0.0711270347237587,0.0,0.28204241394996643
3379,0.006702328100800514,0.019321230053901673,0.030950391292572023,0.07053745388984681,0.0,0.07112348824739456,0.0,0.28204357624053955
3380,0.006309837754815817,0.01949760541319847,0.031009917333722114,0.07182118594646454,0.0,0.07111866772174835,0.0,0.2820433974266052
3381,0.006656283792108297,0.019358419254422186,0.030274832248687746,0.07230117321014404,0.0,0.07111940532922745,0.0,0.2820444405078888
3382,0.006924793962389231,0.019192079454660414,0.03251234032213688,0.06819067299365997,0.0,0.07112164050340652,0.0,0.2820437550544739
3383,0.006184084340929985,0.019227362424135207,0.0293886698782444,0.07460675090551376,0.0,0.07112566381692886,0.0,0.2820424437522888
3384,0.006482370477169752,0.01966869831085205,0.030260331556200983,0.06425321623682975,0.0,0.07113166153430939,0.0,0.28204116225242615
3385,0.0062024789862334725,0.018997975811362266,0.029825742915272714,0.07070193886756897,0.0,0.07113367319107056,0.0,0.28203916549682617
3386,0.006424795463681221,0.01906917616724968,0.03204888515174389,0.07148406207561493,0.0,0.0711369663476944,0.0,0.28203749656677246
3387,0.006749289110302925,0.019972771033644678,0.030424657464027404,0.06809304058551788,0.0,0.0711447224020958,0.0,0.28203627467155457
3388,0.0067718193866312506,0.01890300214290619,0.02995036244392395,0.07309113889932632,0.0,0.07115139067173004,0.0,0.28203728795051575
3389,0.006448879837989807,0.019515280425548554,0.029776513949036597,0.07352830171585083,0.0,0.07115277647972107,0.0,0.282038152217865
3390,0.006426393054425716,0.020157525688409804,0.029400788992643357,0.07161171436309814,0.0,0.07115863263607025,0.0,0.28203874826431274
3391,0.006645533163100481,0.01970703713595867,0.029518988355994223,0.0731714867055416,0.0,0.07116392999887466,0.0,0.2820383906364441
3392,0.0066490951925516125,0.019217997044324874,0.027303782850503923,0.06884074658155441,0.0,0.07117536664009094,0.0,0.2820366322994232
3393,0.006447317637503147,0.01981472261250019,0.02983002960681915,0.07024550437927246,0.0,0.07118553668260574,0.0,0.28203433752059937
3394,0.00673954701051116,0.02041129656136036,0.030244653299450874,0.06688580363988876,0.0,0.07119326293468475,0.0,0.2820321321487427
3395,0.006545331794768572,0.020199504122138022,0.031188696250319482,0.07418117225170136,0.0,0.07120148837566376,0.0,0.28202956914901733
3396,0.006696948036551476,0.018828177452087404,0.029455855116248132,0.06919517666101456,0.0,0.07121596485376358,0.0,0.28202757239341736
3397,0.006592955719679594,0.020293619483709335,0.03090969957411289,0.0722995325922966,0.0,0.07123187929391861,0.0,0.2820279002189636
3398,0.00689956471323967,0.019354867562651635,0.02892966940999031,0.07223276793956757,0.0,0.07124670594930649,0.0,0.28202566504478455
3399,0.006159426737576723,0.02001749090850353,0.031189190968871117,0.0670648455619812,0.0,0.07125747948884964,0.0,0.2820228934288025
3400,0.006408200040459633,0.019038278982043265,0.028650085628032684,0.06895795539021492,0.0,0.07127241790294647,0.0,0.2820187211036682
3401,0.0066918076016008856,0.02031342014670372,0.029779863357543946,0.06892082095146179,0.0,0.0712846964597702,0.0,0.28201425075531006
3402,0.00668540047481656,0.018544986844062805,0.02932552099227905,0.07284927517175674,0.0,0.07129957526922226,0.0,0.2820099890232086
3403,0.006729261111468076,0.019646312668919565,0.03093860112130642,0.06779741123318672,0.0,0.07131221145391464,0.0,0.28201067447662354
3404,0.006475534290075302,0.01906624063849449,0.02902486138045788,0.07186703681945801,0.0,0.0713241919875145,0.0,0.2820114195346832
3405,0.006657329760491848,0.02062656097114086,0.02990582473576069,0.06859497874975204,0.0,0.07133440673351288,0.0,0.28201332688331604
3406,0.006457820814102888,0.019886498525738715,0.030328120291233062,0.0705205738544464,0.0,0.07134558260440826,0.0,0.282016396522522
3407,0.007039627712219954,0.019616446271538735,0.030250973999500275,0.07182347774505615,0.0,0.07135511934757233,0.0,0.2820192575454712
3408,0.006211109738796949,0.020741211995482445,0.03144203759729862,0.07367624640464783,0.0,0.07136310636997223,0.0,0.28202325105667114
3409,0.006631628517061472,0.020170487463474274,0.02906518615782261,0.06846787855029106,0.0,0.07137376070022583,0.0,0.2820267081260681
3410,0.006740242894738913,0.02077973261475563,0.030164952948689462,0.06821132749319077,0.0,0.07138173282146454,0.0,0.2820296585559845
3411,0.006959288101643324,0.018819792568683623,0.029973450303077697,0.06920192539691924,0.0,0.07138676941394806,0.0,0.28203272819519043
3412,0.006947547849267721,0.019731704518198966,0.028830602765083313,0.06627404987812043,0.0,0.0713929757475853,0.0,0.282034307718277
3413,0.006568735186010599,0.0203474722802639,0.028385379165410996,0.07241936624050141,0.0,0.07140032947063446,0.0,0.28203529119491577
3414,0.006773877423256636,0.02017255239188671,0.031013144925236703,0.07014892920851708,0.0,0.07140525430440903,0.0,0.2820357382297516
3415,0.006519515533000231,0.019156480208039284,0.030862536653876303,0.07063689529895782,0.0,0.07141150534152985,0.0,0.2820342183113098
3416,0.006692360248416662,0.019908549264073372,0.03180257678031921,0.068299812823534,0.0,0.0714179128408432,0.0,0.28203457593917847
3417,0.006829529348760843,0.01998557858169079,0.030956362560391425,0.06948591917753219,0.0,0.07142524421215057,0.0,0.2820327579975128
3418,0.006945450324565172,0.01869976967573166,0.029507366195321082,0.07180496156215668,0.0,0.07143476605415344,0.0,0.2820316255092621
3419,0.006962785217911005,0.018047494813799858,0.028355294838547707,0.07247109264135361,0.0,0.07144276052713394,0.0,0.28203317523002625
3420,0.006496395356953144,0.019845554232597352,0.030378658697009085,0.0686851218342781,0.0,0.07144512236118317,0.0,0.28203457593917847
3421,0.006488050986081362,0.0202320646494627,0.027969320863485338,0.06831368505954742,0.0,0.07145174592733383,0.0,0.28203633427619934
3422,0.006592053547501564,0.019918481633067132,0.031231119111180306,0.07024908065795898,0.0,0.07146137952804565,0.0,0.2820380628108978
3423,0.006716741994023323,0.018842804431915283,0.03029027096927166,0.07494322657585144,0.0,0.07147164642810822,0.0,0.28203970193862915
3424,0.006709968298673629,0.01915038302540779,0.030413127318024636,0.06724850535392761,0.0,0.07148709148168564,0.0,0.28204068541526794
3425,0.00639192657545209,0.02019837312400341,0.0299803227186203,0.07031820118427276,0.0,0.07149861007928848,0.0,0.28204113245010376
3426,0.006612081173807382,0.02009422890841961,0.029805196449160576,0.0705970749258995,0.0,0.07150831818580627,0.0,0.28204140067100525
3427,0.006448529753834009,0.01974821537733078,0.029857379943132402,0.07148603498935699,0.0,0.07151950895786285,0.0,0.2820427119731903
3428,0.006356136593967676,0.019724201411008835,0.030219949036836623,0.06929412335157395,0.0,0.07153226435184479,0.0,0.2820448875427246
3429,0.006558216921985149,0.01887640468776226,0.029546111822128296,0.06477612853050232,0.0,0.07153968513011932,0.0,0.28204867243766785
3430,0.006519885640591383,0.019792483001947404,0.029307086765766144,0.06936434879899026,0.0,0.07154577225446701,0.0,0.2820482850074768
3431,0.006724453717470169,0.01943919323384762,0.03083125352859497,0.07027100324630738,0.0,0.07155749946832657,0.0,0.28204816579818726
3432,0.006556270178407431,0.0195403590798378,0.030643170326948167,0.06860940307378768,0.0,0.07156796753406525,0.0,0.2820482850074768
3433,0.006332824286073446,0.02027471289038658,0.030255864933133127,0.06416234374046326,0.0,0.0715785026550293,0.0,0.2820458710193634
3434,0.006528283003717661,0.01905687414109707,0.02875567562878132,0.06930137127637863,0.0,0.07158546149730682,0.0,0.28204095363616943
3435,0.006402319483458996,0.01945025585591793,0.028359782695770264,0.06484324336051941,0.0,0.0715913325548172,0.0,0.2820347249507904
3436,0.006444014422595501,0.01933862902224064,0.03157601654529572,0.06914977878332138,0.0,0.07159674167633057,0.0,0.28203049302101135
3437,0.006618982646614313,0.019306419417262077,0.030046937242150306,0.06760699301958084,0.0,0.07159821689128876,0.0,0.2820281982421875
3438,0.0064703506417572495,0.01997445970773697,0.032184486463665965,0.06853822767734527,0.0,0.07159928232431412,0.0,0.2820266783237457
3439,0.006700374558568001,0.019021312519907952,0.03147321380674839,0.06568265706300735,0.0,0.0716017335653305,0.0,0.28202754259109497
3440,0.006292121391743422,0.019360244274139404,0.030500150099396706,0.07214944064617157,0.0,0.07160983234643936,0.0,0.28202787041664124
3441,0.0066619194112718105,0.019151199609041214,0.032762333378195764,0.06843128055334091,0.0,0.07161615043878555,0.0,0.2820293605327606
3442,0.006924869585782289,0.019911407306790353,0.02869414947926998,0.07166137099266053,0.0,0.0716211199760437,0.0,0.2820284366607666
3443,0.0063847734592854975,0.019044190645217896,0.029386024922132492,0.07431087791919708,0.0,0.07162557542324066,0.0,0.28202879428863525
3444,0.006717556808143854,0.02026154361665249,0.031150125339627265,0.06929977685213089,0.0,0.07162494957447052,0.0,0.28202754259109497
3445,0.006221929285675287,0.020047184079885483,0.028548465669155122,0.0732292503118515,0.0,0.07162250578403473,0.0,0.28202733397483826
3446,0.0062086210586130616,0.020004177838563918,0.028952505066990854,0.07218592464923859,0.0,0.07162041962146759,0.0,0.2820283770561218
3447,0.006731927115470171,0.01951433755457401,0.030345193296670913,0.07382462620735168,0.0,0.07162205874919891,0.0,0.28203025460243225
3448,0.006368739902973175,0.01960149221122265,0.03083389438688755,0.06631491333246231,0.0,0.07162045687437057,0.0,0.2820320129394531
3449,0.00686291242018342,0.01823042184114456,0.02756586968898773,0.06982398927211761,0.0,0.07161277532577515,0.0,0.2820327877998352
3450,0.006924372632056475,0.019450587406754493,0.03022678792476654,0.0708356335759163,0.0,0.0716019794344902,0.0,0.2820339500904083
3451,0.0067981243133544925,0.020478290691971778,0.02950093150138855,0.06544263660907745,0.0,0.0715833455324173,0.0,0.282034695148468
3452,0.006415081024169922,0.020377587899565695,0.03255415558815002,0.07241713106632233,0.0,0.07156287133693695,0.0,0.2820354998111725
3453,0.0067052124999463555,0.020278215780854224,0.03061140440404415,0.06777861416339874,0.0,0.07154275476932526,0.0,0.28203508257865906
3454,0.006732807215303183,0.019273860007524492,0.030065308883786203,0.07023129612207413,0.0,0.07152362167835236,0.0,0.2820357382297516
3455,0.006280607916414738,0.019088251516222954,0.02934471219778061,0.0690516784787178,0.0,0.07150347530841827,0.0,0.2820374369621277
3456,0.006451998371630907,0.019728777930140495,0.03009814992547035,0.07164552956819534,0.0,0.07147879153490067,0.0,0.2820379137992859
3457,0.006452270876616239,0.020151863992214202,0.028040065616369247,0.06845262348651886,0.0,0.07145529240369797,0.0,0.2820386290550232
3458,0.006885470449924469,0.019277970492839813,0.030674535036087035,0.06775153130292892,0.0,0.0714331716299057,0.0,0.2820369601249695
3459,0.0066131225787103174,0.02060268111526966,0.03045533411204815,0.06836834847927094,0.0,0.07141202688217163,0.0,0.2820347845554352
3460,0.00645840922370553,0.019700799137353897,0.029252883046865463,0.0661573126912117,0.0,0.07139038294553757,0.0,0.28203240036964417
3461,0.006628693919628859,0.020088621601462364,0.0300787977874279,0.06929861009120941,0.0,0.07136810570955276,0.0,0.28202947974205017
3462,0.0067850804887712,0.0186238631606102,0.030856145173311235,0.06628126502037049,0.0,0.07135002315044403,0.0,0.2820280194282532
3463,0.006631586514413357,0.01876618303358555,0.030992236733436585,0.06973427087068558,0.0,0.07133352756500244,0.0,0.2820281982421875
3464,0.006590165011584759,0.019623730704188345,0.02991962544620037,0.06533631458878517,0.0,0.07132046669721603,0.0,0.2820269763469696
3465,0.006606609933078289,0.01942206099629402,0.03144546896219254,0.06714034080505371,0.0,0.07130926847457886,0.0,0.2820238769054413
3466,0.006745280139148236,0.02009691223502159,0.030917773395776747,0.06710237488150597,0.0,0.07130090147256851,0.0,0.2820211946964264
3467,0.006669770088046789,0.019961977377533913,0.029914190620183946,0.07340532392263413,0.0,0.07129062712192535,0.0,0.28201907873153687
3468,0.006555730383843184,0.019821428507566453,0.030968475341796874,0.06972104161977768,0.0,0.07128288596868515,0.0,0.28201764822006226
3469,0.006356975995004177,0.019404394179582597,0.03188270702958107,0.06892462074756622,0.0,0.07127341628074646,0.0,0.28201717138290405
3470,0.0066831066273152825,0.018902556598186494,0.030254359915852548,0.07568712383508683,0.0,0.07126569747924805,0.0,0.282018780708313
3471,0.006238820217549801,0.01882750503718853,0.03049636445939541,0.07119902521371842,0.0,0.07125470042228699,0.0,0.2820204496383667
3472,0.0068375513888895515,0.020439353585243226,0.03140040524303913,0.06839414238929749,0.0,0.07123973965644836,0.0,0.282022625207901
3473,0.00638390751555562,0.019451321661472322,0.030627168342471124,0.07116496115922928,0.0,0.07122541218996048,0.0,0.2820238769054413
3474,0.006718645617365837,0.019604690745472907,0.029929626360535623,0.06988903731107712,0.0,0.07120993733406067,0.0,0.2820266783237457
3475,0.006764445919543505,0.019365403056144714,0.027618901059031486,0.06951519101858139,0.0,0.07119549810886383,0.0,0.2820292115211487
3476,0.00675335768610239,0.019948359206318857,0.030556374788284303,0.07225528210401536,0.0,0.0711803138256073,0.0,0.28203338384628296
3477,0.006333098374307155,0.019213519990444183,0.02908775843679905,0.06745038628578186,0.0,0.07116614282131195,0.0,0.28203728795051575
3478,0.006542508956044912,0.019639282673597335,0.03143229074776173,0.07144881933927535,0.0,0.07115577906370163,0.0,0.2820419371128082
3479,0.00653946390375495,0.019685987383127213,0.030909740924835206,0.06624588072299957,0.0,0.07114904373884201,0.0,0.2820442318916321
3480,0.006390138622373342,0.020117738842964174,0.029438099637627602,0.06700633615255355,0.0,0.07114244997501373,0.0,0.2820461392402649
3481,0.006388405524194241,0.019092585518956186,0.029713182896375655,0.07168537676334381,0.0,0.0711376816034317,0.0,0.2820473313331604
3482,0.006686088535934687,0.01957079619169235,0.030455667153000833,0.06968226730823517,0.0,0.07113485038280487,0.0,0.2820504307746887
3483,0.006491627730429173,0.020279913023114205,0.028579800575971603,0.06576230004429817,0.0,0.07113095372915268,0.0,0.2820507884025574
3484,0.006277707125991583,0.020110471174120903,0.031021756306290626,0.06902766078710557,0.0,0.07113204896450043,0.0,0.2820499837398529
3485,0.006922799162566662,0.01950572691857815,0.029854875430464743,0.0678284853696823,0.0,0.07113310694694519,0.0,0.28204768896102905
3486,0.006656012870371342,0.019207819178700448,0.028677505627274513,0.06820827946066857,0.0,0.07113762944936752,0.0,0.2820454239845276
3487,0.006891699600964784,0.019633759930729865,0.03164819851517677,0.06710608154535294,0.0,0.0711451917886734,0.0,0.28204345703125
3488,0.0065788797102868555,0.019313838332891464,0.031232941895723343,0.06815617233514785,0.0,0.07115606963634491,0.0,0.2820437252521515
3489,0.006415717862546444,0.01990909203886986,0.030511194840073586,0.06817642599344254,0.0,0.07116885483264923,0.0,0.2820454239845276
3490,0.006750608235597611,0.018289927020668985,0.02914568819105625,0.06725638061761856,0.0,0.07118439674377441,0.0,0.28204575181007385
3491,0.0067038416862487795,0.019385433569550515,0.028367805108428002,0.07036850899457932,0.0,0.07119699567556381,0.0,0.2820466160774231
3492,0.006664892565459013,0.01873280666768551,0.029257918521761895,0.06880534887313842,0.0,0.07120638340711594,0.0,0.2820463180541992
3493,0.006595390290021897,0.02001584768295288,0.03037986010313034,0.06938662827014923,0.0,0.07121584564447403,0.0,0.28204700350761414
3494,0.006642374582588673,0.01876438669860363,0.02960657998919487,0.07264406681060791,0.0,0.07122806459665298,0.0,0.28204870223999023
3495,0.006772180367261171,0.020023351162672044,0.03019461892545223,0.0652518056333065,0.0,0.07124166190624237,0.0,0.28205233812332153
3496,0.006522103026509285,0.019659651815891264,0.029360031336545946,0.06845638304948806,0.0,0.07126079499721527,0.0,0.2820547819137573
3497,0.006696684751659632,0.019723593071103097,0.029953279346227647,0.0677097424864769,0.0,0.07128633558750153,0.0,0.282054603099823
3498,0.00632110582664609,0.019613088667392732,0.02976694330573082,0.06507133319973946,0.0,0.07130886614322662,0.0,0.28205233812332153
3499,0.006703217048197985,0.01990319639444351,0.032653861492872235,0.06684339791536331,0.0,0.07133369147777557,0.0,0.28204989433288574
3500,0.006544410716742277,0.019692405685782434,0.02962036356329918,0.06913390308618546,0.0,0.07135310024023056,0.0,0.28204643726348877
3501,0.006526769883930683,0.02023337371647358,0.028808283805847167,0.06628158837556838,0.0,0.07137147337198257,0.0,0.2820439636707306
3502,0.006660473346710205,0.019674629718065263,0.030841538682579994,0.06973863914608955,0.0,0.07138845324516296,0.0,0.28203853964805603
3503,0.006807426828891039,0.019711654633283615,0.03003606162965298,0.06823422610759736,0.0,0.0714026540517807,0.0,0.2820334732532501
3504,0.006401783600449562,0.019724420830607416,0.030015400052070616,0.06487138494849205,0.0,0.07141522318124771,0.0,0.28202810883522034
3505,0.006886748131364584,0.01925130933523178,0.03086686655879021,0.07306757271289825,0.0,0.07142571359872818,0.0,0.2820233404636383
3506,0.006152619607746601,0.019424339383840562,0.031057491898536682,0.07258320897817612,0.0,0.07143189013004303,0.0,0.28201839327812195
3507,0.006638866104185581,0.019094330817461015,0.03187389522790909,0.06963943690061569,0.0,0.07143815606832504,0.0,0.28201374411582947
3508,0.006307570263743401,0.019604137912392617,0.03114078752696514,0.07069558501243592,0.0,0.07143943011760712,0.0,0.2820097804069519
3509,0.007065940927714109,0.020349112898111345,0.031187660247087478,0.06200630813837051,0.0,0.07143883407115936,0.0,0.28200671076774597
3510,0.006262366101145745,0.019745451956987382,0.029030647501349448,0.07084780186414719,0.0,0.07143718004226685,0.0,0.28200477361679077
3511,0.006269037909805775,0.018798870593309404,0.030098113045096398,0.07134772986173629,0.0,0.07143937051296234,0.0,0.2820022404193878
3512,0.00655247075483203,0.01966877467930317,0.0313254252076149,0.07261161357164383,0.0,0.07144062221050262,0.0,0.28200119733810425
3513,0.006366042513400316,0.020412441343069077,0.02922317907214165,0.06883721947669982,0.0,0.0714455246925354,0.0,0.2820003032684326
3514,0.006292747519910336,0.0187136672437191,0.02870386727154255,0.07195961326360703,0.0,0.07145679742097855,0.0,0.2820010781288147
3515,0.006314069777727127,0.019471675902605057,0.03156123869121075,0.06582586169242859,0.0,0.07146403193473816,0.0,0.28200334310531616
3516,0.006737053766846657,0.02038241848349571,0.03029569424688816,0.06832950562238693,0.0,0.07146815955638885,0.0,0.2820052206516266
3517,0.006186420563608408,0.019383051618933677,0.029844624176621436,0.0698453277349472,0.0,0.07147308439016342,0.0,0.2820053696632385
3518,0.006655716616660356,0.01936609260737896,0.029343461617827415,0.06919725090265275,0.0,0.07147820293903351,0.0,0.2820068597793579
3519,0.006629044748842716,0.019251972436904907,0.031471554189920425,0.06881002932786942,0.0,0.07148419320583344,0.0,0.28200849890708923
3520,0.006372620258480311,0.01925961785018444,0.028663961961865426,0.06805258467793465,0.0,0.07149243354797363,0.0,0.28201067447662354
3521,0.006602751091122627,0.019759683310985564,0.03270151540637016,0.06866788417100907,0.0,0.07149828970432281,0.0,0.2820150852203369
3522,0.007022732589393854,0.01917092949151993,0.030815541744232178,0.06888330429792404,0.0,0.07150743901729584,0.0,0.2820203900337219
3523,0.006445486005395651,0.019151335582137108,0.02948174849152565,0.07162892669439316,0.0,0.07151190936565399,0.0,0.282026082277298
3524,0.006614944804459811,0.01959427446126938,0.029617993533611296,0.06840100288391113,0.0,0.07151907682418823,0.0,0.2820303440093994
3525,0.0068644252605736256,0.019256693497300147,0.029365302994847298,0.06891213059425354,0.0,0.07152731716632843,0.0,0.28203317523002625
3526,0.007121285144239664,0.01902582310140133,0.027941663563251496,0.06986270099878311,0.0,0.07153084129095078,0.0,0.28203335404396057
3527,0.006557057145982981,0.019684111699461937,0.03008519969880581,0.06941060721874237,0.0,0.07153429836034775,0.0,0.2820332944393158
3528,0.006405061762779951,0.020266075059771536,0.030390675738453866,0.06669053137302398,0.0,0.07153764367103577,0.0,0.28203076124191284
3529,0.006421098299324512,0.02022146210074425,0.03130406141281128,0.0715744823217392,0.0,0.07154177874326706,0.0,0.2820270359516144
3530,0.006639018282294273,0.019328973069787026,0.031523827090859415,0.07085908949375153,0.0,0.07154703140258789,0.0,0.28202223777770996
3531,0.00653894292190671,0.020088011398911476,0.029743923619389535,0.07163620591163636,0.0,0.07155175507068634,0.0,0.282015860080719
3532,0.006165017932653427,0.02059255540370941,0.029763884842395782,0.06776352897286415,0.0,0.07155346870422363,0.0,0.28201228380203247
3533,0.006456921156495809,0.02015783078968525,0.03040684461593628,0.07199589759111405,0.0,0.07155530154705048,0.0,0.2820091247558594
3534,0.00639073783531785,0.020765607059001923,0.028477142006158827,0.0675034299492836,0.0,0.0715610682964325,0.0,0.28200653195381165
3535,0.006496670376509428,0.01894838400185108,0.030284357815980913,0.06517266631126403,0.0,0.0715704932808876,0.0,0.2820071578025818
3536,0.006438667420297861,0.019314876198768614,0.03014165982604027,0.06660178899765015,0.0,0.07158952951431274,0.0,0.2820088267326355
3537,0.006145330052822829,0.01867092363536358,0.028783072158694266,0.06873283237218857,0.0,0.07160810381174088,0.0,0.2820116877555847
3538,0.006923372950404882,0.019046757370233536,0.029060852155089377,0.07158204168081284,0.0,0.07162373512983322,0.0,0.28201478719711304
3539,0.006303899828344584,0.019329967349767684,0.03023870624601841,0.07104392498731613,0.0,0.07163885235786438,0.0,0.2820199429988861
3540,0.006155357416719198,0.01968681737780571,0.03037644289433956,0.07095939964056015,0.0,0.07165674865245819,0.0,0.282025545835495
3541,0.007058453373610973,0.019625817984342576,0.028801141306757927,0.07449393570423127,0.0,0.07167354971170425,0.0,0.2820299565792084
3542,0.0066203798167407514,0.020230981335043908,0.030471472442150115,0.06870188564062119,0.0,0.07169003039598465,0.0,0.2820339798927307
3543,0.0069754008203744885,0.020011411234736442,0.02875922843813896,0.06938777416944504,0.0,0.07170227915048599,0.0,0.282036155462265
3544,0.0066777713596820835,0.020096251741051674,0.030389738082885743,0.06838675886392594,0.0,0.07172215729951859,0.0,0.28203684091567993
3545,0.006975852698087692,0.019700729474425315,0.03052000254392624,0.06709456592798232,0.0,0.07173763960599899,0.0,0.2820379436016083
3546,0.007005162164568901,0.02049051895737648,0.030613368004560472,0.06534756571054459,0.0,0.07174982875585556,0.0,0.2820355296134949
3547,0.006665524188429117,0.019191246852278708,0.029759364575147627,0.06905739158391952,0.0,0.07176529616117477,0.0,0.28203365206718445
3548,0.006444032583385706,0.01982414089143276,0.03227235563099384,0.07000956833362579,0.0,0.07177864015102386,0.0,0.28203272819519043
3549,0.0068416445516049865,0.019091789051890372,0.030837487429380417,0.06942154318094254,0.0,0.07178868353366852,0.0,0.2820337414741516
3550,0.00706425542011857,0.019884302094578744,0.028659430146217347,0.06718436181545258,0.0,0.0717945471405983,0.0,0.2820356786251068
3551,0.006701418291777372,0.019703295081853867,0.03034607172012329,0.06882040053606034,0.0,0.07179825007915497,0.0,0.2820395827293396
3552,0.0065242331475019455,0.01917399950325489,0.028351610898971556,0.06967723295092583,0.0,0.07179716974496841,0.0,0.2820435166358948
3553,0.006382839009165764,0.020058176293969155,0.030773240700364114,0.06850962936878205,0.0,0.07179410755634308,0.0,0.28204816579818726
3554,0.006742529850453138,0.01973251551389694,0.03026116229593754,0.06608685553073883,0.0,0.07178808748722076,0.0,0.2820531725883484
3555,0.006562268082052469,0.019620341807603837,0.030849430337548257,0.064802648127079,0.0,0.07177869975566864,0.0,0.282057523727417
3556,0.00670678373426199,0.019635779410600664,0.029591494426131248,0.06956394761800766,0.0,0.071763776242733,0.0,0.2820625901222229
3557,0.006785192526876926,0.019651439785957337,0.030610387027263642,0.07174371182918549,0.0,0.07175084203481674,0.0,0.28206491470336914
3558,0.006870332546532154,0.019813704118132592,0.029476602002978324,0.0697016954421997,0.0,0.07173492014408112,0.0,0.28206366300582886
3559,0.006383971869945526,0.020359682291746138,0.029139331728219985,0.06585356444120408,0.0,0.07172083854675293,0.0,0.28206148743629456
3560,0.006792791653424501,0.018608744069933892,0.030296632274985313,0.07176942527294158,0.0,0.07170958817005157,0.0,0.28205928206443787
3561,0.006367179565131664,0.019662835448980332,0.02950121872127056,0.07114162594079972,0.0,0.07169882953166962,0.0,0.2820590138435364
3562,0.006397898867726326,0.020132896304130555,0.030757474526762963,0.06680818051099777,0.0,0.0716862827539444,0.0,0.2820577621459961
3563,0.006509170029312372,0.01950305886566639,0.03089696504175663,0.07134724408388138,0.0,0.07167431712150574,0.0,0.2820565104484558
3564,0.006502503622323274,0.01890830509364605,0.030881559103727342,0.07225967645645141,0.0,0.07166049629449844,0.0,0.2820550501346588
3565,0.006871320866048336,0.0190699502825737,0.03156731985509396,0.06766349822282791,0.0,0.07164965569972992,0.0,0.28205281496047974
3566,0.006566188018769026,0.019341324642300605,0.029510416090488434,0.071473029255867,0.0,0.07164116203784943,0.0,0.282051146030426
3567,0.006916034687310457,0.020179158076643944,0.030130602046847345,0.07155070602893829,0.0,0.07163182646036148,0.0,0.2820494771003723
3568,0.006322588957846165,0.020432892069220544,0.030874544009566306,0.07213724106550216,0.0,0.0716191977262497,0.0,0.2820494771003723
3569,0.006161298882216215,0.019207822531461714,0.03162258826196194,0.06805098652839661,0.0,0.07160499691963196,0.0,0.2820500135421753
3570,0.006464705429971218,0.020153772830963135,0.029882103204727173,0.07053907811641694,0.0,0.07159038633108139,0.0,0.2820495069026947
3571,0.006438098382204771,0.020248434320092202,0.02869514934718609,0.0672602966427803,0.0,0.07158203423023224,0.0,0.2820471227169037
3572,0.006544341426342725,0.0201138686388731,0.03056504800915718,0.06734470352530479,0.0,0.07157087326049805,0.0,0.28204429149627686
3573,0.006469746679067611,0.019120290502905847,0.03020325116813183,0.07056723535060883,0.0,0.07156287133693695,0.0,0.28204262256622314
3574,0.006764757167547941,0.018727262690663337,0.030241752043366432,0.07137601524591446,0.0,0.07155626267194748,0.0,0.28204166889190674
3575,0.006609464623034,0.02063950039446354,0.0298922348767519,0.07274111807346344,0.0,0.0715530663728714,0.0,0.2820391058921814
3576,0.006462737452238798,0.020381496101617814,0.02990405187010765,0.07036510854959488,0.0,0.0715504065155983,0.0,0.28203660249710083
3577,0.0063199220225214955,0.019824648275971413,0.030300500616431237,0.06772177070379257,0.0,0.07155098766088486,0.0,0.2820330858230591
3578,0.006455280631780624,0.02009938657283783,0.030089657008647918,0.07317459285259247,0.0,0.07155399024486542,0.0,0.28202855587005615
3579,0.006329089682549238,0.020478001981973647,0.029083428159356117,0.06753645092248917,0.0,0.07155623286962509,0.0,0.2820245325565338
3580,0.007246971689164638,0.020201753824949265,0.031341299042105676,0.06553413420915603,0.0,0.07156173139810562,0.0,0.28202059864997864
3581,0.00647209407761693,0.020112859457731246,0.031063131242990493,0.06616876870393754,0.0,0.07156835496425629,0.0,0.28201916813850403
3582,0.0063982196152210236,0.019397821649909018,0.030678638070821763,0.0678041122853756,0.0,0.07157261669635773,0.0,0.282016783952713
3583,0.006708444282412529,0.020588799938559534,0.03004010356962681,0.06923806965351105,0.0,0.07157491892576218,0.0,0.2820165455341339
3584,0.007068058662116528,0.020557359978556632,0.0287973340600729,0.07286803126335144,0.0,0.07157503813505173,0.0,0.28201693296432495
3585,0.0062819582410156725,0.02047465182840824,0.027543004602193832,0.06888328045606613,0.0,0.07156949490308762,0.0,0.28201737999916077
3586,0.006682519428431987,0.01926225796341896,0.02954103648662567,0.07210157066583633,0.0,0.07156610488891602,0.0,0.28201887011528015
3587,0.006392708048224449,0.019930166006088258,0.0298233974725008,0.06678823456168174,0.0,0.07156223058700562,0.0,0.28202110528945923
3588,0.006386029906570912,0.020275268703699112,0.029567566886544227,0.07459183633327485,0.0,0.0715649276971817,0.0,0.2820231318473816
3589,0.006204563658684492,0.020707280188798905,0.028187835589051247,0.06581650972366333,0.0,0.07156659662723541,0.0,0.28202614188194275
3590,0.006669482588768006,0.01935710832476616,0.03126098774373531,0.07103056162595749,0.0,0.07157056033611298,0.0,0.28202909231185913
3591,0.006205353792756796,0.0184092428535223,0.030672260001301764,0.07060806304216385,0.0,0.07157377898693085,0.0,0.28203147649765015
3592,0.006408975552767515,0.019614242762327195,0.029660455510020257,0.07061369717121124,0.0,0.0715796947479248,0.0,0.2820341885089874
3593,0.00659395195543766,0.019283083081245423,0.029464570805430412,0.07098562270402908,0.0,0.07158497720956802,0.0,0.2820341885089874
3594,0.006583159323781729,0.01910296455025673,0.030459953472018242,0.06926174163818359,0.0,0.07158978283405304,0.0,0.2820335030555725
3595,0.00636206055060029,0.019866211339831352,0.028982377797365188,0.06788519024848938,0.0,0.07159403711557388,0.0,0.28203192353248596
3596,0.00652712769806385,0.019926784560084343,0.029348190873861313,0.07157622426748275,0.0,0.07160002738237381,0.0,0.2820296883583069
3597,0.006158276833593846,0.019010640680789948,0.02949512526392937,0.06824000775814057,0.0,0.07160143554210663,0.0,0.282026469707489
3598,0.00623966446146369,0.018869058787822725,0.029461509734392165,0.07239302545785904,0.0,0.07160171121358871,0.0,0.2820250391960144
3599,0.006612598802894354,0.019982221350073815,0.031340353563427924,0.07165572792291641,0.0,0.07160034030675888,0.0,0.28202569484710693
3600,0.006426906492561102,0.02037978805601597,0.029624822735786437,0.06722108349204063,0.0,0.07160009443759918,0.0,0.2820258140563965
3601,0.006417745258659124,0.018904896453022957,0.03139995858073234,0.07165895849466324,0.0,0.07159937173128128,0.0,0.28202512860298157
3602,0.006489226967096329,0.01860646568238735,0.028398463129997255,0.0709669291973114,0.0,0.07159747928380966,0.0,0.2820262908935547
3603,0.006782171316444874,0.019115616753697395,0.03202460780739784,0.07077822238206863,0.0,0.0715913325548172,0.0,0.28202706575393677
3604,0.006425474490970373,0.020277856290340422,0.03165570013225079,0.06945505291223526,0.0,0.07158398628234863,0.0,0.28202757239341736
3605,0.0062348473817110065,0.019970691576600075,0.02977434769272804,0.0697042241692543,0.0,0.07158114016056061,0.0,0.2820277810096741
3606,0.006256670970469713,0.02017001360654831,0.030560633912682534,0.06948893368244172,0.0,0.07157431542873383,0.0,0.2820277214050293
3607,0.006747831497341395,0.01930832490324974,0.030671700835227966,0.0690823033452034,0.0,0.071567103266716,0.0,0.2820308804512024
3608,0.006612134911119938,0.01996338926255703,0.02906613126397133,0.06913799643516541,0.0,0.07155925035476685,0.0,0.2820356786251068
3609,0.006283815670758486,0.019734501838684082,0.03020634613931179,0.06970249265432357,0.0,0.07154461741447449,0.0,0.2820402979850769
3610,0.006565789598971606,0.01856185346841812,0.029321082681417466,0.06737766414880753,0.0,0.0715310350060463,0.0,0.28204581141471863
3611,0.006458402983844281,0.01901143565773964,0.030081748217344283,0.07111107558012009,0.0,0.07151415944099426,0.0,0.2820521295070648
3612,0.0063319489359855655,0.019781895354390143,0.02942241430282593,0.06476270854473114,0.0,0.07150281965732574,0.0,0.2820582091808319
3613,0.006672062631696463,0.020020943880081177,0.029152707755565645,0.06750102937221528,0.0,0.07149025052785873,0.0,0.282062292098999
3614,0.006651357095688581,0.0196054857224226,0.03021325133740902,0.06657365262508393,0.0,0.07148243486881256,0.0,0.28206518292427063
3615,0.006519272085279226,0.019507413357496263,0.030955148860812187,0.07257937788963317,0.0,0.07147953659296036,0.0,0.28206712007522583
3616,0.006335395481437444,0.02055308036506176,0.029493359103798866,0.07189382165670395,0.0,0.07147596776485443,0.0,0.282066285610199
3617,0.0067815065383911135,0.019077744334936142,0.03071793504059315,0.0722655326128006,0.0,0.07147348672151566,0.0,0.28206363320350647
3618,0.006385486945509911,0.019750546663999557,0.0312934122979641,0.07185231298208236,0.0,0.07146894186735153,0.0,0.28206273913383484
3619,0.00672035776078701,0.01967790387570858,0.031376200169324873,0.07498419284820557,0.0,0.07146550714969635,0.0,0.2820628583431244
3620,0.006367162801325321,0.019372541829943656,0.029158104583621024,0.0653267353773117,0.0,0.07146481424570084,0.0,0.28206080198287964
3621,0.006405548565089703,0.019298286736011507,0.033225444704294206,0.06954742223024368,0.0,0.07146795094013214,0.0,0.2820602059364319
3622,0.0066625383682549,0.018667054921388627,0.029379041120409965,0.06474360600113868,0.0,0.07146746665239334,0.0,0.2820606827735901
3623,0.0063060902990400795,0.019356798380613327,0.029428477957844736,0.07053493112325668,0.0,0.07146889716386795,0.0,0.28206318616867065
3624,0.006524135265499354,0.019610298052430152,0.028544874116778373,0.07254210859537125,0.0,0.07146836817264557,0.0,0.282064825296402
3625,0.006385216116905212,0.019838161394000055,0.029960035532712936,0.06691770777106285,0.0,0.07147351652383804,0.0,0.2820662260055542
3626,0.006465677917003631,0.019292801991105078,0.03236363604664803,0.0717036060988903,0.0,0.07148372381925583,0.0,0.28206637501716614
3627,0.00646762540563941,0.02020266354084015,0.029570547118782996,0.07003667652606964,0.0,0.07149189710617065,0.0,0.28206366300582886
3628,0.00678541548550129,0.01970329210162163,0.029473813250660896,0.06747751384973526,0.0,0.07150020450353622,0.0,0.2820599675178528
3629,0.006430746614933014,0.020030099153518676,0.029175758734345435,0.0714948832988739,0.0,0.07150524854660034,0.0,0.28205543756484985
3630,0.006362438481301069,0.020421480759978294,0.028736794739961623,0.06856237798929214,0.0,0.07150810956954956,0.0,0.2820495069026947
3631,0.0068959171883761885,0.020572473481297492,0.02882104255259037,0.07062740623950958,0.0,0.07150954753160477,0.0,0.28204411268234253
3632,0.006298896204680204,0.019122568517923356,0.03100706860423088,0.07257257848978042,0.0,0.0715080052614212,0.0,0.28203657269477844
3633,0.006641015596687794,0.019951697811484335,0.02930944934487343,0.0670798122882843,0.0,0.07150708138942719,0.0,0.28203004598617554
3634,0.006407058425247669,0.02086879834532738,0.03005931042134762,0.07001845240592956,0.0,0.07150250673294067,0.0,0.28202563524246216
3635,0.006493400409817695,0.01943216472864151,0.030534590408205987,0.07279813587665558,0.0,0.07149940729141235,0.0,0.28202420473098755
3636,0.006210812740027905,0.019154996424913407,0.03119085393846035,0.07176234126091004,0.0,0.07149944454431534,0.0,0.282024085521698
3637,0.0062146327458322045,0.019673155248165132,0.029454977810382844,0.07041843682527542,0.0,0.07149368524551392,0.0,0.2820230722427368
3638,0.0064448478631675245,0.019273184612393378,0.02912563681602478,0.0677336409687996,0.0,0.07148809731006622,0.0,0.2820209860801697
3639,0.006722048856317997,0.020158956572413445,0.03093792460858822,0.07102135121822357,0.0,0.07148323953151703,0.0,0.2820197343826294
3640,0.006688116583973169,0.019518647715449332,0.028031643107533456,0.06936161071062089,0.0,0.07148419320583344,0.0,0.282020628452301
3641,0.00647361883893609,0.01994318440556526,0.03063834048807621,0.0730892077088356,0.0,0.07148181647062302,0.0,0.28202134370803833
3642,0.006489685084670782,0.01955830045044422,0.03048514053225517,0.06833412349224091,0.0,0.07148168236017227,0.0,0.28202423453330994
3643,0.006674761883914471,0.02065548934042454,0.030817935988307,0.06710298210382462,0.0,0.07148108631372452,0.0,0.28202754259109497
3644,0.006633957847952843,0.020549587905406952,0.03124080039560795,0.0694992333650589,0.0,0.07147917151451111,0.0,0.28203123807907104
3645,0.006484332121908664,0.019389476999640463,0.029732261970639228,0.06989907771348954,0.0,0.07148340344429016,0.0,0.28203442692756653
3646,0.0067832422442734245,0.0193396907299757,0.030712119489908218,0.06938944309949875,0.0,0.07148861885070801,0.0,0.2820393443107605
3647,0.006896852981299162,0.019689735770225526,0.03185335695743561,0.06811064034700394,0.0,0.07148966938257217,0.0,0.28204402327537537
3648,0.006185299437493086,0.020036156475543975,0.03013329803943634,0.07333304435014724,0.0,0.07149434834718704,0.0,0.2820473611354828
3649,0.006215430516749621,0.020152995735406874,0.030248364061117174,0.07111892849206924,0.0,0.07149665057659149,0.0,0.2820510268211365
3650,0.006952862814068794,0.018783068284392357,0.03029252365231514,0.07006462812423705,0.0,0.07149914652109146,0.0,0.28205472230911255
3651,0.006939818989485503,0.019967169687151908,0.03059251978993416,0.07172811776399612,0.0,0.071499302983284,0.0,0.2820582389831543
3652,0.0065985752269625665,0.020488693937659265,0.03031146340072155,0.06963548138737678,0.0,0.07150453329086304,0.0,0.2820599675178528
3653,0.006651252508163452,0.019640493392944335,0.02982136458158493,0.06999778002500534,0.0,0.07150710374116898,0.0,0.2820613980293274
3654,0.0064792180433869365,0.019710352644324303,0.03120477609336376,0.06794342994689942,0.0,0.0715089961886406,0.0,0.2820641100406647
3655,0.00667740311473608,0.020299586281180382,0.03281881511211395,0.07355745285749435,0.0,0.07151059806346893,0.0,0.28206896781921387
3656,0.006267246510833502,0.019477668404579162,0.032479580119252206,0.06904178261756896,0.0,0.0715109258890152,0.0,0.28207579255104065
3657,0.006550285592675209,0.020813725516200067,0.03035922348499298,0.0716012641787529,0.0,0.07151074707508087,0.0,0.2820829153060913
3658,0.006924665067344904,0.021124285832047462,0.02980893775820732,0.07328267991542817,0.0,0.07150734215974808,0.0,0.28209027647972107
3659,0.006701433099806309,0.019572798535227774,0.033763018622994426,0.0732528418302536,0.0,0.07150427252054214,0.0,0.2820954918861389
3660,0.006907788570970297,0.019780287519097328,0.02913826294243336,0.0704314723610878,0.0,0.07149793952703476,0.0,0.2820996344089508
3661,0.006480096839368343,0.019999701902270316,0.030543972551822663,0.07202084362506866,0.0,0.07149632275104523,0.0,0.28210562467575073
3662,0.006476650387048722,0.019002862647175787,0.02941690869629383,0.06801988631486892,0.0,0.07150278985500336,0.0,0.282111793756485
3663,0.006819793023169041,0.019519706070423127,0.0294911190867424,0.06895719468593597,0.0,0.07151532918214798,0.0,0.282116174697876
3664,0.00653879065066576,0.019574230536818504,0.03239137381315231,0.07143075466156006,0.0,0.07152833044528961,0.0,0.2821201682090759
3665,0.006456304341554642,0.01917312778532505,0.03011956587433815,0.07074430286884308,0.0,0.07154811173677444,0.0,0.28212377429008484
3666,0.006608125194907189,0.018231601640582084,0.030099992454051972,0.06851616203784942,0.0,0.07156838476657867,0.0,0.2821287512779236
3667,0.006879527121782303,0.01924540363252163,0.030893726646900176,0.06774143874645233,0.0,0.07158105075359344,0.0,0.28213363885879517
3668,0.006268753763288259,0.019619520753622055,0.02929733246564865,0.06698180288076401,0.0,0.07159508764743805,0.0,0.2821359634399414
3669,0.006450535077601671,0.019900625571608543,0.0294193584471941,0.07091890871524811,0.0,0.0716070756316185,0.0,0.28213849663734436
3670,0.00620010457932949,0.019634927809238433,0.03105296939611435,0.07086738646030426,0.0,0.0716218501329422,0.0,0.2821389138698578
3671,0.006794054340571165,0.020194343104958535,0.031046347692608833,0.0694269061088562,0.0,0.07163051515817642,0.0,0.2821372449398041
3672,0.00678908247500658,0.01932748556137085,0.029999088123440744,0.07044937014579773,0.0,0.07163777947425842,0.0,0.2821361720561981
3673,0.006277375761419535,0.01976037435233593,0.029623165354132654,0.0666897714138031,0.0,0.07164435088634491,0.0,0.28213220834732056
3674,0.006152063701301813,0.01905243322253227,0.03119421787559986,0.07246897518634796,0.0,0.07165137678384781,0.0,0.2821275293827057
3675,0.006232567876577377,0.019394783303141594,0.029737522825598717,0.07114057838916779,0.0,0.07165873050689697,0.0,0.2821230888366699
3676,0.006677121203392744,0.01999712623655796,0.028991450369358063,0.07051389813423156,0.0,0.07166369259357452,0.0,0.28211960196495056
3677,0.006831394415348769,0.019379765167832373,0.029339059069752694,0.0669046550989151,0.0,0.07166828960180283,0.0,0.28211551904678345
3678,0.006446207594126463,0.020170953869819642,0.03108767606317997,0.06784110218286514,0.0,0.07166846096515656,0.0,0.28211086988449097
3679,0.006953970529139042,0.019841507822275162,0.03158864676952362,0.06805606037378312,0.0,0.0716695636510849,0.0,0.2821049094200134
3680,0.006127846986055374,0.019802473485469818,0.031231988966464997,0.0675309032201767,0.0,0.07167313247919083,0.0,0.28209978342056274
3681,0.00642007002606988,0.02067950963973999,0.030277832970023157,0.06932912319898606,0.0,0.07167423516511917,0.0,0.2820935845375061
3682,0.006831733975559473,0.02062254659831524,0.031560877710580824,0.06918992698192597,0.0,0.07167120277881622,0.0,0.2820894420146942
3683,0.00691898176446557,0.019438616931438446,0.03038184866309166,0.07193981111049652,0.0,0.07166732847690582,0.0,0.2820844352245331
3684,0.006728871073573828,0.01967380754649639,0.030161213874816895,0.06815437451004983,0.0,0.07165762782096863,0.0,0.2820811867713928
3685,0.0066768847405910495,0.019855836778879164,0.028982019424438475,0.06902853846549988,0.0,0.07164561748504639,0.0,0.2820797264575958
3686,0.006646607909351588,0.02016534060239792,0.02905295938253403,0.06917047649621963,0.0,0.07163204252719879,0.0,0.28207746148109436
3687,0.0061311363242566586,0.020395028218626977,0.02918187603354454,0.07166372984647751,0.0,0.07163020968437195,0.0,0.28207457065582275
3688,0.0066461263224482535,0.01964944675564766,0.030888766422867774,0.06874831020832062,0.0,0.07163245975971222,0.0,0.2820720076560974
3689,0.006600185483694077,0.020003708079457283,0.03177798017859459,0.07263503521680832,0.0,0.07163198292255402,0.0,0.2820710837841034
3690,0.00610136790201068,0.019899766892194748,0.028579972684383392,0.06826843172311783,0.0,0.07163386046886444,0.0,0.2820708751678467
3691,0.006458380911499262,0.0201702319085598,0.030170876905322074,0.06916359812021255,0.0,0.0716419368982315,0.0,0.28207075595855713
3692,0.006403711531311274,0.020331800729036332,0.030650577694177627,0.0716820240020752,0.0,0.07164935767650604,0.0,0.2820712924003601
3693,0.006348648015409708,0.02030762955546379,0.028676444292068483,0.07078850120306016,0.0,0.07165159285068512,0.0,0.2820725739002228
3694,0.006402526702731848,0.01984262131154537,0.03269989863038063,0.07166142761707306,0.0,0.07164929062128067,0.0,0.28207436203956604
3695,0.006318768206983805,0.019600297138094903,0.029020993039011955,0.06624213382601737,0.0,0.07164666056632996,0.0,0.2820766568183899
3696,0.006348748598247767,0.020036862790584566,0.02951856404542923,0.06925063729286193,0.0,0.0716373547911644,0.0,0.28207868337631226
3697,0.006603146996349096,0.019517556950449943,0.03042132630944252,0.07143801748752594,0.0,0.07162704318761826,0.0,0.28208059072494507
3698,0.00656293211504817,0.019973629713058473,0.03126663975417614,0.07188489139080048,0.0,0.07161823660135269,0.0,0.2820814847946167
3699,0.006303846649825573,0.019714903086423874,0.030753840878605842,0.07143279016017914,0.0,0.0716046392917633,0.0,0.2820834517478943
3700,0.006526806205511093,0.019889697805047034,0.029995542764663697,0.06559294387698174,0.0,0.07159446179866791,0.0,0.2820853590965271
3701,0.007067442778497935,0.020374607294797897,0.03137423545122146,0.06695546805858613,0.0,0.0715906023979187,0.0,0.2820858359336853
3702,0.006719656381756067,0.019929318502545357,0.029550932347774506,0.06983527541160583,0.0,0.07159289717674255,0.0,0.2820877432823181
3703,0.0062946022488176824,0.019119617342948914,0.02928231582045555,0.07008802592754364,0.0,0.07160042226314545,0.0,0.2820889949798584
3704,0.006425667554140091,0.019889330491423607,0.03265218138694763,0.06566178873181343,0.0,0.07160819321870804,0.0,0.2820899784564972
3705,0.006774134654551745,0.01941264159977436,0.03166471272706985,0.06596352234482765,0.0,0.07161533832550049,0.0,0.2820904850959778
3706,0.006627024523913861,0.02024105153977871,0.03049049377441406,0.07170556634664535,0.0,0.07162065804004669,0.0,0.2820894718170166
3707,0.006564400997012854,0.01963281221687794,0.031690004467964175,0.06507731452584267,0.0,0.07162685692310333,0.0,0.28208693861961365
3708,0.006184951309114695,0.020374806970357894,0.03044978454709053,0.06860437914729119,0.0,0.07163917273283005,0.0,0.2820858061313629
3709,0.006707481481134892,0.019509537518024443,0.030224892869591714,0.0742344930768013,0.0,0.07164943218231201,0.0,0.28208354115486145
3710,0.006415512971580028,0.019879885390400885,0.03132384121417999,0.06824248880147935,0.0,0.07165984064340591,0.0,0.28207927942276
3711,0.006127726938575506,0.019098223000764847,0.030549879372119903,0.07237102091312408,0.0,0.07166768610477448,0.0,0.2820754647254944
3712,0.006776116322726011,0.019762327894568443,0.029548775032162668,0.07109836786985398,0.0,0.07167590409517288,0.0,0.28207215666770935
3713,0.006292210705578327,0.01970444656908512,0.03065258115530014,0.07123349606990814,0.0,0.07168225944042206,0.0,0.2820729613304138
3714,0.006727948691695929,0.01938108541071415,0.03002382144331932,0.07061460167169571,0.0,0.07168979942798615,0.0,0.2820749878883362
3715,0.006751130055636168,0.01952878199517727,0.02991680018603802,0.06769436746835708,0.0,0.07169381529092789,0.0,0.28207749128341675
3716,0.006852604914456606,0.019411103054881095,0.02772235907614231,0.06967952698469163,0.0,0.07170285284519196,0.0,0.2820816934108734
3717,0.006504847574979067,0.020099349319934845,0.030370904505252837,0.06703492850065232,0.0,0.0717090293765068,0.0,0.282085120677948
3718,0.006826132070273161,0.020281338319182395,0.031299551203846934,0.06974492073059083,0.0,0.07171083241701126,0.0,0.2820875644683838
3719,0.006929185148328543,0.019802377000451087,0.02888241149485111,0.07314683496952057,0.0,0.07171515375375748,0.0,0.28208932280540466
3720,0.006474560033529997,0.019510492309927942,0.03194748312234878,0.06900447010993957,0.0,0.07171318680047989,0.0,0.2820931077003479
3721,0.006731887627393007,0.01949884183704853,0.031152158975601196,0.06901123374700546,0.0,0.07171277701854706,0.0,0.2820952534675598
3722,0.006488215085119009,0.01906193234026432,0.029831330850720407,0.0668113648891449,0.0,0.07171431928873062,0.0,0.28209811449050903
3723,0.005952466279268265,0.02057441174983978,0.030138492211699487,0.06890033483505249,0.0,0.07172031700611115,0.0,0.28210216760635376
3724,0.0065848021768033504,0.019718947634100915,0.0293874554336071,0.07171763330698014,0.0,0.07172466814517975,0.0,0.28210604190826416
3725,0.0067294231615960595,0.01972605176270008,0.03190339654684067,0.06461680084466934,0.0,0.07172632217407227,0.0,0.2821085751056671
3726,0.006845951732248068,0.01936214156448841,0.02966046966612339,0.06494734585285186,0.0,0.07172833383083344,0.0,0.28210973739624023
3727,0.006888444069772959,0.019449228793382643,0.03023492209613323,0.0674548789858818,0.0,0.07173162698745728,0.0,0.2821100354194641
3728,0.006579673290252686,0.018850843235850335,0.030110837891697884,0.06726932674646377,0.0,0.07173101603984833,0.0,0.2821086645126343
3729,0.006412090081721544,0.019355082884430885,0.028657086566090582,0.0697200283408165,0.0,0.07172886282205582,0.0,0.2821072041988373
3730,0.006469838134944439,0.019487197697162627,0.03151661828160286,0.07097981050610543,0.0,0.0717262551188469,0.0,0.282106876373291
3731,0.006464714370667935,0.019852956384420396,0.03024488314986229,0.06896903961896897,0.0,0.07172857224941254,0.0,0.2821062207221985
3732,0.006587904877960682,0.020447000861167908,0.03242358937859535,0.06838946193456649,0.0,0.0717274397611618,0.0,0.2821040451526642
3733,0.00619308901950717,0.019403568282723428,0.030179592967033386,0.06756681203842163,0.0,0.07173001021146774,0.0,0.2821030020713806
3734,0.006417862605303526,0.019645565748214723,0.030778511241078377,0.06925331354141236,0.0,0.0717339739203453,0.0,0.28210175037384033
3735,0.0070205750875175,0.01967746578156948,0.0310928612947464,0.07045643776655197,0.0,0.0717400386929512,0.0,0.2821008563041687
3736,0.006864467728883028,0.018684440478682517,0.0321648046374321,0.067585788667202,0.0,0.07174437493085861,0.0,0.2821001410484314
3737,0.006173876207321882,0.019749863445758818,0.028259969875216485,0.06872474551200866,0.0,0.07174807786941528,0.0,0.282100111246109
3738,0.006481419876217842,0.020166999101638793,0.02914954349398613,0.07666053771972656,0.0,0.07174853980541229,0.0,0.2820991575717926
3739,0.006423768121749163,0.019108274579048158,0.02903066426515579,0.06994051486253738,0.0,0.07175502926111221,0.0,0.2820976674556732
3740,0.006854570843279362,0.01918240003287792,0.03040832206606865,0.07214267104864121,0.0,0.07176251709461212,0.0,0.28209537267684937
3741,0.006228355411440134,0.018642106279730796,0.03147617317736149,0.07008996903896332,0.0,0.07176446914672852,0.0,0.2820912003517151
3742,0.006172000430524349,0.019280346110463142,0.029719887673854826,0.06868079155683518,0.0,0.07176409661769867,0.0,0.2820861339569092
3743,0.006516745779663324,0.020129918307065963,0.029682161286473274,0.07414813786745071,0.0,0.07176171243190765,0.0,0.2820788323879242
3744,0.006378153059631586,0.019868548959493637,0.03225643485784531,0.07063963711261749,0.0,0.0717552974820137,0.0,0.282071590423584
3745,0.006412502564489842,0.019069097936153412,0.029615728929638863,0.06999511569738388,0.0,0.07174871861934662,0.0,0.2820656895637512
3746,0.006817640457302332,0.0196945670992136,0.03143349960446358,0.07077268809080124,0.0,0.07174298912286758,0.0,0.28206104040145874
3747,0.006066969595849514,0.019757961481809617,0.030260346829891205,0.06687636971473694,0.0,0.07173986732959747,0.0,0.2820586562156677
3748,0.0067860368639230725,0.019499223679304123,0.028845994174480437,0.06822465807199478,0.0,0.07173207402229309,0.0,0.2820602357387543
3749,0.006650040298700333,0.019329413399100305,0.03016611635684967,0.0692811742424965,0.0,0.07172803580760956,0.0,0.28206580877304077
3750,0.006309254840016365,0.020784441009163858,0.03306829407811165,0.06935212761163712,0.0,0.0717243179678917,0.0,0.28207236528396606
3751,0.0066714765504002575,0.019739967212080954,0.02893000990152359,0.07008094936609269,0.0,0.07171770185232162,0.0,0.28207769989967346
3752,0.00651700459420681,0.019861926883459093,0.0310501866042614,0.06779196262359619,0.0,0.07170689105987549,0.0,0.2820822596549988
3753,0.006380969006568193,0.019001059234142303,0.02972712218761444,0.06937517374753951,0.0,0.07170099020004272,0.0,0.28208452463150024
3754,0.006191387120634317,0.020265109464526178,0.031390129774808886,0.07247425466775895,0.0,0.07169172912836075,0.0,0.2820841670036316
3755,0.006853794958442449,0.020485652983188628,0.029734184592962266,0.07088780552148818,0.0,0.07168214023113251,0.0,0.282082736492157
3756,0.006247841659933329,0.018915408477187156,0.030255020782351493,0.0724960744380951,0.0,0.07167494297027588,0.0,0.2820797562599182
3757,0.006647950503975153,0.020209679380059242,0.02928621992468834,0.06910494789481163,0.0,0.07167217135429382,0.0,0.2820761799812317
3758,0.006683364603668451,0.019023268297314645,0.02942621670663357,0.06772090047597885,0.0,0.07167118042707443,0.0,0.28207090497016907
3759,0.006448184698820114,0.020385320484638213,0.03096550181508064,0.07010369673371315,0.0,0.07167141139507294,0.0,0.2820665240287781
3760,0.0060881925746798515,0.02023649886250496,0.02992309220135212,0.06800799965858459,0.0,0.07167861610651016,0.0,0.282063364982605
3761,0.006319824513047934,0.01951589472591877,0.029948343336582185,0.07132754027843476,0.0,0.07169044762849808,0.0,0.28206178545951843
3762,0.006589285377413034,0.0189911600202322,0.0315548025071621,0.06661583632230758,0.0,0.07169923931360245,0.0,0.282060831785202
3763,0.0064339439384639265,0.019629324972629546,0.029231754317879676,0.07205532342195511,0.0,0.07170654833316803,0.0,0.2820591330528259
3764,0.006314996909350157,0.01967441514134407,0.028990783914923667,0.0678666889667511,0.0,0.07172047346830368,0.0,0.28205904364585876
3765,0.0067388353869318966,0.019433699548244476,0.03015166483819485,0.0728348433971405,0.0,0.07173995673656464,0.0,0.28205859661102295
3766,0.006305678002536297,0.019835678115487098,0.02939540706574917,0.06819127798080445,0.0,0.07175937294960022,0.0,0.28205910325050354
3767,0.006672713812440634,0.01945595256984234,0.028872623667120935,0.0697987660765648,0.0,0.07177961617708206,0.0,0.2820601463317871
3768,0.006736014876514674,0.02020871490240097,0.030895448103547097,0.06890076994895936,0.0,0.07180386781692505,0.0,0.2820602357387543
3769,0.006387446820735931,0.018968312442302702,0.030624070018529893,0.07137970626354218,0.0,0.07182763516902924,0.0,0.28206175565719604
3770,0.0067250018008053304,0.01954581029713154,0.029367855563759804,0.06706812307238579,0.0,0.07184398919343948,0.0,0.2820611894130707
3771,0.006658764835447073,0.019748588278889655,0.03079541102051735,0.07190676108002662,0.0,0.07185912877321243,0.0,0.28205937147140503
3772,0.006297526136040688,0.01976681537926197,0.03149041384458542,0.06911600157618522,0.0,0.07186990976333618,0.0,0.2820597290992737
3773,0.006583988387137652,0.019650538638234138,0.029939086735248567,0.07159039676189423,0.0,0.07187814265489578,0.0,0.2820588946342468
3774,0.00637463266029954,0.019100289046764373,0.030875829979777336,0.06822495609521866,0.0,0.07188697904348373,0.0,0.2820582985877991
3775,0.006935838144272566,0.020549728721380233,0.03082721196115017,0.06583082675933838,0.0,0.07189612090587616,0.0,0.2820598781108856
3776,0.006549999583512545,0.0199922114610672,0.03065485991537571,0.06802343875169754,0.0,0.07190664857625961,0.0,0.28206080198287964
3777,0.0067714818753302096,0.02028227150440216,0.03063613884150982,0.067011059820652,0.0,0.07191510498523712,0.0,0.28206193447113037
3778,0.006106845755130053,0.020107972994446756,0.030015474185347557,0.07182622402906418,0.0,0.07192324846982956,0.0,0.28206315636634827
3779,0.006539503764361143,0.019616267085075377,0.03235163316130638,0.06741596907377242,0.0,0.07193541526794434,0.0,0.28206315636634827
3780,0.006506759580224753,0.019864362105727194,0.02937706895172596,0.06655223369598388,0.0,0.07194404304027557,0.0,0.2820611894130707
3781,0.0064813652075827125,0.020299862325191497,0.02986188866198063,0.06782915741205216,0.0,0.07195242494344711,0.0,0.28205767273902893
3782,0.005955816619098187,0.018809939548373223,0.02793293260037899,0.06904727220535278,0.0,0.07196228951215744,0.0,0.28205394744873047
3783,0.0068642828613519665,0.0198161993175745,0.02961730249226093,0.07282977849245072,0.0,0.07196906208992004,0.0,0.2820494771003723
3784,0.0068064269609749315,0.019743163883686066,0.030138759315013884,0.06903193891048431,0.0,0.0719740018248558,0.0,0.2820456922054291
3785,0.005969977565109729,0.01892879568040371,0.028906120732426644,0.07067528665065766,0.0,0.07197980582714081,0.0,0.28204065561294556
3786,0.00631667347624898,0.02009553723037243,0.030405201017856598,0.06916997581720352,0.0,0.07198576629161835,0.0,0.28203505277633667
3787,0.00647636204957962,0.019439274072647096,0.030718541890382766,0.0746629297733307,0.0,0.0719929188489914,0.0,0.2820304036140442
3788,0.006623115297406912,0.01954132616519928,0.029067031294107436,0.06919941008090973,0.0,0.07199794054031372,0.0,0.2820248007774353
3789,0.006700235418975353,0.0201936200261116,0.03179457858204841,0.06928960978984833,0.0,0.07199560105800629,0.0,0.2820191979408264
3790,0.006492194626480341,0.020201464742422105,0.028844616562128066,0.0663499116897583,0.0,0.07198769599199295,0.0,0.28201448917388916
3791,0.006706502754241228,0.01869937852025032,0.030782466381788255,0.07146043628454209,0.0,0.07198087126016617,0.0,0.282013475894928
3792,0.006587575189769268,0.020275088772177697,0.02941606566309929,0.06714143604040146,0.0,0.07196730375289917,0.0,0.2820143699645996
3793,0.006255898624658585,0.018844715505838393,0.03200350776314735,0.06603655964136124,0.0,0.07194994390010834,0.0,0.2820163369178772
3794,0.006286663468927145,0.019795597344636918,0.02942681238055229,0.06728435829281806,0.0,0.07193402945995331,0.0,0.2820177674293518
3795,0.00617423104122281,0.01944234184920788,0.029743813350796698,0.06674799174070359,0.0,0.07191995531320572,0.0,0.28202003240585327
3796,0.00674853352829814,0.019656728580594064,0.030913645401597023,0.06731864511966705,0.0,0.07190540432929993,0.0,0.2820223271846771
3797,0.006663793791085481,0.019179850071668624,0.031044048070907593,0.0706619843840599,0.0,0.07189120352268219,0.0,0.2820233702659607
3798,0.006261538248509169,0.01963205821812153,0.03016982078552246,0.06971050649881363,0.0,0.07187947630882263,0.0,0.2820254862308502
3799,0.006257198657840491,0.019718607142567634,0.03036242164671421,0.07052480578422546,0.0,0.07186520099639893,0.0,0.2820281684398651
3800,0.006415660958737135,0.020462631806731225,0.029384055733680726,0.06856049075722695,0.0,0.07185976207256317,0.0,0.28203272819519043
3801,0.0065386733040213585,0.019677268341183662,0.030699039995670318,0.06908246204257011,0.0,0.07185398042201996,0.0,0.28203651309013367
3802,0.00631508594378829,0.020403046533465384,0.032087397575378415,0.06994874626398087,0.0,0.07184800505638123,0.0,0.282039076089859
3803,0.00625025499612093,0.018761851638555527,0.03065805695950985,0.0666359856724739,0.0,0.07184553891420364,0.0,0.2820425033569336
3804,0.006342400703579188,0.019914279133081435,0.029946396872401238,0.069047449529171,0.0,0.0718415156006813,0.0,0.2820448875427246
3805,0.006513922940939665,0.01888915039598942,0.029693929851055144,0.06918090879917145,0.0,0.07184009253978729,0.0,0.28204545378685
3806,0.006753994431346655,0.01922060288488865,0.03134586811065674,0.07122532427310943,0.0,0.07183478027582169,0.0,0.282045841217041
3807,0.006680652871727944,0.01962312199175358,0.03019535206258297,0.07001845985651016,0.0,0.07183243334293365,0.0,0.2820454239845276
3808,0.006469113100320101,0.020410799607634544,0.030494429171085358,0.06750058084726333,0.0,0.0718289166688919,0.0,0.2820446789264679
3809,0.006641717255115509,0.01950315907597542,0.028743497282266616,0.0711860328912735,0.0,0.07183580100536346,0.0,0.2820432782173157
3810,0.007072047423571348,0.019977880641818047,0.02966282330453396,0.06985062062740326,0.0,0.0718427300453186,0.0,0.2820397913455963
3811,0.006651394348591566,0.020056428760290144,0.031019541993737222,0.07352812737226486,0.0,0.0718456357717514,0.0,0.282036691904068
3812,0.0063612543046474455,0.019182903319597246,0.029969753324985506,0.07070049345493316,0.0,0.07184626907110214,0.0,0.28203558921813965
3813,0.006438274867832661,0.018819865211844443,0.03052048124372959,0.06992392539978028,0.0,0.07184537500143051,0.0,0.28203853964805603
3814,0.006724283006042242,0.019956024736166,0.031162149831652643,0.06822100877761841,0.0,0.07184305042028427,0.0,0.2820391356945038
3815,0.0065859613940119745,0.020295358076691628,0.029243065416812895,0.07054532095789909,0.0,0.07184039056301117,0.0,0.2820405066013336
3816,0.00657143285498023,0.020816221833229065,0.030721770599484444,0.0678431086242199,0.0,0.07184303551912308,0.0,0.28204211592674255
3817,0.006284643243998289,0.01978800669312477,0.03074019029736519,0.06999382525682449,0.0,0.07184664160013199,0.0,0.28204435110092163
3818,0.006292859464883805,0.01883528456091881,0.028658273816108703,0.06907016187906265,0.0,0.07184384763240814,0.0,0.2820466160774231
3819,0.006641734577715397,0.01994829662144184,0.02917661741375923,0.07088343948125839,0.0,0.07184576988220215,0.0,0.28204768896102905
3820,0.006657775398343802,0.019025161862373352,0.029161608219146727,0.06564040780067444,0.0,0.07184708118438721,0.0,0.2820475101470947
3821,0.005814447440207005,0.018854281306266783,0.029397373273968696,0.06627692431211471,0.0,0.07184632122516632,0.0,0.28204846382141113
3822,0.006430680863559246,0.01989530138671398,0.03070925772190094,0.06923481971025466,0.0,0.07184400409460068,0.0,0.28204718232154846
3823,0.006159158330410719,0.019545966759324074,0.029019894450902937,0.06919216364622116,0.0,0.07184255868196487,0.0,0.2820456922054291
3824,0.006422802153974771,0.01967810429632664,0.030205307900905608,0.07018914073705673,0.0,0.0718359649181366,0.0,0.28204116225242615
3825,0.0068424447439610955,0.020339903235435487,0.029704730212688445,0.06962518244981766,0.0,0.07182405889034271,0.0,0.28203850984573364
3826,0.006374162808060646,0.02026774026453495,0.02857002690434456,0.07114769071340561,0.0,0.07181677222251892,0.0,0.28203582763671875
3827,0.0062618224881589414,0.019260003045201302,0.03037826493382454,0.06750629916787147,0.0,0.07180940359830856,0.0,0.2820354104042053
3828,0.006505094934254885,0.018774524331092834,0.02984612584114075,0.07043543308973313,0.0,0.07180247455835342,0.0,0.2820356786251068
3829,0.006499221827834844,0.01943114586174488,0.0298317801207304,0.06555446907877922,0.0,0.07179339230060577,0.0,0.2820356488227844
3830,0.006708023510873318,0.018647587299346922,0.02950679250061512,0.07256409376859665,0.0,0.07179101556539536,0.0,0.2820352613925934
3831,0.006457712408155203,0.019699948281049727,0.030049048364162445,0.07075470536947251,0.0,0.07178667187690735,0.0,0.28203409910202026
3832,0.0064664994366467,0.019804536178708077,0.03098716139793396,0.07166112959384918,0.0,0.07177901268005371,0.0,0.2820337414741516
3833,0.00654361043125391,0.020045508444309235,0.030356880649924277,0.06667900532484054,0.0,0.07176937907934189,0.0,0.28203219175338745
3834,0.006684567965567112,0.018856123089790344,0.031035790219902992,0.06714803278446198,0.0,0.07176439464092255,0.0,0.28203144669532776
3835,0.006619151402264834,0.019390749186277388,0.031022194772958755,0.0684485413134098,0.0,0.07175768911838531,0.0,0.2820315659046173
3836,0.006004718784242869,0.018767273426055907,0.030701179057359695,0.06926433444023132,0.0,0.07175263017416,0.0,0.28203085064888
3837,0.006446154043078423,0.019076872617006302,0.032162577658891675,0.0692703440785408,0.0,0.0717448741197586,0.0,0.2820305824279785
3838,0.006863026134669781,0.018738915026187897,0.030599060654640197,0.07022658437490463,0.0,0.07173462212085724,0.0,0.28203123807907104
3839,0.006355100404471159,0.01912323050200939,0.02977229282259941,0.07678364962339401,0.0,0.07172279059886932,0.0,0.2820323407649994
3840,0.006508836802095175,0.019490063190460205,0.028989248722791672,0.06848756372928619,0.0,0.0717095211148262,0.0,0.2820338308811188
3841,0.006516545172780752,0.02003045380115509,0.030320373922586442,0.06516815721988678,0.0,0.07170018553733826,0.0,0.2820359468460083
3842,0.006398424319922924,0.020091359317302705,0.03195642866194248,0.06694970428943633,0.0,0.07168998569250107,0.0,0.2820383906364441
3843,0.006550354789942503,0.01936761401593685,0.03138565421104431,0.0697156921029091,0.0,0.07168079912662506,0.0,0.2820380628108978
3844,0.006681724917143583,0.019342827424407006,0.029263203963637352,0.06757912039756775,0.0,0.07166751474142075,0.0,0.2820383310317993
3845,0.007131961733102798,0.019440972059965134,0.03036027289927006,0.06832192689180375,0.0,0.07165540009737015,0.0,0.282038152217865
3846,0.006316244415938854,0.019480337947607042,0.02979125939309597,0.06865329146385193,0.0,0.07164451479911804,0.0,0.2820361852645874
3847,0.006568868178874254,0.018354881554841995,0.029741770401597024,0.07195198833942414,0.0,0.07163512706756592,0.0,0.28203365206718445
3848,0.006487637292593718,0.018709514290094376,0.030503515526652335,0.06807466372847557,0.0,0.07162558287382126,0.0,0.28203070163726807
3849,0.006433168333023787,0.019976485148072244,0.030073802173137664,0.06522902473807335,0.0,0.07161442935466766,0.0,0.2820276618003845
3850,0.006366039253771305,0.01880481019616127,0.029842089861631393,0.0667921781539917,0.0,0.07160309702157974,0.0,0.2820248305797577
3851,0.0061515641398727896,0.019058675318956376,0.029437623918056488,0.06627866774797439,0.0,0.0715864896774292,0.0,0.28202059864997864
3852,0.006848776247352362,0.02014288231730461,0.0311563640832901,0.07382177263498306,0.0,0.07156984508037567,0.0,0.28201740980148315
3853,0.00611389959231019,0.019960248842835426,0.030655837804079055,0.0692866213619709,0.0,0.0715508684515953,0.0,0.2820143699645996
3854,0.006886049453169107,0.019915663078427313,0.031056778132915498,0.07028089314699174,0.0,0.07153432071208954,0.0,0.2820127308368683
3855,0.0066110101528465744,0.018149140104651452,0.030902517214417457,0.07339171022176742,0.0,0.0715193971991539,0.0,0.2820134162902832
3856,0.006513850856572389,0.019144005700945856,0.029954684153199195,0.06798973679542542,0.0,0.0715111568570137,0.0,0.28201350569725037
3857,0.006519183237105608,0.02094350606203079,0.0322473768144846,0.0684793770313263,0.0,0.07150325924158096,0.0,0.28201478719711304
3858,0.006649239081889391,0.019602417200803756,0.030688847973942758,0.06393674910068511,0.0,0.07149405777454376,0.0,0.28201812505722046
3859,0.006326117739081383,0.019563768059015274,0.03184848353266716,0.0743419200181961,0.0,0.07148711383342743,0.0,0.2820208966732025
3860,0.006608948204666376,0.01970794051885605,0.030724655464291574,0.07264985740184784,0.0,0.0714765340089798,0.0,0.2820248007774353
3861,0.006523051671683789,0.019654854014515877,0.0302013274282217,0.06855905130505562,0.0,0.07146860659122467,0.0,0.28202739357948303
3862,0.006308496557176113,0.019597278907895088,0.030317490547895433,0.06582503914833068,0.0,0.071461521089077,0.0,0.28202906250953674
3863,0.006601379439234734,0.018619154766201972,0.03216219246387482,0.07402893155813217,0.0,0.07145992666482925,0.0,0.2820298671722412
3864,0.0064356796443462375,0.019461734965443612,0.029719839245080946,0.06978512704372405,0.0,0.07145620882511139,0.0,0.2820276618003845
3865,0.00639961464330554,0.019639142975211143,0.030360982567071915,0.07028370797634124,0.0,0.07145325839519501,0.0,0.2820257544517517
3866,0.0067787348292768,0.020103909075260162,0.031469463184475896,0.07007780373096466,0.0,0.07145510613918304,0.0,0.28202322125434875
3867,0.006805839668959379,0.019828668981790542,0.02895464189350605,0.06797481030225754,0.0,0.0714588612318039,0.0,0.28202033042907715
3868,0.006673548463732004,0.019503766670823097,0.03180545829236507,0.06873807907104493,0.0,0.07146798819303513,0.0,0.2820194661617279
3869,0.00662398999556899,0.0198799304664135,0.03165682218968868,0.0673333838582039,0.0,0.07147600501775742,0.0,0.28201863169670105
3870,0.006547296792268753,0.01939956285059452,0.030610794201493263,0.07279771119356156,0.0,0.07148177921772003,0.0,0.28201740980148315
3871,0.006485918443650008,0.019410282745957373,0.031301618367433545,0.0721024677157402,0.0,0.07148678600788116,0.0,0.28201600909233093
3872,0.006787918042391539,0.02068054713308811,0.028865092992782594,0.07107629925012589,0.0,0.07149273157119751,0.0,0.28201672434806824
3873,0.006374844815582037,0.01999283768236637,0.030676184222102165,0.06817488819360733,0.0,0.07150544226169586,0.0,0.28201740980148315
3874,0.006386923138052225,0.019299058616161345,0.03334496319293976,0.06936087757349015,0.0,0.07151653617620468,0.0,0.2820195257663727
3875,0.0067049158737063404,0.019131223484873772,0.029856324940919877,0.06814915537834168,0.0,0.07152379304170609,0.0,0.2820214033126831
3876,0.006332331988960505,0.019423411414027213,0.03166443407535553,0.07324298918247223,0.0,0.07152873277664185,0.0,0.2820208966732025
3877,0.0066908799111843106,0.01955796219408512,0.03127119354903698,0.07383841127157212,0.0,0.07153014838695526,0.0,0.2820197641849518
3878,0.006510696560144425,0.019539915025234222,0.027999093011021613,0.06933779418468475,0.0,0.07152813673019409,0.0,0.282020628452301
3879,0.006270215846598148,0.019335727393627166,0.030546872690320016,0.07309465408325196,0.0,0.07152749598026276,0.0,0.28202182054519653
3880,0.006465976033359766,0.019185011088848115,0.030575669556856155,0.06840643808245658,0.0,0.07153338193893433,0.0,0.2820245325565338
3881,0.006444074306637048,0.019612102210521697,0.03277672529220581,0.07035611420869828,0.0,0.07154718786478043,0.0,0.2820250391960144
3882,0.006857250537723303,0.019139980524778367,0.03108075074851513,0.06718411967158318,0.0,0.07156074792146683,0.0,0.28202614188194275
3883,0.00648899469524622,0.01925392672419548,0.029186219722032548,0.06893960013985634,0.0,0.07156889885663986,0.0,0.28202909231185913
3884,0.006373054720461369,0.019422898069024086,0.029046613723039627,0.06960344165563584,0.0,0.07158217579126358,0.0,0.28203317523002625
3885,0.006550166942179203,0.019463561475276947,0.030104538053274156,0.06886081695556641,0.0,0.07159286737442017,0.0,0.28203490376472473
3886,0.00669546602293849,0.0196008313447237,0.031524915248155594,0.06663883030414582,0.0,0.07160453498363495,0.0,0.2820354998111725
3887,0.006441165506839752,0.019826415553689004,0.029875541105866432,0.07242229878902436,0.0,0.07161474227905273,0.0,0.2820393145084381
3888,0.0071532799862325195,0.01974230967462063,0.030202599614858626,0.06864211112260818,0.0,0.07162313163280487,0.0,0.2820434272289276
3889,0.0066965331323444845,0.0191572330892086,0.02955646924674511,0.07295007854700089,0.0,0.07163025438785553,0.0,0.2820481061935425
3890,0.0068505115807056425,0.019022952020168304,0.03158150054514408,0.06999998092651367,0.0,0.07163344323635101,0.0,0.28205519914627075
3891,0.006497761234641075,0.01980942040681839,0.02908877804875374,0.06826186329126357,0.0,0.07163345813751221,0.0,0.28206178545951843
3892,0.006616521906107664,0.019609716534614564,0.029274078831076623,0.06602147817611695,0.0,0.07163367420434952,0.0,0.28206607699394226
3893,0.006840732507407665,0.019938467442989348,0.03054419979453087,0.06651159450411796,0.0,0.07163562625646591,0.0,0.2820717692375183
3894,0.006315337959676981,0.01984020322561264,0.030164649337530137,0.0674831822514534,0.0,0.07163629680871964,0.0,0.28207606077194214
3895,0.006549756601452827,0.019173465296626092,0.03074648343026638,0.06741385757923127,0.0,0.07163374125957489,0.0,0.2820804715156555
3896,0.006547971349209547,0.018776686489582063,0.029343465343117714,0.06779869198799134,0.0,0.07163246721029282,0.0,0.28208452463150024
3897,0.006366174947470426,0.019391937553882597,0.0307449534535408,0.07153317630290985,0.0,0.07162969559431076,0.0,0.28208687901496887
3898,0.006741230748593808,0.01959918774664402,0.029020028933882714,0.0679788589477539,0.0,0.07162634283304214,0.0,0.2820895314216614
3899,0.006309496611356736,0.019169386476278305,0.029589827358722686,0.06816972941160201,0.0,0.07162132859230042,0.0,0.2820902168750763
3900,0.006406677328050137,0.019587887451052666,0.03080252483487129,0.06818976998329163,0.0,0.07161904126405716,0.0,0.28209078311920166
3901,0.006633407063782215,0.020270757749676703,0.029092909023165702,0.06926867514848709,0.0,0.07162022590637207,0.0,0.28209057450294495
3902,0.00637297248467803,0.019537927210330965,0.030152607709169388,0.07140154242515565,0.0,0.07162238657474518,0.0,0.2820928394794464
3903,0.006683505978435278,0.019041525945067406,0.02926926054060459,0.06799800843000411,0.0,0.07162247598171234,0.0,0.2820931375026703
3904,0.006749805435538292,0.020268812775611877,0.03105558343231678,0.06709686666727066,0.0,0.0716182067990303,0.0,0.2820911109447479
3905,0.006517977174371481,0.019694607332348825,0.030698256567120552,0.0704868346452713,0.0,0.07161321491003036,0.0,0.2820877432823181
3906,0.006397055741399526,0.01994364857673645,0.03000086508691311,0.07032686471939087,0.0,0.07160308212041855,0.0,0.28208309412002563
3907,0.006397837959229946,0.01917269304394722,0.029168977215886117,0.07058933973312378,0.0,0.07159489393234253,0.0,0.2820785343647003
3908,0.006660233344882726,0.019767605885863303,0.03016722798347473,0.07203250676393509,0.0,0.071593277156353,0.0,0.2820742130279541
3909,0.006664221733808517,0.01881418526172638,0.027232639119029046,0.06861982792615891,0.0,0.07158830016851425,0.0,0.2820708155632019
3910,0.0062537907622754576,0.01945216841995716,0.029794638603925706,0.06490983963012695,0.0,0.07158128917217255,0.0,0.28206881880760193
3911,0.006551483459770679,0.019758066162467003,0.030133286491036415,0.06516182646155358,0.0,0.07157665491104126,0.0,0.2820667624473572
3912,0.0067199585027992725,0.020205328613519667,0.03261390253901482,0.07120146751403808,0.0,0.07157160341739655,0.0,0.2820635139942169
3913,0.006258761044591665,0.01995774991810322,0.03028201200067997,0.07231834977865219,0.0,0.071576789021492,0.0,0.2820616662502289
3914,0.006480965483933687,0.019321129098534583,0.030428199097514153,0.06647442132234574,0.0,0.07159092277288437,0.0,0.28205981850624084
3915,0.006864004582166672,0.019429093599319457,0.030247440934181212,0.07117858678102493,0.0,0.07160834223031998,0.0,0.28205862641334534
3916,0.006264730170369148,0.019214972853660583,0.029910454899072646,0.0713480606675148,0.0,0.07162825018167496,0.0,0.28205758333206177
3917,0.006641329638659954,0.019472678005695344,0.029986833781003953,0.06625234186649323,0.0,0.07164289802312851,0.0,0.28205814957618713
3918,0.006963410787284375,0.019969483837485313,0.030399725958704948,0.07136616706848145,0.0,0.07165591418743134,0.0,0.2820574641227722
3919,0.006679700780659914,0.021133501827716828,0.03262886255979538,0.0707429900765419,0.0,0.07166387885808945,0.0,0.2820571959018707
3920,0.006481306347995997,0.0199726615101099,0.028193169832229616,0.07048155218362809,0.0,0.07167299091815948,0.0,0.2820562720298767
3921,0.006334064807742834,0.019246963039040565,0.027421098202466965,0.06848131194710731,0.0,0.07167993485927582,0.0,0.2820572555065155
3922,0.006591230817139149,0.019882725179195405,0.029376379400491714,0.07079404294490814,0.0,0.07168826460838318,0.0,0.28205758333206177
3923,0.006096042599529028,0.02033936083316803,0.029759074002504347,0.06647812277078628,0.0,0.07170380651950836,0.0,0.2820565402507782
3924,0.006545231863856316,0.0206894613802433,0.028767530620098115,0.07143190801143647,0.0,0.07171925157308578,0.0,0.2820555567741394
3925,0.006820899434387684,0.019733142480254172,0.03019798770546913,0.06976396441459656,0.0,0.07172948867082596,0.0,0.2820565104484558
3926,0.006826615426689386,0.01970803886651993,0.03022301383316517,0.07179524004459381,0.0,0.07173945754766464,0.0,0.2820582985877991
3927,0.006202877312898636,0.019077033549547196,0.030953433737158774,0.0734378606081009,0.0,0.07174881547689438,0.0,0.28205838799476624
3928,0.006343027018010617,0.020268950238823892,0.03067563511431217,0.07333189994096756,0.0,0.07175666093826294,0.0,0.2820591628551483
3929,0.006809801235795021,0.019183120504021645,0.029225773364305496,0.06840019598603249,0.0,0.0717623382806778,0.0,0.2820611298084259
3930,0.006228743027895689,0.019872930273413657,0.03078967295587063,0.06839141249656677,0.0,0.07177205383777618,0.0,0.28206634521484375
3931,0.006311039160937071,0.01978249102830887,0.029024821147322653,0.06862806379795075,0.0,0.07178116589784622,0.0,0.2820722162723541
3932,0.006517309229820967,0.020031214132905005,0.030144426599144937,0.06989011615514755,0.0,0.0717897042632103,0.0,0.282078355550766
3933,0.006761368829756975,0.018735234811902046,0.02810888774693012,0.07342813462018967,0.0,0.0718034952878952,0.0,0.28208330273628235
3934,0.006501163076609373,0.01955394186079502,0.031471624970436096,0.07156947851181031,0.0,0.07181229442358017,0.0,0.28208670020103455
3935,0.006766780652105809,0.019498448446393014,0.02812274023890495,0.07060685008764267,0.0,0.07182110846042633,0.0,0.282089501619339
3936,0.006700861547142267,0.019302356988191605,0.0294991809874773,0.07109760046005249,0.0,0.07183650881052017,0.0,0.28209301829338074
3937,0.006817401386797428,0.019753700494766234,0.028423936665058137,0.06933462545275688,0.0,0.0718451738357544,0.0,0.2820960581302643
3938,0.00615397309884429,0.01856578141450882,0.03047736957669258,0.06989357620477676,0.0,0.07185368239879608,0.0,0.28209859132766724
3939,0.006743822060525417,0.020234392210841178,0.0292521595954895,0.06852337568998337,0.0,0.07185928523540497,0.0,0.2820999026298523
3940,0.006651130132377147,0.01920897476375103,0.030956574156880377,0.0675341434776783,0.0,0.07186317443847656,0.0,0.2820996940135956
3941,0.006365678738802671,0.020516842231154443,0.03118377849459648,0.07393711805343628,0.0,0.07186774909496307,0.0,0.28209611773490906
3942,0.006532689370214939,0.019017457589507104,0.02759985513985157,0.0693673923611641,0.0,0.07187358289957047,0.0,0.2820892930030823
3943,0.0062195990234613415,0.019961630553007127,0.027821486815810204,0.06789698898792267,0.0,0.07187791168689728,0.0,0.28208237886428833
3944,0.006286496575921774,0.0199921078979969,0.029154040664434434,0.0705533653497696,0.0,0.07188102602958679,0.0,0.2820771336555481
3945,0.00656474158167839,0.018616067990660668,0.027870171889662742,0.06780886054039001,0.0,0.07188626378774643,0.0,0.2820740044116974
3946,0.006371221411973238,0.01892613507807255,0.030680572614073753,0.07121941894292831,0.0,0.07188592851161957,0.0,0.28207042813301086
3947,0.006887364108115435,0.019421977177262306,0.030900222808122636,0.06530812680721283,0.0,0.07188811153173447,0.0,0.2820672392845154
3948,0.006643526628613472,0.01927972212433815,0.02946706712245941,0.0679198868572712,0.0,0.07188691198825836,0.0,0.28206589818000793
3949,0.00691973278298974,0.020275754109025,0.03144259937107563,0.07030772715806961,0.0,0.07188655436038971,0.0,0.2820642292499542
3950,0.006220834329724312,0.02014768011868,0.030959994345903397,0.06495487838983535,0.0,0.07188711315393448,0.0,0.2820616364479065
3951,0.0068168285302817825,0.019238611683249474,0.029031692817807198,0.07116262167692185,0.0,0.07188383489847183,0.0,0.28205904364585876
3952,0.00643500704318285,0.01907515749335289,0.028693817928433417,0.07295025736093522,0.0,0.07187855243682861,0.0,0.2820592522621155
3953,0.00651279017329216,0.019274692609906198,0.028884653747081757,0.06710092574357987,0.0,0.07188014686107635,0.0,0.2820624113082886
3954,0.006802201736718416,0.01961016021668911,0.030088625848293304,0.0682140588760376,0.0,0.0718776062130928,0.0,0.28206339478492737
3955,0.0061419750563800335,0.019343296065926552,0.03039013370871544,0.07019784599542618,0.0,0.07187972217798233,0.0,0.28206580877304077
3956,0.006492564640939236,0.01908573731780052,0.031058945506811143,0.06571039408445359,0.0,0.07188204675912857,0.0,0.2820669412612915
3957,0.006438157614320516,0.0189657062292099,0.029670757055282593,0.06812797337770463,0.0,0.07188168913125992,0.0,0.28206780552864075
3958,0.006525735091418028,0.02013200782239437,0.03221001550555229,0.07126307785511017,0.0,0.07187648117542267,0.0,0.28206831216812134
3959,0.006604507938027382,0.019699414446949958,0.029166803881525993,0.0683112233877182,0.0,0.07187025994062424,0.0,0.2820649743080139
3960,0.006748270243406296,0.01931331530213356,0.031685321033000945,0.06926833540201187,0.0,0.07186171412467957,0.0,0.2820597290992737
3961,0.006452676374465227,0.020005574077367784,0.031065118685364723,0.07413890212774277,0.0,0.07185778766870499,0.0,0.28205370903015137
3962,0.006786139588803053,0.019678151607513426,0.030953655764460564,0.06891075819730759,0.0,0.0718473419547081,0.0,0.28205037117004395
3963,0.006600876431912183,0.02066059224307537,0.029551203176379204,0.07224767804145812,0.0,0.07183477282524109,0.0,0.28204792737960815
3964,0.006031366251409054,0.02034987434744835,0.031172385811805724,0.06782433688640595,0.0,0.071825310587883,0.0,0.2820475697517395
3965,0.006466418877243996,0.01916237510740757,0.03066140115261078,0.0681996539235115,0.0,0.0718153566122055,0.0,0.28204941749572754
3966,0.006993059162050485,0.020384905114769935,0.029035256803035737,0.07042870819568633,0.0,0.07180432230234146,0.0,0.28205060958862305
3967,0.0068191149272024635,0.02013729065656662,0.02965644598007202,0.07343304380774499,0.0,0.07178820669651031,0.0,0.28205379843711853
3968,0.006794543471187353,0.019536107033491134,0.030352039262652397,0.07027687579393387,0.0,0.07177342474460602,0.0,0.28205832839012146
3969,0.00622402960434556,0.019516571611166,0.03190593756735325,0.07190112471580505,0.0,0.07176226377487183,0.0,0.282061904668808
3970,0.006856386549770832,0.020116056129336358,0.02897115722298622,0.07215669751167297,0.0,0.07175205647945404,0.0,0.2820642292499542
3971,0.006430301535874605,0.020786069706082343,0.030510495230555535,0.06904225945472717,0.0,0.07174169272184372,0.0,0.2820662558078766
3972,0.006665514409542083,0.020142081007361413,0.03029889538884163,0.06897381767630577,0.0,0.07173405587673187,0.0,0.28206756711006165
3973,0.006713572423905134,0.01938667856156826,0.03073279894888401,0.06647921651601792,0.0,0.07173751294612885,0.0,0.282067209482193
3974,0.006344141997396946,0.0197260033339262,0.02861546166241169,0.07168586403131486,0.0,0.07173959910869598,0.0,0.28206536173820496
3975,0.006956749130040407,0.019622256979346275,0.02964693158864975,0.06951466202735901,0.0,0.07174240052700043,0.0,0.2820608615875244
3976,0.006637143529951572,0.020207156613469123,0.02898572161793709,0.07083434462547303,0.0,0.07174699753522873,0.0,0.28205573558807373
3977,0.0063044621609151365,0.019404781237244605,0.03004460148513317,0.06687607616186142,0.0,0.07174845039844513,0.0,0.2820518910884857
3978,0.0068897692486643795,0.018930662795901297,0.028664639592170714,0.07391892075538635,0.0,0.07174821197986603,0.0,0.2820480167865753
3979,0.006735225953161716,0.019881926476955414,0.03192918673157692,0.06807742044329643,0.0,0.07175035774707794,0.0,0.2820444107055664
3980,0.006745889876037836,0.02004515677690506,0.030396177992224695,0.06719710752367973,0.0,0.0717475488781929,0.0,0.28204256296157837
3981,0.006507764663547277,0.019025157019495965,0.03182150609791279,0.06641456857323647,0.0,0.0717482939362526,0.0,0.28204411268234253
3982,0.006444366741925478,0.018324710428714752,0.029650291055440904,0.07142003923654557,0.0,0.07175061106681824,0.0,0.2820456326007843
3983,0.006476639676839114,0.020336996391415597,0.02980412133038044,0.0676706537604332,0.0,0.07175000756978989,0.0,0.28204721212387085
3984,0.006507420074194669,0.019715772196650504,0.030644939094781876,0.06460290849208832,0.0,0.07174932211637497,0.0,0.2820480465888977
3985,0.006763898115605116,0.018690376356244088,0.03137380480766296,0.06530561298131943,0.0,0.07174576818943024,0.0,0.28204917907714844
3986,0.006501281913369894,0.0188263688236475,0.028716103360056876,0.06883829608559608,0.0,0.07174120098352432,0.0,0.2820475101470947
3987,0.006543942913413048,0.01965426467359066,0.02807379700243473,0.06767054200172425,0.0,0.07173211872577667,0.0,0.2820448875427246
3988,0.006407320871949196,0.02000911198556423,0.029073291644454,0.07221342027187347,0.0,0.07172416895627975,0.0,0.2820413112640381
3989,0.006364983413368464,0.01911403499543667,0.03128215335309505,0.06428937241435051,0.0,0.07171482592821121,0.0,0.2820378839969635
3990,0.006111234053969383,0.0202893678098917,0.031278738379478456,0.07031005322933197,0.0,0.07170329988002777,0.0,0.28203636407852173
3991,0.006851749029010534,0.02013130336999893,0.03221673145890236,0.07066655308008193,0.0,0.07169444859027863,0.0,0.2820332646369934
3992,0.006318207178264856,0.01919858194887638,0.032597890868782994,0.07119944840669631,0.0,0.07168512046337128,0.0,0.28202882409095764
3993,0.0067178022116422655,0.01907287836074829,0.030365072563290595,0.07042255848646164,0.0,0.07167421281337738,0.0,0.2820262014865875
3994,0.006323562376201153,0.020430969074368477,0.02895432189106941,0.07418742179870605,0.0,0.07166097313165665,0.0,0.2820241451263428
3995,0.006305360049009323,0.019270101189613344,0.030354358628392218,0.06566960290074349,0.0,0.07164838910102844,0.0,0.2820248007774353
3996,0.006244317814707756,0.020088617876172065,0.029923274368047714,0.06969028413295746,0.0,0.07163304835557938,0.0,0.2820277214050293
3997,0.00674253860488534,0.019776003807783125,0.030803070217370988,0.07195151299238205,0.0,0.0716189593076706,0.0,0.2820303440093994
3998,0.006757991574704647,0.019598711282014847,0.03060581535100937,0.06847276538610458,0.0,0.07161147147417068,0.0,0.2820332646369934
3999,0.006251293141394854,0.019741803407669067,0.02973376475274563,0.06651935651898384,0.0,0.07160604745149612,0.0,0.28203481435775757
4000,0.00643628491088748,0.019573501497507095,0.029908808693289757,0.06803274229168892,0.0,0.07160140573978424,0.0,0.2820366621017456
4001,0.0070957720279693605,0.02094383053481579,0.02936064973473549,0.07193795889616013,0.0,0.07159899175167084,0.0,0.28203827142715454
4002,0.006468745693564415,0.01994069442152977,0.029757064953446388,0.07125386893749237,0.0,0.07159507274627686,0.0,0.2820392847061157
4003,0.006810534466058016,0.019414855912327767,0.02832443416118622,0.06788689568638802,0.0,0.07159128040075302,0.0,0.28204068541526794
4004,0.006678728386759758,0.01927102580666542,0.029576768353581428,0.06722206026315689,0.0,0.07159443944692612,0.0,0.2820424735546112
4005,0.006116955261677504,0.01975942514836788,0.031684578582644465,0.06808223873376847,0.0,0.07159902155399323,0.0,0.28204473853111267
4006,0.006921768095344305,0.019451557472348214,0.030132927373051642,0.07291069030761718,0.0,0.0715988501906395,0.0,0.2820478081703186
4007,0.006547379586845636,0.019156784936785697,0.029733017086982727,0.07454979121685028,0.0,0.07160014659166336,0.0,0.2820540964603424
4008,0.006516110897064209,0.01967615634202957,0.03057003580033779,0.06842758655548095,0.0,0.07160346210002899,0.0,0.2820598781108856
4009,0.006522772554308176,0.019876805320382118,0.03166530579328537,0.06937773674726486,0.0,0.0716010183095932,0.0,0.2820662558078766
4010,0.00677606575191021,0.020515845715999605,0.029605651274323463,0.06905893534421921,0.0,0.07160258293151855,0.0,0.2820717692375183
4011,0.006364570092409849,0.020220283418893814,0.03105096481740475,0.07052490413188935,0.0,0.07160240411758423,0.0,0.28207525610923767
4012,0.006895048357546329,0.020992666110396387,0.030247316136956214,0.07018873989582061,0.0,0.07160636782646179,0.0,0.28207772970199585
4013,0.00632180804386735,0.01909209042787552,0.031370843201875685,0.07332364916801452,0.0,0.07160896062850952,0.0,0.2820778489112854
4014,0.006722230650484562,0.018730858340859413,0.030252975597977638,0.07283132076263428,0.0,0.07161210477352142,0.0,0.2820775508880615
4015,0.007035555597394705,0.019762272015213966,0.03145263195037842,0.06804608553647995,0.0,0.0716150626540184,0.0,0.28207793831825256
4016,0.006377486512064934,0.01962094344198704,0.029699398949742318,0.07263908684253692,0.0,0.07162211835384369,0.0,0.28207916021347046
4017,0.006531139556318522,0.019643279537558556,0.031005240976810455,0.07113235145807266,0.0,0.07162462174892426,0.0,0.28207701444625854
4018,0.0066514435224235054,0.019024956598877908,0.030170399323105813,0.07072096318006516,0.0,0.07162700593471527,0.0,0.2820744514465332
4019,0.006589709874242544,0.019446713104844093,0.029712745919823647,0.07072953283786773,0.0,0.07162793725728989,0.0,0.2820715308189392
4020,0.006180182844400406,0.01986032575368881,0.028984147310256957,0.06784054338932037,0.0,0.07162526994943619,0.0,0.282070517539978
4021,0.006688224989920855,0.019318804889917374,0.03168807849287987,0.06936139613389969,0.0,0.07161802053451538,0.0,0.2820670008659363
4022,0.00669553317129612,0.01861642524600029,0.028577252104878426,0.07254886329174041,0.0,0.07161430269479752,0.0,0.2820623815059662
4023,0.006515774782747031,0.018949056416749953,0.029221899062395095,0.07261675745248794,0.0,0.0716063380241394,0.0,0.2820563316345215
4024,0.006265110988169909,0.01942667067050934,0.029512352496385574,0.07344923093914986,0.0,0.07159600406885147,0.0,0.28205031156539917
4025,0.006688666436821223,0.019367019459605218,0.030473751947283745,0.06817041337490082,0.0,0.07158497720956802,0.0,0.2820448875427246
4026,0.00648330831900239,0.01931019052863121,0.030125757306814195,0.06652272194623947,0.0,0.07157056033611298,0.0,0.28204208612442017
4027,0.006345144752413034,0.01959359273314476,0.030323750525712966,0.06690056771039962,0.0,0.07155680656433105,0.0,0.28203970193862915
4028,0.006655062176287174,0.020567667111754416,0.029002195224165916,0.07136769443750382,0.0,0.07154164463281631,0.0,0.2820376753807068
4029,0.006496199406683445,0.018354658782482148,0.030432432144880294,0.06709472239017486,0.0,0.0715351402759552,0.0,0.2820356786251068
4030,0.0063367031514644625,0.02006894089281559,0.027722211554646492,0.07262153774499894,0.0,0.07153338938951492,0.0,0.2820340692996979
4031,0.006740205641835928,0.01881788335740566,0.028707819432020186,0.07001403123140335,0.0,0.07153249531984329,0.0,0.2820335328578949
4032,0.006477278843522072,0.017794593796133996,0.03114156648516655,0.07014800310134887,0.0,0.07152792066335678,0.0,0.2820339798927307
4033,0.0068311384879052636,0.019687270000576972,0.029356079176068306,0.06848224550485611,0.0,0.0715203732252121,0.0,0.2820339798927307
4034,0.006561416666954756,0.02078910395503044,0.027344464510679244,0.07110646069049835,0.0,0.07151411473751068,0.0,0.28203266859054565
4035,0.006498333066701889,0.020627373084425926,0.03000801019370556,0.07040129899978638,0.0,0.07151085138320923,0.0,0.2820297181606293
4036,0.006506113149225712,0.019861971586942674,0.03034878820180893,0.06813779920339584,0.0,0.07150812447071075,0.0,0.282025545835495
4037,0.00639686631038785,0.020511625707149504,0.031928655505180356,0.06790218949317932,0.0,0.07150565087795258,0.0,0.28202134370803833
4038,0.006213933136314154,0.019528964161872865,0.030532557889819144,0.06611961871385574,0.0,0.07150106132030487,0.0,0.28201621770858765
4039,0.00656945314258337,0.019653155654668807,0.02976618967950344,0.06627165153622627,0.0,0.0714949294924736,0.0,0.2820127606391907
4040,0.006306449230760336,0.02008436731994152,0.02973012626171112,0.06909415796399117,0.0,0.07149015367031097,0.0,0.2820091247558594
4041,0.006521385908126831,0.018991130217909814,0.030569294840097426,0.06752743944525719,0.0,0.07149002701044083,0.0,0.2820071876049042
4042,0.007123973406851292,0.019319795817136765,0.029812417924404144,0.06773603036999702,0.0,0.07150230556726456,0.0,0.28200656175613403
4043,0.0065577361732721325,0.018986426666378974,0.02883322201669216,0.06956050395965577,0.0,0.07151617109775543,0.0,0.2820076644420624
4044,0.006431838218122721,0.02041672170162201,0.029780211672186852,0.06905855536460877,0.0,0.07153122127056122,0.0,0.28201061487197876
4045,0.006505742575973273,0.01902777552604675,0.03162391111254692,0.06770119071006775,0.0,0.07154693454504013,0.0,0.2820150852203369
4046,0.00643749563023448,0.019294309243559838,0.030753908678889275,0.06814545243978501,0.0,0.07156212627887726,0.0,0.28202179074287415
4047,0.0067135155200958255,0.019512096792459487,0.02893579602241516,0.07099351584911347,0.0,0.07157714664936066,0.0,0.2820277214050293
4048,0.006310267373919487,0.019679516181349756,0.029728330299258234,0.07038895785808563,0.0,0.07158645242452621,0.0,0.28203141689300537
4049,0.006461294181644916,0.020173538848757742,0.02873206026852131,0.06932217478752137,0.0,0.07159290462732315,0.0,0.2820359170436859
4050,0.006556065194308758,0.01986437477171421,0.0315041147172451,0.06733261346817017,0.0,0.07159889489412308,0.0,0.2820391058921814
4051,0.00637719202786684,0.01907733716070652,0.030688298493623735,0.06804836317896842,0.0,0.07160355895757675,0.0,0.2820393443107605
4052,0.0066822866909205915,0.019159874692559243,0.030753934755921364,0.06583671569824219,0.0,0.07161189615726471,0.0,0.2820373773574829
4053,0.006634920742362738,0.019839344918727873,0.031112471595406532,0.06862860172986984,0.0,0.07162239402532578,0.0,0.28203532099723816
4054,0.006448845658451319,0.020152496919035912,0.030112285912036896,0.06910397857427597,0.0,0.07163600623607635,0.0,0.28203219175338745
4055,0.006619788892567158,0.01863071136176586,0.02833450138568878,0.06710046678781509,0.0,0.07164772599935532,0.0,0.28202733397483826
4056,0.006545293983072043,0.01884450688958168,0.03028819113969803,0.06965832859277725,0.0,0.0716603547334671,0.0,0.28201907873153687
4057,0.006213625613600016,0.02007371559739113,0.02882668897509575,0.06886675357818603,0.0,0.07167541980743408,0.0,0.2820104956626892
4058,0.006117255054414272,0.018907540664076804,0.032473118603229524,0.07102410197257995,0.0,0.07168124616146088,0.0,0.28200191259384155
4059,0.006606539711356163,0.018560509383678436,0.02924272380769253,0.07133901715278626,0.0,0.07168494164943695,0.0,0.28199371695518494
4060,0.006512063648551702,0.02006082087755203,0.0310578353703022,0.06870987713336944,0.0,0.07168558984994888,0.0,0.28198927640914917
4061,0.00641446616500616,0.01879996433854103,0.03144744113087654,0.06852173805236816,0.0,0.07168373465538025,0.0,0.28198689222335815
4062,0.006654227524995804,0.01872744895517826,0.031622129306197164,0.0654808409512043,0.0,0.0716765895485878,0.0,0.2819848954677582
4063,0.006691910419613123,0.019655435159802438,0.030484972149133684,0.07175433039665222,0.0,0.0716637447476387,0.0,0.2819819748401642
4064,0.006837319582700729,0.020334343984723093,0.030536896735429763,0.06643142104148865,0.0,0.07165022939443588,0.0,0.2819819748401642
4065,0.006786231882870197,0.019310958683490753,0.030610069632530212,0.07013938874006272,0.0,0.07164213806390762,0.0,0.2819816470146179
4066,0.006745170895010233,0.018998227268457412,0.029477819800376892,0.06627687066793442,0.0,0.07162994146347046,0.0,0.28198209404945374
4067,0.006618126388639211,0.01970287337899208,0.030068150907754897,0.07190585881471634,0.0,0.0716162696480751,0.0,0.281981885433197
4068,0.006138474121689797,0.01973739266395569,0.029446209967136382,0.0702589437365532,0.0,0.07160493731498718,0.0,0.2819812595844269
4069,0.006454642210155725,0.020311444252729415,0.029635246843099594,0.07270256280899048,0.0,0.07159983366727829,0.0,0.2819788455963135
4070,0.006310593243688345,0.020173108950257302,0.029039690643548964,0.07367017567157745,0.0,0.07159729301929474,0.0,0.2819755971431732
4071,0.006407317612320185,0.01968261003494263,0.03019634075462818,0.07127880901098252,0.0,0.07159258425235748,0.0,0.2819729745388031
4072,0.0066782600246369835,0.01961202286183834,0.030908793583512305,0.0690796583890915,0.0,0.07158759981393814,0.0,0.28196853399276733
4073,0.006637549120932817,0.02021128833293915,0.029936329275369645,0.07092115879058838,0.0,0.07157941907644272,0.0,0.28196197748184204
4074,0.006427312642335892,0.019962406903505325,0.02834376469254494,0.07162875831127166,0.0,0.07157429307699203,0.0,0.2819572389125824
4075,0.0066440533846616745,0.020057979226112365,0.032408124580979344,0.07012191265821457,0.0,0.0715712457895279,0.0,0.2819536626338959
4076,0.006594675127416849,0.019949328154325485,0.03084437772631645,0.06999800205230713,0.0,0.071565642952919,0.0,0.2819497585296631
4077,0.006361045129597187,0.019380708038806916,0.03088166266679764,0.07022882252931595,0.0,0.07155905663967133,0.0,0.2819463908672333
4078,0.006259676534682512,0.019718557223677637,0.03063127286732197,0.07162045836448669,0.0,0.07155127823352814,0.0,0.281943142414093
4079,0.006330932769924402,0.019337816536426543,0.029966472834348678,0.06974559873342515,0.0,0.07154444605112076,0.0,0.2819404602050781
4080,0.006257931049913168,0.019549735262989996,0.030963795632123946,0.0688483938574791,0.0,0.07153654843568802,0.0,0.2819376289844513
4081,0.006512255128473044,0.019136841222643853,0.029688092693686486,0.06994622200727463,0.0,0.07152385264635086,0.0,0.2819356918334961
4082,0.006410247925668955,0.018852685019373892,0.030070595815777777,0.0751714214682579,0.0,0.07151444256305695,0.0,0.28193795680999756
4083,0.006569029297679663,0.020342519506812096,0.031113258376717568,0.07047370821237564,0.0,0.07150162756443024,0.0,0.28193989396095276
4084,0.0064357067458331585,0.019321474805474283,0.030557288229465483,0.07158215790987014,0.0,0.07148624211549759,0.0,0.2819424569606781
4085,0.006468999292701482,0.020178664848208426,0.03070853017270565,0.07127658426761627,0.0,0.07146964967250824,0.0,0.28194600343704224
4086,0.006851414497941732,0.019236742705106735,0.03129019662737846,0.06831329762935638,0.0,0.07145538181066513,0.0,0.2819488048553467
4087,0.006543384306132794,0.019255051389336586,0.028454407677054407,0.07377239167690278,0.0,0.07144094258546829,0.0,0.2819506525993347
4088,0.006783048622310162,0.018996833264827727,0.030067123100161554,0.07275636494159698,0.0,0.07142653316259384,0.0,0.28195321559906006
4089,0.006794106122106314,0.01992185041308403,0.02878793776035309,0.07074119299650192,0.0,0.07141151279211044,0.0,0.2819562554359436
4090,0.006793269608169794,0.019569610804319383,0.029077713191509248,0.0714851438999176,0.0,0.07139772176742554,0.0,0.28195828199386597
4091,0.006261235661804676,0.01994181387126446,0.03041827343404293,0.06892317235469818,0.0,0.07138413935899734,0.0,0.2819597125053406
4092,0.006445410754531622,0.019369518756866454,0.030144457891583442,0.07134290486574173,0.0,0.07137320190668106,0.0,0.28196027874946594
4093,0.006566676683723927,0.01931008733808994,0.0328218512237072,0.06517081633210182,0.0,0.07136613875627518,0.0,0.28196078538894653
4094,0.007175278104841709,0.019999176636338233,0.03079633042216301,0.07040954232215882,0.0,0.07136646658182144,0.0,0.28195977210998535
4095,0.006822837702929974,0.019593967869877816,0.03032631054520607,0.06722944229841232,0.0,0.07136950641870499,0.0,0.28195852041244507
4096,0.006537041533738375,0.01957302801311016,0.02877221889793873,0.06651582196354866,0.0,0.07137370109558105,0.0,0.2819570302963257
4097,0.006217236444354057,0.01915426515042782,0.029860807210206987,0.07075906395912171,0.0,0.07138144969940186,0.0,0.2819545865058899
4098,0.006383826024830341,0.02017658166587353,0.03080560006201267,0.06935299038887024,0.0,0.07138912379741669,0.0,0.2819514870643616
4099,0.006604008376598358,0.018786568939685822,0.02912825606763363,0.0697921484708786,0.0,0.07139696180820465,0.0,0.2819478213787079
4100,0.00638731187209487,0.01953020170331001,0.030070747435092925,0.06722941026091575,0.0,0.07140442728996277,0.0,0.2819429636001587
4101,0.006720148213207722,0.020027584955096246,0.03021831698715687,0.06325040981173516,0.0,0.07140829414129257,0.0,0.2819373607635498
4102,0.006353639625012874,0.019065918028354646,0.028580546006560327,0.06983164101839065,0.0,0.07141416519880295,0.0,0.2819311022758484
4103,0.006538013368844986,0.018148628994822502,0.031419898569583896,0.0705236092209816,0.0,0.07141698151826859,0.0,0.2819249927997589
4104,0.0066490815952420235,0.019757429882884026,0.028506597876548766,0.06803061813116074,0.0,0.07141609489917755,0.0,0.28192150592803955
4105,0.00671889130026102,0.019147161021828653,0.030551053956151007,0.0703235238790512,0.0,0.07141909003257751,0.0,0.2819209098815918
4106,0.006105049420148135,0.020112375169992446,0.030803895369172097,0.0703083872795105,0.0,0.07142744958400726,0.0,0.2819197177886963
4107,0.006529502850025892,0.01921226941049099,0.030305441096425058,0.06921131908893585,0.0,0.0714375302195549,0.0,0.28191614151000977
4108,0.006376961339265108,0.019856497645378113,0.02825801484286785,0.06868580058217048,0.0,0.0714455097913742,0.0,0.28191155195236206
4109,0.00650250781327486,0.01942155361175537,0.030271323025226594,0.07145409286022186,0.0,0.07145852595567703,0.0,0.28190845251083374
4110,0.006665676180273294,0.019558749720454217,0.029359941184520722,0.06982182413339615,0.0,0.0714675635099411,0.0,0.2819038927555084
4111,0.006496848072856665,0.018822195753455163,0.031234091520309447,0.07004763931035995,0.0,0.07147431373596191,0.0,0.28190046548843384
4112,0.006601448077708483,0.019854029268026353,0.029389099404215812,0.06428658664226532,0.0,0.071476049721241,0.0,0.2818959355354309
4113,0.006849199160933494,0.01964397206902504,0.031757650524377824,0.0711400717496872,0.0,0.07148407399654388,0.0,0.2818933427333832
4114,0.0069338598288595675,0.019640119373798372,0.029279504716396332,0.07045922577381133,0.0,0.07148878276348114,0.0,0.281891405582428
4115,0.006529492698609829,0.019885790720582008,0.029244627431035043,0.06888782680034637,0.0,0.07149414718151093,0.0,0.2818911671638489
4116,0.006648669019341469,0.020207653194665907,0.03231037519872189,0.06894866600632668,0.0,0.0714993104338646,0.0,0.28188997507095337
4117,0.006859014369547367,0.018934134393930435,0.02921784594655037,0.07031524851918221,0.0,0.07150447368621826,0.0,0.2818877398967743
4118,0.00670374920591712,0.020346029847860336,0.030401373654603957,0.0749570071697235,0.0,0.07150278240442276,0.0,0.2818865478038788
4119,0.006757513526827097,0.019949089735746384,0.027871774137020112,0.0695780411362648,0.0,0.07150149345397949,0.0,0.2818860113620758
4120,0.006806564517319202,0.01904914267361164,0.028937561437487602,0.06749761551618576,0.0,0.07149781286716461,0.0,0.2818866968154907
4121,0.006682728044688701,0.0190689355134964,0.02915799096226692,0.06991829425096512,0.0,0.07149331271648407,0.0,0.28188782930374146
4122,0.006420784723013639,0.019984517246484756,0.02965311296284199,0.06794227063655853,0.0,0.0714900940656662,0.0,0.28188782930374146
4123,0.006739072687923908,0.018806088343262674,0.030611011013388634,0.06864430010318756,0.0,0.07148948311805725,0.0,0.28188571333885193
4124,0.00654570572078228,0.01958475448191166,0.031361489370465276,0.06725377440452576,0.0,0.07149582356214523,0.0,0.2818831503391266
4125,0.006165856868028641,0.02021727301180363,0.03084990121424198,0.06543056219816208,0.0,0.07150258123874664,0.0,0.28188157081604004
4126,0.006588473450392485,0.020680925622582436,0.027845516800880432,0.07177322655916214,0.0,0.07151453197002411,0.0,0.2818814814090729
4127,0.0062559922225773335,0.01961791589856148,0.02894895002245903,0.07187258154153824,0.0,0.07153399288654327,0.0,0.28188055753707886
4128,0.006139569915831089,0.01906910240650177,0.03027886301279068,0.07048926651477813,0.0,0.07155400514602661,0.0,0.2818796932697296
4129,0.006568642053753138,0.018975448980927467,0.0316778589040041,0.06751186847686767,0.0,0.0715714544057846,0.0,0.2818768620491028
4130,0.0067796620540320875,0.01982136033475399,0.028379703313112258,0.0707638293504715,0.0,0.07158926129341125,0.0,0.28187376260757446
4131,0.006473031733185053,0.019985467195510864,0.02872818671166897,0.07038806974887848,0.0,0.07161028683185577,0.0,0.2818719744682312
4132,0.006688418798148632,0.020178147405385972,0.028333761170506476,0.06933501809835434,0.0,0.07162854820489883,0.0,0.2818687856197357
4133,0.006463652383536101,0.020317745581269264,0.027647754177451134,0.07101758569478989,0.0,0.07164646685123444,0.0,0.28186672925949097
4134,0.0064312595874071125,0.019057027623057367,0.029932114109396935,0.07223006188869477,0.0,0.07166074216365814,0.0,0.28186672925949097
4135,0.006539394427090883,0.01924542859196663,0.0288565281778574,0.06818619668483734,0.0,0.07167323678731918,0.0,0.2818671762943268
4136,0.006560292560607195,0.020003587007522583,0.031440752744674685,0.06681726574897766,0.0,0.07168552279472351,0.0,0.2818698287010193
4137,0.006051332131028176,0.01910490244626999,0.030867917090654375,0.07147110849618912,0.0,0.0716974288225174,0.0,0.28187355399131775
4138,0.006904922239482403,0.01874699965119362,0.029544557631015777,0.06714066267013549,0.0,0.07170907407999039,0.0,0.281877338886261
4139,0.006456092651933432,0.01920599527657032,0.03131672739982605,0.07380752861499787,0.0,0.07171843945980072,0.0,0.28187912702560425
4140,0.006678477860987186,0.018943437561392783,0.030725831910967828,0.06743205487728118,0.0,0.0717257559299469,0.0,0.28188106417655945
4141,0.006408653128892184,0.01882055662572384,0.0296985175460577,0.07147818803787231,0.0,0.0717301145195961,0.0,0.28188204765319824
4142,0.006474271044135093,0.0196857750415802,0.03039369322359562,0.0719977468252182,0.0,0.0717339962720871,0.0,0.2818828821182251
4143,0.006425561662763357,0.0195238895714283,0.03128782175481319,0.06860502138733864,0.0,0.07173606753349304,0.0,0.28188464045524597
4144,0.006683152914047241,0.01983639635145664,0.03100903183221817,0.0707591563463211,0.0,0.07173945009708405,0.0,0.28188589215278625
4145,0.0062161261215806,0.019578473269939424,0.029992902651429176,0.07022034376859665,0.0,0.07174203544855118,0.0,0.2818860709667206
4146,0.0065278993919491764,0.019497236609458922,0.029811738058924675,0.06993182599544526,0.0,0.07174067944288254,0.0,0.2818866968154907
4147,0.006558197923004628,0.020178016647696494,0.02972607910633087,0.06862483322620391,0.0,0.07173840701580048,0.0,0.2818867266178131
4148,0.006448183674365282,0.019758040457963942,0.030324723944067954,0.0664560541510582,0.0,0.07173159718513489,0.0,0.2818872332572937
4149,0.0066809081472456455,0.01885926499962807,0.03098965510725975,0.0674521304666996,0.0,0.07172704488039017,0.0,0.28188544511795044
4150,0.00662847887724638,0.019184795767068864,0.029935649037361144,0.06971956938505172,0.0,0.0717194676399231,0.0,0.281883180141449
4151,0.006636103428900242,0.019447802379727364,0.030928831547498703,0.06585903167724609,0.0,0.07171793282032013,0.0,0.28188103437423706
4152,0.006285321619361639,0.019751325622200964,0.029832185432314872,0.07103019207715988,0.0,0.07171088457107544,0.0,0.28187885880470276
4153,0.0066769723780453205,0.02029547207057476,0.029229403287172318,0.0727360874414444,0.0,0.07170102000236511,0.0,0.281877726316452
4154,0.006625343672931194,0.018859848007559778,0.029719014093279837,0.07102765291929244,0.0,0.07168813049793243,0.0,0.28187647461891174
4155,0.006648091413080692,0.020518235117197036,0.031819598749279976,0.0649905651807785,0.0,0.07167531549930573,0.0,0.28187575936317444
4156,0.006474342010915279,0.020507919415831567,0.02981821708381176,0.0672620639204979,0.0,0.07166332006454468,0.0,0.28187644481658936
4157,0.006976657174527645,0.020914226397871973,0.028405718877911566,0.07206590920686722,0.0,0.07165482640266418,0.0,0.28187641501426697
4158,0.006360669061541558,0.019509387388825416,0.030073196068406104,0.06946367174386978,0.0,0.07164277881383896,0.0,0.28187575936317444
4159,0.006426818761974573,0.018637799099087714,0.031233759596943855,0.075372713804245,0.0,0.07163416594266891,0.0,0.28187575936317444
4160,0.006398105155676603,0.020634546130895614,0.03104276768863201,0.06643091291189193,0.0,0.07162134349346161,0.0,0.28187698125839233
4161,0.0067201867699623104,0.01943935751914978,0.02789892703294754,0.07083306461572647,0.0,0.07161712646484375,0.0,0.2818770110607147
4162,0.00653414772823453,0.02015453763306141,0.02822541110217571,0.06575609967112542,0.0,0.07161141186952591,0.0,0.2818782925605774
4163,0.006457941886037588,0.020413029566407205,0.028967317193746567,0.06930002868175507,0.0,0.07161437720060349,0.0,0.2818818986415863
4164,0.006279858108609915,0.01985565684735775,0.029809854924678802,0.06751072406768799,0.0,0.07162577658891678,0.0,0.2818872332572937
4165,0.006748047843575478,0.018927907571196556,0.028344762325286866,0.07015874236822128,0.0,0.07163386046886444,0.0,0.2818934917449951
4166,0.0065977763384580616,0.019586870446801186,0.03083725683391094,0.0672776758670807,0.0,0.07164187729358673,0.0,0.28190070390701294
4167,0.00628333305940032,0.019599254056811333,0.030120259523391722,0.07067079246044158,0.0,0.07164941728115082,0.0,0.2819058895111084
4168,0.0066748781129717825,0.019754943251609803,0.02783586345613003,0.07136030495166779,0.0,0.07165614515542984,0.0,0.28190940618515015
4169,0.006431171577423811,0.019596267119050027,0.03038460798561573,0.06637616604566574,0.0,0.07166397571563721,0.0,0.28191304206848145
4170,0.00645733941346407,0.020468727871775626,0.030641698464751243,0.07185711562633515,0.0,0.07167457044124603,0.0,0.28191399574279785
4171,0.00645760353654623,0.019059718400239945,0.029765851423144342,0.06890054196119308,0.0,0.0716879814863205,0.0,0.28191646933555603
4172,0.006638836115598679,0.019237618520855905,0.03011583462357521,0.06793006360530854,0.0,0.07169704139232635,0.0,0.2819203734397888
4173,0.006395893171429634,0.01960403621196747,0.03140920028090477,0.06864590346813201,0.0,0.07170481234788895,0.0,0.2819255590438843
4174,0.006464596092700958,0.020190873742103578,0.029512226954102515,0.06966435462236405,0.0,0.07170619815587997,0.0,0.28193041682243347
4175,0.006747316103428602,0.019515011459589005,0.02928840331733227,0.06900427937507629,0.0,0.0717042088508606,0.0,0.2819371223449707
4176,0.00674061207100749,0.019139354676008226,0.03137373924255371,0.0684866800904274,0.0,0.07169965654611588,0.0,0.2819436192512512
4177,0.006914804317057132,0.01906856819987297,0.030698726326227187,0.06836646795272827,0.0,0.07169626653194427,0.0,0.2819489538669586
4178,0.006562129780650139,0.020530347898602485,0.02952352575957775,0.06836777329444885,0.0,0.07169224321842194,0.0,0.28195518255233765
4179,0.00636321883648634,0.01996090039610863,0.029117513447999954,0.06807003319263458,0.0,0.07168709486722946,0.0,0.2819597125053406
4180,0.0065434427000582215,0.020021943747997283,0.02903839386999607,0.06911909729242324,0.0,0.0716862604022026,0.0,0.2819645404815674
4181,0.006491959746927023,0.019585276395082472,0.03099135495722294,0.06526454389095307,0.0,0.07168823480606079,0.0,0.28196650743484497
4182,0.006289342418313026,0.019637851044535637,0.030334056168794633,0.06713850945234298,0.0,0.07169124484062195,0.0,0.28196749091148376
4183,0.006521670334041119,0.019795188307762147,0.03053917773067951,0.06775530725717545,0.0,0.07169316709041595,0.0,0.28196805715560913
4184,0.006700083706527948,0.018820101395249367,0.029292523488402368,0.06901137381792069,0.0,0.0716964453458786,0.0,0.2819673418998718
4185,0.006747465580701828,0.02014012411236763,0.028877145051956175,0.07151840031147003,0.0,0.07169830799102783,0.0,0.2819675803184509
4186,0.00604040790349245,0.020029471814632417,0.030604748427867888,0.07095061540603638,0.0,0.07170415669679642,0.0,0.281968355178833
4187,0.006129167228937149,0.019468937441706656,0.029434365034103394,0.07154165506362915,0.0,0.07171060889959335,0.0,0.2819680869579315
4188,0.006401429325342179,0.019935329258441926,0.03151516579091549,0.06702674180269241,0.0,0.07171982526779175,0.0,0.2819676101207733
4189,0.006260279845446348,0.019443698227405548,0.031071626767516135,0.07151933759450912,0.0,0.07172892987728119,0.0,0.2819666266441345
4190,0.006312115397304296,0.018546627089381217,0.031218012794852257,0.0682806983590126,0.0,0.07173380255699158,0.0,0.2819659113883972
4191,0.006507605314254761,0.01922246366739273,0.02966623716056347,0.06820871531963349,0.0,0.07174316048622131,0.0,0.2819663882255554
4192,0.006590785551816225,0.019972718507051467,0.029407277703285217,0.074229297041893,0.0,0.07175689935684204,0.0,0.2819662094116211
4193,0.0069286060519516465,0.019867691025137902,0.03005867972970009,0.06977435499429703,0.0,0.07177045941352844,0.0,0.2819654941558838
4194,0.006921687535941601,0.020624130964279175,0.030460258200764655,0.06684916168451309,0.0,0.07178733497858047,0.0,0.28196197748184204
4195,0.006765637267380953,0.02008061930537224,0.02921352833509445,0.06611994802951812,0.0,0.07180049270391464,0.0,0.28195619583129883
4196,0.006037493981420994,0.020843440666794777,0.029933013767004014,0.06895589232444763,0.0,0.07180976122617722,0.0,0.281951367855072
4197,0.006276818457990885,0.01975819207727909,0.0305911123752594,0.06654255241155624,0.0,0.07182352244853973,0.0,0.2819465696811676
4198,0.006400452647358179,0.0192802581936121,0.0313401248306036,0.06882779151201249,0.0,0.07183365523815155,0.0,0.2819412052631378
4199,0.006014679092913866,0.019347697123885156,0.03163338154554367,0.0662983551621437,0.0,0.07184331119060516,0.0,0.2819349765777588
4200,0.006451120972633362,0.019025618582963942,0.03003707528114319,0.07028855830430984,0.0,0.0718570202589035,0.0,0.2819289565086365
4201,0.006409064773470164,0.019442659616470338,0.028995411843061446,0.0669563926756382,0.0,0.07186904549598694,0.0,0.2819215655326843
4202,0.006485509499907493,0.020166677236557008,0.02897656075656414,0.06734870076179504,0.0,0.07188156247138977,0.0,0.281914621591568
4203,0.006352459080517292,0.01950567290186882,0.029272305965423583,0.0679619237780571,0.0,0.07189019024372101,0.0,0.28190746903419495
4204,0.006681235413998366,0.01892966665327549,0.030224621295928955,0.0699617899954319,0.0,0.07189701497554779,0.0,0.28189951181411743
4205,0.00623431196436286,0.02002284675836563,0.031411468237638476,0.07154324501752854,0.0,0.07190364599227905,0.0,0.28189200162887573
4206,0.006845063623040914,0.019495757669210433,0.029393763467669486,0.06872031986713409,0.0,0.07191149890422821,0.0,0.28188592195510864
4207,0.006146683264523745,0.019716625288128852,0.03232641778886318,0.0724247470498085,0.0,0.07192029058933258,0.0,0.2818804681301117
4208,0.006694325059652328,0.0185648363083601,0.03133674748241901,0.06821027919650077,0.0,0.07192857563495636,0.0,0.28187212347984314
4209,0.0064437220804393295,0.020244868472218513,0.02921211123466492,0.06928164064884186,0.0,0.07193268835544586,0.0,0.28186264634132385
4210,0.005924908444285393,0.01933140754699707,0.030270779877901076,0.07059685289859771,0.0,0.0719379112124443,0.0,0.2818554937839508
4211,0.006356750708073377,0.020180173963308335,0.028741040080785752,0.06754695624113083,0.0,0.07194367051124573,0.0,0.28184884786605835
4212,0.00674506975337863,0.019954079017043113,0.02918894849717617,0.0666195161640644,0.0,0.07195825129747391,0.0,0.28184160590171814
4213,0.006852618791162968,0.019451581686735154,0.031836573779582975,0.07290562242269516,0.0,0.07197226583957672,0.0,0.28183335065841675
4214,0.006349961087107658,0.020284033566713332,0.0301927175372839,0.07069820612668991,0.0,0.07198484987020493,0.0,0.28182393312454224
4215,0.006234140507876873,0.018792666494846344,0.031010566651821135,0.07238965183496475,0.0,0.07199907302856445,0.0,0.2818130552768707
4216,0.006476056575775146,0.019724420085549355,0.029810183867812156,0.07008796781301499,0.0,0.0720156580209732,0.0,0.28180333971977234
4217,0.006295934878289699,0.020180033147335054,0.030336159095168114,0.067849999666214,0.0,0.07203184068202972,0.0,0.281794011592865
4218,0.006503526028245688,0.02047412134706974,0.030714906007051467,0.06842868998646737,0.0,0.07205046713352203,0.0,0.2817845344543457
4219,0.00662619573995471,0.018983493745326995,0.030734236910939218,0.0638805203139782,0.0,0.07207025587558746,0.0,0.2817781865596771
4220,0.00654066214337945,0.019912830740213393,0.029670878499746322,0.06741914600133896,0.0,0.07208521664142609,0.0,0.2817719578742981
4221,0.006416904367506504,0.01907293051481247,0.030835429951548577,0.07316762804985047,0.0,0.07209863513708115,0.0,0.28176775574684143
4222,0.00642973892390728,0.019798095151782037,0.030020902678370476,0.06547024101018906,0.0,0.07210621237754822,0.0,0.2817665636539459
4223,0.006642089504748583,0.019684650748968125,0.03048822730779648,0.07368774712085724,0.0,0.07211301475763321,0.0,0.2817654013633728
4224,0.0061290525831282135,0.018761897832155226,0.03166136629879475,0.06683072671294213,0.0,0.0721312016248703,0.0,0.28176450729370117
4225,0.006225863937288523,0.02024906501173973,0.03098292611539364,0.06646467819809913,0.0,0.07214474678039551,0.0,0.28176426887512207
4226,0.00640654806047678,0.01925472766160965,0.029985331743955613,0.06832430064678192,0.0,0.07215947657823563,0.0,0.2817629873752594
4227,0.00653624078258872,0.019124924764037134,0.03202815838158131,0.06937597095966339,0.0,0.07217328995466232,0.0,0.28176069259643555
4228,0.006376816984266042,0.019688016548752785,0.029539669677615166,0.06965521350502968,0.0,0.07218962907791138,0.0,0.2817566394805908
4229,0.006557740550488233,0.019549408555030824,0.03147341795265675,0.07262446731328964,0.0,0.07219996303319931,0.0,0.2817527651786804
4230,0.006692538037896156,0.018661918491125105,0.028943802043795586,0.07110894918441772,0.0,0.07220862060785294,0.0,0.28175029158592224
4231,0.006583824381232261,0.02116387113928795,0.03110852837562561,0.0709620863199234,0.0,0.07221141457557678,0.0,0.28174683451652527
4232,0.006725347228348255,0.019047635421156884,0.03134166151285171,0.07476781159639359,0.0,0.07221665978431702,0.0,0.28174442052841187
4233,0.006211570743471384,0.020023756846785545,0.030610228329896925,0.07333754599094391,0.0,0.0722186267375946,0.0,0.28174251317977905
4234,0.006665151007473469,0.01939670406281948,0.029356665536761285,0.06801484748721123,0.0,0.07221778482198715,0.0,0.2817431092262268
4235,0.007360072340816259,0.020071672275662422,0.02992301844060421,0.07218250334262848,0.0,0.0722135454416275,0.0,0.2817448079586029
4236,0.006557084806263447,0.019787753373384474,0.03131627291440964,0.07240784466266632,0.0,0.07220916450023651,0.0,0.281745046377182
4237,0.0066264763474464415,0.020246361568570136,0.030781831219792367,0.06942586302757263,0.0,0.07221010327339172,0.0,0.28174644708633423
4238,0.006474507786333561,0.019319438934326173,0.030400801450014114,0.0685189738869667,0.0,0.07221215963363647,0.0,0.28174763917922974
4239,0.0063142946921288965,0.0193876501172781,0.03188250325620175,0.06479373350739479,0.0,0.07220929116010666,0.0,0.2817496061325073
4240,0.006393545027822256,0.019938824325799943,0.028396647050976755,0.06304927468299866,0.0,0.07220414280891418,0.0,0.2817516326904297
4241,0.006436173990368843,0.020158015936613084,0.030902031064033508,0.07096719741821289,0.0,0.07219603657722473,0.0,0.2817533016204834
4242,0.006629759538918733,0.018521934002637862,0.030197136104106903,0.06703087612986565,0.0,0.07218776643276215,0.0,0.2817535996437073
4243,0.006643912475556135,0.02000610828399658,0.030024615302681922,0.07177405655384064,0.0,0.07217369228601456,0.0,0.2817538380622864
4244,0.006361134070903063,0.019583805277943612,0.029838383942842484,0.06814496666193008,0.0,0.07215802371501923,0.0,0.28175345063209534
4245,0.006935346871614456,0.019161948189139365,0.03225835859775543,0.06983873844146729,0.0,0.07213925570249557,0.0,0.281754732131958
4246,0.006596611998975277,0.019613342359662056,0.02997705712914467,0.06907714903354645,0.0,0.07211761176586151,0.0,0.28175559639930725
4247,0.0067311650142073635,0.02073534093797207,0.03071770295500755,0.07052340060472488,0.0,0.07209470123052597,0.0,0.28175628185272217
4248,0.006470628548413515,0.019765113666653632,0.03144455775618553,0.06663074642419815,0.0,0.07207529246807098,0.0,0.2817569077014923
4249,0.0073862412944436075,0.019276754185557365,0.028867447376251222,0.0727261409163475,0.0,0.07205644994974136,0.0,0.2817564010620117
4250,0.006912710051983595,0.01943095587193966,0.02993309572339058,0.06706080287694931,0.0,0.07203812897205353,0.0,0.28175607323646545
4251,0.006881334446370601,0.019290346652269363,0.030975900962948798,0.06919173672795295,0.0,0.0720197781920433,0.0,0.28175488114356995
4252,0.006412343960255385,0.020086000487208367,0.02835588827729225,0.06539744436740876,0.0,0.07200833410024643,0.0,0.28175315260887146
4253,0.006600416917353869,0.018929127603769302,0.03070342093706131,0.06633871048688889,0.0,0.07199440896511078,0.0,0.2817501425743103
4254,0.006262927781790495,0.019088488072156906,0.03022474832832813,0.07116306573152542,0.0,0.07198197394609451,0.0,0.2817484736442566
4255,0.006420925259590149,0.019614561274647713,0.03112877570092678,0.06800283640623092,0.0,0.07197071611881256,0.0,0.2817479968070984
4256,0.006748111080378294,0.01927749179303646,0.031238950416445734,0.07115602046251297,0.0,0.07196503132581711,0.0,0.281747967004776
4257,0.006717782374471426,0.019194846972823143,0.02950134351849556,0.07127953022718429,0.0,0.07196275144815445,0.0,0.2817491888999939
4258,0.006304405350238085,0.02027396485209465,0.030705760046839715,0.06671029627323151,0.0,0.0719577744603157,0.0,0.28175240755081177
4259,0.0065340138040483,0.018357840180397034,0.029675793275237082,0.06926184445619583,0.0,0.07195914536714554,0.0,0.28175511956214905
4260,0.006885403394699096,0.019896790757775305,0.028980160504579543,0.07037114053964615,0.0,0.0719604343175888,0.0,0.28175729513168335
4261,0.006277783866971731,0.01958630606532097,0.02979552559554577,0.06604747846722603,0.0,0.07196111977100372,0.0,0.2817614674568176
4262,0.006572694331407547,0.019980553537607193,0.030960147827863695,0.07021093219518662,0.0,0.0719609260559082,0.0,0.28176528215408325
4263,0.0066180692054331304,0.018512741848826408,0.030184919387102126,0.06836155876517296,0.0,0.0719618946313858,0.0,0.28176823258399963
4264,0.0064600127749145034,0.01828974150121212,0.029986096173524858,0.06895731985569001,0.0,0.07196082919836044,0.0,0.28177133202552795
4265,0.006447405461221934,0.02019900791347027,0.029196309670805932,0.0680868923664093,0.0,0.0719563215970993,0.0,0.28177541494369507
4266,0.0064661743119359015,0.01955386474728584,0.0308928981423378,0.0682558223605156,0.0,0.07195042073726654,0.0,0.28178006410598755
4267,0.006534358393400908,0.019112176448106765,0.029577356204390524,0.06781893521547318,0.0,0.07194291055202484,0.0,0.2817865312099457
4268,0.006492016557604075,0.020388974249362944,0.029705510661005973,0.06867283582687378,0.0,0.0719413161277771,0.0,0.2817925214767456
4269,0.006565554160624742,0.01964437887072563,0.029233744740486144,0.07054442912340164,0.0,0.07194044440984726,0.0,0.28179827332496643
4270,0.0068913216702640055,0.019177763536572457,0.030054088681936264,0.07456140816211701,0.0,0.07194191217422485,0.0,0.2818026542663574
4271,0.006629618722945452,0.019364309683442115,0.03054557368159294,0.06947007030248642,0.0,0.07194371521472931,0.0,0.28180795907974243
4272,0.006652162596583367,0.019225523248314856,0.0298068817704916,0.06795587167143821,0.0,0.07194281369447708,0.0,0.28181251883506775
4273,0.006428461894392968,0.019494441151618958,0.029025167971849442,0.06905541121959687,0.0,0.07194060832262039,0.0,0.2818167209625244
4274,0.006725046597421169,0.019716376438736916,0.03101070336997509,0.06959493979811668,0.0,0.07194060832262039,0.0,0.28182166814804077
4275,0.006579721253365279,0.01939152702689171,0.027907293289899826,0.07144466638565064,0.0,0.07193943858146667,0.0,0.2818261981010437
4276,0.006577882915735245,0.02020977810025215,0.02876243032515049,0.06723025441169739,0.0,0.07193805277347565,0.0,0.28183093667030334
4277,0.00595789048820734,0.018823372200131416,0.029337190091609955,0.06803199350833893,0.0,0.07193779945373535,0.0,0.28183549642562866
4278,0.006760297622531652,0.019011500105261803,0.03024887964129448,0.0677522897720337,0.0,0.07193714380264282,0.0,0.28183865547180176
4279,0.0060949880629777905,0.018972928822040557,0.030806423351168632,0.0714849054813385,0.0,0.07193881273269653,0.0,0.28184109926223755
4280,0.0068579564802348615,0.020200825482606887,0.0299147866666317,0.06774687618017197,0.0,0.07193996012210846,0.0,0.28184300661087036
4281,0.006759816594421863,0.020541049912571906,0.0286578182131052,0.06367145776748658,0.0,0.071941077709198,0.0,0.2818421423435211
4282,0.006571786943823099,0.019483333453536034,0.03231894001364708,0.07204533815383911,0.0,0.07193968445062637,0.0,0.28184133768081665
4283,0.006228421162813902,0.019395609945058824,0.029387765750288963,0.06699360385537148,0.0,0.07193957269191742,0.0,0.28184014558792114
4284,0.006394801661372185,0.019828248396515848,0.02977451793849468,0.06969119906425476,0.0,0.07193638384342194,0.0,0.28183844685554504
4285,0.006758694723248482,0.019496190920472146,0.030075106024742126,0.07031065598130226,0.0,0.07192964106798172,0.0,0.2818378806114197
4286,0.0064675678499042984,0.01864612437784672,0.02641053907573223,0.07140665352344513,0.0,0.07192251086235046,0.0,0.28183525800704956
4287,0.006389989610761404,0.01977273039519787,0.030696958303451538,0.06834583431482315,0.0,0.07191035151481628,0.0,0.2818288207054138
4288,0.006597557105123997,0.018937237560749054,0.030480527132749558,0.06868787556886673,0.0,0.07189774513244629,0.0,0.28182390332221985
4289,0.00661883894354105,0.019457301869988442,0.030061676725745202,0.07011823505163192,0.0,0.07188434153795242,0.0,0.28181880712509155
4290,0.006455519143491984,0.01995030604302883,0.031113966554403304,0.07036222070455551,0.0,0.07186971604824066,0.0,0.2818155586719513
4291,0.006566053535789251,0.018471629917621614,0.02770559601485729,0.06747746393084526,0.0,0.07185287773609161,0.0,0.2818126380443573
4292,0.00683060372248292,0.019897856935858726,0.028529902175068855,0.07025701701641082,0.0,0.07183226197957993,0.0,0.28181108832359314
4293,0.006480839103460312,0.020736569166183473,0.030271849036216734,0.06618946716189385,0.0,0.07181287556886673,0.0,0.2818097472190857
4294,0.006768849957734346,0.02040807344019413,0.02909136414527893,0.06896985471248626,0.0,0.07180188596248627,0.0,0.2818082571029663
4295,0.006772768869996071,0.019770605489611626,0.02749609500169754,0.06769284754991531,0.0,0.07179655134677887,0.0,0.2818059027194977
4296,0.006436819024384022,0.020484110713005065,0.0306242436170578,0.0685714453458786,0.0,0.07179770618677139,0.0,0.2818048596382141
4297,0.006607633456587792,0.019146648049354554,0.030939314514398575,0.069436976313591,0.0,0.07180541753768921,0.0,0.28180307149887085
4298,0.006623910833150148,0.020312267169356347,0.03053986243903637,0.07133085131645203,0.0,0.07181326299905777,0.0,0.2818005084991455
4299,0.006425393279641867,0.01855551116168499,0.030224858969449996,0.07325642853975296,0.0,0.0718216747045517,0.0,0.2817968428134918
4300,0.006570402253419161,0.019747503474354743,0.03152194544672966,0.07078884541988373,0.0,0.07182712107896805,0.0,0.2817942500114441
4301,0.006535774003714323,0.01960624158382416,0.029182521998882292,0.06694441884756089,0.0,0.07183084636926651,0.0,0.28179067373275757
4302,0.006527196522802115,0.018892501667141914,0.03043939620256424,0.07163036465644837,0.0,0.07183115184307098,0.0,0.28178632259368896
4303,0.006382494885474444,0.019994049891829492,0.031730885803699496,0.07023828029632569,0.0,0.07183022797107697,0.0,0.2817828059196472
4304,0.006692822091281414,0.019219580665230752,0.03168496750295162,0.07063219845294952,0.0,0.07182968407869339,0.0,0.28178316354751587
4305,0.006377220898866653,0.01989383064210415,0.03158619441092014,0.0680676743388176,0.0,0.07182510942220688,0.0,0.2817836403846741
4306,0.006806763540953398,0.01862250305712223,0.02829771153628826,0.0721132829785347,0.0,0.07181844860315323,0.0,0.2817845642566681
4307,0.006458242982625961,0.019058706983923913,0.03045462667942047,0.07405195385217667,0.0,0.07180740684270859,0.0,0.2817871570587158
4308,0.0061295928433537485,0.019073469936847685,0.02980392798781395,0.06969180107116699,0.0,0.07179995626211166,0.0,0.2817893624305725
4309,0.006540647149085999,0.01959047168493271,0.030110209062695504,0.07216266542673111,0.0,0.0717882364988327,0.0,0.2817929685115814
4310,0.006142573151737452,0.01970363184809685,0.031306575238704684,0.06805763468146324,0.0,0.07177285104990005,0.0,0.2817964553833008
4311,0.006362025905400514,0.020139626413583755,0.030081462115049362,0.06860625594854355,0.0,0.07175840437412262,0.0,0.28180062770843506
4312,0.006268903054296971,0.01998680680990219,0.029239916428923606,0.07358434349298477,0.0,0.07175023853778839,0.0,0.2818044126033783
4313,0.006323394645005464,0.019300710782408713,0.031043943390250205,0.06786448508501053,0.0,0.07173961400985718,0.0,0.2818065881729126
4314,0.00649198405444622,0.019207924976944922,0.030667682737112047,0.07085158228874207,0.0,0.07173566520214081,0.0,0.281808465719223
4315,0.006797818187624216,0.01981751024723053,0.03064109943807125,0.06404720768332481,0.0,0.07174033671617508,0.0,0.2818095088005066
4316,0.006615875661373139,0.020054982230067252,0.0288617305457592,0.07160058766603469,0.0,0.0717468410730362,0.0,0.28180795907974243
4317,0.006708335224539041,0.020218223333358765,0.030388990044593812,0.06727337837219238,0.0,0.07174975425004959,0.0,0.2818070650100708
4318,0.006788537930697202,0.020288296788930894,0.030575468391180038,0.07950104475021362,0.0,0.07174862921237946,0.0,0.2818068563938141
4319,0.0063078212551772594,0.019845492392778396,0.029867237061262132,0.06876701414585114,0.0,0.0717419981956482,0.0,0.28180721402168274
4320,0.006570648774504662,0.019871357828378677,0.031668660789728166,0.0732074074447155,0.0,0.07174050062894821,0.0,0.2818097472190857
4321,0.006403425522148609,0.01986774504184723,0.029059286415576934,0.06908295005559921,0.0,0.0717400461435318,0.0,0.2818147838115692
4322,0.006398032233119011,0.01835683211684227,0.030253524705767632,0.06963388323783874,0.0,0.07173751294612885,0.0,0.2818218469619751
4323,0.0062080565840005875,0.020159836485981943,0.029192783311009406,0.06503721550107003,0.0,0.0717373862862587,0.0,0.2818296253681183
4324,0.00640278710052371,0.019387850165367128,0.028173286840319632,0.07432173043489457,0.0,0.07173732668161392,0.0,0.2818385660648346
4325,0.006656131707131863,0.019882117584347724,0.03177207857370377,0.07209266871213912,0.0,0.07173557579517365,0.0,0.2818480432033539
4326,0.0062042753212153915,0.019474055245518686,0.02730497531592846,0.07238177061080933,0.0,0.0717361718416214,0.0,0.28185585141181946
4327,0.006639174837619066,0.01921982131898403,0.03051167316734791,0.06624611914157867,0.0,0.07173945009708405,0.0,0.2818611264228821
4328,0.006403331458568573,0.020205052569508553,0.03127339482307434,0.068718072026968,0.0,0.0717419683933258,0.0,0.2818637788295746
4329,0.006582613848149776,0.01964537724852562,0.029190459474921226,0.07235958576202392,0.0,0.07174308598041534,0.0,0.2818625271320343
4330,0.006358676590025425,0.019626501202583312,0.030159977823495866,0.06795357763767243,0.0,0.07174883782863617,0.0,0.2818601131439209
4331,0.006474543549120426,0.021329792961478234,0.029191450402140617,0.06776987761259079,0.0,0.07175073772668839,0.0,0.28185659646987915
4332,0.005896731838583946,0.020140689611434937,0.029635294154286385,0.06871432363986969,0.0,0.07175036519765854,0.0,0.2818514406681061
4333,0.006273410562425852,0.01956840381026268,0.03053150549530983,0.06996930688619614,0.0,0.07175229489803314,0.0,0.28184670209884644
4334,0.006509758997708559,0.020238763093948363,0.027787485718727113,0.07014126107096672,0.0,0.07176508009433746,0.0,0.2818416655063629
4335,0.00691668763756752,0.01962992250919342,0.03060048371553421,0.07152675986289977,0.0,0.07177723199129105,0.0,0.2818381190299988
4336,0.006853198073804379,0.019883159175515176,0.0329727329313755,0.06454545259475708,0.0,0.07179172337055206,0.0,0.28183457255363464
4337,0.006220435630530119,0.018689916282892228,0.029415141418576242,0.06869249939918518,0.0,0.07180894911289215,0.0,0.28183114528656006
4338,0.006396752968430519,0.01928071230649948,0.029657910391688348,0.06764283627271653,0.0,0.07182256877422333,0.0,0.281830370426178
4339,0.006291649118065834,0.020214561000466348,0.031210317835211755,0.06845596730709076,0.0,0.07183457165956497,0.0,0.28182950615882874
4340,0.0067355548031628135,0.01951581984758377,0.027524186298251152,0.07117889374494553,0.0,0.07184506952762604,0.0,0.2818327844142914
4341,0.00590188018977642,0.019066758826375006,0.031040946766734124,0.07274658977985382,0.0,0.07185640931129456,0.0,0.28183478116989136
4342,0.006349931471049786,0.01787998266518116,0.03072768673300743,0.07164367884397507,0.0,0.07186534255743027,0.0,0.28183650970458984
4343,0.006734942365437746,0.019641192629933357,0.030917295441031455,0.06634951978921891,0.0,0.07186959683895111,0.0,0.28183943033218384
4344,0.006341649033129215,0.019390107691287996,0.02940492667257786,0.07158365100622177,0.0,0.0718727633357048,0.0,0.2818429172039032
4345,0.00630879420787096,0.02059961259365082,0.029686744138598443,0.07190674245357513,0.0,0.07187590003013611,0.0,0.28184419870376587
4346,0.006879976764321327,0.020138680189847945,0.030181123316287993,0.07150947451591491,0.0,0.07187671959400177,0.0,0.2818448543548584
4347,0.006411514058709144,0.01910906359553337,0.030102745443582535,0.06986396759748459,0.0,0.07187952101230621,0.0,0.28184574842453003
4348,0.0066543934866786,0.019403156638145447,0.030638952180743216,0.07191047370433808,0.0,0.07187893986701965,0.0,0.28184500336647034
4349,0.006982712261378765,0.019688065350055694,0.02954939901828766,0.07214772999286652,0.0,0.0718764215707779,0.0,0.2818430960178375
4350,0.006607521791011095,0.020047111064195634,0.02888769656419754,0.06734059751033783,0.0,0.07187323272228241,0.0,0.28184089064598083
4351,0.006512069143354893,0.020350221171975137,0.029899735003709793,0.07097697257995605,0.0,0.07186643034219742,0.0,0.2818407416343689
4352,0.00607081213966012,0.019856595993041994,0.028735911846160887,0.06787163168191909,0.0,0.0718591958284378,0.0,0.28183865547180176
4353,0.006619568075984716,0.02102515734732151,0.029019324108958244,0.07169308513402939,0.0,0.07184918224811554,0.0,0.2818388044834137
4354,0.006498460285365581,0.01861939877271652,0.02907397337257862,0.07575208097696304,0.0,0.07184460759162903,0.0,0.28183820843696594
4355,0.006416228041052819,0.020829690247774126,0.029235215857625008,0.06686551570892334,0.0,0.07183849066495895,0.0,0.281838595867157
4356,0.006518603395670652,0.018757275119423867,0.028525158017873763,0.07463704943656921,0.0,0.07183549553155899,0.0,0.28184255957603455
4357,0.006302418746054172,0.020914458855986594,0.03081667236983776,0.06933512762188912,0.0,0.07183025777339935,0.0,0.28184646368026733
4358,0.0065789660438895226,0.019229524955153465,0.030310625582933425,0.07277404069900513,0.0,0.07182444632053375,0.0,0.28185170888900757
4359,0.006497254222631454,0.02065885104238987,0.030911368504166602,0.07203231006860733,0.0,0.07181645929813385,0.0,0.2818582355976105
4360,0.006574846897274255,0.018894896283745764,0.0307517159730196,0.06937266439199448,0.0,0.07180751860141754,0.0,0.28186219930648804
4361,0.00653638057410717,0.019204941019415854,0.03105171173810959,0.07063516825437546,0.0,0.07179628312587738,0.0,0.2818670868873596
4362,0.0064036835916340355,0.01895717568695545,0.02937435917556286,0.06744642555713654,0.0,0.07178633660078049,0.0,0.2818702757358551
4363,0.00671907439827919,0.019629959762096406,0.029685917496681213,0.07146882712841034,0.0,0.07178055495023727,0.0,0.2818739116191864
4364,0.006452396046370268,0.01908349245786667,0.028961045295000078,0.07037038058042526,0.0,0.07177544385194778,0.0,0.2818760871887207
4365,0.0065767128020524975,0.018654312193393707,0.029092751443386078,0.06872812509536744,0.0,0.07177118211984634,0.0,0.28187456727027893
4366,0.0065834661945700645,0.0191112969070673,0.02853679582476616,0.07167984545230865,0.0,0.0717594176530838,0.0,0.2818736135959625
4367,0.00661104703322053,0.019812427833676337,0.03077111542224884,0.06881732344627381,0.0,0.0717489942908287,0.0,0.2818722724914551
4368,0.0066316953860223295,0.020146972313523293,0.031202103197574615,0.0734660044312477,0.0,0.07174010574817657,0.0,0.2818705439567566
4369,0.006558910664170981,0.01962108351290226,0.029361025989055635,0.07138962596654892,0.0,0.07173238694667816,0.0,0.2818707525730133
4370,0.006748508289456367,0.0199251439422369,0.031798438727855684,0.06991450190544128,0.0,0.07172452658414841,0.0,0.2818700075149536
4371,0.006386833358556032,0.018999142944812773,0.03021799512207508,0.06766938865184784,0.0,0.07172177731990814,0.0,0.2818709909915924
4372,0.006627309881150722,0.019721565768122673,0.03126259706914425,0.06825393140316009,0.0,0.07171964645385742,0.0,0.2818741202354431
4373,0.006431000027805567,0.02018166296184063,0.031607431918382646,0.0707550086081028,0.0,0.0717151090502739,0.0,0.2818785309791565
4374,0.006490600947290659,0.020304273813962936,0.030696440115571023,0.0726508378982544,0.0,0.07170887291431427,0.0,0.281882107257843
4375,0.006766053847968578,0.01882980242371559,0.02878727838397026,0.06407109722495079,0.0,0.07170289754867554,0.0,0.28188496828079224
4376,0.0063807912170887,0.01967508941888809,0.029406509548425674,0.07009895145893097,0.0,0.07169725000858307,0.0,0.2818862795829773
4377,0.0064988377504050735,0.01972637139260769,0.02998429872095585,0.06781722009181976,0.0,0.07168996334075928,0.0,0.2818879783153534
4378,0.006421826314181089,0.020045026019215584,0.032482250779867175,0.06855723783373832,0.0,0.07168109714984894,0.0,0.2818889021873474
4379,0.0062854687683284284,0.01997291184961796,0.031146905571222305,0.06747952625155448,0.0,0.07167626917362213,0.0,0.2818911075592041
4380,0.00635788468644023,0.018946018442511557,0.032614943385124204,0.06704803332686424,0.0,0.07166995853185654,0.0,0.2818935513496399
4381,0.00628014924004674,0.019579068943858146,0.029282957315444946,0.07437221556901932,0.0,0.07165921479463577,0.0,0.28189754486083984
4382,0.006773814745247364,0.01897684819996357,0.030926076322793962,0.07024405598640442,0.0,0.07164725661277771,0.0,0.28190115094184875
4383,0.0067363611422479154,0.01871046982705593,0.030702844634652136,0.07057370692491531,0.0,0.07164249569177628,0.0,0.2819063067436218
4384,0.006207489967346191,0.018416040390729905,0.029553094133734702,0.065141861140728,0.0,0.07163574546575546,0.0,0.28191179037094116
4385,0.006552805565297604,0.018573236465454102,0.029330571368336677,0.06553028970956802,0.0,0.07162708044052124,0.0,0.28191816806793213
4386,0.0068187379278242585,0.0200843445956707,0.02891768515110016,0.0735611841082573,0.0,0.0716196745634079,0.0,0.2819232940673828
4387,0.00646901335567236,0.018558429554104805,0.028447052463889122,0.06974104046821594,0.0,0.07161234319210052,0.0,0.28192830085754395
4388,0.0062310024164617065,0.019741208851337434,0.03192243091762066,0.07064631879329682,0.0,0.0716060996055603,0.0,0.2819308638572693
4389,0.006450427323579788,0.020664191618561745,0.02963901497423649,0.06746533066034317,0.0,0.07160583883523941,0.0,0.28192955255508423
4390,0.006503577996045351,0.01949559599161148,0.02975967787206173,0.06877320408821105,0.0,0.0716027170419693,0.0,0.2819266617298126
4391,0.00677853412926197,0.019337685778737068,0.029437632858753206,0.06845635324716567,0.0,0.07159660756587982,0.0,0.28192299604415894
4392,0.006420455873012543,0.020089440047740936,0.030722220614552497,0.06990967690944672,0.0,0.07159341871738434,0.0,0.28191980719566345
4393,0.006503344420343638,0.019073322787880896,0.03164137527346611,0.0697462260723114,0.0,0.07158966362476349,0.0,0.28191637992858887
4394,0.006873820349574089,0.020004576444625853,0.029464077576994895,0.07055210173130036,0.0,0.07158811390399933,0.0,0.2819119393825531
4395,0.006281394697725773,0.020398666337132453,0.02965734675526619,0.0664854645729065,0.0,0.07159256190061569,0.0,0.2819061875343323
4396,0.006240642908960581,0.018607478961348532,0.028616143763065337,0.07214720919728279,0.0,0.07160140573978424,0.0,0.2819019854068756
4397,0.006531568337231874,0.01968747638165951,0.029777220636606216,0.06883438304066658,0.0,0.07161331176757812,0.0,0.281897634267807
4398,0.006533768400549889,0.019105322286486627,0.030402163043618202,0.0663571983575821,0.0,0.07162249833345413,0.0,0.28189578652381897
4399,0.006664950400590897,0.019829392433166504,0.029652434587478637,0.07046298906207085,0.0,0.07163078337907791,0.0,0.2818940579891205
4400,0.006668919604271651,0.01960269920527935,0.02846016101539135,0.06874212995171547,0.0,0.07163731753826141,0.0,0.28189289569854736
4401,0.006232255697250366,0.019532334059476852,0.030702848732471467,0.0732159212231636,0.0,0.07165070623159409,0.0,0.281890332698822
4402,0.006536699365824461,0.02047431357204914,0.028644371032714843,0.06988385617733002,0.0,0.07166539877653122,0.0,0.28188616037368774
4403,0.0064007163047790526,0.01945527791976929,0.03242178298532963,0.075263811647892,0.0,0.07168759405612946,0.0,0.2818809747695923
4404,0.006056139711290598,0.01899990737438202,0.0312346450984478,0.06796477138996124,0.0,0.07170197367668152,0.0,0.28187644481658936
4405,0.006191059574484825,0.019524092972278594,0.030278974398970603,0.06878824755549431,0.0,0.0717175230383873,0.0,0.2818729281425476
4406,0.00678066136315465,0.02032940313220024,0.028052638843655588,0.06961384564638137,0.0,0.07173411548137665,0.0,0.28187018632888794
4407,0.006272063869982958,0.01911805123090744,0.030190174654126167,0.07134887427091599,0.0,0.07175305485725403,0.0,0.2818683683872223
4408,0.006691144965589047,0.020262150466442107,0.028627926856279372,0.068176531791687,0.0,0.07176946103572845,0.0,0.2818676829338074
4409,0.0068180587142705916,0.01939234621822834,0.03029988780617714,0.0716665431857109,0.0,0.07178448140621185,0.0,0.2818712592124939
4410,0.006539934780448675,0.019464310258626938,0.03170858733355999,0.06968773752450944,0.0,0.0717957392334938,0.0,0.2818743586540222
4411,0.006587851606309414,0.019730092212557792,0.03093852661550045,0.066277015209198,0.0,0.07180804759263992,0.0,0.2818787097930908
4412,0.006490061804652214,0.02015628032386303,0.029703614488244056,0.07076949775218963,0.0,0.07181903719902039,0.0,0.2818846106529236
4413,0.006971156783401966,0.019521820917725564,0.02978126294910908,0.07093308717012406,0.0,0.07182742655277252,0.0,0.28189191222190857
4414,0.006812147051095963,0.019636956229805946,0.02935668230056763,0.0674821600317955,0.0,0.07183726876974106,0.0,0.2818998396396637
4415,0.006440706457942725,0.020751409232616425,0.02931770607829094,0.06992338001728057,0.0,0.07184897363185883,0.0,0.2819083333015442
4416,0.006434264499694109,0.019718012586236,0.02941027916967869,0.07138117253780366,0.0,0.07186222076416016,0.0,0.28191590309143066
4417,0.006404963321983814,0.019697834551334382,0.03028278164565563,0.06891349330544472,0.0,0.07186853885650635,0.0,0.2819206714630127
4418,0.0061311166733503345,0.020607436448335646,0.028808510676026345,0.06888065636157989,0.0,0.07186992466449738,0.0,0.281925231218338
4419,0.006697386968880892,0.019189459085464478,0.028949493169784547,0.06816942840814591,0.0,0.07187403738498688,0.0,0.28193023800849915
4420,0.00687805013731122,0.018969467282295226,0.029753439873456956,0.07098481506109237,0.0,0.07187942415475845,0.0,0.2819342017173767
4421,0.006330811977386474,0.018404049426317216,0.030225127562880517,0.07437714338302612,0.0,0.07188579440116882,0.0,0.2819365859031677
4422,0.006417187303304673,0.01980874501168728,0.028090130910277365,0.0694536492228508,0.0,0.07188670337200165,0.0,0.28193920850753784
4423,0.006802787072956562,0.01952669583261013,0.03076375462114811,0.06660710945725441,0.0,0.07188160717487335,0.0,0.2819426953792572
4424,0.006038448400795459,0.019736810773611068,0.029507552459836005,0.07048043236136436,0.0,0.07187160104513168,0.0,0.28194698691368103
4425,0.0067360373213887215,0.020501359179615975,0.029257971793413162,0.07011935040354729,0.0,0.07186146080493927,0.0,0.2819501459598541
4426,0.0065111078321933745,0.01943863146007061,0.028124998882412912,0.07126482427120209,0.0,0.07184924185276031,0.0,0.2819519639015198
4427,0.0065843362361192705,0.02004197649657726,0.028996284306049346,0.06611972898244858,0.0,0.07183513045310974,0.0,0.2819529175758362
4428,0.007061070296913385,0.018942223489284517,0.0286304522305727,0.07118364572525024,0.0,0.07182438671588898,0.0,0.28195127844810486
4429,0.0061494394205510615,0.01961747035384178,0.03085072822868824,0.06912248581647873,0.0,0.07181086391210556,0.0,0.2819508910179138
4430,0.0066599280573427675,0.0205343309789896,0.031802641600370406,0.07431887835264206,0.0,0.07179930061101913,0.0,0.28195327520370483
4431,0.006934508215636015,0.019789247214794158,0.02815876603126526,0.07213855385780335,0.0,0.07179111242294312,0.0,0.28195711970329285
4432,0.0064129472710192205,0.020433979108929634,0.030242590606212615,0.07051568776369095,0.0,0.07178502529859543,0.0,0.28196126222610474
4433,0.006479361560195684,0.019969307258725165,0.03022829033434391,0.06912151277065277,0.0,0.07177941501140594,0.0,0.28196316957473755
4434,0.0068626229651272295,0.019010791555047035,0.031689802557229994,0.06810827180743217,0.0,0.0717732161283493,0.0,0.2819664478302002
4435,0.006241670716553927,0.02009856179356575,0.028992674127221108,0.06987687945365906,0.0,0.07176654785871506,0.0,0.2819712162017822
4436,0.006273974478244781,0.019468704238533974,0.03136263340711594,0.0700394406914711,0.0,0.07176066935062408,0.0,0.2819751799106598
4437,0.006431026291102171,0.01971372775733471,0.030138728395104408,0.06437464356422425,0.0,0.07175345718860626,0.0,0.28197765350341797
4438,0.006884686276316642,0.018945670500397683,0.02867165058851242,0.06896076798439026,0.0,0.07174228131771088,0.0,0.28197887539863586
4439,0.006540379952639341,0.01942814365029335,0.0304974053055048,0.06634650528430938,0.0,0.07173411548137665,0.0,0.28197869658470154
4440,0.006579457689076662,0.020317335799336433,0.029929334297776222,0.07064916342496871,0.0,0.07172640413045883,0.0,0.28197795152664185
4441,0.00671828081831336,0.020078784599900246,0.02992885895073414,0.06797404885292054,0.0,0.07171586900949478,0.0,0.2819768786430359
4442,0.006535930186510086,0.02028617523610592,0.029092949628829957,0.06932761073112488,0.0,0.07170643657445908,0.0,0.2819734215736389
4443,0.006211919337511062,0.020439976081252097,0.02954782247543335,0.07148256748914719,0.0,0.0716962069272995,0.0,0.2819698750972748
4444,0.006150034721940756,0.019245737046003342,0.028863800689578056,0.064413071423769,0.0,0.07169005274772644,0.0,0.28196626901626587
4445,0.006676882319152355,0.02010749690234661,0.028780454024672508,0.07164910435676575,0.0,0.07168382406234741,0.0,0.28196313977241516
4446,0.006463681254535914,0.019433067366480827,0.029549789428710938,0.06851173490285874,0.0,0.07168425619602203,0.0,0.28195932507514954
4447,0.006816394254565239,0.019937990233302116,0.029202893376350403,0.06958007588982582,0.0,0.07168398797512054,0.0,0.2819572687149048
4448,0.006382653210312128,0.020831348747014998,0.030326186493039132,0.06663337275385857,0.0,0.07168684899806976,0.0,0.2819560170173645
4449,0.0063316159881651405,0.02026149705052376,0.02912506237626076,0.06453466415405273,0.0,0.07168920338153839,0.0,0.2819541394710541
4450,0.006632046122103929,0.019596685841679572,0.029156671836972237,0.06684045940637588,0.0,0.07169631868600845,0.0,0.2819526195526123
4451,0.006835338473320007,0.01931842714548111,0.02949564754962921,0.06993143111467362,0.0,0.07170288264751434,0.0,0.28195059299468994
4452,0.006478804908692837,0.01996469609439373,0.026982494443655015,0.07211191356182098,0.0,0.07171241194009781,0.0,0.28195035457611084
4453,0.006603959109634161,0.019761276245117188,0.030424943566322325,0.07022108286619186,0.0,0.07171809673309326,0.0,0.2819518446922302
4454,0.006450481619685889,0.018971161916851997,0.030807556957006453,0.0707536593079567,0.0,0.07171900570392609,0.0,0.28195318579673767
4455,0.006271121837198734,0.019631341099739075,0.029963482916355134,0.06709413230419159,0.0,0.0717192068696022,0.0,0.2819538712501526
4456,0.00687086395919323,0.020264433696866035,0.032274304702877996,0.07005049884319306,0.0,0.07171997427940369,0.0,0.2819521129131317
4457,0.006512620020657778,0.0196944959461689,0.027816665917634965,0.06544351652264595,0.0,0.07172088325023651,0.0,0.2819511890411377
4458,0.006674558762460947,0.01941647529602051,0.03017124570906162,0.07026077955961227,0.0,0.07171909511089325,0.0,0.2819526195526123
4459,0.006373381242156029,0.01968008987605572,0.02987581491470337,0.07008007094264031,0.0,0.07171626389026642,0.0,0.28195199370384216
4460,0.006191131938248873,0.01979338936507702,0.029126548394560813,0.0698657676577568,0.0,0.07171456515789032,0.0,0.2819519639015198
4461,0.0065498026087880135,0.019826333969831467,0.03025270774960518,0.06386072561144829,0.0,0.07170843333005905,0.0,0.281951904296875
4462,0.0065754706971347335,0.01922188624739647,0.03045329749584198,0.0720207154750824,0.0,0.07169923931360245,0.0,0.28195422887802124
4463,0.0063685054890811445,0.019820839539170264,0.02968357689678669,0.06899822652339935,0.0,0.07169134169816971,0.0,0.2819577157497406
4464,0.006999353133141995,0.018754971399903297,0.030576588213443757,0.06831487864255906,0.0,0.07168874144554138,0.0,0.2819620668888092
4465,0.006435347627848387,0.02009037584066391,0.030915479362010955,0.07119424939155579,0.0,0.07169060409069061,0.0,0.28196683526039124
4466,0.006664169672876597,0.01940678507089615,0.030412928387522697,0.07215723395347595,0.0,0.07169042527675629,0.0,0.2819686830043793
4467,0.006455231830477715,0.019191477447748184,0.02906205616891384,0.07301260530948639,0.0,0.0716879740357399,0.0,0.2819717526435852
4468,0.006178262550383807,0.019634990394115447,0.029671693220734596,0.07199700772762299,0.0,0.0716819316148758,0.0,0.28197526931762695
4469,0.006624184921383858,0.019672857224941255,0.029504065588116645,0.0679500788450241,0.0,0.07167203724384308,0.0,0.28197917342185974
4470,0.006670196913182736,0.020060361921787263,0.030338025838136672,0.07179083377122879,0.0,0.07166184484958649,0.0,0.2819822430610657
4471,0.006601017154753208,0.018689346313476563,0.02920598313212395,0.07152738571166992,0.0,0.07165038585662842,0.0,0.28198403120040894
4472,0.006469966564327479,0.019017529115080832,0.03012658879160881,0.07038128152489662,0.0,0.07164094597101212,0.0,0.2819835841655731
4473,0.0066832520067691805,0.02030555233359337,0.0317167479544878,0.06745503097772598,0.0,0.0716283768415451,0.0,0.2819829285144806
4474,0.006670519895851612,0.01884364113211632,0.031317807734012604,0.07088481783866882,0.0,0.07161587476730347,0.0,0.2819835841655731
4475,0.006745298765599728,0.01901499219238758,0.029163092747330664,0.07205808013677598,0.0,0.07160474359989166,0.0,0.2819831073284149
4476,0.0067310999147593975,0.019075442850589753,0.02972828336060047,0.07182282954454422,0.0,0.07158966362476349,0.0,0.28198397159576416
4477,0.006301563698798418,0.019616032391786574,0.02948762699961662,0.07161208242177963,0.0,0.0715714544057846,0.0,0.28198713064193726
4478,0.006501996703445911,0.018983539938926697,0.030165112763643264,0.0715438187122345,0.0,0.071555495262146,0.0,0.2819918096065521
4479,0.006150603946298361,0.019492343440651892,0.030919702723622322,0.07236067652702331,0.0,0.0715419203042984,0.0,0.28199756145477295
4480,0.006348524428904057,0.019847910106182098,0.027923714369535446,0.06733852475881577,0.0,0.07153180986642838,0.0,0.2820049822330475
4481,0.006469502300024033,0.01889149285852909,0.028161976486444473,0.07129879593849182,0.0,0.07152508199214935,0.0,0.28201353549957275
4482,0.006771249417215586,0.018600936606526376,0.030116774141788483,0.06997711062431336,0.0,0.07152454555034637,0.0,0.28202134370803833
4483,0.006384960561990738,0.018910024687647818,0.030714519321918488,0.07191040068864822,0.0,0.07152458280324936,0.0,0.2820279598236084
4484,0.006323209032416344,0.020176975801587105,0.031202776730060576,0.06797783970832824,0.0,0.07153142988681793,0.0,0.2820338010787964
4485,0.006412396486848593,0.019976534694433213,0.030205585435032843,0.06776268929243087,0.0,0.07153211534023285,0.0,0.282037615776062
4486,0.00658637573942542,0.019420310109853744,0.029977945610880852,0.06934507936239243,0.0,0.07153423875570297,0.0,0.28204113245010376
4487,0.00638146298006177,0.01953135021030903,0.031871269643306735,0.07257619798183441,0.0,0.07153813540935516,0.0,0.282043993473053
4488,0.00664263004437089,0.020524394884705543,0.028473665565252305,0.06830073073506356,0.0,0.07153929024934769,0.0,0.2820471227169037
4489,0.006524200271815062,0.018711286783218383,0.030971806868910788,0.07046629339456559,0.0,0.07154481112957001,0.0,0.2820501923561096
4490,0.006348996236920357,0.019176820665597914,0.029569878429174423,0.06666364446282387,0.0,0.07154837995767593,0.0,0.28205353021621704
4491,0.006814463622868061,0.020850272849202156,0.028437910228967668,0.06734873354434967,0.0,0.07155221700668335,0.0,0.2820562720298767
4492,0.006694852374494076,0.019612447544932365,0.029517512768507004,0.07008154690265656,0.0,0.07155674695968628,0.0,0.28205806016921997
4493,0.00663805715739727,0.01960274428129196,0.03185703307390213,0.06835863888263702,0.0,0.07155926525592804,0.0,0.2820606529712677
4494,0.006384574901312589,0.02001725509762764,0.030253953486680984,0.07025525569915772,0.0,0.07156012207269669,0.0,0.28206172585487366
4495,0.006257092580199242,0.019669046998023985,0.03184586763381958,0.06817641705274582,0.0,0.07155846059322357,0.0,0.2820638120174408
4496,0.006894264090806246,0.019855059310793878,0.02994300127029419,0.07356958836317062,0.0,0.07155659049749374,0.0,0.2820664942264557
4497,0.006672985758632422,0.020268234238028527,0.029804789647459983,0.06863950192928314,0.0,0.07155732810497284,0.0,0.2820676267147064
4498,0.006800967734307051,0.01957441307604313,0.030227560177445413,0.06986974626779556,0.0,0.07155673205852509,0.0,0.2820705473423004
4499,0.006589164026081562,0.01983404569327831,0.031277972459793094,0.06719650775194168,0.0,0.07155949622392654,0.0,0.2820741534233093
4500,0.0063014917075634004,0.02100372053682804,0.02879903428256512,0.0708654761314392,0.0,0.0715659111738205,0.0,0.28207653760910034
4501,0.006745751388370991,0.01943669207394123,0.030531663075089456,0.07232538089156151,0.0,0.07156585156917572,0.0,0.2820788323879242
4502,0.0068982656113803385,0.020272070169448854,0.03047768324613571,0.06602555364370347,0.0,0.07156221568584442,0.0,0.2820810377597809
4503,0.006546177621930838,0.019510238245129586,0.031085361540317536,0.07225152552127838,0.0,0.07155968993902206,0.0,0.2820813059806824
4504,0.006429556757211685,0.020636704191565512,0.03126026764512062,0.07283850759267807,0.0,0.07155831903219223,0.0,0.28207892179489136
4505,0.006374903861433268,0.01973783001303673,0.029326797276735306,0.06825008392333984,0.0,0.07155884802341461,0.0,0.28207579255104065
4506,0.006476649921387434,0.020263911783695222,0.029936117678880693,0.07085909396409988,0.0,0.0715574100613594,0.0,0.2820739150047302
4507,0.006566629558801651,0.020238246023654937,0.029996782541275024,0.07115897238254547,0.0,0.07155679166316986,0.0,0.28207167983055115
4508,0.006978559773415327,0.018805276602506638,0.03077910877764225,0.06876927465200425,0.0,0.07155853509902954,0.0,0.28206783533096313
4509,0.0067785951308906075,0.01983121708035469,0.02916342094540596,0.07184392362833023,0.0,0.0715600997209549,0.0,0.28206494450569153
4510,0.00667266808450222,0.02065539322793484,0.031931289657950404,0.06610592156648636,0.0,0.07156325876712799,0.0,0.2820654511451721
4511,0.006797883287072181,0.020186616852879525,0.028955470025539397,0.07319792062044143,0.0,0.07156989723443985,0.0,0.282069593667984
4512,0.006621925067156554,0.019098212569952012,0.029448432102799415,0.06913179904222488,0.0,0.07157763093709946,0.0,0.28207507729530334
4513,0.006440151203423739,0.018758180364966393,0.03057246059179306,0.07417720407247544,0.0,0.0715857595205307,0.0,0.28208255767822266
4514,0.006434629950672388,0.018980077281594277,0.030586232617497443,0.07017793506383896,0.0,0.0715944692492485,0.0,0.2820886969566345
4515,0.006707721762359143,0.019254663959145546,0.029712690412998198,0.0685932233929634,0.0,0.0716017484664917,0.0,0.28209298849105835
4516,0.006459843274205923,0.019929218292236327,0.028704109042882918,0.07209102511405945,0.0,0.07160690426826477,0.0,0.2820959985256195
4517,0.006527146510779858,0.019596079736948012,0.03118014521896839,0.06666628494858742,0.0,0.07161015272140503,0.0,0.2820977568626404
4518,0.006907251290977001,0.019055773690342902,0.03098382018506527,0.07014644145965576,0.0,0.07161488384008408,0.0,0.2820987105369568
4519,0.006688281614333391,0.020261288434267045,0.031036734208464624,0.0681926466524601,0.0,0.07161695510149002,0.0,0.282100111246109
4520,0.006771264504641295,0.019668971374630927,0.029705271124839783,0.0744432806968689,0.0,0.07161461561918259,0.0,0.282101035118103
4521,0.00658672796562314,0.01937510445713997,0.029578958824276923,0.07285145819187164,0.0,0.07161365449428558,0.0,0.2821001410484314
4522,0.006241163983941078,0.019855824857950212,0.03124134987592697,0.06774806827306748,0.0,0.0716111809015274,0.0,0.28209835290908813
4523,0.006922250799834728,0.019343729317188262,0.031130742654204367,0.06978379935026169,0.0,0.07160568237304688,0.0,0.28209632635116577
4524,0.0066520518623292444,0.019679827615618706,0.028784315288066863,0.06954019218683243,0.0,0.07159771770238876,0.0,0.28209513425827026
4525,0.006749164871871471,0.019297249242663385,0.028720356151461603,0.06878339350223542,0.0,0.07158608734607697,0.0,0.282094806432724
4526,0.00660272566601634,0.019967687875032426,0.030818538367748262,0.06595636010169983,0.0,0.0715717077255249,0.0,0.28209495544433594
4527,0.006418150756508112,0.01987154521048069,0.028778311610221863,0.07127026915550232,0.0,0.07156556844711304,0.0,0.28209739923477173
4528,0.006394194811582566,0.01994490101933479,0.03120247945189476,0.06754579395055771,0.0,0.071556456387043,0.0,0.2821001410484314
4529,0.006637507025152445,0.019825275242328643,0.028951135650277137,0.07124551087617874,0.0,0.07154460996389389,0.0,0.28210383653640747
4530,0.005904709547758102,0.020073557645082472,0.030399486422538757,0.064591945707798,0.0,0.071542888879776,0.0,0.2821061313152313
4531,0.006129263155162335,0.0193881306797266,0.029611139371991158,0.06947332620620728,0.0,0.07154366374015808,0.0,0.2821089029312134
4532,0.006362722627818585,0.020500040054321288,0.0315812736749649,0.0719452142715454,0.0,0.07154376804828644,0.0,0.2821134030818939
4533,0.006929069850593805,0.020063166692852973,0.030792060866951944,0.07138485759496689,0.0,0.07155118882656097,0.0,0.2821178436279297
4534,0.0067233828827738765,0.019490990415215494,0.02838089466094971,0.06791020333766937,0.0,0.0715574324131012,0.0,0.2821207344532013
4535,0.006247730087488889,0.0201622873544693,0.030653687566518782,0.07269530147314071,0.0,0.07156334817409515,0.0,0.2821238934993744
4536,0.006320871133357287,0.019504131376743318,0.030289754271507263,0.06588368564844131,0.0,0.0715651735663414,0.0,0.2821263372898102
4537,0.0062294348143041136,0.01945440359413624,0.028911854699254037,0.06845881640911103,0.0,0.07156617939472198,0.0,0.28212791681289673
4538,0.006238577049225568,0.020103969424962998,0.02945936992764473,0.06965182274580002,0.0,0.07156705856323242,0.0,0.28212863206863403
4539,0.006600144505500794,0.01923954300582409,0.030411064624786377,0.0682180255651474,0.0,0.07156766951084137,0.0,0.2821276783943176
4540,0.0064231929369270805,0.020071622729301453,0.029899124056100845,0.07055074870586395,0.0,0.07156763970851898,0.0,0.2821306586265564
4541,0.006565351411700249,0.020069271326065063,0.030850258469581605,0.07184943854808808,0.0,0.07156229019165039,0.0,0.2821347713470459
4542,0.006555414013564587,0.019017261266708375,0.030179956555366518,0.06995420828461647,0.0,0.07155674695968628,0.0,0.2821376323699951
4543,0.006548931915313005,0.019305058196187018,0.029988005012273788,0.06987520605325699,0.0,0.07154802978038788,0.0,0.2821390628814697
4544,0.006525558419525623,0.019552403315901756,0.02941972352564335,0.07131210565567017,0.0,0.07154890149831772,0.0,0.28214138746261597
4545,0.006551628652960062,0.021077125519514083,0.03195555359125137,0.07080718278884887,0.0,0.0715506300330162,0.0,0.2821441888809204
4546,0.006420186534523964,0.019727594032883645,0.031570588052272794,0.07335031032562256,0.0,0.07155556976795197,0.0,0.2821493446826935
4547,0.007003936544060707,0.019724780693650246,0.029425711929798128,0.07133493050932885,0.0,0.0715639740228653,0.0,0.28215575218200684
4548,0.006473861820995808,0.0195164255797863,0.03127357289195061,0.06873814165592193,0.0,0.07157262414693832,0.0,0.28216201066970825
4549,0.006647985056042671,0.01964866779744625,0.031012441217899322,0.07207589000463485,0.0,0.0715857520699501,0.0,0.2821682095527649
4550,0.006398360338062048,0.020820282772183417,0.0304451584815979,0.07112649977207183,0.0,0.07160104811191559,0.0,0.28217631578445435
4551,0.006257653422653675,0.01967148371040821,0.02878030426800251,0.06681087017059326,0.0,0.07161188125610352,0.0,0.28218111395835876
4552,0.006303273886442184,0.019652607291936873,0.03174125626683235,0.0650334671139717,0.0,0.07161964476108551,0.0,0.28218159079551697
4553,0.006538918521255255,0.019865981116890908,0.02942669615149498,0.06687653884291649,0.0,0.07163213193416595,0.0,0.28218016028404236
4554,0.006400810182094574,0.01899642124772072,0.03040374182164669,0.06786426901817322,0.0,0.07163983583450317,0.0,0.2821768820285797
4555,0.006618300173431635,0.02011848837137222,0.030442005768418313,0.06914583295583725,0.0,0.07164425402879715,0.0,0.2821735739707947
4556,0.006457688752561808,0.01925220899283886,0.030273202061653137,0.06828011572360992,0.0,0.07164695858955383,0.0,0.28217068314552307
4557,0.0060346929356455805,0.018852198123931886,0.02960677072405815,0.07007325887680053,0.0,0.07164808362722397,0.0,0.2821667790412903
4558,0.006310875061899424,0.01909368596971035,0.029715537652373315,0.06771564334630967,0.0,0.0716443806886673,0.0,0.2821671962738037
4559,0.0067243208177387714,0.01917009875178337,0.02894571200013161,0.06803122758865357,0.0,0.07164226472377777,0.0,0.2821682393550873
4560,0.006378167495131493,0.02010999694466591,0.02928949296474457,0.07002066224813461,0.0,0.07164084911346436,0.0,0.28216975927352905
4561,0.006907666474580765,0.019619610160589218,0.028778136894106864,0.06894040703773499,0.0,0.07163523137569427,0.0,0.28217244148254395
4562,0.006440781615674495,0.020322358608245848,0.02799190804362297,0.07007868587970734,0.0,0.07163085788488388,0.0,0.28217387199401855
4563,0.006315904576331377,0.020375265553593636,0.030140112712979318,0.07009691148996353,0.0,0.07162503898143768,0.0,0.2821758985519409
4564,0.006432126276195049,0.018729248270392417,0.030200133472681044,0.07096547037363052,0.0,0.07162345200777054,0.0,0.2821785807609558
4565,0.0066533245146274565,0.020118191465735437,0.030305752530694008,0.06978366822004319,0.0,0.07162933796644211,0.0,0.28218168020248413
4566,0.006699189823120832,0.020486989244818687,0.02893499508500099,0.06982547715306282,0.0,0.07163815200328827,0.0,0.2821841835975647
4567,0.006391469854861498,0.01987909935414791,0.030550646781921386,0.06563259363174438,0.0,0.0716414749622345,0.0,0.28218621015548706
4568,0.0066480525769293305,0.01993314139544964,0.030500565469264985,0.07173846364021301,0.0,0.0716433897614479,0.0,0.28218719363212585
4569,0.006279379315674305,0.02026989609003067,0.029505719989538194,0.07408419251441956,0.0,0.07164359092712402,0.0,0.28218936920166016
4570,0.0064230702817440035,0.01893094591796398,0.030546581745147704,0.07019648626446724,0.0,0.07164929807186127,0.0,0.2821900248527527
4571,0.006763521209359169,0.02011246494948864,0.03100486472249031,0.07209666818380356,0.0,0.0716535821557045,0.0,0.2821914255619049
4572,0.006465700268745422,0.019731315225362776,0.02927309423685074,0.06638780534267426,0.0,0.07166089117527008,0.0,0.28219205141067505
4573,0.006156816706061363,0.01879793293774128,0.03132939264178276,0.06941510140895843,0.0,0.07167009264230728,0.0,0.2821924686431885
4574,0.006554791238158941,0.019655499234795572,0.029679655283689498,0.0687184363603592,0.0,0.07168207317590714,0.0,0.28219056129455566
4575,0.006833277456462383,0.019751868024468423,0.03091893270611763,0.07251684218645096,0.0,0.07170196622610092,0.0,0.2821881175041199
4576,0.006821468472480774,0.018421489745378494,0.031518522277474405,0.06884349435567856,0.0,0.07172016054391861,0.0,0.28218820691108704
4577,0.006470154132694006,0.019738972187042236,0.029642640426754952,0.06333164349198342,0.0,0.07173505425453186,0.0,0.28218981623649597
4578,0.006554479524493217,0.020446138456463814,0.030153460800647736,0.06917770951986313,0.0,0.07174849510192871,0.0,0.28219228982925415
4579,0.0061752041801810265,0.019966156408190727,0.03185337595641613,0.06816418766975403,0.0,0.07176047563552856,0.0,0.2821950316429138
4580,0.00732294274494052,0.018825587630271912,0.02888241931796074,0.07335956692695618,0.0,0.07177126407623291,0.0,0.28219547867774963
4581,0.006998846679925919,0.019659174606204033,0.029027298837900162,0.06773701757192611,0.0,0.0717778205871582,0.0,0.2821967303752899
4582,0.006501263566315174,0.01863180659711361,0.029582438990473747,0.06837597489356995,0.0,0.07178070396184921,0.0,0.28219813108444214
4583,0.006634027883410454,0.020562470704317094,0.032678817957639696,0.06756685301661491,0.0,0.07178044319152832,0.0,0.28219878673553467
4584,0.006885741930454969,0.019038937985897064,0.02888210006058216,0.06801930367946625,0.0,0.0717812106013298,0.0,0.28220096230506897
4585,0.00638404805213213,0.020371638983488084,0.0290078304708004,0.06745923608541489,0.0,0.0717766061425209,0.0,0.28220030665397644
4586,0.006384643632918597,0.019954315200448037,0.03086252249777317,0.06971077024936675,0.0,0.07176943868398666,0.0,0.2821999490261078
4587,0.006526184175163508,0.01881124675273895,0.03012678250670433,0.0691821277141571,0.0,0.07176126539707184,0.0,0.2821979820728302
4588,0.006412262935191393,0.019665678218007087,0.030883764103055,0.07080180346965789,0.0,0.07175098359584808,0.0,0.2821938395500183
4589,0.006536225881427526,0.020550543814897536,0.031526729464530945,0.06920327171683312,0.0,0.07174166291952133,0.0,0.2821911573410034
4590,0.006312813423573971,0.01789882481098175,0.030970269069075584,0.06944093853235245,0.0,0.07173112034797668,0.0,0.28218820691108704
4591,0.006726379971951246,0.01916755475103855,0.02979094423353672,0.07131102904677392,0.0,0.07171899825334549,0.0,0.2821878492832184
4592,0.006329989060759544,0.01936100497841835,0.029579097032547,0.06763807982206345,0.0,0.07170227915048599,0.0,0.28218841552734375
4593,0.006392945814877748,0.020049703121185303,0.02988792732357979,0.07378507107496261,0.0,0.07169060409069061,0.0,0.28218862414360046
4594,0.006505748722702265,0.019560910761356354,0.028977959975600244,0.07156192809343338,0.0,0.07167810201644897,0.0,0.28218746185302734
4595,0.006682646553963422,0.01968914084136486,0.029647326841950417,0.06986039727926255,0.0,0.0716714933514595,0.0,0.28218522667884827
4596,0.0065923999063670635,0.01892518885433674,0.028641173243522645,0.06672907769680023,0.0,0.07166501879692078,0.0,0.28218454122543335
4597,0.00677010053768754,0.020397095754742623,0.03009982779622078,0.06941969245672226,0.0,0.0716584250330925,0.0,0.2821812331676483
4598,0.006435295380651951,0.020406072586774827,0.031231632456183434,0.07165979444980622,0.0,0.07165142148733139,0.0,0.28217777609825134
4599,0.006284826807677746,0.02055107019841671,0.030997100472450256,0.06943557560443878,0.0,0.07164838910102844,0.0,0.2821716368198395
4600,0.006327118072658777,0.01953767202794552,0.03176423087716103,0.06816302239894867,0.0,0.07164695113897324,0.0,0.28216519951820374
4601,0.006374254636466503,0.01859784796833992,0.029903515055775643,0.07560286968946457,0.0,0.07164374738931656,0.0,0.2821592688560486
4602,0.0066284678876399996,0.0197739340364933,0.030817821249365808,0.06969430446624755,0.0,0.07164178043603897,0.0,0.2821548581123352
4603,0.006406764499843121,0.01963091380894184,0.028775790706276894,0.07051900178194045,0.0,0.0716426894068718,0.0,0.2821500897407532
4604,0.006648269761353731,0.01986306868493557,0.029162906110286713,0.06966509222984314,0.0,0.07164426147937775,0.0,0.28214332461357117
4605,0.006318127829581499,0.01987835206091404,0.029287445172667504,0.06696989089250564,0.0,0.07164875417947769,0.0,0.2821384072303772
4606,0.006370594538748264,0.018292460590600967,0.029548247903585435,0.07026983946561813,0.0,0.07165305316448212,0.0,0.2821335196495056
4607,0.0059119598008692265,0.019439388439059256,0.02988247759640217,0.06718166321516036,0.0,0.07165274769067764,0.0,0.2821277678012848
4608,0.006687272991985083,0.02009325549006462,0.030031781643629074,0.06644314676523208,0.0,0.07165534049272537,0.0,0.2821221351623535
4609,0.006822722032666206,0.018716419488191603,0.02858698256313801,0.0707120418548584,0.0,0.07166582345962524,0.0,0.2821195423603058
4610,0.006356959417462349,0.02003810629248619,0.03096497468650341,0.06962607353925705,0.0,0.07167386263608932,0.0,0.2821149230003357
4611,0.0062571227550506595,0.020212124288082122,0.030225866287946702,0.07030981481075287,0.0,0.0716787725687027,0.0,0.28211086988449097
4612,0.006183997355401516,0.019833635166287424,0.02891586907207966,0.06805576831102371,0.0,0.07168451696634293,0.0,0.2821066081523895
4613,0.0068518461659550665,0.019400220736861228,0.030102896317839623,0.07330608665943146,0.0,0.07169383764266968,0.0,0.2821028530597687
4614,0.006201388034969568,0.019815751165151597,0.02938058413565159,0.06864048391580582,0.0,0.07169964164495468,0.0,0.282099187374115
4615,0.0063333316706120964,0.0190006498247385,0.029588937386870386,0.07157680094242096,0.0,0.07170532643795013,0.0,0.28209519386291504
4616,0.006580810341984033,0.018924312293529512,0.03009786829352379,0.0711566835641861,0.0,0.07170997560024261,0.0,0.2820902168750763
4617,0.006499139126390219,0.019560354202985762,0.030716456472873688,0.06795739382505417,0.0,0.0717087835073471,0.0,0.2820860743522644
4618,0.006561299040913582,0.019917633011937143,0.032377253472805026,0.06964585185050964,0.0,0.07171052694320679,0.0,0.2820807099342346
4619,0.006596165336668491,0.020747784152626993,0.030272884666919707,0.06871705651283264,0.0,0.0717114731669426,0.0,0.282074511051178
4620,0.006722923088818789,0.019862209632992744,0.030232533067464828,0.06951869875192643,0.0,0.07170657813549042,0.0,0.28206974267959595
4621,0.006373413745313883,0.018982862308621406,0.030491786450147627,0.07021373361349106,0.0,0.07169651985168457,0.0,0.2820661664009094
4622,0.006696877721697092,0.020148076117038727,0.029439305141568183,0.07003639787435531,0.0,0.07168404757976532,0.0,0.28206369280815125
4623,0.006061543896794319,0.019103392586112024,0.02998635657131672,0.07208404392004013,0.0,0.07166974246501923,0.0,0.2820618152618408
4624,0.006762824114412069,0.019061189889907838,0.03005848973989487,0.0682875543832779,0.0,0.07165542244911194,0.0,0.28205999732017517
4625,0.00648498572409153,0.020085326582193374,0.030143750086426734,0.06504822596907615,0.0,0.07164181023836136,0.0,0.28205591440200806
4626,0.006780179776251316,0.01950046606361866,0.028727108985185622,0.06693414151668549,0.0,0.07162666320800781,0.0,0.282052218914032
4627,0.006437151227146387,0.019680608808994294,0.03114886358380318,0.06766191571950912,0.0,0.07161244750022888,0.0,0.28204888105392456
4628,0.006767987459897995,0.019431167840957643,0.03132566250860691,0.06559287607669831,0.0,0.07160188257694244,0.0,0.28204482793807983
4629,0.00672891540452838,0.020423289760947226,0.030293366685509682,0.06744846701622009,0.0,0.07159659266471863,0.0,0.282043993473053
4630,0.006657836958765984,0.019780903309583663,0.030666276812553406,0.0673427402973175,0.0,0.0715894103050232,0.0,0.2820420563220978
4631,0.005912720505148172,0.01918159835040569,0.032530438899993894,0.0704826608300209,0.0,0.07157937437295914,0.0,0.28203946352005005
4632,0.006312240473926067,0.01941055804491043,0.02984905317425728,0.07170089185237885,0.0,0.07157059013843536,0.0,0.2820378243923187
4633,0.006522690504789352,0.018651915714144707,0.029559329524636267,0.06882701069116592,0.0,0.071560338139534,0.0,0.2820359766483307
4634,0.006991572678089142,0.02024562694132328,0.03055853545665741,0.07360373735427857,0.0,0.0715537816286087,0.0,0.28203144669532776
4635,0.006651198957115412,0.018931828811764716,0.029820462316274644,0.07039228677749634,0.0,0.07155317068099976,0.0,0.2820265293121338
4636,0.006540990620851517,0.019053734466433526,0.029188932105898856,0.06618642657995225,0.0,0.07154995203018188,0.0,0.2820219397544861
4637,0.006078876834362745,0.019941991195082664,0.03024228326976299,0.06834648102521897,0.0,0.07154621183872223,0.0,0.2820170521736145
4638,0.0060722467489540575,0.01940142922103405,0.03044305182993412,0.0700647383928299,0.0,0.07154902070760727,0.0,0.2820111811161041
4639,0.0068318814970552925,0.019647520780563355,0.02904989495873451,0.07250047922134399,0.0,0.07155162841081619,0.0,0.2820036709308624
4640,0.006335734389722347,0.01878983750939369,0.03168238624930382,0.07236580699682235,0.0,0.07155187427997589,0.0,0.2819966673851013
4641,0.006481851823627949,0.01890340857207775,0.030772671103477478,0.07246157079935074,0.0,0.07155226171016693,0.0,0.2819904088973999
4642,0.00685012973845005,0.019787197560071947,0.028783086314797403,0.06742229461669921,0.0,0.07155369222164154,0.0,0.28198325634002686
4643,0.006375567987561226,0.018777285516262055,0.030062388628721237,0.06775245070457458,0.0,0.07156015932559967,0.0,0.28197750449180603
4644,0.006615726184099913,0.01927640996873379,0.02980382926762104,0.07033312916755677,0.0,0.07156966626644135,0.0,0.2819730341434479
4645,0.006543711200356484,0.019779301434755325,0.030279090628027916,0.06646075397729874,0.0,0.0715782642364502,0.0,0.28196701407432556
4646,0.006483202893286943,0.02017414979636669,0.03155473656952381,0.07143392711877823,0.0,0.07158902287483215,0.0,0.2819625437259674
4647,0.006195536162704229,0.020332059636712075,0.029195433109998704,0.06903032660484314,0.0,0.0715971440076828,0.0,0.28196048736572266
4648,0.006553097814321518,0.020670969411730765,0.03154989033937454,0.06685737818479538,0.0,0.07160238921642303,0.0,0.2819597125053406
4649,0.006313803233206272,0.019216448068618774,0.029639726877212523,0.0664975807070732,0.0,0.07160493731498718,0.0,0.28196051716804504
4650,0.006343655381351709,0.01881011240184307,0.030552125722169875,0.07472519874572754,0.0,0.07161054760217667,0.0,0.2819644510746002
4651,0.006726099085062743,0.019590487331151964,0.02868789657950401,0.07171806097030639,0.0,0.0716145783662796,0.0,0.28196772933006287
4652,0.006614485383033752,0.018951189517974854,0.030112482979893683,0.0702630877494812,0.0,0.07162117213010788,0.0,0.2819696366786957
4653,0.006808422319591045,0.019252028688788413,0.028398431837558746,0.06508142352104188,0.0,0.07162907719612122,0.0,0.2819714844226837
4654,0.006364110391587019,0.01921706572175026,0.03126457668840885,0.0718296855688095,0.0,0.07163383066654205,0.0,0.2819734811782837
4655,0.007094026263803244,0.020110698789358138,0.02782691568136215,0.0657716453075409,0.0,0.07163714617490768,0.0,0.2819752097129822
4656,0.006677277106791735,0.019887813553214072,0.030871535092592238,0.06804741322994232,0.0,0.07163970917463303,0.0,0.2819771468639374
4657,0.006368870846927166,0.02035725750029087,0.02903624512255192,0.06479883566498756,0.0,0.0716419443488121,0.0,0.2819795608520508
4658,0.0067375671118497845,0.02016550935804844,0.030636296421289445,0.07066703885793686,0.0,0.07164667546749115,0.0,0.2819810211658478
4659,0.0069310968741774556,0.019738417118787766,0.029169122129678725,0.07237347215414047,0.0,0.07164917886257172,0.0,0.281982958316803
4660,0.006846683099865913,0.019725384935736657,0.03048829883337021,0.06855871975421905,0.0,0.07164725661277771,0.0,0.2819851338863373
4661,0.0065133566036820415,0.020190858095884324,0.028893177211284638,0.06453906521201133,0.0,0.07164831459522247,0.0,0.2819860577583313
4662,0.00678880512714386,0.019290463253855705,0.029771502315998077,0.07147609293460847,0.0,0.07165056467056274,0.0,0.28198641538619995
4663,0.006750874780118465,0.01964075043797493,0.02973727136850357,0.06885659694671631,0.0,0.07165175676345825,0.0,0.2819857597351074
4664,0.006515405792742968,0.018937944993376733,0.03121112510561943,0.07201226353645325,0.0,0.07165330648422241,0.0,0.2819841504096985
4665,0.006418003048747778,0.019437886774539948,0.028212252631783487,0.06900116354227066,0.0,0.07165069878101349,0.0,0.28197988867759705
4666,0.006433296483010054,0.019888381659984588,0.030183131992816924,0.07193166017532349,0.0,0.07164917141199112,0.0,0.2819751501083374
4667,0.006479205098003149,0.01985975503921509,0.028453707322478296,0.07016022950410843,0.0,0.071648508310318,0.0,0.2819727659225464
4668,0.006687147915363312,0.020016445592045785,0.03055456802248955,0.07022514939308167,0.0,0.0716480016708374,0.0,0.2819713056087494
4669,0.006527920067310333,0.01908888705074787,0.031595366075634956,0.07278352379798889,0.0,0.07164712250232697,0.0,0.28196981549263
4670,0.006528092827647924,0.020129393413662912,0.02950036749243736,0.06967372000217438,0.0,0.07164428383111954,0.0,0.28196969628334045
4671,0.006530373264104128,0.02037825360894203,0.03212788552045822,0.07068543732166291,0.0,0.07164350897073746,0.0,0.28196948766708374
4672,0.006234093941748143,0.01978491134941578,0.02870779447257519,0.06609703674912452,0.0,0.07164739072322845,0.0,0.28196981549263
4673,0.006670773960649967,0.019140548631548883,0.03008292503654957,0.06790962368249893,0.0,0.07164852321147919,0.0,0.2819724678993225
4674,0.006326927989721298,0.019611559808254242,0.028938641771674156,0.07250087112188339,0.0,0.07165668159723282,0.0,0.28197675943374634
4675,0.00676596537232399,0.019741347804665566,0.030552026629447938,0.06698645502328873,0.0,0.07165879011154175,0.0,0.28198012709617615
4676,0.006293253879994154,0.019762279093265535,0.02922108843922615,0.06762495785951614,0.0,0.0716615691781044,0.0,0.2819857597351074
4677,0.007004840578883886,0.02065977044403553,0.030666017159819602,0.06969490349292755,0.0,0.07166140526533127,0.0,0.2819916903972626
4678,0.007018619123846293,0.019323951005935668,0.03105274811387062,0.066505765914917,0.0,0.07166311889886856,0.0,0.28199514746665955
4679,0.006543313805013895,0.019767356291413306,0.027827370911836624,0.06972225308418274,0.0,0.07166192680597305,0.0,0.28199705481529236
4680,0.006784207839518786,0.019346972182393073,0.02963752709329128,0.06839612424373627,0.0,0.07166562974452972,0.0,0.2819991111755371
4681,0.006542413122951984,0.02006244696676731,0.032156345620751384,0.07062481045722961,0.0,0.07166870683431625,0.0,0.28199928998947144
4682,0.006829787883907557,0.02105175442993641,0.031067736446857452,0.07360684275627136,0.0,0.07167508453130722,0.0,0.2819982171058655
4683,0.0065229061059653756,0.01977042369544506,0.030820724740624427,0.06569392532110215,0.0,0.07168278098106384,0.0,0.2819971442222595
4684,0.006369716301560402,0.019790295884013175,0.029734783992171287,0.06933649405837058,0.0,0.07169266790151596,0.0,0.281995952129364
4685,0.006593672186136245,0.019485374540090562,0.029920708015561105,0.0707027107477188,0.0,0.07170003652572632,0.0,0.28199782967567444
4686,0.006552813015878201,0.01892184428870678,0.03174380473792553,0.06926941275596618,0.0,0.0717085748910904,0.0,0.28199952840805054
4687,0.00683827493339777,0.01857328452169895,0.02931838817894459,0.06932291686534882,0.0,0.07171309739351273,0.0,0.28199902176856995
4688,0.006663717236369849,0.019886042550206186,0.02930350638926029,0.06858664602041245,0.0,0.0717201679944992,0.0,0.2819981276988983
4689,0.006889661308377981,0.0199805922806263,0.02954995110630989,0.07309739291667938,0.0,0.07172603905200958,0.0,0.2819954752922058
4690,0.006820050720125437,0.019133663550019265,0.02948918491601944,0.07043512761592866,0.0,0.07172833383083344,0.0,0.28199225664138794
4691,0.006548507977277041,0.019714611023664473,0.029806754738092422,0.07132465690374375,0.0,0.0717296376824379,0.0,0.28198865056037903
4692,0.006435120292007923,0.01940668821334839,0.029900433123111726,0.07216434180736542,0.0,0.07172869145870209,0.0,0.2819841504096985
4693,0.00653979666531086,0.019815041869878768,0.030805623903870583,0.07133585065603257,0.0,0.07172466814517975,0.0,0.28197768330574036
4694,0.006691501010209322,0.019814316555857657,0.02992294430732727,0.07277477979660034,0.0,0.07171689718961716,0.0,0.2819698750972748
4695,0.0067706012167036535,0.01997060589492321,0.02934201844036579,0.06786287128925324,0.0,0.0717034563422203,0.0,0.28196266293525696
4696,0.006452422309666872,0.019325800612568854,0.030136970803141594,0.06840325817465782,0.0,0.07169518619775772,0.0,0.2819574177265167
4697,0.0061540637165307995,0.020152341201901437,0.0283687312155962,0.07116370648145676,0.0,0.07168792188167572,0.0,0.28195181488990784
4698,0.006649797223508358,0.019899264350533484,0.030638321489095687,0.07263478636741638,0.0,0.0716763511300087,0.0,0.28194713592529297
4699,0.006520869024097919,0.020147091895341872,0.029211479425430297,0.07218230217695236,0.0,0.07166220992803574,0.0,0.28194332122802734
4700,0.006618664227426052,0.01918819509446621,0.030120788887143136,0.06620896607637405,0.0,0.07164846360683441,0.0,0.2819383144378662
4701,0.006466748751699924,0.01883693188428879,0.030923331901431084,0.07012207061052322,0.0,0.07163260877132416,0.0,0.28193336725234985
4702,0.006629093177616596,0.01977970525622368,0.03026404120028019,0.06898817867040634,0.0,0.07162002474069595,0.0,0.2819291949272156
4703,0.006515233684331179,0.019245124608278274,0.030574317276477813,0.06654622033238411,0.0,0.07160541415214539,0.0,0.28192561864852905
4704,0.006624839454889298,0.01996374614536762,0.03208953812718392,0.06666659712791442,0.0,0.07159063965082169,0.0,0.28192347288131714
4705,0.006512393057346344,0.020103830844163895,0.030533188208937644,0.06949298232793807,0.0,0.07157367467880249,0.0,0.28192195296287537
4706,0.006772309076040983,0.019270312786102296,0.030472486093640328,0.07278382182121276,0.0,0.07156109809875488,0.0,0.2819185256958008
4707,0.006579993013292551,0.019472288712859154,0.030937040597200392,0.06760525852441787,0.0,0.07155026495456696,0.0,0.2819136679172516
4708,0.006455756910145283,0.019180333241820335,0.02951013669371605,0.06896687671542168,0.0,0.07153762876987457,0.0,0.2819124758243561
4709,0.006343225948512554,0.019117364287376405,0.029690295457839966,0.06699759438633919,0.0,0.07152104377746582,0.0,0.2819114327430725
4710,0.006532910186797381,0.018966317921876908,0.028005925938487053,0.07116042822599411,0.0,0.07150711119174957,0.0,0.281911164522171
4711,0.00659932317212224,0.018885157257318496,0.028939807787537575,0.07745653539896011,0.0,0.0714963972568512,0.0,0.2819100022315979
4712,0.006756280642002821,0.02037515565752983,0.030345740914344787,0.07691472917795181,0.0,0.07148207724094391,0.0,0.28191035985946655
4713,0.006565783731639385,0.0192722424864769,0.029947969317436218,0.06690130308270455,0.0,0.07147028297185898,0.0,0.28191059827804565
4714,0.006497077457606792,0.019782987609505653,0.029870260134339334,0.06905649155378342,0.0,0.07145911455154419,0.0,0.28191041946411133
4715,0.0063122323714196685,0.018877615779638292,0.0283475574105978,0.07594738900661469,0.0,0.07144714891910553,0.0,0.281911700963974
4716,0.006095645762979984,0.02046712748706341,0.02819385789334774,0.06791911125183106,0.0,0.07144008576869965,0.0,0.28191399574279785
4717,0.006689898017793894,0.019368630647659302,0.027687543258070945,0.06995593011379242,0.0,0.07143063843250275,0.0,0.2819179892539978
4718,0.006442777905613184,0.019685938581824304,0.02933482863008976,0.06912136524915695,0.0,0.07141629606485367,0.0,0.28192275762557983
4719,0.006586366705596447,0.019214460626244545,0.03063451759517193,0.06907249093055726,0.0,0.07140345871448517,0.0,0.28192955255508423
4720,0.006597874872386456,0.0199811190366745,0.030388879776000976,0.07353652119636536,0.0,0.07138873636722565,0.0,0.28193697333335876
4721,0.006251594889909029,0.01873590461909771,0.029184456542134286,0.06785439550876618,0.0,0.07137151062488556,0.0,0.28194183111190796
4722,0.006749529764056206,0.019526765495538712,0.029934844747185708,0.06746652275323868,0.0,0.07135644555091858,0.0,0.2819480895996094
4723,0.006303623039275408,0.020440708100795745,0.02867312990128994,0.07220193594694138,0.0,0.07134512066841125,0.0,0.2819526791572571
4724,0.0067367198877036575,0.01902792938053608,0.031909357756376266,0.06967120915651322,0.0,0.07133791595697403,0.0,0.2819563150405884
4725,0.006477583199739456,0.02010919898748398,0.02882614843547344,0.06934890374541283,0.0,0.07133238017559052,0.0,0.2819604277610779
4726,0.006165817379951477,0.019148246198892594,0.030036770552396775,0.069835264980793,0.0,0.07132953405380249,0.0,0.2819640338420868
4727,0.006373722478747368,0.01993694044649601,0.02928853631019592,0.06533858478069306,0.0,0.07132738083600998,0.0,0.2819673418998718
4728,0.006463494896888733,0.01990864537656307,0.029272930696606636,0.06914626806974411,0.0,0.07132676988840103,0.0,0.2819732129573822
4729,0.007004615105688572,0.020433208718895913,0.03009764477610588,0.07067420482635497,0.0,0.07132674008607864,0.0,0.2819780111312866
4730,0.006684846710413694,0.01897137686610222,0.02758300192654133,0.06974982470273972,0.0,0.0713353380560875,0.0,0.281980961561203
4731,0.006658066064119339,0.019239312037825584,0.029042579978704453,0.06939662843942643,0.0,0.07134001702070236,0.0,0.28198471665382385
4732,0.006434796378016472,0.02018069550395012,0.030648769810795784,0.07087313681840897,0.0,0.0713469386100769,0.0,0.28198450803756714
4733,0.006696913950145244,0.01972178779542446,0.029363956674933432,0.07081519365310669,0.0,0.07135112583637238,0.0,0.28198400139808655
4734,0.0068341435864567755,0.01926589347422123,0.029715970531105994,0.06522608995437622,0.0,0.07135782390832901,0.0,0.28198185563087463
4735,0.006358799058943987,0.020249291136860848,0.031037032976746558,0.06785026490688324,0.0,0.07136102765798569,0.0,0.2819790840148926
4736,0.00657910592854023,0.018637411296367645,0.029736322164535523,0.06984108686447144,0.0,0.07137155532836914,0.0,0.2819783091545105
4737,0.006387660745531321,0.018724454939365386,0.02858215309679508,0.07220573425292968,0.0,0.07138089835643768,0.0,0.28197917342185974
4738,0.006637674197554589,0.02039634846150875,0.03231615498661995,0.07036641463637353,0.0,0.07139041274785995,0.0,0.28198036551475525
4739,0.006083468813449145,0.019621272385120393,0.03044203370809555,0.06696335673332214,0.0,0.07139893621206284,0.0,0.2819816470146179
4740,0.006658234540373087,0.01854369752109051,0.028624895960092545,0.07169141322374344,0.0,0.07140287756919861,0.0,0.28198397159576416
4741,0.006739367078989744,0.02043330930173397,0.03069830350577831,0.06383800134062767,0.0,0.07140892744064331,0.0,0.28198617696762085
4742,0.006454690173268318,0.018917815387248994,0.029541504755616187,0.0691636934876442,0.0,0.07141424715518951,0.0,0.28198885917663574
4743,0.006752187665551901,0.019860971346497537,0.03160566538572311,0.06840198189020157,0.0,0.07141990959644318,0.0,0.28199267387390137
4744,0.0064599947072565556,0.01800815127789974,0.028770685940980912,0.06834492683410645,0.0,0.07142330706119537,0.0,0.2819957435131073
4745,0.006348177138715982,0.019780028238892557,0.030159849673509598,0.06818690150976181,0.0,0.07142405211925507,0.0,0.28199970722198486
4746,0.006352187879383564,0.018637461215257646,0.028440288081765176,0.0684863343834877,0.0,0.07142551988363266,0.0,0.28200334310531616
4747,0.006279756035655737,0.02030567079782486,0.028704482316970825,0.0665985256433487,0.0,0.07142554223537445,0.0,0.2820054292678833
4748,0.0067709825001657006,0.020576472207903863,0.029783748835325242,0.0748630404472351,0.0,0.07142019271850586,0.0,0.28200802206993103
4749,0.006626408733427525,0.019324053823947907,0.03217759020626545,0.06812420338392258,0.0,0.07141854614019394,0.0,0.2820102870464325
4750,0.006493302714079619,0.021416572108864784,0.0331351175904274,0.07229424715042114,0.0,0.07141575962305069,0.0,0.2820116877555847
4751,0.006594853196293116,0.01867205984890461,0.030632767453789712,0.07166463732719422,0.0,0.07141630351543427,0.0,0.2820146083831787
4752,0.006673040799796581,0.019787768274545668,0.03159510120749474,0.07504995912313461,0.0,0.07141466438770294,0.0,0.2820165753364563
4753,0.006570431590080261,0.01888090968132019,0.030004668235778808,0.06609899327158927,0.0,0.0714113861322403,0.0,0.2820165157318115
4754,0.006581116747111082,0.01961042657494545,0.03123690001666546,0.07302292585372924,0.0,0.07141426205635071,0.0,0.28201884031295776
4755,0.0060946614481508735,0.019318743050098418,0.027600977197289468,0.06673955470323563,0.0,0.07141570001840591,0.0,0.28202003240585327
4756,0.006776706222444773,0.019155291840434074,0.030483005940914153,0.07009797543287277,0.0,0.07142005115747452,0.0,0.282024621963501
4757,0.006450857222080231,0.019178836047649382,0.027720169723033906,0.07285283356904984,0.0,0.07142098248004913,0.0,0.28202977776527405
4758,0.00676685618236661,0.01970233619213104,0.029954838380217553,0.07426952570676804,0.0,0.07142286002635956,0.0,0.2820320725440979
4759,0.006526884716004133,0.020074307918548584,0.03063328191637993,0.07341528981924057,0.0,0.07142502814531326,0.0,0.28203120827674866
4760,0.006367944460362196,0.019890494272112848,0.032397263869643214,0.06954955905675889,0.0,0.07142901420593262,0.0,0.28203085064888
4761,0.0065444216132164,0.01920643001794815,0.02919870875775814,0.06893623024225234,0.0,0.0714292898774147,0.0,0.28202956914901733
4762,0.00637297248467803,0.018342074751853944,0.028979097679257392,0.06898432374000549,0.0,0.07142738252878189,0.0,0.2820272147655487
4763,0.0065189112909138204,0.019157790765166282,0.02959560714662075,0.07094533890485763,0.0,0.07142312824726105,0.0,0.28202518820762634
4764,0.006209123507142067,0.020626339688897134,0.029893188923597335,0.06670469790697098,0.0,0.07142152637243271,0.0,0.2820257544517517
4765,0.006436971016228199,0.020714162662625313,0.03037472553551197,0.06597409397363663,0.0,0.07141871005296707,0.0,0.2820265293121338
4766,0.0065602374263107775,0.01929348036646843,0.028400517627596857,0.06835465282201766,0.0,0.0714179128408432,0.0,0.2820296883583069
4767,0.006717742700129747,0.01930108927190304,0.031288889795541765,0.06873792111873626,0.0,0.0714118629693985,0.0,0.282033771276474
4768,0.006660721823573112,0.02037067785859108,0.030393779277801514,0.06903222352266311,0.0,0.07139834016561508,0.0,0.28203946352005005
4769,0.006949790846556425,0.019784323498606683,0.029488272964954376,0.06974062323570251,0.0,0.07139232754707336,0.0,0.28204774856567383
4770,0.006739234086126089,0.01972942128777504,0.030698732286691666,0.06679281145334244,0.0,0.07138659060001373,0.0,0.28205448389053345
4771,0.006340387091040611,0.019111063331365585,0.029036128148436546,0.06895240098237991,0.0,0.07138536870479584,0.0,0.282060444355011
4772,0.006447744928300381,0.02128206193447113,0.029089663922786713,0.07126930505037307,0.0,0.07138212770223618,0.0,0.2820649743080139
4773,0.00665233563631773,0.019181578233838082,0.02959345243871212,0.06894312500953674,0.0,0.07138284295797348,0.0,0.28206667304039
4774,0.0067182514816522595,0.018883667513728143,0.029778936132788657,0.07056712806224823,0.0,0.07137838751077652,0.0,0.2820665240287781
4775,0.006511221174150705,0.02034553326666355,0.029908043518662452,0.07113106846809387,0.0,0.07137187570333481,0.0,0.28206557035446167
4776,0.006385831814259291,0.020219793543219566,0.02926367148756981,0.06915089637041091,0.0,0.07136466354131699,0.0,0.2820613384246826
4777,0.0065174723975360395,0.01882232017815113,0.028552079945802687,0.06852443516254425,0.0,0.07136310636997223,0.0,0.2820577025413513
4778,0.0065662145614624025,0.0198539312928915,0.03106412887573242,0.0681803658604622,0.0,0.07137111574411392,0.0,0.2820533812046051
4779,0.0063780429773032665,0.01975383535027504,0.03036816865205765,0.06897936090826988,0.0,0.07138001918792725,0.0,0.2820492386817932
4780,0.00671978835016489,0.019162549078464507,0.029387423396110536,0.06535009071230888,0.0,0.07138802111148834,0.0,0.28204676508903503
4781,0.00633482001721859,0.0195693489164114,0.028791284561157225,0.06845544949173928,0.0,0.07139527052640915,0.0,0.28204527497291565
4782,0.0066312594339251515,0.01929434947669506,0.031730261817574504,0.07013127356767654,0.0,0.07140596956014633,0.0,0.282044917345047
4783,0.006451633293181658,0.019701827317476273,0.031134820356965066,0.06742012202739715,0.0,0.07141566276550293,0.0,0.2820450961589813
4784,0.00648498423397541,0.02038401588797569,0.029516080021858217,0.06810982078313828,0.0,0.07142345607280731,0.0,0.28204530477523804
4785,0.006574269756674767,0.019474512338638304,0.031121695786714552,0.06899379417300225,0.0,0.07143060117959976,0.0,0.28204458951950073
4786,0.0070583437569439415,0.01924956887960434,0.03061009980738163,0.06904765814542771,0.0,0.07144037634134293,0.0,0.2820433974266052
4787,0.006555281113833189,0.019772902876138688,0.029418646171689034,0.07139090597629547,0.0,0.07145281136035919,0.0,0.2820419669151306
4788,0.006536434125155211,0.0194108497351408,0.030521908402442934,0.06637234687805176,0.0,0.07146798819303513,0.0,0.2820405960083008
4789,0.006355827488005161,0.019286562502384186,0.030899885296821594,0.07176152020692825,0.0,0.07148391008377075,0.0,0.28203827142715454
4790,0.006362334452569484,0.021047762781381606,0.032203073427081105,0.06875585913658142,0.0,0.07150013744831085,0.0,0.2820361256599426
4791,0.006775339972227812,0.019755861163139342,0.029248880967497826,0.06853501871228218,0.0,0.07152140885591507,0.0,0.28203409910202026
4792,0.006718775816261768,0.01933259181678295,0.030336407572031023,0.07097260057926177,0.0,0.07154564559459686,0.0,0.2820318341255188
4793,0.006794198043644428,0.020037420466542243,0.03276506066322327,0.06674317121505738,0.0,0.07156963646411896,0.0,0.28202998638153076
4794,0.006637363415211439,0.019335127621889114,0.029739886149764062,0.07087490111589431,0.0,0.07159247994422913,0.0,0.2820275127887726
4795,0.006227608863264322,0.019448592513799667,0.030940100178122522,0.0720401257276535,0.0,0.0716104805469513,0.0,0.2820258140563965
4796,0.006569826696068049,0.01985817700624466,0.031123947352170944,0.06888633966445923,0.0,0.07162568718194962,0.0,0.28202566504478455
4797,0.006455500237643718,0.019925015792250634,0.032181001454591754,0.06520736590027809,0.0,0.07163634896278381,0.0,0.282026082277298
4798,0.006468484736979007,0.020263559743762018,0.028230274096131325,0.07079213112592697,0.0,0.07164783775806427,0.0,0.2820265293121338
4799,0.0064487124793231486,0.020383453741669656,0.029202858731150628,0.06963171064853668,0.0,0.07166038453578949,0.0,0.28202512860298157
4800,0.006501020211726427,0.01875092536211014,0.030686451494693755,0.07384156584739685,0.0,0.07167526334524155,0.0,0.2820272743701935
4801,0.0061249262653291225,0.019543686881661415,0.03002379909157753,0.07237835973501205,0.0,0.07168759405612946,0.0,0.2820277512073517
4802,0.006749961338937282,0.020494672283530236,0.028294416889548302,0.0723506435751915,0.0,0.07169809192419052,0.0,0.28203001618385315
4803,0.006430159602314234,0.018987736478447915,0.030042029544711114,0.06901520714163781,0.0,0.07170110940933228,0.0,0.2820315361022949
4804,0.006587912142276764,0.01941573843359947,0.030936362966895104,0.06912157088518142,0.0,0.07170780748128891,0.0,0.28203412890434265
4805,0.00628525884822011,0.01978943720459938,0.02994355671107769,0.06924568712711335,0.0,0.07171382009983063,0.0,0.2820371985435486
4806,0.00646126763895154,0.01898842677474022,0.03191419206559658,0.07250170111656189,0.0,0.07172777503728867,0.0,0.28203660249710083
4807,0.006964736338704825,0.018823034316301345,0.030354035645723344,0.0682562455534935,0.0,0.0717431902885437,0.0,0.2820349633693695
4808,0.006390031613409519,0.019518841058015823,0.029791003838181496,0.07217301428318024,0.0,0.0717572420835495,0.0,0.282031774520874
4809,0.006295409519225359,0.01905999779701233,0.0312331635504961,0.06549122482538224,0.0,0.07176952064037323,0.0,0.28202980756759644
4810,0.006592658255249262,0.018254829943180083,0.031489881500601766,0.06764382719993592,0.0,0.07177859544754028,0.0,0.2820296287536621
4811,0.007163277082145214,0.020229851454496385,0.030363550782203673,0.06835513263940811,0.0,0.07179305702447891,0.0,0.2820277810096741
4812,0.006508622597903013,0.02128012850880623,0.027661248669028284,0.06697815358638763,0.0,0.07181395590305328,0.0,0.28202545642852783
4813,0.006600247509777546,0.019739242643117903,0.03113688379526138,0.07257063090801238,0.0,0.07183010876178741,0.0,0.28202253580093384
4814,0.006652669794857502,0.01889149434864521,0.03035956174135208,0.07275014221668244,0.0,0.07184239476919174,0.0,0.28201931715011597
4815,0.006357428897172212,0.019626951962709426,0.029814186319708825,0.06954645365476608,0.0,0.07185020297765732,0.0,0.2820189595222473
4816,0.006528109405189752,0.020008517429232597,0.030517956241965294,0.06967099457979202,0.0,0.07185573875904083,0.0,0.28201842308044434
4817,0.006340998690575361,0.02043284960091114,0.031520456075668335,0.06832452416419983,0.0,0.07186679542064667,0.0,0.28201887011528015
4818,0.006774719059467316,0.019644322618842126,0.03322119824588299,0.07020811438560486,0.0,0.07187193632125854,0.0,0.282020628452301
4819,0.006123829260468483,0.01921020895242691,0.028878913074731827,0.07093153446912766,0.0,0.07187758386135101,0.0,0.282023549079895
4820,0.006429296359419823,0.020074374601244928,0.029507964476943017,0.06955642998218536,0.0,0.07187806069850922,0.0,0.28202611207962036
4821,0.007252863887697458,0.019365981593728064,0.02870248481631279,0.06961947232484818,0.0,0.07187904417514801,0.0,0.28202947974205017
4822,0.00671383598819375,0.018540475517511368,0.028325238823890687,0.07212351262569427,0.0,0.07187625020742416,0.0,0.28203025460243225
4823,0.006837955769151449,0.018247563764452933,0.030674154683947564,0.0711040511727333,0.0,0.07187512516975403,0.0,0.2820313572883606
4824,0.00665115499868989,0.0190878301858902,0.029084280133247375,0.06980160474777222,0.0,0.07187610864639282,0.0,0.2820306420326233
4825,0.006313811149448156,0.018748959898948668,0.029001883789896966,0.06899324208498,0.0,0.07187476009130478,0.0,0.2820291519165039
4826,0.006511166226118803,0.01996711790561676,0.029679030925035477,0.0673324778676033,0.0,0.07186973839998245,0.0,0.2820296883583069
4827,0.006385576631873846,0.018677477911114692,0.029909367486834527,0.06764811128377915,0.0,0.07186030596494675,0.0,0.28202757239341736
4828,0.006553373858332634,0.019633875414729118,0.028426117077469826,0.07204573452472687,0.0,0.07184747606515884,0.0,0.2820259928703308
4829,0.00649302052333951,0.01952410936355591,0.028956823423504828,0.07278645187616348,0.0,0.07183295488357544,0.0,0.28202325105667114
4830,0.006577360536903143,0.01935190409421921,0.032046680152416226,0.07227355539798737,0.0,0.07181266695261002,0.0,0.28202223777770996
4831,0.006440856400877238,0.019617006182670593,0.028341935947537422,0.06629412919282913,0.0,0.07179180532693863,0.0,0.2820216119289398
4832,0.006599865574389696,0.019448963925242424,0.03050003983080387,0.07136671245098114,0.0,0.07177384197711945,0.0,0.2820218503475189
4833,0.006683983467519283,0.018774083256721495,0.029502382129430772,0.07183714658021927,0.0,0.07175184786319733,0.0,0.282023549079895
4834,0.006129239313304424,0.01954985558986664,0.02802882418036461,0.06849582940340042,0.0,0.07173407077789307,0.0,0.28202420473098755
4835,0.007143332529813052,0.019918132945895194,0.029792815819382666,0.07301437556743622,0.0,0.07171354442834854,0.0,0.28202304244041443
4836,0.006439493503421545,0.02034427635371685,0.029370442032814026,0.06792677342891693,0.0,0.07169117033481598,0.0,0.2820221781730652
4837,0.00633648419752717,0.019956211373209954,0.031224044412374495,0.06867419630289077,0.0,0.07167231291532516,0.0,0.2820225954055786
4838,0.0066754878498613834,0.019884859398007392,0.028868548572063446,0.06940924525260925,0.0,0.07164908945560455,0.0,0.28202345967292786
4839,0.006689484138041735,0.019059781357645987,0.030779948085546495,0.07071187645196915,0.0,0.07162772119045258,0.0,0.2820221781730652
4840,0.006648918520659209,0.019830406084656714,0.028720446303486823,0.066733218729496,0.0,0.07160808891057968,0.0,0.28201770782470703
4841,0.00656218808144331,0.019750205799937248,0.029839180037379266,0.07036034315824509,0.0,0.07159341871738434,0.0,0.2820124328136444
4842,0.006465453188866377,0.019868306070566177,0.03166440576314926,0.07034116983413696,0.0,0.07157875597476959,0.0,0.28200992941856384
4843,0.00657034981995821,0.019364699721336365,0.029998216778039932,0.06644381433725358,0.0,0.0715632364153862,0.0,0.28200554847717285
4844,0.006222529709339142,0.020098091289401054,0.030021439865231515,0.06594261601567268,0.0,0.07154883444309235,0.0,0.2820022702217102
4845,0.006518103647977114,0.020590921118855476,0.031792028620839116,0.06939336657524109,0.0,0.07153132557868958,0.0,0.28199976682662964
4846,0.006419344898313284,0.018604033440351487,0.030198735743761064,0.0717311069369316,0.0,0.07151637971401215,0.0,0.2819986343383789
4847,0.00641771787777543,0.019722384214401246,0.03016839250922203,0.07102718353271484,0.0,0.07150571048259735,0.0,0.2819992005825043
4848,0.006424617581069469,0.019553156569600105,0.030121178925037385,0.07042364552617073,0.0,0.07149438560009003,0.0,0.28200218081474304
4849,0.006964315939694643,0.020265163853764534,0.02999306619167328,0.06514029204845428,0.0,0.07148127257823944,0.0,0.282004177570343
4850,0.006767514813691378,0.019697347283363344,0.030633982643485068,0.07394034266471863,0.0,0.07147175818681717,0.0,0.2820057272911072
4851,0.006509112194180489,0.019172967970371248,0.029645403474569322,0.07019663453102112,0.0,0.07146506011486053,0.0,0.282006174325943
4852,0.006271079648286104,0.020007384195923805,0.02903127484023571,0.06438725590705871,0.0,0.07145919650793076,0.0,0.2820066809654236
4853,0.006849886104464531,0.019854458048939705,0.030404862016439438,0.07271359264850616,0.0,0.07145032286643982,0.0,0.28200584650039673
4854,0.0065758973360061646,0.01990251913666725,0.03156656064093113,0.06633703634142876,0.0,0.07144473493099213,0.0,0.28200429677963257
4855,0.006723656877875328,0.02034534327685833,0.030715707689523697,0.06977311819791794,0.0,0.07144205272197723,0.0,0.2820006310939789
4856,0.006392403971403837,0.01936399154365063,0.030610283836722374,0.07048778533935547,0.0,0.0714423656463623,0.0,0.2819956839084625
4857,0.006673777382820845,0.019895605370402338,0.030940524861216546,0.06909367442131042,0.0,0.07144508510828018,0.0,0.28199177980422974
4858,0.006623715721070766,0.019778615236282347,0.030176984891295434,0.07226406186819076,0.0,0.07144417613744736,0.0,0.28198862075805664
4859,0.0068365329876542095,0.019430869445204734,0.03020811975002289,0.07257086187601089,0.0,0.07145224511623383,0.0,0.28198909759521484
4860,0.006326029077172279,0.02025703489780426,0.032354838028550145,0.07235415056347846,0.0,0.07146213203668594,0.0,0.2819904088973999
4861,0.00620020842179656,0.01971815526485443,0.031293300539255144,0.06907564550638198,0.0,0.07147394865751266,0.0,0.2819933593273163
4862,0.006454817485064268,0.019846400991082192,0.028847508132457733,0.07064829021692276,0.0,0.07148200273513794,0.0,0.2819974422454834
4863,0.006782626360654831,0.019838978722691535,0.029655704274773598,0.07204000353813171,0.0,0.07149245589971542,0.0,0.2820037305355072
4864,0.0063303418457508085,0.019681307673454284,0.031158747151494026,0.0675900898873806,0.0,0.0715084820985794,0.0,0.2820095121860504
4865,0.006700115185230971,0.01991126239299774,0.032276395708322525,0.07010992765426635,0.0,0.07152319699525833,0.0,0.2820143699645996
4866,0.006700410135090351,0.021130545064806938,0.03095623292028904,0.06911923363804817,0.0,0.0715370699763298,0.0,0.2820168137550354
4867,0.0063205286860466,0.020178434997797014,0.03100671023130417,0.07165018618106841,0.0,0.07155413180589676,0.0,0.28201916813850403
4868,0.006581320706754923,0.01902412697672844,0.03081057742238045,0.06712795048952103,0.0,0.07156971842050552,0.0,0.28202205896377563
4869,0.006485306657850742,0.019953844696283342,0.02934819757938385,0.06795784160494804,0.0,0.07158301025629044,0.0,0.28202396631240845
4870,0.0063987853936851025,0.019404373317956924,0.03130050674080849,0.0697829395532608,0.0,0.07159175723791122,0.0,0.28202366828918457
4871,0.006630780082195998,0.018951167166233063,0.030172749981284143,0.06830105781555176,0.0,0.07159950584173203,0.0,0.28202325105667114
4872,0.006740815006196499,0.019504692032933237,0.02934132404625416,0.06660613566637039,0.0,0.07160370796918869,0.0,0.28202345967292786
4873,0.006580652669072151,0.019296152517199516,0.030436506494879723,0.06641675531864166,0.0,0.07160838693380356,0.0,0.28202468156814575
4874,0.006585900206118822,0.018653571233153345,0.029448050260543823,0.06756110787391663,0.0,0.07161010801792145,0.0,0.282026469707489
4875,0.0065118479542434216,0.019440194591879845,0.031355686113238336,0.0693897321820259,0.0,0.0716075748205185,0.0,0.28202903270721436
4876,0.006917442381381989,0.019810562208294868,0.02829972468316555,0.06723994016647339,0.0,0.07161042094230652,0.0,0.28203219175338745
4877,0.006481532286852598,0.019524402916431427,0.02900218144059181,0.0748699113726616,0.0,0.07161049544811249,0.0,0.28203392028808594
4878,0.0066526193171739575,0.01994251161813736,0.030411743745207786,0.06851952299475669,0.0,0.07161092013120651,0.0,0.28203555941581726
4879,0.006566609628498555,0.019310790672898294,0.028898973390460013,0.0681484617292881,0.0,0.07161134481430054,0.0,0.2820381820201874
4880,0.006890690233558416,0.0199000708758831,0.029504067078232766,0.06695087552070618,0.0,0.07161204516887665,0.0,0.28204110264778137
4881,0.006436205469071865,0.02090216912329197,0.03137034922838211,0.06573509871959686,0.0,0.07161255180835724,0.0,0.28204166889190674
4882,0.006375336088240147,0.02011312432587147,0.031178415566682816,0.06708155274391174,0.0,0.07161279767751694,0.0,0.2820398211479187
4883,0.006419108528643846,0.019884301722049712,0.029588155820965766,0.07095664739608765,0.0,0.07161188125610352,0.0,0.28203803300857544
4884,0.006425548624247312,0.02004339136183262,0.03115338757634163,0.06843762546777725,0.0,0.0716070830821991,0.0,0.2820347249507904
4885,0.0064960382878780365,0.02006402797996998,0.030954718962311743,0.07645264714956283,0.0,0.07159693539142609,0.0,0.2820306420326233
4886,0.006745952647179365,0.019932833686470985,0.029809422418475152,0.07105390578508378,0.0,0.07159094512462616,0.0,0.2820257544517517
4887,0.0066947126761078835,0.01980290226638317,0.02945924550294876,0.06962893009185792,0.0,0.0715848058462143,0.0,0.2820211350917816
4888,0.006460793130099773,0.020552041381597518,0.030869414657354356,0.07500162124633789,0.0,0.07157813012599945,0.0,0.28201737999916077
4889,0.006629620492458343,0.019307878240942954,0.029167170450091363,0.06978941708803177,0.0,0.07157482951879501,0.0,0.2820171117782593
4890,0.006158396229147911,0.019255339354276656,0.030354192480444908,0.06633552759885789,0.0,0.0715741515159607,0.0,0.2820177674293518
4891,0.006743592116981745,0.019409679621458054,0.029651828110218048,0.07026968747377396,0.0,0.0715731829404831,0.0,0.28201988339424133
4892,0.006433678977191448,0.019794096797704698,0.02977420687675476,0.06928715109825134,0.0,0.07157626003026962,0.0,0.28202447295188904
4893,0.006370532885193824,0.019604764878749847,0.03033342771232128,0.06744475513696671,0.0,0.07157564163208008,0.0,0.2820291817188263
4894,0.006433605775237083,0.019978734478354455,0.029643209278583528,0.07342083156108856,0.0,0.07157795876264572,0.0,0.2820329964160919
4895,0.006307983491569758,0.01955462358891964,0.029664039984345435,0.07274109721183777,0.0,0.0715809091925621,0.0,0.28203755617141724
4896,0.006383254565298558,0.02000916749238968,0.027872747182846068,0.0704149678349495,0.0,0.07158543169498444,0.0,0.2820425033569336
4897,0.006154955644160509,0.01855795904994011,0.030063946172595023,0.0713865414261818,0.0,0.07158617675304413,0.0,0.2820441722869873
4898,0.006268254574388265,0.01949755698442459,0.028522105887532234,0.07033453583717346,0.0,0.07158543169498444,0.0,0.28204360604286194
4899,0.006583214364945888,0.02033378593623638,0.030098774656653404,0.07094375342130661,0.0,0.07158185541629791,0.0,0.28204211592674255
4900,0.0061875062994658945,0.020211853832006455,0.030324438586831093,0.0712990939617157,0.0,0.07157820463180542,0.0,0.28204089403152466
4901,0.006109656020998955,0.019649048894643785,0.02879634015262127,0.06878253072500229,0.0,0.071575827896595,0.0,0.2820398807525635
4902,0.006280263792723418,0.01922713853418827,0.030384082719683646,0.06980787143111229,0.0,0.07157231867313385,0.0,0.28203684091567993
4903,0.006430351827293635,0.019165652617812157,0.027648374438285828,0.06827424466609955,0.0,0.0715692788362503,0.0,0.28203457593917847
4904,0.006875569466501474,0.019804957136511803,0.028661583364009858,0.06801745742559433,0.0,0.07156650722026825,0.0,0.28203457593917847
4905,0.00631800564005971,0.01979348249733448,0.029734500870108604,0.06995266526937485,0.0,0.07156354188919067,0.0,0.28203439712524414
4906,0.0064953422173857685,0.019802399352192877,0.031554746255278585,0.06573529317975044,0.0,0.07156483829021454,0.0,0.28203561902046204
4907,0.00669191861525178,0.019863634556531905,0.03071746416389942,0.07216117233037948,0.0,0.07156847417354584,0.0,0.28203725814819336
4908,0.006741184927523136,0.01965748853981495,0.028701107203960418,0.06602632850408555,0.0,0.07157428562641144,0.0,0.28203973174095154
4909,0.0069462480954825875,0.01936771422624588,0.030305751785635947,0.06753447353839874,0.0,0.07157935947179794,0.0,0.28204354643821716
4910,0.00644519915804267,0.020094975456595422,0.027871671691536905,0.071309794485569,0.0,0.07158277928829193,0.0,0.28204628825187683
4911,0.006279832031577825,0.01989479809999466,0.028002504259347916,0.06918563023209572,0.0,0.07158862799406052,0.0,0.28204983472824097
4912,0.006185625772923231,0.019707054272294043,0.029708964005112647,0.07274553030729294,0.0,0.07159499078989029,0.0,0.2820541262626648
4913,0.0064521215856075285,0.01990978941321373,0.03100484684109688,0.06804194077849388,0.0,0.07159899920225143,0.0,0.2820572853088379
4914,0.006292275805026293,0.0197332464158535,0.029743123427033426,0.06917236745357513,0.0,0.07160500437021255,0.0,0.2820590138435364
4915,0.006503783445805311,0.020101066306233407,0.02912473604083061,0.06933784484863281,0.0,0.07160715758800507,0.0,0.2820584774017334
4916,0.006873663421720267,0.019486813992261886,0.030155208706855775,0.07193307280540466,0.0,0.07160945981740952,0.0,0.2820572853088379
4917,0.006444812566041946,0.018623977527022363,0.02964111343026161,0.06863025799393654,0.0,0.07161117345094681,0.0,0.28205639123916626
4918,0.0063292189501225945,0.020095448568463327,0.02899470515549183,0.07132196426391602,0.0,0.0716138705611229,0.0,0.28205573558807373
4919,0.006388965342193842,0.01912005729973316,0.030009990185499193,0.06615067273378372,0.0,0.07161370664834976,0.0,0.28205400705337524
4920,0.006613840814679861,0.01970793306827545,0.03179335109889507,0.0667834922671318,0.0,0.07160897552967072,0.0,0.28205281496047974
4921,0.005962878465652466,0.02019897662103176,0.02991853468120098,0.06734493374824524,0.0,0.07160364836454391,0.0,0.28205376863479614
4922,0.007020316738635302,0.020104412734508515,0.0293807253241539,0.0764361098408699,0.0,0.07160179316997528,0.0,0.2820565700531006
4923,0.0065612105652689936,0.020916485413908958,0.02855262942612171,0.071026311814785,0.0,0.07160232216119766,0.0,0.28205955028533936
4924,0.006392565183341503,0.01969061605632305,0.030416317656636237,0.06720777302980423,0.0,0.07160496711730957,0.0,0.28206080198287964
4925,0.006633359473198652,0.019868262484669684,0.029480928927659987,0.06650396287441254,0.0,0.07161176949739456,0.0,0.28206270933151245
4926,0.006792404782027006,0.019696005433797837,0.030457985773682594,0.07017422914505005,0.0,0.07162217795848846,0.0,0.2820647656917572
4927,0.006267852243036031,0.019972898438572882,0.029924726858735085,0.07158526629209519,0.0,0.0716312974691391,0.0,0.2820661664009094
4928,0.006734403874725103,0.01962626203894615,0.02852335460484028,0.07114720195531846,0.0,0.07163824141025543,0.0,0.2820655405521393
4929,0.006573451682925224,0.019683625921607016,0.03094845302402973,0.06937389373779297,0.0,0.07164064049720764,0.0,0.2820640206336975
4930,0.006556327920407057,0.019258777052164076,0.02725092098116875,0.06737273037433625,0.0,0.071640744805336,0.0,0.2820626497268677
4931,0.006809696182608604,0.01994560770690441,0.029496191442012785,0.06844953149557113,0.0,0.07164275646209717,0.0,0.2820606827735901
4932,0.006260646134614944,0.019856547936797142,0.026957038789987564,0.07134291529655457,0.0,0.07164132595062256,0.0,0.2820594906806946
4933,0.0067054638639092445,0.019345007091760635,0.030091451480984688,0.06929947286844254,0.0,0.07163988053798676,0.0,0.28205958008766174
4934,0.00686488701030612,0.020301954075694083,0.02873716838657856,0.06911984831094742,0.0,0.07163912057876587,0.0,0.2820587754249573
4935,0.006555425375699997,0.01992781348526478,0.029340901970863344,0.06671200394630432,0.0,0.0716388002038002,0.0,0.28205811977386475
4936,0.00621724957600236,0.019330701604485512,0.028530577197670937,0.06607602536678314,0.0,0.0716419517993927,0.0,0.2820567488670349
4937,0.006540966778993606,0.019564686715602873,0.031309927254915236,0.07319144234061241,0.0,0.07164500653743744,0.0,0.2820529341697693
4938,0.00625049015507102,0.019956213235855103,0.031562679633498195,0.06994879394769668,0.0,0.07164637744426727,0.0,0.28205084800720215
4939,0.006386713776737452,0.01954844333231449,0.03179894462227821,0.06940048038959504,0.0,0.07165215909481049,0.0,0.2820509076118469
4940,0.006314489338546991,0.018447798490524293,0.02924696058034897,0.07093702256679535,0.0,0.07165379822254181,0.0,0.28205233812332153
4941,0.0063102636486291885,0.019507237151265143,0.028676679730415343,0.06829949766397476,0.0,0.07164960354566574,0.0,0.2820526957511902
4942,0.00616416335105896,0.019560407474637033,0.030423381179571152,0.06836379095911979,0.0,0.071644626557827,0.0,0.2820533812046051
4943,0.00660330168902874,0.019390577077865602,0.03003585934638977,0.0688769832253456,0.0,0.07164032757282257,0.0,0.2820548415184021
4944,0.006467242538928985,0.018966193497180938,0.029688384011387826,0.07298325002193451,0.0,0.07163441181182861,0.0,0.2820529341697693
4945,0.006670576799660921,0.020087433978915215,0.029151176661252977,0.06793647035956382,0.0,0.07163092494010925,0.0,0.2820521295070648
4946,0.006715868134051561,0.02003621868789196,0.027668734639883043,0.06755485236644745,0.0,0.07162356376647949,0.0,0.28205353021621704
4947,0.006461421214044094,0.01922406330704689,0.03023202084004879,0.06548150926828385,0.0,0.07162158936262131,0.0,0.28205499053001404
4948,0.0064646233804523945,0.02038949206471443,0.03061958886682987,0.06871974468231201,0.0,0.07162152230739594,0.0,0.2820572257041931
4949,0.0065545036457479,0.019097042456269264,0.031566382572054866,0.07069215178489685,0.0,0.07162141799926758,0.0,0.2820581793785095
4950,0.006625224649906158,0.020126622170209885,0.029443147033452986,0.07104165107011795,0.0,0.07161875814199448,0.0,0.2820572853088379
4951,0.006500300113111734,0.01874636933207512,0.030265213921666145,0.06787637770175933,0.0,0.07161824405193329,0.0,0.28205356001853943
4952,0.006797519605606794,0.019221413880586624,0.03028002455830574,0.0639806978404522,0.0,0.0716196820139885,0.0,0.28205084800720215
4953,0.00662647532299161,0.01954563744366169,0.03151292949914932,0.07029044479131699,0.0,0.07161600142717361,0.0,0.28204503655433655
4954,0.006884866952896118,0.01986568607389927,0.030301642045378684,0.07074222639203072,0.0,0.07161439955234528,0.0,0.2820401191711426
4955,0.0063188356347382065,0.020013308525085448,0.0306277796626091,0.0686194121837616,0.0,0.07161577045917511,0.0,0.2820350229740143
4956,0.006508845463395118,0.01972341537475586,0.029401227831840515,0.06909410655498505,0.0,0.07161746174097061,0.0,0.2820301651954651
4957,0.006954130344092846,0.019467685744166373,0.029354356601834296,0.0707671657204628,0.0,0.07161946594715118,0.0,0.28202804923057556
4958,0.006606248021125793,0.01999957375228405,0.030102938786149024,0.07211766988039017,0.0,0.07162366807460785,0.0,0.2820267081260681
4959,0.006441700737923384,0.020268156379461288,0.031179089844226838,0.06759042888879777,0.0,0.07162919640541077,0.0,0.2820245325565338
4960,0.006589128077030182,0.018035168573260308,0.028841399773955344,0.06539052128791809,0.0,0.07163514941930771,0.0,0.2820202112197876
4961,0.006381157133728266,0.0191044919192791,0.029622803255915642,0.06492802500724792,0.0,0.07163511216640472,0.0,0.28201809525489807
4962,0.006246047466993332,0.018937358260154726,0.030357826501131058,0.0704528585076332,0.0,0.07163295894861221,0.0,0.28201475739479065
4963,0.006651239842176438,0.0202117707580328,0.029189155623316764,0.06881040036678314,0.0,0.0716315284371376,0.0,0.2820109724998474
4964,0.006551358010619878,0.020274341851472855,0.03223872408270836,0.06988178044557572,0.0,0.07162829488515854,0.0,0.28200942277908325
4965,0.0065822116099298,0.020139051228761674,0.030739207193255423,0.07026201263070106,0.0,0.07162989675998688,0.0,0.2820088267326355
4966,0.006473432295024395,0.019123556464910506,0.031245648115873336,0.07061312198638917,0.0,0.07162991911172867,0.0,0.2820075452327728
4967,0.006361329834908247,0.019871385395526887,0.03059362918138504,0.0746958613395691,0.0,0.07162714749574661,0.0,0.28200429677963257
4968,0.006658169347792864,0.01943824551999569,0.03137241117656231,0.07087285220623016,0.0,0.07162676751613617,0.0,0.2819996774196625
4969,0.006206202227622271,0.019140417873859405,0.029912447184324266,0.07023102641105652,0.0,0.07162375003099442,0.0,0.2819947302341461
4970,0.006972905620932579,0.01871909722685814,0.031378690525889395,0.06744504123926162,0.0,0.07162041962146759,0.0,0.2819897532463074
4971,0.006655090022832155,0.02028207741677761,0.029492903500795364,0.0680549219250679,0.0,0.0716150552034378,0.0,0.2819851040840149
4972,0.006621330324560404,0.019743196666240692,0.03057154193520546,0.06951522976160049,0.0,0.07160979509353638,0.0,0.2819817364215851
4973,0.006381529849022627,0.018695249408483505,0.030031019076704978,0.07261693999171256,0.0,0.07160733640193939,0.0,0.2819804847240448
4974,0.006367906462401152,0.01884509138762951,0.030230246484279633,0.06783171594142914,0.0,0.071607306599617,0.0,0.2819785177707672
4975,0.006692929472774267,0.01954769864678383,0.029309387505054473,0.06691330224275589,0.0,0.07160315662622452,0.0,0.2819794714450836
4976,0.006186612509191036,0.018540335446596147,0.03088900148868561,0.06901041343808174,0.0,0.07159128785133362,0.0,0.2819805145263672
4977,0.006705696415156126,0.018361270427703857,0.029545146971940994,0.07218540236353874,0.0,0.07158143818378448,0.0,0.28198233246803284
4978,0.0064144892618060115,0.020414505898952485,0.02959303855895996,0.07191346734762191,0.0,0.07156408578157425,0.0,0.2819839417934418
4979,0.006473428476601839,0.019616616144776344,0.02968500815331936,0.07105542868375778,0.0,0.07155288010835648,0.0,0.2819875180721283
4980,0.006255972385406494,0.01927900016307831,0.03177516609430313,0.06663927435874939,0.0,0.07154238224029541,0.0,0.2819908559322357
4981,0.0064282197505235675,0.020682976767420768,0.028253091126680376,0.06837525814771653,0.0,0.07153380662202835,0.0,0.28199267387390137
4982,0.006156475655734539,0.01908555030822754,0.029575679823756217,0.07269957512617112,0.0,0.07152775675058365,0.0,0.28199321031570435
4983,0.006206131540238857,0.019719599932432174,0.02962639890611172,0.07297506779432297,0.0,0.0715220719575882,0.0,0.281992644071579
4984,0.006608733255416155,0.01899791359901428,0.032610171288251874,0.06825005114078522,0.0,0.07151488959789276,0.0,0.2819908559322357
4985,0.006627193372696638,0.019961552694439888,0.03167455792427063,0.06969539672136307,0.0,0.07150652259588242,0.0,0.28198838233947754
4986,0.006650893297046423,0.019375427067279814,0.028609976544976233,0.06662998273968697,0.0,0.07149966806173325,0.0,0.28198733925819397
4987,0.006570057664066553,0.018607261031866072,0.029057957231998444,0.06603239178657531,0.0,0.07149399816989899,0.0,0.281984806060791
4988,0.006114959809929132,0.01823880895972252,0.030735038593411444,0.07154124677181244,0.0,0.07148803770542145,0.0,0.2819814085960388
4989,0.006387755181640387,0.019637147337198256,0.0295276265591383,0.06842154935002327,0.0,0.07147546112537384,0.0,0.2819778323173523
4990,0.006662948057055473,0.0196987621486187,0.030114489048719405,0.06712723374366761,0.0,0.07145987451076508,0.0,0.28197401762008667
4991,0.006753417756408453,0.01892751045525074,0.032127810269594194,0.07181182503700256,0.0,0.07144983857870102,0.0,0.2819693684577942
4992,0.006561905611306429,0.018890999257564545,0.029538223147392274,0.07022283002734184,0.0,0.07144030928611755,0.0,0.2819649577140808
4993,0.006425791326910258,0.019576150551438333,0.03075670637190342,0.06963546127080918,0.0,0.07142883539199829,0.0,0.2819634974002838
4994,0.006245869677513838,0.020218120142817497,0.029674315452575685,0.07413113117218018,0.0,0.07142164558172226,0.0,0.2819625735282898
4995,0.006349398475140333,0.01995183974504471,0.03029220663011074,0.07205790579319,0.0,0.0714186280965805,0.0,0.28196340799331665
4996,0.00659493962302804,0.020633043348789216,0.02996099703013897,0.07152615785598755,0.0,0.0714176595211029,0.0,0.28196293115615845
4997,0.006515331007540226,0.019612262770533562,0.029306986927986146,0.06914570108056069,0.0,0.07141689956188202,0.0,0.28196287155151367
4998,0.006619643047451973,0.01998666040599346,0.030254748091101645,0.06988196521997452,0.0,0.0714184120297432,0.0,0.2819611728191376
4999,0.006604162883013487,0.01956709399819374,0.029938318580389024,0.06713255345821381,0.0,0.07142139971256256,0.0,0.28196269273757935
5000,0.006689599249511957,0.018466997891664505,0.03206670694053173,0.07210376709699631,0.0,0.07143260538578033,0.0,0.2819640040397644
5001,0.006675342004746199,0.02011370547115803,0.030639362707734107,0.06750216335058212,0.0,0.07143934071063995,0.0,0.28196415305137634
5002,0.006251084990799427,0.019443058967590333,0.028077198565006255,0.06909855604171752,0.0,0.07144282758235931,0.0,0.2819631099700928
5003,0.006932802777737379,0.01943114846944809,0.028131801262497903,0.07161885052919388,0.0,0.07143978774547577,0.0,0.2819606065750122
5004,0.006310270633548498,0.019801175594329833,0.02984352707862854,0.0677744910120964,0.0,0.0714433342218399,0.0,0.2819581925868988
5005,0.0065964823588728905,0.02004125006496906,0.028429151326417924,0.07059893310070038,0.0,0.07144338637590408,0.0,0.2819553017616272
5006,0.006167907267808914,0.020081440359354018,0.02904837056994438,0.07230403572320938,0.0,0.07143960893154144,0.0,0.2819526791572571
5007,0.006519667245447636,0.01970822289586067,0.028565926104784013,0.07020985633134842,0.0,0.07143352180719376,0.0,0.2819516062736511
5008,0.0067842772230505945,0.020214669033885004,0.029877789318561554,0.06675010770559311,0.0,0.07142697274684906,0.0,0.281949907541275
5009,0.006271756999194622,0.01954493522644043,0.030126425623893737,0.06916243433952332,0.0,0.07142259925603867,0.0,0.2819497585296631
5010,0.006404593400657177,0.020034263283014296,0.02833056151866913,0.07380232959985733,0.0,0.07142065465450287,0.0,0.2819513976573944
5011,0.006211298983544111,0.019658799469470977,0.028803510963916777,0.06856322139501572,0.0,0.07142259180545807,0.0,0.2819523811340332
5012,0.006383632495999336,0.019527897238731384,0.030341145396232606,0.06793476790189742,0.0,0.07142715901136398,0.0,0.2819540500640869
5013,0.006452173087745905,0.01914367564022541,0.028804832696914674,0.06752690821886062,0.0,0.07143578678369522,0.0,0.2819567620754242
5014,0.006556252297013998,0.02012467533349991,0.03027799166738987,0.0684631310403347,0.0,0.07144341617822647,0.0,0.2819596230983734
5015,0.006613946333527565,0.01966085322201252,0.031129606068134308,0.06566957980394364,0.0,0.07145260274410248,0.0,0.28196388483047485
5016,0.0065929674543440345,0.020108367875218393,0.029687530547380447,0.07472339570522309,0.0,0.0714702382683754,0.0,0.2819667458534241
5017,0.0064194008708000185,0.01989554837346077,0.029627181589603424,0.0703185886144638,0.0,0.07148876041173935,0.0,0.2819700837135315
5018,0.0064186382107436655,0.020808706432580946,0.030328676104545593,0.0708638034760952,0.0,0.07150586694478989,0.0,0.28197282552719116
5019,0.006040144711732864,0.018748266249895097,0.02911348007619381,0.06625888422131539,0.0,0.07152487337589264,0.0,0.28197160363197327
5020,0.006961782556027174,0.018867968395352364,0.02924124225974083,0.06889618188142776,0.0,0.07153771817684174,0.0,0.28196996450424194
5021,0.0067861639894545075,0.019165517762303352,0.02866770587861538,0.0667261004447937,0.0,0.07155092805624008,0.0,0.2819671332836151
5022,0.006472810264676809,0.01961994357407093,0.03049607537686825,0.06694173887372017,0.0,0.0715661570429802,0.0,0.28196287155151367
5023,0.006788645591586828,0.019035718590021133,0.031838052719831464,0.07108683660626411,0.0,0.07158220559358597,0.0,0.2819591164588928
5024,0.006486033741384745,0.019077648967504503,0.03076826184988022,0.07247259467840195,0.0,0.07159678637981415,0.0,0.28195375204086304
5025,0.0068073832429945465,0.020432086288928987,0.030224822089076044,0.07203731387853622,0.0,0.0716070905327797,0.0,0.28195029497146606
5026,0.006844289787113667,0.018938438221812248,0.029730544611811637,0.06910767406225204,0.0,0.07161509990692139,0.0,0.2819471061229706
5027,0.00635521337389946,0.020132988318800928,0.02903401479125023,0.06908041834831238,0.0,0.07162098586559296,0.0,0.2819472849369049
5028,0.006735248304903507,0.01841103918850422,0.03015955239534378,0.07066921889781952,0.0,0.07162857055664062,0.0,0.28194659948349
5029,0.006480808835476637,0.019278061017394064,0.030749553442001344,0.0685916319489479,0.0,0.07163787633180618,0.0,0.2819482386112213
5030,0.006301811710000038,0.01976585015654564,0.028420474007725717,0.06563136801123619,0.0,0.07164249569177628,0.0,0.28195253014564514
5031,0.0067150270566344265,0.01956530921161175,0.03164511322975159,0.0669208973646164,0.0,0.07164739072322845,0.0,0.28195905685424805
5032,0.006377385929226875,0.019408899545669555,0.030797822028398515,0.06710171699523926,0.0,0.0716499611735344,0.0,0.28196531534194946
5033,0.006524507887661457,0.019959739968180658,0.029706113412976264,0.06990029215812683,0.0,0.07165225595235825,0.0,0.2819712460041046
5034,0.0064914911985397335,0.01926860548555851,0.029650171846151353,0.07219761610031128,0.0,0.07165537029504776,0.0,0.2819768190383911
5035,0.006564285978674889,0.020427187159657478,0.030054158344864846,0.0664447546005249,0.0,0.07165239751338959,0.0,0.2819802761077881
5036,0.006737317983061075,0.019480041414499282,0.030467219278216363,0.06884901374578475,0.0,0.071648970246315,0.0,0.28198111057281494
5037,0.007026336994022131,0.01993516869843006,0.02933320663869381,0.07093708366155624,0.0,0.07164496928453445,0.0,0.28198161721229553
5038,0.006600468326359988,0.019675114005804063,0.029864777252078055,0.06976434737443923,0.0,0.07164488732814789,0.0,0.28198006749153137
5039,0.006904387101531029,0.019442763924598695,0.031693846359848975,0.06794017255306244,0.0,0.07165050506591797,0.0,0.2819792330265045
5040,0.006742777209728957,0.019847667962312698,0.030098960548639298,0.07198371887207031,0.0,0.07165504992008209,0.0,0.28197789192199707
5041,0.006579020153731107,0.019955951347947122,0.029632271453738212,0.06949118003249169,0.0,0.0716615691781044,0.0,0.281978040933609
5042,0.006528245378285646,0.019987907633185385,0.031975569948554036,0.0708975300192833,0.0,0.07167211174964905,0.0,0.28197750449180603
5043,0.006577572692185641,0.020310035720467568,0.02971322014927864,0.0682028740644455,0.0,0.07168315351009369,0.0,0.28197699785232544
5044,0.006561749894171953,0.01983762942254543,0.02920810580253601,0.06742191910743714,0.0,0.07169391214847565,0.0,0.2819771468639374
5045,0.006625229120254516,0.01892317533493042,0.03083587661385536,0.06735860407352448,0.0,0.07170040905475616,0.0,0.28197893500328064
5046,0.006187350116670131,0.020186277106404305,0.031184442341327667,0.0683299332857132,0.0,0.07170814275741577,0.0,0.2819823622703552
5047,0.006505610048770904,0.020736413076519966,0.027812573686242105,0.06830858737230301,0.0,0.07171440124511719,0.0,0.2819841206073761
5048,0.0064945176243782045,0.019670770317316056,0.03121626190841198,0.06844562143087388,0.0,0.07171829044818878,0.0,0.2819863259792328
5049,0.006284415069967508,0.01865120232105255,0.03152469135820866,0.06633748412132263,0.0,0.07172244042158127,0.0,0.2819896638393402
5050,0.006488302443176508,0.019322136417031288,0.03111174367368221,0.06942696422338486,0.0,0.07171845436096191,0.0,0.2819914221763611
5051,0.0066290986724197865,0.01971038766205311,0.027837052568793298,0.06781099140644073,0.0,0.0717175081372261,0.0,0.28199082612991333
5052,0.006544576492160559,0.019219381734728813,0.030110253393650054,0.07111834585666657,0.0,0.07171935588121414,0.0,0.2819903790950775
5053,0.006527877785265446,0.018392890319228174,0.027857743948698045,0.07204953581094742,0.0,0.0717146173119545,0.0,0.28198856115341187
5054,0.006399259530007839,0.0194238867610693,0.028855881094932555,0.07231128960847855,0.0,0.07170617580413818,0.0,0.28198614716529846
5055,0.00641699368134141,0.019750284031033516,0.03062165081501007,0.07280194312334061,0.0,0.07169521600008011,0.0,0.2819848656654358
5056,0.006500444002449512,0.020087703689932825,0.030502847954630853,0.07056253999471665,0.0,0.07168199121952057,0.0,0.2819828391075134
5057,0.006325300224125386,0.019753526896238327,0.029519130289554597,0.07018191367387772,0.0,0.07166552543640137,0.0,0.2819828391075134
5058,0.0067487009800970554,0.01926822178065777,0.030008305236697196,0.0717393696308136,0.0,0.07164936512708664,0.0,0.2819805443286896
5059,0.006571885291486978,0.019576975703239442,0.029649284109473227,0.06983079463243484,0.0,0.07163561880588531,0.0,0.28197699785232544
5060,0.00652031684294343,0.01885042227804661,0.032292510569095614,0.06694733500480651,0.0,0.07162577658891678,0.0,0.2819754481315613
5061,0.00651279566809535,0.019486678019165992,0.030840440839529037,0.06744914799928665,0.0,0.07161314785480499,0.0,0.28197532892227173
5062,0.006673197634518147,0.020187273249030115,0.029931368306279182,0.07088658511638642,0.0,0.0716005340218544,0.0,0.28197619318962097
5063,0.006392589490860701,0.019299155473709105,0.029550686851143836,0.07241108566522599,0.0,0.07158425450325012,0.0,0.2819768190383911
5064,0.006479169055819511,0.019082949310541154,0.031355684995651244,0.06631669178605079,0.0,0.07156877964735031,0.0,0.2819773554801941
5065,0.006084542628377676,0.02020195908844471,0.02898384667932987,0.06846996396780014,0.0,0.07155366241931915,0.0,0.28197523951530457
5066,0.006887944135814905,0.01983194798231125,0.03088637739419937,0.06421337276697159,0.0,0.07153797149658203,0.0,0.2819729745388031
5067,0.0067636950872838495,0.020156075060367585,0.030945001542568205,0.06858129650354386,0.0,0.07151921838521957,0.0,0.2819693684577942
5068,0.0066671926528215405,0.019886742904782297,0.030590667575597762,0.07145160436630249,0.0,0.07150344550609589,0.0,0.2819661498069763
5069,0.006943049747496844,0.02013922818005085,0.03003821149468422,0.07057633250951767,0.0,0.07148458063602448,0.0,0.2819632291793823
5070,0.006415249686688185,0.02049996666610241,0.030585161224007607,0.07042544782161712,0.0,0.07147389650344849,0.0,0.2819594144821167
5071,0.006469991244375706,0.018667106702923774,0.029167218133807182,0.07131464183330535,0.0,0.07146026194095612,0.0,0.2819557785987854
5072,0.006259763613343239,0.01942789778113365,0.030851561203598978,0.0690203383564949,0.0,0.07144630700349808,0.0,0.28195345401763916
5073,0.00652391416952014,0.02043723538517952,0.031379733234643936,0.07070543169975281,0.0,0.07143579423427582,0.0,0.28195279836654663
5074,0.006798529159277677,0.019937092810869216,0.03051985092461109,0.07087088078260421,0.0,0.07143186777830124,0.0,0.2819514572620392
5075,0.006641971040517091,0.01965348720550537,0.030842191725969314,0.06745242774486541,0.0,0.07142529636621475,0.0,0.28195101022720337
5076,0.006485909875482321,0.01919032000005245,0.028830047696828842,0.07382581830024719,0.0,0.07141728699207306,0.0,0.2819499671459198
5077,0.006841118633747101,0.018732899427413942,0.030886531993746757,0.06824136823415757,0.0,0.07141171395778656,0.0,0.28194892406463623
5078,0.006297771446406841,0.019621719792485236,0.028931964188814163,0.07190317511558533,0.0,0.07140691578388214,0.0,0.2819483280181885
5079,0.00654218029230833,0.018920625746250152,0.02938954867422581,0.06746550500392914,0.0,0.07140197604894638,0.0,0.28194642066955566
5080,0.006342846341431141,0.019825774431228637,0.030291101336479186,0.07267814576625824,0.0,0.07139843702316284,0.0,0.2819445729255676
5081,0.006561957206577063,0.019545567408204078,0.029305399954319,0.0724787287414074,0.0,0.07139342278242111,0.0,0.2819425165653229
5082,0.006426678504794836,0.020015422999858857,0.029018453508615493,0.07087980508804322,0.0,0.07139048725366592,0.0,0.2819388508796692
5083,0.006406139023602009,0.019765865802764893,0.031311776489019394,0.0727384403347969,0.0,0.07139230519533157,0.0,0.2819369435310364
5084,0.0068524392321705815,0.019498658925294877,0.02944568395614624,0.07012985199689865,0.0,0.07139512896537781,0.0,0.2819365859031677
5085,0.006755756214261055,0.018277618288993835,0.03119644820690155,0.06786650270223618,0.0,0.07140249758958817,0.0,0.28193551301956177
5086,0.00645082863047719,0.019530922174453735,0.03060458116233349,0.0695777803659439,0.0,0.07140792906284332,0.0,0.2819342017173767
5087,0.0068164183758199215,0.019149663299322127,0.027713104709982873,0.06707097887992859,0.0,0.07141225039958954,0.0,0.28193336725234985
5088,0.007086553610861301,0.01940059885382652,0.029986459016799926,0.07368305027484894,0.0,0.07141666859388351,0.0,0.2819327712059021
5089,0.006699267588555813,0.02023797668516636,0.03011316806077957,0.07206864804029464,0.0,0.07142506539821625,0.0,0.2819363474845886
5090,0.0065659678541123865,0.01968965642154217,0.028946216404438018,0.06985600143671036,0.0,0.0714358538389206,0.0,0.28193891048431396
5091,0.006610874459147454,0.01945032998919487,0.029763896018266678,0.06746570765972137,0.0,0.07144980877637863,0.0,0.2819395661354065
5092,0.006781969778239727,0.01957457922399044,0.028743577376008033,0.06810720711946487,0.0,0.0714646428823471,0.0,0.2819392681121826
5093,0.0069951523095369336,0.019998737052083014,0.02972056306898594,0.07277408689260483,0.0,0.07148514688014984,0.0,0.2819383144378662
5094,0.006110958009958267,0.019034801796078683,0.032123889029026034,0.06882806718349457,0.0,0.07150346040725708,0.0,0.2819358706474304
5095,0.0064159689471125604,0.01984715387225151,0.031101974844932555,0.0679168239235878,0.0,0.07152289152145386,0.0,0.28193360567092896
5096,0.006416307110339403,0.020148003473877907,0.02817492075264454,0.06890374422073364,0.0,0.07153715193271637,0.0,0.2819281220436096
5097,0.006473979167640209,0.01908588632941246,0.030202629044651985,0.06671804115176201,0.0,0.07155247777700424,0.0,0.28191903233528137
5098,0.0064863963983952996,0.01878533512353897,0.031829679384827614,0.07107744067907333,0.0,0.07156504690647125,0.0,0.28190934658050537
5099,0.006170531827956438,0.0191997691988945,0.031068751588463783,0.06691268011927605,0.0,0.0715765655040741,0.0,0.28189942240715027
5100,0.006607078108936548,0.019572236761450767,0.029791326075792313,0.07019905894994735,0.0,0.07158242166042328,0.0,0.2818906009197235
5101,0.006664589419960976,0.019009599834680556,0.02925652265548706,0.07219394594430924,0.0,0.07158667594194412,0.0,0.28188174962997437
5102,0.006592744123190641,0.020498132705688475,0.028649549931287766,0.06406060308218002,0.0,0.07158812135457993,0.0,0.2818754315376282
5103,0.0066025486215949055,0.019482462480664254,0.0282628171145916,0.06888656169176102,0.0,0.07158645987510681,0.0,0.28187137842178345
5104,0.006797557603567839,0.01992662623524666,0.03036188744008541,0.06809895634651184,0.0,0.07158803939819336,0.0,0.2818719744682312
5105,0.006421351525932551,0.019894938543438913,0.031106383353471757,0.06493005603551864,0.0,0.07158787548542023,0.0,0.2818743586540222
5106,0.0066602971404790875,0.01974375657737255,0.030955909937620162,0.06774562001228332,0.0,0.0715951919555664,0.0,0.28187844157218933
5107,0.006398077495396138,0.020096256211400033,0.029348158836364747,0.06930067390203476,0.0,0.07160057127475739,0.0,0.28188207745552063
5108,0.006368218548595905,0.01891278214752674,0.028876100108027457,0.06734525412321091,0.0,0.07160945236682892,0.0,0.28188517689704895
5109,0.006594607420265674,0.01923368088901043,0.028468405827879906,0.07019297927618026,0.0,0.07161630690097809,0.0,0.2818882465362549
5110,0.006360835582017899,0.01874343603849411,0.03013206608593464,0.0662597268819809,0.0,0.07162245362997055,0.0,0.2818893790245056
5111,0.0064123813062906265,0.019386549293994904,0.030730990692973137,0.07034261822700501,0.0,0.07162678241729736,0.0,0.28189051151275635
5112,0.0065953870303928856,0.02048736847937107,0.03149363920092583,0.06680692434310913,0.0,0.07163263112306595,0.0,0.2818891406059265
5113,0.006798466574400664,0.019662252441048623,0.030946017056703568,0.0697245478630066,0.0,0.0716371089220047,0.0,0.2818858325481415
5114,0.006350749544799328,0.02052921839058399,0.030658457428216934,0.06857703030109405,0.0,0.07164155691862106,0.0,0.2818799614906311
5115,0.006360511016100645,0.02013107165694237,0.0313954871147871,0.07021839767694474,0.0,0.0716564729809761,0.0,0.28187134861946106
5116,0.00679643452167511,0.019820866733789445,0.03109407387673855,0.07130737602710724,0.0,0.07167238742113113,0.0,0.281862735748291
5117,0.006592501793056727,0.01932783015072346,0.028547001630067827,0.07210204303264618,0.0,0.07168368995189667,0.0,0.28185591101646423
5118,0.006463829427957535,0.019451580196619033,0.02924485132098198,0.06724476963281631,0.0,0.07169252634048462,0.0,0.2818540632724762
5119,0.006441130489110947,0.019928354024887084,0.031134503334760665,0.06777561306953431,0.0,0.071701779961586,0.0,0.28185218572616577
5120,0.006256014667451381,0.01958230584859848,0.03155999854207039,0.07328270822763443,0.0,0.07170654833316803,0.0,0.28185275197029114
5121,0.00609732186421752,0.019889725372195244,0.03014967106282711,0.0730918973684311,0.0,0.07170449197292328,0.0,0.28185492753982544
5122,0.00589163014665246,0.019547675177454947,0.029112807661294936,0.07537258565425872,0.0,0.07169798016548157,0.0,0.2818584442138672
5123,0.00670533562079072,0.02048070579767227,0.028441431745886803,0.07013783305883407,0.0,0.07169216871261597,0.0,0.2818630337715149
5124,0.006739037018269301,0.019881490245461465,0.02938857264816761,0.06903994530439377,0.0,0.07168494164943695,0.0,0.28186941146850586
5125,0.006653348263353109,0.01896843798458576,0.03093983791768551,0.06860233917832374,0.0,0.07168249785900116,0.0,0.2818738520145416
5126,0.006661927606910467,0.019958244636654854,0.03169037252664566,0.06907454729080201,0.0,0.07167531549930573,0.0,0.2818804085254669
5127,0.0066210245713591576,0.02033700831234455,0.02900732457637787,0.06683701872825623,0.0,0.07166801393032074,0.0,0.28188517689704895
5128,0.0066826299764215944,0.019310887157917022,0.029129118844866752,0.06838983148336411,0.0,0.07165759056806564,0.0,0.28188881278038025
5129,0.006792729999870062,0.020033440738916396,0.03102482594549656,0.0713893860578537,0.0,0.07164546102285385,0.0,0.2818930149078369
5130,0.006246651336550712,0.019012630358338355,0.02989433743059635,0.0710841402411461,0.0,0.07163114845752716,0.0,0.281898558139801
5131,0.006405402813106776,0.018780894204974176,0.026498520746827126,0.07143468111753463,0.0,0.0716172307729721,0.0,0.28190356492996216
5132,0.006268048472702503,0.019102290272712708,0.02843669317662716,0.07159489691257477,0.0,0.07160618901252747,0.0,0.2819092869758606
5133,0.0062933312729001045,0.02028571330010891,0.03000200614333153,0.07095364034175873,0.0,0.07159050554037094,0.0,0.2819146513938904
5134,0.006229659076780081,0.019448413327336312,0.029544541612267494,0.06754978448152542,0.0,0.07157602906227112,0.0,0.28192099928855896
5135,0.00657866271212697,0.01946510374546051,0.0276299387216568,0.0681089535355568,0.0,0.07156145572662354,0.0,0.2819303572177887
5136,0.006857559643685817,0.020718400925397874,0.03170821145176887,0.06965036988258362,0.0,0.07154523581266403,0.0,0.281941294670105
5137,0.0064770586788654326,0.019004267081618308,0.03145100884139538,0.06944764852523803,0.0,0.07153288275003433,0.0,0.2819521129131317
5138,0.0065367803908884525,0.019298580288887025,0.02913528010249138,0.06732234209775925,0.0,0.07152041047811508,0.0,0.28196242451667786
5139,0.0063311044126749035,0.01955779828131199,0.031107431650161742,0.07247352302074432,0.0,0.07150814682245255,0.0,0.28196975588798523
5140,0.006655604764819145,0.01925180181860924,0.028726162761449812,0.07488532066345215,0.0,0.07149987667798996,0.0,0.28197771310806274
5141,0.006405874527990818,0.020499568432569504,0.029211531206965447,0.06626718044281006,0.0,0.07149599492549896,0.0,0.2819860577583313
5142,0.006594728399068117,0.017786740511655807,0.030257175117731093,0.06950341761112214,0.0,0.07149108499288559,0.0,0.2819942831993103
5143,0.006518061365932226,0.019642343744635582,0.029643648490309715,0.07276971340179443,0.0,0.071486696600914,0.0,0.2819993793964386
5144,0.006611060444265604,0.019483919814229013,0.027840549126267433,0.06445696353912353,0.0,0.0714811459183693,0.0,0.2820053994655609
5145,0.0070298658683896065,0.019444137066602706,0.02975516691803932,0.06840524300932885,0.0,0.07147407531738281,0.0,0.2820110321044922
5146,0.006602452881634235,0.01947787031531334,0.030471648275852203,0.06822182610630989,0.0,0.07146476209163666,0.0,0.28201431035995483
5147,0.006902660336345434,0.019135390222072602,0.029830396920442582,0.06543918251991272,0.0,0.07145629078149796,0.0,0.2820158302783966
5148,0.006714892107993364,0.019548288360238076,0.030159681290388107,0.06826642900705338,0.0,0.07144750654697418,0.0,0.28201359510421753
5149,0.006278897263109684,0.01989724189043045,0.03087346814572811,0.06649403795599937,0.0,0.07144369184970856,0.0,0.2820126414299011
5150,0.0064417986199259755,0.01913684345781803,0.031040123477578164,0.07133082449436187,0.0,0.07144064456224442,0.0,0.28201189637184143
5151,0.006157067976891995,0.019505517929792403,0.029049325734376907,0.07379600554704666,0.0,0.07144387811422348,0.0,0.2820119261741638
5152,0.006483813840895891,0.01958520747721195,0.029199260845780374,0.0699819266796112,0.0,0.07144846022129059,0.0,0.2820127010345459
5153,0.006845581345260143,0.01928151287138462,0.03059091605246067,0.06871380135416985,0.0,0.07145871967077255,0.0,0.28201359510421753
5154,0.006775689218193293,0.018985408917069437,0.030024879053235053,0.06865693181753159,0.0,0.07147084921598434,0.0,0.2820146679878235
5155,0.006399203836917877,0.018321307376027107,0.029472068324685095,0.06420658379793168,0.0,0.07148919254541397,0.0,0.2820168435573578
5156,0.00642973966896534,0.020029734075069427,0.030029625073075293,0.06805521249771118,0.0,0.07151025533676147,0.0,0.2820168733596802
5157,0.006586506497114897,0.019733118265867232,0.030594561994075776,0.06744170114398003,0.0,0.07152671366930008,0.0,0.2820162773132324
5158,0.006307390984147787,0.019477494433522223,0.030979154258966447,0.06619595289230347,0.0,0.07153841108083725,0.0,0.2820161283016205
5159,0.006628851406276226,0.018964970856904982,0.02754936330020428,0.06682046726346016,0.0,0.07154951989650726,0.0,0.28201740980148315
5160,0.006339137814939022,0.01909172385931015,0.028812990710139274,0.06786091029644012,0.0,0.07155690342187881,0.0,0.28201824426651
5161,0.0061936043202877045,0.019739018008112907,0.029239051043987274,0.06634763106703759,0.0,0.0715663954615593,0.0,0.28201860189437866
5162,0.006215674336999655,0.020062487572431564,0.030459943041205407,0.06977398097515106,0.0,0.07157453894615173,0.0,0.2820175290107727
5163,0.006628259085118771,0.020184282213449478,0.03137890286743641,0.07247529625892639,0.0,0.0715806633234024,0.0,0.2820146679878235
5164,0.006290502939373254,0.020052872970700263,0.03196043185889721,0.0675008550286293,0.0,0.07158437371253967,0.0,0.28201037645339966
5165,0.0062158615328371525,0.01932237148284912,0.031941098347306254,0.06480239406228065,0.0,0.07158733159303665,0.0,0.2820054590702057
5166,0.0064900614321231846,0.019851965457201005,0.030111844092607497,0.06749112978577614,0.0,0.0715898722410202,0.0,0.2820029854774475
5167,0.0068784008733928205,0.019843599945306777,0.029934076964855193,0.07237626016139984,0.0,0.07159007340669632,0.0,0.2820003032684326
5168,0.006690948363393545,0.019780202955007552,0.030130024626851083,0.06623179912567138,0.0,0.0715881809592247,0.0,0.2819989323616028
5169,0.006559562031179666,0.018821173906326295,0.030761460214853285,0.06849609017372131,0.0,0.07158631831407547,0.0,0.2819972634315491
5170,0.006272012367844582,0.0195807084441185,0.02912951372563839,0.06344140693545341,0.0,0.07158543914556503,0.0,0.28199800848960876
5171,0.006349769048392772,0.019302106648683547,0.029651781544089317,0.0663453496992588,0.0,0.07158627361059189,0.0,0.28199994564056396
5172,0.00677790017798543,0.0191199392080307,0.03113512769341469,0.06977138072252273,0.0,0.07159178704023361,0.0,0.2820027470588684
5173,0.006801267433911562,0.02028132975101471,0.029827988520264626,0.06619188711047172,0.0,0.07159370183944702,0.0,0.2820054590702057
5174,0.006532585434615612,0.01856011599302292,0.02972441166639328,0.0718055546283722,0.0,0.07159782946109772,0.0,0.2820076644420624
5175,0.006372847687453031,0.019805941358208658,0.028594258427619933,0.06946812868118286,0.0,0.0715997964143753,0.0,0.28201013803482056
5176,0.006451944354921579,0.01907433271408081,0.028240026906132698,0.06776841729879379,0.0,0.07160037010908127,0.0,0.2820107042789459
5177,0.005996130034327507,0.019769512116909027,0.03003404550254345,0.07180629819631576,0.0,0.0715995579957962,0.0,0.28200966119766235
5178,0.006286263465881348,0.020222194120287897,0.02808321863412857,0.07135923057794571,0.0,0.07159557193517685,0.0,0.28200775384902954
5179,0.006851902138441801,0.019476361200213434,0.030602338165044783,0.07059394493699074,0.0,0.0715942233800888,0.0,0.2820039987564087
5180,0.00662901196628809,0.01909666880965233,0.028632280230522156,0.06896930336952209,0.0,0.07160066068172455,0.0,0.28200069069862366
5181,0.006145120598375797,0.01991683542728424,0.03063138611614704,0.06867683231830597,0.0,0.07160843908786774,0.0,0.28199899196624756
5182,0.006689457409083843,0.0183660801500082,0.029103440046310425,0.07110580503940582,0.0,0.07162052392959595,0.0,0.28199535608291626
5183,0.006384947989135981,0.020156391710042954,0.030656548589468,0.07090925425291061,0.0,0.07162908464670181,0.0,0.28199005126953125
5184,0.006686323042958975,0.01928241513669491,0.02767040766775608,0.06829842180013657,0.0,0.07163451611995697,0.0,0.2819836139678955
5185,0.006218639761209488,0.020143096148967744,0.02961030639708042,0.06660865843296052,0.0,0.07163870334625244,0.0,0.2819764018058777
5186,0.0064644932746887205,0.018372299894690514,0.030033665522933007,0.07631198763847351,0.0,0.0716378465294838,0.0,0.281970739364624
5187,0.006522918678820133,0.019818479567766188,0.033002161979675294,0.06485364958643913,0.0,0.07164211571216583,0.0,0.2819671034812927
5188,0.007161106821149588,0.01990925818681717,0.02975769266486168,0.06938175335526467,0.0,0.07164628803730011,0.0,0.28196367621421814
5189,0.006533481366932392,0.019103315100073813,0.031334657967090604,0.06948281079530716,0.0,0.07165103405714035,0.0,0.281963050365448
5190,0.006589019764214754,0.02048901803791523,0.02969771474599838,0.07077999711036682,0.0,0.07165978103876114,0.0,0.28196200728416443
5191,0.006561399158090353,0.01986151784658432,0.031248362734913826,0.06781092286109924,0.0,0.07166911661624908,0.0,0.2819615304470062
5192,0.006571671273559332,0.020135729014873503,0.030564629286527634,0.07019844502210618,0.0,0.07167781889438629,0.0,0.28196147084236145
5193,0.006463131587952376,0.019079197943210603,0.030819394439458848,0.0670936495065689,0.0,0.07168656587600708,0.0,0.28196534514427185
5194,0.006713451072573662,0.020014915987849234,0.029097650200128555,0.06954400688409805,0.0,0.07169584929943085,0.0,0.2819683253765106
5195,0.006647550873458386,0.01981627531349659,0.029886937513947488,0.07085566520690918,0.0,0.07170268893241882,0.0,0.28196969628334045
5196,0.006730792112648487,0.019143621623516082,0.03043498992919922,0.07081936225295067,0.0,0.07170873880386353,0.0,0.281972199678421
5197,0.006798598356544972,0.01942279376089573,0.03141890987753868,0.06868950575590134,0.0,0.07170833647251129,0.0,0.28197258710861206
5198,0.006417394895106554,0.02053947523236275,0.031063810363411902,0.06865772008895873,0.0,0.07170374691486359,0.0,0.28197333216667175
5199,0.006655471213161945,0.018880527466535568,0.029605407640337943,0.06903496980667115,0.0,0.0716986134648323,0.0,0.28197166323661804
5200,0.006612271536141634,0.019665974378585815,0.028137953579425813,0.06911177933216095,0.0,0.0716935247182846,0.0,0.2819700837135315
5201,0.006502954009920359,0.019148606061935424,0.02893851101398468,0.06797164529561997,0.0,0.07168920338153839,0.0,0.28196802735328674
5202,0.006615561153739691,0.01988655626773834,0.030800800770521164,0.06659040898084641,0.0,0.07168330252170563,0.0,0.2819674015045166
5203,0.006306328810751438,0.019927569851279258,0.030149500444531442,0.06850641071796418,0.0,0.07168090343475342,0.0,0.2819671928882599
5204,0.006707030348479748,0.019648111984133722,0.028793449327349663,0.06746302619576454,0.0,0.07167462259531021,0.0,0.28196853399276733
5205,0.0065751256421208385,0.01968325413763523,0.031288447231054305,0.07184640020132065,0.0,0.07166874408721924,0.0,0.28197216987609863
5206,0.006711231172084808,0.019776705652475357,0.031223731860518456,0.06882489174604416,0.0,0.07166273891925812,0.0,0.2819758355617523
5207,0.00640060706064105,0.019632548838853837,0.03020494095981121,0.06957172751426696,0.0,0.07166381180286407,0.0,0.28197944164276123
5208,0.0063149272464215755,0.020242059603333473,0.03057110570371151,0.07148049175739288,0.0,0.07166747003793716,0.0,0.28198474645614624
5209,0.007114745955914259,0.01931196078658104,0.029365558922290803,0.06816842630505562,0.0,0.07166888564825058,0.0,0.2819894850254059
5210,0.006242320034652948,0.020400722324848176,0.029532856494188308,0.07578810900449753,0.0,0.07166415452957153,0.0,0.28199464082717896
5211,0.00642505306750536,0.019634554162621498,0.03026582524180412,0.06706462204456329,0.0,0.07166007906198502,0.0,0.2819983959197998
5212,0.006405356340110302,0.01994144283235073,0.03150870054960251,0.06571128740906715,0.0,0.07165618985891342,0.0,0.2820013463497162
5213,0.006396674923598767,0.01955433636903763,0.03136768229305744,0.07020065635442733,0.0,0.07165351510047913,0.0,0.2820045053958893
5214,0.006839430890977383,0.01961621567606926,0.03029949255287647,0.0683288499712944,0.0,0.07164953649044037,0.0,0.28200751543045044
5215,0.006412940006703139,0.01855488047003746,0.02993694320321083,0.07113982886075973,0.0,0.07164724171161652,0.0,0.28201037645339966
5216,0.006783413980156183,0.020825111865997316,0.0316301554441452,0.06914846152067185,0.0,0.071645587682724,0.0,0.2820136249065399
5217,0.00698686046525836,0.018776263669133188,0.03014528788626194,0.06857880353927612,0.0,0.07165129482746124,0.0,0.2820158898830414
5218,0.006654969602823258,0.019203478842973708,0.02980200946331024,0.07064677625894547,0.0,0.07166309654712677,0.0,0.28201964497566223
5219,0.006782929971814155,0.019688217714428902,0.03078857362270355,0.07177942246198654,0.0,0.07167130708694458,0.0,0.282022088766098
5220,0.00621001860126853,0.019456752762198447,0.030459214001893997,0.06955178380012512,0.0,0.07167858630418777,0.0,0.2820240557193756
5221,0.00623073810711503,0.019934345781803132,0.02883840538561344,0.06616933643817902,0.0,0.07169254869222641,0.0,0.28202560544013977
5222,0.0065798450261354445,0.02012612745165825,0.030451494827866556,0.07195023819804192,0.0,0.07170321047306061,0.0,0.2820291519165039
5223,0.006340956501662731,0.019974374398589134,0.028757785633206367,0.06756417006254196,0.0,0.07170935720205307,0.0,0.282032310962677
5224,0.006839591264724732,0.019379865005612375,0.02875444255769253,0.07120229303836823,0.0,0.07171604782342911,0.0,0.2820344567298889
5225,0.0064025092869997025,0.02086445838212967,0.029830097034573556,0.06790827363729476,0.0,0.07172153145074844,0.0,0.2820381820201874
5226,0.005982204806059599,0.01945907101035118,0.02786838747560978,0.06628834158182144,0.0,0.07173040509223938,0.0,0.2820433974266052
5227,0.006237334199249744,0.020194055140018465,0.03086550459265709,0.06870873272418976,0.0,0.07174055278301239,0.0,0.2820501923561096
5228,0.00649572117254138,0.01944902539253235,0.02839127667248249,0.0724584236741066,0.0,0.07174529880285263,0.0,0.282056599855423
5229,0.006697241496294737,0.019280149042606352,0.02948624677956104,0.06952673941850662,0.0,0.07175113260746002,0.0,0.28206220269203186
5230,0.006774338986724615,0.020040104538202284,0.031213390082120894,0.07152151465415954,0.0,0.07175134122371674,0.0,0.2820679545402527
5231,0.00695816995576024,0.02015923075377941,0.03019034452736378,0.07267814427614212,0.0,0.07175648957490921,0.0,0.28207430243492126
5232,0.006359107606112957,0.019446780532598497,0.027674223482608794,0.07195004373788834,0.0,0.07176084071397781,0.0,0.28208112716674805
5233,0.006817764230072498,0.019327811896800995,0.029906002804636955,0.07131257206201554,0.0,0.07176366448402405,0.0,0.2820875346660614
5234,0.006422546040266752,0.019701135531067848,0.03171008117496967,0.070639468729496,0.0,0.07176252454519272,0.0,0.2820929288864136
5235,0.006647935323417187,0.01984788030385971,0.030513940379023552,0.07603449672460556,0.0,0.07176032662391663,0.0,0.2820966839790344
5236,0.006185067351907492,0.019216468185186387,0.02913967929780483,0.06902178823947906,0.0,0.07175697386264801,0.0,0.28210216760635376
5237,0.006500729825347662,0.018862595781683922,0.03324850723147392,0.07304080724716186,0.0,0.07175604999065399,0.0,0.28210681676864624
5238,0.006721816398203373,0.018867968395352364,0.02992868460714817,0.07072551026940346,0.0,0.07174982875585556,0.0,0.2821124792098999
5239,0.006446833815425634,0.01943220794200897,0.028845353052020073,0.0707980901002884,0.0,0.07174328714609146,0.0,0.2821182310581207
5240,0.0063437121920287606,0.02017298825085163,0.031127431988716127,0.07262396961450576,0.0,0.07173631340265274,0.0,0.2821248173713684
5241,0.006734220590442419,0.0193976029753685,0.029805565625429152,0.06855623573064804,0.0,0.07172717899084091,0.0,0.2821320593357086
5242,0.006531254854053259,0.020015493035316467,0.030350883305072785,0.07192831784486771,0.0,0.07172294706106186,0.0,0.2821387052536011
5243,0.006544686108827591,0.02060028500854969,0.02977713607251644,0.0714807815849781,0.0,0.07171540707349777,0.0,0.28214430809020996
5244,0.006298085954040289,0.01992284134030342,0.0311570230871439,0.07190339416265487,0.0,0.07170607894659042,0.0,0.2821510434150696
5245,0.0065860929898917675,0.020563602074980737,0.028587605431675912,0.07211918085813522,0.0,0.07169784605503082,0.0,0.28215736150741577
5246,0.006774821970611811,0.018772398680448533,0.030062462761998178,0.06727277934551239,0.0,0.07169219851493835,0.0,0.2821628451347351
5247,0.0064825165085494515,0.019776104390621184,0.031890033185482024,0.06722848266363143,0.0,0.07169023156166077,0.0,0.28216806054115295
5248,0.006642948091030121,0.01937548629939556,0.031023783981800078,0.06866530030965805,0.0,0.07168852537870407,0.0,0.28217050433158875
5249,0.0069292795844376085,0.019746996089816095,0.029861410707235338,0.06962928473949433,0.0,0.07168249040842056,0.0,0.2821718156337738
5250,0.006478751637041568,0.020095717534422873,0.02796429768204689,0.0727255254983902,0.0,0.07167857885360718,0.0,0.2821717858314514
5251,0.006894606258720159,0.01983378380537033,0.029391083121299743,0.07039778977632523,0.0,0.07167157530784607,0.0,0.28217002749443054
5252,0.00623330483213067,0.020178207755088808,0.03251683972775936,0.07459616661071777,0.0,0.07166597247123718,0.0,0.2821701467037201
5253,0.006904674787074327,0.020309172570705414,0.030081022158265115,0.06991737559437752,0.0,0.07165928184986115,0.0,0.28217044472694397
5254,0.007047074660658836,0.020033735036849975,0.03017566241323948,0.06700716763734818,0.0,0.07165254652500153,0.0,0.28216856718063354
5255,0.006535355094820261,0.01970387063920498,0.02857341170310974,0.07354579269886016,0.0,0.071653351187706,0.0,0.28216809034347534
5256,0.006436027120798826,0.019531839713454246,0.030265700817108155,0.06619914323091507,0.0,0.07165753841400146,0.0,0.2821694612503052
5257,0.006558392103761435,0.01986999958753586,0.029804099723696707,0.07004918158054352,0.0,0.07166098058223724,0.0,0.2821694016456604
5258,0.006681131664663553,0.019826728850603104,0.02948244884610176,0.06920402944087982,0.0,0.07166401296854019,0.0,0.2821677029132843
5259,0.0066054251976311205,0.02021239250898361,0.0281723003834486,0.06949742436408997,0.0,0.07166767120361328,0.0,0.28216782212257385
5260,0.0063865878619253635,0.01946326084434986,0.02867291271686554,0.06938582956790924,0.0,0.07167114317417145,0.0,0.2821669578552246
5261,0.005939103569835425,0.019755156338214876,0.03141803555190563,0.06655179858207702,0.0,0.0716705471277237,0.0,0.28216490149497986
5262,0.006769650708884,0.01904565766453743,0.030872711539268495,0.06833666115999222,0.0,0.0716678649187088,0.0,0.28216099739074707
5263,0.006514366343617439,0.020302524045109748,0.03038937970995903,0.06531994342803955,0.0,0.07166046649217606,0.0,0.2821579873561859
5264,0.006158299650996924,0.0196974016726017,0.028725221753120422,0.07457622587680816,0.0,0.0716552883386612,0.0,0.28215402364730835
5265,0.006631667725741863,0.019307752698659898,0.029529349505901338,0.06492509618401528,0.0,0.07164815813302994,0.0,0.28214964270591736
5266,0.006313311308622361,0.019880377873778343,0.029270072281360627,0.06974498853087426,0.0,0.07164571434259415,0.0,0.28214454650878906
5267,0.006559272296726704,0.019251150265336036,0.031136442720890046,0.07018895521759987,0.0,0.07164640724658966,0.0,0.2821410298347473
5268,0.006452291272580624,0.018797723948955535,0.02918046973645687,0.06654198989272117,0.0,0.07164497673511505,0.0,0.28213801980018616
5269,0.006499464437365532,0.01928432732820511,0.030477327480912208,0.07164929658174515,0.0,0.07164330780506134,0.0,0.2821359634399414
5270,0.006682110298424959,0.019638892635703085,0.029652141407132147,0.06789436489343643,0.0,0.07164023816585541,0.0,0.28213566541671753
5271,0.006761226430535316,0.020743316411972045,0.02871035933494568,0.0692981317639351,0.0,0.07163884490728378,0.0,0.2821352481842041
5272,0.006350964307785034,0.01953781582415104,0.0301521647721529,0.06950300484895706,0.0,0.07164167612791061,0.0,0.28213396668434143
5273,0.0062340257689356806,0.020312454923987387,0.02932804189622402,0.06970727890729904,0.0,0.07164608687162399,0.0,0.28213411569595337
5274,0.00666704261675477,0.019658733159303665,0.029247237369418144,0.0705239474773407,0.0,0.0716545581817627,0.0,0.2821345925331116
5275,0.006500218715518713,0.020275357365608215,0.030317917838692664,0.06620706766843795,0.0,0.07166267931461334,0.0,0.2821328043937683
5276,0.0064612595364451405,0.01938202939927578,0.031020254269242285,0.06783961802721024,0.0,0.071672223508358,0.0,0.28213033080101013
5277,0.006973381713032722,0.019451549276709557,0.02954958751797676,0.06982114464044571,0.0,0.0716833621263504,0.0,0.2821275591850281
5278,0.006459653750061989,0.02057075724005699,0.02908056676387787,0.06909399479627609,0.0,0.07169481366872787,0.0,0.28212466835975647
5279,0.0066648670472204685,0.018991314619779587,0.030548303574323653,0.07385834753513336,0.0,0.07170550525188446,0.0,0.28212159872055054
5280,0.007072359416633844,0.019448448717594147,0.03104773722589016,0.06929339170455932,0.0,0.07171399891376495,0.0,0.2821176052093506
5281,0.006417127046734095,0.01948196142911911,0.03102349564433098,0.07108892947435379,0.0,0.07172049582004547,0.0,0.28211408853530884
5282,0.006374336965382099,0.02060134969651699,0.030995453149080275,0.07123105376958846,0.0,0.07173027098178864,0.0,0.2821117043495178
5283,0.006701251678168774,0.019647700339555742,0.030120545625686647,0.06729108244180679,0.0,0.07173877954483032,0.0,0.28211113810539246
5284,0.006552587635815144,0.020316677540540694,0.030027287453413008,0.06984180361032485,0.0,0.0717499628663063,0.0,0.2821105718612671
5285,0.00700620524585247,0.020454156026244164,0.02829064130783081,0.06740180850028991,0.0,0.07176829129457474,0.0,0.2821100354194641
5286,0.006706791277974844,0.019239519909024238,0.032856494188308716,0.06818181276321411,0.0,0.07178981602191925,0.0,0.28210800886154175
5287,0.0065049598924815655,0.01917915977537632,0.03007766529917717,0.06849925816059113,0.0,0.07181892544031143,0.0,0.28210607171058655
5288,0.006330142635852099,0.019433340802788735,0.0313345342874527,0.07044944912195206,0.0,0.07184544950723648,0.0,0.28210151195526123
5289,0.006360076554119587,0.020646176114678384,0.02891966737806797,0.06658952087163925,0.0,0.07186821103096008,0.0,0.282096803188324
5290,0.006491930317133665,0.02047118954360485,0.028601132333278656,0.06794560849666595,0.0,0.07188747823238373,0.0,0.28209230303764343
5291,0.006172678526490926,0.019721803441643714,0.02966078668832779,0.06986350268125534,0.0,0.07190331071615219,0.0,0.28208816051483154
5292,0.006750140711665154,0.01995084099471569,0.02912513092160225,0.06713752448558807,0.0,0.07191401720046997,0.0,0.28208431601524353
5293,0.006559827830642462,0.019634823128581048,0.030775662511587143,0.06740547120571136,0.0,0.07192628085613251,0.0,0.2820811867713928
5294,0.006380165368318558,0.01923830099403858,0.02897372543811798,0.0728958398103714,0.0,0.07193458080291748,0.0,0.2820783853530884
5295,0.00662723770365119,0.019246922433376314,0.03151806592941284,0.06553684249520302,0.0,0.07193855196237564,0.0,0.28207463026046753
5296,0.006698526162654162,0.019785239547491073,0.03039737045764923,0.07142143696546555,0.0,0.0719420462846756,0.0,0.28207138180732727
5297,0.006421889644116163,0.018939709663391112,0.028884543851017953,0.0668234258890152,0.0,0.07194425910711288,0.0,0.28206977248191833
5298,0.00683465301990509,0.020308419689536096,0.02933809533715248,0.06879532784223556,0.0,0.07194327563047409,0.0,0.28206878900527954
5299,0.006187125574797392,0.01927516795694828,0.030423015356063843,0.07003886848688126,0.0,0.07194299250841141,0.0,0.28206583857536316
5300,0.006764124240726232,0.01932580806314945,0.030538810044527055,0.07149267345666885,0.0,0.07194206118583679,0.0,0.2820645868778229
5301,0.006676133722066879,0.019879448413848876,0.03256934024393558,0.0637353241443634,0.0,0.07194054126739502,0.0,0.2820627689361572
5302,0.006560001615434885,0.019412373751401903,0.030893227085471153,0.07115902751684189,0.0,0.07194304466247559,0.0,0.28206315636634827
5303,0.006898534670472145,0.019056003913283347,0.029608061909675597,0.0687519371509552,0.0,0.07194787263870239,0.0,0.2820647358894348
5304,0.006247499957680702,0.020133446156978606,0.028854580223560335,0.0707133248448372,0.0,0.07195145636796951,0.0,0.28206565976142883
5305,0.0064897826872766014,0.019844700396060944,0.030825289338827132,0.0679141566157341,0.0,0.07195413112640381,0.0,0.28206777572631836
5306,0.006495700031518936,0.01964910551905632,0.029986722394824028,0.07044087052345276,0.0,0.07196062058210373,0.0,0.28206968307495117
5307,0.006743113230913878,0.02005128897726536,0.029658717662096025,0.0709578588604927,0.0,0.07196725904941559,0.0,0.2820703983306885
5308,0.006738483346998692,0.019374198466539382,0.029275057092308997,0.06419256329536438,0.0,0.07197914272546768,0.0,0.28206896781921387
5309,0.006751652900129556,0.019653015211224555,0.03142124339938164,0.0682615652680397,0.0,0.07198477536439896,0.0,0.2820674479007721
5310,0.006768200732767582,0.019786211475729943,0.030602531507611275,0.07251169979572296,0.0,0.07198832929134369,0.0,0.2820635437965393
5311,0.006426361296325922,0.01980610117316246,0.031174077838659286,0.0687015101313591,0.0,0.07199575006961823,0.0,0.28205859661102295
5312,0.006527755130082369,0.019788116589188574,0.02978643886744976,0.06959407478570938,0.0,0.07200516015291214,0.0,0.28205606341362
5313,0.006626216787844896,0.01898171752691269,0.03236774206161499,0.06892827600240707,0.0,0.0720120444893837,0.0,0.28205278515815735
5314,0.00630656499415636,0.01914517432451248,0.03024676665663719,0.07170039266347886,0.0,0.0720171257853508,0.0,0.28204840421676636
5315,0.006741451751440764,0.019912447035312652,0.03043339364230633,0.06839372366666793,0.0,0.07202067226171494,0.0,0.2820436358451843
5316,0.006303609255701304,0.019524042680859565,0.031384934484958646,0.07010233104228973,0.0,0.07202082872390747,0.0,0.28203877806663513
5317,0.00648512952029705,0.0189532071352005,0.028630728274583815,0.07003424763679504,0.0,0.07201667129993439,0.0,0.28203457593917847
5318,0.006506429519504309,0.019765963032841682,0.030193808302283288,0.07111168950796128,0.0,0.07201267778873444,0.0,0.2820276618003845
5319,0.006635770574212075,0.02009659558534622,0.02838342823088169,0.07589201927185059,0.0,0.07200740277767181,0.0,0.2820213735103607
5320,0.006438053399324417,0.019667789712548255,0.030719954892992972,0.0650469072163105,0.0,0.07200434058904648,0.0,0.2820133566856384
5321,0.006314329709857703,0.019779936224222184,0.02865067347884178,0.07438922077417373,0.0,0.07200261950492859,0.0,0.28200629353523254
5322,0.006318996567279101,0.01910645328462124,0.027898694947361947,0.06910919547080993,0.0,0.07200372219085693,0.0,0.2820015847682953
5323,0.006529050227254629,0.019881142675876616,0.02893511839210987,0.06408644318580628,0.0,0.07200060039758682,0.0,0.28199800848960876
5324,0.006407052092254162,0.020109740272164344,0.029172858595848082,0.06727859377861023,0.0,0.07199577987194061,0.0,0.28199446201324463
5325,0.006699884682893753,0.020206193253397942,0.029621363431215287,0.07065256908535958,0.0,0.07199131697416306,0.0,0.2819914221763611
5326,0.006555386632680893,0.01903402842581272,0.029344698786735533,0.07228117138147354,0.0,0.07198760658502579,0.0,0.2819894254207611
5327,0.006464766524732113,0.019090957194566726,0.030788859724998473,0.06926143616437912,0.0,0.07198555767536163,0.0,0.2819884419441223
5328,0.006615776289254427,0.018769494071602822,0.03073856942355633,0.06809680610895157,0.0,0.07198242843151093,0.0,0.28198644518852234
5329,0.006467602588236332,0.019209087267518042,0.030308227986097336,0.07241749316453934,0.0,0.07197902351617813,0.0,0.2819846272468567
5330,0.006617753114551306,0.01979544758796692,0.029936806112527848,0.06857939511537552,0.0,0.07197295129299164,0.0,0.28198325634002686
5331,0.006559787970036268,0.019036883115768434,0.030227222293615342,0.07172008007764816,0.0,0.07197500020265579,0.0,0.2819821238517761
5332,0.006852206960320473,0.020166411250829696,0.032289686053991316,0.07304796874523163,0.0,0.07197305560112,0.0,0.2819821238517761
5333,0.006630561407655477,0.018938354030251504,0.03066556639969349,0.06930134892463684,0.0,0.07196950167417526,0.0,0.28198370337486267
5334,0.006664627138525248,0.020169825479388236,0.03146633878350258,0.0732811599969864,0.0,0.07196856290102005,0.0,0.28198668360710144
5335,0.006545366626232863,0.019659509509801866,0.03191330246627331,0.06805116385221481,0.0,0.07196946442127228,0.0,0.2819875180721283
5336,0.0064585255458951,0.019410192593932153,0.029901952669024467,0.0731837198138237,0.0,0.071966752409935,0.0,0.2819896340370178
5337,0.006454900652170181,0.019961224123835563,0.030795574188232422,0.06753305941820145,0.0,0.07196377217769623,0.0,0.28199100494384766
5338,0.006412366777658463,0.02008008658885956,0.029260796308517457,0.06939807534217834,0.0,0.07196386158466339,0.0,0.2819919288158417
5339,0.006475689820945263,0.01884092129766941,0.03038843870162964,0.0719062089920044,0.0,0.07196299731731415,0.0,0.28199321031570435
5340,0.006988489627838134,0.0195515014231205,0.029557791352272034,0.06818770766258239,0.0,0.07196047157049179,0.0,0.28199267387390137
5341,0.006622305046766997,0.01949431225657463,0.029289230704307556,0.07199971675872803,0.0,0.07196342945098877,0.0,0.2819918692111969
5342,0.006479341257363558,0.02055610828101635,0.029579124227166177,0.06727392673492431,0.0,0.07196269184350967,0.0,0.2819926142692566
5343,0.0065937148407101635,0.02024209387600422,0.02967432364821434,0.07064473032951354,0.0,0.07196056097745895,0.0,0.2819967269897461
5344,0.0066992340609431265,0.018882710859179495,0.03210198469460011,0.06585019826889038,0.0,0.07196216285228729,0.0,0.2820022404193878
5345,0.006429209373891354,0.01979448162019253,0.029801223427057266,0.07060301750898361,0.0,0.0719655305147171,0.0,0.28200745582580566
5346,0.00670495955273509,0.020242191106081008,0.029731385409832,0.07002814412117005,0.0,0.07196985930204391,0.0,0.28201183676719666
5347,0.0064157647080719474,0.020882898569107057,0.029827840253710748,0.06766664236783981,0.0,0.07196924835443497,0.0,0.28201812505722046
5348,0.006377361621707678,0.01968432180583477,0.03008715808391571,0.06920082420110703,0.0,0.07197539508342743,0.0,0.28202787041664124
5349,0.006562346592545509,0.01935320273041725,0.03143591731786728,0.07111920416355133,0.0,0.07198576629161835,0.0,0.28203535079956055
5350,0.006457850895822048,0.01930881030857563,0.030166050419211388,0.06895747482776642,0.0,0.07199563831090927,0.0,0.2820430099964142
5351,0.006701607909053564,0.018402807414531708,0.029807541519403458,0.07312045395374298,0.0,0.07200296223163605,0.0,0.28204983472824097
5352,0.0064767515286803246,0.019133247807621954,0.030669569596648218,0.06755751818418503,0.0,0.07200906425714493,0.0,0.2820530831813812
5353,0.006317394878715276,0.01920112743973732,0.030220474302768707,0.0674816682934761,0.0,0.07201196253299713,0.0,0.28205421566963196
5354,0.006644476018846035,0.020129011943936348,0.028224200755357743,0.06846414655447006,0.0,0.07201217114925385,0.0,0.2820523977279663
5355,0.0066422724165022375,0.019780584052205084,0.029413926228880883,0.06565967127680779,0.0,0.07201354205608368,0.0,0.2820502817630768
5356,0.0066648155450820925,0.019683052971959113,0.02873530350625515,0.07403971701860428,0.0,0.07201150804758072,0.0,0.282046914100647
5357,0.006549884285777807,0.019097467139363288,0.02997214235365391,0.06618759930133819,0.0,0.07200752198696136,0.0,0.28204265236854553
5358,0.006540807988494634,0.019670144468545914,0.031593067944049834,0.07180688381195069,0.0,0.0720030888915062,0.0,0.2820386290550232
5359,0.006041163112968206,0.019614729657769205,0.029212808609008788,0.07045110836625099,0.0,0.07199480384588242,0.0,0.28203362226486206
5360,0.0061513355001807215,0.018624525144696237,0.029069409519433976,0.06710821837186813,0.0,0.07198343425989151,0.0,0.2820281982421875
5361,0.00703736562281847,0.020509613305330278,0.02906804159283638,0.07135302796959878,0.0,0.07197074592113495,0.0,0.2820236384868622
5362,0.006531785521656275,0.01934066750109196,0.02977966144680977,0.07108926251530648,0.0,0.07195683568716049,0.0,0.28202125430107117
5363,0.006510106474161148,0.02005782537162304,0.03036586046218872,0.06795433610677719,0.0,0.07193782180547714,0.0,0.2820194661617279
5364,0.006754411198198795,0.019180739298462868,0.02982225492596626,0.070280160009861,0.0,0.07192622125148773,0.0,0.2820194363594055
5365,0.0064766895025968555,0.01948663257062435,0.03137239590287209,0.07060261517763138,0.0,0.0719132274389267,0.0,0.2820197641849518
5366,0.006142874713987112,0.019258451461791993,0.030762067809700967,0.06943410634994507,0.0,0.07189945876598358,0.0,0.282021701335907
5367,0.006611740030348301,0.019438889622688294,0.030440039187669753,0.06457305252552033,0.0,0.07188619673252106,0.0,0.2820199429988861
5368,0.006537207961082458,0.01915734224021435,0.030440274626016617,0.07201098799705505,0.0,0.07187440991401672,0.0,0.2820183336734772
5369,0.006678684707731008,0.020308635011315346,0.031200075522065163,0.07132969796657562,0.0,0.07186251878738403,0.0,0.28201526403427124
5370,0.006530952174216509,0.01938265860080719,0.028466836735606193,0.06820866167545318,0.0,0.07185278832912445,0.0,0.2820134460926056
5371,0.006617145612835884,0.019142966344952585,0.027981774881482124,0.06953513324260711,0.0,0.07184796780347824,0.0,0.2820114493370056
5372,0.006317736022174359,0.019663580507040024,0.02908611036837101,0.07038557827472687,0.0,0.07184530794620514,0.0,0.2820107042789459
5373,0.006276283040642738,0.019226956367492675,0.03064243495464325,0.06521248370409012,0.0,0.071842260658741,0.0,0.2820102870464325
5374,0.0068635097704827785,0.01939796283841133,0.030873216316103937,0.06761272102594376,0.0,0.07183929532766342,0.0,0.2820099890232086
5375,0.006438856944441795,0.019778233021497726,0.02894878014922142,0.06896716952323914,0.0,0.07183319330215454,0.0,0.2820090055465698
5376,0.006561057362705469,0.019337178394198417,0.027145768329501153,0.06815537512302398,0.0,0.07182489335536957,0.0,0.2820080816745758
5377,0.0067475632764399055,0.01996171660721302,0.028577663376927374,0.06745678037405015,0.0,0.07181648164987564,0.0,0.2820075452327728
5378,0.006779441237449646,0.01896713599562645,0.028594393655657767,0.06888267993927003,0.0,0.07181533426046371,0.0,0.2820071280002594
5379,0.006657062936574221,0.02152709923684597,0.030115872249007226,0.06603008285164833,0.0,0.07181265205144882,0.0,0.28200700879096985
5380,0.006333262752741575,0.019668877497315405,0.027805577591061593,0.06862448453903199,0.0,0.0718059092760086,0.0,0.28200462460517883
5381,0.006625648960471154,0.01932777836918831,0.031719404831528665,0.06504855379462242,0.0,0.07180172204971313,0.0,0.28200069069862366
5382,0.006631941627711057,0.019736332073807716,0.027875018864870073,0.06909590512514115,0.0,0.07179988920688629,0.0,0.2819949984550476
5383,0.006769988033920526,0.019258232787251472,0.029271619394421577,0.06898592710494995,0.0,0.07179875671863556,0.0,0.28198903799057007
5384,0.0063299877569079396,0.02021118253469467,0.028299203887581826,0.0676963597536087,0.0,0.07179245352745056,0.0,0.2819844186306
5385,0.00619560582563281,0.019251901283860208,0.031050683930516243,0.07151200026273727,0.0,0.07178618013858795,0.0,0.28198105096817017
5386,0.006411441322416067,0.0191267941147089,0.029302317649126053,0.06956474781036377,0.0,0.07177908718585968,0.0,0.28197866678237915
5387,0.0063759027980268,0.01988295428454876,0.028655146434903144,0.07133355289697647,0.0,0.07177181541919708,0.0,0.28197699785232544
5388,0.006796724908053875,0.01964900866150856,0.02911155894398689,0.06909908801317215,0.0,0.07176560163497925,0.0,0.2819763123989105
5389,0.0071938948705792425,0.02022247277200222,0.02904486395418644,0.0658920869231224,0.0,0.0717637836933136,0.0,0.28197577595710754
5390,0.006440295651555061,0.01958356238901615,0.029143889248371125,0.06765666753053665,0.0,0.07176633179187775,0.0,0.2819747030735016
5391,0.006456746347248554,0.019236623495817184,0.02998119927942753,0.06606001108884811,0.0,0.071767158806324,0.0,0.28197234869003296
5392,0.006079202331602573,0.018489713594317437,0.030333137139678,0.07190229743719101,0.0,0.07176624983549118,0.0,0.28196877241134644
5393,0.006095348671078682,0.01828485317528248,0.02945599816739559,0.07125797420740128,0.0,0.07176478952169418,0.0,0.2819659411907196
5394,0.006444792449474335,0.019182509556412698,0.02978895977139473,0.07079021632671356,0.0,0.07176143676042557,0.0,0.2819632887840271
5395,0.006547330692410469,0.01988913640379906,0.03026967719197273,0.0698716551065445,0.0,0.07175888866186142,0.0,0.28196078538894653
5396,0.0064066856168210505,0.0193340465426445,0.032283206656575206,0.07111455798149109,0.0,0.07175544649362564,0.0,0.2819591164588928
5397,0.00645608389750123,0.01999536678195,0.028905634209513663,0.07183211594820023,0.0,0.07175544649362564,0.0,0.2819579243659973
5398,0.006490136869251728,0.019489218667149543,0.02998787723481655,0.07031859830021858,0.0,0.07175644487142563,0.0,0.28195881843566895
5399,0.006449849158525467,0.01870761290192604,0.030238518491387367,0.06635816395282745,0.0,0.07175688445568085,0.0,0.28196367621421814
5400,0.006375019811093808,0.01978214457631111,0.030764203146100046,0.07085018903017044,0.0,0.07175640761852264,0.0,0.28196802735328674
5401,0.006458156742155552,0.01946398876607418,0.028402857854962348,0.0736904576420784,0.0,0.07175949960947037,0.0,0.28197500109672546
5402,0.006127668730914593,0.020239544659852983,0.030935120955109596,0.07085368931293487,0.0,0.0717618316411972,0.0,0.2819840610027313
5403,0.006652433425188065,0.018813541904091836,0.03172501027584076,0.0686193972826004,0.0,0.07176480442285538,0.0,0.28199249505996704
5404,0.006371124554425478,0.019145966693758964,0.029116589948534964,0.0728193074464798,0.0,0.0717657133936882,0.0,0.28200003504753113
5405,0.0065048342570662495,0.018686654418706893,0.03060307204723358,0.06783627867698669,0.0,0.07176278531551361,0.0,0.28200727701187134
5406,0.005876340251415968,0.01984507590532303,0.030115533247590066,0.06643352806568145,0.0,0.07175904512405396,0.0,0.2820127010345459
5407,0.0061739030294120315,0.01865830197930336,0.02992275506258011,0.0703068919479847,0.0,0.0717562884092331,0.0,0.2820144295692444
5408,0.006637805979698897,0.01987922340631485,0.03036236800253391,0.06967209279537201,0.0,0.07175252586603165,0.0,0.2820134162902832
5409,0.006623297650367022,0.02008940279483795,0.02803569734096527,0.07075226157903672,0.0,0.0717470720410347,0.0,0.2820119559764862
5410,0.006974352989345789,0.01983170844614506,0.03130995631217957,0.06745895966887475,0.0,0.07174494862556458,0.0,0.2820103168487549
5411,0.00704796714708209,0.020445651188492776,0.029073648899793626,0.06744824349880219,0.0,0.07174185663461685,0.0,0.28200840950012207
5412,0.006498616468161344,0.019520312547683716,0.03096291348338127,0.06752888709306717,0.0,0.07173828035593033,0.0,0.28200763463974
5413,0.006604918092489242,0.020814923197031023,0.030364140495657922,0.06912522986531258,0.0,0.07173433154821396,0.0,0.2820083498954773
5414,0.0068307585082948204,0.01842109449207783,0.030243776366114618,0.072263103723526,0.0,0.0717320442199707,0.0,0.2820107340812683
5415,0.006456813681870699,0.020390575379133226,0.03068549782037735,0.07040912359952926,0.0,0.07172392308712006,0.0,0.2820163369178772
5416,0.006590364500880241,0.02040531411767006,0.02894678749144077,0.06912690103054046,0.0,0.07171661406755447,0.0,0.28202369809150696
5417,0.00671232957392931,0.019270797446370124,0.030451272055506705,0.06800824552774429,0.0,0.07171187549829483,0.0,0.28203096985816956
5418,0.006199495680630207,0.019684365019202232,0.029894114658236503,0.0691307783126831,0.0,0.07170317322015762,0.0,0.28203830122947693
5419,0.006938678957521915,0.020938590914011002,0.02926471047103405,0.06959941983222961,0.0,0.0716915875673294,0.0,0.28204455971717834
5420,0.006449307501316071,0.019983999058604242,0.030705909803509714,0.06967448890209198,0.0,0.0716857761144638,0.0,0.28204962611198425
5421,0.00719353761523962,0.02010817192494869,0.02912706956267357,0.06988499015569687,0.0,0.07168556749820709,0.0,0.28205424547195435
5422,0.006545407138764859,0.019661870226264,0.028208748251199723,0.07280617207288742,0.0,0.07168711721897125,0.0,0.2820548117160797
5423,0.006436434295028448,0.018277734890580176,0.03149219788610935,0.07463875114917755,0.0,0.07168523222208023,0.0,0.2820533812046051
5424,0.006519823987036944,0.019760623574256897,0.029994435980916022,0.07075323164463043,0.0,0.0716763287782669,0.0,0.2820509374141693
5425,0.006190257892012596,0.019435646757483483,0.03278355300426483,0.07165044099092484,0.0,0.0716647133231163,0.0,0.28204792737960815
5426,0.006869466416537762,0.01935492381453514,0.030468689277768135,0.06531566679477692,0.0,0.0716482549905777,0.0,0.2820437252521515
5427,0.006289488077163697,0.019871220737695695,0.03131915628910065,0.07263698726892472,0.0,0.07163114845752716,0.0,0.28203949332237244
5428,0.006831926107406616,0.020418140292167663,0.029750286787748336,0.07149415761232376,0.0,0.07161526381969452,0.0,0.2820363938808441
5429,0.006409980263561011,0.019103802368044855,0.030480772256851196,0.06986013799905777,0.0,0.07160024344921112,0.0,0.28203293681144714
5430,0.006777283921837807,0.020014508441090584,0.029529400542378424,0.0687784343957901,0.0,0.07157997041940689,0.0,0.28202980756759644
5431,0.006562388502061367,0.019611597061157227,0.030800836533308028,0.06895768344402313,0.0,0.07155780494213104,0.0,0.2820292115211487
5432,0.00654319878667593,0.019032956659793855,0.030694111809134485,0.06618773341178893,0.0,0.07153870165348053,0.0,0.28203004598617554
5433,0.006731237843632698,0.01961524151265621,0.02957894504070282,0.06896911412477494,0.0,0.07152062654495239,0.0,0.28203150629997253
5434,0.006631514523178339,0.01965559795498848,0.030276234447956085,0.06339318379759788,0.0,0.0715060606598854,0.0,0.28203171491622925
5435,0.0069440525025129315,0.018830638751387595,0.031191397830843924,0.06450593173503875,0.0,0.07149752229452133,0.0,0.28203174471855164
5436,0.006557210441678762,0.018976908922195435,0.03000532351434231,0.07018008157610893,0.0,0.07148418575525284,0.0,0.2820323407649994
5437,0.006404176726937294,0.020579586923122405,0.03152647763490677,0.06810435354709625,0.0,0.07146856933832169,0.0,0.28202950954437256
5438,0.006837612204253674,0.019279880449175835,0.029211869835853575,0.0769280806183815,0.0,0.07145098596811295,0.0,0.2820250391960144
5439,0.0068752669729292394,0.019396061077713966,0.030798112601041795,0.07142802253365517,0.0,0.07143744826316833,0.0,0.28202030062675476
5440,0.00666254349052906,0.020376569032669066,0.030076244100928306,0.0691003754734993,0.0,0.07142570614814758,0.0,0.2820137143135071
5441,0.006889012083411217,0.019131148234009743,0.031582269817590714,0.0715491384267807,0.0,0.07141968607902527,0.0,0.2820037305355072
5442,0.006158975698053837,0.018583368882536887,0.031607074290513994,0.071271912753582,0.0,0.07141788303852081,0.0,0.2819927930831909
5443,0.006528105773031712,0.01978436894714832,0.030363258346915244,0.06742308810353279,0.0,0.07141183316707611,0.0,0.2819836735725403
5444,0.0066682262346148494,0.020709005743265153,0.030100686848163603,0.06890880912542344,0.0,0.0714009553194046,0.0,0.28197431564331055
5445,0.006737683899700642,0.019607800990343094,0.03102692775428295,0.0674393743276596,0.0,0.07139301300048828,0.0,0.28196483850479126
5446,0.006698340084403754,0.01895599439740181,0.027546057105064393,0.06904232054948807,0.0,0.07138311862945557,0.0,0.2819591164588928
5447,0.006420325860381127,0.01953960657119751,0.030478547886013986,0.0678059846162796,0.0,0.07137162983417511,0.0,0.28195375204086304
5448,0.006456596683710814,0.01981627382338047,0.03004181608557701,0.0703638419508934,0.0,0.0713563933968544,0.0,0.28194722533226013
5449,0.0061558053828775884,0.01966545097529888,0.030617637559771538,0.0698033556342125,0.0,0.07133974134922028,0.0,0.2819424569606781
5450,0.006306794937700033,0.020779192447662354,0.032176648080348966,0.0725112110376358,0.0,0.07133173197507858,0.0,0.28193798661231995
5451,0.006525191385298968,0.01928025148808956,0.02843780554831028,0.06667568981647491,0.0,0.07133219391107559,0.0,0.2819356620311737
5452,0.006239682342857123,0.019460469856858252,0.0314759187400341,0.0710169181227684,0.0,0.07133259624242783,0.0,0.28193598985671997
5453,0.006722961366176605,0.019774948433041572,0.029756580665707588,0.06917502135038375,0.0,0.07133032381534576,0.0,0.28193482756614685
5454,0.006904906500130892,0.0194906584918499,0.02917582355439663,0.06841976344585418,0.0,0.07132616639137268,0.0,0.2819342315196991
5455,0.006351285148411989,0.020358183607459068,0.030836863443255424,0.06797411367297172,0.0,0.0713171511888504,0.0,0.2819313704967499
5456,0.00667906766757369,0.02112070582807064,0.028704570978879927,0.06757392287254334,0.0,0.07131213694810867,0.0,0.2819303572177887
5457,0.006603519432246685,0.019361105188727377,0.03075290098786354,0.06861663907766342,0.0,0.07130755484104156,0.0,0.2819289267063141
5458,0.007150526624172926,0.019230398163199425,0.03176368623971939,0.068257175385952,0.0,0.07130364328622818,0.0,0.28192779421806335
5459,0.006523570232093334,0.02050134688615799,0.03218107521533966,0.06770152896642685,0.0,0.07129939645528793,0.0,0.28192684054374695
5460,0.006836237292736769,0.0195150725543499,0.0338789239525795,0.07008444219827652,0.0,0.07129154354333878,0.0,0.2819259762763977
5461,0.006524091307073832,0.019489245116710664,0.029744897037744522,0.06883257627487183,0.0,0.07128872722387314,0.0,0.28192517161369324
5462,0.006671249028295278,0.019613491743803023,0.03125272206962108,0.06591729968786239,0.0,0.07128464430570602,0.0,0.2819245457649231
5463,0.006455171387642622,0.018961490690708162,0.03044329732656479,0.06899659335613251,0.0,0.07128629833459854,0.0,0.2819226384162903
5464,0.006571379955857992,0.020108888670802117,0.028936406970024107,0.06924603283405303,0.0,0.0712885856628418,0.0,0.2819231450557709
5465,0.00634040916338563,0.0198646392673254,0.029305218160152434,0.07192131578922271,0.0,0.07129313796758652,0.0,0.28192415833473206
5466,0.006390284840017557,0.019350615888834,0.029274117946624757,0.0727726936340332,0.0,0.07130260765552521,0.0,0.2819242775440216
5467,0.006407856103032827,0.01904275342822075,0.029627276957035063,0.06992069929838181,0.0,0.07130548357963562,0.0,0.2819244861602783
5468,0.006847121566534042,0.01928572803735733,0.02972165048122406,0.06936952918767929,0.0,0.07130278646945953,0.0,0.2819249629974365
5469,0.0066930830478668215,0.019836170226335527,0.02972066290676594,0.06768403947353363,0.0,0.07129255682229996,0.0,0.2819236218929291
5470,0.006450495682656765,0.01917242519557476,0.02902209721505642,0.0658048301935196,0.0,0.07127796113491058,0.0,0.2819192409515381
5471,0.006520599592477083,0.019406946003437044,0.030460084229707717,0.07066340148448944,0.0,0.07126595824956894,0.0,0.28191298246383667
5472,0.0062889127060770985,0.020252592489123346,0.028639797866344453,0.0695915088057518,0.0,0.07125376164913177,0.0,0.28190773725509644
5473,0.006614976841956377,0.019839450344443323,0.028912805393338202,0.07327863574028015,0.0,0.0712476596236229,0.0,0.28190213441848755
5474,0.006114153191447258,0.02001553438603878,0.029220157861709596,0.0727870911359787,0.0,0.07123833894729614,0.0,0.28189802169799805
5475,0.006434768158942461,0.018659520149230956,0.030497010424733163,0.06893803477287293,0.0,0.07122693210840225,0.0,0.28189617395401
5476,0.006540057528764009,0.019494910165667532,0.02937396764755249,0.07134773731231689,0.0,0.07121266424655914,0.0,0.28189530968666077
5477,0.006352339126169682,0.020250807330012322,0.031154916062951087,0.06840491071343421,0.0,0.0711960569024086,0.0,0.2818956971168518
5478,0.0065117646008729935,0.01950671784579754,0.02923894189298153,0.06790865510702133,0.0,0.0711800828576088,0.0,0.2818949520587921
5479,0.006294935382902623,0.018631575629115105,0.029502478241920472,0.0646783247590065,0.0,0.07116620242595673,0.0,0.2818955183029175
5480,0.006665238179266453,0.019695639610290527,0.029481160268187524,0.06855810433626175,0.0,0.07115066051483154,0.0,0.28189539909362793
5481,0.006343142315745354,0.020136520266532898,0.030819252878427506,0.07103314250707626,0.0,0.07113424688577652,0.0,0.2818959057331085
5482,0.006561465468257666,0.018729417771100997,0.029771130159497262,0.07013996094465255,0.0,0.07112310081720352,0.0,0.2818956971168518
5483,0.00678077545017004,0.019603629037737845,0.031661415472626686,0.06877355799078941,0.0,0.07111042737960815,0.0,0.2818957567214966
5484,0.0065767098218202594,0.019436390325427055,0.029834775999188424,0.07103584259748459,0.0,0.07110059261322021,0.0,0.2818950116634369
5485,0.006344652269035578,0.019958791509270667,0.030570179969072343,0.07017865851521492,0.0,0.07109425961971283,0.0,0.2818956971168518
5486,0.006293452903628349,0.019204501062631607,0.029531433805823327,0.06876981556415558,0.0,0.0710882768034935,0.0,0.28189608454704285
5487,0.006974948011338711,0.0194034181535244,0.030991991609334947,0.0700939878821373,0.0,0.0710812658071518,0.0,0.28189817070961
5488,0.007007727678865194,0.020155403390526773,0.032169032469391824,0.06839006841182708,0.0,0.07107766717672348,0.0,0.2818981409072876
5489,0.006751922238618135,0.019407385587692262,0.029416443407535554,0.06860646978020668,0.0,0.07107383012771606,0.0,0.2818995416164398
5490,0.00669422959908843,0.019362615421414375,0.030679413676261903,0.06642822995781898,0.0,0.07106985151767731,0.0,0.281899631023407
5491,0.0068037653341889385,0.018727339431643487,0.031497130170464516,0.07079406827688217,0.0,0.07107029110193253,0.0,0.28190022706985474
5492,0.006721907760947943,0.018750598654150963,0.02954070419073105,0.07153414189815521,0.0,0.07107315957546234,0.0,0.28190118074417114
5493,0.006233720667660236,0.02033362239599228,0.029312899708747862,0.07212342321872711,0.0,0.07107937335968018,0.0,0.2819008231163025
5494,0.006652902625501156,0.020785412192344664,0.030409547314047814,0.06701129674911499,0.0,0.07108709961175919,0.0,0.28190213441848755
5495,0.006338866055011749,0.019058875367045404,0.029275670275092126,0.0742206409573555,0.0,0.07109345495700836,0.0,0.281903475522995
5496,0.00642748773097992,0.01902429647743702,0.02950816713273525,0.07269233614206314,0.0,0.07110030204057693,0.0,0.2819024920463562
5497,0.006566231232136488,0.018280941992998123,0.029947085306048393,0.07241121530532837,0.0,0.0711035281419754,0.0,0.28190097212791443
5498,0.0065366351045668125,0.01998431608080864,0.032611618563532827,0.06819011569023133,0.0,0.07110358774662018,0.0,0.28189724683761597
5499,0.0068536121398210526,0.020296084880828857,0.029427987709641456,0.06584832891821861,0.0,0.07110433280467987,0.0,0.2818928062915802
5500,0.006829908955842257,0.020192863419651985,0.028651732206344604,0.07081702053546905,0.0,0.07110510766506195,0.0,0.281889408826828
5501,0.0065413743257522585,0.018332808464765548,0.028501195088028907,0.07249097302556037,0.0,0.07110901176929474,0.0,0.2818872332572937
5502,0.0063804942183196545,0.019347215071320534,0.030588659271597863,0.07270138263702393,0.0,0.07111071050167084,0.0,0.2818880081176758
5503,0.006380751263350248,0.019721155986189842,0.03112773522734642,0.07506404519081115,0.0,0.07111482322216034,0.0,0.2818891406059265
5504,0.006076932046562433,0.020780987665057184,0.02993147224187851,0.07106272727251053,0.0,0.07111915200948715,0.0,0.2818923592567444
5505,0.007118959166109562,0.01947183907032013,0.028907278925180434,0.07493937611579896,0.0,0.07112527638673782,0.0,0.28189775347709656
5506,0.006732391659170389,0.020223827660083772,0.02810031808912754,0.07039127647876739,0.0,0.07113386690616608,0.0,0.28190335631370544
5507,0.006688794493675232,0.019925101101398467,0.02966381348669529,0.06418952792882919,0.0,0.07114438712596893,0.0,0.28190910816192627
5508,0.006173545587807893,0.020681439340114592,0.03129199966788292,0.06706421077251434,0.0,0.07115088403224945,0.0,0.28191429376602173
5509,0.006769235245883465,0.019930053874850272,0.029684878885746002,0.07084509432315826,0.0,0.07115164399147034,0.0,0.2819196581840515
5510,0.006466243043541908,0.01919659934937954,0.03100416101515293,0.07147896587848664,0.0,0.07115429639816284,0.0,0.28192275762557983
5511,0.006751117948442698,0.019488894566893577,0.03082042224705219,0.07160828709602356,0.0,0.07115624099969864,0.0,0.2819250524044037
5512,0.006539180781692267,0.019577128067612647,0.03172974213957787,0.07333727031946183,0.0,0.07116331160068512,0.0,0.2819262444972992
5513,0.006417601928114891,0.02001785971224308,0.029732318222522737,0.06991344392299652,0.0,0.07116733491420746,0.0,0.28192609548568726
5514,0.006409248523414135,0.020421835035085677,0.0289777010679245,0.07210361510515213,0.0,0.07117310166358948,0.0,0.2819276452064514
5515,0.006419477146118879,0.019425900653004646,0.030984795466065407,0.07486936002969742,0.0,0.07117922604084015,0.0,0.2819322347640991
5516,0.006318105198442936,0.019997631013393403,0.02930351048707962,0.07012835294008254,0.0,0.07118934392929077,0.0,0.2819376289844513
5517,0.006852517742663622,0.019888244941830634,0.029567521438002585,0.06797826141119004,0.0,0.0711960420012474,0.0,0.2819427251815796
5518,0.006755820754915476,0.019600622355937958,0.029779534414410593,0.07156447768211364,0.0,0.07120077311992645,0.0,0.2819463610649109
5519,0.006655436102300882,0.019784049689769746,0.028677819669246672,0.06930231153964997,0.0,0.07120756059885025,0.0,0.28195005655288696
5520,0.006131732650101185,0.01986047886312008,0.02944374792277813,0.06675394922494889,0.0,0.07121220976114273,0.0,0.28195199370384216
5521,0.006622368842363358,0.018648830801248552,0.029929491877555846,0.06860913634300232,0.0,0.0712243989109993,0.0,0.28195348381996155
5522,0.007061454374343157,0.019464552402496338,0.02695179060101509,0.0685444176197052,0.0,0.07123292237520218,0.0,0.2819536626338959
5523,0.00659227604046464,0.019569266960024832,0.029572964087128638,0.07168250977993011,0.0,0.07124105840921402,0.0,0.2819516062736511
5524,0.006313920393586159,0.019231777638196945,0.02923074960708618,0.06970947533845902,0.0,0.07124632596969604,0.0,0.281948983669281
5525,0.0069147865287959576,0.01949152871966362,0.030579185113310814,0.06929691582918167,0.0,0.07125089317560196,0.0,0.2819470763206482
5526,0.0065413016825914385,0.019722799211740492,0.030359497293829918,0.07071026936173438,0.0,0.07125315070152283,0.0,0.2819439768791199
5527,0.006899831350892782,0.01968905031681061,0.030115707963705062,0.07084158211946487,0.0,0.07125015556812286,0.0,0.28194326162338257
5528,0.0066093199886381624,0.019482459500432016,0.030190682038664818,0.0715479463338852,0.0,0.07125452160835266,0.0,0.28194114565849304
5529,0.006691549532115459,0.018999097123742103,0.03077685572206974,0.06952155232429505,0.0,0.07125771790742874,0.0,0.2819412350654602
5530,0.00642499765381217,0.01948575899004936,0.03113347925245762,0.06903530955314637,0.0,0.07126376777887344,0.0,0.2819417417049408
5531,0.006486531626433134,0.01798185594379902,0.029745002835989,0.06741988509893418,0.0,0.07127421349287033,0.0,0.2819422781467438
5532,0.006102816294878721,0.019692151620984078,0.030281064659357072,0.0668578326702118,0.0,0.07128621637821198,0.0,0.2819419801235199
5533,0.006233399920165539,0.020304324477910994,0.030759715661406516,0.06459321975708007,0.0,0.07129975408315659,0.0,0.2819412052631378
5534,0.0068094048649072645,0.01951785646378994,0.031039512902498245,0.07050573527812957,0.0,0.07130873948335648,0.0,0.28194063901901245
5535,0.006383644882589579,0.020294147357344628,0.029854423925280572,0.06663860231637955,0.0,0.07131651043891907,0.0,0.2819388508796692
5536,0.006509888637810946,0.02010658197104931,0.0299873411655426,0.07025902271270752,0.0,0.07132408022880554,0.0,0.2819364368915558
5537,0.006278486270457506,0.020112591981887817,0.03086661882698536,0.07052418738603591,0.0,0.07133287191390991,0.0,0.2819344997406006
5538,0.006356377992779017,0.020270605757832526,0.028739476576447487,0.07427840381860733,0.0,0.07134103029966354,0.0,0.28193193674087524
5539,0.006728810723870993,0.0199420940130949,0.029747402295470238,0.07163255363702774,0.0,0.07135431468486786,0.0,0.2819298803806305
5540,0.0068785657174885275,0.0199744276702404,0.02874503955245018,0.07218217104673386,0.0,0.07136406004428864,0.0,0.2819269597530365
5541,0.006850808765739203,0.019997673481702803,0.02931097149848938,0.06938511431217194,0.0,0.07137157768011093,0.0,0.2819235324859619
5542,0.006599808111786842,0.019281202182173728,0.029084804654121398,0.06515713483095169,0.0,0.07137738168239594,0.0,0.28192073106765747
5543,0.006331552844494581,0.02085140310227871,0.03220920041203499,0.06753693148493767,0.0,0.0713859349489212,0.0,0.28191712498664856
5544,0.00617842972278595,0.017835278809070588,0.027604354545474052,0.06592476218938828,0.0,0.07139170169830322,0.0,0.28191715478897095
5545,0.006305311992764473,0.019838916882872582,0.028335608914494513,0.06988794654607773,0.0,0.07139948755502701,0.0,0.28191590309143066
5546,0.00624900683760643,0.019367957860231398,0.03023970387876034,0.06817482560873031,0.0,0.0714082270860672,0.0,0.28191620111465454
5547,0.006689366884529591,0.019118433445692064,0.0319744884967804,0.06872379928827285,0.0,0.07141486555337906,0.0,0.28191694617271423
5548,0.006752352509647608,0.019782281294465066,0.031351611763238904,0.07090475112199783,0.0,0.07142333686351776,0.0,0.28191810846328735
5549,0.006728505529463291,0.01900060772895813,0.02850305028259754,0.06896067708730698,0.0,0.07143079489469528,0.0,0.281917005777359
5550,0.006466344557702541,0.019319137930870055,0.030619388446211815,0.06336536258459091,0.0,0.07143861800432205,0.0,0.2819148004055023
5551,0.006706980429589749,0.019025322049856186,0.030521215870976448,0.06659083813428879,0.0,0.07144264131784439,0.0,0.28191107511520386
5552,0.006739129405468702,0.018747087568044662,0.030342095345258713,0.06885963082313537,0.0,0.07145192474126816,0.0,0.28190770745277405
5553,0.006617854814976454,0.020377912372350693,0.029608026146888733,0.07371488511562348,0.0,0.07145573198795319,0.0,0.2819036841392517
5554,0.0063617884181439875,0.01980685144662857,0.030547542870044707,0.06953050494194031,0.0,0.07145954668521881,0.0,0.2818990647792816
5555,0.006577849946916103,0.019517747685313225,0.029416649043560027,0.0668848216533661,0.0,0.07146301865577698,0.0,0.28189370036125183
5556,0.006737936940044165,0.01875462308526039,0.02973766140639782,0.07283920794725418,0.0,0.07146487385034561,0.0,0.2818869948387146
5557,0.006370100937783718,0.01995135061442852,0.03040487952530384,0.06831262931227684,0.0,0.07146277278661728,0.0,0.2818818986415863
5558,0.006539873499423266,0.019726135209202765,0.030234963446855546,0.06870002448558807,0.0,0.07146213948726654,0.0,0.28187787532806396
5559,0.006400159932672978,0.019391272589564322,0.03029843680560589,0.07092518508434295,0.0,0.07146108150482178,0.0,0.28187650442123413
5560,0.00635859752073884,0.019770448654890062,0.02913500405848026,0.06752355992794037,0.0,0.07146026939153671,0.0,0.2818740904331207
5561,0.006569704879075289,0.02008167654275894,0.03106621690094471,0.07195824459195137,0.0,0.07146205008029938,0.0,0.2818724513053894
5562,0.006772852316498756,0.019701481610536576,0.03057667315006256,0.07042468041181564,0.0,0.07146204262971878,0.0,0.28187131881713867
5563,0.006280121952295303,0.019439079612493516,0.03199882432818413,0.06695424169301986,0.0,0.0714632049202919,0.0,0.28187015652656555
5564,0.006051072664558887,0.020630550011992453,0.029827339947223662,0.07025730162858963,0.0,0.07146333158016205,0.0,0.2818688154220581
5565,0.006739216856658459,0.01930273249745369,0.03026844821870327,0.0654105581343174,0.0,0.07146202027797699,0.0,0.2818683385848999
5566,0.006857677642256021,0.020808999240398408,0.02884754315018654,0.07102547585964203,0.0,0.07146243005990982,0.0,0.2818668782711029
5567,0.006234434898942709,0.019767899066209793,0.03199764415621757,0.06457440257072448,0.0,0.07146070152521133,0.0,0.2818652093410492
5568,0.006751020438969135,0.019761646538972853,0.03156149536371231,0.0646968126296997,0.0,0.07145422697067261,0.0,0.2818641662597656
5569,0.006038098502904177,0.019766977801918984,0.03192657008767128,0.06764778643846511,0.0,0.07144931703805923,0.0,0.28186336159706116
5570,0.007003532908856869,0.019005269929766654,0.02859612964093685,0.06928875744342804,0.0,0.07144521921873093,0.0,0.28186172246932983
5571,0.006487776711583138,0.0192089956253767,0.02896748445928097,0.07018481940031052,0.0,0.07143856585025787,0.0,0.28186100721359253
5572,0.006613628845661879,0.019578417763113976,0.02968815602362156,0.07124709859490394,0.0,0.0714309886097908,0.0,0.2818616032600403
5573,0.006942353025078773,0.018882275372743607,0.030040518194437028,0.0720371276140213,0.0,0.07142475992441177,0.0,0.2818604111671448
5574,0.006900673918426037,0.020186277478933333,0.029902953654527664,0.07288393825292587,0.0,0.07141204923391342,0.0,0.2818593382835388
5575,0.006127680838108063,0.01976611986756325,0.028941626846790313,0.06825647950172424,0.0,0.07140205055475235,0.0,0.2818571627140045
5576,0.007054547872394323,0.019114722311496735,0.029241960495710373,0.067374849319458,0.0,0.07138971984386444,0.0,0.2818548381328583
5577,0.006507479958236218,0.020382025092840195,0.029069821536540984,0.07155762165784836,0.0,0.07137802243232727,0.0,0.28185129165649414
5578,0.006166878249496221,0.01986371912062168,0.030871516466140746,0.06774450391530991,0.0,0.07136861234903336,0.0,0.2818494141101837
5579,0.006404478382319212,0.020309627801179887,0.030105458945035933,0.0709084540605545,0.0,0.07136566936969757,0.0,0.28184935450553894
5580,0.0067073841579258445,0.02058220058679581,0.028880202025175095,0.07414714992046356,0.0,0.07136274874210358,0.0,0.2818499207496643
5581,0.0065151117742061615,0.019271176680922507,0.03127629682421684,0.06905802935361863,0.0,0.07136228680610657,0.0,0.2818501889705658
5582,0.006526243407279253,0.020488090068101882,0.029922061786055564,0.07317587584257126,0.0,0.07136156409978867,0.0,0.2818513810634613
5583,0.00633145309984684,0.020185310021042825,0.030600544810295106,0.06289315819740296,0.0,0.07135826349258423,0.0,0.2818506360054016
5584,0.006839884165674448,0.01907067112624645,0.0302555114030838,0.06761694252490998,0.0,0.07135287672281265,0.0,0.28184953331947327
5585,0.0061058677732944485,0.019868896156549454,0.030043714120984076,0.07383605390787125,0.0,0.07134771347045898,0.0,0.28184774518013
5586,0.006281024031341076,0.019458743557333947,0.02934340462088585,0.06872963905334473,0.0,0.071346215903759,0.0,0.28184619545936584
5587,0.006431699171662331,0.01903877817094326,0.030944902449846268,0.07225495129823685,0.0,0.0713394433259964,0.0,0.281846821308136
5588,0.006269961409270763,0.020332145690917968,0.030769768729805948,0.06845762878656388,0.0,0.07133375108242035,0.0,0.2818482220172882
5589,0.006809121463447809,0.0195280097424984,0.031091101095080377,0.06689872890710831,0.0,0.07133157551288605,0.0,0.2818503975868225
5590,0.006579951290041209,0.019405103102326394,0.030406428128480913,0.06881274431943893,0.0,0.07133055478334427,0.0,0.2818525731563568
5591,0.006686480529606342,0.020408099889755248,0.028312328830361368,0.07262980043888093,0.0,0.0713246688246727,0.0,0.2818555533885956
5592,0.006459049601107836,0.01957995742559433,0.029133741930127143,0.06418820098042488,0.0,0.07132706791162491,0.0,0.28185930848121643
5593,0.006427568010985851,0.020368432998657225,0.03051961250603199,0.07544904798269272,0.0,0.07132984697818756,0.0,0.28186413645744324
5594,0.0064134675078094,0.01982848532497883,0.029229993000626564,0.07008167207241059,0.0,0.07133263349533081,0.0,0.2818680703639984
5595,0.006440500821918249,0.019695970788598062,0.030568653717637062,0.07231329679489136,0.0,0.07133561372756958,0.0,0.2818707823753357
5596,0.00682172067463398,0.019562571495771407,0.030553746968507767,0.07217590808868408,0.0,0.07134176790714264,0.0,0.28187161684036255
5597,0.0065174420364201065,0.019631419330835342,0.029175345972180366,0.07020041346549988,0.0,0.07134733349084854,0.0,0.28187066316604614
5598,0.006373253185302019,0.0197668869048357,0.030144023522734643,0.07077566981315613,0.0,0.0713515430688858,0.0,0.2818683385848999
5599,0.006673590000718832,0.01939391903579235,0.03095297925174236,0.0718142032623291,0.0,0.07135701179504395,0.0,0.2818646728992462
5600,0.007146756537258625,0.01939041242003441,0.030768595263361932,0.06703777313232422,0.0,0.07136474549770355,0.0,0.2818624973297119
5601,0.006422066502273083,0.020352596417069435,0.029226930066943168,0.07167679965496063,0.0,0.0713706761598587,0.0,0.2818602919578552
5602,0.006620312575250864,0.01886986382305622,0.02868930287659168,0.06822727918624878,0.0,0.07137791067361832,0.0,0.28186100721359253
5603,0.006303226109594107,0.01999818906188011,0.03114972114562988,0.06829812079668045,0.0,0.07138212025165558,0.0,0.28186163306236267
5604,0.006980666425079107,0.01926830820739269,0.032949811220169066,0.06949521899223328,0.0,0.07138792425394058,0.0,0.281861811876297
5605,0.0066058519296348095,0.019771290197968482,0.029463202506303788,0.06817396134138107,0.0,0.07139573991298676,0.0,0.2818625569343567
5606,0.006598115339875222,0.019061721116304397,0.030823659524321555,0.07050265073776245,0.0,0.07140137255191803,0.0,0.28186339139938354
5607,0.006610607448965311,0.019555164873600005,0.029536040872335433,0.07105172723531723,0.0,0.07140679657459259,0.0,0.2818651795387268
5608,0.0065879237838089464,0.02031957283616066,0.029246971756219865,0.06964202970266342,0.0,0.07141093909740448,0.0,0.2818661034107208
5609,0.006119723711162805,0.019470254331827162,0.028423842787742615,0.07214321792125702,0.0,0.07141812145709991,0.0,0.2818681597709656
5610,0.006629757583141327,0.02018405981361866,0.028157997131347656,0.0659155160188675,0.0,0.07142604142427444,0.0,0.28186964988708496
5611,0.00669977106153965,0.01983301304280758,0.031009648740291596,0.07096518278121948,0.0,0.07143767923116684,0.0,0.2818695604801178
5612,0.006271683424711227,0.019123693555593492,0.02975139357149601,0.07147824764251709,0.0,0.07145202159881592,0.0,0.2818687856197357
5613,0.00672153914347291,0.020062972977757453,0.030425919219851494,0.06741408556699753,0.0,0.07146604359149933,0.0,0.2818654179573059
5614,0.006869995687156916,0.018874017521739006,0.029672158509492876,0.07058709114789963,0.0,0.0714869275689125,0.0,0.2818611264228821
5615,0.006629032455384732,0.019523727148771285,0.031169936060905457,0.07114694416522979,0.0,0.07150533050298691,0.0,0.28185588121414185
5616,0.006749124825000763,0.020111583173274994,0.029619920998811722,0.06695151329040527,0.0,0.0715164765715599,0.0,0.28185075521469116
5617,0.007018174417316914,0.01996721364557743,0.029826775193214417,0.06871790885925293,0.0,0.07152565568685532,0.0,0.2818440794944763
5618,0.006503439415246249,0.019715963676571847,0.028447380661964415,0.06811509728431701,0.0,0.0715285912156105,0.0,0.2818368971347809
5619,0.006413935497403145,0.0196479395031929,0.02961663603782654,0.0693803645670414,0.0,0.07153143733739853,0.0,0.28182896971702576
5620,0.006334062293171882,0.02014242373406887,0.029338433966040613,0.0734215185046196,0.0,0.07153511792421341,0.0,0.2818220853805542
5621,0.006502717826515436,0.01907135993242264,0.030165427178144456,0.07153693735599517,0.0,0.07153426110744476,0.0,0.2818170189857483
5622,0.00659528449177742,0.019662529602646826,0.02875759154558182,0.06552953869104386,0.0,0.07153297960758209,0.0,0.28181400895118713
5623,0.006028710957616567,0.019713330268859863,0.030814795196056365,0.07184927016496659,0.0,0.07153051346540451,0.0,0.28181174397468567
5624,0.006410087645053864,0.01926198825240135,0.030255138874053955,0.06911882609128953,0.0,0.07152235507965088,0.0,0.2818062901496887
5625,0.006211668439209461,0.0200350034981966,0.029954233765602113,0.0698363021016121,0.0,0.07151155173778534,0.0,0.2818029522895813
5626,0.006426356546580791,0.019282877445220947,0.030534090101718904,0.06702750623226165,0.0,0.0714988186955452,0.0,0.28179991245269775
5627,0.0063964900560677055,0.019134620577096938,0.029459886997938157,0.07034536302089692,0.0,0.07148417830467224,0.0,0.281798779964447
5628,0.006523890234529972,0.01908404491841793,0.030150319635868072,0.06878057569265365,0.0,0.07146929204463959,0.0,0.28179824352264404
5629,0.006729280296713114,0.01988052800297737,0.030258476734161377,0.07015230506658554,0.0,0.07145198434591293,0.0,0.28179848194122314
5630,0.0064513908699154856,0.01956060342490673,0.028869405388832092,0.07154952436685562,0.0,0.0714404359459877,0.0,0.28179988265037537
5631,0.006275517493486404,0.019531407952308656,0.02920716777443886,0.06542823910713196,0.0,0.07142724841833115,0.0,0.2817991375923157
5632,0.006247329618781805,0.019893842190504073,0.029254085570573806,0.06689666658639908,0.0,0.07141684740781784,0.0,0.2817966938018799
5633,0.006199658196419477,0.019536488130688666,0.027873628586530686,0.06598958745598793,0.0,0.07140709459781647,0.0,0.28179651498794556
5634,0.006658400315791369,0.019654880836606027,0.03019496239721775,0.07107589542865753,0.0,0.07140051573514938,0.0,0.28179654479026794
5635,0.006538292579352856,0.01985486373305321,0.027196425199508666,0.07066669911146164,0.0,0.0713958740234375,0.0,0.28179582953453064
5636,0.0064064996317029,0.019584302231669425,0.03074995055794716,0.06638230830430984,0.0,0.07138855755329132,0.0,0.28179481625556946
5637,0.006595394667237997,0.019809360429644585,0.028601380810141564,0.06867456734180451,0.0,0.07137858867645264,0.0,0.2817921042442322
5638,0.006331717967987061,0.01966298520565033,0.029374980926513673,0.06836917251348495,0.0,0.07136689126491547,0.0,0.2817877233028412
5639,0.006856650672852993,0.019522599503397943,0.030278096348047255,0.06677216291427612,0.0,0.07135789096355438,0.0,0.2817844748497009
5640,0.0067240455187857155,0.019519517570734023,0.02943401075899601,0.06577039659023284,0.0,0.07134789228439331,0.0,0.2817801833152771
5641,0.006600016914308071,0.018454373627901078,0.029076605662703515,0.07502976208925247,0.0,0.0713454857468605,0.0,0.28177517652511597
5642,0.0060297473333776,0.019406742602586746,0.03119532987475395,0.06896104365587234,0.0,0.07134492695331573,0.0,0.28177115321159363
5643,0.006183497421443462,0.019483382999897002,0.0317609965801239,0.06988208889961242,0.0,0.07134143263101578,0.0,0.28176629543304443
5644,0.006319547817111015,0.0184797216206789,0.027802762761712074,0.06662995740771294,0.0,0.0713382214307785,0.0,0.28176388144493103
5645,0.006247319281101227,0.018660193681716918,0.028736451268196107,0.06612896174192429,0.0,0.07133449614048004,0.0,0.2817639112472534
5646,0.006440787017345429,0.019877612218260766,0.029002612084150316,0.07275451719760895,0.0,0.07133425772190094,0.0,0.28176149725914
5647,0.006610292382538319,0.018378139659762382,0.03055194579064846,0.069782754778862,0.0,0.07132937014102936,0.0,0.28175944089889526
5648,0.006752669997513294,0.018771468847990035,0.029283344745635986,0.07576880902051926,0.0,0.07132688909769058,0.0,0.28175920248031616
5649,0.006154502928256989,0.02029982693493366,0.030381718650460243,0.06884956881403922,0.0,0.07132438570261002,0.0,0.28176116943359375
5650,0.006583232153207064,0.020157326012849808,0.02872399166226387,0.07483832836151123,0.0,0.07132463902235031,0.0,0.28176361322402954
5651,0.006562645919620991,0.01929907687008381,0.029152820631861687,0.07329821139574051,0.0,0.07132389396429062,0.0,0.28176990151405334
5652,0.006776789762079715,0.019129049405455588,0.03107895776629448,0.06396810561418534,0.0,0.07132206857204437,0.0,0.28177666664123535
5653,0.006684276089072227,0.018666065856814386,0.030509858578443527,0.0696670264005661,0.0,0.07132019847631454,0.0,0.28178468346595764
5654,0.0064898508600890635,0.018866252154111862,0.029890532791614532,0.07466885298490525,0.0,0.07131848484277725,0.0,0.281791090965271
5655,0.006132423691451549,0.020400286465883256,0.03143447823822498,0.07106021493673324,0.0,0.07131268084049225,0.0,0.2817985713481903
5656,0.006461038067936897,0.02044231817126274,0.028734743222594263,0.07008235380053521,0.0,0.07131350785493851,0.0,0.28180423378944397
5657,0.006409682985395193,0.019596951827406884,0.029770950227975844,0.07042902261018753,0.0,0.07131334394216537,0.0,0.28181010484695435
5658,0.006802254449576139,0.019435836747288705,0.030596598237752914,0.06501913890242576,0.0,0.07131835073232651,0.0,0.28181660175323486
5659,0.006672350130975247,0.01873919926583767,0.029982314631342887,0.07310442924499512,0.0,0.07132188230752945,0.0,0.2818225920200348
5660,0.006584484875202179,0.019725029543042182,0.029969053342938423,0.0727474793791771,0.0,0.0713261216878891,0.0,0.28182798624038696
5661,0.006601543817669153,0.019700634479522704,0.028780179098248482,0.07262948453426361,0.0,0.07133536040782928,0.0,0.28183165192604065
5662,0.006993876118212938,0.01960393935441971,0.02915232814848423,0.06827689856290817,0.0,0.07134460657835007,0.0,0.28183385729789734
5663,0.006800321955233812,0.020134680718183518,0.030251409858465195,0.0703548476099968,0.0,0.07134898751974106,0.0,0.2818366587162018
5664,0.0065229847095906734,0.020224565267562868,0.02957581914961338,0.07078716307878494,0.0,0.07135038077831268,0.0,0.2818380892276764
5665,0.006719296518713236,0.01965523324906826,0.029438865929841997,0.06734203547239304,0.0,0.07135190069675446,0.0,0.2818374037742615
5666,0.0063436214812099935,0.018066276609897614,0.030745773017406462,0.06706118136644364,0.0,0.07135627418756485,0.0,0.2818361818790436
5667,0.006582156009972096,0.019076233357191087,0.030870387330651283,0.07172509431838989,0.0,0.07135672122240067,0.0,0.2818337380886078
5668,0.006585384253412485,0.019977322220802306,0.031033311784267426,0.06868330240249634,0.0,0.07135474681854248,0.0,0.28182974457740784
5669,0.006069703307002783,0.020414721220731735,0.031230806931853296,0.06923181563615799,0.0,0.07135242223739624,0.0,0.2818261981010437
5670,0.0069361040368676186,0.01885114274919033,0.027721424773335456,0.06845524460077286,0.0,0.07135514914989471,0.0,0.28182417154312134
5671,0.006295842025429011,0.01900571919977665,0.02887270264327526,0.07447190582752228,0.0,0.07135690748691559,0.0,0.2818233370780945
5672,0.006479915231466293,0.02008998394012451,0.029203881695866584,0.07390816509723663,0.0,0.0713605284690857,0.0,0.28182345628738403
5673,0.006681893579661846,0.019912803918123244,0.02984641119837761,0.06930348724126816,0.0,0.07136842608451843,0.0,0.2818228602409363
5674,0.006973988376557827,0.01884954497218132,0.029256168380379678,0.06596326753497124,0.0,0.07137681543827057,0.0,0.2818197011947632
5675,0.006372366938740015,0.020186567679047585,0.029094453901052475,0.0709244504570961,0.0,0.0713883563876152,0.0,0.2818175256252289
5676,0.00675432700663805,0.020013198629021643,0.02883821800351143,0.0671437717974186,0.0,0.07139831781387329,0.0,0.28181585669517517
5677,0.006172589119523763,0.018542906641960143,0.03049139305949211,0.06984870359301568,0.0,0.07140239328145981,0.0,0.28181514143943787
5678,0.0063537641428411005,0.02052617445588112,0.029388637840747835,0.07234922721982003,0.0,0.07140389829874039,0.0,0.281813383102417
5679,0.007042779680341482,0.019741731137037276,0.029697669297456743,0.06903572380542755,0.0,0.0714104026556015,0.0,0.28181105852127075
5680,0.006797979865223169,0.019553925842046738,0.028524072468280794,0.06785304993391036,0.0,0.07141469419002533,0.0,0.281810998916626
5681,0.0065560881979763504,0.020128566771745682,0.03337717168033123,0.06893216967582702,0.0,0.07141955941915512,0.0,0.28181061148643494
5682,0.006656114477664232,0.018504662066698076,0.030191249027848244,0.06941457092761993,0.0,0.07142559438943863,0.0,0.28180986642837524
5683,0.006712995283305645,0.019343635812401772,0.029375726357102394,0.06843344494700432,0.0,0.07142550498247147,0.0,0.28180763125419617
5684,0.006750978250056505,0.01965685710310936,0.02970057725906372,0.07025685459375382,0.0,0.07142170518636703,0.0,0.28180575370788574
5685,0.006356733292341233,0.020430152490735053,0.030078456550836564,0.07111585885286331,0.0,0.07141817361116409,0.0,0.2818048596382141
5686,0.006456336472183466,0.01949409134685993,0.028535153716802597,0.0723911926150322,0.0,0.07141417264938354,0.0,0.2818025052547455
5687,0.006361172441393137,0.019170432165265084,0.029242745041847228,0.07128368169069291,0.0,0.07140956819057465,0.0,0.28180092573165894
5688,0.00621250132098794,0.019331958889961243,0.029154014959931373,0.06500755548477173,0.0,0.07140006870031357,0.0,0.2817988991737366
5689,0.006269460450857878,0.020038212463259698,0.03046278841793537,0.0686955288052559,0.0,0.07139360904693604,0.0,0.2817951440811157
5690,0.006730160675942898,0.020168686658143996,0.03031042143702507,0.07216551229357719,0.0,0.0713878646492958,0.0,0.2817934453487396
5691,0.006211167946457863,0.019282639026641846,0.029079733043909074,0.06927434206008912,0.0,0.0713903084397316,0.0,0.2817925214767456
5692,0.0065592644736170765,0.020652353391051294,0.02891989126801491,0.07004187256097794,0.0,0.07139059156179428,0.0,0.2817901074886322
5693,0.0064906997606158255,0.018798799812793733,0.03011907860636711,0.06910912543535233,0.0,0.0713854655623436,0.0,0.2817894220352173
5694,0.006559662614017725,0.01955617666244507,0.031984750926494596,0.07297443896532059,0.0,0.07138273864984512,0.0,0.2817891538143158
5695,0.0064692763611674305,0.02046498768031597,0.02864135503768921,0.07022728323936463,0.0,0.07137716561555862,0.0,0.2817901074886322
5696,0.006769487634301186,0.018938520178198814,0.029072654247283936,0.07371395379304886,0.0,0.07137622684240341,0.0,0.28179121017456055
5697,0.006584485154598951,0.019371263310313226,0.03124026544392109,0.06805574893951416,0.0,0.07137443870306015,0.0,0.281790167093277
5698,0.006908547412604093,0.01961348168551922,0.0316037468612194,0.06744297295808792,0.0,0.07137136161327362,0.0,0.2817875146865845
5699,0.006727659422904253,0.01954251229763031,0.029416845738887788,0.06875813901424407,0.0,0.07137025147676468,0.0,0.2817856967449188
5700,0.006477272417396307,0.020157305151224138,0.028407743945717812,0.07078560590744018,0.0,0.07136447727680206,0.0,0.28178340196609497
5701,0.006296850461512804,0.018527212738990783,0.03064536675810814,0.07556068897247314,0.0,0.07135729491710663,0.0,0.28178054094314575
5702,0.006299686711281538,0.020113084837794303,0.029607632756233217,0.07147785276174545,0.0,0.07134813070297241,0.0,0.28177717328071594
5703,0.0063386386260390285,0.019583569094538688,0.029461530968546867,0.07223681211471558,0.0,0.07134058326482773,0.0,0.28177791833877563
5704,0.006396201532334089,0.01946742869913578,0.030426282435655594,0.06989416405558586,0.0,0.07133461534976959,0.0,0.2817802429199219
5705,0.006660574767738581,0.018551002815365793,0.029733574017882347,0.06886493563652038,0.0,0.07133275270462036,0.0,0.2817820906639099
5706,0.0068214421160519125,0.0203768365085125,0.030124376714229583,0.0700918436050415,0.0,0.07132872194051743,0.0,0.28178244829177856
5707,0.0067011215724051,0.019456473365426063,0.031243925169110297,0.06699874550104142,0.0,0.0713253989815712,0.0,0.28178414702415466
5708,0.007065808400511742,0.019403723254799842,0.032548964768648145,0.06693483889102936,0.0,0.07131920009851456,0.0,0.28178733587265015
5709,0.006659896858036518,0.01934156082570553,0.03260732442140579,0.06940327882766724,0.0,0.0713152214884758,0.0,0.28178870677948
5710,0.00625482490286231,0.01951911821961403,0.0286496102809906,0.07071162462234497,0.0,0.07130895555019379,0.0,0.2817925810813904
5711,0.006691267900168896,0.01989256516098976,0.030840476974844933,0.06893880814313888,0.0,0.07130061089992523,0.0,0.2817961573600769
5712,0.00687029417604208,0.019568999484181403,0.030223989486694337,0.06983885765075684,0.0,0.0712924674153328,0.0,0.28179803490638733
5713,0.006298105698078871,0.019655037298798562,0.029442456737160682,0.07118786573410034,0.0,0.07128850370645523,0.0,0.28179895877838135
5714,0.006397770531475544,0.020498618483543396,0.03002961426973343,0.06996908038854599,0.0,0.0712868794798851,0.0,0.28179943561553955
5715,0.006511756684631109,0.019295191392302513,0.03043921887874603,0.07024074196815491,0.0,0.07128405570983887,0.0,0.2818000614643097
5716,0.006315191090106964,0.01859772242605686,0.03149192705750466,0.07029973119497299,0.0,0.07128095626831055,0.0,0.2818024158477783
5717,0.006539822649210691,0.019747376441955566,0.031449784711003306,0.06591743528842926,0.0,0.07128232717514038,0.0,0.28180450201034546
5718,0.006470696628093719,0.018780719861388205,0.029077396541833878,0.06929950267076493,0.0,0.071284219622612,0.0,0.2818063199520111
5719,0.006379524897783995,0.01978207379579544,0.03279770277440548,0.06899857819080353,0.0,0.07128836214542389,0.0,0.28180670738220215
5720,0.006744054518640042,0.019998247548937798,0.02722221948206425,0.07179295718669891,0.0,0.07129676640033722,0.0,0.28181061148643494
5721,0.006577448919415474,0.018871096521615983,0.029428229108452796,0.0722858801484108,0.0,0.0713028684258461,0.0,0.28181442618370056
5722,0.006400894653052091,0.0209933627396822,0.02930205166339874,0.07102076858282089,0.0,0.07130680978298187,0.0,0.2818202078342438
5723,0.006179982889443636,0.018980876356363297,0.03191212452948093,0.06860781759023667,0.0,0.07131250202655792,0.0,0.2818247377872467
5724,0.006453758291900158,0.019737421721220016,0.0291181780397892,0.07120534032583237,0.0,0.0713176503777504,0.0,0.281827837228775
5725,0.006713108159601688,0.01903345249593258,0.029634030908346175,0.07425227761268616,0.0,0.07132761180400848,0.0,0.28183096647262573
5726,0.006522525381296873,0.020912577211856843,0.029957440868020057,0.06868990361690522,0.0,0.07133828848600388,0.0,0.281834214925766
5727,0.006415472365915775,0.01941976770758629,0.030902529880404473,0.06802677065134048,0.0,0.0713532567024231,0.0,0.28183513879776
5728,0.0065620473586022856,0.019948876276612282,0.02869793139398098,0.06986857950687408,0.0,0.07136617600917816,0.0,0.2818358540534973
5729,0.006769969314336777,0.019913315400481225,0.03059690184891224,0.0741925671696663,0.0,0.07137636840343475,0.0,0.28183549642562866
5730,0.006388269364833832,0.01869802363216877,0.028551051393151283,0.06780592948198319,0.0,0.07138516008853912,0.0,0.2818357050418854
5731,0.006485904473811388,0.019215136766433716,0.030396636575460434,0.07376105040311813,0.0,0.07139290869235992,0.0,0.2818358540534973
5732,0.006454552710056305,0.019494633376598357,0.029574473947286607,0.06679882407188416,0.0,0.07139933854341507,0.0,0.28183916211128235
5733,0.006709036603569985,0.020022906363010406,0.031171220913529397,0.07240629941225052,0.0,0.07140488922595978,0.0,0.2818412482738495
5734,0.006534094549715519,0.019417298957705498,0.028822360932826994,0.07273950427770615,0.0,0.07140836864709854,0.0,0.28184276819229126
5735,0.006736950855702162,0.019839000329375266,0.02901889830827713,0.07287061959505081,0.0,0.07140656560659409,0.0,0.28184428811073303
5736,0.006650722399353981,0.019788022711873056,0.028506482020020485,0.07266896218061447,0.0,0.07141277939081192,0.0,0.28184401988983154
5737,0.006481568235903979,0.018363528326153754,0.03228561207652092,0.07038043811917305,0.0,0.0714213103055954,0.0,0.2818416357040405
5738,0.0064029315486550335,0.01942509226500988,0.029395079985260964,0.07096913754940033,0.0,0.07143133878707886,0.0,0.28183940052986145
5739,0.006348373088985682,0.019968080893158914,0.031305409595370294,0.06880174204707146,0.0,0.07143918424844742,0.0,0.2818368077278137
5740,0.006795199122279882,0.019369552657008172,0.03214125894010067,0.07150564044713974,0.0,0.07144512981176376,0.0,0.2818310260772705
5741,0.006650644261389971,0.018999885022640228,0.03031279854476452,0.0733914241194725,0.0,0.07145155221223831,0.0,0.28182560205459595
5742,0.0066603397950530056,0.01991715729236603,0.029872412979602813,0.06800478547811509,0.0,0.07145442068576813,0.0,0.28181979060173035
5743,0.006474760361015797,0.019105152040719987,0.02934262976050377,0.06697314456105233,0.0,0.0714566558599472,0.0,0.281815767288208
5744,0.006289292220026254,0.020221364870667457,0.03162138722836971,0.06728941723704338,0.0,0.07145698368549347,0.0,0.2818167805671692
5745,0.006340667326003313,0.0181806031614542,0.03165929391980171,0.06988105028867722,0.0,0.0714617520570755,0.0,0.28182050585746765
5746,0.0063309441320598125,0.019487697631120682,0.029999201744794847,0.0729506179690361,0.0,0.07145855575799942,0.0,0.28182488679885864
5747,0.00667841611430049,0.01903714835643768,0.030052240937948227,0.06688385456800461,0.0,0.07146158069372177,0.0,0.2818293869495392
5748,0.006624996103346348,0.019139638915657998,0.02941327020525932,0.07777292728424072,0.0,0.0714663714170456,0.0,0.2818352282047272
5749,0.006785579584538936,0.01966056376695633,0.02898181900382042,0.06811682656407356,0.0,0.07146971672773361,0.0,0.28183990716934204
5750,0.006705545168370008,0.019732486829161643,0.029162489250302313,0.0683319017291069,0.0,0.07147661596536636,0.0,0.2818447947502136
5751,0.006460616365075111,0.019142895936965942,0.0317387193441391,0.06889479160308838,0.0,0.07148121297359467,0.0,0.2818484902381897
5752,0.006970188952982426,0.01905149593949318,0.02952972836792469,0.06757868081331253,0.0,0.0714881494641304,0.0,0.2818508744239807
5753,0.006627476401627063,0.019525955989956857,0.030414770171046258,0.07408790141344071,0.0,0.07149003446102142,0.0,0.2818528413772583
5754,0.006453265249729156,0.019505185633897783,0.030640968680381776,0.06732894107699394,0.0,0.07148595154285431,0.0,0.2818524241447449
5755,0.006402083206921816,0.019451679661870003,0.030514128878712653,0.068187315762043,0.0,0.07148261368274689,0.0,0.28185245394706726
5756,0.0065813233144581314,0.019061823561787605,0.030262145772576333,0.07080638259649277,0.0,0.07147951424121857,0.0,0.2818506360054016
5757,0.006393991224467754,0.02085280939936638,0.02867910824716091,0.07031110972166062,0.0,0.0714760571718216,0.0,0.2818472385406494
5758,0.0061151299625635145,0.02093101441860199,0.03023519329726696,0.0697369247674942,0.0,0.07146839052438736,0.0,0.2818431258201599
5759,0.006326266378164291,0.01944110505282879,0.030026357620954514,0.07220312505960465,0.0,0.07146412134170532,0.0,0.28183916211128235
5760,0.0066333809867501255,0.020072665065526962,0.03069828301668167,0.06967409551143647,0.0,0.07146213948726654,0.0,0.28183498978614807
5761,0.006623950134962797,0.01896534338593483,0.02926212102174759,0.06717658787965775,0.0,0.0714564248919487,0.0,0.28183087706565857
5762,0.006446326617151499,0.01905016340315342,0.030444387719035147,0.06886897683143615,0.0,0.07145537436008453,0.0,0.281828373670578
5763,0.006381221860647201,0.01947072222828865,0.031877117976546285,0.06848190426826477,0.0,0.07145192474126816,0.0,0.2818257212638855
5764,0.0062479417771101,0.01884077228605747,0.02831711620092392,0.0704615980386734,0.0,0.07144413888454437,0.0,0.2818225026130676
5765,0.0062350546009838585,0.01960322931408882,0.030744275823235512,0.0710443377494812,0.0,0.07143492996692657,0.0,0.28181949257850647
5766,0.006373411603271961,0.02010359615087509,0.029929840192198753,0.06549153253436088,0.0,0.07142667472362518,0.0,0.28181666135787964
5767,0.006378426495939493,0.020147252082824706,0.03003760762512684,0.06960643976926803,0.0,0.07141461223363876,0.0,0.2818141579627991
5768,0.00671949228271842,0.01986318938434124,0.029885630682110788,0.06633769124746322,0.0,0.07139937579631805,0.0,0.28181251883506775
5769,0.006074462551623583,0.019763438403606413,0.02966417707502842,0.07023611664772034,0.0,0.07138462364673615,0.0,0.28180813789367676
5770,0.006385111715644598,0.019519057497382163,0.02969975396990776,0.07047393471002579,0.0,0.07136964797973633,0.0,0.2818036377429962
5771,0.006465680152177811,0.0201175507158041,0.02922825701534748,0.06490499898791313,0.0,0.07135449349880219,0.0,0.2817983031272888
5772,0.006602224055677652,0.018301957473158836,0.030496464297175407,0.06990475952625275,0.0,0.07134461402893066,0.0,0.28179407119750977
5773,0.006423289515078067,0.019628049805760384,0.0284800685942173,0.07106584161520005,0.0,0.0713389441370964,0.0,0.28178977966308594
5774,0.006803676392883063,0.020090815797448158,0.029768625646829604,0.06714759767055511,0.0,0.07133286446332932,0.0,0.2817884683609009
5775,0.006470304727554321,0.02096417285501957,0.031491631641983986,0.06900320947170258,0.0,0.07132501155138016,0.0,0.2817859649658203
5776,0.006161571480333805,0.02027473710477352,0.028975509107112885,0.06825155839323997,0.0,0.071314737200737,0.0,0.28178656101226807
5777,0.0067749486304819586,0.018892673403024675,0.029507951810956,0.0655601255595684,0.0,0.071310855448246,0.0,0.2817898392677307
5778,0.00663767708465457,0.020101883634924888,0.029927292466163637,0.06909680441021919,0.0,0.07131189852952957,0.0,0.28179243206977844
5779,0.006553081050515175,0.018673658743500708,0.029470373317599295,0.07002696990966797,0.0,0.07131672650575638,0.0,0.2817929983139038
5780,0.006714636366814375,0.01995723620057106,0.030928415432572364,0.06688639894127846,0.0,0.07131785899400711,0.0,0.2817937731742859
5781,0.0065277785994112495,0.01894875317811966,0.03142215572297573,0.06799555867910385,0.0,0.07132302224636078,0.0,0.28179389238357544
5782,0.0063484937883913515,0.019283127784729005,0.028153271600604057,0.07178219258785248,0.0,0.07132455706596375,0.0,0.2817936837673187
5783,0.0062827435322105885,0.01902976371347904,0.030579075589776038,0.06747401356697083,0.0,0.07132919132709503,0.0,0.2817933261394501
5784,0.006816331390291452,0.01989143118262291,0.028371188417077066,0.07114348262548446,0.0,0.0713333934545517,0.0,0.28179270029067993
5785,0.006966528762131929,0.019351526349782943,0.030542803183197974,0.069344162940979,0.0,0.07134107500314713,0.0,0.28178873658180237
5786,0.006451806053519249,0.01939190849661827,0.029170750454068185,0.06804826557636261,0.0,0.0713467001914978,0.0,0.28178563714027405
5787,0.006287238094955683,0.019978442415595054,0.02812592014670372,0.07020633518695832,0.0,0.07135298103094101,0.0,0.2817816138267517
5788,0.006369253341108561,0.02088787816464901,0.029891208559274674,0.06919202506542206,0.0,0.0713619738817215,0.0,0.28177687525749207
5789,0.006785791646689176,0.019983514770865442,0.030530446395277976,0.06761293187737465,0.0,0.07137078046798706,0.0,0.28177309036254883
5790,0.006760646495968104,0.01996132396161556,0.028426235914230345,0.06830653548240662,0.0,0.07137967646121979,0.0,0.28177130222320557
5791,0.00664106234908104,0.01944885663688183,0.03095014877617359,0.06588893681764603,0.0,0.07138673961162567,0.0,0.2817690968513489
5792,0.006538000144064427,0.019278163090348244,0.0301065631210804,0.06707956418395042,0.0,0.07139676809310913,0.0,0.2817700505256653
5793,0.006636231113225222,0.02081143520772457,0.02828069180250168,0.07036185413599014,0.0,0.07140682637691498,0.0,0.281770795583725
5794,0.006529579777270556,0.01954687461256981,0.030104750022292136,0.06671100407838822,0.0,0.0714208334684372,0.0,0.2817716896533966
5795,0.006786317564547062,0.019284624606370926,0.02876006029546261,0.0746759369969368,0.0,0.07143394649028778,0.0,0.2817735970020294
5796,0.006809027213603258,0.020068288221955298,0.031105266138911247,0.06718707978725433,0.0,0.07144547998905182,0.0,0.28177517652511597
5797,0.0065206347964704035,0.019348061084747313,0.02961672879755497,0.07617497593164443,0.0,0.0714505985379219,0.0,0.2817799150943756
5798,0.0068736190907657145,0.019701257348060608,0.030053672567009925,0.06631610989570617,0.0,0.07145678997039795,0.0,0.2817847728729248
5799,0.006210858561098575,0.018915286660194396,0.029092831537127495,0.06990528404712677,0.0,0.07146532088518143,0.0,0.28178995847702026
5800,0.006938106194138527,0.019760291650891305,0.031832095235586166,0.07197976410388947,0.0,0.07147232443094254,0.0,0.28179335594177246
5801,0.006612351536750794,0.019867177680134775,0.029190050810575484,0.06673931926488877,0.0,0.0714879259467125,0.0,0.28179317712783813
5802,0.006263542454689741,0.019675394892692565,0.03105611093342304,0.06350537613034249,0.0,0.07150766998529434,0.0,0.2817912697792053
5803,0.006808360386639833,0.01901889443397522,0.030362696573138236,0.06623764708638191,0.0,0.07152140885591507,0.0,0.2817886173725128
5804,0.006599576491862535,0.01994716376066208,0.028921860083937646,0.06576632782816887,0.0,0.07153702527284622,0.0,0.2817858159542084
5805,0.006159836240112781,0.019424078240990638,0.030902408063411713,0.06874806061387062,0.0,0.07155086100101471,0.0,0.28178244829177856
5806,0.006319558620452881,0.01988772116601467,0.030862129479646682,0.07009323164820672,0.0,0.0715632513165474,0.0,0.2817797064781189
5807,0.006762460619211197,0.01955775134265423,0.030005527287721635,0.06632968187332153,0.0,0.07157063484191895,0.0,0.2817761301994324
5808,0.006322215870022773,0.0196783646941185,0.029897022247314452,0.0745269700884819,0.0,0.07157782465219498,0.0,0.28177350759506226
5809,0.006799046043306589,0.01940709799528122,0.029453187063336373,0.06904950365424156,0.0,0.07158523797988892,0.0,0.2817710041999817
5810,0.006212172657251358,0.01991189979016781,0.02828467935323715,0.07207782715559005,0.0,0.07159286737442017,0.0,0.28176969289779663
5811,0.006229181680828333,0.018903320655226707,0.028782647848129273,0.06854951828718185,0.0,0.07160572707653046,0.0,0.2817683815956116
5812,0.0059786089695990086,0.0193964421749115,0.029197261855006217,0.06928262263536453,0.0,0.07161124050617218,0.0,0.281764417886734
5813,0.006598461139947176,0.01996633969247341,0.03259120099246502,0.06756244152784348,0.0,0.07161357253789902,0.0,0.28176015615463257
5814,0.006923471204936504,0.02036071605980396,0.02911788411438465,0.06870624646544457,0.0,0.07161522656679153,0.0,0.2817559242248535
5815,0.0066228361800313,0.019503514841198923,0.030515988916158678,0.07020459920167924,0.0,0.07161610573530197,0.0,0.28175225853919983
5816,0.006461735442280769,0.019284641742706297,0.028946465253829955,0.06900782436132431,0.0,0.07161848992109299,0.0,0.28174853324890137
5817,0.006579948589205742,0.019326090067625045,0.03112534321844578,0.07342372089624405,0.0,0.07162562757730484,0.0,0.2817433178424835
5818,0.006757188029587269,0.02029273919761181,0.03200210481882095,0.07042835801839828,0.0,0.07163278013467789,0.0,0.2817379832267761
5819,0.006603875569999218,0.02010559253394604,0.028530503064393996,0.06962855905294418,0.0,0.07164107263088226,0.0,0.2817341983318329
5820,0.006543897092342377,0.01987031549215317,0.030558500066399576,0.0717887744307518,0.0,0.07164742052555084,0.0,0.2817304730415344
5821,0.006602401938289404,0.0198710385710001,0.03198703676462174,0.06936391592025756,0.0,0.07165618985891342,0.0,0.2817295491695404
5822,0.006765651237219572,0.019691164791584014,0.029713096097111702,0.07136078476905823,0.0,0.07166659832000732,0.0,0.2817293107509613
5823,0.006202596053481102,0.019267512112855913,0.030485355108976365,0.07302275449037551,0.0,0.07167701423168182,0.0,0.2817310690879822
5824,0.0066106758080422875,0.019664711132645608,0.028722140192985534,0.07074336856603622,0.0,0.07168448716402054,0.0,0.2817333936691284
5825,0.006096907425671816,0.019312519952654837,0.029985637962818147,0.07091580331325531,0.0,0.07169373333454132,0.0,0.2817343771457672
5826,0.006390451174229384,0.020131509378552438,0.03001806065440178,0.07591083496809006,0.0,0.07170110195875168,0.0,0.2817351818084717
5827,0.006743268202990293,0.019418929889798164,0.029970992356538773,0.06471350863575935,0.0,0.0717102512717247,0.0,0.2817372679710388
5828,0.006484362296760082,0.02035382725298405,0.03070392906665802,0.07276324033737183,0.0,0.07171846926212311,0.0,0.28173893690109253
5829,0.006493658851832151,0.018918614834547043,0.02870834581553936,0.0687055230140686,0.0,0.07172887027263641,0.0,0.28174132108688354
5830,0.006118336226791143,0.019300232455134392,0.02927698940038681,0.06832884773612022,0.0,0.07173572480678558,0.0,0.2817443013191223
5831,0.006589215155690909,0.020106378197669982,0.02895232103765011,0.06819919124245644,0.0,0.07174267619848251,0.0,0.2817477583885193
5832,0.006205102708190679,0.018709499388933182,0.03185996748507023,0.0700578436255455,0.0,0.07174991071224213,0.0,0.2817504405975342
5833,0.006438151840120554,0.019186080619692802,0.029839088395237922,0.06543335616588593,0.0,0.07175818085670471,0.0,0.28175416588783264
5834,0.006622600927948951,0.01924472153186798,0.02935205176472664,0.07108756229281425,0.0,0.07176828384399414,0.0,0.28175655007362366
5835,0.006727402843534946,0.019571952894330023,0.030539742112159728,0.0718227595090866,0.0,0.07177553325891495,0.0,0.2817600667476654
5836,0.006617655325680971,0.019193428009748457,0.029958802834153177,0.06694758459925651,0.0,0.07178021222352982,0.0,0.2817629873752594
5837,0.006481137219816446,0.019041210040450098,0.02985139302909374,0.0716701626777649,0.0,0.07178054749965668,0.0,0.2817654609680176
5838,0.006433761864900589,0.018771936371922492,0.028289733454585075,0.06896394193172455,0.0,0.07178030908107758,0.0,0.28176918625831604
5839,0.006310732010751963,0.019407880306243897,0.02980635389685631,0.06942041367292404,0.0,0.07178013771772385,0.0,0.28177356719970703
5840,0.0065902390517294405,0.01934380643069744,0.030060327798128127,0.06754501760005951,0.0,0.07177798449993134,0.0,0.2817782759666443
5841,0.006427708361297846,0.01930946111679077,0.029159620776772498,0.06845966726541519,0.0,0.07177476584911346,0.0,0.28178080916404724
5842,0.006687388475984335,0.019785884022712707,0.028757314756512643,0.07255652993917465,0.0,0.07177013158798218,0.0,0.28178396821022034
5843,0.006779816653579474,0.01921137496829033,0.02998197004199028,0.06992121785879135,0.0,0.07176782935857773,0.0,0.28178519010543823
5844,0.006741088163107633,0.01989116668701172,0.029992911964654922,0.06791634410619736,0.0,0.07176993787288666,0.0,0.28178590536117554
5845,0.006567611359059811,0.020221645012497902,0.02900793179869652,0.07011900693178177,0.0,0.07177165895700455,0.0,0.28178900480270386
5846,0.0066371563822031025,0.018645907938480377,0.03137203417718411,0.0683043047785759,0.0,0.07177203893661499,0.0,0.28179067373275757
5847,0.00645575588569045,0.018425606563687323,0.0304792445152998,0.06720013990998268,0.0,0.07177451997995377,0.0,0.2817917466163635
5848,0.006221224926412106,0.01905217580497265,0.029983435198664664,0.07175191044807434,0.0,0.07177473604679108,0.0,0.281794011592865
5849,0.006590753607451916,0.01914713829755783,0.031616242974996565,0.06480357721447945,0.0,0.07177381962537766,0.0,0.2817940413951874
5850,0.006634157709777355,0.01946357935667038,0.030787816271185875,0.06901073306798935,0.0,0.07177399098873138,0.0,0.2817949652671814
5851,0.006679397262632847,0.019711106643080713,0.029063471779227256,0.07098791003227234,0.0,0.07177324593067169,0.0,0.2817937731742859
5852,0.006160592380911112,0.019659539312124254,0.030564090609550475,0.07091553062200547,0.0,0.07178200781345367,0.0,0.2817911207675934
5853,0.0062102220021188256,0.02034856826066971,0.028333058580756187,0.06774405241012574,0.0,0.07178758829832077,0.0,0.28178709745407104
5854,0.006663853861391544,0.01906842738389969,0.027388174459338187,0.07094928175210953,0.0,0.07179518789052963,0.0,0.2817806303501129
5855,0.006972310971468687,0.020150838047266008,0.03033443130552769,0.06761877685785293,0.0,0.07180098444223404,0.0,0.2817736566066742
5856,0.006550271064043045,0.019117770344018938,0.02983897402882576,0.07587219178676605,0.0,0.07180902361869812,0.0,0.2817652225494385
5857,0.0064180088229477406,0.019856178015470505,0.02897212393581867,0.06871384531259536,0.0,0.07181266695261002,0.0,0.28175705671310425
5858,0.006818005535751581,0.018797418847680093,0.0292071420699358,0.06777457743883133,0.0,0.07181558758020401,0.0,0.2817489206790924
5859,0.006540963426232338,0.020004335045814513,0.029572996869683267,0.06861778050661087,0.0,0.0718211755156517,0.0,0.28173989057540894
5860,0.006668063905090093,0.019897425547242165,0.030703441053628922,0.06963693797588348,0.0,0.07182741165161133,0.0,0.2817308306694031
5861,0.006443525105714798,0.019683412835001947,0.030936728045344353,0.0726029708981514,0.0,0.07183196395635605,0.0,0.2817244827747345
5862,0.006284796819090843,0.020024124532938004,0.029496776685118676,0.0686034768819809,0.0,0.07183387875556946,0.0,0.281717449426651
5863,0.006317456159740687,0.01964462921023369,0.029183600470423697,0.06647731810808181,0.0,0.07183937728404999,0.0,0.28171077370643616
5864,0.006366489455103874,0.01897573359310627,0.029151668399572374,0.06752521321177482,0.0,0.07184229046106339,0.0,0.2817043662071228
5865,0.006235338654369116,0.019943027570843697,0.02866446115076542,0.07003700137138366,0.0,0.07184480875730515,0.0,0.2816983759403229
5866,0.0064450807869434355,0.02023102305829525,0.0311235710978508,0.06321834921836852,0.0,0.07184303551912308,0.0,0.2816930115222931
5867,0.006034724600613117,0.01982549801468849,0.028824660181999206,0.06868712902069092,0.0,0.07184380292892456,0.0,0.281688928604126
5868,0.007415939681231975,0.01845322884619236,0.031068849563598632,0.06677078530192375,0.0,0.07184012234210968,0.0,0.28168490529060364
5869,0.006350959558039904,0.01950799897313118,0.029506624117493628,0.06895798742771149,0.0,0.07183171808719635,0.0,0.281680166721344
5870,0.0069240439683198925,0.019682086259126663,0.02995948903262615,0.06875265091657638,0.0,0.07183102518320084,0.0,0.2816779911518097
5871,0.0066378449089825155,0.02078716494143009,0.030126568302512167,0.07129908502101898,0.0,0.07182686775922775,0.0,0.2816751301288605
5872,0.006111010815948248,0.019842229038476943,0.03009599633514881,0.07117424681782722,0.0,0.07182633876800537,0.0,0.2816721796989441
5873,0.006757395062595606,0.018387149274349212,0.029139656201004983,0.06957858055830002,0.0,0.07182051241397858,0.0,0.2816713750362396
5874,0.0064564569853246215,0.02001275271177292,0.028253629803657532,0.07157008200883866,0.0,0.07181476056575775,0.0,0.281670480966568
5875,0.00658880639821291,0.02069818787276745,0.029323043301701546,0.07145949155092239,0.0,0.07180238515138626,0.0,0.2816689908504486
5876,0.006287545617669821,0.01945664584636688,0.031157216429710387,0.07311270385980606,0.0,0.0717887207865715,0.0,0.2816708981990814
5877,0.0065221600234508514,0.019252245500683784,0.030683304369449615,0.07066188752651215,0.0,0.07177459448575974,0.0,0.28167420625686646
5878,0.00617064842954278,0.02032676264643669,0.030187737941741944,0.07260364294052124,0.0,0.07175824046134949,0.0,0.28167924284935
5879,0.006488424353301525,0.01955021657049656,0.03182883411645889,0.06628210246562957,0.0,0.0717436820268631,0.0,0.2816859185695648
5880,0.006616268213838339,0.0198893204331398,0.029445788264274596,0.07146883159875869,0.0,0.07172726094722748,0.0,0.28169456124305725
5881,0.006580313947051763,0.020256027579307556,0.032234950736165044,0.0699037879705429,0.0,0.07171442359685898,0.0,0.28170114755630493
5882,0.006426848378032446,0.01987462192773819,0.0307232640683651,0.07074917554855346,0.0,0.07169894874095917,0.0,0.28170618414878845
5883,0.006755040213465691,0.020302090793848038,0.03044107146561146,0.06629691272974014,0.0,0.07169159501791,0.0,0.28171178698539734
5884,0.0062372079119086266,0.019360306859016418,0.028717488422989844,0.06916420757770539,0.0,0.07168695330619812,0.0,0.28171461820602417
5885,0.006772901583462954,0.01997792162001133,0.030176588520407676,0.06625883281230927,0.0,0.07167951762676239,0.0,0.2817179262638092
5886,0.0062187546864151955,0.020013397559523582,0.031099540740251543,0.07024709582328796,0.0,0.0716690942645073,0.0,0.2817200720310211
5887,0.006660157348960638,0.02005554996430874,0.028719557076692583,0.0678426057100296,0.0,0.07165591418743134,0.0,0.2817225754261017
5888,0.006674035172909498,0.019286108389496803,0.03065735138952732,0.07016444504261017,0.0,0.07164471596479416,0.0,0.2817261815071106
5889,0.006989046279340982,0.018783028423786163,0.029308106005191802,0.069987353682518,0.0,0.07163586467504501,0.0,0.2817285656929016
5890,0.006836742069572211,0.020009855926036834,0.03085266649723053,0.07119657397270203,0.0,0.07162708789110184,0.0,0.28172969818115234
5891,0.00624092984944582,0.01988890618085861,0.02972567267715931,0.0747576355934143,0.0,0.07161979377269745,0.0,0.2817303538322449
5892,0.0065038175322115425,0.019701002165675163,0.028759179636836052,0.0719739019870758,0.0,0.07161082327365875,0.0,0.28173041343688965
5893,0.00615512989461422,0.019543148577213287,0.030156802758574484,0.07182938158512116,0.0,0.07160039991140366,0.0,0.28173208236694336
5894,0.00633965851739049,0.01987944096326828,0.0287983950227499,0.06688399463891984,0.0,0.07159450650215149,0.0,0.28173303604125977
5895,0.006760871876031161,0.019459619745612146,0.03007047362625599,0.07199473530054093,0.0,0.0715872198343277,0.0,0.2817337214946747
5896,0.006757240369915962,0.019736269116401674,0.028454726561903954,0.06841218024492264,0.0,0.07157866656780243,0.0,0.28173476457595825
5897,0.006659050099551677,0.019643685221672057,0.03031759858131409,0.0697377622127533,0.0,0.07156674563884735,0.0,0.28173816204071045
5898,0.006552269589155913,0.0199258279055357,0.029642435535788537,0.06687500029802322,0.0,0.07156185805797577,0.0,0.2817397713661194
5899,0.0061416856944561,0.021061567589640617,0.028034837171435355,0.0703473523259163,0.0,0.07155339419841766,0.0,0.28174060583114624
5900,0.00613903570920229,0.01995638906955719,0.030713000893592836,0.07234342992305756,0.0,0.07154438644647598,0.0,0.2817416489124298
5901,0.006819502823054791,0.01927514523267746,0.029743792861700057,0.07036982476711273,0.0,0.07153459638357162,0.0,0.28174155950546265
5902,0.0061773847788572315,0.020223476365208624,0.030502433702349663,0.0693119302392006,0.0,0.07153210788965225,0.0,0.28174230456352234
5903,0.006451337411999702,0.01925466172397137,0.0309553824365139,0.06735712587833405,0.0,0.07152796536684036,0.0,0.28174376487731934
5904,0.007070851139724254,0.020188234746456146,0.029314587265253066,0.06997409164905548,0.0,0.07152105867862701,0.0,0.2817445397377014
5905,0.006725431699305773,0.02077755369246006,0.03179890960454941,0.07252503335475921,0.0,0.07152024656534195,0.0,0.28174397349357605
5906,0.006489545665681362,0.020353617146611214,0.03010811544954777,0.07109966576099395,0.0,0.07152865827083588,0.0,0.2817409336566925
5907,0.006919665914028883,0.02029688432812691,0.029790325835347176,0.06739141941070556,0.0,0.07153822481632233,0.0,0.28173738718032837
5908,0.006298755295574665,0.019160570576786995,0.02869504727423191,0.06748204976320267,0.0,0.07155030965805054,0.0,0.28173333406448364
5909,0.006387320347130299,0.019979406893253327,0.028448611870408057,0.07226321697235108,0.0,0.07156096398830414,0.0,0.2817302644252777
5910,0.006678580306470394,0.01889825500547886,0.0287118636071682,0.07212066352367401,0.0,0.07157319039106369,0.0,0.2817278802394867
5911,0.006516644451767206,0.019373119249939917,0.029903632029891013,0.07250671982765197,0.0,0.07157734781503677,0.0,0.2817266583442688
5912,0.00663136262446642,0.020414450392127036,0.03129074014723301,0.06688403636217118,0.0,0.07157782465219498,0.0,0.2817268967628479
5913,0.006290208734571934,0.020039124041795732,0.029116015508770944,0.07184951975941659,0.0,0.07157645374536514,0.0,0.28172898292541504
5914,0.006584302056580782,0.019813647493720055,0.028401517122983933,0.06783683523535729,0.0,0.0715775117278099,0.0,0.28172940015792847
5915,0.006568986177444458,0.0207572303712368,0.02979099191725254,0.07214657366275787,0.0,0.07157991826534271,0.0,0.2817300856113434
5916,0.006389523670077324,0.019452787935733795,0.02939705178141594,0.06855506300926209,0.0,0.07158156484365463,0.0,0.28173109889030457
5917,0.006280162557959557,0.01865832507610321,0.030286750197410582,0.06871081292629241,0.0,0.07158313691616058,0.0,0.2817317843437195
5918,0.006141149718314409,0.01996786706149578,0.03077096678316593,0.06553989201784134,0.0,0.07158356159925461,0.0,0.281730592250824
5919,0.006393723841756582,0.019487591460347176,0.027077130600810052,0.07021632343530655,0.0,0.07158020883798599,0.0,0.281727135181427
5920,0.006677124369889498,0.019876547157764435,0.029388785362243652,0.07078534811735153,0.0,0.07157979905605316,0.0,0.2817235589027405
5921,0.0061174723319709304,0.01986554339528084,0.028100892156362533,0.06647151336073875,0.0,0.07157336175441742,0.0,0.2817203402519226
5922,0.006846402864903211,0.019287212565541268,0.02863374762237072,0.07422651201486588,0.0,0.07156375795602798,0.0,0.28171589970588684
5923,0.006283904705196619,0.02025764770805836,0.03096405491232872,0.07130740433931351,0.0,0.07154722511768341,0.0,0.28171104192733765
5924,0.0065251108258962635,0.020319375023245812,0.03246389403939247,0.07024786472320557,0.0,0.07153280824422836,0.0,0.28170639276504517
5925,0.0065900198183953766,0.01938079446554184,0.03109518885612488,0.06692517176270485,0.0,0.07151685655117035,0.0,0.28170332312583923
5926,0.006100097112357617,0.02002851516008377,0.02983340434730053,0.07514256238937378,0.0,0.07150019705295563,0.0,0.28169965744018555
5927,0.006713572144508362,0.019202486053109168,0.029887359589338303,0.06930351853370667,0.0,0.07148104161024094,0.0,0.28169578313827515
5928,0.006906227301806211,0.019980191811919214,0.03078586459159851,0.07249165028333664,0.0,0.07145769149065018,0.0,0.2816915810108185
5929,0.006573515944182873,0.01919741667807102,0.03141838498413563,0.07273597568273545,0.0,0.07143338769674301,0.0,0.28168970346450806
5930,0.006773119885474443,0.019646292179822923,0.029461439326405527,0.06848760470747947,0.0,0.07141359150409698,0.0,0.28168681263923645
5931,0.006670905742794275,0.020280344411730766,0.028903312981128693,0.06893392652273178,0.0,0.0713932141661644,0.0,0.2816852927207947
5932,0.006237377412617207,0.019899480044841766,0.029443449899554254,0.06808560937643052,0.0,0.07137776911258698,0.0,0.28168314695358276
5933,0.006392103899270296,0.019614451006054877,0.031011037155985834,0.06947454959154128,0.0,0.07136519998311996,0.0,0.2816808223724365
5934,0.006659179460257292,0.020441826432943344,0.03200470320880413,0.07405073195695877,0.0,0.07135249674320221,0.0,0.28167951107025146
5935,0.00679320702329278,0.020017096400260927,0.030734384804964064,0.07372869700193405,0.0,0.07133916765451431,0.0,0.2816771864891052
5936,0.006634099222719669,0.01994195394217968,0.0303207591176033,0.0714965283870697,0.0,0.07132766395807266,0.0,0.28167662024497986
5937,0.006807956006377935,0.01928721070289612,0.031242522224783898,0.07110959887504578,0.0,0.0713212788105011,0.0,0.28167787194252014
5938,0.006427096109837294,0.019725872948765755,0.031482822820544244,0.07239435911178589,0.0,0.07131314277648926,0.0,0.28168097138404846
5939,0.0067295761778950695,0.019839514046907425,0.029273180291056633,0.07394857257604599,0.0,0.0713055431842804,0.0,0.2816873788833618
5940,0.006506237480789423,0.018620967864990234,0.03021521456539631,0.07499396055936813,0.0,0.0713004320859909,0.0,0.28169575333595276
5941,0.006454831175506115,0.019628309085965155,0.029372460767626764,0.07239582762122154,0.0,0.07129484415054321,0.0,0.2817050516605377
5942,0.006044840719550848,0.019551832973957062,0.02858089841902256,0.06776926591992379,0.0,0.07128770649433136,0.0,0.2817143499851227
5943,0.006338213384151459,0.01999625936150551,0.028782454133033753,0.07105939090251923,0.0,0.07128262519836426,0.0,0.2817227244377136
5944,0.006288683414459229,0.018881789222359658,0.029591918364167212,0.06815387159585953,0.0,0.07127350568771362,0.0,0.28172972798347473
5945,0.0063764465972781185,0.019881762191653253,0.03097838759422302,0.06935320794582367,0.0,0.07126818597316742,0.0,0.2817370295524597
5946,0.006331815011799335,0.019268739968538284,0.030583927035331727,0.07203302532434464,0.0,0.07126562297344208,0.0,0.2817419767379761
5947,0.0062568534165620806,0.019105229154229166,0.029705363884568216,0.07307040691375732,0.0,0.07126016914844513,0.0,0.2817455232143402
5948,0.006226492393761873,0.01998414769768715,0.029659774526953696,0.06568723171949387,0.0,0.07125887274742126,0.0,0.28174763917922974
5949,0.006591830216348171,0.02006378024816513,0.02915804460644722,0.06738400459289551,0.0,0.07126377522945404,0.0,0.28174933791160583
5950,0.0066313927061855795,0.02014758959412575,0.030651717633008956,0.0673094742000103,0.0,0.07127036154270172,0.0,0.28175088763237
5951,0.006657237466424703,0.01897611506283283,0.030596068874001504,0.07060252130031586,0.0,0.07127799838781357,0.0,0.2817556858062744
5952,0.006832157727330923,0.019722795486450194,0.031165966764092445,0.06931540668010712,0.0,0.07128407806158066,0.0,0.2817612588405609
5953,0.006438557989895344,0.01985335722565651,0.030186082795262338,0.0693434625864029,0.0,0.07129600644111633,0.0,0.28176748752593994
5954,0.006488368287682534,0.020826934650540353,0.029394688084721565,0.06498207673430442,0.0,0.07130413502454758,0.0,0.2817750871181488
5955,0.006445089448243379,0.020344865694642066,0.030429556593298913,0.06992318406701088,0.0,0.07131407409906387,0.0,0.2817813754081726
5956,0.00626109279692173,0.020396019518375396,0.030031829699873926,0.06837594658136367,0.0,0.07132714241743088,0.0,0.28178471326828003
5957,0.006595807801932097,0.020228376612067223,0.029290216416120528,0.07658379822969437,0.0,0.07134496420621872,0.0,0.2817855775356293
5958,0.006682544387876988,0.019617440178990364,0.031005232036113738,0.06824504733085632,0.0,0.07136458158493042,0.0,0.28178319334983826
5959,0.0069238745607435705,0.018788376823067665,0.03049898110330105,0.06367306411266327,0.0,0.07138950377702713,0.0,0.2817816138267517
5960,0.00643805805593729,0.019566701352596284,0.029265812039375304,0.07229616940021515,0.0,0.0714128166437149,0.0,0.28178003430366516
5961,0.006878269743174315,0.019359111413359643,0.03008331172168255,0.06665072292089462,0.0,0.07143565267324448,0.0,0.28177791833877563
5962,0.006129754334688186,0.019934992864727975,0.029868949204683304,0.06720075607299805,0.0,0.0714602842926979,0.0,0.2817748188972473
5963,0.006696606893092394,0.018910133838653566,0.03071129471063614,0.0661865808069706,0.0,0.07148346304893494,0.0,0.2817715108394623
5964,0.006720417831093073,0.020001908764243126,0.030720476061105728,0.06734544634819031,0.0,0.07150636613368988,0.0,0.2817688286304474
5965,0.006372030824422836,0.019860488921403886,0.030269754678010942,0.06819926872849465,0.0,0.07153012603521347,0.0,0.2817651629447937
5966,0.006325311586260795,0.020485447719693184,0.02881081625819206,0.07361195534467697,0.0,0.07155810296535492,0.0,0.28176265954971313
5967,0.006577817164361477,0.02039787098765373,0.029187478497624396,0.06826503574848175,0.0,0.0715816542506218,0.0,0.28176116943359375
5968,0.006350866053253412,0.01970479004085064,0.030630449950695037,0.0700149342417717,0.0,0.07160816341638565,0.0,0.28175973892211914
5969,0.006251013651490211,0.02065812535583973,0.029138151183724405,0.07605066448450089,0.0,0.07163191586732864,0.0,0.2817600667476654
5970,0.006406399514526128,0.019383900240063666,0.028346506878733635,0.066285140812397,0.0,0.07165352255105972,0.0,0.28175899386405945
5971,0.0062959535047411915,0.01949976421892643,0.029358477890491487,0.07273493111133575,0.0,0.07166768610477448,0.0,0.28175750374794006
5972,0.006477211974561215,0.020024396106600763,0.028674694895744323,0.06983470022678376,0.0,0.07168000191450119,0.0,0.2817566394805908
5973,0.006568074878305197,0.020173094049096108,0.028915886580944062,0.06940356642007828,0.0,0.07169044017791748,0.0,0.28175657987594604
5974,0.006465649977326393,0.019663501530885696,0.030579936876893043,0.0628970593214035,0.0,0.07170309871435165,0.0,0.28175777196884155
5975,0.006936805136501789,0.01951330602169037,0.03008786328136921,0.06892863810062408,0.0,0.07171430438756943,0.0,0.2817602753639221
5976,0.006393918488174677,0.020042353495955467,0.030531148239970208,0.07151115834712982,0.0,0.07172935456037521,0.0,0.28176385164260864
5977,0.006695022340863943,0.019814081490039825,0.028822800889611245,0.06468966752290725,0.0,0.071741983294487,0.0,0.28176751732826233
5978,0.0061389805749058725,0.020254599675536156,0.03171562477946281,0.06628888249397277,0.0,0.07174940407276154,0.0,0.28177008032798767
5979,0.0064613458700478075,0.01948670707643032,0.032223927602171895,0.07502989023923874,0.0,0.0717640072107315,0.0,0.28177064657211304
5980,0.006576493941247463,0.019142815470695497,0.02967308722436428,0.0687737688422203,0.0,0.07178027927875519,0.0,0.28177160024642944
5981,0.006245003920048476,0.01952705830335617,0.02834620214998722,0.06470371410250664,0.0,0.07178933918476105,0.0,0.2817704677581787
5982,0.006558789312839508,0.020270437747240067,0.03175637610256672,0.07314375787973404,0.0,0.07179449498653412,0.0,0.28176942467689514
5983,0.006275091227144003,0.01916162669658661,0.030921853706240655,0.06449239924550057,0.0,0.07180269062519073,0.0,0.2817683815956116
5984,0.006370007712393999,0.019066172093153,0.030345723778009415,0.06664166450500489,0.0,0.07181438058614731,0.0,0.28176671266555786
5985,0.006930431630462408,0.01921921819448471,0.03212721794843674,0.06792112439870834,0.0,0.07183709740638733,0.0,0.2817646265029907
5986,0.006699393875896931,0.01960066854953766,0.029321378096938133,0.0678754210472107,0.0,0.07185627520084381,0.0,0.28176432847976685
5987,0.006346280407160521,0.019457470253109933,0.03052106611430645,0.0674187682569027,0.0,0.07188201695680618,0.0,0.2817663550376892
5988,0.006546738650649786,0.019964027777314187,0.03035707734525204,0.06650300472974777,0.0,0.07190460711717606,0.0,0.2817659378051758
5989,0.006314741913229227,0.01884623132646084,0.030762743204832077,0.07060339748859405,0.0,0.07192358374595642,0.0,0.28176599740982056
5990,0.006663800589740277,0.019780337065458297,0.030093800276517868,0.0727666325867176,0.0,0.0719369426369667,0.0,0.2817654609680176
5991,0.006964334286749363,0.01992463394999504,0.02962770126760006,0.0705950453877449,0.0,0.07195287942886353,0.0,0.28176450729370117
5992,0.0062929227948188785,0.01827833391726017,0.028130769729614258,0.07074200063943863,0.0,0.07196201384067535,0.0,0.28176575899124146
5993,0.006503198947757483,0.019547155871987344,0.029915449023246766,0.06795952916145324,0.0,0.07196417450904846,0.0,0.28176847100257874
5994,0.0071261820383369924,0.019151031598448755,0.029314993321895598,0.06773265674710274,0.0,0.071971096098423,0.0,0.2817706763744354
5995,0.006521976552903652,0.019017135351896287,0.02924833185970783,0.06539486274123192,0.0,0.0719776302576065,0.0,0.2817719876766205
5996,0.0066071335226297375,0.01929439269006252,0.029801343008875845,0.06629258543252944,0.0,0.07198012620210648,0.0,0.2817724943161011
5997,0.006641172058880329,0.019281647354364394,0.030740996450185777,0.07056407034397125,0.0,0.07198365032672882,0.0,0.2817715108394623
5998,0.0066529356874525545,0.019715321063995362,0.029709383845329285,0.06993004381656646,0.0,0.07198719680309296,0.0,0.28177016973495483
5999,0.006467942427843809,0.021055884286761285,0.030452970787882803,0.06856552958488464,0.0,0.0719914585351944,0.0,0.2817697823047638
6000,0.006428057234734297,0.019721151888370515,0.029829205945134163,0.06974416375160217,0.0,0.07199490815401077,0.0,0.2817700207233429
6001,0.006688421219587326,0.019358881562948228,0.029391170665621757,0.07040898650884628,0.0,0.07199349254369736,0.0,0.2817724049091339
6002,0.006412466987967491,0.02042658068239689,0.03156621381640434,0.07204113602638244,0.0,0.07198936492204666,0.0,0.28177329897880554
6003,0.00661385478451848,0.0194613266736269,0.031429235264658927,0.07101439386606216,0.0,0.07198239862918854,0.0,0.2817726731300354
6004,0.006521079037338495,0.018826083466410636,0.03125662989914417,0.07094420790672303,0.0,0.07197922468185425,0.0,0.28177398443222046
6005,0.006579517479985952,0.02024770565330982,0.029145902022719383,0.06902428939938546,0.0,0.07197269052267075,0.0,0.28177696466445923
6006,0.006598059460520745,0.018986240774393082,0.030448919907212258,0.06983790248632431,0.0,0.07196786254644394,0.0,0.2817803621292114
6007,0.006300462130457163,0.018939071893692018,0.02980705499649048,0.06484535485506057,0.0,0.07196186482906342,0.0,0.2817848324775696
6008,0.006767281424254179,0.021247749030590058,0.028096162527799607,0.06948436945676803,0.0,0.07195322215557098,0.0,0.2817886173725128
6009,0.006180321890860796,0.020010996237397195,0.03077380508184433,0.0690466582775116,0.0,0.07194586098194122,0.0,0.2817921042442322
6010,0.0067526974715292456,0.019167442992329597,0.030405858159065248,0.06888672634959221,0.0,0.07193581759929657,0.0,0.28179532289505005
6011,0.006920355465263128,0.019062787666916846,0.030293401330709457,0.06682132631540298,0.0,0.07193127274513245,0.0,0.2817997932434082
6012,0.006914224289357662,0.019007118418812752,0.030139168724417686,0.069483532756567,0.0,0.07192375510931015,0.0,0.2818048596382141
6013,0.0064131062477827076,0.020441589877009392,0.03164870403707028,0.06789953708648681,0.0,0.07192172110080719,0.0,0.2818097472190857
6014,0.006707494147121906,0.020587553083896638,0.03004889450967312,0.07393964231014252,0.0,0.07191292196512222,0.0,0.2818133533000946
6015,0.005891568586230278,0.019128351286053658,0.02990760877728462,0.0710139349102974,0.0,0.07190282642841339,0.0,0.2818170487880707
6016,0.0066668478772044185,0.020830271393060686,0.02892092429101467,0.07111928015947341,0.0,0.07189621776342392,0.0,0.281819224357605
6017,0.006850612815469503,0.019985640048980714,0.028430672362446785,0.06896943300962448,0.0,0.07188709080219269,0.0,0.28182104229927063
6018,0.006975346151739359,0.018683211132884025,0.030869905650615693,0.06883481442928314,0.0,0.07187514007091522,0.0,0.2818222641944885
6019,0.00648679044097662,0.019276124984025957,0.030471960827708245,0.07014224529266358,0.0,0.07186094671487808,0.0,0.28182414174079895
6020,0.006217213720083237,0.020048701390624046,0.030280459299683572,0.06738748103380203,0.0,0.07184616476297379,0.0,0.2818264365196228
6021,0.006547779217362404,0.019649845361709595,0.02927957773208618,0.06974582374095917,0.0,0.0718328133225441,0.0,0.28182849287986755
6022,0.006439514271914959,0.019575026258826254,0.03133106976747513,0.07270322740077972,0.0,0.07182095944881439,0.0,0.28182998299598694
6023,0.006339987833052873,0.01946965903043747,0.03069031536579132,0.07062757313251496,0.0,0.07180909067392349,0.0,0.28183022141456604
6024,0.006563168577849865,0.01896922253072262,0.0294583048671484,0.06687135919928551,0.0,0.07179386913776398,0.0,0.2818325161933899
6025,0.006940194498747587,0.019185977801680566,0.029862289503216743,0.06436458602547646,0.0,0.07177972048521042,0.0,0.2818346321582794
6026,0.0067397324368357655,0.018729830905795098,0.03079397790133953,0.06685968860983849,0.0,0.07176797837018967,0.0,0.2818366289138794
6027,0.006494679022580385,0.019578639417886734,0.02984713204205036,0.06586477160453796,0.0,0.0717589408159256,0.0,0.2818368077278137
6028,0.006529289484024048,0.019428546354174615,0.030588065087795258,0.07175196707248688,0.0,0.07175041735172272,0.0,0.2818377912044525
6029,0.0066121936775743965,0.01961619481444359,0.030292255431413652,0.0677639365196228,0.0,0.07173693925142288,0.0,0.28183889389038086
6030,0.00636200811713934,0.018830380961298944,0.02942638285458088,0.06902211308479309,0.0,0.07172512263059616,0.0,0.28184109926223755
6031,0.006320422422140837,0.01946081519126892,0.029112273827195168,0.06953891515731811,0.0,0.07171463221311569,0.0,0.28184211254119873
6032,0.006481633149087429,0.019801465421915056,0.03097369410097599,0.06961128115653992,0.0,0.07169772684574127,0.0,0.28184232115745544
6033,0.006319113448262215,0.019120847806334496,0.03302232883870602,0.07414206266403198,0.0,0.07168002426624298,0.0,0.28184205293655396
6034,0.006519376579672098,0.018743331357836724,0.029315143823623657,0.0682692989706993,0.0,0.07166055589914322,0.0,0.28184133768081665
6035,0.006301391497254371,0.01931300088763237,0.030621224641799928,0.06883258670568466,0.0,0.07163681089878082,0.0,0.2818392217159271
6036,0.006461122073233128,0.01981349177658558,0.029779646545648575,0.06620881855487823,0.0,0.07161524146795273,0.0,0.2818377912044525
6037,0.006549275107681751,0.019941573962569237,0.028002845495939253,0.06962517648935318,0.0,0.07159560918807983,0.0,0.28183677792549133
6038,0.006511350814253092,0.01853129602968693,0.03135690540075302,0.06733768582344055,0.0,0.07157863676548004,0.0,0.28183621168136597
6039,0.0068663529120385645,0.019893499836325646,0.030731888115406038,0.06729006618261338,0.0,0.07156381011009216,0.0,0.2818356156349182
6040,0.006907537579536438,0.019549059495329858,0.029846153408288955,0.07120064496994019,0.0,0.07155347615480423,0.0,0.2818354368209839
6041,0.006690263282507658,0.019366989284753798,0.03226451091468334,0.06468634679913521,0.0,0.07154791057109833,0.0,0.2818341851234436
6042,0.006435023620724678,0.020199475437402727,0.027941033244132996,0.07163718342781067,0.0,0.07154151797294617,0.0,0.28183186054229736
6043,0.006606836337596178,0.019950438663363455,0.03014380969107151,0.06770485863089562,0.0,0.07153265178203583,0.0,0.2818291187286377
6044,0.006672773789614439,0.01936176382005215,0.02963123209774494,0.07088798731565475,0.0,0.07152345031499863,0.0,0.2818264067173004
6045,0.006311929784715176,0.01981184370815754,0.028940204158425333,0.06948217153549194,0.0,0.07151853293180466,0.0,0.2818238139152527
6046,0.0067577921785414215,0.018490628525614738,0.029403067380189895,0.0677411399781704,0.0,0.07151623070240021,0.0,0.2818219065666199
6047,0.006734388042241335,0.020195910707116127,0.030123842507600786,0.0713164210319519,0.0,0.0715150460600853,0.0,0.2818199694156647
6048,0.006594086438417435,0.01925029568374157,0.030616956204175948,0.07052268236875534,0.0,0.0715092271566391,0.0,0.2818179726600647
6049,0.006350236292928457,0.0188637912273407,0.03108309507369995,0.07041618078947068,0.0,0.0715019553899765,0.0,0.2818162739276886
6050,0.006782349850982428,0.020110384002327918,0.031211256235837936,0.06948772072792053,0.0,0.07149548828601837,0.0,0.2818165421485901
6051,0.006160060316324234,0.02017338536679745,0.029569055512547494,0.07276240438222885,0.0,0.07148623466491699,0.0,0.2818175256252289
6052,0.0068682880140841,0.019552214443683623,0.030819500237703322,0.06754954531788826,0.0,0.07147946208715439,0.0,0.28182050585746765
6053,0.006205791607499123,0.01974876821041107,0.03194941878318787,0.06651274040341378,0.0,0.07146932929754257,0.0,0.28182297945022583
6054,0.006211760174483061,0.02000062130391598,0.029673133045434952,0.06866690963506698,0.0,0.07146377861499786,0.0,0.2818273901939392
6055,0.006531114596873522,0.01965610384941101,0.030632186308503152,0.06828561052680016,0.0,0.07146497070789337,0.0,0.28182870149612427
6056,0.006645124312490225,0.019293318316340447,0.029676268994808196,0.06882028430700302,0.0,0.07146866619586945,0.0,0.28183111548423767
6057,0.006665505096316337,0.018439513817429542,0.030717163532972335,0.06578990221023559,0.0,0.07147873938083649,0.0,0.2818320691585541
6058,0.006431796122342348,0.019972711428999902,0.028744217380881308,0.06558694839477539,0.0,0.07148685306310654,0.0,0.28183454275131226
6059,0.006019273493438959,0.01983857937157154,0.03183417581021786,0.07212271094322205,0.0,0.07149180769920349,0.0,0.28183645009994507
6060,0.006799648050218821,0.020411983504891394,0.02975849136710167,0.07074840068817138,0.0,0.07149700820446014,0.0,0.28183799982070923
6061,0.006386379804462194,0.019540721923112868,0.02880496308207512,0.070763698220253,0.0,0.07150391489267349,0.0,0.28183773159980774
6062,0.006280853226780891,0.020153839513659476,0.02912251986563206,0.07077262401580811,0.0,0.07151051610708237,0.0,0.2818388044834137
6063,0.0067390880547463896,0.020393231138586997,0.030433754622936248,0.06993288844823838,0.0,0.07151957601308823,0.0,0.2818399965763092
6064,0.006510756537318229,0.019501857459545135,0.029939260333776474,0.06705240309238433,0.0,0.07152979075908661,0.0,0.28184306621551514
6065,0.0066037063486874105,0.020248069986701013,0.030649244040250778,0.06853047907352447,0.0,0.07154233753681183,0.0,0.2818472981452942
6066,0.006336871720850468,0.01871052160859108,0.02845316044986248,0.06929841786623,0.0,0.0715530663728714,0.0,0.28185150027275085
6067,0.0061470018699765205,0.01988665796816349,0.03198608532547951,0.07193893641233444,0.0,0.07155879586935043,0.0,0.28185635805130005
6068,0.007132493052631616,0.019723565131425858,0.028641128912568092,0.06909015029668808,0.0,0.07156500965356827,0.0,0.28185907006263733
6069,0.006209187209606171,0.019437870755791665,0.02947016730904579,0.06890269964933396,0.0,0.07157380878925323,0.0,0.281861275434494
6070,0.0062735025770962235,0.019859076663851737,0.03043101020157337,0.06690177097916603,0.0,0.07158432900905609,0.0,0.2818632125854492
6071,0.006703800149261951,0.020331059023737906,0.029282375797629358,0.07063925564289093,0.0,0.07159566879272461,0.0,0.2818635404109955
6072,0.006472424883395433,0.01957702785730362,0.03032541088759899,0.0691153846681118,0.0,0.07160814851522446,0.0,0.28186312317848206
6073,0.005925151519477367,0.019981398060917855,0.029023264721035957,0.06826602667570114,0.0,0.0716235339641571,0.0,0.28186455368995667
6074,0.006406230386346579,0.018589464575052263,0.029525786638259888,0.06929690837860107,0.0,0.07164190709590912,0.0,0.2818658947944641
6075,0.006491066608577967,0.019311273470520973,0.031940645352005956,0.06687956154346467,0.0,0.07165814936161041,0.0,0.2818663716316223
6076,0.006340111326426268,0.01951405741274357,0.030190343037247658,0.06603533551096916,0.0,0.07167371362447739,0.0,0.2818666100502014
6077,0.006624993775039912,0.020446603000164033,0.029880965128540993,0.07327221035957336,0.0,0.07168164849281311,0.0,0.2818685472011566
6078,0.006295162346214056,0.02040351964533329,0.029698720201849937,0.0652767539024353,0.0,0.0716874971985817,0.0,0.28187131881713867
6079,0.006360035203397274,0.019644567370414735,0.03032303526997566,0.07272828370332718,0.0,0.07168852537870407,0.0,0.2818734645843506
6080,0.006314562261104583,0.01945574805140495,0.030278020724654197,0.06824524775147438,0.0,0.07168668508529663,0.0,0.2818751931190491
6081,0.0063292750157415865,0.01892530024051666,0.029015091061592103,0.07169709652662277,0.0,0.07168285548686981,0.0,0.28187769651412964
6082,0.006477490440011025,0.019475165009498595,0.030711247771978378,0.06985444873571396,0.0,0.07168219983577728,0.0,0.28188127279281616
6083,0.006488470360636711,0.018866248428821564,0.02979649379849434,0.06740751415491104,0.0,0.07168915122747421,0.0,0.2818867564201355
6084,0.006562194135040045,0.01934376358985901,0.03131191432476044,0.07189305126667023,0.0,0.07168947160243988,0.0,0.2818931043148041
6085,0.006113908626139164,0.019450025632977486,0.029989990592002868,0.06635333448648453,0.0,0.07168783247470856,0.0,0.2818984389305115
6086,0.006657692417502403,0.02014385610818863,0.029987233504652978,0.0725686326622963,0.0,0.0716855525970459,0.0,0.2819012403488159
6087,0.0065324149094522,0.0194181676954031,0.02881159670650959,0.07132305204868317,0.0,0.07168222963809967,0.0,0.28190284967422485
6088,0.006412902753800154,0.01893090233206749,0.030830725282430648,0.07034099251031875,0.0,0.07167153805494308,0.0,0.2819039225578308
6089,0.006517695169895888,0.019103769585490225,0.030047257244586945,0.06948364824056626,0.0,0.0716639906167984,0.0,0.28190359473228455
6090,0.006703044008463621,0.020453198254108428,0.029227077960968018,0.06955756545066834,0.0,0.07165912538766861,0.0,0.28190141916275024
6091,0.006401122640818357,0.01944161355495453,0.030714993178844453,0.06944766193628311,0.0,0.07165144383907318,0.0,0.28189799189567566
6092,0.006561607960611582,0.020590228214859962,0.030979642271995546,0.07343996167182923,0.0,0.07164748758077621,0.0,0.2818931043148041
6093,0.00677740266546607,0.01927819550037384,0.03067035861313343,0.0649375081062317,0.0,0.07164212316274643,0.0,0.281887948513031
6094,0.006708339229226113,0.019406744465231895,0.030012572929263116,0.07328905314207076,0.0,0.07163731753826141,0.0,0.28188204765319824
6095,0.006446524150669574,0.019487498700618743,0.02943933866918087,0.07195165455341339,0.0,0.07163020223379135,0.0,0.2818763852119446
6096,0.006317677348852158,0.019160690903663635,0.030374673008918763,0.07143414914608001,0.0,0.07161793112754822,0.0,0.2818726599216461
6097,0.006313922815024853,0.019733846932649613,0.028323642909526825,0.06887256652116776,0.0,0.07161524146795273,0.0,0.2818702757358551
6098,0.006679536588490009,0.01939760074019432,0.02928774058818817,0.06735261902213097,0.0,0.07161320000886917,0.0,0.28187018632888794
6099,0.006675482727587223,0.01917753294110298,0.03045206479728222,0.06620171070098876,0.0,0.0716107040643692,0.0,0.2818702161312103
6100,0.0067884973250329494,0.01972847245633602,0.027985626086592674,0.06956933289766312,0.0,0.07160671800374985,0.0,0.28187161684036255
6101,0.006806778907775879,0.02034754790365696,0.03122830353677273,0.06991101503372192,0.0,0.0716051235795021,0.0,0.2818719148635864
6102,0.0063551622442901134,0.01913279853761196,0.030374206602573395,0.06947576701641082,0.0,0.07160533964633942,0.0,0.2818702757358551
6103,0.006746118515729904,0.019314419105648996,0.029575376212596892,0.06748623996973038,0.0,0.07160542160272598,0.0,0.28186914324760437
6104,0.00668270057067275,0.02094230093061924,0.03041147254407406,0.06920915246009826,0.0,0.07160566747188568,0.0,0.2818656265735626
6105,0.006543822679668665,0.020199187844991685,0.02948811948299408,0.06859304904937744,0.0,0.07161211222410202,0.0,0.2818620204925537
6106,0.006472547352313995,0.0184769157320261,0.029565207287669183,0.07127437144517898,0.0,0.07161613553762436,0.0,0.28185924887657166
6107,0.006897317618131638,0.019870129972696306,0.02912053093314171,0.06991217881441117,0.0,0.07161638140678406,0.0,0.2818560302257538
6108,0.007083733938634396,0.018876734748482706,0.029968303814530372,0.07039131820201874,0.0,0.0716124027967453,0.0,0.28185293078422546
6109,0.006612990610301494,0.019629569351673128,0.031138418614864348,0.06981074810028076,0.0,0.0716092512011528,0.0,0.2818514406681061
6110,0.0062990965321660045,0.019640444964170455,0.030027510598301888,0.06886730566620827,0.0,0.07160402089357376,0.0,0.2818518579006195
6111,0.006513051781803369,0.019927593320608138,0.03225952684879303,0.07221221029758454,0.0,0.0715998038649559,0.0,0.2818527817726135
6112,0.006414052657783031,0.01883481964468956,0.02925012670457363,0.0704023651778698,0.0,0.07159577310085297,0.0,0.281855970621109
6113,0.006295874621719122,0.020194200798869133,0.03190107718110084,0.07266167551279068,0.0,0.0715903639793396,0.0,0.2818593382835388
6114,0.006720518507063389,0.019811535999178887,0.031238845363259316,0.06879342049360275,0.0,0.0715877041220665,0.0,0.2818654179573059
6115,0.00635727597400546,0.019849516078829767,0.03016517758369446,0.06866268590092658,0.0,0.07158336043357849,0.0,0.2818722128868103
6116,0.0064852145500481125,0.020613505318760873,0.029576526954770088,0.07008418291807175,0.0,0.071577288210392,0.0,0.28187814354896545
6117,0.006516525894403458,0.019924770295619964,0.030318199098110198,0.06957553476095199,0.0,0.07157878577709198,0.0,0.2818842828273773
6118,0.006601402256637812,0.019751845672726632,0.031071218103170394,0.06655950993299484,0.0,0.07157796621322632,0.0,0.28188878297805786
6119,0.006957085337489843,0.020011066272854806,0.029645288735628127,0.07153894007205963,0.0,0.07157882302999496,0.0,0.2818928062915802
6120,0.007039691135287285,0.019295531138777734,0.03180808462202549,0.06808484494686126,0.0,0.07157912105321884,0.0,0.2818947732448578
6121,0.006642029620707035,0.020318884402513504,0.030507767572999,0.07106037586927413,0.0,0.07158057391643524,0.0,0.28189709782600403
6122,0.006380073353648185,0.019755230098962785,0.03111216351389885,0.06616484820842743,0.0,0.07158555090427399,0.0,0.28189653158187866
6123,0.007036583963781595,0.01958063170313835,0.028979621455073358,0.07010116428136826,0.0,0.07159210741519928,0.0,0.2818976044654846
6124,0.006263281591236592,0.01951540298759937,0.029806612804532052,0.06859465092420577,0.0,0.07159480452537537,0.0,0.2818988263607025
6125,0.006788576859980822,0.019090216234326364,0.03259432688355446,0.0666370764374733,0.0,0.07159361988306046,0.0,0.2819003760814667
6126,0.0068391762673854824,0.0196321789175272,0.028684884309768677,0.06601019054651261,0.0,0.07159075886011124,0.0,0.2819008231163025
6127,0.0065417011268436905,0.019552364572882654,0.030397486686706544,0.07041259706020356,0.0,0.07158644497394562,0.0,0.28190138936042786
6128,0.0066739990375936035,0.019414454698562622,0.030326489731669425,0.0725460946559906,0.0,0.07158230245113373,0.0,0.28190064430236816
6129,0.006579557992517948,0.019185955449938775,0.03058903105556965,0.06875276565551758,0.0,0.07158071547746658,0.0,0.2819008231163025
6130,0.00662843631580472,0.019991723448038103,0.027658306807279587,0.06872456818819046,0.0,0.07157362997531891,0.0,0.281901091337204
6131,0.006757469940930605,0.01971399746835232,0.030032190307974816,0.06925045549869538,0.0,0.07156357914209366,0.0,0.2819017469882965
6132,0.006709885224699974,0.019587783515453337,0.02972845695912838,0.07110503539443017,0.0,0.07155367732048035,0.0,0.2818990647792816
6133,0.006429155729711056,0.020014965534210206,0.02864859402179718,0.06972062885761261,0.0,0.0715496689081192,0.0,0.28189852833747864
6134,0.00652873506769538,0.019681189581751822,0.031194493174552917,0.07104655057191848,0.0,0.07155749946832657,0.0,0.28189563751220703
6135,0.00679467311128974,0.019551778957247735,0.029793737456202507,0.07150734066963196,0.0,0.07156787812709808,0.0,0.2818933427333832
6136,0.006536998692899943,0.019549577310681344,0.030423643440008162,0.06836431697010995,0.0,0.0715816468000412,0.0,0.28189241886138916
6137,0.006613438110798597,0.019840372353792192,0.029815849661827088,0.06723380535840988,0.0,0.07159318029880524,0.0,0.2818898558616638
6138,0.006405593082308769,0.01935783475637436,0.029995355755090714,0.06479566022753716,0.0,0.07160661369562149,0.0,0.281886488199234
6139,0.006368859019130468,0.019874339923262596,0.031976136937737466,0.07091127038002014,0.0,0.07161901891231537,0.0,0.28188571333885193
6140,0.006323421187698841,0.020496142283082008,0.02972976043820381,0.071379916369915,0.0,0.07162337005138397,0.0,0.2818829119205475
6141,0.006991765554994344,0.019643652811646463,0.02938380613923073,0.06878008395433426,0.0,0.07162928581237793,0.0,0.2818814218044281
6142,0.006572741270065308,0.0192382138222456,0.027946100756525993,0.0721660539507866,0.0,0.07163473218679428,0.0,0.2818813920021057
6143,0.0065371586009860035,0.020281124860048294,0.03120860531926155,0.07159882187843322,0.0,0.0716327354311943,0.0,0.2818813920021057
6144,0.006405600253492594,0.02049342393875122,0.029320960864424706,0.0704703912138939,0.0,0.07162675261497498,0.0,0.28188079595565796
6145,0.006680277362465859,0.01962240822613239,0.029419832676649094,0.07020819783210755,0.0,0.0716211348772049,0.0,0.2818789780139923
6146,0.006271807756274938,0.019236920773983,0.030137600377202034,0.06813852787017823,0.0,0.07161605358123779,0.0,0.28187674283981323
6147,0.006444484740495682,0.019178768247365953,0.031323830038309096,0.07168630063533783,0.0,0.07160912454128265,0.0,0.281875878572464
6148,0.00668625608086586,0.019560831412672997,0.03171670772135258,0.06826747208833694,0.0,0.07160015404224396,0.0,0.2818775773048401
6149,0.006494066305458545,0.020876247063279153,0.030244532600045206,0.06975161880254746,0.0,0.07158999890089035,0.0,0.28187984228134155
6150,0.0060606377199292185,0.01939855217933655,0.029503531754016876,0.06797586306929589,0.0,0.07158251851797104,0.0,0.28188180923461914
6151,0.006576935667544604,0.020647162944078444,0.029093391075730324,0.07237080931663513,0.0,0.0715758204460144,0.0,0.2818833887577057
6152,0.006456641294062137,0.01988699324429035,0.030401868000626563,0.06926663964986801,0.0,0.07157361507415771,0.0,0.28188538551330566
6153,0.00669796671718359,0.02014446146786213,0.029102185368537904,0.06860312670469285,0.0,0.07157202810049057,0.0,0.2818862199783325
6154,0.006333594396710396,0.01963937059044838,0.029336020350456238,0.06721495985984802,0.0,0.07157391309738159,0.0,0.2818872332572937
6155,0.006597039662301541,0.021198046579957008,0.029905636981129646,0.06731364279985427,0.0,0.07157475501298904,0.0,0.28188812732696533
6156,0.0065582506358623505,0.01923750564455986,0.029910226166248322,0.06652917116880416,0.0,0.07157792896032333,0.0,0.2818913459777832
6157,0.006554700620472431,0.019666822999715804,0.030055782943964004,0.07120306938886642,0.0,0.07157882302999496,0.0,0.2818939983844757
6158,0.006250458862632513,0.020002983510494232,0.03121488094329834,0.0698798269033432,0.0,0.07157934457063675,0.0,0.2818976938724518
6159,0.006172635965049267,0.01991959847509861,0.03270801492035389,0.06943153291940689,0.0,0.07157985121011734,0.0,0.28190311789512634
6160,0.006401351001113653,0.0189827311784029,0.030959813669323922,0.0676118329167366,0.0,0.07158248871564865,0.0,0.28190532326698303
6161,0.006536610145121813,0.0196646336466074,0.02887924835085869,0.06920615136623383,0.0,0.07158593833446503,0.0,0.2819095253944397
6162,0.006624290253967047,0.021313235536217688,0.03252961114048958,0.07111737430095673,0.0,0.07158619910478592,0.0,0.2819119393825531
6163,0.00668154489248991,0.01893615461885929,0.02915746606886387,0.06646225899457932,0.0,0.07158547639846802,0.0,0.2819131016731262
6164,0.006532420683652162,0.019104421883821488,0.02994593158364296,0.06755674928426743,0.0,0.07158233225345612,0.0,0.28191375732421875
6165,0.006442209426313639,0.020251272618770598,0.03032803125679493,0.06827578693628311,0.0,0.07157278060913086,0.0,0.2819141745567322
6166,0.006440783757716418,0.01975940577685833,0.03197811357676983,0.07130073010921478,0.0,0.07156474143266678,0.0,0.28191375732421875
6167,0.006838729605078697,0.01977490708231926,0.028611079975962638,0.07447554320096969,0.0,0.07155625522136688,0.0,0.28191474080085754
6168,0.006453844625502825,0.01961558423936367,0.030307123437523842,0.0689493864774704,0.0,0.07155682146549225,0.0,0.28191426396369934
6169,0.006376870162785053,0.01995358504354954,0.0302577905356884,0.0694016084074974,0.0,0.07155723869800568,0.0,0.2819127142429352
6170,0.006399814877659083,0.01867884546518326,0.028647953271865846,0.06980440020561218,0.0,0.07155508548021317,0.0,0.28191035985946655
6171,0.006826746929436922,0.019848590716719627,0.03035004772245884,0.06638296395540237,0.0,0.07155393064022064,0.0,0.28190886974334717
6172,0.006621396448463201,0.019693923369050025,0.030024803802371026,0.07008682489395142,0.0,0.07155082374811172,0.0,0.28190940618515015
6173,0.006428366247564554,0.019374389201402664,0.031178133562207222,0.07243678122758865,0.0,0.07154892385005951,0.0,0.2819103002548218
6174,0.006395698431879282,0.018290947005152703,0.029180622100830077,0.0694880172610283,0.0,0.07154257595539093,0.0,0.28190988302230835
6175,0.00671770479530096,0.018988417461514473,0.029111648350954054,0.07136563211679459,0.0,0.07153351604938507,0.0,0.2819087505340576
6176,0.0068378720432519914,0.019073883444070815,0.030849841609597205,0.06867225617170333,0.0,0.07153014093637466,0.0,0.28190746903419495
6177,0.006393491942435503,0.02101222388446331,0.029708857461810113,0.06947342976927758,0.0,0.07152694463729858,0.0,0.28190723061561584
6178,0.0065177521668374535,0.01890726536512375,0.03024083487689495,0.07095667123794555,0.0,0.0715315192937851,0.0,0.28190726041793823
6179,0.0063689079135656355,0.020232126489281653,0.02877093143761158,0.0668454147875309,0.0,0.07153450697660446,0.0,0.28190678358078003
6180,0.006879058200865984,0.019672109559178353,0.029187245294451714,0.06530783846974372,0.0,0.07153477519750595,0.0,0.28190532326698303
6181,0.006346214655786752,0.019666528329253197,0.030388255417346955,0.06826869249343873,0.0,0.07153445482254028,0.0,0.2819066047668457
6182,0.0064146874472498895,0.019427134096622466,0.031089870259165764,0.0658163696527481,0.0,0.07153453677892685,0.0,0.28190726041793823
6183,0.0064605212770402435,0.019388673827052116,0.030952901020646094,0.06562164053320885,0.0,0.07153381407260895,0.0,0.2819063663482666
6184,0.0065013054758310315,0.0187270849943161,0.031140118837356567,0.06799345463514328,0.0,0.07153820991516113,0.0,0.28190508484840393
6185,0.006707530003041029,0.01972305290400982,0.02957402542233467,0.07186349034309387,0.0,0.07154412567615509,0.0,0.28190290927886963
6186,0.006595440302044153,0.01964774467051029,0.03212919868528843,0.0667356550693512,0.0,0.07155048847198486,0.0,0.2818988561630249
6187,0.006486904248595238,0.019395794346928598,0.029219875857234002,0.06713897585868836,0.0,0.0715516209602356,0.0,0.28189387917518616
6188,0.006871394347399473,0.019615084677934647,0.03086708448827267,0.06515460535883903,0.0,0.07155521959066391,0.0,0.2818908393383026
6189,0.0066491710022091866,0.019827596843242645,0.02815583795309067,0.07336214780807496,0.0,0.07155341655015945,0.0,0.28188952803611755
6190,0.0068831960670650005,0.019640599191188813,0.03136677891016006,0.0736362800002098,0.0,0.07155142724514008,0.0,0.2818909287452698
6191,0.006585492193698883,0.019101090356707574,0.02919094227254391,0.06849839985370636,0.0,0.07154543697834015,0.0,0.28189244866371155
6192,0.006570076290518046,0.0197281651198864,0.029750562086701394,0.06627544462680816,0.0,0.07154310494661331,0.0,0.28189581632614136
6193,0.006436820793896914,0.019666684791445732,0.029034655541181564,0.07156516164541245,0.0,0.07153867185115814,0.0,0.28189975023269653
6194,0.0064313579350709915,0.019484183937311172,0.03056591860949993,0.06997615918517112,0.0,0.07153202593326569,0.0,0.2819010019302368
6195,0.007067202683538198,0.01933583877980709,0.03062201477587223,0.0655554011464119,0.0,0.07152692973613739,0.0,0.2819020748138428
6196,0.006566599290817976,0.019412389397621153,0.029274747520685197,0.06762009486556053,0.0,0.07152168452739716,0.0,0.2819020748138428
6197,0.006452638097107411,0.01974615827202797,0.030005921423435212,0.07022327333688735,0.0,0.07151893526315689,0.0,0.2818998694419861
6198,0.006651689391583204,0.019758172705769537,0.02885034419596195,0.06889833360910416,0.0,0.07151661068201065,0.0,0.2818948030471802
6199,0.0063040535897016525,0.019635163247585297,0.030268626660108565,0.06438237354159355,0.0,0.07151464372873306,0.0,0.28189021348953247
6200,0.006346666999161243,0.0206275150179863,0.028366349264979364,0.06793423742055893,0.0,0.07151015847921371,0.0,0.2818845212459564
6201,0.006451372615993023,0.019822514429688454,0.031237567961215972,0.07240934669971466,0.0,0.07150480151176453,0.0,0.2818807065486908
6202,0.007080957945436239,0.019047992676496504,0.029293408244848253,0.06802432686090469,0.0,0.07149706780910492,0.0,0.28187844157218933
6203,0.006527568865567446,0.019322190806269644,0.02900570258498192,0.06682214438915253,0.0,0.07148954272270203,0.0,0.2818743884563446
6204,0.006651061680167913,0.01969014257192612,0.02907804921269417,0.06710732132196426,0.0,0.07148271054029465,0.0,0.28186970949172974
6205,0.006317373085767031,0.019369062781333924,0.028433948755264282,0.06508238166570664,0.0,0.07147414237260818,0.0,0.28186798095703125
6206,0.006599484011530876,0.018726931884884834,0.030211958661675455,0.06570516154170036,0.0,0.0714658871293068,0.0,0.28186461329460144
6207,0.006690394785255194,0.019462938979268075,0.029480091482400893,0.06986523419618607,0.0,0.07145889103412628,0.0,0.2818613648414612
6208,0.006452086288481951,0.019461178779602052,0.028437745943665504,0.07173168659210205,0.0,0.07145596295595169,0.0,0.281857430934906
6209,0.00647514620795846,0.020495165139436722,0.02946498095989227,0.07098526656627654,0.0,0.07145572453737259,0.0,0.2818514406681061
6210,0.006565557606518268,0.02006872333586216,0.032106385380029676,0.06632250100374222,0.0,0.07145054638385773,0.0,0.2818440794944763
6211,0.006595918443053961,0.01974240131676197,0.031050441041588783,0.0727666363120079,0.0,0.07144547998905182,0.0,0.28183719515800476
6212,0.00581652233377099,0.02006617821753025,0.029579422622919082,0.06681365594267845,0.0,0.0714445412158966,0.0,0.28182998299598694
6213,0.006540425401180982,0.01935025304555893,0.03050824850797653,0.07229579538106919,0.0,0.07144699990749359,0.0,0.2818223536014557
6214,0.006735054403543472,0.019320425763726234,0.030551192164421082,0.06994357407093048,0.0,0.07144951820373535,0.0,0.2818150222301483
6215,0.006765009649097919,0.019678329676389696,0.02963597998023033,0.06760831475257874,0.0,0.07145420461893082,0.0,0.28180667757987976
6216,0.006460125651210546,0.019379004091024398,0.032045383006334305,0.07063157260417938,0.0,0.07146331667900085,0.0,0.2817973494529724
6217,0.006343649886548519,0.018708305060863496,0.031502848118543626,0.06794521808624268,0.0,0.07147308439016342,0.0,0.28178948163986206
6218,0.006240847613662481,0.019348881021142007,0.029260382801294327,0.06756025105714798,0.0,0.07148420810699463,0.0,0.2817839980125427
6219,0.006640070863068104,0.01925630122423172,0.02938799224793911,0.07093195617198944,0.0,0.07149139791727066,0.0,0.2817806899547577
6220,0.006516563706099987,0.019561142101883887,0.030696414411067963,0.0697590172290802,0.0,0.07149273157119751,0.0,0.28177911043167114
6221,0.006281199492514133,0.019601986184716223,0.0298707515001297,0.06743746697902679,0.0,0.07149465382099152,0.0,0.2817780375480652
6222,0.006143977958709001,0.02099887691438198,0.0310824491083622,0.06553189605474471,0.0,0.07149471342563629,0.0,0.2817801237106323
6223,0.006700752675533295,0.019517133384943007,0.030624137818813325,0.07077542990446091,0.0,0.07149598002433777,0.0,0.28178420662879944
6224,0.006652458384633064,0.019286057353019713,0.02969796285033226,0.06726367622613907,0.0,0.07149676978588104,0.0,0.28178733587265015
6225,0.006639061030000448,0.019458426162600517,0.03011370338499546,0.06996949166059493,0.0,0.07149562984704971,0.0,0.2817898392677307
6226,0.006463987287133932,0.019650395214557647,0.032465648651123044,0.0655373752117157,0.0,0.07149500399827957,0.0,0.2817927598953247
6227,0.006436853110790253,0.019754723086953162,0.029280715435743333,0.06451449990272522,0.0,0.07149367779493332,0.0,0.281792551279068
6228,0.0063862883485853675,0.0202613215893507,0.031456032767891884,0.067063307762146,0.0,0.07150158286094666,0.0,0.2817925810813904
6229,0.0066697802394628525,0.019591330364346505,0.029163897410035132,0.06840840876102447,0.0,0.07151049375534058,0.0,0.28179436922073364
6230,0.006685089599341154,0.020889517664909363,0.029079972207546233,0.07250976115465164,0.0,0.07152296602725983,0.0,0.28179484605789185
6231,0.006497900374233723,0.02016298770904541,0.03050248175859451,0.06740588843822479,0.0,0.07153643667697906,0.0,0.28179606795310974
6232,0.006536608841270208,0.018442849814891814,0.030093175545334815,0.0706177182495594,0.0,0.0715455412864685,0.0,0.2817997634410858
6233,0.006775655969977379,0.02048262730240822,0.03130011782050133,0.07177796959877014,0.0,0.0715528354048729,0.0,0.28180190920829773
6234,0.006479346100240946,0.019754969328641892,0.029254068434238435,0.06555520594120026,0.0,0.07155944406986237,0.0,0.2818039357662201
6235,0.006589019950479269,0.0198367640376091,0.029420001432299614,0.06989763230085373,0.0,0.07156772911548615,0.0,0.28180795907974243
6236,0.00663858400657773,0.01975323222577572,0.02976158820092678,0.06835358142852783,0.0,0.07158039510250092,0.0,0.2818135619163513
6237,0.006816996913403273,0.019768524542450906,0.029366516321897507,0.07015114352107048,0.0,0.07159250229597092,0.0,0.28181636333465576
6238,0.006673827581107616,0.019469276070594788,0.02936369590461254,0.06708565354347229,0.0,0.0716044157743454,0.0,0.28181901574134827
6239,0.006266170460730791,0.018991397321224214,0.029571008682250977,0.06497595235705375,0.0,0.07162259519100189,0.0,0.2818219065666199
6240,0.006372878979891539,0.019608189165592194,0.030489083006978036,0.07010660767555237,0.0,0.07164283841848373,0.0,0.2818256616592407
6241,0.0067457897588610646,0.01945834755897522,0.029302170872688292,0.06959653496742249,0.0,0.07166153937578201,0.0,0.2818276286125183
6242,0.006472726445645094,0.019284381344914437,0.028749451413750647,0.0703322246670723,0.0,0.07167791575193405,0.0,0.28182753920555115
6243,0.006675866898149252,0.019557204097509384,0.030659168586134912,0.06916397213935851,0.0,0.07169188559055328,0.0,0.28182604908943176
6244,0.006408688053488732,0.019795333966612816,0.030898284167051315,0.06710101440548896,0.0,0.0717124342918396,0.0,0.28182440996170044
6245,0.00631859889253974,0.019420306012034417,0.029335686564445497,0.07225531041622162,0.0,0.07173528522253036,0.0,0.2818194031715393
6246,0.006839336082339287,0.01936236023902893,0.029777297750115395,0.06711383610963821,0.0,0.071763776242733,0.0,0.2818141579627991
6247,0.0065875820815563205,0.02067798897624016,0.029737414419651033,0.07179810255765914,0.0,0.07178579270839691,0.0,0.2818085849285126
6248,0.0065679139457643036,0.019255715981125833,0.028463317081332207,0.06996148005127907,0.0,0.07181091606616974,0.0,0.2818045914173126
6249,0.006465130671858788,0.020365044847130774,0.030637246370315552,0.0698190376162529,0.0,0.07183076441287994,0.0,0.2818008065223694
6250,0.0066759737208485605,0.018844544887542725,0.030566733703017233,0.06936873495578766,0.0,0.07184526324272156,0.0,0.28179851174354553
6251,0.0065946061164140705,0.02000622674822807,0.030058837682008743,0.06908023804426193,0.0,0.07185645401477814,0.0,0.2817974388599396
6252,0.00630734171718359,0.01922140195965767,0.030223051458597182,0.06936504244804383,0.0,0.0718688815832138,0.0,0.2817983329296112
6253,0.006736299954354763,0.019643961265683175,0.02861805707216263,0.06681779325008393,0.0,0.07187975943088531,0.0,0.28179967403411865
6254,0.006748839002102614,0.02023065835237503,0.029140859097242355,0.07039934992790223,0.0,0.0718885213136673,0.0,0.2818017601966858
6255,0.006230829656124115,0.019409504905343055,0.0306245781481266,0.06654016003012657,0.0,0.0719020888209343,0.0,0.28180351853370667
6256,0.006662189681082964,0.019998714327812195,0.0299208827316761,0.06784138008952141,0.0,0.07191160321235657,0.0,0.2818041443824768
6257,0.006558091938495636,0.019145534187555314,0.031033090874552728,0.06745559722185135,0.0,0.0719241350889206,0.0,0.28180375695228577
6258,0.006785077881067992,0.020768316462635994,0.03180236630141735,0.0694710984826088,0.0,0.07193107903003693,0.0,0.28180164098739624
6259,0.0068420454859733585,0.019308941811323165,0.03160261623561382,0.06865191906690597,0.0,0.07193000614643097,0.0,0.2817974090576172
6260,0.006803398486226797,0.019632093235850336,0.031231009960174562,0.06977009326219559,0.0,0.07192917168140411,0.0,0.2817949056625366
6261,0.006808150559663773,0.019712695106863975,0.02974684238433838,0.07170994281768799,0.0,0.07192708551883698,0.0,0.28179094195365906
6262,0.006867092475295067,0.019040394201874734,0.032261531054973605,0.07373989969491959,0.0,0.07192309945821762,0.0,0.28178516030311584
6263,0.006470869295299053,0.019673803448677064,0.03058437369763851,0.06955616325139999,0.0,0.07191925495862961,0.0,0.2817813754081726
6264,0.006982622668147087,0.0198944877833128,0.03005802147090435,0.06789557933807373,0.0,0.07192092388868332,0.0,0.2817811667919159
6265,0.0070042450912296775,0.0191905003041029,0.03190273568034172,0.06889627724885941,0.0,0.07192817330360413,0.0,0.28178125619888306
6266,0.006320026237517595,0.01925252042710781,0.03019970878958702,0.0716868594288826,0.0,0.07193662226200104,0.0,0.28178122639656067
6267,0.006391374114900828,0.019572337716817857,0.03126062154769897,0.06635182350873947,0.0,0.07194067537784576,0.0,0.2817808985710144
6268,0.006960541009902954,0.020779954642057417,0.030198419094085695,0.06933079212903977,0.0,0.07194885611534119,0.0,0.2817820906639099
6269,0.006932946108281613,0.020024913549423217,0.0277269821614027,0.0691547967493534,0.0,0.07195831090211868,0.0,0.28178316354751587
6270,0.006569507531821728,0.02005832493305206,0.02816966362297535,0.07067800015211105,0.0,0.0719628855586052,0.0,0.281784325838089
6271,0.006368590611964464,0.019935271888971328,0.02924518845975399,0.06677445918321609,0.0,0.07197324931621552,0.0,0.28178393840789795
6272,0.006320703495293856,0.019235089421272278,0.02981508895754814,0.07197190821170807,0.0,0.07198148220777512,0.0,0.28178149461746216
6273,0.0065633621998131275,0.019453930109739302,0.03218123242259026,0.0697798490524292,0.0,0.07198800146579742,0.0,0.28177937865257263
6274,0.006608432903885841,0.01950693689286709,0.029110071435570716,0.0742642566561699,0.0,0.07199545204639435,0.0,0.28177621960639954
6275,0.006495947390794754,0.0196119986474514,0.02873060666024685,0.06869565844535827,0.0,0.07199917733669281,0.0,0.2817726135253906
6276,0.006491418834775687,0.01981041319668293,0.028917384147644044,0.06808109879493714,0.0,0.07200365513563156,0.0,0.28176963329315186
6277,0.00649884482845664,0.01969040371477604,0.030463778972625734,0.07500064671039582,0.0,0.07201327383518219,0.0,0.2817648947238922
6278,0.006489294674247503,0.01915283761918545,0.0304446529597044,0.06950381025671959,0.0,0.07202111929655075,0.0,0.28175991773605347
6279,0.006467898096889258,0.019396517425775528,0.03091560713946819,0.07718381583690644,0.0,0.07203006744384766,0.0,0.2817564606666565
6280,0.006795097235590219,0.02053174301981926,0.030512065812945365,0.06442396491765975,0.0,0.07203614711761475,0.0,0.28175458312034607
6281,0.006555117480456829,0.019969941303133964,0.029822676628828048,0.07215999811887741,0.0,0.07203881442546844,0.0,0.2817535996437073
6282,0.006656549405306578,0.01929796300828457,0.031188073009252547,0.0717240884900093,0.0,0.07204629480838776,0.0,0.2817530035972595
6283,0.006667331140488386,0.019781061634421348,0.03075951188802719,0.06861769407987595,0.0,0.07205156981945038,0.0,0.2817530632019043
6284,0.006735499203205109,0.019090598076581956,0.028090913966298103,0.0691983863711357,0.0,0.0720658078789711,0.0,0.28175586462020874
6285,0.006362938974052668,0.020237984508275984,0.028370149061083795,0.07060043960809707,0.0,0.07207552343606949,0.0,0.2817569077014923
6286,0.006997899524867535,0.01962745450437069,0.03101023882627487,0.07135790586471558,0.0,0.07208140194416046,0.0,0.2817595899105072
6287,0.006650600302964449,0.020096874237060545,0.03059995621442795,0.0707352876663208,0.0,0.07209067046642303,0.0,0.2817615568637848
6288,0.006464051920920611,0.019662467390298845,0.029952314496040345,0.07177200093865395,0.0,0.07210128754377365,0.0,0.2817634046077728
6289,0.0065019926056265834,0.01964384727180004,0.03032589629292488,0.07222498506307602,0.0,0.07211628556251526,0.0,0.28176629543304443
6290,0.0065054397098720075,0.02118634581565857,0.03219776898622513,0.06939803510904312,0.0,0.07213331758975983,0.0,0.2817689776420593
6291,0.006560683529824018,0.019540492072701456,0.027716514468193055,0.0639183335006237,0.0,0.07214803993701935,0.0,0.2817699909210205
6292,0.006268416065722704,0.019703884422779084,0.030368516966700555,0.06974731534719467,0.0,0.0721605196595192,0.0,0.28177201747894287
6293,0.0067083147354424,0.019786008447408677,0.031645740196108815,0.07059692889451981,0.0,0.07217524945735931,0.0,0.2817741334438324
6294,0.0065423063933849335,0.02080022804439068,0.02869434989988804,0.06828810572624207,0.0,0.07219307124614716,0.0,0.2817731499671936
6295,0.006539485789835453,0.019108808040618895,0.030988989025354387,0.06993207335472107,0.0,0.07221394777297974,0.0,0.28177163004875183
6296,0.006857585255056619,0.020239505916833878,0.028182228654623033,0.06499249786138535,0.0,0.07223133742809296,0.0,0.28177058696746826
6297,0.006710043735802173,0.01980840489268303,0.03020169511437416,0.06934231445193291,0.0,0.07224881649017334,0.0,0.28177154064178467
6298,0.006413970421999693,0.020257851853966714,0.03065125048160553,0.07112083435058594,0.0,0.07226572185754776,0.0,0.2817714512348175
6299,0.0069162300787866116,0.01894173361361027,0.027801545336842537,0.07196971923112869,0.0,0.07228268682956696,0.0,0.28177109360694885
6300,0.006740646343678236,0.019983076304197312,0.029382006078958512,0.07076438367366791,0.0,0.07228998094797134,0.0,0.2817712426185608
6301,0.006542372051626444,0.020152705535292626,0.030081801861524583,0.06768058836460114,0.0,0.07229937613010406,0.0,0.2817743718624115
6302,0.006738054007291794,0.01965581439435482,0.030237798392772675,0.06757651939988137,0.0,0.07230244576931,0.0,0.2817762792110443
6303,0.006823539640754462,0.019502485543489455,0.028673676773905754,0.07246853113174438,0.0,0.07230721414089203,0.0,0.2817780673503876
6304,0.006229864899069071,0.020514081045985223,0.03088064193725586,0.06682370752096176,0.0,0.07230532169342041,0.0,0.28177788853645325
6305,0.006429229490458965,0.01966405548155308,0.029716763645410538,0.06703928858041763,0.0,0.07230935990810394,0.0,0.2817785143852234
6306,0.006260750070214272,0.018570393323898315,0.029991717636585237,0.07031110674142838,0.0,0.07231168448925018,0.0,0.2817772328853607
6307,0.0063845178112387655,0.020935553312301635,0.029871147498488425,0.06568930447101592,0.0,0.07231117784976959,0.0,0.28177422285079956
6308,0.006760520581156016,0.019330477342009544,0.029934731870889665,0.07002933770418167,0.0,0.07231362164020538,0.0,0.28177112340927124
6309,0.006444822251796723,0.019877828657627106,0.027929718047380446,0.06816583573818207,0.0,0.07231493294239044,0.0,0.2817673087120056
6310,0.006103793904185295,0.01950953118503094,0.029867199808359148,0.06882462278008461,0.0,0.07232286781072617,0.0,0.28176259994506836
6311,0.006610425189137459,0.019446319341659545,0.029589151591062547,0.06817679405212403,0.0,0.07232938706874847,0.0,0.2817588448524475
6312,0.006274754740297794,0.019073115661740303,0.028500360250473023,0.07164409160614013,0.0,0.07233493030071259,0.0,0.2817568778991699
6313,0.006386391632258892,0.02114042229950428,0.028351806476712225,0.06730283424258232,0.0,0.07233621180057526,0.0,0.28175416588783264
6314,0.006698622554540634,0.019410967454314233,0.028715380281209946,0.06610439866781234,0.0,0.07233710587024689,0.0,0.28175264596939087
6315,0.006724353134632111,0.020249198004603387,0.028818438202142714,0.0744925543665886,0.0,0.07233947515487671,0.0,0.2817530035972595
6316,0.006450266763567925,0.01959976591169834,0.029976969584822655,0.06856765300035476,0.0,0.07234729081392288,0.0,0.28175216913223267
6317,0.0064332463778555395,0.01948348172008991,0.030932360142469407,0.06874102354049683,0.0,0.07236208021640778,0.0,0.2817515730857849
6318,0.006812486890703439,0.019015953317284583,0.02854835130274296,0.06652441769838333,0.0,0.07237529009580612,0.0,0.2817522883415222
6319,0.006408898904919624,0.019971443712711333,0.03021799735724926,0.07185178548097611,0.0,0.07238499075174332,0.0,0.2817522883415222
6320,0.0065202807076275345,0.019305694848299026,0.031107155978679656,0.07260446548461914,0.0,0.072393998503685,0.0,0.28175219893455505
6321,0.006511628720909357,0.019134413078427316,0.02979426793754101,0.07050501555204391,0.0,0.07240238040685654,0.0,0.28175073862075806
6322,0.006159613840281963,0.01963295377790928,0.03086180053651333,0.0667576402425766,0.0,0.07240935415029526,0.0,0.28174853324890137
6323,0.006775087304413318,0.019560245051980018,0.031037024036049844,0.06855866014957428,0.0,0.072417713701725,0.0,0.28174513578414917
6324,0.006414670776575804,0.01984872706234455,0.029690658673644066,0.06943239867687226,0.0,0.07242710888385773,0.0,0.28174376487731934
6325,0.006482688058167696,0.020120010152459143,0.029358764365315437,0.07035953849554062,0.0,0.07243417203426361,0.0,0.28174394369125366
6326,0.006613362021744252,0.01960744187235832,0.028834166005253792,0.0669486403465271,0.0,0.07243989408016205,0.0,0.2817450165748596
6327,0.007033885736018419,0.019299522787332535,0.030192343145608903,0.061154529452323914,0.0,0.07244567573070526,0.0,0.28174930810928345
6328,0.0064723285846412185,0.01902730539441109,0.02810080349445343,0.06374342665076256,0.0,0.07244733721017838,0.0,0.2817527651786804
6329,0.0062674438580870625,0.020082472637295724,0.028663861751556396,0.07508358508348464,0.0,0.07244924455881119,0.0,0.28175458312034607
6330,0.006792037561535835,0.020444214716553687,0.028315533325076102,0.06411137878894806,0.0,0.07245229184627533,0.0,0.2817564904689789
6331,0.006517837475985289,0.02018553055822849,0.029192548617720603,0.0665362909436226,0.0,0.07245298475027084,0.0,0.28175869584083557
6332,0.006243192311376333,0.019284068048000334,0.02960343286395073,0.06335248425602913,0.0,0.0724526196718216,0.0,0.28176093101501465
6333,0.006640960834920407,0.020164041593670846,0.029207743331789972,0.07267980575561524,0.0,0.07245506346225739,0.0,0.28176164627075195
6334,0.006675939727574587,0.021016696840524672,0.031839339435100554,0.07174990177154542,0.0,0.07245656102895737,0.0,0.28176000714302063
6335,0.006745610013604164,0.019719133898615838,0.03048384450376034,0.06595817655324936,0.0,0.07246190309524536,0.0,0.28175589442253113
6336,0.00637220274657011,0.02072119601070881,0.03001328930258751,0.07323048114776612,0.0,0.0724649652838707,0.0,0.28175270557403564
6337,0.006684781704097986,0.019305838271975517,0.029929618164896966,0.07119390219449998,0.0,0.07247242331504822,0.0,0.2817468047142029
6338,0.006687332410365343,0.019831151887774467,0.02951759807765484,0.06943957284092903,0.0,0.07247565686702728,0.0,0.2817417085170746
6339,0.006539882812649012,0.019524621963500976,0.029446248710155488,0.06762637943029404,0.0,0.07247664779424667,0.0,0.28173989057540894
6340,0.006731933262199163,0.019828632473945618,0.030293765291571618,0.06815965101122856,0.0,0.07247097790241241,0.0,0.2817386984825134
6341,0.006690349988639354,0.018804213777184487,0.03170023262500763,0.06659551709890366,0.0,0.07246672362089157,0.0,0.2817375361919403
6342,0.00658305874094367,0.01911034882068634,0.02745048925280571,0.06824092864990235,0.0,0.07245896011590958,0.0,0.2817349433898926
6343,0.006528819166123867,0.01993698664009571,0.02970455139875412,0.07384660243988037,0.0,0.07245619595050812,0.0,0.2817358076572418
6344,0.006406085658818483,0.019232873991131782,0.028998197987675667,0.07111268788576126,0.0,0.07245506346225739,0.0,0.2817350924015045
6345,0.006543784495443105,0.019505375251173972,0.031168745085597038,0.07301772683858872,0.0,0.07244834303855896,0.0,0.28173285722732544
6346,0.006171846110373735,0.02030672989785671,0.027592259272933007,0.06587248891592026,0.0,0.07244132459163666,0.0,0.2817317843437195
6347,0.0065697431564331055,0.019119797646999358,0.029191310703754424,0.06718010306358338,0.0,0.07244263589382172,0.0,0.2817319929599762
6348,0.006902746669948101,0.01937478967010975,0.030798951163887978,0.06790192872285843,0.0,0.07244206964969635,0.0,0.28173312544822693
6349,0.007028763834387064,0.01867159679532051,0.030155031755566598,0.06825398057699203,0.0,0.07244618237018585,0.0,0.28173336386680603
6350,0.006260673888027668,0.019703499972820282,0.029671984910964965,0.06770843416452407,0.0,0.07245416939258575,0.0,0.2817324995994568
6351,0.006223619449883699,0.019769149273633956,0.0277914397418499,0.0689951390028,0.0,0.07245944440364838,0.0,0.28173190355300903
6352,0.006567833758890629,0.019737853109836577,0.031094143539667128,0.0707726538181305,0.0,0.07246984541416168,0.0,0.2817319929599762
6353,0.006732160598039627,0.019209664314985275,0.0291650902479887,0.0704990953207016,0.0,0.07248657941818237,0.0,0.28173136711120605
6354,0.00672488771378994,0.019379633665084838,0.030792686715722085,0.067061285674572,0.0,0.07249972969293594,0.0,0.28173181414604187
6355,0.006364925019443035,0.019977144524455072,0.02907739169895649,0.07454283386468888,0.0,0.07251547276973724,0.0,0.28173136711120605
6356,0.006584818847477436,0.019107194617390633,0.031727997586131096,0.06838780045509338,0.0,0.07252845913171768,0.0,0.28173011541366577
6357,0.006532563082873821,0.020201307162642478,0.03100074492394924,0.07298542112112046,0.0,0.07253610342741013,0.0,0.2817292809486389
6358,0.006694808509200812,0.02006537578999996,0.030121812224388124,0.06788316071033478,0.0,0.0725441724061966,0.0,0.28172826766967773
6359,0.006670410186052323,0.018915883824229242,0.030884601175785065,0.06609765887260437,0.0,0.07254736125469208,0.0,0.2817288339138031
6360,0.006416878663003445,0.019314675778150558,0.028772836923599242,0.06685789227485657,0.0,0.07254530489444733,0.0,0.28173160552978516
6361,0.006738002318888903,0.019446509331464766,0.03039111793041229,0.07088001519441604,0.0,0.07254733145236969,0.0,0.2817339301109314
6362,0.006376778800040483,0.019585578143596648,0.027655889466404914,0.06787849366664886,0.0,0.07254885137081146,0.0,0.28173959255218506
6363,0.006739339604973793,0.020058494806289674,0.029746026173233985,0.07285116165876389,0.0,0.07254436612129211,0.0,0.2817447781562805
6364,0.006826453097164631,0.018851546570658684,0.03068414069712162,0.07165427654981613,0.0,0.07253799587488174,0.0,0.2817484736442566
6365,0.006504825782030821,0.018219216912984847,0.030266467854380606,0.072334885597229,0.0,0.0725342184305191,0.0,0.2817498743534088
6366,0.006401653680950403,0.02057754956185818,0.02954334318637848,0.07344311475753784,0.0,0.07252880185842514,0.0,0.2817515730857849
6367,0.006273458059877157,0.019452840462327002,0.028842832893133163,0.06693887040019035,0.0,0.07252513617277145,0.0,0.28175419569015503
6368,0.006381814554333687,0.021105027943849563,0.02941506467759609,0.06745613962411881,0.0,0.0725165605545044,0.0,0.2817581593990326
6369,0.00692273834720254,0.019551528990268706,0.028379078209400176,0.06995760649442673,0.0,0.07250776141881943,0.0,0.28175994753837585
6370,0.006426221132278443,0.018608607351779938,0.02803814932703972,0.06711303442716599,0.0,0.07249944657087326,0.0,0.28176161646842957
6371,0.00614435151219368,0.019580982625484467,0.029829760640859605,0.06773950755596161,0.0,0.07249133288860321,0.0,0.28176337480545044
6372,0.006660209130495786,0.020603979378938674,0.030566379055380823,0.06546021103858948,0.0,0.07248342782258987,0.0,0.281766802072525
6373,0.006713729631155729,0.01854357644915581,0.02909485101699829,0.07757078260183334,0.0,0.07247608155012131,0.0,0.28177109360694885
6374,0.006730256602168083,0.018910365551710127,0.030017558857798575,0.0679748460650444,0.0,0.07246431708335876,0.0,0.2817749083042145
6375,0.006253849249333143,0.02036147303879261,0.030819954723119734,0.07358389645814896,0.0,0.07245136797428131,0.0,0.28177857398986816
6376,0.006129609514027834,0.01896246150135994,0.030708185210824013,0.06918779313564301,0.0,0.07243471592664719,0.0,0.28178703784942627
6377,0.006336136627942324,0.02045438773930073,0.030692528933286667,0.06921340748667718,0.0,0.07241442054510117,0.0,0.2817952632904053
6378,0.006626856699585915,0.018917838484048842,0.032808497175574304,0.06836009174585342,0.0,0.07239333540201187,0.0,0.2818010747432709
6379,0.006408374104648828,0.01909749358892441,0.031730630248785016,0.06691692546010017,0.0,0.0723738968372345,0.0,0.28180941939353943
6380,0.006841145921498537,0.020016273483633995,0.030630429089069367,0.06897974461317062,0.0,0.07235206663608551,0.0,0.28181537985801697
6381,0.006703456118702889,0.019252850860357284,0.031524528935551646,0.06773218661546707,0.0,0.07232798635959625,0.0,0.2818194031715393
6382,0.006778624840080738,0.01921684816479683,0.0281295508146286,0.07165515571832656,0.0,0.07230867445468903,0.0,0.28182265162467957
6383,0.006512740161269903,0.01951115280389786,0.02972380183637142,0.0726394772529602,0.0,0.07228688150644302,0.0,0.28182393312454224
6384,0.006763847358524799,0.019437078014016153,0.030740653350949287,0.07144687473773956,0.0,0.07226594537496567,0.0,0.28182512521743774
6385,0.006215970125049352,0.01941562108695507,0.028038809448480605,0.07411696314811707,0.0,0.07224766910076141,0.0,0.28182780742645264
6386,0.006235832441598177,0.019505974277853964,0.029471714049577713,0.06844749599695206,0.0,0.07223434746265411,0.0,0.281832754611969
6387,0.006665327306836844,0.01895844005048275,0.030451881885528564,0.07018539756536483,0.0,0.07222624123096466,0.0,0.28183817863464355
6388,0.006437738239765167,0.019174545258283614,0.028868911415338518,0.06993664875626564,0.0,0.0722183808684349,0.0,0.2818430960178375
6389,0.006438909936696291,0.019500038400292397,0.027294447273015977,0.07131466269493103,0.0,0.07220793515443802,0.0,0.28184622526168823
6390,0.006371146161109209,0.018849028274416924,0.030292471498250963,0.06777788326144218,0.0,0.07219521701335907,0.0,0.28185027837753296
6391,0.006711982376873493,0.018796127289533615,0.029693982750177383,0.07027187943458557,0.0,0.07218153029680252,0.0,0.28185775876045227
6392,0.006705822609364987,0.01897595077753067,0.03022233135998249,0.06932425200939178,0.0,0.07217054069042206,0.0,0.2818634510040283
6393,0.006693810503929853,0.01988755874335766,0.029641944169998168,0.06962663680315018,0.0,0.07216119021177292,0.0,0.28186947107315063
6394,0.006451765354722738,0.018515683338046075,0.030494106560945512,0.07074259519577027,0.0,0.07215357571840286,0.0,0.28187450766563416
6395,0.006044644396752119,0.019081250578165055,0.029094403237104417,0.069010129570961,0.0,0.07214343547821045,0.0,0.2818778455257416
6396,0.006660768389701843,0.01906478963792324,0.029915285855531694,0.0692182719707489,0.0,0.07212777435779572,0.0,0.28188061714172363
6397,0.006637353356927634,0.019783837720751762,0.03071727342903614,0.06983128041028977,0.0,0.07210958749055862,0.0,0.2818828225135803
6398,0.007031278870999813,0.018685660138726235,0.02791929468512535,0.07031900435686111,0.0,0.07209182530641556,0.0,0.28188562393188477
6399,0.0064133163541555405,0.018963782489299773,0.029828308150172234,0.07332899421453476,0.0,0.07207418233156204,0.0,0.28188571333885193
6400,0.006673477776348591,0.019634153321385385,0.029077491164207457,0.06870593577623367,0.0,0.07205598056316376,0.0,0.28188779950141907
6401,0.006609768979251385,0.01875087358057499,0.030071648955345153,0.06781797930598259,0.0,0.07203561812639236,0.0,0.28189021348953247
6402,0.00685561615973711,0.019261281192302703,0.031099700927734376,0.06725557297468185,0.0,0.07201473414897919,0.0,0.28189533948898315
6403,0.006419991329312325,0.018767574429512025,0.028561437129974367,0.07383689284324646,0.0,0.07199249416589737,0.0,0.28190121054649353
6404,0.006508681736886501,0.019449474662542342,0.029486271739006042,0.0726641446352005,0.0,0.07196937501430511,0.0,0.2819085717201233
6405,0.006484005972743035,0.019359033927321433,0.030192163959145545,0.0701507344841957,0.0,0.07194876670837402,0.0,0.2819175720214844
6406,0.006445979326963424,0.019845347478985788,0.02927413657307625,0.06780528202652931,0.0,0.07192809879779816,0.0,0.2819247841835022
6407,0.006354351341724396,0.020191599428653718,0.03220756910741329,0.07155952900648117,0.0,0.07190811634063721,0.0,0.281930536031723
6408,0.006218967959284782,0.02010357566177845,0.031101703643798828,0.07017195820808411,0.0,0.0718899667263031,0.0,0.28193721175193787
6409,0.0062710165046155454,0.02070801258087158,0.027638626098632813,0.07286175191402436,0.0,0.07187999784946442,0.0,0.2819429934024811
6410,0.0069060689769685265,0.019313184916973113,0.029334017261862754,0.06982616782188415,0.0,0.07187937200069427,0.0,0.28194767236709595
6411,0.006507441401481628,0.019766266271471978,0.02995680645108223,0.0671030580997467,0.0,0.07188274711370468,0.0,0.28195106983184814
6412,0.006521786656230688,0.019348150119185448,0.029503296315670013,0.07239689379930496,0.0,0.07188602536916733,0.0,0.28195101022720337
6413,0.006064471509307623,0.01933211423456669,0.03090480901300907,0.07347451150417328,0.0,0.07188776880502701,0.0,0.28195059299468994
6414,0.0067166280001401905,0.020104414597153664,0.031536488234996794,0.06773945838212966,0.0,0.07189022749662399,0.0,0.28195255994796753
6415,0.00695835929363966,0.02012268006801605,0.03117123320698738,0.07388790100812911,0.0,0.07188989222049713,0.0,0.2819560468196869
6416,0.006537628639489412,0.01969279199838638,0.03017885722219944,0.06627760976552963,0.0,0.07188920676708221,0.0,0.2819579243659973
6417,0.006466622743755579,0.01903349533677101,0.029831407219171525,0.06753847002983093,0.0,0.07188638299703598,0.0,0.2819631099700928
6418,0.006149170827120543,0.01985810697078705,0.029329286888241768,0.0666403591632843,0.0,0.07187939435243607,0.0,0.2819672226905823
6419,0.007001935131847858,0.019490768015384675,0.02942993901669979,0.06938041150569915,0.0,0.07187078893184662,0.0,0.28197231888771057
6420,0.006540543865412474,0.02010069042444229,0.029082950949668885,0.06720953285694123,0.0,0.07186661660671234,0.0,0.2819764018058777
6421,0.006696898117661476,0.018591898679733276,0.0297215074300766,0.07057265192270279,0.0,0.07185922563076019,0.0,0.2819792628288269
6422,0.00648058308288455,0.019733581691980362,0.030417553335428237,0.07026947140693665,0.0,0.07184775173664093,0.0,0.2819800078868866
6423,0.006475834175944328,0.019404403865337372,0.028664612025022507,0.07297014445066452,0.0,0.07183166593313217,0.0,0.28198084235191345
6424,0.006739785894751549,0.02022809870541096,0.02892170287668705,0.07369506061077118,0.0,0.07181713730096817,0.0,0.2819822430610657
6425,0.006432816199958324,0.01941683851182461,0.028322423994541168,0.06988286972045898,0.0,0.07180224359035492,0.0,0.2819805145263672
6426,0.006125715840607881,0.01955566741526127,0.030821315199136733,0.0715277299284935,0.0,0.07178681343793869,0.0,0.2819782495498657
6427,0.0067834479734301565,0.019437480717897415,0.03163825273513794,0.06620039120316505,0.0,0.07176835834980011,0.0,0.2819749712944031
6428,0.006113915424793959,0.01858358979225159,0.030743353813886643,0.07096107453107833,0.0,0.07175478339195251,0.0,0.28197088837623596
6429,0.006405145488679409,0.018992845714092255,0.028912707418203353,0.0765501007437706,0.0,0.07173419743776321,0.0,0.28196439146995544
6430,0.006572104431688786,0.019298385083675384,0.03212839066982269,0.07238037884235382,0.0,0.07171116769313812,0.0,0.2819565236568451
6431,0.006438289117068052,0.01985136456787586,0.030521458387374877,0.06950189545750618,0.0,0.07168460637331009,0.0,0.2819487154483795
6432,0.00619635647162795,0.0210969228297472,0.029202128201723097,0.07131871581077576,0.0,0.07165922224521637,0.0,0.2819424569606781
6433,0.006466179620474577,0.019306540861725806,0.029839206486940384,0.06767711117863655,0.0,0.07163738459348679,0.0,0.2819364368915558
6434,0.006516982149332762,0.019999192282557487,0.03157673440873623,0.06711961925029755,0.0,0.07161255180835724,0.0,0.28193193674087524
6435,0.006666791997849942,0.020495035499334336,0.02966812886297703,0.06958228945732117,0.0,0.071592316031456,0.0,0.28192639350891113
6436,0.00635864119976759,0.019461877644062042,0.03048626519739628,0.06954388469457626,0.0,0.07157167047262192,0.0,0.28192251920700073
6437,0.006747857481241226,0.019774698466062546,0.030670665204524994,0.06851541548967362,0.0,0.07155630737543106,0.0,0.2819211184978485
6438,0.006231008190661668,0.01955867260694504,0.030537310615181924,0.06661084145307541,0.0,0.07154762744903564,0.0,0.2819196581840515
6439,0.006206394918262958,0.01935572288930416,0.03031991645693779,0.07170740813016892,0.0,0.0715356171131134,0.0,0.2819198966026306
6440,0.0065375611186027525,0.019409838318824767,0.029570364579558372,0.06990026980638504,0.0,0.0715288370847702,0.0,0.28192001581192017
6441,0.0067411897704005245,0.018791406229138375,0.028663791343569757,0.06836171224713325,0.0,0.07152403891086578,0.0,0.2819194197654724
6442,0.006781627982854843,0.019726957753300668,0.030215005576610564,0.06901128441095353,0.0,0.07151447981595993,0.0,0.28191977739334106
6443,0.006477512419223785,0.019772455841302872,0.030815642699599265,0.06527662873268128,0.0,0.07151132822036743,0.0,0.28191787004470825
6444,0.006296366453170776,0.01979824751615524,0.030381471291184424,0.06730288565158844,0.0,0.07151224464178085,0.0,0.2819134294986725
6445,0.006318919267505408,0.019413640722632408,0.03034738600254059,0.06872694790363312,0.0,0.07151158154010773,0.0,0.2819083631038666
6446,0.006254455447196961,0.018849390000104903,0.02987988106906414,0.06614098250865937,0.0,0.07150784879922867,0.0,0.2819049656391144
6447,0.006606070790439844,0.019570789113640786,0.028938529267907142,0.0719043493270874,0.0,0.07151087373495102,0.0,0.28190141916275024
6448,0.006196222454309464,0.019348762929439545,0.02999243438243866,0.06810298636555671,0.0,0.07151088863611221,0.0,0.2818964123725891
6449,0.006704325042665005,0.018693609163165092,0.029931626096367837,0.06650784313678741,0.0,0.07150986045598984,0.0,0.2818910479545593
6450,0.006571861356496811,0.020458054542541505,0.02902335152029991,0.06919801235198975,0.0,0.07151180505752563,0.0,0.2818860113620758
6451,0.006594778317958116,0.019746141135692598,0.030798406526446342,0.07051614373922348,0.0,0.0715152770280838,0.0,0.281884104013443
6452,0.00636404575780034,0.020018714293837548,0.029318901523947716,0.0648171328008175,0.0,0.07152657210826874,0.0,0.2818845212459564
6453,0.006623495183885097,0.018842681869864465,0.030457087978720664,0.06680731475353241,0.0,0.07154177129268646,0.0,0.2818854749202728
6454,0.006954783946275711,0.019753044471144676,0.02983008362352848,0.07182305157184601,0.0,0.07155507802963257,0.0,0.28188592195510864
6455,0.006831313204020262,0.019831564277410507,0.03216870650649071,0.07178906947374344,0.0,0.07156375050544739,0.0,0.2818886637687683
6456,0.00665254881605506,0.019424669817090033,0.03089756704866886,0.0716206505894661,0.0,0.07156644761562347,0.0,0.2818911671638489
6457,0.006198086775839329,0.018978655710816382,0.02932191714644432,0.06878506392240524,0.0,0.07156617194414139,0.0,0.28189438581466675
6458,0.006220582220703363,0.020402895659208296,0.028966983780264854,0.07360471934080123,0.0,0.07156777381896973,0.0,0.2818969488143921
6459,0.006739368289709091,0.020118290930986403,0.029568167775869368,0.07094848155975342,0.0,0.07157500088214874,0.0,0.28189903497695923
6460,0.006436102837324142,0.01957704350352287,0.031795591861009595,0.06688853949308396,0.0,0.07157795131206512,0.0,0.2819008231163025
6461,0.0065261865966022015,0.019067175313830377,0.0303561519831419,0.06772287487983704,0.0,0.07157804816961288,0.0,0.2819021940231323
6462,0.006432922277599573,0.020016469433903693,0.03140443377196789,0.0680159568786621,0.0,0.07157421112060547,0.0,0.281902939081192
6463,0.006632236111909151,0.020037932321429253,0.03009485490620136,0.07206138372421264,0.0,0.0715688169002533,0.0,0.2819029688835144
6464,0.00636783130466938,0.01864432021975517,0.030180146917700768,0.06533296331763268,0.0,0.07156988978385925,0.0,0.2819039225578308
6465,0.006472796853631735,0.019231298193335532,0.029215678945183753,0.0695876158773899,0.0,0.07157108932733536,0.0,0.2819036841392517
6466,0.006629910785704851,0.019325420260429382,0.02978827990591526,0.06592323854565621,0.0,0.07157085835933685,0.0,0.28190121054649353
6467,0.006118352897465229,0.018784399330615997,0.02876453213393688,0.07166711539030075,0.0,0.07157294452190399,0.0,0.28189796209335327
6468,0.006276741810142994,0.020076823607087135,0.03049345165491104,0.07549718022346497,0.0,0.07157284021377563,0.0,0.28189754486083984
6469,0.006164952926337719,0.020023655891418458,0.030096303299069406,0.06425353661179542,0.0,0.0715785026550293,0.0,0.28189873695373535
6470,0.006308859027922153,0.019184746965765952,0.029121161624789237,0.06805303245782852,0.0,0.07159151881933212,0.0,0.28189927339553833
6471,0.0068651348352432254,0.019260639697313307,0.03046013377606869,0.06880256086587906,0.0,0.07160397619009018,0.0,0.28189870715141296
6472,0.006317264214158058,0.019400352239608766,0.030037926509976387,0.07165416032075882,0.0,0.0716116800904274,0.0,0.2818991243839264
6473,0.00665323045104742,0.01947314999997616,0.03073306046426296,0.07175597697496414,0.0,0.07162024080753326,0.0,0.2818995714187622
6474,0.006487782951444388,0.019839073717594146,0.03093886375427246,0.06857164353132247,0.0,0.07162662595510483,0.0,0.2819010317325592
6475,0.0061912091448903086,0.01995163895189762,0.0307132076472044,0.06830417215824128,0.0,0.07162999361753464,0.0,0.2819017171859741
6476,0.006626149080693722,0.02005200870335102,0.029803017154335976,0.06207097917795181,0.0,0.07163210958242416,0.0,0.28190159797668457
6477,0.006563220731914043,0.019973985850811005,0.03133227750658989,0.06995202153921128,0.0,0.07163575291633606,0.0,0.281900018453598
6478,0.0067081482149660586,0.019635452702641488,0.028588316589593887,0.07169322222471237,0.0,0.0716370940208435,0.0,0.2818976640701294
6479,0.00645473888143897,0.020720116421580316,0.030190809443593026,0.06867162585258484,0.0,0.07163828611373901,0.0,0.28189417719841003
6480,0.0062489152885973455,0.020110079646110536,0.030103828012943267,0.07132885009050369,0.0,0.07163508236408234,0.0,0.2818922996520996
6481,0.0067026371136307715,0.018979233130812644,0.03019917793571949,0.07073137313127517,0.0,0.07163374125957489,0.0,0.2818901836872101
6482,0.0066181888803839685,0.01946849562227726,0.029514867439866067,0.07323208600282669,0.0,0.07163102924823761,0.0,0.2818906903266907
6483,0.006297364551573992,0.01968936026096344,0.030507757142186166,0.0752015009522438,0.0,0.07163070142269135,0.0,0.28189054131507874
6484,0.006497026793658734,0.02036149948835373,0.02910216748714447,0.07110098153352737,0.0,0.07163051515817642,0.0,0.2818887233734131
6485,0.006550373882055283,0.019500886276364326,0.02983134314417839,0.06870000809431076,0.0,0.07162598520517349,0.0,0.2818858027458191
6486,0.006386599503457546,0.019372474774718283,0.028582875803112983,0.06536780446767806,0.0,0.07162325084209442,0.0,0.28188443183898926
6487,0.005692631844431162,0.019983141869306564,0.028451533615589143,0.0743601679801941,0.0,0.07161727547645569,0.0,0.28188347816467285
6488,0.0066254882141947745,0.019430186599493027,0.03023555763065815,0.07153159230947495,0.0,0.07161148637533188,0.0,0.2818835377693176
6489,0.006642120517790317,0.01991310454905033,0.03068510629236698,0.0686877965927124,0.0,0.07160614430904388,0.0,0.2818865180015564
6490,0.006506881583482027,0.01890198290348053,0.03179712183773518,0.06799896880984306,0.0,0.07160338759422302,0.0,0.2818906605243683
6491,0.00632042782381177,0.020389748364686967,0.031771494820713994,0.06841904222965241,0.0,0.07159662246704102,0.0,0.2818949818611145
6492,0.006436666566878557,0.020057711750268936,0.029802604764699935,0.07232222706079483,0.0,0.07158970832824707,0.0,0.2818986773490906
6493,0.00645346250385046,0.01882759965956211,0.028980473428964613,0.06925995200872422,0.0,0.07159068435430527,0.0,0.28189975023269653
6494,0.006082960311323405,0.020120911300182343,0.0307662233710289,0.06707515195012093,0.0,0.07159344106912613,0.0,0.28189975023269653
6495,0.006403702963143587,0.019807084649801254,0.0313656635582447,0.07212843298912049,0.0,0.07159413397312164,0.0,0.2818998396396637
6496,0.0064103703014552595,0.019026783481240272,0.02932804189622402,0.06520393937826156,0.0,0.07159161567687988,0.0,0.2819001078605652
6497,0.006127427890896797,0.021252606809139252,0.029083561897277833,0.06662584617733955,0.0,0.0715898871421814,0.0,0.281900554895401
6498,0.006285705137997866,0.019903800636529922,0.030090779811143876,0.07125426977872848,0.0,0.07159299403429031,0.0,0.28190070390701294
6499,0.006471395399421454,0.020394882187247276,0.0295549463480711,0.06603896245360374,0.0,0.07159595936536789,0.0,0.28190097212791443
6500,0.006317847967147827,0.01892622597515583,0.03268846459686756,0.07300030738115311,0.0,0.07160214334726334,0.0,0.281902551651001
6501,0.006441382504999637,0.01939477100968361,0.030347974598407747,0.0671196311712265,0.0,0.07160748541355133,0.0,0.2819038927555084
6502,0.006309234071522951,0.019833629578351976,0.03130943477153778,0.07290552109479904,0.0,0.07160893827676773,0.0,0.28190645575523376
6503,0.006492135301232338,0.01968914531171322,0.02895422913134098,0.06683637499809265,0.0,0.07160761952400208,0.0,0.28190839290618896
6504,0.006702771503478288,0.01961771324276924,0.030559604987502098,0.0710145354270935,0.0,0.07160906493663788,0.0,0.2819080054759979
6505,0.006347299739718437,0.019791864231228827,0.030014919117093086,0.06787498444318771,0.0,0.07161590456962585,0.0,0.2819075584411621
6506,0.006216102652251721,0.019229811802506446,0.03172128945589066,0.07007122188806533,0.0,0.07161957770586014,0.0,0.28190675377845764
6507,0.006667794566601515,0.019992614910006524,0.031084467470645905,0.06856933385133743,0.0,0.07162584364414215,0.0,0.28190523386001587
6508,0.006421648431569338,0.01873394548892975,0.02977517545223236,0.0728594034910202,0.0,0.071628138422966,0.0,0.2819023132324219
6509,0.006400616839528084,0.019616156443953515,0.026800282672047614,0.07159043103456497,0.0,0.07162849605083466,0.0,0.2819003462791443
6510,0.006230344995856285,0.019274256378412246,0.030472025275230408,0.0748994916677475,0.0,0.07162841409444809,0.0,0.28189945220947266
6511,0.00649459296837449,0.019417785853147507,0.02997145690023899,0.07611308693885803,0.0,0.07162640988826752,0.0,0.2818984389305115
6512,0.00640031611546874,0.019397954642772674,0.02946108505129814,0.06665353029966355,0.0,0.0716225802898407,0.0,0.2818971276283264
6513,0.006438239943236113,0.019562368094921113,0.03245278187096119,0.06954677999019623,0.0,0.07162121683359146,0.0,0.28189653158187866
6514,0.006268270500004292,0.01977601945400238,0.029197908192873,0.06935229003429413,0.0,0.07161872088909149,0.0,0.2818980813026428
6515,0.006546882539987564,0.01999908722937107,0.030262400954961778,0.07058860957622529,0.0,0.07161952555179596,0.0,0.28190186619758606
6516,0.006391937844455242,0.020096946880221365,0.029877901449799536,0.0702072411775589,0.0,0.07161977142095566,0.0,0.28190627694129944
6517,0.006436987221240998,0.01961767263710499,0.029306986927986146,0.06893720030784607,0.0,0.07161671668291092,0.0,0.2819114923477173
6518,0.00644022487103939,0.018981581181287767,0.031006260961294174,0.06758213490247726,0.0,0.07161587476730347,0.0,0.2819163203239441
6519,0.005953706242144108,0.020610979944467544,0.03055383488535881,0.07102580070495605,0.0,0.07161325216293335,0.0,0.2819216251373291
6520,0.006809485796838999,0.019520013034343718,0.02957063540816307,0.06995574831962585,0.0,0.07161588966846466,0.0,0.2819267213344574
6521,0.006400055903941393,0.019086426869034768,0.03109961859881878,0.06546550244092941,0.0,0.07161499559879303,0.0,0.2819298803806305
6522,0.006445462070405483,0.020493264868855478,0.028269770741462707,0.07026653736829758,0.0,0.07161213457584381,0.0,0.2819332778453827
6523,0.00692707123234868,0.020741977170109747,0.031083426252007485,0.07313368618488311,0.0,0.07161109894514084,0.0,0.2819352149963379
6524,0.006522525381296873,0.019824074953794478,0.029704853147268295,0.07045543789863587,0.0,0.07161472737789154,0.0,0.2819383144378662
6525,0.0066720363683998585,0.0194369625300169,0.029189462959766387,0.06435793340206146,0.0,0.07162021100521088,0.0,0.28194037079811096
6526,0.0069259446114301685,0.019546353071928025,0.028878165408968925,0.07293950319290161,0.0,0.07161916792392731,0.0,0.2819397449493408
6527,0.006658556219190359,0.019337036833167075,0.03217007257044315,0.06935207545757294,0.0,0.07162461429834366,0.0,0.2819409668445587
6528,0.00634476663544774,0.019065619632601737,0.029680518433451653,0.06923540532588959,0.0,0.07162925601005554,0.0,0.2819408178329468
6529,0.006908118072897196,0.020448213815689086,0.030034205317497252,0.06966079324483872,0.0,0.07163591682910919,0.0,0.2819415330886841
6530,0.007103610038757324,0.01945282854139805,0.02929304279386997,0.06841036602854729,0.0,0.07163754850625992,0.0,0.2819451093673706
6531,0.0064012260176241394,0.020264210924506188,0.03233317881822586,0.06829698532819747,0.0,0.07163842022418976,0.0,0.2819502353668213
6532,0.0062098739668726925,0.019678593054413794,0.029233666136860847,0.07004200965166092,0.0,0.07163770496845245,0.0,0.28195443749427795
6533,0.006617257464677095,0.01940249614417553,0.030832237750291824,0.06783217638731003,0.0,0.07163888216018677,0.0,0.28195714950561523
6534,0.00680748289451003,0.020143378153443338,0.03039747290313244,0.07055779993534088,0.0,0.07163996249437332,0.0,0.281960129737854
6535,0.006589438300579786,0.01922915652394295,0.030580465495586396,0.06595718860626221,0.0,0.0716402679681778,0.0,0.28196486830711365
6536,0.006491184420883656,0.01972181163728237,0.030762213096022607,0.06627715826034546,0.0,0.07163803279399872,0.0,0.2819693982601166
6537,0.006486112996935844,0.019866832345724107,0.029861009493470193,0.06714758425951003,0.0,0.07164007425308228,0.0,0.28197288513183594
6538,0.006498052086681127,0.019668273627758026,0.03183762580156326,0.07096294909715653,0.0,0.0716465637087822,0.0,0.28197360038757324
6539,0.006593023706227541,0.01992247812449932,0.03102080598473549,0.06229643821716309,0.0,0.07165252417325974,0.0,0.28197595477104187
6540,0.006731345131993294,0.01988310515880585,0.030968669801950455,0.07151246219873428,0.0,0.07165659964084625,0.0,0.2819767892360687
6541,0.006651163380593061,0.018980201706290244,0.03104133754968643,0.071415875852108,0.0,0.07166562974452972,0.0,0.2819783687591553
6542,0.006356313172727823,0.019379442557692528,0.030240777879953384,0.06965219229459763,0.0,0.07167567312717438,0.0,0.2819805145263672
6543,0.006832205317914486,0.02060631476342678,0.03159086667001247,0.07110935598611831,0.0,0.07168803364038467,0.0,0.2819821238517761
6544,0.00680585615336895,0.020466628298163415,0.030465441569685937,0.07458840161561966,0.0,0.07170678675174713,0.0,0.2819823622703552
6545,0.0066366629675030705,0.02037256136536598,0.02953577898442745,0.06845191717147828,0.0,0.07172197848558426,0.0,0.281981885433197
6546,0.006571940798312426,0.019632600620388983,0.03040039390325546,0.06966511905193329,0.0,0.07173637300729752,0.0,0.28197965025901794
6547,0.006399307120591402,0.020134498178958894,0.030715635791420937,0.06910505145788193,0.0,0.07175134122371674,0.0,0.2819789946079254
6548,0.006628364417701959,0.019276724383234977,0.03175123482942581,0.06580935791134834,0.0,0.07176630198955536,0.0,0.2819802463054657
6549,0.00695293266326189,0.02076742611825466,0.029666384682059288,0.07154867053031921,0.0,0.07177909463644028,0.0,0.28198060393333435
6550,0.006436189264059066,0.019599395990371703,0.030487066879868508,0.06719826310873031,0.0,0.07178990542888641,0.0,0.28198257088661194
6551,0.006527227815240622,0.019953907653689384,0.031037794798612593,0.0677956685423851,0.0,0.07180596888065338,0.0,0.28198298811912537
6552,0.0063606807962059975,0.019511159509420395,0.03059551827609539,0.06915685534477234,0.0,0.07181920111179352,0.0,0.28198233246803284
6553,0.006233181618154049,0.019792128726840018,0.03178073540329933,0.06833679378032684,0.0,0.07183198630809784,0.0,0.2819848656654358
6554,0.006260606739670038,0.020193615555763246,0.029599446058273315,0.07122180163860321,0.0,0.07184766978025436,0.0,0.2819876968860626
6555,0.006603515241295099,0.019594226405024527,0.03179815635085106,0.06804964542388917,0.0,0.0718630999326706,0.0,0.2819916605949402
6556,0.006586576066911221,0.01976275071501732,0.03135079070925713,0.07190248072147369,0.0,0.07187630981206894,0.0,0.28199511766433716
6557,0.006674100644886494,0.02116159498691559,0.030407244339585304,0.06982959955930709,0.0,0.07188475131988525,0.0,0.28199681639671326
6558,0.006188962515443564,0.01994522102177143,0.028153520449995993,0.07169249653816223,0.0,0.07190076261758804,0.0,0.2819986939430237
6559,0.006522855162620545,0.020303623750805855,0.029678688570857047,0.07152385115623475,0.0,0.07191972434520721,0.0,0.2820001244544983
6560,0.0065909245051443575,0.019062663614749908,0.029841960594058036,0.07345545887947083,0.0,0.07193589955568314,0.0,0.2820020318031311
6561,0.006778296735137701,0.01872166283428669,0.029295480996370315,0.06849900931119919,0.0,0.07195568084716797,0.0,0.282004177570343
6562,0.006374097056686878,0.01869453527033329,0.031542782112956046,0.07292166799306869,0.0,0.07197050750255585,0.0,0.28200551867485046
6563,0.006688277423381806,0.020479396730661393,0.030757887288928032,0.06826967447996139,0.0,0.07198099046945572,0.0,0.2820056974887848
6564,0.006381055526435375,0.02015114910900593,0.029253468662500382,0.07233526185154915,0.0,0.07199163734912872,0.0,0.2820066809654236
6565,0.006724359095096588,0.02032930664718151,0.030291636660695075,0.07244213968515396,0.0,0.07200135290622711,0.0,0.2820090651512146
6566,0.006558496784418821,0.018414150550961496,0.029137692227959634,0.06993770599365234,0.0,0.07201100885868073,0.0,0.28201332688331604
6567,0.006263816356658935,0.01979076713323593,0.030366968363523483,0.06962835490703582,0.0,0.07202237844467163,0.0,0.2820177376270294
6568,0.006664762739092112,0.019382426142692567,0.02847467064857483,0.07095415443181992,0.0,0.07203157246112823,0.0,0.2820236086845398
6569,0.006411399692296982,0.020662514865398406,0.029695919901132583,0.07277377992868424,0.0,0.07204224914312363,0.0,0.2820265293121338
6570,0.0064639575779438015,0.019313108175992966,0.03002507835626602,0.06976163387298584,0.0,0.0720590353012085,0.0,0.28202900290489197
6571,0.006065937969833612,0.019759531319141387,0.029686225578188896,0.06829896941781044,0.0,0.07207582890987396,0.0,0.2820321321487427
6572,0.006015180237591266,0.020534177124500275,0.03013339340686798,0.0707461804151535,0.0,0.07209174335002899,0.0,0.2820342481136322
6573,0.006254828162491321,0.019105831161141396,0.03188495896756649,0.06825444102287292,0.0,0.07210506498813629,0.0,0.28203558921813965
6574,0.006676299776881933,0.019287167862057687,0.03184902407228947,0.06681247949600219,0.0,0.07211603224277496,0.0,0.282035231590271
6575,0.006472710892558098,0.019901014491915704,0.03126036413013935,0.06846160218119621,0.0,0.07212966680526733,0.0,0.2820366322994232
6576,0.006476119812577963,0.020379749312996864,0.02880544289946556,0.06810516715049744,0.0,0.07214021682739258,0.0,0.28203877806663513
6577,0.006489735748618841,0.01925859972834587,0.02989527992904186,0.06640256121754647,0.0,0.07215560227632523,0.0,0.28204113245010376
6578,0.006773508526384831,0.01990785710513592,0.02950306385755539,0.06700185760855674,0.0,0.07217074930667877,0.0,0.2820405960083008
6579,0.0067080498673021795,0.020884737744927405,0.02954309545457363,0.06991179287433624,0.0,0.07218169420957565,0.0,0.2820413112640381
6580,0.006549155153334141,0.01925037018954754,0.02972359284758568,0.07217652648687363,0.0,0.0721914991736412,0.0,0.28204184770584106
6581,0.006534288823604584,0.018866975978016853,0.030064765363931656,0.07202432751655578,0.0,0.07220421731472015,0.0,0.28204187750816345
6582,0.006419548206031323,0.019222762808203696,0.029191935807466506,0.06838381588459015,0.0,0.0722152590751648,0.0,0.282039999961853
6583,0.006766300275921821,0.020038098841905595,0.03164822310209274,0.0680493414402008,0.0,0.07222099602222443,0.0,0.2820366621017456
6584,0.006409941334277391,0.018436896055936812,0.028314244002103806,0.07013538405299187,0.0,0.07222042232751846,0.0,0.2820326089859009
6585,0.006313710007816553,0.018840807676315307,0.029529140517115592,0.06990812718868256,0.0,0.07222139090299606,0.0,0.28202763199806213
6586,0.006751192547380924,0.020052666217088698,0.028408002480864523,0.0718341127038002,0.0,0.07222031056880951,0.0,0.2820216119289398
6587,0.006716797687113285,0.020008907094597815,0.029784835875034332,0.06701179817318917,0.0,0.07221747189760208,0.0,0.28201454877853394
6588,0.0067956139333546165,0.02001740038394928,0.03157817497849465,0.0717881292104721,0.0,0.07221134006977081,0.0,0.28200867772102356
6589,0.006540751736611128,0.020057594031095506,0.02832801565527916,0.07028499841690064,0.0,0.07220201194286346,0.0,0.282003253698349
6590,0.006722320802509785,0.019580116122961046,0.030407695099711418,0.06588434725999832,0.0,0.07219011336565018,0.0,0.2819999158382416
6591,0.006854623090475798,0.019042883068323135,0.028389331698417664,0.068495374917984,0.0,0.07217726111412048,0.0,0.2819979190826416
6592,0.006925357971340418,0.01860688105225563,0.028159450367093088,0.06978828310966492,0.0,0.07216116040945053,0.0,0.2819977402687073
6593,0.006614200957119465,0.019048817083239557,0.026861655339598656,0.06755854785442353,0.0,0.07214143127202988,0.0,0.2819991111755371
6594,0.006445247959345579,0.01964976154267788,0.030510422214865683,0.07031230628490448,0.0,0.07212964445352554,0.0,0.2820001542568207
6595,0.006499864812940359,0.019936525821685792,0.030823445320129393,0.06969602108001709,0.0,0.07212173938751221,0.0,0.28200188279151917
6596,0.00703574139624834,0.01945713087916374,0.028504152968525886,0.07464270144701005,0.0,0.07210926711559296,0.0,0.2820049822330475
6597,0.006215587444603443,0.01911650225520134,0.032656507566571236,0.07406400889158249,0.0,0.07209621369838715,0.0,0.28200528025627136
6598,0.006755300331860781,0.0202304657548666,0.03020142838358879,0.07308020889759063,0.0,0.072084441781044,0.0,0.2820052206516266
6599,0.006769963819533586,0.019246843457221986,0.02886536456644535,0.06620922833681106,0.0,0.07207624614238739,0.0,0.2820051312446594
6600,0.007149243634194136,0.01912638172507286,0.028232739493250846,0.06897626742720604,0.0,0.07206686586141586,0.0,0.2820030748844147
6601,0.006139915995299816,0.020360158011317252,0.028771289438009263,0.07192503660917282,0.0,0.07205149531364441,0.0,0.2820030152797699
6602,0.006551443226635456,0.01947619765996933,0.02958599552512169,0.07142148613929748,0.0,0.07203454524278641,0.0,0.282004177570343
6603,0.006710713263601065,0.02043986991047859,0.030438588559627534,0.06704872250556945,0.0,0.07201744616031647,0.0,0.2820053696632385
6604,0.006419151555746794,0.019919510558247568,0.030765925720334052,0.07226034551858902,0.0,0.0720006600022316,0.0,0.2820042073726654
6605,0.006820254027843475,0.02017209567129612,0.028315079957246782,0.06739200353622436,0.0,0.07198920100927353,0.0,0.2820006012916565
6606,0.006665670592337847,0.019890754669904708,0.02873169369995594,0.06841567754745484,0.0,0.07197697460651398,0.0,0.2819961905479431
6607,0.006942449603229761,0.019890571013092995,0.02931799292564392,0.070424285531044,0.0,0.0719657763838768,0.0,0.2819918692111969
6608,0.006428358890116215,0.0188599806278944,0.0288997296243906,0.0672360047698021,0.0,0.07195332646369934,0.0,0.2819885313510895
6609,0.00656249625608325,0.01983538195490837,0.028864576295018197,0.06972690224647522,0.0,0.0719371885061264,0.0,0.28198543190956116
6610,0.006273828353732825,0.019789179787039757,0.028921424597501754,0.07082429081201554,0.0,0.07192160934209824,0.0,0.2819826006889343
6611,0.00675993924960494,0.019834880903363227,0.03019203506410122,0.06693532913923264,0.0,0.07191066443920135,0.0,0.2819802761077881
6612,0.006708230543881655,0.019695303961634637,0.02941076084971428,0.0723110407590866,0.0,0.07189527899026871,0.0,0.28197795152664185
6613,0.006638205982744694,0.020059405639767647,0.029481231421232223,0.07353046834468842,0.0,0.07187610864639282,0.0,0.2819741368293762
6614,0.006135980226099491,0.019218568876385688,0.029894309118390083,0.07019705027341842,0.0,0.07185554504394531,0.0,0.2819700837135315
6615,0.006863069254904985,0.0194465484470129,0.02816084623336792,0.06941144168376923,0.0,0.07183866202831268,0.0,0.28196579217910767
6616,0.0063349857926368715,0.020325061678886414,0.030401746928691863,0.06526588499546052,0.0,0.07182228565216064,0.0,0.28196316957473755
6617,0.006404064409434795,0.019451535865664484,0.03160022087395191,0.06865208894014359,0.0,0.07180607318878174,0.0,0.2819613516330719
6618,0.006935571506619454,0.020472607389092446,0.02962379716336727,0.07361681014299393,0.0,0.07178879529237747,0.0,0.28195980191230774
6619,0.006478967517614365,0.018888625502586364,0.03016703315079212,0.06892749816179275,0.0,0.07177810370922089,0.0,0.2819587290287018
6620,0.006121180206537247,0.01920560747385025,0.029330602660775185,0.06526559442281724,0.0,0.07176533341407776,0.0,0.2819581627845764
6621,0.007060821447521448,0.019736187532544136,0.030272145941853523,0.07003820985555649,0.0,0.07175204902887344,0.0,0.2819572985172272
6622,0.006768735218793153,0.019813888892531394,0.02919723391532898,0.06775217950344085,0.0,0.07174301147460938,0.0,0.28195762634277344
6623,0.006226358842104674,0.0197215236723423,0.029344303905963896,0.06819413155317307,0.0,0.07173707336187363,0.0,0.2819567918777466
6624,0.00697213988751173,0.01939389146864414,0.03074987716972828,0.07108128070831299,0.0,0.07173224538564682,0.0,0.28195667266845703
6625,0.006526507623493672,0.018893222138285638,0.029922394081950188,0.07019566148519515,0.0,0.07172840088605881,0.0,0.28195664286613464
6626,0.006791325937956572,0.019826249778270723,0.029209714010357858,0.07563679963350296,0.0,0.07172247767448425,0.0,0.2819555103778839
6627,0.006368767563253641,0.019441356882452965,0.02992728315293789,0.06826322823762894,0.0,0.07171368598937988,0.0,0.28195327520370483
6628,0.006426164973527193,0.019036563858389855,0.029159397631883622,0.0721222311258316,0.0,0.07170449197292328,0.0,0.28195202350616455
6629,0.006672064121812582,0.019819754362106323,0.031254741549491885,0.06914471089839935,0.0,0.07169695943593979,0.0,0.281952440738678
6630,0.006256525777280331,0.01941804401576519,0.027523202076554298,0.06642292216420173,0.0,0.07168488204479218,0.0,0.2819534242153168
6631,0.006306602898985147,0.019954286515712738,0.030460477247834204,0.0687866359949112,0.0,0.07167889922857285,0.0,0.28195422887802124
6632,0.006063002441078424,0.019560227170586586,0.02901732623577118,0.06943928226828575,0.0,0.07167337834835052,0.0,0.28195467591285706
6633,0.006472397409379482,0.01886002831161022,0.031130869686603547,0.06902694553136826,0.0,0.07166461646556854,0.0,0.2819541096687317
6634,0.006426440738141537,0.018863336369395255,0.02995959296822548,0.06689981743693352,0.0,0.0716569647192955,0.0,0.28195446729660034
6635,0.006388691812753677,0.019706708192825318,0.030790092423558235,0.07066410481929779,0.0,0.07164952903985977,0.0,0.2819560170173645
6636,0.006158211920410395,0.020220367610454558,0.028736240416765212,0.06646927893161773,0.0,0.07164131104946136,0.0,0.28195706009864807
6637,0.0063942822627723215,0.02069436088204384,0.028228600323200227,0.06972815990447997,0.0,0.07163333892822266,0.0,0.2819572687149048
6638,0.006813017372041941,0.02023763060569763,0.03057710751891136,0.07491172850131989,0.0,0.07162558287382126,0.0,0.28195756673812866
6639,0.006408948358148337,0.02020784616470337,0.029710613936185837,0.0680418536067009,0.0,0.07161939144134521,0.0,0.2819594740867615
6640,0.006319624185562134,0.01911029815673828,0.029198583960533143,0.06875359714031219,0.0,0.07161519676446915,0.0,0.28196269273757935
6641,0.006278405152261257,0.01971738860011101,0.028860331699252128,0.07060631662607193,0.0,0.07161083072423935,0.0,0.28196677565574646
6642,0.0062040437012910845,0.018754953145980836,0.030006133019924164,0.07336029261350632,0.0,0.07160846889019012,0.0,0.28196805715560913
6643,0.006541612930595875,0.019662902876734733,0.030261502787470817,0.07031094059348106,0.0,0.07161743938922882,0.0,0.28196993470191956
6644,0.00634242482483387,0.01933727003633976,0.03101141154766083,0.06951746791601181,0.0,0.07163015753030777,0.0,0.2819703221321106
6645,0.0068034793250262736,0.019879331439733507,0.03064405806362629,0.0680197611451149,0.0,0.07163683325052261,0.0,0.28196796774864197
6646,0.006313332449644804,0.019746122136712074,0.03189254403114319,0.06967677623033523,0.0,0.07164612412452698,0.0,0.281964510679245
6647,0.006751932855695486,0.020251033082604408,0.029506511613726617,0.06826375126838684,0.0,0.07165449857711792,0.0,0.281960666179657
6648,0.006474031135439873,0.020688898116350173,0.030879631265997888,0.06735950484871864,0.0,0.07166643440723419,0.0,0.28195589780807495
6649,0.006766923237591982,0.019386912137269972,0.028109528496861456,0.06596469581127166,0.0,0.07167957723140717,0.0,0.2819530665874481
6650,0.006328685022890568,0.018852085620164872,0.030481762439012527,0.06737540066242217,0.0,0.07169376313686371,0.0,0.28195303678512573
6651,0.006553924363106489,0.019989428296685218,0.02963407002389431,0.06964236348867417,0.0,0.07170306146144867,0.0,0.2819541096687317
6652,0.006385442055761814,0.019468380510807036,0.02852015383541584,0.07036351561546325,0.0,0.07171152532100677,0.0,0.28195762634277344
6653,0.006739381887018681,0.019761320576071738,0.029996727779507636,0.06816207021474838,0.0,0.07172462344169617,0.0,0.2819618284702301
6654,0.0064189817756414415,0.019538690522313117,0.03035319745540619,0.068242846429348,0.0,0.07173819839954376,0.0,0.28196603059768677
6655,0.006842232495546341,0.020415058359503746,0.030759583041071892,0.06784694045782089,0.0,0.07175835967063904,0.0,0.2819700837135315
6656,0.006597049441188574,0.019545586407184602,0.03142306990921497,0.06998746544122696,0.0,0.07177939265966415,0.0,0.2819744646549225
6657,0.006370806135237217,0.019465811923146246,0.029289906099438667,0.07265527248382568,0.0,0.07179786264896393,0.0,0.28197765350341797
6658,0.006629801448434591,0.02005300112068653,0.02799340933561325,0.06822869032621384,0.0,0.07181133329868317,0.0,0.28198033571243286
6659,0.006593139562755823,0.02009200192987919,0.03139548785984516,0.06811678111553192,0.0,0.07182525098323822,0.0,0.2819821238517761
6660,0.00617956118658185,0.01991126164793968,0.032005079090595245,0.0713129922747612,0.0,0.07183871418237686,0.0,0.28198274970054626
6661,0.006394977122545243,0.02045525684952736,0.030552199482917784,0.06608690023422241,0.0,0.07184530794620514,0.0,0.28198328614234924
6662,0.006394698657095433,0.019445845484733583,0.030664823204278945,0.06851427853107453,0.0,0.07184649258852005,0.0,0.2819840610027313
6663,0.006255711056292057,0.019914044067263603,0.030351793766021727,0.0698140487074852,0.0,0.07184339314699173,0.0,0.28198733925819397
6664,0.006866287067532539,0.01882043294608593,0.029708683490753174,0.0736902117729187,0.0,0.07184265553951263,0.0,0.28198978304862976
6665,0.006438052840530872,0.020426693186163903,0.029971010237932205,0.06827166229486466,0.0,0.07183961570262909,0.0,0.2819916605949402
6666,0.006409821193665266,0.019663677364587785,0.0284032016992569,0.07400556728243828,0.0,0.07183632254600525,0.0,0.2819940745830536
6667,0.006531336251646281,0.019860555231571198,0.030261338502168656,0.07057875841856003,0.0,0.07183553278446198,0.0,0.28199467062950134
6668,0.006667056120932102,0.01865534484386444,0.03087473548948765,0.07253752648830414,0.0,0.07183199375867844,0.0,0.2819950580596924
6669,0.006481869146227837,0.019310000538825988,0.030802227184176446,0.0688890352845192,0.0,0.07182426750659943,0.0,0.2819960117340088
6670,0.006395682878792286,0.01938086114823818,0.02982877232134342,0.06699747294187545,0.0,0.07181932032108307,0.0,0.2819952368736267
6671,0.007018676772713661,0.02002217434346676,0.030666695535182954,0.07550621479749679,0.0,0.07181523740291595,0.0,0.28199276328086853
6672,0.006437596958130598,0.01949414163827896,0.03229546509683132,0.07248071879148484,0.0,0.07180960476398468,0.0,0.28198927640914917
6673,0.006575222965329886,0.019780386239290237,0.02884388454258442,0.06852250695228576,0.0,0.07180169969797134,0.0,0.28198742866516113
6674,0.006303420942276716,0.019616099074482918,0.029763714969158174,0.07263094335794448,0.0,0.07179375737905502,0.0,0.2819851040840149
6675,0.006313498131930828,0.01952064372599125,0.02915874309837818,0.0700683280825615,0.0,0.07178381830453873,0.0,0.2819828987121582
6676,0.006510482355952263,0.019218027219176294,0.030372413992881774,0.0688649982213974,0.0,0.07177157700061798,0.0,0.28198105096817017
6677,0.006388279981911183,0.019445060566067696,0.03034600131213665,0.07223024815320969,0.0,0.07176079601049423,0.0,0.28197866678237915
6678,0.006611882615834475,0.019252675399184228,0.029599866643548012,0.07031584680080413,0.0,0.07174613326787949,0.0,0.28197479248046875
6679,0.006419172696769238,0.019853093102574347,0.031076480448246003,0.07055632621049882,0.0,0.07172956317663193,0.0,0.2819705605506897
6680,0.006813497096300125,0.01902454234659672,0.03167562857270241,0.06775525361299514,0.0,0.07171306014060974,0.0,0.28196659684181213
6681,0.006196530070155859,0.01985015533864498,0.03214919790625572,0.06685272231698036,0.0,0.07169820368289948,0.0,0.28196319937705994
6682,0.006278946250677109,0.020011787116527558,0.028816546499729156,0.0720119446516037,0.0,0.0716838464140892,0.0,0.2819606363773346
6683,0.006192866619676352,0.02043701447546482,0.03093268387019634,0.07116188853979111,0.0,0.07167335599660873,0.0,0.2819586396217346
6684,0.006542511750012636,0.02011466436088085,0.030741671472787856,0.0733067199587822,0.0,0.07166559994220734,0.0,0.2819576859474182
6685,0.006889637839049101,0.019389694184064867,0.029817140102386473,0.06968367844820023,0.0,0.07165379077196121,0.0,0.2819580137729645
6686,0.006518569681793452,0.020051178708672523,0.030010509490966796,0.06994181722402573,0.0,0.07164645940065384,0.0,0.2819601893424988
6687,0.006657744105905294,0.019699414446949958,0.0327447384595871,0.07240400165319442,0.0,0.07164289802312851,0.0,0.2819625437259674
6688,0.0067318429239094256,0.019768425449728965,0.02960873320698738,0.06991634368896485,0.0,0.07164064794778824,0.0,0.28196418285369873
6689,0.00637919157743454,0.018844641372561456,0.030340374261140824,0.06995519325137138,0.0,0.07164736092090607,0.0,0.28196725249290466
6690,0.006772051379084587,0.01973106972873211,0.030055819451808928,0.06834562122821808,0.0,0.07165215909481049,0.0,0.28197193145751953
6691,0.006302183028310537,0.019494765251874924,0.03043374828994274,0.06710155457258224,0.0,0.07165645062923431,0.0,0.2819731533527374
6692,0.006536199524998665,0.020520960539579393,0.0305195864289999,0.0679705299437046,0.0,0.07165560126304626,0.0,0.2819734513759613
6693,0.006400988716632128,0.02062012366950512,0.029441285133361816,0.06577846109867096,0.0,0.07165132462978363,0.0,0.28197455406188965
6694,0.006573351193219423,0.019340038672089575,0.03009492829442024,0.06766431033611298,0.0,0.07164733111858368,0.0,0.2819750905036926
6695,0.006698092352598906,0.01971982978284359,0.029369690269231797,0.06891427487134934,0.0,0.07164664566516876,0.0,0.2819754183292389
6696,0.006372764427214861,0.018786541000008584,0.029114177078008653,0.06677401959896087,0.0,0.07164864242076874,0.0,0.2819760739803314
6697,0.006112232711166144,0.020034024491906166,0.03013678789138794,0.06881186813116073,0.0,0.07165589183568954,0.0,0.2819763720035553
6698,0.006325094774365425,0.01996898278594017,0.03147456459701061,0.0666910782456398,0.0,0.07167129218578339,0.0,0.2819754481315613
6699,0.006334580574184656,0.01835210733115673,0.03125173486769199,0.0710548222064972,0.0,0.0716891810297966,0.0,0.28197404742240906
6700,0.0065585442818701266,0.01898232623934746,0.02992885932326317,0.0692902758717537,0.0,0.07170481979846954,0.0,0.281970739364624
6701,0.006728840060532093,0.020205656439065932,0.03081985004246235,0.06772302389144898,0.0,0.07171851396560669,0.0,0.2819667458534241
6702,0.00675505381077528,0.01951897032558918,0.031632442772388455,0.07284928113222122,0.0,0.07173033058643341,0.0,0.2819633483886719
6703,0.006304067373275757,0.019646746292710304,0.031425745040178296,0.06899776011705398,0.0,0.07174006849527359,0.0,0.28196045756340027
6704,0.006250032316893339,0.019161076471209525,0.02834462225437164,0.07475339621305466,0.0,0.07174786925315857,0.0,0.28195667266845703
6705,0.006480424851179123,0.01969696432352066,0.032214099913835524,0.06774389743804932,0.0,0.07175891101360321,0.0,0.2819534242153168
6706,0.006153091602027416,0.019825773686170577,0.028620709851384162,0.06679569184780121,0.0,0.07178017497062683,0.0,0.2819509506225586
6707,0.00672703180462122,0.01926015168428421,0.029206778109073638,0.07034786641597748,0.0,0.07179641723632812,0.0,0.28194859623908997
6708,0.006338031962513924,0.018868041038513184,0.02894451133906841,0.07060103565454483,0.0,0.07180808484554291,0.0,0.28194475173950195
6709,0.00619379710406065,0.01942899338901043,0.03052481971681118,0.07079236358404159,0.0,0.07181486487388611,0.0,0.2819439768791199
6710,0.006999774370342493,0.01954893060028553,0.030592716485261916,0.06707916408777237,0.0,0.0718192309141159,0.0,0.28194358944892883
6711,0.006567204836755991,0.01876978240907192,0.031014853715896608,0.06690663322806359,0.0,0.07181745767593384,0.0,0.281942218542099
6712,0.006635864917188883,0.019701599329710006,0.02857982777059078,0.06724829226732254,0.0,0.07182012498378754,0.0,0.2819421589374542
6713,0.006220331322401762,0.020477927476167678,0.02984204553067684,0.06769658327102661,0.0,0.07182788103818893,0.0,0.2819421887397766
6714,0.00632247505709529,0.019657366350293158,0.02915244959294796,0.06931388527154922,0.0,0.0718301385641098,0.0,0.28194183111190796
6715,0.006338551640510559,0.01916665881872177,0.03187943808734417,0.06809012368321418,0.0,0.07182919234037399,0.0,0.2819421589374542
6716,0.006287685874849558,0.018577414751052856,0.027541167661547662,0.0660051591694355,0.0,0.07182705402374268,0.0,0.28194180130958557
6717,0.006602506805211306,0.019139894843101503,0.029779111966490746,0.06617769449949265,0.0,0.07182210683822632,0.0,0.2819397449493408
6718,0.006548782903701067,0.019122124090790747,0.030690812692046165,0.06743196845054626,0.0,0.07181571424007416,0.0,0.2819368839263916
6719,0.006178732216358185,0.01934777796268463,0.030978701263666152,0.06811225116252899,0.0,0.07180769741535187,0.0,0.2819322943687439
6720,0.006303700525313616,0.019537223502993584,0.029292935132980348,0.06648477613925934,0.0,0.07180063426494598,0.0,0.28192806243896484
6721,0.006392448488622904,0.019641301408410073,0.03223832212388515,0.07078010141849518,0.0,0.07179281115531921,0.0,0.28192421793937683
6722,0.006516694743186236,0.019193725287914278,0.03057953603565693,0.06767433434724808,0.0,0.0717887356877327,0.0,0.2819187045097351
6723,0.006720349378883839,0.01902667321264744,0.029777564480900763,0.07067198604345322,0.0,0.07178852707147598,0.0,0.2819138467311859
6724,0.0068094608373939994,0.01955520696938038,0.02913643941283226,0.07153381779789925,0.0,0.07178494334220886,0.0,0.28190773725509644
6725,0.0065301360562443735,0.019184166565537453,0.029549916833639146,0.06909834444522858,0.0,0.07178585231304169,0.0,0.2819032371044159
6726,0.006678917072713375,0.019635728374123574,0.030574723705649377,0.07020697444677353,0.0,0.07178880274295807,0.0,0.28189942240715027
6727,0.006755496188998222,0.01920803599059582,0.029089439660310745,0.06876599341630936,0.0,0.07178857922554016,0.0,0.28189629316329956
6728,0.006701521389186382,0.02016245238482952,0.030738876760005952,0.06686828285455704,0.0,0.07178541272878647,0.0,0.2818949520587921
6729,0.006594320479780436,0.020588954910635948,0.030060179904103278,0.06942273676395416,0.0,0.07178326696157455,0.0,0.28189247846603394
6730,0.006547740660607815,0.01962331831455231,0.03161366507411003,0.06425858661532402,0.0,0.07178013026714325,0.0,0.2818901538848877
6731,0.006543559674173594,0.019183248281478882,0.02990882471203804,0.06748676896095276,0.0,0.07177462428808212,0.0,0.2818892002105713
6732,0.006442863307893276,0.018968971073627473,0.03249515146017075,0.06779946088790893,0.0,0.07176448404788971,0.0,0.2818887531757355
6733,0.006603042501956225,0.02051687128841877,0.030272926017642022,0.0711164839565754,0.0,0.07175420224666595,0.0,0.2818896770477295
6734,0.006706284359097481,0.01926252953708172,0.029379431530833243,0.06828649789094925,0.0,0.07174421846866608,0.0,0.2818889021873474
6735,0.006275797449052334,0.01999107301235199,0.030023441463708878,0.0703773818910122,0.0,0.07172922044992447,0.0,0.2818884253501892
6736,0.006762306392192841,0.018800639361143113,0.030794455483555794,0.06542666256427765,0.0,0.07171178609132767,0.0,0.2818867862224579
6737,0.006670553423464298,0.01936492621898651,0.0318134393543005,0.07219508737325668,0.0,0.0716925635933876,0.0,0.28188323974609375
6738,0.006568968761712313,0.019647298380732536,0.027707986161112787,0.07108718231320381,0.0,0.07167048752307892,0.0,0.28187718987464905
6739,0.006324461288750171,0.019545646011829378,0.02791784256696701,0.06840813010931016,0.0,0.07165161520242691,0.0,0.2818707227706909
6740,0.006622432451695204,0.018732987716794013,0.02942340336740017,0.0693185031414032,0.0,0.07163063436746597,0.0,0.28186389803886414
6741,0.006372417788952589,0.01946747861802578,0.029512931779026984,0.07217039912939072,0.0,0.0716124027967453,0.0,0.28185632824897766
6742,0.006724708806723356,0.019903159514069558,0.030157037451863287,0.06520552784204484,0.0,0.07159439474344254,0.0,0.2818497121334076
6743,0.006748393177986145,0.020565279573202134,0.030619853734970094,0.07143874764442444,0.0,0.07157781720161438,0.0,0.281842976808548
6744,0.006511316262185573,0.020197782292962076,0.02998134270310402,0.06914564818143845,0.0,0.07156084477901459,0.0,0.28183668851852417
6745,0.006351817678660154,0.020169062167406084,0.03006698898971081,0.06638702750205994,0.0,0.07153832912445068,0.0,0.2818325161933899
6746,0.006848127022385598,0.019454475492239,0.029555865004658698,0.07420687526464462,0.0,0.07151585817337036,0.0,0.2818301320075989
6747,0.006350348424166441,0.018889986723661423,0.029171315580606462,0.07060043811798096,0.0,0.07149104028940201,0.0,0.2818295359611511
6748,0.006041566003113985,0.02000449113547802,0.028740374743938445,0.06979469507932663,0.0,0.07146859169006348,0.0,0.28182920813560486
6749,0.006823939085006714,0.01960747838020325,0.029887791723012924,0.06672637537121773,0.0,0.0714462473988533,0.0,0.2818310856819153
6750,0.006721104960888624,0.019801923632621767,0.03235724307596684,0.06916433423757554,0.0,0.07142707705497742,0.0,0.2818334698677063
6751,0.006598334945738316,0.019485682621598242,0.028579086437821387,0.06703151389956474,0.0,0.07140954583883286,0.0,0.2818354070186615
6752,0.006652133259922266,0.019400078803300858,0.031869689002633095,0.06651351228356361,0.0,0.0713939219713211,0.0,0.2818373143672943
6753,0.006795842014253139,0.019461829215288162,0.02882697507739067,0.06902283132076263,0.0,0.07138325273990631,0.0,0.2818397581577301
6754,0.005999855417758227,0.019556435570120812,0.03108746260404587,0.07087509334087372,0.0,0.0713697224855423,0.0,0.2818428575992584
6755,0.006315892841666937,0.020041242614388464,0.0293853048235178,0.07117747217416763,0.0,0.07135717570781708,0.0,0.2818433940410614
6756,0.006742490921169519,0.020195697247982026,0.02903463989496231,0.06340972855687141,0.0,0.07134558260440826,0.0,0.28184598684310913
6757,0.006764115579426288,0.018350186571478844,0.029367423430085183,0.06803811341524124,0.0,0.0713421031832695,0.0,0.2818475067615509
6758,0.006564605701714754,0.019933316111564636,0.03058191165328026,0.07145571261644364,0.0,0.07133571803569794,0.0,0.28184741735458374
6759,0.00667674895375967,0.020026004314422606,0.029844887927174567,0.07287499755620956,0.0,0.07133333384990692,0.0,0.2818494141101837
6760,0.006469397991895676,0.020208840072155,0.03050076961517334,0.07129764705896377,0.0,0.07133017480373383,0.0,0.28185027837753296
6761,0.006474263686686754,0.01901395246386528,0.02846328280866146,0.07002462148666382,0.0,0.0713295266032219,0.0,0.28185293078422546
6762,0.006859977263957262,0.019912127405405045,0.03184195682406425,0.07014098316431046,0.0,0.07132840156555176,0.0,0.2818552255630493
6763,0.006599869765341282,0.01982773132622242,0.030320064350962638,0.07141664475202561,0.0,0.07132478058338165,0.0,0.2818589508533478
6764,0.006467911973595619,0.01890828348696232,0.028573287278413774,0.06852145195007324,0.0,0.07132141292095184,0.0,0.28186312317848206
6765,0.006511194631457329,0.019131089374423028,0.030374881252646445,0.06659456193447114,0.0,0.07131930440664291,0.0,0.2818666100502014
6766,0.0062600809149444105,0.01933433413505554,0.029216891899704934,0.06795312538743019,0.0,0.07132100313901901,0.0,0.28187093138694763
6767,0.006631543580442667,0.01968485824763775,0.03247565142810345,0.06761418357491493,0.0,0.0713256448507309,0.0,0.2818736433982849
6768,0.00655764127150178,0.01965748853981495,0.030362104624509813,0.06774627566337585,0.0,0.07132548838853836,0.0,0.28187674283981323
6769,0.006707818806171417,0.0193858802318573,0.030956368893384933,0.06727240011096,0.0,0.07132574170827866,0.0,0.28187844157218933
6770,0.006337642483413219,0.020038315281271934,0.030100954696536064,0.06847772151231765,0.0,0.07132423669099808,0.0,0.28188085556030273
6771,0.006617030594497919,0.02022399865090847,0.02928898185491562,0.06866469457745553,0.0,0.07132436335086823,0.0,0.28188446164131165
6772,0.006418255157768726,0.02021361291408539,0.03158189691603184,0.07395439445972443,0.0,0.07132229954004288,0.0,0.28188714385032654
6773,0.006547299306839704,0.020495356619358064,0.030068904906511307,0.06896111518144607,0.0,0.07131990045309067,0.0,0.28188928961753845
6774,0.006224300432950258,0.019149519503116608,0.030493487045168875,0.0686041235923767,0.0,0.07131805270910263,0.0,0.28189021348953247
6775,0.007054866570979357,0.019937924295663833,0.029320645704865457,0.07315816581249238,0.0,0.07131358981132507,0.0,0.281890869140625
6776,0.006722963880747557,0.01876644156873226,0.02905796766281128,0.06484991684556007,0.0,0.07131348550319672,0.0,0.2818913161754608
6777,0.006668586935847998,0.02037220783531666,0.02945467233657837,0.06549054607748986,0.0,0.07131357491016388,0.0,0.2818915545940399
6778,0.006241372879594564,0.020510078221559525,0.030108948051929475,0.06949037611484528,0.0,0.0713178962469101,0.0,0.28188902139663696
6779,0.006638174131512642,0.019565689936280252,0.03064776919782162,0.06734661757946014,0.0,0.07132669538259506,0.0,0.28188711404800415
6780,0.00686639491468668,0.01895512789487839,0.031030305474996567,0.06918374747037888,0.0,0.07133147865533829,0.0,0.28188401460647583
6781,0.006457930244505405,0.018975263833999632,0.030443452298641205,0.07147463113069534,0.0,0.07133357971906662,0.0,0.28188085556030273
6782,0.0064514254219830034,0.019926053285598756,0.030263567343354225,0.06982716917991638,0.0,0.07133666425943375,0.0,0.2818778157234192
6783,0.006451726239174604,0.01931004077196121,0.03125868104398251,0.07245111614465713,0.0,0.07133608311414719,0.0,0.28187283873558044
6784,0.006501336488872767,0.019666468352079393,0.03054056651890278,0.06870848014950752,0.0,0.07133707404136658,0.0,0.2818700671195984
6785,0.007256850972771645,0.02034468613564968,0.030027730390429497,0.07132900059223175,0.0,0.07133933901786804,0.0,0.2818678319454193
6786,0.006446078978478908,0.019447310641407967,0.031994803622364995,0.06911207884550094,0.0,0.07133829593658447,0.0,0.2818668782711029
6787,0.00641618762165308,0.01997816823422909,0.02877415493130684,0.06934432089328765,0.0,0.0713350921869278,0.0,0.2818661630153656
6788,0.006425925251096487,0.019677256047725678,0.029251954331994057,0.06898975521326065,0.0,0.0713346004486084,0.0,0.28186625242233276
6789,0.0065089955925941466,0.01940034218132496,0.028864654526114465,0.07054958790540695,0.0,0.07133279740810394,0.0,0.2818669378757477
6790,0.0063608730211853984,0.019201767072081564,0.03120175562798977,0.07467831522226334,0.0,0.07133175432682037,0.0,0.2818661332130432
6791,0.006706652510911226,0.0204450786113739,0.03237487114965916,0.07179886549711227,0.0,0.07132913172245026,0.0,0.28186479210853577
6792,0.006737046130001545,0.019386628270149232,0.03017287626862526,0.06745647341012954,0.0,0.0713227242231369,0.0,0.2818633019924164
6793,0.006665529310703277,0.020146319642663002,0.02839112877845764,0.07229506075382233,0.0,0.07131676375865936,0.0,0.28186339139938354
6794,0.006303446739912033,0.01966748237609863,0.028790096566081048,0.07115252465009689,0.0,0.07131487131118774,0.0,0.28186529874801636
6795,0.006412994954735041,0.019868301600217818,0.03136188127100468,0.07007403671741486,0.0,0.07131296396255493,0.0,0.28186947107315063
6796,0.00615707840770483,0.020364699140191077,0.029593604058027266,0.07260700464248657,0.0,0.07131271064281464,0.0,0.28187042474746704
6797,0.006841521523892879,0.020222367346286775,0.029519492015242576,0.06883644089102745,0.0,0.07131336629390717,0.0,0.28187185525894165
6798,0.006844178214669228,0.018806808814406394,0.030552214384078978,0.070936019718647,0.0,0.07131273299455643,0.0,0.28187474608421326
6799,0.0062534712255001065,0.02007402405142784,0.03033360466361046,0.07117946445941925,0.0,0.0713123083114624,0.0,0.28187793493270874
6800,0.00626931395381689,0.02012636959552765,0.030004217475652694,0.07011792361736298,0.0,0.07131277769804001,0.0,0.2818804383277893
6801,0.006604096479713916,0.018546605855226515,0.0299559623003006,0.07007867097854614,0.0,0.07132314145565033,0.0,0.28188231587409973
6802,0.006218725629150867,0.019814221933484078,0.029261758923530577,0.07336871922016144,0.0,0.07132921367883682,0.0,0.28188464045524597
6803,0.006492140982300043,0.01977713033556938,0.02956860400736332,0.06840275079011918,0.0,0.07133561372756958,0.0,0.2818858027458191
6804,0.006501452159136533,0.01937087029218674,0.029535245895385743,0.06920060217380523,0.0,0.07134105265140533,0.0,0.2818852961063385
6805,0.006332738324999809,0.01857943497598171,0.0290770273655653,0.0716173842549324,0.0,0.07134220004081726,0.0,0.28188320994377136
6806,0.006517121009528637,0.020031946897506713,0.028941258043050765,0.07267581075429916,0.0,0.07133929431438446,0.0,0.28187838196754456
6807,0.006431134790182114,0.01924111135303974,0.02831188254058361,0.06930291205644608,0.0,0.07133565843105316,0.0,0.28187352418899536
6808,0.006339789740741253,0.019430329278111457,0.029679552465677262,0.07394596189260483,0.0,0.07132928818464279,0.0,0.28186923265457153
6809,0.006583346147090196,0.01901293098926544,0.030155231431126594,0.07205057740211487,0.0,0.0713210254907608,0.0,0.281868577003479
6810,0.006481576431542635,0.019722440093755723,0.02846953347325325,0.06381367817521096,0.0,0.0713081806898117,0.0,0.2818695902824402
6811,0.00653300890699029,0.019968752562999726,0.028288610652089118,0.07236193418502808,0.0,0.07129909843206406,0.0,0.2818712294101715
6812,0.006453901249915362,0.018656694889068605,0.029277145490050317,0.06722683236002922,0.0,0.0712912529706955,0.0,0.2818719744682312
6813,0.006465712189674377,0.019267554208636285,0.029840729013085366,0.07085444033145905,0.0,0.07127909362316132,0.0,0.28187376260757446
6814,0.006663904525339603,0.018915703892707823,0.029405463114380838,0.06554532796144485,0.0,0.07126932591199875,0.0,0.2818763852119446
6815,0.006448783818632365,0.019949142634868623,0.03104606755077839,0.07214229106903076,0.0,0.07126101851463318,0.0,0.28187888860702515
6816,0.006389675941318273,0.019252778217196464,0.030640799179673196,0.06950135380029679,0.0,0.07125233113765717,0.0,0.28187981247901917
6817,0.006147244665771723,0.019695913791656493,0.029912975430488587,0.07005308791995049,0.0,0.07124098390340805,0.0,0.2818797528743744
6818,0.006686318200081587,0.019306404143571855,0.03205912262201309,0.07155830264091492,0.0,0.07123295217752457,0.0,0.2818761467933655
6819,0.006240217573940754,0.019655829668045043,0.03151423037052155,0.0636339783668518,0.0,0.07122375071048737,0.0,0.2818721830844879
6820,0.006613542977720499,0.01913674585521221,0.030007582157850266,0.06797177940607071,0.0,0.07121820002794266,0.0,0.2818675935268402
6821,0.006334070675075054,0.0197249885648489,0.02874158285558224,0.07161874920129777,0.0,0.07121345400810242,0.0,0.28186145424842834
6822,0.006404471024870873,0.021116725355386733,0.03250782303512097,0.06805135905742646,0.0,0.07120983302593231,0.0,0.28185710310935974
6823,0.006359692569822073,0.020801523700356483,0.029436808079481125,0.06923816055059433,0.0,0.07120723277330399,0.0,0.28185373544692993
6824,0.006854349467903376,0.02013410031795502,0.02851298823952675,0.07272312343120575,0.0,0.07120169699192047,0.0,0.28185299038887024
6825,0.0062780800275504586,0.019923345372080802,0.03054092451930046,0.0683050200343132,0.0,0.07120034843683243,0.0,0.2818518280982971
6826,0.006414816342294216,0.020411863923072815,0.0300185676664114,0.06808459460735321,0.0,0.07120487838983536,0.0,0.28185147047042847
6827,0.006533155590295792,0.019368157163262366,0.030839713290333748,0.07196306139230728,0.0,0.0712113156914711,0.0,0.28185105323791504
6828,0.006258807517588139,0.019447017461061478,0.03231713436543941,0.06680298298597336,0.0,0.07122714072465897,0.0,0.281852662563324
6829,0.006789666227996349,0.020060759037733078,0.029398321732878686,0.07084668725728989,0.0,0.07123490422964096,0.0,0.2818544805049896
6830,0.006709054857492447,0.02009482905268669,0.028946434333920478,0.07129386812448502,0.0,0.07124067842960358,0.0,0.28185492753982544
6831,0.006789097189903259,0.02023288086056709,0.030029404908418655,0.06996700316667556,0.0,0.0712512955069542,0.0,0.28185567259788513
6832,0.006200172193348408,0.01889006979763508,0.030877823010087013,0.06953021138906479,0.0,0.07126347720623016,0.0,0.2818572521209717
6833,0.006425465177744627,0.020028120651841164,0.030111804232001306,0.07238900512456894,0.0,0.07127358019351959,0.0,0.28185588121414185
6834,0.007199123967438936,0.019531966373324394,0.029671088606119157,0.0704617440700531,0.0,0.07128390669822693,0.0,0.28185203671455383
6835,0.006252879370003938,0.019693276658654214,0.03136606365442276,0.07271053791046142,0.0,0.07129556685686111,0.0,0.2818495035171509
6836,0.006568139791488648,0.020231105014681817,0.029723231866955756,0.07318015098571777,0.0,0.07130461186170578,0.0,0.2818452715873718
6837,0.006560684461146593,0.01976519078016281,0.030053894594311716,0.07078959420323372,0.0,0.07131459563970566,0.0,0.2818405032157898
6838,0.006651720311492681,0.019723254814743997,0.028844147548079492,0.0713048130273819,0.0,0.07132508605718613,0.0,0.28183674812316895
6839,0.006628828682005405,0.01984252631664276,0.02937515825033188,0.07128145545721054,0.0,0.07134168595075607,0.0,0.28183460235595703
6840,0.006583315692842007,0.01924947425723076,0.031859146803617476,0.06731843054294587,0.0,0.07135790586471558,0.0,0.28183409571647644
6841,0.006330704037100077,0.018875836208462716,0.031222775205969812,0.0699733167886734,0.0,0.0713704451918602,0.0,0.2818351984024048
6842,0.006762725673615933,0.019910116121172904,0.030434468761086464,0.0721982479095459,0.0,0.07138289511203766,0.0,0.28184035420417786
6843,0.006482500955462456,0.01977786161005497,0.0303043182939291,0.06851753443479539,0.0,0.07139603048563004,0.0,0.2818489074707031
6844,0.006188254151493311,0.019142160192131996,0.029123929515480994,0.07008432298898697,0.0,0.07141657173633575,0.0,0.28185778856277466
6845,0.006585592404007912,0.019083118438720702,0.031079791858792304,0.06852801144123077,0.0,0.07143543660640717,0.0,0.28186535835266113
6846,0.006227398291230202,0.01961647644639015,0.03196477293968201,0.07478560954332351,0.0,0.07145273685455322,0.0,0.28187233209609985
6847,0.006946159619837999,0.018854881823062896,0.03004949912428856,0.06963548362255097,0.0,0.07147149741649628,0.0,0.28187841176986694
6848,0.006926168967038393,0.019808250293135644,0.03025761656463146,0.07112733274698257,0.0,0.07148517668247223,0.0,0.2818845212459564
6849,0.006187253072857857,0.01928742416203022,0.030213698744773865,0.06574502289295196,0.0,0.07149560749530792,0.0,0.28188925981521606
6850,0.006408225838094949,0.019117569923400878,0.03032919503748417,0.06732467114925385,0.0,0.07150357961654663,0.0,0.2818942666053772
6851,0.006883723009377718,0.019139108434319495,0.03102235347032547,0.07095385044813156,0.0,0.07151412963867188,0.0,0.28189781308174133
6852,0.006584989186376333,0.01850057430565357,0.031205670908093452,0.06963748708367348,0.0,0.07152167707681656,0.0,0.2818993628025055
6853,0.006312648020684719,0.020249492302536965,0.02845904864370823,0.06918234676122666,0.0,0.07153023034334183,0.0,0.28190183639526367
6854,0.006487390305846929,0.019209262728691102,0.029490697383880615,0.06899526715278625,0.0,0.07153744250535965,0.0,0.2819035053253174
6855,0.006835384760051966,0.019318787008523942,0.028928809240460394,0.07068603038787842,0.0,0.07154320180416107,0.0,0.281904935836792
6856,0.006460598018020391,0.019527222961187363,0.029587023332715033,0.07041101604700088,0.0,0.0715513676404953,0.0,0.2819076180458069
6857,0.0069221374578773975,0.01995576322078705,0.03080178387463093,0.06937373131513595,0.0,0.07156272977590561,0.0,0.28190985321998596
6858,0.006450950726866722,0.019642939791083336,0.029757900163531303,0.07136716097593307,0.0,0.07157541811466217,0.0,0.2819114327430725
6859,0.006263058446347713,0.02013378106057644,0.030165538564324378,0.07145701348781586,0.0,0.07158582657575607,0.0,0.28191500902175903
6860,0.006594621948897839,0.018426661565899848,0.03078303337097168,0.06678318083286286,0.0,0.07159104198217392,0.0,0.28191787004470825
6861,0.0064507205039262775,0.01955261453986168,0.03057791143655777,0.070405775308609,0.0,0.0715978816151619,0.0,0.2819191813468933
6862,0.00658969059586525,0.020234135910868645,0.030817969888448715,0.06580877527594567,0.0,0.07160155475139618,0.0,0.2819187343120575
6863,0.006440232787281275,0.019602067396044733,0.029673047363758087,0.06895243972539902,0.0,0.07160483300685883,0.0,0.28191694617271423
6864,0.006443798169493675,0.020099136978387833,0.030863765999674796,0.06961679011583329,0.0,0.07160939276218414,0.0,0.28191477060317993
6865,0.006580817699432373,0.02059715464711189,0.028710044175386428,0.0672713115811348,0.0,0.07161754369735718,0.0,0.28191208839416504
6866,0.006296456698328257,0.019300996884703638,0.029982534050941468,0.07001288533210755,0.0,0.0716286152601242,0.0,0.2819097936153412
6867,0.006342985481023788,0.01970350481569767,0.030795828625559806,0.06870683580636978,0.0,0.07164295017719269,0.0,0.2819056510925293
6868,0.006606140453368425,0.01952660344541073,0.030404230952262877,0.07076150476932526,0.0,0.07165629416704178,0.0,0.28190088272094727
6869,0.006447057798504829,0.019117315113544465,0.03004307523369789,0.07062921077013015,0.0,0.07167138159275055,0.0,0.2818964123725891
6870,0.006434511858969927,0.019564376771450044,0.03175797015428543,0.07247016504406929,0.0,0.07168798893690109,0.0,0.2818925380706787
6871,0.006642092205584049,0.019818587601184844,0.03286066204309464,0.06919898241758346,0.0,0.07170246541500092,0.0,0.2818913757801056
6872,0.0063349161297082904,0.02007303312420845,0.03188464343547821,0.06831073015928268,0.0,0.07171820104122162,0.0,0.2818930149078369
6873,0.0064195794053375724,0.019738560914993285,0.030598555877804755,0.070091100782156,0.0,0.07173733413219452,0.0,0.2818935513496399
6874,0.006702072545886039,0.018252287432551383,0.02949770949780941,0.07188657075166702,0.0,0.07174666970968246,0.0,0.2818951904773712
6875,0.00619672192260623,0.01969953067600727,0.030457990244030952,0.06962137520313263,0.0,0.0717601552605629,0.0,0.28189319372177124
6876,0.006750748213380575,0.019667869061231615,0.029616118967533113,0.07162062078714371,0.0,0.07177559286355972,0.0,0.2818916141986847
6877,0.006481724884361028,0.01914055719971657,0.030803697556257247,0.07291440069675445,0.0,0.07178991287946701,0.0,0.28188759088516235
6878,0.005651652626693249,0.01926782839000225,0.02966131567955017,0.06743930578231812,0.0,0.07180251181125641,0.0,0.28188198804855347
6879,0.0068837876431643965,0.01974174864590168,0.03098779432475567,0.06920467615127564,0.0,0.07181896269321442,0.0,0.28187745809555054
6880,0.006392239965498448,0.020216286554932593,0.031255419924855234,0.07155310586094857,0.0,0.0718323215842247,0.0,0.281873881816864
6881,0.006608895119279623,0.02018219269812107,0.03136334829032421,0.0685102790594101,0.0,0.07184995710849762,0.0,0.2818717956542969
6882,0.006302669644355774,0.019163165986537934,0.031078455597162248,0.06759498715400696,0.0,0.07186267524957657,0.0,0.281870573759079
6883,0.006397908926010132,0.0198030948638916,0.029115788638591766,0.06854337006807328,0.0,0.07187001407146454,0.0,0.281870573759079
6884,0.006326888408511877,0.020434436574578285,0.029713453724980354,0.0687176913022995,0.0,0.07187505066394806,0.0,0.28187069296836853
6885,0.006254564039409161,0.01913842260837555,0.02999819703400135,0.0740345522761345,0.0,0.0718776285648346,0.0,0.2818731665611267
6886,0.006375570315867662,0.019263998419046403,0.029936128482222556,0.07149735242128372,0.0,0.07187263667583466,0.0,0.28187501430511475
6887,0.006670138519257307,0.019481537118554115,0.02952263168990612,0.06710097640752792,0.0,0.07186885178089142,0.0,0.2818775475025177
6888,0.0061514544300735,0.018350330740213396,0.0301191546022892,0.06705743670463563,0.0,0.07186471670866013,0.0,0.28188157081604004
6889,0.006026116013526916,0.018639089167118074,0.02918952703475952,0.06974942088127137,0.0,0.07186214625835419,0.0,0.28188878297805786
6890,0.006655412819236517,0.01921888589859009,0.029415890201926233,0.06868236362934113,0.0,0.07185975462198257,0.0,0.28189507126808167
6891,0.006475046742707491,0.02030818983912468,0.030148866400122643,0.07033564448356629,0.0,0.0718574970960617,0.0,0.28189873695373535
6892,0.006615231279283762,0.019465457275509836,0.030026469379663467,0.07123698443174362,0.0,0.07185447216033936,0.0,0.2819017469882965
6893,0.0068000231869518755,0.01990930549800396,0.02871585823595524,0.06701278388500213,0.0,0.07184626907110214,0.0,0.2819041609764099
6894,0.006143664941191673,0.019211284071207046,0.028694961965084077,0.06571776419878006,0.0,0.07183157652616501,0.0,0.28190651535987854
6895,0.006425322405993939,0.01910790503025055,0.02980596050620079,0.0671953409910202,0.0,0.07181838154792786,0.0,0.2819076180458069
6896,0.006975446455180645,0.020163113623857497,0.0319613516330719,0.07011414170265198,0.0,0.07180961221456528,0.0,0.28190740942955017
6897,0.006909303739666939,0.019805659353733063,0.03102598451077938,0.07130714207887649,0.0,0.07180780172348022,0.0,0.2819080054759979
6898,0.006890746206045151,0.01916463002562523,0.027658377960324287,0.07228870540857316,0.0,0.07180946320295334,0.0,0.281907856464386
6899,0.006892265006899834,0.020316150039434433,0.028947663307189942,0.06574630513787269,0.0,0.07180734723806381,0.0,0.2819098234176636
6900,0.006738852430135012,0.019969188421964646,0.028888086229562758,0.06941069662570953,0.0,0.07180117070674896,0.0,0.28191155195236206
6901,0.0062981266528368,0.01935524046421051,0.03153110817074776,0.06831996440887451,0.0,0.07179425656795502,0.0,0.281913697719574
6902,0.006416921690106392,0.01913730911910534,0.029140597581863402,0.06935807317495346,0.0,0.07178590446710587,0.0,0.2819128632545471
6903,0.006185290403664112,0.0197636678814888,0.028348971530795096,0.074501533806324,0.0,0.07177227735519409,0.0,0.2819123864173889
6904,0.00670725591480732,0.01904064044356346,0.0303565613925457,0.0687004916369915,0.0,0.07176414877176285,0.0,0.28191033005714417
6905,0.006834975071251392,0.019693551957607268,0.029855454340577126,0.06901553645730019,0.0,0.07175295799970627,0.0,0.28190791606903076
6906,0.006690700817853212,0.020558957383036612,0.02929900474846363,0.06867462247610093,0.0,0.07174201309680939,0.0,0.2819042503833771
6907,0.006307472568005323,0.019920744374394415,0.029389329254627228,0.07267650663852691,0.0,0.07173840701580048,0.0,0.2819019854068756
6908,0.006528916954994202,0.019739516824483872,0.03147831112146378,0.06728031113743782,0.0,0.07173227518796921,0.0,0.2818989157676697
6909,0.006804137863218785,0.019352882727980615,0.03004744350910187,0.07008755952119827,0.0,0.07173208892345428,0.0,0.2818968892097473
6910,0.006344654597342014,0.0197352759540081,0.029652372002601624,0.07106973528862,0.0,0.07172827422618866,0.0,0.28189757466316223
6911,0.006702406797558069,0.020707759261131286,0.03035513386130333,0.07243509441614152,0.0,0.07172085344791412,0.0,0.2818997800350189
6912,0.006947716232389212,0.019349854066967966,0.029244906455278396,0.06823166161775589,0.0,0.07170631736516953,0.0,0.2819017171859741
6913,0.006348314881324768,0.01935058906674385,0.02958827167749405,0.06825831085443497,0.0,0.07169318199157715,0.0,0.28190428018569946
6914,0.006166254915297031,0.019766704738140108,0.03124048039317131,0.06895590424537659,0.0,0.07168065756559372,0.0,0.28190597891807556
6915,0.006724120583385229,0.020155584439635277,0.03086567558348179,0.07148185968399048,0.0,0.07166840136051178,0.0,0.2819078862667084
6916,0.006564211938530207,0.019940240308642387,0.030906708911061287,0.06914615482091904,0.0,0.07165008783340454,0.0,0.2819076478481293
6917,0.0067230474203825,0.01869772858917713,0.028068167343735694,0.07136759757995606,0.0,0.07163258641958237,0.0,0.2819061875343323
6918,0.006199789978563785,0.018005732074379922,0.030605274066329003,0.07162649631500244,0.0,0.07161590456962585,0.0,0.28190603852272034
6919,0.006428797077387571,0.019123025611042975,0.030692669004201888,0.07211269289255143,0.0,0.0715968906879425,0.0,0.28190407156944275
6920,0.00605118116363883,0.0192722175270319,0.030468613654375077,0.07107674330472946,0.0,0.07158023118972778,0.0,0.28190451860427856
6921,0.006706957612186671,0.02032814025878906,0.030066853389143944,0.06711267828941345,0.0,0.0715668648481369,0.0,0.28190547227859497
6922,0.006368367653340101,0.01892775818705559,0.029416635259985925,0.06539320200681686,0.0,0.07155453413724899,0.0,0.28190532326698303
6923,0.006585847493261099,0.019380968064069748,0.03004983365535736,0.07244613319635392,0.0,0.071539968252182,0.0,0.28190410137176514
6924,0.006559784803539514,0.019840705394744872,0.030244019627571107,0.07136369198560714,0.0,0.07152467221021652,0.0,0.2819012701511383
6925,0.00650683119893074,0.019946852698922157,0.02920897342264652,0.06941984295845031,0.0,0.07150733470916748,0.0,0.28189772367477417
6926,0.006398605927824974,0.020117631927132607,0.028318590298295022,0.06843497455120087,0.0,0.07149328291416168,0.0,0.28189516067504883
6927,0.0067923453636467455,0.019230589643120764,0.03047483116388321,0.07052934318780898,0.0,0.07148179411888123,0.0,0.28189459443092346
6928,0.006534432526677847,0.019887979328632354,0.03005004785954952,0.06687842607498169,0.0,0.07147881388664246,0.0,0.28189367055892944
6929,0.006662977859377861,0.019401242211461067,0.03057006485760212,0.06862086057662964,0.0,0.071477971971035,0.0,0.2818942070007324
6930,0.006522474065423012,0.02028603255748749,0.028393305093050002,0.07025905549526215,0.0,0.07147927582263947,0.0,0.28189554810523987
6931,0.006217723246663809,0.019946165010333063,0.030602042749524116,0.06909313946962356,0.0,0.07147789001464844,0.0,0.2818946838378906
6932,0.006239271257072687,0.020998732745647432,0.02962738759815693,0.06949747502803802,0.0,0.07147171348333359,0.0,0.28189390897750854
6933,0.00651897769421339,0.019883797317743302,0.028698012977838517,0.06645411849021912,0.0,0.07147423923015594,0.0,0.28189414739608765
6934,0.006704466044902801,0.019284964725375175,0.03034575916826725,0.06997773945331573,0.0,0.07147779315710068,0.0,0.28189557790756226
6935,0.006730868667364121,0.0205461785197258,0.03006870225071907,0.06742446571588516,0.0,0.07147903740406036,0.0,0.28189677000045776
6936,0.006537824124097824,0.01958601325750351,0.03160725645720959,0.06826846599578858,0.0,0.07148333638906479,0.0,0.2818980813026428
6937,0.007057082559913397,0.020475922897458077,0.027825013548135758,0.07213054746389388,0.0,0.07148973643779755,0.0,0.2818981409072876
6938,0.006339403707534075,0.019653597846627235,0.030088497325778008,0.07177654504776002,0.0,0.07149756699800491,0.0,0.28189781308174133
6939,0.006741021573543548,0.021186982467770576,0.030981190875172614,0.06609869301319123,0.0,0.07150337100028992,0.0,0.2818978428840637
6940,0.006386355962604284,0.020203349739313127,0.02919546365737915,0.06838242560625077,0.0,0.07151378691196442,0.0,0.28189852833747864
6941,0.006718187686055898,0.020786560699343683,0.031150976940989495,0.06803004145622253,0.0,0.07153088599443436,0.0,0.2818980813026428
6942,0.0065336601808667185,0.01976966895163059,0.029777565225958823,0.07056068181991577,0.0,0.07154553383588791,0.0,0.2818957269191742
6943,0.0065604583360254765,0.020583994686603546,0.030006375908851624,0.07388353645801544,0.0,0.07155260443687439,0.0,0.2818934917449951
6944,0.006791098322719335,0.018774404749274255,0.02956485077738762,0.07194711565971375,0.0,0.07155650109052658,0.0,0.281892865896225
6945,0.006751410942524671,0.018968124687671662,0.030219952389597893,0.07465779334306717,0.0,0.07155542820692062,0.0,0.2818927466869354
6946,0.006447703018784523,0.019812456518411636,0.029782414436340332,0.06578005477786064,0.0,0.07155667245388031,0.0,0.28189200162887573
6947,0.006355111487209797,0.020008043944835664,0.032850169390439984,0.06905321031808853,0.0,0.07155688107013702,0.0,0.2818913757801056
6948,0.006138486787676811,0.01967792809009552,0.03122480809688568,0.0714329570531845,0.0,0.0715581402182579,0.0,0.28189048171043396
6949,0.00657799169421196,0.019714448228478433,0.030550222843885422,0.06777540296316147,0.0,0.07155473530292511,0.0,0.2818893790245056
6950,0.006871180981397629,0.019278191775083543,0.029932254180312156,0.07193284630775451,0.0,0.07155651599168777,0.0,0.28188830614089966
6951,0.006400129571557045,0.01914161555469036,0.030992555990815164,0.06912022680044175,0.0,0.07155535370111465,0.0,0.2818872332572937
6952,0.006484884396195411,0.020140945538878442,0.029314570128917694,0.06960053443908691,0.0,0.07155608385801315,0.0,0.28188538551330566
6953,0.006550372950732708,0.020225410535931587,0.02919853925704956,0.06892841830849647,0.0,0.07155932486057281,0.0,0.2818841338157654
6954,0.0069119460880756375,0.01941874288022518,0.03163613453507423,0.06801446974277496,0.0,0.07155831158161163,0.0,0.28188151121139526
6955,0.0060644886456429955,0.0190570704638958,0.027813062071800232,0.06900716572999954,0.0,0.07155607640743256,0.0,0.2818787693977356
6956,0.0064753593876957895,0.02001360133290291,0.030005345493555068,0.06988868564367294,0.0,0.07154996693134308,0.0,0.2818739414215088
6957,0.006600071862339974,0.019900955632328986,0.029127829149365424,0.0736651748418808,0.0,0.07154454290866852,0.0,0.28187185525894165
6958,0.006726427935063839,0.01994991973042488,0.03018460050225258,0.07042791992425919,0.0,0.07153958082199097,0.0,0.28187140822410583
6959,0.006630766484886408,0.019558674097061156,0.029880861565470696,0.07183624058961868,0.0,0.07152843475341797,0.0,0.28187209367752075
6960,0.006540764681994915,0.019926455989480018,0.028930753096938135,0.0694330245256424,0.0,0.07151974737644196,0.0,0.2818756103515625
6961,0.00711435005068779,0.019406148046255112,0.03154722973704338,0.07083715349435807,0.0,0.07150914520025253,0.0,0.28187981247901917
6962,0.006658932846039534,0.019610235840082167,0.029983960464596747,0.06826723664999008,0.0,0.07150014489889145,0.0,0.28188395500183105
6963,0.006707090884447098,0.019532030820846556,0.028967858850955965,0.07268722653388977,0.0,0.07148890942335129,0.0,0.2818891406059265
6964,0.006499169394373894,0.01927878484129906,0.03016398511826992,0.07144222855567932,0.0,0.07147582620382309,0.0,0.28189635276794434
6965,0.0064161628484725956,0.020008227601647378,0.03152817152440548,0.06729280650615692,0.0,0.07145894318819046,0.0,0.28190386295318604
6966,0.00647649671882391,0.0196721900254488,0.030425867438316344,0.07077988237142563,0.0,0.07144121080636978,0.0,0.28191298246383667
6967,0.006264197267591953,0.019981567934155463,0.03079614005982876,0.06830117851495743,0.0,0.07142581045627594,0.0,0.28192076086997986
6968,0.006426488235592842,0.01934467554092407,0.027925731241703035,0.0710264652967453,0.0,0.07141923904418945,0.0,0.28192996978759766
6969,0.006621635053306818,0.019937419146299363,0.033559033274650575,0.07142887860536576,0.0,0.07141382992267609,0.0,0.28193774819374084
6970,0.006470372807234526,0.01918175145983696,0.028361397981643676,0.06877128183841705,0.0,0.0714111328125,0.0,0.28194165229797363
6971,0.0065383829176425936,0.019718856364488602,0.029934344813227654,0.06891928315162658,0.0,0.07141301780939102,0.0,0.281943142414093
6972,0.006576437130570411,0.018983132392168044,0.028876733034849167,0.06719562113285064,0.0,0.07141339778900146,0.0,0.2819433808326721
6973,0.0070261875167489055,0.020024199038743973,0.030119870230555533,0.06927211731672286,0.0,0.07141590118408203,0.0,0.28194326162338257
6974,0.006766307540237904,0.01970243826508522,0.02838936559855938,0.0746365249156952,0.0,0.07142236083745956,0.0,0.2819409966468811
6975,0.006466125696897506,0.019737374782562257,0.031538978591561316,0.06583614647388458,0.0,0.07142679393291473,0.0,0.2819370627403259
6976,0.0064711875282227995,0.019943387433886527,0.03166485205292702,0.07546202093362808,0.0,0.07143174856901169,0.0,0.28193289041519165
6977,0.0064915305934846405,0.019396477192640305,0.030768194049596787,0.06698082387447357,0.0,0.07143501937389374,0.0,0.28193002939224243
6978,0.006727777980268001,0.019595371931791304,0.031454557180404664,0.06796306073665619,0.0,0.07143906503915787,0.0,0.2819293141365051
6979,0.006516908202320338,0.019972915574908257,0.030984345450997354,0.07067199498414993,0.0,0.07144226133823395,0.0,0.28192955255508423
6980,0.006166920997202396,0.01936456747353077,0.02709975615143776,0.068587926030159,0.0,0.07144387066364288,0.0,0.28193098306655884
6981,0.006798899825662374,0.019314677640795707,0.030461664125323296,0.0696468859910965,0.0,0.07144414633512497,0.0,0.2819315493106842
6982,0.006468365248292684,0.019587961956858635,0.030350740998983383,0.07148191928863526,0.0,0.0714486613869667,0.0,0.2819303870201111
6983,0.006430582329630852,0.01939871571958065,0.03069023825228214,0.06995852142572404,0.0,0.07145582139492035,0.0,0.28192776441574097
6984,0.0063218512572348114,0.02014740779995918,0.029289045557379722,0.06956468001008034,0.0,0.07145704329013824,0.0,0.2819271981716156
6985,0.0064916502684354786,0.018666838854551317,0.03059554658830166,0.068289415538311,0.0,0.07145759463310242,0.0,0.28192734718322754
6986,0.006440275721251965,0.01923591047525406,0.030727599561214448,0.06778588593006134,0.0,0.07145873457193375,0.0,0.2819282114505768
6987,0.0064086967147886755,0.02019396089017391,0.03059319444000721,0.06932273656129836,0.0,0.07145683467388153,0.0,0.2819274365901947
6988,0.006761256977915764,0.020115147158503533,0.02912360429763794,0.0691097117960453,0.0,0.07145173102617264,0.0,0.2819271683692932
6989,0.006608038116246462,0.019382011890411378,0.028055500611662863,0.06779086366295814,0.0,0.07144751399755478,0.0,0.2819276452064514
6990,0.006463736295700073,0.019706756994128227,0.0319401491433382,0.07421054393053055,0.0,0.07144855707883835,0.0,0.281929612159729
6991,0.006680867914110422,0.019141986221075057,0.030242615938186647,0.07095313668251038,0.0,0.07144929468631744,0.0,0.2819334864616394
6992,0.006875904556363821,0.019441327080130577,0.03078448623418808,0.06838502138853073,0.0,0.0714491605758667,0.0,0.28193798661231995
6993,0.006272706110030413,0.01956002153456211,0.030663803219795227,0.06856294497847557,0.0,0.07144521176815033,0.0,0.2819426655769348
6994,0.006173597648739815,0.018876392394304276,0.02986622303724289,0.06680946126580238,0.0,0.07143816351890564,0.0,0.28194788098335266
6995,0.006777759548276663,0.019870948418974875,0.030963560566306114,0.07113539278507233,0.0,0.0714300349354744,0.0,0.28195229172706604
6996,0.006420858856290579,0.019669414311647416,0.0318295281380415,0.07127131074666977,0.0,0.07141926139593124,0.0,0.2819582521915436
6997,0.006445303931832314,0.020015606284141542,0.031098940595984458,0.07117410004138947,0.0,0.07141661643981934,0.0,0.2819613814353943
6998,0.006398638151586056,0.018673885986208914,0.0317410558462143,0.06910771578550338,0.0,0.07141460478305817,0.0,0.2819633185863495
6999,0.006385384406894445,0.019822802767157553,0.029487935453653337,0.07340659052133561,0.0,0.07141146808862686,0.0,0.28196653723716736
7000,0.006384119298309088,0.02019285038113594,0.02875642478466034,0.07223818153142929,0.0,0.07140666991472244,0.0,0.281970351934433
7001,0.006331673450767994,0.01963326260447502,0.02909195013344288,0.06880694776773452,0.0,0.07140253484249115,0.0,0.281977117061615
7002,0.006675650924444198,0.019835375249385834,0.030532127991318703,0.07322013080120086,0.0,0.07140134274959564,0.0,0.2819820046424866
7003,0.006155289988964796,0.02015503905713558,0.029615164175629614,0.068949493765831,0.0,0.07140257954597473,0.0,0.2819872796535492
7004,0.006607674062252045,0.01941668689250946,0.029902008548378944,0.06950336843729019,0.0,0.07139904052019119,0.0,0.2819904386997223
7005,0.00618842663243413,0.019910479709506036,0.02880227454006672,0.06860191226005555,0.0,0.07140060514211655,0.0,0.2819932699203491
7006,0.0065267299301922325,0.01921824775636196,0.02911277934908867,0.06774375587701797,0.0,0.07140421122312546,0.0,0.2819956839084625
7007,0.006402538064867258,0.01943053789436817,0.02993355393409729,0.06787269413471222,0.0,0.07141228020191193,0.0,0.2819942831993103
7008,0.006401373259723187,0.02017002962529659,0.028561805561184882,0.06880559325218201,0.0,0.07142655551433563,0.0,0.28199440240859985
7009,0.006356432754546404,0.019555537030100822,0.028105977922677994,0.07139046490192413,0.0,0.07143642753362656,0.0,0.28199487924575806
7010,0.006362511962652207,0.01908673346042633,0.028546000272035597,0.06607291847467422,0.0,0.07144795358181,0.0,0.28199487924575806
7011,0.007006987556815147,0.018746912106871606,0.03184314034879208,0.07065929621458053,0.0,0.07146462798118591,0.0,0.2819965183734894
7012,0.00654718978330493,0.01884353198111057,0.031271732226014134,0.06952311545610428,0.0,0.07148811221122742,0.0,0.2819979190826416
7013,0.006690117903053761,0.019332820549607277,0.029961006715893745,0.07050443589687347,0.0,0.07151277363300323,0.0,0.281999409198761
7014,0.00611945241689682,0.020360658317804335,0.030816077813506128,0.06917743533849716,0.0,0.07153628766536713,0.0,0.28200221061706543
7015,0.006293292623013258,0.01922994777560234,0.028682951629161835,0.06833793222904205,0.0,0.07155735045671463,0.0,0.28200510144233704
7016,0.006470080092549324,0.01916376017034054,0.028146088868379594,0.07037150412797928,0.0,0.07157094776630402,0.0,0.2820080816745758
7017,0.005946572218090296,0.019307055696845054,0.029399168118834494,0.06254519894719124,0.0,0.07158156484365463,0.0,0.2820110321044922
7018,0.006405548006296158,0.019794877618551254,0.030635298788547517,0.07369398921728135,0.0,0.07159498333930969,0.0,0.28201329708099365
7019,0.00641210563480854,0.02063356004655361,0.028257082402706146,0.07015723884105682,0.0,0.07160739600658417,0.0,0.28201428055763245
7020,0.006292208749800921,0.019333943724632263,0.029986397922039033,0.06855479180812836,0.0,0.07161681354045868,0.0,0.28201723098754883
7021,0.006328999251127243,0.019799239560961725,0.032738322392106056,0.06651468276977539,0.0,0.07162094861268997,0.0,0.28201764822006226
7022,0.0064974304288625715,0.020515602082014084,0.03170705623924732,0.0674445629119873,0.0,0.07162783294916153,0.0,0.28201764822006226
7023,0.006181578990072012,0.019526369124650955,0.02997128702700138,0.06740299165248871,0.0,0.07163562625646591,0.0,0.28201547265052795
7024,0.006680854223668575,0.01927035190165043,0.030239639431238176,0.07112669050693513,0.0,0.0716414600610733,0.0,0.2820134460926056
7025,0.006504102237522602,0.020363440737128258,0.029570359364151956,0.07190818935632706,0.0,0.07164696604013443,0.0,0.28201356530189514
7026,0.006460933480411768,0.020492283254861833,0.029379548877477644,0.06929682940244675,0.0,0.07165367156267166,0.0,0.28201553225517273
7027,0.0065246645361185076,0.019645262509584427,0.030573024600744247,0.07268317937850952,0.0,0.07166509330272675,0.0,0.28201836347579956
7028,0.006263348087668419,0.019483373686671256,0.029013721644878386,0.07001273930072785,0.0,0.07167946547269821,0.0,0.2820208668708801
7029,0.007044356502592564,0.02010461166501045,0.0291801992803812,0.07101769894361495,0.0,0.07169421017169952,0.0,0.2820243239402771
7030,0.0062717808410525325,0.020649788528680803,0.0313886858522892,0.07259989529848099,0.0,0.07170463353395462,0.0,0.2820277810096741
7031,0.006349804531782866,0.01955398768186569,0.03150428310036659,0.07333550304174423,0.0,0.07171586155891418,0.0,0.28203004598617554
7032,0.006712782196700573,0.019605560600757597,0.030466048419475554,0.07083569169044494,0.0,0.07172737270593643,0.0,0.2820349633693695
7033,0.006484492961317301,0.02075686417520046,0.029115255177021026,0.06719590276479721,0.0,0.07173264026641846,0.0,0.28203877806663513
7034,0.006111892033368349,0.018827814608812332,0.030519281327724457,0.06833951473236084,0.0,0.07173862308263779,0.0,0.2820444703102112
7035,0.006457701791077852,0.020475537329912186,0.029914189502596854,0.06862284392118453,0.0,0.07174600660800934,0.0,0.282051146030426
7036,0.006757906265556812,0.019558985158801077,0.03116651363670826,0.06869637966156006,0.0,0.07174898684024811,0.0,0.28205788135528564
7037,0.006205191649496555,0.020285994559526444,0.030396655946969987,0.07026644796133041,0.0,0.07174836099147797,0.0,0.2820647358894348
7038,0.007001403532922268,0.02026117146015167,0.02873593829572201,0.06865789592266083,0.0,0.07174809277057648,0.0,0.2820715606212616
7039,0.00691934647038579,0.020409873500466347,0.03130967952311039,0.06919408738613128,0.0,0.07175067812204361,0.0,0.28207698464393616
7040,0.006754500698298216,0.019889023527503012,0.031118670105934144,0.07236905843019485,0.0,0.07175023853778839,0.0,0.282081663608551
7041,0.006449204124510288,0.01871675029397011,0.029990259930491446,0.06641435772180557,0.0,0.07175460457801819,0.0,0.2820833921432495
7042,0.006318944413214922,0.020523788779973982,0.030605697259306907,0.07256627231836318,0.0,0.07176113873720169,0.0,0.28208303451538086
7043,0.00649250540882349,0.019414427503943444,0.030569780617952347,0.06905106157064438,0.0,0.07176641374826431,0.0,0.2820817828178406
7044,0.00616636173799634,0.0201802097260952,0.031760315969586374,0.0646230161190033,0.0,0.07177488505840302,0.0,0.28207889199256897
7045,0.006617817748337984,0.020070455223321914,0.030919866636395454,0.07059356272220611,0.0,0.07178758084774017,0.0,0.2820751667022705
7046,0.006754448637366295,0.01996285356581211,0.030125813186168672,0.07327614426612854,0.0,0.07180121541023254,0.0,0.28207069635391235
7047,0.006250148825347424,0.019111568853259087,0.0307826142758131,0.0667935773730278,0.0,0.07181279361248016,0.0,0.2820691168308258
7048,0.0065361930988729,0.019356006756424904,0.028395916149020196,0.0704749271273613,0.0,0.07182369381189346,0.0,0.28206855058670044
7049,0.0065639781765639785,0.01979335620999336,0.031993374973535535,0.06896376311779022,0.0,0.07183895260095596,0.0,0.2820694148540497
7050,0.00668526729568839,0.019664287567138672,0.028313972428441046,0.06410886496305465,0.0,0.07185019552707672,0.0,0.28207167983055115
7051,0.006243308633565902,0.020903775468468666,0.029243016615509987,0.07071380019187927,0.0,0.07185877859592438,0.0,0.2820754051208496
7052,0.006864128354936838,0.018991279974579812,0.030798797309398652,0.06978472173213959,0.0,0.07186673581600189,0.0,0.2820777893066406
7053,0.0068798049353063105,0.020733634382486342,0.03248854614794254,0.06736329048871995,0.0,0.07187004387378693,0.0,0.282078355550766
7054,0.0066002698615193365,0.019751104712486266,0.03142084702849388,0.06896348446607589,0.0,0.0718681737780571,0.0,0.2820764183998108
7055,0.006833326164633035,0.01901198774576187,0.030156492441892623,0.06675265282392502,0.0,0.07186912000179291,0.0,0.2820711135864258
7056,0.006774693261831999,0.019280841574072838,0.02918182425200939,0.06674318015575409,0.0,0.07186903059482574,0.0,0.28206706047058105
7057,0.006822926364839077,0.018966692313551903,0.0317893672734499,0.06911746114492416,0.0,0.07187336683273315,0.0,0.28206321597099304
7058,0.006616348214447498,0.020058248937129975,0.030675355345010757,0.0660711906850338,0.0,0.07187744975090027,0.0,0.2820581793785095
7059,0.006350119598209858,0.02039039842784405,0.029260756075382234,0.06938907653093337,0.0,0.07187964022159576,0.0,0.282051146030426
7060,0.006323751807212829,0.01987416446208954,0.031438068673014644,0.0722656711935997,0.0,0.07187823206186295,0.0,0.2820468544960022
7061,0.006789398193359375,0.019672025367617606,0.02897844836115837,0.0724077507853508,0.0,0.07187329977750778,0.0,0.28204435110092163
7062,0.006293869391083717,0.019131816551089288,0.03005515895783901,0.06469576805830002,0.0,0.07186752557754517,0.0,0.28204241394996643
7063,0.006529292557388544,0.020536254718899728,0.029887818172574042,0.0676760733127594,0.0,0.07185763865709305,0.0,0.28204211592674255
7064,0.006622753757983446,0.01999037079513073,0.029043935239315033,0.06822078973054886,0.0,0.07184839248657227,0.0,0.28204408288002014
7065,0.006373557634651661,0.01824585199356079,0.030238160118460655,0.06916938573122025,0.0,0.07184064388275146,0.0,0.282044917345047
7066,0.006614613626152277,0.01986236050724983,0.03097665049135685,0.07107959240674973,0.0,0.07182879745960236,0.0,0.2820454239845276
7067,0.006157182808965445,0.020228056237101555,0.030125539004802703,0.06891361251473427,0.0,0.07181540876626968,0.0,0.28204578161239624
7068,0.006350188795477152,0.019692498445510864,0.027944653108716012,0.0667887195944786,0.0,0.07179807126522064,0.0,0.2820468544960022
7069,0.0064146510325372216,0.01971156895160675,0.029436954110860825,0.06619213744997979,0.0,0.07177726924419403,0.0,0.2820480465888977
7070,0.006547423731535673,0.02014293186366558,0.03129747062921524,0.07355066388845444,0.0,0.07175691425800323,0.0,0.282049298286438
7071,0.00665848320350051,0.019553982466459275,0.02978561744093895,0.07211747914552688,0.0,0.07174158096313477,0.0,0.28204765915870667
7072,0.006655887421220541,0.01903366409242153,0.030536267533898355,0.06931668370962143,0.0,0.07173037528991699,0.0,0.2820454239845276
7073,0.006450125109404325,0.01956528015434742,0.030289790779352187,0.07163905054330826,0.0,0.07171964645385742,0.0,0.28204217553138733
7074,0.006587125640362501,0.019711274653673172,0.030047492310404777,0.06546605303883553,0.0,0.07171151787042618,0.0,0.2820391058921814
7075,0.006863306183367968,0.018722328543663024,0.02969132289290428,0.07182352915406227,0.0,0.07170028984546661,0.0,0.28203558921813965
7076,0.007063854299485683,0.01942681446671486,0.030304503068327902,0.07023485749959946,0.0,0.07168859243392944,0.0,0.28203192353248596
7077,0.006775970850139856,0.01978299245238304,0.031064967438578606,0.06674870029091835,0.0,0.07167508453130722,0.0,0.2820286154747009
7078,0.006415895186364651,0.01975841261446476,0.031054762378335,0.06689923033118247,0.0,0.07166141271591187,0.0,0.28202706575393677
7079,0.006289157085120678,0.02040615752339363,0.031042920798063277,0.06913908869028092,0.0,0.07164900004863739,0.0,0.2820257246494293
7080,0.006615668442100287,0.01916227824985981,0.031083939224481584,0.07140013873577118,0.0,0.07164303213357925,0.0,0.2820257246494293
7081,0.006307732965797186,0.019683806970715523,0.027834270149469376,0.06798781603574752,0.0,0.07163736969232559,0.0,0.28202471137046814
7082,0.006370869278907776,0.01960461549460888,0.03245345875620842,0.0737265020608902,0.0,0.07162845134735107,0.0,0.28202468156814575
7083,0.006449644081294536,0.01989087201654911,0.029001642763614655,0.06390519216656684,0.0,0.07161857187747955,0.0,0.2820258140563965
7084,0.0064226072281599045,0.02029336281120777,0.031626885384321214,0.06711053848266602,0.0,0.0716068297624588,0.0,0.2820250391960144
7085,0.006991261430084705,0.019021091982722282,0.02979467622935772,0.06715390458703041,0.0,0.07159958779811859,0.0,0.2820252776145935
7086,0.006613260135054588,0.01941579654812813,0.028897882997989656,0.06790468990802764,0.0,0.0715949609875679,0.0,0.2820257544517517
7087,0.00676158657297492,0.01936658062040806,0.030941037088632585,0.07066178321838379,0.0,0.07158821076154709,0.0,0.2820228636264801
7088,0.006406524404883385,0.019005396962165834,0.030290986970067026,0.06630492433905602,0.0,0.07158222794532776,0.0,0.28202134370803833
7089,0.0064143876545131205,0.019939806684851645,0.030240312963724137,0.07256180047988892,0.0,0.07157228887081146,0.0,0.2820183336734772
7090,0.00630356976762414,0.02005132883787155,0.028533949702978133,0.06911903023719787,0.0,0.07156197726726532,0.0,0.2820151448249817
7091,0.006465718150138855,0.019744756072759627,0.03091171272099018,0.06999853998422623,0.0,0.07155118882656097,0.0,0.28201088309288025
7092,0.006417118292301893,0.01940019503235817,0.029684978350996972,0.06997165754437447,0.0,0.07153945416212082,0.0,0.28200477361679077
7093,0.00633753165602684,0.01992223709821701,0.028508102148771287,0.07008392363786697,0.0,0.07152428478002548,0.0,0.28199970722198486
7094,0.006416955869644881,0.018920721113681795,0.029593783989548685,0.06789745688438416,0.0,0.07150880247354507,0.0,0.2819972336292267
7095,0.006584975682199001,0.019414857774972916,0.02946542054414749,0.0724719688296318,0.0,0.07150308787822723,0.0,0.2819972634315491
7096,0.006618691328912974,0.01927661970257759,0.028725223243236543,0.06610988229513168,0.0,0.07149602472782135,0.0,0.2819989323616028
7097,0.006224543042480946,0.01949482373893261,0.031049849838018416,0.07279810458421707,0.0,0.07148971408605576,0.0,0.2820025086402893
7098,0.006333326082676649,0.0197223249822855,0.0275817696005106,0.06982924491167068,0.0,0.07148464769124985,0.0,0.2820065915584564
7099,0.006732618901878595,0.01868738457560539,0.029188094288110734,0.07212488949298859,0.0,0.07147644460201263,0.0,0.2820082902908325
7100,0.006825415976345539,0.01986229941248894,0.029740548878908157,0.07124283015727997,0.0,0.07146738469600677,0.0,0.2820090353488922
7101,0.006317582633346319,0.018301010876893998,0.029577957466244698,0.07039090842008591,0.0,0.07145832479000092,0.0,0.2820090353488922
7102,0.006851035915315151,0.018918877094984056,0.02904447503387928,0.06636927872896195,0.0,0.07145093381404877,0.0,0.28200846910476685
7103,0.006188893970102072,0.01899590566754341,0.029183274880051614,0.0685248002409935,0.0,0.0714426264166832,0.0,0.2820054888725281
7104,0.006252657901495695,0.01921699270606041,0.028539491817355156,0.06479332149028778,0.0,0.07143722474575043,0.0,0.28200268745422363
7105,0.006729809939861298,0.019819171726703645,0.03122803084552288,0.07189803272485733,0.0,0.07143251597881317,0.0,0.2819979786872864
7106,0.0069305083714425566,0.020243170112371443,0.029576518386602402,0.06745313256978988,0.0,0.071429543197155,0.0,0.28199464082717896
7107,0.006595644447952509,0.018750401586294173,0.03015008755028248,0.06680069491267204,0.0,0.07142766565084457,0.0,0.2819892466068268
7108,0.006733289733529091,0.019630999118089677,0.028383013606071473,0.06461856067180634,0.0,0.0714244693517685,0.0,0.281983345746994
7109,0.006066069658845663,0.019632594659924507,0.03022335357964039,0.0648464746773243,0.0,0.0714186355471611,0.0,0.2819783687591553
7110,0.006399000622332096,0.020104769617319107,0.0275152824819088,0.06853620260953903,0.0,0.0714142695069313,0.0,0.2819725573062897
7111,0.006775470171123743,0.019522839412093162,0.03000987842679024,0.06893674284219742,0.0,0.07140947878360748,0.0,0.2819657027721405
7112,0.006503136083483696,0.018917107209563255,0.031203674897551537,0.07509946227073669,0.0,0.07140733301639557,0.0,0.28196001052856445
7113,0.006365414895117283,0.020580563321709634,0.028760287165641784,0.07354153394699096,0.0,0.0714016929268837,0.0,0.28195255994796753
7114,0.006502740550786257,0.01982250139117241,0.030084963142871856,0.06951103806495666,0.0,0.07139699161052704,0.0,0.2819453179836273
7115,0.006548629142343998,0.019520991295576096,0.028907068818807603,0.06921405643224716,0.0,0.07138840854167938,0.0,0.28193849325180054
7116,0.006432729680091143,0.019645072147250177,0.02864575870335102,0.0686183325946331,0.0,0.0713796466588974,0.0,0.28193196654319763
7117,0.006691232044249773,0.019915210828185082,0.029718025773763656,0.06725773215293884,0.0,0.07136595994234085,0.0,0.2819269597530365
7118,0.0065475874580442905,0.01967444084584713,0.029126594960689544,0.07166378647089004,0.0,0.07135207951068878,0.0,0.28192275762557983
7119,0.006482765916734934,0.019456333294510842,0.03149680122733116,0.06814989894628525,0.0,0.0713437870144844,0.0,0.2819197177886963
7120,0.006521211843937636,0.019099918752908708,0.029506048560142516,0.0709516391158104,0.0,0.07133618742227554,0.0,0.2819157540798187
7121,0.006658624671399593,0.019136863201856612,0.030487485602498053,0.06775910556316375,0.0,0.07133001834154129,0.0,0.2819134593009949
7122,0.006225432083010673,0.019407268986105917,0.03194391578435898,0.07202731370925904,0.0,0.07132571935653687,0.0,0.28190988302230835
7123,0.0064077450893819336,0.019997672364115714,0.030687202885746955,0.06893669962882995,0.0,0.07131720334291458,0.0,0.28190845251083374
7124,0.006376327108591795,0.02019595690071583,0.02912427857518196,0.07328817695379257,0.0,0.07131509482860565,0.0,0.2819061279296875
7125,0.006818893458694219,0.01953386515378952,0.03027736134827137,0.07053345739841461,0.0,0.07131383568048477,0.0,0.2819077968597412
7126,0.0062283421866595745,0.019778651371598243,0.031351906806230546,0.06876061707735062,0.0,0.07131142914295197,0.0,0.28191280364990234
7127,0.006565746385604143,0.019227974489331244,0.028823970630764962,0.07105681151151658,0.0,0.07130921632051468,0.0,0.2819202244281769
7128,0.006411292776465416,0.018570444732904434,0.029959761723876,0.06832082495093346,0.0,0.07130657136440277,0.0,0.2819286286830902
7129,0.0067201915197074415,0.020116541534662247,0.030877843126654626,0.07298773378133774,0.0,0.07130158692598343,0.0,0.2819365859031677
7130,0.006521562580019236,0.019317987933754922,0.029571717977523802,0.0696872279047966,0.0,0.07129321992397308,0.0,0.28194254636764526
7131,0.006779348477721214,0.021126074716448784,0.02987851798534393,0.07187496423721314,0.0,0.07128496468067169,0.0,0.28194689750671387
7132,0.00654692379757762,0.02037966512143612,0.03207282237708568,0.0676717922091484,0.0,0.07128264009952545,0.0,0.28195300698280334
7133,0.006945882271975279,0.0188622310757637,0.03222808986902237,0.06972388476133347,0.0,0.07127994298934937,0.0,0.28196030855178833
7134,0.006439768243581057,0.01984868533909321,0.02958429902791977,0.06767485141754151,0.0,0.07127269357442856,0.0,0.28196612000465393
7135,0.006595690082758665,0.019338605180382728,0.02982928641140461,0.0733864113688469,0.0,0.07126663625240326,0.0,0.2819727063179016
7136,0.006615426577627659,0.0196016650646925,0.029827307164669036,0.06913238167762756,0.0,0.07126428186893463,0.0,0.2819790840148926
7137,0.006759192794561386,0.01944896951317787,0.0309723112732172,0.0705545574426651,0.0,0.0712609738111496,0.0,0.28198322653770447
7138,0.006383778527379036,0.01925024650990963,0.030432721227407457,0.06723533421754838,0.0,0.0712563619017601,0.0,0.281986802816391
7139,0.006523498706519604,0.018979401886463167,0.02874225415289402,0.06960056573152543,0.0,0.07125265896320343,0.0,0.2819893956184387
7140,0.0063250881619751455,0.019844025000929834,0.030394561216235162,0.06780306994915009,0.0,0.07125039398670197,0.0,0.28199175000190735
7141,0.006533269677311182,0.020296844467520715,0.032394218072295186,0.06959434971213341,0.0,0.07125008851289749,0.0,0.28199535608291626
7142,0.006629535555839538,0.019836095720529558,0.02920350581407547,0.07081753239035607,0.0,0.0712491124868393,0.0,0.2820010185241699
7143,0.006468867417424917,0.020167119055986404,0.02800222411751747,0.06897684633731842,0.0,0.07124939560890198,0.0,0.2820053696632385
7144,0.006613283790647984,0.01918561980128288,0.028468766435980796,0.06622395813465118,0.0,0.07125549018383026,0.0,0.2820104956626892
7145,0.00659018438309431,0.01897358298301697,0.03072464093565941,0.06990781426429749,0.0,0.07126140594482422,0.0,0.28201523423194885
7146,0.006694047339260578,0.02016598917543888,0.029488682001829147,0.07028360664844513,0.0,0.0712706446647644,0.0,0.2820186913013458
7147,0.006347355153411627,0.019055921584367752,0.02956685461103916,0.06760329008102417,0.0,0.07128092646598816,0.0,0.28202158212661743
7148,0.006262458208948374,0.01876748651266098,0.031029625236988066,0.06449663937091828,0.0,0.07129080593585968,0.0,0.2820228934288025
7149,0.006301586516201496,0.020031831786036493,0.02954788990318775,0.07254737839102746,0.0,0.07129744440317154,0.0,0.2820218503475189
7150,0.006145300716161728,0.01934312880039215,0.02894212193787098,0.07168545722961425,0.0,0.07130655646324158,0.0,0.28202110528945923
7151,0.0068588870577514175,0.01950448714196682,0.030945385992527007,0.06818893849849701,0.0,0.07131396234035492,0.0,0.28202036023139954
7152,0.00668682036921382,0.019086819142103195,0.03011970818042755,0.06858005970716477,0.0,0.07132269442081451,0.0,0.2820205092430115
7153,0.006269431766122579,0.020081818848848344,0.02983209416270256,0.07313316613435746,0.0,0.07133149355649948,0.0,0.2820197641849518
7154,0.00665478752925992,0.0198530875146389,0.030146773904561996,0.06995818614959717,0.0,0.07133903354406357,0.0,0.2820191979408264
7155,0.006461188290268182,0.019141995161771775,0.030267611891031266,0.07301578968763352,0.0,0.07134514302015305,0.0,0.28201860189437866
7156,0.006747131329029798,0.020186097547411918,0.0284471582621336,0.0679813414812088,0.0,0.07134701311588287,0.0,0.28201794624328613
7157,0.00643041655421257,0.019671019911766053,0.030298639833927155,0.07091138064861298,0.0,0.07134495675563812,0.0,0.2820194363594055
7158,0.0067117586731910706,0.0193300973623991,0.02810159735381603,0.07282373011112213,0.0,0.07133682072162628,0.0,0.282021701335907
7159,0.006350716296583414,0.01978097893297672,0.02949458099901676,0.06707933247089386,0.0,0.07132808864116669,0.0,0.28202253580093384
7160,0.0065499509684741495,0.020077700912952422,0.031003199890255927,0.07160241156816483,0.0,0.07131944596767426,0.0,0.28202229738235474
7161,0.0066644297912716866,0.019599303230643274,0.029427184909582137,0.06808181554079056,0.0,0.07130865752696991,0.0,0.28202441334724426
7162,0.006588759925216436,0.01933395080268383,0.028815075755119324,0.06830325424671173,0.0,0.07129625976085663,0.0,0.2820257246494293
7163,0.006386552378535271,0.01926263011991978,0.03063908778131008,0.07068481743335724,0.0,0.07128327339887619,0.0,0.28202518820762634
7164,0.006701121758669615,0.01898917555809021,0.030373600497841834,0.06782487034797668,0.0,0.07126878947019577,0.0,0.28202494978904724
7165,0.006362771242856979,0.019528890028595924,0.030218946188688277,0.06797869578003883,0.0,0.07125110924243927,0.0,0.2820228338241577
7166,0.006220377329736948,0.02047000080347061,0.029622507095336915,0.06622600108385086,0.0,0.07123401761054993,0.0,0.2820221483707428
7167,0.0068064812570810315,0.0202302735298872,0.030216163769364358,0.06737330928444862,0.0,0.07122447341680527,0.0,0.2820192277431488
7168,0.00667225057259202,0.01961311660706997,0.028717387467622757,0.07112284898757934,0.0,0.07121367752552032,0.0,0.28201672434806824
7169,0.006419833190739155,0.020495571568608283,0.02856500670313835,0.07132602483034134,0.0,0.07120632380247116,0.0,0.2820131182670593
7170,0.006317210849374533,0.020607145503163338,0.028883830085396765,0.07169806063175202,0.0,0.07120148837566376,0.0,0.2820104658603668
7171,0.006311465334147215,0.01983439289033413,0.03143972158432007,0.06901678442955017,0.0,0.07120432704687119,0.0,0.28200942277908325
7172,0.0062018283642828465,0.019869085401296616,0.03245478495955467,0.0652849979698658,0.0,0.07120488584041595,0.0,0.28200817108154297
7173,0.006328191328793764,0.019166146218776704,0.02844766080379486,0.07079769223928452,0.0,0.07121452689170837,0.0,0.2820088863372803
7174,0.0062010507099330425,0.020256944373250006,0.0305241871625185,0.0765570193529129,0.0,0.07122375071048737,0.0,0.28201425075531006
7175,0.006337645463645458,0.01974155567586422,0.030171268060803412,0.07127206325531006,0.0,0.07123082876205444,0.0,0.28201940655708313
7176,0.006393683888018131,0.019967468455433846,0.02842060513794422,0.06303716227412223,0.0,0.0712401419878006,0.0,0.2820238471031189
7177,0.006791926175355911,0.018741793185472488,0.02931456156075001,0.06969642192125321,0.0,0.07124971598386765,0.0,0.28203055262565613
7178,0.006586756650358438,0.01979253962635994,0.03024071305990219,0.07010923698544502,0.0,0.0712554007768631,0.0,0.282036691904068
7179,0.006570202950388193,0.02025401182472706,0.03005092963576317,0.06987201571464538,0.0,0.07126672565937042,0.0,0.2820431590080261
7180,0.006538933701813221,0.019702961295843126,0.02983696460723877,0.06888529360294342,0.0,0.07128151506185532,0.0,0.282050222158432
7181,0.006710794381797313,0.02012616954743862,0.030906036868691443,0.06724775359034538,0.0,0.07129285484552383,0.0,0.2820585072040558
7182,0.006747874431312084,0.019701259210705757,0.03038835898041725,0.06708921790122986,0.0,0.07130713760852814,0.0,0.2820627987384796
7183,0.006678223516792059,0.020178154483437537,0.02994794733822346,0.07056234031915665,0.0,0.07132165133953094,0.0,0.2820676267147064
7184,0.005926174484193325,0.019217436015605927,0.029667187109589578,0.07003355622291565,0.0,0.07133491337299347,0.0,0.28207260370254517
7185,0.006427632831037045,0.01963857375085354,0.031205613911151887,0.07083236128091812,0.0,0.07134375721216202,0.0,0.2820763885974884
7186,0.006298423744738102,0.01967562586069107,0.029892535880208015,0.07074954211711884,0.0,0.07134956121444702,0.0,0.2820786237716675
7187,0.006747336406260729,0.018520024418830872,0.028087210655212403,0.06728734970092773,0.0,0.07135771214962006,0.0,0.2820799946784973
7188,0.006464778538793325,0.01994558162987232,0.029986410960555078,0.06873297840356826,0.0,0.07136093080043793,0.0,0.28208237886428833
7189,0.006432952266186476,0.020024395361542702,0.028980017080903052,0.06823126524686814,0.0,0.07135994732379913,0.0,0.282086044549942
7190,0.006418921425938607,0.020474857091903685,0.0303724754601717,0.06463885307312012,0.0,0.07135428488254547,0.0,0.28208792209625244
7191,0.006172202806919813,0.0190046064555645,0.030918148532509803,0.06695018410682678,0.0,0.07135513424873352,0.0,0.2820902168750763
7192,0.006199919991195202,0.01990661546587944,0.02976073548197746,0.0681430920958519,0.0,0.07135657966136932,0.0,0.2820921838283539
7193,0.006531905848532915,0.019252076372504236,0.031160606443881987,0.07410254478454589,0.0,0.07135875523090363,0.0,0.28209489583969116
7194,0.006608771160244942,0.019976050406694413,0.02766086384654045,0.06951458975672722,0.0,0.07135903835296631,0.0,0.28209778666496277
7195,0.006558726541697979,0.019369617849588395,0.030428236722946166,0.07484468817710876,0.0,0.07136072963476181,0.0,0.2821010947227478
7196,0.006463198177516461,0.019819510355591773,0.02982241176068783,0.06557009071111679,0.0,0.07136216014623642,0.0,0.28210487961769104
7197,0.006510559376329184,0.019743043556809427,0.030055876448750497,0.07159074693918228,0.0,0.07136394083499908,0.0,0.28210869431495667
7198,0.006608402635902166,0.020102936029434203,0.027878713980317115,0.06789271160960197,0.0,0.07136698812246323,0.0,0.2821151316165924
7199,0.006581967230886221,0.018666090071201326,0.029236991703510285,0.07204792648553848,0.0,0.0713673084974289,0.0,0.2821214199066162
7200,0.006907729245722294,0.019360743835568427,0.030270952731370926,0.06496529430150985,0.0,0.07136767357587814,0.0,0.28212791681289673
7201,0.006556331086903811,0.01973962038755417,0.03090481646358967,0.06973325312137604,0.0,0.07136769592761993,0.0,0.28213152289390564
7202,0.006508883368223905,0.02006167434155941,0.032162149995565416,0.06956802457571029,0.0,0.07137079536914825,0.0,0.2821347117424011
7203,0.006935721263289452,0.020410514250397683,0.030038164183497428,0.06794384270906448,0.0,0.07137646526098251,0.0,0.2821376919746399
7204,0.00622982308268547,0.01984262578189373,0.029865910485386848,0.06684567332267762,0.0,0.07138287276029587,0.0,0.2821412980556488
7205,0.006495276093482971,0.01894093118607998,0.03007577881217003,0.0696958214044571,0.0,0.07138778269290924,0.0,0.28214067220687866
7206,0.006580569222569466,0.02059673108160496,0.03047630377113819,0.06752298176288604,0.0,0.07139672338962555,0.0,0.2821413576602936
7207,0.006800282932817936,0.01978527195751667,0.030164021626114847,0.0735335111618042,0.0,0.07140432298183441,0.0,0.282141774892807
7208,0.007233190909028053,0.019600584357976913,0.03033563867211342,0.07067042216658592,0.0,0.07140836119651794,0.0,0.2821415364742279
7209,0.0060190482065081595,0.020081953331828117,0.029807262867689133,0.06756659299135208,0.0,0.0714149922132492,0.0,0.2821408212184906
7210,0.006333750206977129,0.02010565362870693,0.03006901405751705,0.06926352977752685,0.0,0.07142778486013412,0.0,0.28213736414909363
7211,0.006491609662771225,0.020178617164492606,0.030792536586523055,0.07233463674783706,0.0,0.07144470512866974,0.0,0.2821323871612549
7212,0.00648769186809659,0.020220836251974107,0.03125473223626614,0.06923723220825195,0.0,0.07145866751670837,0.0,0.2821253836154938
7213,0.006781554594635963,0.019927427917718888,0.03064821772277355,0.06212445944547653,0.0,0.07147159427404404,0.0,0.2821207344532013
7214,0.006845325045287609,0.01960684210062027,0.029008514061570168,0.06997681707143784,0.0,0.07148845493793488,0.0,0.2821137309074402
7215,0.006415565870702267,0.01991138979792595,0.03016926683485508,0.07187943458557129,0.0,0.07150343060493469,0.0,0.28210657835006714
7216,0.0065327387303113936,0.01956169679760933,0.029898442327976227,0.07238568067550659,0.0,0.07151801884174347,0.0,0.2820996642112732
7217,0.006377708911895752,0.020464134961366655,0.030658838525414466,0.07034828066825867,0.0,0.07152760028839111,0.0,0.2820926308631897
7218,0.006589968129992485,0.019395866990089418,0.028986160829663276,0.07060164660215378,0.0,0.0715315192937851,0.0,0.28208693861961365
7219,0.0062512803822755815,0.01961457245051861,0.03069104291498661,0.07221449166536331,0.0,0.07153196632862091,0.0,0.28208231925964355
7220,0.006291546765714884,0.02005057968199253,0.02918773368000984,0.07015732675790787,0.0,0.07153944671154022,0.0,0.28207749128341675
7221,0.006393215712159872,0.019714149087667464,0.02961335740983486,0.07095150351524353,0.0,0.07155211269855499,0.0,0.282074511051178
7222,0.006225152965635061,0.019316926971077918,0.032962582632899286,0.06607810854911804,0.0,0.07156036794185638,0.0,0.2820708155632019
7223,0.006724454369395972,0.019393430277705192,0.03187418207526207,0.07077822834253311,0.0,0.07156820595264435,0.0,0.28206905722618103
7224,0.006469315197318792,0.019639463722705842,0.029067962244153023,0.07419654726982117,0.0,0.07157071679830551,0.0,0.2820664942264557
7225,0.006801075674593449,0.019833798334002496,0.02993239089846611,0.06757520884275436,0.0,0.07156901061534882,0.0,0.282065212726593
7226,0.006241565942764283,0.01975373476743698,0.031406432017683984,0.07057141065597534,0.0,0.07156223803758621,0.0,0.28206270933151245
7227,0.006449618749320507,0.019099040329456328,0.03023095764219761,0.0690373346209526,0.0,0.07155905663967133,0.0,0.2820587754249573
7228,0.006423994153738022,0.020058345794677735,0.0300600316375494,0.06980186551809311,0.0,0.07155509293079376,0.0,0.2820524573326111
7229,0.00628314446657896,0.01980583406984806,0.03127799220383167,0.06670626848936081,0.0,0.0715491995215416,0.0,0.28204911947250366
7230,0.006450454238802195,0.019535863772034645,0.028664402663707733,0.06967178583145142,0.0,0.0715443342924118,0.0,0.28204670548439026
7231,0.006424894463270903,0.02028976082801819,0.030783980339765548,0.06864350289106369,0.0,0.07154078036546707,0.0,0.28204545378685
7232,0.006298098992556333,0.01914868801832199,0.029162520542740822,0.06696255654096603,0.0,0.07153613865375519,0.0,0.282044380903244
7233,0.006545961927622556,0.020078082755208015,0.029256149008870126,0.06912382841110229,0.0,0.07153096050024033,0.0,0.28204503655433655
7234,0.006889636721462011,0.020227798074483872,0.030210407078266145,0.06927203387022018,0.0,0.07153387367725372,0.0,0.2820468544960022
7235,0.006552862003445625,0.01949433088302612,0.029126578569412233,0.07276625037193299,0.0,0.07154009491205215,0.0,0.2820488512516022
7236,0.006094277743250132,0.018594321608543397,0.029393766075372696,0.06720941290259361,0.0,0.07154148817062378,0.0,0.2820526957511902
7237,0.006322790123522282,0.01894134283065796,0.03106539845466614,0.06698650717735291,0.0,0.07154690474271774,0.0,0.2820543050765991
7238,0.006460735946893692,0.02014329619705677,0.030258725583553314,0.07033812254667282,0.0,0.07154860347509384,0.0,0.28205615282058716
7239,0.0067300890572369095,0.019597832486033438,0.029370974004268646,0.0686556115746498,0.0,0.07154738903045654,0.0,0.28205782175064087
7240,0.00683341259136796,0.019476118683815002,0.03168765269219875,0.07202370315790177,0.0,0.07155217975378036,0.0,0.282058984041214
7241,0.006634675338864327,0.01976030021905899,0.028041252866387367,0.06807338595390319,0.0,0.07155902683734894,0.0,0.2820591628551483
7242,0.005939414072781801,0.02048943154513836,0.031165317073464392,0.06643700748682022,0.0,0.07156665623188019,0.0,0.28205645084381104
7243,0.006371407303959131,0.019187892973423003,0.029152680188417435,0.06749860346317291,0.0,0.0715804472565651,0.0,0.2820521891117096
7244,0.006622190587222576,0.019975768774747847,0.028288581222295762,0.0706893190741539,0.0,0.07159283012151718,0.0,0.28204837441444397
7245,0.006327610183507204,0.01904092840850353,0.02977852411568165,0.0684334620833397,0.0,0.07160130143165588,0.0,0.28204554319381714
7246,0.0068033839575946334,0.02009955942630768,0.03005070686340332,0.06873579621315003,0.0,0.07160941511392593,0.0,0.28204166889190674
7247,0.006767959985882044,0.01927035376429558,0.02959665283560753,0.07106222063302994,0.0,0.07161925733089447,0.0,0.2820373773574829
7248,0.006256571505218744,0.019459636136889457,0.030634105578064917,0.07226246297359466,0.0,0.07163016498088837,0.0,0.2820342183113098
7249,0.006631534919142723,0.020028985291719436,0.028425132483243944,0.07535952478647232,0.0,0.07163740694522858,0.0,0.28203243017196655
7250,0.006401470862329006,0.01888737566769123,0.030100325867533684,0.07360312640666962,0.0,0.07164506614208221,0.0,0.28203341364860535
7251,0.006453941762447357,0.020259691402316093,0.028891333565115928,0.06665198057889939,0.0,0.07165161520242691,0.0,0.28203386068344116
7252,0.00658480292186141,0.0192361555993557,0.030753697082400323,0.07059488892555237,0.0,0.07165879756212234,0.0,0.2820342481136322
7253,0.006348156277090311,0.01936025433242321,0.029974134266376497,0.06701819598674774,0.0,0.07166136056184769,0.0,0.2820344567298889
7254,0.006086818780750037,0.019163685292005538,0.02903759405016899,0.06911885142326354,0.0,0.07166653871536255,0.0,0.282034307718277
7255,0.006510102096945048,0.01876641996204853,0.02757135108113289,0.0692616306245327,0.0,0.0716700404882431,0.0,0.2820332944393158
7256,0.006426272727549076,0.01972717307507992,0.03087407015264034,0.06997610479593278,0.0,0.0716727152466774,0.0,0.28203433752059937
7257,0.006892644613981247,0.019742365553975107,0.029726695641875266,0.06694295853376389,0.0,0.07167567312717438,0.0,0.2820344865322113
7258,0.006619749218225479,0.019127016142010688,0.030134908109903335,0.07166097611188889,0.0,0.0716768428683281,0.0,0.2820352613925934
7259,0.006792168598622084,0.020707632601261138,0.02846626415848732,0.06723369657993317,0.0,0.07167865335941315,0.0,0.2820352017879486
7260,0.0065001540817320345,0.020319249853491782,0.029133268073201178,0.07064074873924256,0.0,0.07167486846446991,0.0,0.28203460574150085
7261,0.006304965261369944,0.01967358700931072,0.029704207554459572,0.07307708561420441,0.0,0.0716734305024147,0.0,0.2820320129394531
7262,0.007092553097754717,0.01964917965233326,0.031061187013983728,0.06871197447180748,0.0,0.07166880369186401,0.0,0.2820267081260681
7263,0.006092002522200346,0.019393376260995864,0.0294937189668417,0.06876873821020127,0.0,0.07167072594165802,0.0,0.2820216417312622
7264,0.00657299542799592,0.019838302955031396,0.029565900936722754,0.0692257672548294,0.0,0.07167216390371323,0.0,0.2820165753364563
7265,0.006714800838381052,0.019936760887503624,0.029506734013557433,0.06850535422563553,0.0,0.07168275117874146,0.0,0.2820132076740265
7266,0.0066383534111082556,0.019029230624437333,0.029751178994774818,0.0703155130147934,0.0,0.07169448584318161,0.0,0.282010942697525
7267,0.006552887428551912,0.019605104252696036,0.02926551103591919,0.06525849625468254,0.0,0.07170625776052475,0.0,0.2820082902908325
7268,0.006588319223374129,0.019068267941474915,0.030805856361985205,0.0716886818408966,0.0,0.0717204213142395,0.0,0.28200507164001465
7269,0.0064395532011985775,0.019067355990409852,0.030369436740875243,0.06662211418151856,0.0,0.07173138856887817,0.0,0.28200259804725647
7270,0.006578132323920727,0.018985583633184432,0.029335248097777367,0.0669069953262806,0.0,0.07174210995435715,0.0,0.28200194239616394
7271,0.006796697154641151,0.019782064855098723,0.030018296837806702,0.06509030386805534,0.0,0.07174690067768097,0.0,0.28200334310531616
7272,0.006184076331555844,0.0194544967263937,0.030470917373895644,0.06574146449565887,0.0,0.07175464928150177,0.0,0.2820044159889221
7273,0.006465456355363131,0.019217758625745773,0.028498615324497222,0.06856357976794243,0.0,0.07176153361797333,0.0,0.28200456500053406
7274,0.006908359378576279,0.019943764060735704,0.030290596559643744,0.06980661004781723,0.0,0.07177230715751648,0.0,0.2820032835006714
7275,0.006708781886845827,0.019949935749173163,0.028203728049993514,0.06486590132117272,0.0,0.07177798449993134,0.0,0.2820001244544983
7276,0.006867350358515978,0.018761945143342017,0.031120971962809562,0.06623979061841964,0.0,0.07178027927875519,0.0,0.2819958031177521
7277,0.006399735994637013,0.019233674556016923,0.0296498354524374,0.07267232835292817,0.0,0.0717812329530716,0.0,0.2819896638393402
7278,0.006355974916368723,0.019060325250029563,0.03043075241148472,0.06833488196134567,0.0,0.07178336381912231,0.0,0.28198328614234924
7279,0.006493672914803028,0.01919548325240612,0.03174272179603577,0.06703514903783798,0.0,0.07178124785423279,0.0,0.28197741508483887
7280,0.00643207710236311,0.019574931263923644,0.03151365555822849,0.07016871720552445,0.0,0.0717804878950119,0.0,0.28197163343429565
7281,0.0067851532250642775,0.01889282688498497,0.030400944128632545,0.07137010246515274,0.0,0.07177853584289551,0.0,0.2819679081439972
7282,0.006434940733015537,0.020213720574975013,0.03210503570735455,0.07010034620761871,0.0,0.07177592068910599,0.0,0.2819632291793823
7283,0.006597471516579389,0.020474985614418982,0.028767681494355202,0.07275723963975907,0.0,0.07178046554327011,0.0,0.281961053609848
7284,0.006441652309149504,0.01943870484828949,0.028486160188913347,0.06770057678222656,0.0,0.07178552448749542,0.0,0.2819599211215973
7285,0.006083346344530583,0.01983363591134548,0.03024427443742752,0.06851042509078979,0.0,0.07179101556539536,0.0,0.2819597125053406
7286,0.006489836238324642,0.019170942902565002,0.0287885881960392,0.07306012660264968,0.0,0.07179614901542664,0.0,0.2819589078426361
7287,0.006320670805871486,0.01932521164417267,0.030387922748923303,0.0716103121638298,0.0,0.071800597012043,0.0,0.28195720911026
7288,0.00640508746728301,0.01956470459699631,0.03227015994489193,0.07406061887741089,0.0,0.07180486619472504,0.0,0.28195720911026
7289,0.006448076106607914,0.019803665205836297,0.028393822163343428,0.06290515512228012,0.0,0.07181189209222794,0.0,0.2819572687149048
7290,0.006607732456177473,0.01925429478287697,0.02849679850041866,0.06668034940958023,0.0,0.07181499898433685,0.0,0.28195565938949585
7291,0.006390349846333266,0.019457658007740974,0.02850087806582451,0.06536692827939987,0.0,0.07181777060031891,0.0,0.28195440769195557
7292,0.006517816986888647,0.02039104960858822,0.032092918455600736,0.06531719714403153,0.0,0.07181418687105179,0.0,0.2819541096687317
7293,0.006906261015683412,0.020307376235723495,0.03014085553586483,0.06724295020103455,0.0,0.0718059092760086,0.0,0.28195247054100037
7294,0.006380307953804731,0.01994481384754181,0.029799434170126916,0.06781250834465027,0.0,0.07179655134677887,0.0,0.28194937109947205
7295,0.006589003745466471,0.020555826649069787,0.03065151646733284,0.07230685502290726,0.0,0.0717916339635849,0.0,0.28194674849510193
7296,0.006109073851257562,0.019105616584420206,0.02988751344382763,0.06690575033426285,0.0,0.07178772985935211,0.0,0.2819465696811676
7297,0.006809037365019322,0.01888934411108494,0.028978786990046503,0.07075029164552689,0.0,0.07177959382534027,0.0,0.2819458842277527
7298,0.006174254324287176,0.020134089142084123,0.03177060410380363,0.06609847620129586,0.0,0.07176636904478073,0.0,0.2819446921348572
7299,0.00666799983009696,0.019631534069776534,0.03040122389793396,0.06776338964700698,0.0,0.07175474613904953,0.0,0.2819438576698303
7300,0.006821063347160816,0.01960694380104542,0.028172303363680838,0.07050637751817704,0.0,0.07174423336982727,0.0,0.2819432020187378
7301,0.006373927649110556,0.020129807665944098,0.028861382231116294,0.07016626745462418,0.0,0.0717327818274498,0.0,0.2819446623325348
7302,0.006497322767972946,0.019178550317883493,0.03229465261101723,0.07047095596790313,0.0,0.07173016667366028,0.0,0.2819475531578064
7303,0.00636597815901041,0.020116834342479704,0.031764613837003706,0.06728557497262955,0.0,0.07172895967960358,0.0,0.2819504141807556
7304,0.006691866740584374,0.01938445195555687,0.029557037726044656,0.0704608753323555,0.0,0.07172534614801407,0.0,0.28195080161094666
7305,0.006681820191442966,0.01902312636375427,0.030086909979581834,0.06903119757771492,0.0,0.07171867787837982,0.0,0.28195106983184814
7306,0.006714565679430962,0.019421812146902084,0.029687456041574477,0.06818568110466003,0.0,0.07171322405338287,0.0,0.2819521725177765
7307,0.006596167944371701,0.019067397713661192,0.030442455783486366,0.06775645315647125,0.0,0.07171208411455154,0.0,0.28195255994796753
7308,0.006747017148882151,0.020605208724737166,0.02834904342889786,0.0689414769411087,0.0,0.07170949876308441,0.0,0.28195497393608093
7309,0.00596809471026063,0.02023693360388279,0.031910265982151034,0.0695691503584385,0.0,0.07171045243740082,0.0,0.2819581627845764
7310,0.006055136863142252,0.01971486024558544,0.03049851432442665,0.07157527804374694,0.0,0.07171313464641571,0.0,0.28196340799331665
7311,0.006544497981667519,0.020589777454733848,0.028426839411258696,0.0692163810133934,0.0,0.07171300798654556,0.0,0.28196802735328674
7312,0.0063924195244908335,0.02034326046705246,0.02970093972980976,0.06802327185869217,0.0,0.07171111553907394,0.0,0.28197160363197327
7313,0.0066533353179693226,0.019855908676981927,0.030404740199446677,0.07011626362800598,0.0,0.07170959562063217,0.0,0.2819753587245941
7314,0.006602577585726977,0.018663553521037102,0.03261540271341801,0.06579535752534867,0.0,0.07170511037111282,0.0,0.2819792628288269
7315,0.0068225770257413386,0.018796304985880852,0.030264505371451377,0.07008166909217835,0.0,0.07170238345861435,0.0,0.2819806933403015
7316,0.006472490541636944,0.020423846691846846,0.028435030952095985,0.06897984445095062,0.0,0.0716945081949234,0.0,0.28198161721229553
7317,0.0063253121450543405,0.019750635698437692,0.03073510341346264,0.06906282752752305,0.0,0.07168664783239365,0.0,0.2819826602935791
7318,0.006908405292779207,0.019850505888462065,0.02909964770078659,0.0732385829091072,0.0,0.0716763585805893,0.0,0.28198081254959106
7319,0.006546090357005596,0.019709143415093423,0.029802895709872247,0.06542771011590957,0.0,0.07166372239589691,0.0,0.2819778323173523
7320,0.006680408678948879,0.01973445788025856,0.030916789919137953,0.06998726725578308,0.0,0.07165645062923431,0.0,0.2819746732711792
7321,0.006371515057981014,0.02021794021129608,0.030676888674497603,0.07263714075088501,0.0,0.0716487318277359,0.0,0.2819719612598419
7322,0.006777975149452687,0.019208289310336114,0.02884143479168415,0.06296514719724655,0.0,0.07163891941308975,0.0,0.2819671928882599
7323,0.006457125302404165,0.019181696698069572,0.02895831726491451,0.07584197670221329,0.0,0.0716339498758316,0.0,0.2819637954235077
7324,0.006660862639546394,0.019992738589644433,0.03119524344801903,0.06857897788286209,0.0,0.07162921130657196,0.0,0.28196093440055847
7325,0.006877581775188446,0.019807905703783036,0.032320497930049895,0.07227036505937576,0.0,0.07162527740001678,0.0,0.28195932507514954
7326,0.006630273535847664,0.019003278017044066,0.029161376878619194,0.06915296465158463,0.0,0.07162065804004669,0.0,0.2819576859474182
7327,0.006370081286877394,0.019958702847361565,0.030160000547766685,0.06874643564224243,0.0,0.07161588966846466,0.0,0.2819567322731018
7328,0.006969739682972431,0.01897238679230213,0.029369766265153883,0.07259147316217422,0.0,0.07160894572734833,0.0,0.2819572985172272
7329,0.006631311774253845,0.02001228742301464,0.03082481399178505,0.06932630687952042,0.0,0.0715973824262619,0.0,0.28195884823799133
7330,0.006629757769405842,0.018997083231806756,0.03019557148218155,0.06603474840521813,0.0,0.07158604264259338,0.0,0.2819593548774719
7331,0.006353696808218956,0.019844861701130867,0.030059932544827462,0.06983022391796112,0.0,0.07157393544912338,0.0,0.28195920586586
7332,0.006252610869705677,0.020741985738277437,0.030138441547751426,0.07012970447540283,0.0,0.07155941426753998,0.0,0.28195953369140625
7333,0.006893618497997522,0.020561469718813896,0.0312863152474165,0.0675217255949974,0.0,0.07154567539691925,0.0,0.28196072578430176
7334,0.00651210630312562,0.02054191306233406,0.029384124651551248,0.07014537006616592,0.0,0.07153551280498505,0.0,0.2819603383541107
7335,0.006550776120275259,0.019142457470297813,0.028307372704148293,0.06916522085666657,0.0,0.07152768224477768,0.0,0.2819586992263794
7336,0.006239431165158749,0.018724216148257256,0.029945645481348038,0.06961009502410889,0.0,0.07152165472507477,0.0,0.28195720911026
7337,0.006666771601885557,0.019487155601382256,0.0319773230701685,0.06964899599552155,0.0,0.07151816785335541,0.0,0.2819536328315735
7338,0.006087931338697672,0.019583890587091445,0.030440408363938333,0.06753088384866715,0.0,0.07151089608669281,0.0,0.2819497287273407
7339,0.0066718563437461855,0.020090781897306443,0.02926417626440525,0.07291727513074875,0.0,0.07150337845087051,0.0,0.28194674849510193
7340,0.006687865965068341,0.019290919974446298,0.029123441874980928,0.069415745139122,0.0,0.07149995863437653,0.0,0.28194618225097656
7341,0.006653649266809225,0.019360260292887687,0.031011976674199103,0.06695605218410491,0.0,0.07149350643157959,0.0,0.28194600343704224
7342,0.006203821394592524,0.01948629692196846,0.031071266159415245,0.06904286295175552,0.0,0.0714862123131752,0.0,0.2819453477859497
7343,0.0064411557279527186,0.02046144977211952,0.03057687059044838,0.06503510922193527,0.0,0.07147514820098877,0.0,0.2819448411464691
7344,0.00626036524772644,0.020862479880452155,0.02957703173160553,0.06815951466560363,0.0,0.07146529853343964,0.0,0.281946063041687
7345,0.006317249592393636,0.019626035541296005,0.030391588807106018,0.0684428259730339,0.0,0.07145531475543976,0.0,0.28194546699523926
7346,0.006115556601434946,0.019330114498734473,0.030017510056495667,0.06733943819999695,0.0,0.07144757360219955,0.0,0.28194373846054077
7347,0.006526237260550261,0.019597407802939414,0.030799795314669608,0.06623968407511711,0.0,0.07144167274236679,0.0,0.281940758228302
7348,0.006192488688975572,0.0196011908352375,0.030410787835717202,0.0651584655046463,0.0,0.0714341551065445,0.0,0.28193482756614685
7349,0.006670488230884075,0.019891336932778357,0.031859219819307324,0.072378708422184,0.0,0.07142473757266998,0.0,0.2819269597530365
7350,0.006287699937820435,0.019125471264123915,0.029353444650769233,0.06501220241189003,0.0,0.07142011821269989,0.0,0.28191903233528137
7351,0.0066617164760828015,0.018726323172450064,0.029213741421699524,0.07121706008911133,0.0,0.07141493260860443,0.0,0.28191226720809937
7352,0.006522537022829056,0.019774507731199265,0.028413855656981468,0.06879316717386245,0.0,0.07140973210334778,0.0,0.2819072902202606
7353,0.006655920017510653,0.019798778742551804,0.0294850155711174,0.06894746497273445,0.0,0.07139933854341507,0.0,0.281902015209198
7354,0.006472634244710207,0.018768085911870003,0.029572348296642303,0.0710187867283821,0.0,0.07139154523611069,0.0,0.2818978428840637
7355,0.00687046218663454,0.018724780529737473,0.03284334130585194,0.06730553209781646,0.0,0.07138185203075409,0.0,0.28189581632614136
7356,0.007057977002114057,0.019222797453403474,0.029643194004893302,0.07143147438764572,0.0,0.07137878239154816,0.0,0.28189539909362793
7357,0.00633495943620801,0.019214027747511863,0.03079088218510151,0.07064229696989059,0.0,0.07137222588062286,0.0,0.2818935811519623
7358,0.006593940407037735,0.01925209313631058,0.03089132271707058,0.06713071689009667,0.0,0.07136396318674088,0.0,0.2818925976753235
7359,0.006903143785893917,0.02019861079752445,0.03068128563463688,0.07022318691015243,0.0,0.07135462015867233,0.0,0.2818909287452698
7360,0.0067089607939124106,0.019936750084161757,0.032033490389585494,0.06448171436786651,0.0,0.07134709507226944,0.0,0.28188878297805786
7361,0.006410466227680445,0.01980898715555668,0.030145347490906714,0.07270494848489761,0.0,0.07134415954351425,0.0,0.2818877696990967
7362,0.006437252275645733,0.019805842265486717,0.030949391797184943,0.07159894481301307,0.0,0.07134266197681427,0.0,0.28188619017601013
7363,0.006368720903992653,0.019619717821478845,0.029942430928349494,0.06765896901488304,0.0,0.07134487479925156,0.0,0.2818853557109833
7364,0.006679307110607624,0.01964143067598343,0.02752195782959461,0.06864191442728043,0.0,0.07134927809238434,0.0,0.2818835377693176
7365,0.006064546573907137,0.01954720728099346,0.03080010898411274,0.06872131824493408,0.0,0.07135950773954391,0.0,0.28188446164131165
7366,0.007028594240546226,0.01999300792813301,0.029414065182209015,0.0705439031124115,0.0,0.07137375324964523,0.0,0.2818860411643982
7367,0.006664906814694405,0.019532043114304544,0.028791799023747445,0.07007094174623489,0.0,0.07137975841760635,0.0,0.2818896770477295
7368,0.006161185912787914,0.01936066448688507,0.03040373548865318,0.0672915257513523,0.0,0.07138127088546753,0.0,0.2818921208381653
7369,0.006552937813103199,0.018671289086341858,0.02905344367027283,0.06754823476076126,0.0,0.07138459384441376,0.0,0.2818951904773712
7370,0.006588697899132967,0.020276711136102677,0.030700848996639253,0.06602083444595337,0.0,0.07138979434967041,0.0,0.28189748525619507
7371,0.006445972714573145,0.02006487511098385,0.030580950528383256,0.06993304044008256,0.0,0.07139559090137482,0.0,0.2818976938724518
7372,0.006367512047290802,0.019357820972800255,0.03069891966879368,0.07094803154468536,0.0,0.07139993458986282,0.0,0.28189730644226074
7373,0.006317149754613638,0.01964656785130501,0.030002946406602858,0.06663868650794029,0.0,0.0713999792933464,0.0,0.28189554810523987
7374,0.006605813838541507,0.01958615258336067,0.029357049241662027,0.0707038015127182,0.0,0.07139305770397186,0.0,0.2818915545940399
7375,0.006496002059429884,0.02062067836523056,0.031803888455033305,0.07127433866262436,0.0,0.07138360291719437,0.0,0.28188711404800415
7376,0.006733111571520567,0.019844162836670877,0.030388738587498666,0.06769797801971436,0.0,0.07137857377529144,0.0,0.2818840742111206
7377,0.006322103459388018,0.019494271650910378,0.03026633933186531,0.07063710838556289,0.0,0.07138241827487946,0.0,0.2818830907344818
7378,0.0063508739694952965,0.018972602859139442,0.02902050279080868,0.06995419859886169,0.0,0.07137936353683472,0.0,0.28188660740852356
7379,0.006500788312405348,0.0189824428409338,0.03156764656305313,0.06997827738523484,0.0,0.07137864828109741,0.0,0.2818909287452698
7380,0.006475651636719704,0.02012261040508747,0.02930512949824333,0.07158014625310898,0.0,0.07137923687696457,0.0,0.2818967401981354
7381,0.006434876658022404,0.019660402834415436,0.0317031629383564,0.0712600126862526,0.0,0.0713798999786377,0.0,0.2819017767906189
7382,0.00631650285795331,0.019574366509914398,0.029614627733826636,0.06487387791275978,0.0,0.07138033211231232,0.0,0.2819058299064636
7383,0.006446706131100655,0.020683175697922707,0.031115976721048356,0.06841658949851989,0.0,0.0713815838098526,0.0,0.28190726041793823
7384,0.006809200905263424,0.020237555354833604,0.029774168133735658,0.07056871056556702,0.0,0.07138074934482574,0.0,0.28191089630126953
7385,0.006634728889912367,0.019272838532924653,0.029059408977627755,0.0719579130411148,0.0,0.07138410955667496,0.0,0.28191423416137695
7386,0.007219922449439764,0.019857773184776308,0.030011953413486482,0.07109276503324509,0.0,0.0713898241519928,0.0,0.28191760182380676
7387,0.006713044177740812,0.019099688157439232,0.031016943231225013,0.06954970806837082,0.0,0.07139861583709717,0.0,0.28191879391670227
7388,0.006791936606168747,0.018453821912407874,0.0286424919962883,0.06773594617843628,0.0,0.07140573114156723,0.0,0.2819157540798187
7389,0.006632961705327034,0.019613570347428323,0.029431768134236334,0.06960324570536613,0.0,0.07141127437353134,0.0,0.2819123864173889
7390,0.006226986739784479,0.01921599470078945,0.030780908092856406,0.06607360690832138,0.0,0.07141241431236267,0.0,0.28190866112709045
7391,0.006623828783631325,0.019010527431964873,0.02954833470284939,0.06919510513544083,0.0,0.07142269611358643,0.0,0.2819054126739502
7392,0.006428738962858916,0.019325293228030206,0.03025454320013523,0.0649273782968521,0.0,0.07142719626426697,0.0,0.28190138936042786
7393,0.006529002171009779,0.018973032012581825,0.029063979163765907,0.06855614706873894,0.0,0.07143313437700272,0.0,0.28189682960510254
7394,0.006838860921561718,0.019452538341283798,0.029248617216944696,0.07078007012605667,0.0,0.07144008576869965,0.0,0.2818922698497772
7395,0.00660870959982276,0.019417956098914148,0.028831326588988303,0.06753164231777191,0.0,0.0714436024427414,0.0,0.2818882465362549
7396,0.006532210111618042,0.01970803737640381,0.030665677785873414,0.06939994543790817,0.0,0.07144618034362793,0.0,0.2818838953971863
7397,0.006470909528434277,0.019742144644260405,0.028780248388648032,0.06966229528188705,0.0,0.07144798338413239,0.0,0.2818814814090729
7398,0.006196641549468041,0.01854606717824936,0.03121480867266655,0.06468564867973328,0.0,0.07144726067781448,0.0,0.28188076615333557
7399,0.006593331694602966,0.020715996623039246,0.031116675585508347,0.07214458733797073,0.0,0.07144277542829514,0.0,0.28188109397888184
7400,0.006478893291205168,0.019835248216986658,0.030180644989013673,0.07246932983398438,0.0,0.07144133746623993,0.0,0.2818818688392639
7401,0.006311090476810932,0.020372550934553146,0.03023829683661461,0.06596224755048752,0.0,0.07143837958574295,0.0,0.2818830907344818
7402,0.00608389237895608,0.01880752146244049,0.03293238058686256,0.06538875848054886,0.0,0.07143566012382507,0.0,0.28188425302505493
7403,0.006476007495075464,0.01859368719160557,0.027441895008087157,0.0702797070145607,0.0,0.07142878323793411,0.0,0.28188490867614746
7404,0.00616168538108468,0.019253361225128173,0.029274432361125945,0.07043941617012024,0.0,0.07141833007335663,0.0,0.2818847596645355
7405,0.006496207509189844,0.019269314408302308,0.02965836375951767,0.06852720975875855,0.0,0.0714079961180687,0.0,0.2818826735019684
7406,0.006667440570890903,0.019628586992621423,0.028972753137350083,0.06632414311170579,0.0,0.07139674574136734,0.0,0.2818816602230072
7407,0.006460562348365784,0.019857265055179596,0.029656754434108736,0.07400054931640625,0.0,0.07138212770223618,0.0,0.2818801999092102
7408,0.006544698309153318,0.01989029198884964,0.031165653839707375,0.06932059824466705,0.0,0.07137273252010345,0.0,0.28187721967697144
7409,0.006551318615674972,0.0190400842577219,0.02893580384552479,0.06868978068232537,0.0,0.07136620581150055,0.0,0.281873881816864
7410,0.0066615822724998,0.020163218304514886,0.028536510840058326,0.0725017324090004,0.0,0.07136009633541107,0.0,0.28187060356140137
7411,0.006544389855116605,0.01964699700474739,0.030184193700551986,0.06987146139144898,0.0,0.07136138528585434,0.0,0.2818666994571686
7412,0.006169280968606472,0.020310478657484053,0.029152623564004897,0.06858456507325172,0.0,0.0713631734251976,0.0,0.2818634510040283
7413,0.006335222162306309,0.02123553641140461,0.029989521205425262,0.07027471214532852,0.0,0.07136572897434235,0.0,0.28186124563217163
7414,0.006073726341128349,0.019534658640623093,0.028630739822983742,0.0672263890504837,0.0,0.07136586308479309,0.0,0.28186196088790894
7415,0.0061789766885340216,0.019521742314100265,0.030886222049593924,0.0682327926158905,0.0,0.07137493789196014,0.0,0.28186291456222534
7416,0.006428170669823885,0.020534709468483923,0.031045573949813842,0.07094071805477142,0.0,0.0713840201497078,0.0,0.28186196088790894
7417,0.00645286962389946,0.020367571711540224,0.030521448329091073,0.06666128486394882,0.0,0.07139585167169571,0.0,0.28186169266700745
7418,0.006617409642785788,0.01951950080692768,0.031176341697573662,0.06951162368059158,0.0,0.07141157239675522,0.0,0.2818601727485657
7419,0.0064737614244222644,0.02001069262623787,0.029369133338332177,0.07230861634016036,0.0,0.0714312419295311,0.0,0.2818562090396881
7420,0.0061769354157149795,0.020648932084441185,0.0308317419141531,0.06691022142767906,0.0,0.07145024836063385,0.0,0.281851589679718
7421,0.00635733250528574,0.02012794017791748,0.029392630979418754,0.06864984780550003,0.0,0.07146619260311127,0.0,0.2818462550640106
7422,0.006813710741698742,0.01915115788578987,0.02873639352619648,0.06813632994890213,0.0,0.0714818462729454,0.0,0.2818410396575928
7423,0.006533617246896028,0.020098641514778137,0.030058636516332626,0.06895872056484223,0.0,0.07149975746870041,0.0,0.28183919191360474
7424,0.006344633176922798,0.020181683450937273,0.031583907455205916,0.0707547977566719,0.0,0.07151389867067337,0.0,0.28183692693710327
7425,0.00647873692214489,0.018973593413829804,0.029713986814022063,0.07071808278560639,0.0,0.07153413444757462,0.0,0.2818339467048645
7426,0.006633695773780346,0.019505559653043746,0.0304009810090065,0.06711840033531188,0.0,0.07155361771583557,0.0,0.28182923793792725
7427,0.006985736824572086,0.02047537826001644,0.03217786960303783,0.06868896037340164,0.0,0.07156971842050552,0.0,0.28182685375213623
7428,0.00670319078490138,0.019573370367288588,0.029909826815128326,0.07144507020711899,0.0,0.07159092277288437,0.0,0.28182512521743774
7429,0.0064239404164254665,0.018487167358398438,0.02899918220937252,0.07106977701187134,0.0,0.07161244750022888,0.0,0.28182151913642883
7430,0.0064077494665980336,0.019454996660351755,0.02796631269156933,0.06839690804481506,0.0,0.07163535058498383,0.0,0.28181639313697815
7431,0.006590215023607016,0.020953769236803053,0.030958566069602966,0.06474128291010857,0.0,0.07165566831827164,0.0,0.281810998916626
7432,0.006512085720896721,0.01881801411509514,0.029977011308073998,0.07269683331251145,0.0,0.07167911529541016,0.0,0.28180602192878723
7433,0.006905616261065006,0.02020740993320942,0.02945709377527237,0.07188233882188796,0.0,0.07170062512159348,0.0,0.28180041909217834
7434,0.006498901732265949,0.01911480724811554,0.029164856299757957,0.07122716903686524,0.0,0.07172077149152756,0.0,0.2817975580692291
7435,0.006521636713296175,0.01898903399705887,0.029630085453391075,0.06858713328838348,0.0,0.07173590362071991,0.0,0.2817947566509247
7436,0.006395824905484915,0.020194485783576965,0.030135399475693703,0.07003377974033356,0.0,0.07174418121576309,0.0,0.28179293870925903
7437,0.006727446056902409,0.01934237591922283,0.030644411593675612,0.07333839535713196,0.0,0.0717601329088211,0.0,0.2817934453487396
7438,0.006882147677242756,0.019877254962921143,0.030630166456103326,0.06966368779540062,0.0,0.07177300751209259,0.0,0.2817961573600769
7439,0.006274763774126768,0.020001451298594475,0.028368021920323373,0.0661559633910656,0.0,0.0717792734503746,0.0,0.2817983031272888
7440,0.006411725748330354,0.018972155079245566,0.02850837931036949,0.07198553532361984,0.0,0.0717865601181984,0.0,0.2817983031272888
7441,0.006799326557666063,0.01887446939945221,0.028904761373996734,0.07278569340705872,0.0,0.07179223001003265,0.0,0.28179940581321716
7442,0.006431626435369253,0.019802212715148926,0.029211415350437163,0.06965409368276596,0.0,0.0717940703034401,0.0,0.28180205821990967
7443,0.006369967386126519,0.01953849233686924,0.029312298446893693,0.06886915713548661,0.0,0.07179826498031616,0.0,0.2818061411380768
7444,0.006306464225053788,0.01897313818335533,0.031228712946176528,0.0731656089425087,0.0,0.07180263102054596,0.0,0.2818097472190857
7445,0.0067155218683183195,0.019772813469171525,0.02962913177907467,0.0701177954673767,0.0,0.07180958986282349,0.0,0.28181225061416626
7446,0.006619348376989365,0.019959140568971634,0.030451877787709237,0.07171907275915146,0.0,0.07181398570537567,0.0,0.2818155884742737
7447,0.0065054124221205715,0.019520309939980506,0.028399913012981413,0.068289352953434,0.0,0.07182008028030396,0.0,0.2818170189857483
7448,0.006475341506302357,0.020353123545646667,0.032052680104970935,0.07162604629993438,0.0,0.07182405143976212,0.0,0.2818184494972229
7449,0.006502670049667358,0.020313647389411927,0.029843176528811455,0.07135352194309234,0.0,0.07183532416820526,0.0,0.28181949257850647
7450,0.0065540334209799765,0.01926690377295017,0.029089754819869994,0.06768749058246612,0.0,0.0718470960855484,0.0,0.28181928396224976
7451,0.006578297354280949,0.018722601979970933,0.029614514485001565,0.0722840428352356,0.0,0.07185716181993484,0.0,0.28181764483451843
7452,0.006486447714269161,0.02022692933678627,0.030972490832209588,0.06910138875246048,0.0,0.07186614722013474,0.0,0.28181642293930054
7453,0.006746589113026858,0.018880706652998923,0.02932032719254494,0.06867421045899391,0.0,0.07187134027481079,0.0,0.281816303730011
7454,0.006340762320905924,0.01948035918176174,0.028593872860074043,0.07218766659498214,0.0,0.07187127321958542,0.0,0.2818165421485901
7455,0.006247863732278347,0.019157829135656355,0.029304392635822296,0.06996505707502365,0.0,0.07187192142009735,0.0,0.2818171977996826
7456,0.006572822667658329,0.01930795647203922,0.030184216797351837,0.0711865857243538,0.0,0.0718669444322586,0.0,0.28181833028793335
7457,0.006615075282752514,0.01964746043086052,0.029847391322255133,0.06453401446342469,0.0,0.07186158001422882,0.0,0.2818197011947632
7458,0.006524573918431998,0.019500503316521645,0.031976410374045375,0.07154073417186738,0.0,0.07185770571231842,0.0,0.2818206250667572
7459,0.005855344515293836,0.019122372195124627,0.02947138398885727,0.06773088574409485,0.0,0.07185854762792587,0.0,0.2818247675895691
7460,0.0064980870112776755,0.01963148042559624,0.029211750626564024,0.06871926710009575,0.0,0.0718594342470169,0.0,0.2818288505077362
7461,0.005901125725358725,0.020137334987521172,0.02954149805009365,0.0695179782807827,0.0,0.0718580037355423,0.0,0.2818334698677063
7462,0.006455909367650748,0.01935371905565262,0.02883840836584568,0.06683660000562668,0.0,0.07185571640729904,0.0,0.28183799982070923
7463,0.006734655704349279,0.020162270963191987,0.028015855327248575,0.06733412146568299,0.0,0.0718553215265274,0.0,0.2818434238433838
7464,0.006550646107643843,0.020026491209864616,0.029191788658499716,0.06777923405170441,0.0,0.07185129821300507,0.0,0.28184813261032104
7465,0.006937604676932096,0.01950385756790638,0.032545069232583046,0.06978162229061127,0.0,0.07184676826000214,0.0,0.2818511426448822
7466,0.006409538444131613,0.020035842433571815,0.03148744553327561,0.06639599949121475,0.0,0.07184067368507385,0.0,0.2818533778190613
7467,0.006670861970633268,0.019670341908931733,0.03020469844341278,0.07028078436851501,0.0,0.07183068990707397,0.0,0.28185534477233887
7468,0.0066242354921996595,0.019478661939501762,0.03050215020775795,0.06847476363182067,0.0,0.07182226330041885,0.0,0.28185486793518066
7469,0.006533031351864338,0.019825714454054833,0.030202235281467437,0.07075569927692413,0.0,0.07182184606790543,0.0,0.2818538546562195
7470,0.0065091831609606745,0.019638148695230485,0.02979583144187927,0.06966088712215424,0.0,0.07181830704212189,0.0,0.2818529009819031
7471,0.006297779642045498,0.0198892742395401,0.030015525594353675,0.06955277174711227,0.0,0.07181267440319061,0.0,0.2818538546562195
7472,0.0065770911052823065,0.02037755474448204,0.02941924296319485,0.06565994769334793,0.0,0.07180292159318924,0.0,0.28185373544692993
7473,0.006424716860055924,0.018670953437685968,0.029111482948064805,0.07034331262111664,0.0,0.07180023193359375,0.0,0.2818528115749359
7474,0.0063907959498465065,0.0193922258913517,0.03079343996942043,0.07044140100479127,0.0,0.07179535180330276,0.0,0.2818525433540344
7475,0.006842391286045313,0.019051871448755264,0.0321333646774292,0.07320068180561065,0.0,0.0717887133359909,0.0,0.2818538248538971
7476,0.006672904640436172,0.020508040487766267,0.030922581255435944,0.07225873619318009,0.0,0.07177849858999252,0.0,0.28185394406318665
7477,0.006252125836908817,0.021228962391614915,0.029090311005711557,0.06734928488731384,0.0,0.07177256047725677,0.0,0.28185370564460754
7478,0.006309430114924908,0.01950850673019886,0.0324154831469059,0.06739389747381211,0.0,0.07176719605922699,0.0,0.281852662563324
7479,0.006375447008758783,0.018834319710731507,0.03057938776910305,0.07072188258171082,0.0,0.07176610082387924,0.0,0.28185349702835083
7480,0.0063806258141994475,0.020443160831928254,0.03052445650100708,0.06554819718003273,0.0,0.07176847755908966,0.0,0.2818574905395508
7481,0.006402688473463059,0.01983806788921356,0.030220399796962737,0.06732416301965713,0.0,0.07176972925662994,0.0,0.28185969591140747
7482,0.006508326157927513,0.020054163038730623,0.028822733089327812,0.06818059980869293,0.0,0.0717678964138031,0.0,0.2818606495857239
7483,0.006558390054851771,0.019967339187860488,0.02925924174487591,0.06707126572728157,0.0,0.0717650055885315,0.0,0.2818606495857239
7484,0.006149845384061337,0.019869881868362426,0.031605377048254016,0.06781390458345413,0.0,0.07175759971141815,0.0,0.28186172246932983
7485,0.006068005226552486,0.019544485956430435,0.03016482889652252,0.07037780433893204,0.0,0.07175465673208237,0.0,0.28186291456222534
7486,0.0064392431639134886,0.019770126417279245,0.030462948605418205,0.06981773227453232,0.0,0.07174669951200485,0.0,0.2818661332130432
7487,0.006325937435030937,0.01886834539473057,0.02934414930641651,0.06785991787910461,0.0,0.07173919677734375,0.0,0.2818688452243805
7488,0.006649681087583304,0.02028597183525562,0.03040255643427372,0.07286660820245743,0.0,0.07173033803701401,0.0,0.2818717956542969
7489,0.006723066605627537,0.020293428376317025,0.030041151866316795,0.06704531461000443,0.0,0.07171954959630966,0.0,0.2818745970726013
7490,0.006629232503473759,0.019875483214855195,0.02997291423380375,0.07052941769361495,0.0,0.07171039283275604,0.0,0.2818771004676819
7491,0.006830619368702173,0.019322995468974112,0.028907329589128495,0.06939979642629623,0.0,0.07170112431049347,0.0,0.2818784713745117
7492,0.006718104239553213,0.02036403603851795,0.030754848569631576,0.06920851022005081,0.0,0.07169311493635178,0.0,0.28187692165374756
7493,0.00669151246547699,0.019566924870014192,0.030644070729613303,0.07362088784575463,0.0,0.07168251276016235,0.0,0.28187423944473267
7494,0.006876848172396421,0.020161410421133043,0.031262929737567904,0.0673905298113823,0.0,0.07167629152536392,0.0,0.28187188506126404
7495,0.0067024117335677145,0.01964176185429096,0.030759227648377418,0.0670608326792717,0.0,0.07167690247297287,0.0,0.28186967968940735
7496,0.007312119007110596,0.019991932809352873,0.029654356464743615,0.06858435943722725,0.0,0.07167880237102509,0.0,0.2818673253059387
7497,0.006650898326188326,0.01969057247042656,0.029198475554585455,0.06668490469455719,0.0,0.07168073952198029,0.0,0.2818641662597656
7498,0.006094975490123033,0.01898752264678478,0.030036689713597298,0.07220654487609864,0.0,0.07168634235858917,0.0,0.28186315298080444
7499,0.006209336314350366,0.01973084583878517,0.029209335520863532,0.07374525517225265,0.0,0.07169262319803238,0.0,0.2818622589111328
7500,0.00629136087372899,0.020336753129959105,0.029169192910194396,0.07089855074882508,0.0,0.07169507443904877,0.0,0.28186315298080444
7501,0.006878284085541963,0.01956671439111233,0.029185501113533973,0.07081898152828217,0.0,0.0716962218284607,0.0,0.28186315298080444
7502,0.006418314855545759,0.019453218579292296,0.0314077727496624,0.0659775123000145,0.0,0.07169675827026367,0.0,0.2818649709224701
7503,0.006830268539488316,0.019858134165406226,0.029447289556264876,0.06877411305904388,0.0,0.07169917225837708,0.0,0.28186482191085815
7504,0.006326697021722794,0.01956270933151245,0.032619988545775414,0.07041120380163193,0.0,0.07170289009809494,0.0,0.28186535835266113
7505,0.006766235083341598,0.019114717468619348,0.030325640738010407,0.0691622994840145,0.0,0.07170659303665161,0.0,0.2818673253059387
7506,0.00638771578669548,0.02016373202204704,0.030389038473367692,0.06988058686256408,0.0,0.07170794904232025,0.0,0.28186890482902527
7507,0.006876396201550961,0.01855246499180794,0.03058817721903324,0.07176032662391663,0.0,0.0717105120420456,0.0,0.28187096118927
7508,0.006802532449364662,0.01960303746163845,0.029661781340837478,0.07061839997768402,0.0,0.0717148408293724,0.0,0.28187328577041626
7509,0.00659759696573019,0.020527705177664758,0.03146549500524998,0.07012123763561248,0.0,0.07171717286109924,0.0,0.28187647461891174
7510,0.006595142930746078,0.019168871641159057,0.028773481398820876,0.06604566201567649,0.0,0.07172055542469025,0.0,0.28187960386276245
7511,0.006840336415916681,0.019333509355783464,0.029533030465245247,0.06830314919352531,0.0,0.07172133773565292,0.0,0.28188303112983704
7512,0.006376401800662279,0.019648730382323266,0.029438496753573417,0.07235967963933945,0.0,0.07172020524740219,0.0,0.2818862795829773
7513,0.006309726741164923,0.019725575298070907,0.032058118283748625,0.07097921073436737,0.0,0.07172537595033646,0.0,0.2818908095359802
7514,0.006386766862124205,0.01989389508962631,0.030754964053630828,0.0687031626701355,0.0,0.07173123210668564,0.0,0.28189340233802795
7515,0.006650028005242348,0.018897688761353493,0.029322778433561326,0.07146713882684708,0.0,0.07174279540777206,0.0,0.2818967401981354
7516,0.006624889187514782,0.01946510449051857,0.030336735025048255,0.06669942066073417,0.0,0.07174842059612274,0.0,0.2818988561630249
7517,0.006902654003351927,0.02036123611032963,0.030328045785427093,0.06766479313373566,0.0,0.07175739854574203,0.0,0.2819017767906189
7518,0.006735312193632126,0.019611014798283578,0.03189483918249607,0.0674177274107933,0.0,0.0717732310295105,0.0,0.2819060683250427
7519,0.006272566504776478,0.019538427144289015,0.031269147992134094,0.0722002387046814,0.0,0.07178541272878647,0.0,0.2819116413593292
7520,0.006411241926252842,0.019911371171474457,0.02973468191921711,0.06834163814783097,0.0,0.0717964693903923,0.0,0.2819163203239441
7521,0.0065610621124505995,0.019364047795534134,0.02923976145684719,0.07020722329616547,0.0,0.07180555909872055,0.0,0.28191938996315
7522,0.006504986900836229,0.018752513080835344,0.028691910579800604,0.06922869831323623,0.0,0.0718122199177742,0.0,0.2819216251373291
7523,0.0064264521934092045,0.01926829442381859,0.02990807071328163,0.07002095282077789,0.0,0.07181690633296967,0.0,0.28192663192749023
7524,0.006186001934111118,0.018896690383553506,0.03189575523138046,0.06930582374334335,0.0,0.07181961834430695,0.0,0.2819324731826782
7525,0.006078010331839323,0.019055166095495225,0.03116859681904316,0.06681374609470367,0.0,0.07182653248310089,0.0,0.2819381356239319
7526,0.006700771301984787,0.01921786703169346,0.028905007988214493,0.06890043020248413,0.0,0.07183191180229187,0.0,0.2819422483444214
7527,0.006400709226727486,0.01934387572109699,0.03109513148665428,0.06879691481590271,0.0,0.0718381255865097,0.0,0.2819460332393646
7528,0.006588634382933378,0.020159707218408585,0.03084741085767746,0.06714074164628983,0.0,0.0718412697315216,0.0,0.2819485068321228
7529,0.006702581141144037,0.019401998445391654,0.031114396080374716,0.06951377093791962,0.0,0.07184286415576935,0.0,0.2819497287273407
7530,0.0063505502417683605,0.02045297808945179,0.02981407754123211,0.06697414964437484,0.0,0.0718412697315216,0.0,0.28194841742515564
7531,0.006372936442494393,0.019305219501256944,0.03184056431055069,0.07291868180036545,0.0,0.07184072583913803,0.0,0.2819439768791199
7532,0.006678489968180656,0.019367438554763795,0.029836563020944597,0.07178019434213638,0.0,0.07184074074029922,0.0,0.2819381356239319
7533,0.006610249541699887,0.01914631389081478,0.029306531697511674,0.06772549971938133,0.0,0.07183708250522614,0.0,0.28193244338035583
7534,0.006715873535722494,0.020310469344258307,0.03006439544260502,0.06943642050027847,0.0,0.07183366268873215,0.0,0.2819247245788574
7535,0.006552239786833525,0.019874148815870286,0.03146441206336022,0.06753682419657707,0.0,0.07182665169239044,0.0,0.2819167971611023
7536,0.006395241431891918,0.020088470354676247,0.03094589486718178,0.07350771725177765,0.0,0.07181332260370255,0.0,0.2819097638130188
7537,0.006258644629269838,0.01961655169725418,0.029148640856146813,0.07778000235557556,0.0,0.0717991441488266,0.0,0.2819034457206726
7538,0.006271770875900984,0.019758864119648934,0.030358784645795823,0.06812401413917542,0.0,0.07178273051977158,0.0,0.28189924359321594
7539,0.00654879417270422,0.02008410803973675,0.02965330593287945,0.06836658418178558,0.0,0.07176067680120468,0.0,0.2818938195705414
7540,0.0064800366759300235,0.01885165087878704,0.03254826962947845,0.0661588691174984,0.0,0.07174432277679443,0.0,0.28188759088516235
7541,0.006421097740530968,0.019695446267724036,0.029605522751808167,0.06998689621686935,0.0,0.0717325285077095,0.0,0.2818810045719147
7542,0.006793256103992462,0.020424074679613113,0.0283812802284956,0.0708832785487175,0.0,0.07171933352947235,0.0,0.2818760871887207
7543,0.006377461086958647,0.019931666553020477,0.03044685088098049,0.06977579742670059,0.0,0.07171107828617096,0.0,0.281871497631073
7544,0.006573736108839512,0.019665639847517014,0.02983846180140972,0.06970254331827164,0.0,0.07170340418815613,0.0,0.28186699748039246
7545,0.006668673641979694,0.019641996547579765,0.031818161532282827,0.07153602391481399,0.0,0.07169048488140106,0.0,0.28186339139938354
7546,0.0063579635694623,0.019060077145695686,0.029490918293595313,0.071834397315979,0.0,0.07167889922857285,0.0,0.2818601131439209
7547,0.0068650576286017895,0.018067171797156334,0.02982373386621475,0.06942005604505538,0.0,0.07166248559951782,0.0,0.2818577289581299
7548,0.0067129145376384255,0.01995527558028698,0.032012402266263965,0.06657811999320984,0.0,0.07163935154676437,0.0,0.28185614943504333
7549,0.006563586555421353,0.02125854305922985,0.030931900069117547,0.06486857458949088,0.0,0.07161708921194077,0.0,0.2818547189235687
7550,0.006603277288377285,0.01939667612314224,0.03105972968041897,0.07002499103546142,0.0,0.07159552723169327,0.0,0.28185147047042847
7551,0.006537242606282234,0.01930146962404251,0.029917943105101586,0.07219724953174592,0.0,0.07156990468502045,0.0,0.2818489968776703
7552,0.006373100541532039,0.019143207743763924,0.03252377733588219,0.06970223337411881,0.0,0.07154357433319092,0.0,0.2818465828895569
7553,0.006465853936970234,0.020136773213744165,0.03044479861855507,0.07025601416826248,0.0,0.07152315974235535,0.0,0.28184694051742554
7554,0.0066823435947299,0.020041853189468384,0.031633205339312555,0.06695863008499145,0.0,0.07150237262248993,0.0,0.281847208738327
7555,0.006339647900313139,0.018662936240434646,0.03179515451192856,0.06824458092451095,0.0,0.07148006558418274,0.0,0.28184786438941956
7556,0.006447592377662658,0.019301870465278627,0.028711336851119994,0.06914492249488831,0.0,0.07145525515079498,0.0,0.28184860944747925
7557,0.006588317826390267,0.018637730553746224,0.03024985231459141,0.07143476754426956,0.0,0.07143321633338928,0.0,0.2818489074707031
7558,0.006469224020838738,0.018778471648693083,0.029484272003173828,0.06856479868292809,0.0,0.07141624391078949,0.0,0.28184932470321655
7559,0.006385938916355372,0.019520942494273184,0.0299468781799078,0.06981357783079148,0.0,0.07140068709850311,0.0,0.28185054659843445
7560,0.006594733893871307,0.020090610906481742,0.030279049277305604,0.0708911433815956,0.0,0.07138649374246597,0.0,0.2818503975868225
7561,0.0068120468407869336,0.019320464879274368,0.029904204607009887,0.07268960624933243,0.0,0.07137138396501541,0.0,0.2818496823310852
7562,0.006740506738424301,0.01965087205171585,0.031439533829689024,0.06840715259313583,0.0,0.0713561475276947,0.0,0.2818472385406494
7563,0.006309396214783191,0.019730928540229797,0.030295613035559655,0.06894743293523789,0.0,0.07134126126766205,0.0,0.2818443775177002
7564,0.006724081467837095,0.01966080702841282,0.029696356877684592,0.0681188389658928,0.0,0.07132638245820999,0.0,0.28184008598327637
7565,0.006454245746135711,0.01884973905980587,0.030311791226267815,0.06981817781925201,0.0,0.07131074368953705,0.0,0.28183504939079285
7566,0.006840567477047444,0.019252488762140273,0.03064030669629574,0.07139414697885513,0.0,0.07129506021738052,0.0,0.28183192014694214
7567,0.0065000861883163456,0.018648016452789306,0.029921676591038705,0.06786108911037445,0.0,0.07128255069255829,0.0,0.2818305492401123
7568,0.0065870735794305805,0.0198236171156168,0.030693996325135232,0.07060857713222504,0.0,0.07127565145492554,0.0,0.2818293571472168
7569,0.006453462038189172,0.02032983601093292,0.02983984909951687,0.06953741163015366,0.0,0.07127177715301514,0.0,0.2818298041820526
7570,0.006663424801081419,0.019499566033482553,0.028657104447484018,0.07288168370723724,0.0,0.07127413898706436,0.0,0.28183162212371826
7571,0.006639120820909739,0.01978333108127117,0.031069738790392876,0.06830127537250519,0.0,0.07127197831869125,0.0,0.28183311223983765
7572,0.006215530540794134,0.019739570468664168,0.027552949264645576,0.0672240361571312,0.0,0.07126909494400024,0.0,0.2818357050418854
7573,0.0062086614780128,0.019749942049384118,0.029473920166492463,0.06899132132530213,0.0,0.07126574218273163,0.0,0.28183799982070923
7574,0.00660588052123785,0.020895681530237197,0.03076282888650894,0.07004654109477997,0.0,0.07126138359308243,0.0,0.2818414568901062
7575,0.006937442813068628,0.019955236464738846,0.028364718332886694,0.06960670724511146,0.0,0.07126133143901825,0.0,0.2818450331687927
7576,0.006395112909376621,0.01944183520972729,0.02922014780342579,0.06860007792711258,0.0,0.07125968486070633,0.0,0.2818479537963867
7577,0.006902151927351952,0.020160908997058868,0.028945234045386313,0.06881138309836388,0.0,0.07125260680913925,0.0,0.28185155987739563
7578,0.006559685338288546,0.020348157733678818,0.03090834803879261,0.06707495674490929,0.0,0.07124383747577667,0.0,0.28185367584228516
7579,0.006018722616136074,0.0195247583091259,0.031073548644781113,0.06913110017776489,0.0,0.0712365061044693,0.0,0.2818547189235687
7580,0.006352159194648266,0.019069096073508263,0.03164186365902424,0.06931318789720535,0.0,0.0712297186255455,0.0,0.28185391426086426
7581,0.006138866581022739,0.01956452801823616,0.030155740305781366,0.07303641736507416,0.0,0.07122401893138885,0.0,0.28185269236564636
7582,0.006907855439931154,0.019570440426468848,0.03077709414064884,0.06856231391429901,0.0,0.07121695578098297,0.0,0.28185316920280457
7583,0.006671875808387994,0.019413911923766135,0.02886502370238304,0.07120048701763153,0.0,0.07121340930461884,0.0,0.28185415267944336
7584,0.006500967033207417,0.020356838777661323,0.03003767728805542,0.07416116297245026,0.0,0.07121755927801132,0.0,0.2818545699119568
7585,0.006534966733306646,0.019355029612779618,0.03087737746536732,0.07244643867015839,0.0,0.07121682912111282,0.0,0.28185561299324036
7586,0.006521914340555668,0.02069137655198574,0.029704510048031808,0.07124175280332565,0.0,0.07121524214744568,0.0,0.28185606002807617
7587,0.006433542631566524,0.019677209854125976,0.031405951082706454,0.07058070152997971,0.0,0.07121383398771286,0.0,0.2818572521209717
7588,0.006698376871645451,0.019790490344166755,0.029802508652210236,0.06997555494308472,0.0,0.07121023535728455,0.0,0.28186023235321045
7589,0.006205257959663868,0.019941093772649764,0.031348667293787005,0.06784029603004456,0.0,0.07120518386363983,0.0,0.28186488151550293
7590,0.006919512711465359,0.019072789698839188,0.03170717880129814,0.06972981244325638,0.0,0.07120370864868164,0.0,0.2818678021430969
7591,0.00666172681376338,0.019210363551974297,0.030120493099093437,0.07194603383541107,0.0,0.07120267301797867,0.0,0.2818697988986969
7592,0.005972228012979031,0.019713831692934038,0.03057367280125618,0.06867659986019134,0.0,0.07120349258184433,0.0,0.28187280893325806
7593,0.006471934355795383,0.019236906617879867,0.031148742884397507,0.0730141818523407,0.0,0.07120349258184433,0.0,0.28187569975852966
7594,0.006343459710478783,0.01864435411989689,0.03050180971622467,0.07475997656583785,0.0,0.07121057063341141,0.0,0.2818785011768341
7595,0.006423813197761774,0.020662987232208253,0.027417084202170372,0.06419055312871932,0.0,0.07121913880109787,0.0,0.2818804383277893
7596,0.006723929475992918,0.02009343318641186,0.02989455983042717,0.06864268556237221,0.0,0.07122638076543808,0.0,0.28188323974609375
7597,0.00648359814658761,0.019564153999090193,0.029737863317131998,0.07035123705863952,0.0,0.07123111188411713,0.0,0.2818881869316101
7598,0.0065690910443663595,0.019806435331702232,0.030139588937163352,0.06745543777942657,0.0,0.07123683393001556,0.0,0.2818944454193115
7599,0.006576349027454853,0.01913057640194893,0.02989371158182621,0.07013287842273712,0.0,0.07123935967683792,0.0,0.2818998694419861
7600,0.006457329541444778,0.020230718702077866,0.028918304294347764,0.06656725704669952,0.0,0.07124409824609756,0.0,0.2819027304649353
7601,0.006657157279551029,0.01854560077190399,0.029946446791291235,0.07236107885837555,0.0,0.07124745845794678,0.0,0.28190308809280396
7602,0.006149154156446457,0.019297850131988526,0.0294743824750185,0.06659088432788848,0.0,0.07125002145767212,0.0,0.28190380334854126
7603,0.006985852774232626,0.01975620575249195,0.031075569987297057,0.06856735795736313,0.0,0.07125399261713028,0.0,0.281904935836792
7604,0.006537163350731135,0.019597910717129706,0.029766147956252098,0.06950132995843887,0.0,0.07125397026538849,0.0,0.2819015383720398
7605,0.006437881570309401,0.01970083564519882,0.02895040065050125,0.07182862907648087,0.0,0.07125090062618256,0.0,0.2818968892097473
7606,0.0066037108190357685,0.02000948488712311,0.028979621455073358,0.06868411451578141,0.0,0.07124821841716766,0.0,0.28189319372177124
7607,0.006350515503436327,0.019910760596394537,0.0311292327940464,0.06713346391916275,0.0,0.07124702632427216,0.0,0.2818891108036041
7608,0.006273734383285046,0.01957729160785675,0.027906869351863862,0.0693102315068245,0.0,0.07124810665845871,0.0,0.2818853557109833
7609,0.006265645008534193,0.01988303251564503,0.029408278316259383,0.07094217240810394,0.0,0.07124558091163635,0.0,0.28188228607177734
7610,0.006505217496305704,0.01991721838712692,0.03328559063374996,0.06758273094892502,0.0,0.07124725729227066,0.0,0.2818796634674072
7611,0.006630753260105848,0.020184049755334853,0.029654112458229066,0.0717328056693077,0.0,0.07125141471624374,0.0,0.28187596797943115
7612,0.006412634626030922,0.019508249685168268,0.031161627918481826,0.0672115296125412,0.0,0.07125594466924667,0.0,0.281873881816864
7613,0.006554687395691872,0.020025696232914926,0.029351162165403365,0.06707220375537873,0.0,0.07126093655824661,0.0,0.2818702459335327
7614,0.006461572460830211,0.019342375546693803,0.02979493960738182,0.07072900980710983,0.0,0.07126489281654358,0.0,0.2818661034107208
7615,0.006513391062617302,0.01994497701525688,0.029196112602949142,0.06922066807746888,0.0,0.07126937061548233,0.0,0.28186529874801636
7616,0.006721770111471415,0.02046222984790802,0.028665760159492494,0.07014301270246506,0.0,0.07127682864665985,0.0,0.2818642854690552
7617,0.006490390002727509,0.018518703803420068,0.030464665964245796,0.0717281773686409,0.0,0.07128788530826569,0.0,0.2818664014339447
7618,0.0069072767160832885,0.02043495699763298,0.03206896185874939,0.06718313321471214,0.0,0.07130246609449387,0.0,0.2818702459335327
7619,0.006338529288768768,0.019273634999990463,0.029017382487654685,0.0692313402891159,0.0,0.0713139995932579,0.0,0.281875342130661
7620,0.0066121011972427365,0.018456173688173295,0.029801395162940024,0.07138271927833557,0.0,0.07133077085018158,0.0,0.28188076615333557
7621,0.006915823835879564,0.01959903910756111,0.030503158643841743,0.06728721112012863,0.0,0.07134877145290375,0.0,0.28188556432724
7622,0.00660085529088974,0.02110655717551708,0.029790966585278512,0.06805005669593811,0.0,0.0713639035820961,0.0,0.28188759088516235
7623,0.006480143684893846,0.018358616530895232,0.030137789994478227,0.06978876441717148,0.0,0.07137846946716309,0.0,0.28188803791999817
7624,0.00668474268168211,0.018357742950320242,0.029957210645079613,0.0727908343076706,0.0,0.07139270007610321,0.0,0.2818886339664459
7625,0.006253967341035604,0.01957833431661129,0.030659905821084976,0.06900856196880341,0.0,0.07140662521123886,0.0,0.28188782930374146
7626,0.006408955249935388,0.01948479562997818,0.02868790477514267,0.07084909677505494,0.0,0.07142093777656555,0.0,0.281886488199234
7627,0.006450577080249787,0.01908009760081768,0.031001712754368783,0.0674036331474781,0.0,0.07143252342939377,0.0,0.2818871736526489
7628,0.00654849261045456,0.01916140951216221,0.02892662174999714,0.06843816936016082,0.0,0.07144187390804291,0.0,0.28188836574554443
7629,0.00661456286907196,0.01991593576967716,0.027728702500462533,0.06888736337423325,0.0,0.07145663350820541,0.0,0.28188884258270264
7630,0.006473301723599434,0.019808350130915642,0.03186993338167667,0.067121921479702,0.0,0.0714668333530426,0.0,0.2818912863731384
7631,0.006567586027085781,0.020668918266892433,0.030487215891480447,0.065483970195055,0.0,0.0714816302061081,0.0,0.28189557790756226
7632,0.006522549502551556,0.018544867634773254,0.02851077914237976,0.07106763571500778,0.0,0.07149465382099152,0.0,0.28189975023269653
7633,0.006621016096323729,0.018966231495141983,0.029052262008190156,0.06849083751440048,0.0,0.07150980085134506,0.0,0.28190332651138306
7634,0.006402136292308569,0.020047177746891975,0.029883085191249846,0.06753111034631729,0.0,0.07152622938156128,0.0,0.2819064259529114
7635,0.0064718005247414116,0.01917964667081833,0.028487212583422662,0.0668228305876255,0.0,0.07154469937086105,0.0,0.28190943598747253
7636,0.0069593763910233974,0.019703318923711778,0.02885805405676365,0.07191056162118911,0.0,0.07155896723270416,0.0,0.28191179037094116
7637,0.006660867109894752,0.019335775077342986,0.03125892654061317,0.07174945771694183,0.0,0.0715709701180458,0.0,0.2819140553474426
7638,0.006906072981655598,0.019991932436823845,0.02864435948431492,0.07273506671190262,0.0,0.07158186286687851,0.0,0.28191518783569336
7639,0.006523413676768541,0.01954631954431534,0.030246338993310928,0.06512730345129966,0.0,0.07158727943897247,0.0,0.281917542219162
7640,0.006055286899209022,0.019702983275055885,0.028223136067390443,0.06991010159254074,0.0,0.07159103453159332,0.0,0.28191807866096497
7641,0.006895251013338566,0.019727087765932082,0.031228368729352952,0.07186326831579208,0.0,0.07159756124019623,0.0,0.28191661834716797
7642,0.006340329814702272,0.019957074895501137,0.029524262249469756,0.07059686183929444,0.0,0.07160204648971558,0.0,0.2819138765335083
7643,0.006763709057122469,0.02031315676867962,0.03108733631670475,0.06966836154460906,0.0,0.07160717993974686,0.0,0.2819109261035919
7644,0.006440297979861498,0.018832692876458168,0.030599601939320563,0.06870478019118309,0.0,0.07161161303520203,0.0,0.2819097638130188
7645,0.006544423568993807,0.02006716839969158,0.030919848009943962,0.07166172713041305,0.0,0.07161571830511093,0.0,0.2819086015224457
7646,0.006804921757429838,0.01934675984084606,0.02892577014863491,0.07238590568304062,0.0,0.07162444293498993,0.0,0.28191038966178894
7647,0.0065057134255766865,0.020095035061240198,0.02767726294696331,0.07223163992166519,0.0,0.07163003832101822,0.0,0.2819126844406128
7648,0.006890193559229374,0.019433367624878885,0.02823506258428097,0.0714785099029541,0.0,0.07163393497467041,0.0,0.281916081905365
7649,0.006811793521046638,0.01968029923737049,0.03022926039993763,0.06852567046880723,0.0,0.07164354622364044,0.0,0.2819221317768097
7650,0.006561427935957908,0.019391196221113204,0.02859768010675907,0.07029648125171661,0.0,0.07165079563856125,0.0,0.2819287180900574
7651,0.006553921289741993,0.019711633026599885,0.030332540348172187,0.0703033149242401,0.0,0.07166142761707306,0.0,0.28193432092666626
7652,0.006698927283287049,0.02053847387433052,0.029360221698880196,0.06892143487930298,0.0,0.07167152315378189,0.0,0.28193920850753784
7653,0.006408440321683884,0.019701515138149262,0.029841528087854386,0.06920457184314728,0.0,0.07168140262365341,0.0,0.2819434106349945
7654,0.006443239562213421,0.019581108167767525,0.02899928204715252,0.07048222869634628,0.0,0.07168565690517426,0.0,0.2819456160068512
7655,0.006403316743671894,0.0190418791025877,0.029291122034192086,0.06836363822221755,0.0,0.07169128954410553,0.0,0.28194594383239746
7656,0.0064391053281724455,0.020038269087672235,0.029646538197994232,0.06548074558377266,0.0,0.0716925710439682,0.0,0.28194108605384827
7657,0.00622869972139597,0.01963612362742424,0.030219593644142152,0.06810873448848724,0.0,0.07169250398874283,0.0,0.28193530440330505
7658,0.006392951123416424,0.019697577506303788,0.02964271642267704,0.06825305297970771,0.0,0.07169308513402939,0.0,0.28192856907844543
7659,0.0065121444873511795,0.01914568729698658,0.02861560769379139,0.06729980930685997,0.0,0.07169234752655029,0.0,0.2819232940673828
7660,0.006368076521903276,0.019554351270198823,0.0310258898884058,0.06516558527946473,0.0,0.07169675827026367,0.0,0.2819180190563202
7661,0.006521028652787209,0.019472311064600945,0.028618497028946876,0.06857958883047104,0.0,0.071697898209095,0.0,0.2819131016731262
7662,0.006711650267243385,0.01917247585952282,0.029987336322665214,0.0673719048500061,0.0,0.07170113176107407,0.0,0.28190869092941284
7663,0.006456908863037824,0.01861790828406811,0.03204105235636234,0.06534699127078056,0.0,0.07170005142688751,0.0,0.28190484642982483
7664,0.006007170677185059,0.01893617697060108,0.030092550814151763,0.07056835517287255,0.0,0.07169461250305176,0.0,0.28189998865127563
7665,0.006362063158303499,0.01933531425893307,0.030152924731373786,0.06973892003297806,0.0,0.07169067859649658,0.0,0.2818957269191742
7666,0.00666006924584508,0.020654243230819703,0.03132128641009331,0.0719960130751133,0.0,0.07168564945459366,0.0,0.28189197182655334
7667,0.0068439852446317674,0.01848462037742138,0.029946758598089217,0.06924927532672882,0.0,0.0716828852891922,0.0,0.2818880081176758
7668,0.0067340112291276455,0.0203854501247406,0.02890811562538147,0.06758448630571365,0.0,0.07167960703372955,0.0,0.281884104013443
7669,0.0066086679697036745,0.01905415877699852,0.030015015602111818,0.06912635564804077,0.0,0.07167677581310272,0.0,0.2818801999092102
7670,0.00662807272747159,0.01930871531367302,0.030079644173383713,0.07085137516260147,0.0,0.07167313247919083,0.0,0.2818771004676819
7671,0.0064351786859333515,0.019407689571380615,0.031123364344239235,0.07094403803348541,0.0,0.07167010754346848,0.0,0.2818717956542969
7672,0.0062635689042508606,0.019408627599477767,0.02923755645751953,0.07041536718606949,0.0,0.07166522741317749,0.0,0.2818668484687805
7673,0.006337553169578314,0.019210226833820343,0.03191508874297142,0.0673721820116043,0.0,0.07165654748678207,0.0,0.2818613648414612
7674,0.00646479818969965,0.02071574218571186,0.03132452480494976,0.07084841579198838,0.0,0.07164599001407623,0.0,0.2818557024002075
7675,0.006446302216500044,0.019355349242687225,0.029011549055576326,0.06777252554893494,0.0,0.07163920998573303,0.0,0.2818514406681061
7676,0.006495493836700917,0.02062286585569382,0.03070990405976772,0.06919045746326447,0.0,0.07163049280643463,0.0,0.28184568881988525
7677,0.006211452931165695,0.018815499544143677,0.02989756762981415,0.06779533326625824,0.0,0.0716305822134018,0.0,0.2818416953086853
7678,0.006536150723695755,0.019598820805549623,0.031094753369688987,0.06682994067668915,0.0,0.07162851840257645,0.0,0.2818380892276764
7679,0.006838294956833124,0.019425462931394577,0.03010590486228466,0.06850712150335311,0.0,0.07162941992282867,0.0,0.2818371653556824
7680,0.006524648703634739,0.019743142277002336,0.029571826756000518,0.07126087099313735,0.0,0.0716315507888794,0.0,0.28183603286743164
7681,0.006292727682739497,0.02029857337474823,0.030085179954767227,0.06746758371591569,0.0,0.07163634151220322,0.0,0.28183507919311523
7682,0.006394708063453436,0.018990635126829147,0.028562838211655617,0.06780455112457276,0.0,0.07163943350315094,0.0,0.2818352282047272
7683,0.006575939338654279,0.019178158417344094,0.029364432394504546,0.06916542202234269,0.0,0.07164955884218216,0.0,0.2818353474140167
7684,0.006340356916189194,0.0206706915050745,0.028342320770025253,0.07021605968475342,0.0,0.07165518403053284,0.0,0.28183427453041077
7685,0.006406568922102451,0.020353134348988534,0.029752569645643233,0.07023205384612083,0.0,0.0716610997915268,0.0,0.2818315625190735
7686,0.006560142058879137,0.02111446112394333,0.031372162699699405,0.06733737736940384,0.0,0.07167444378137589,0.0,0.28182876110076904
7687,0.006180001795291901,0.019009357318282127,0.03051113486289978,0.06607605218887329,0.0,0.07169308513402939,0.0,0.28182530403137207
7688,0.00630821343511343,0.020018472522497176,0.030760285258293153,0.06843125075101852,0.0,0.0717054009437561,0.0,0.2818216383457184
7689,0.006502991542220116,0.019676077365875243,0.0291564479470253,0.069679157435894,0.0,0.07172001898288727,0.0,0.2818165719509125
7690,0.006369863916188478,0.019282215833663942,0.030878765881061553,0.0715029701590538,0.0,0.071739561855793,0.0,0.28181225061416626
7691,0.006727709341794253,0.01873634345829487,0.030666105076670648,0.06897562146186828,0.0,0.07175775617361069,0.0,0.2818099856376648
7692,0.0066110329702496525,0.019171303138136864,0.031311828270554544,0.06721228361129761,0.0,0.07177825272083282,0.0,0.2818075120449066
7693,0.006265536323189736,0.01941133551299572,0.030247585847973824,0.06774523556232452,0.0,0.0717962309718132,0.0,0.2818037271499634
7694,0.006574589479714632,0.01975543163716793,0.02961878776550293,0.07349966615438461,0.0,0.07181255519390106,0.0,0.2818009853363037
7695,0.00643001077696681,0.019653142988681795,0.028962138667702676,0.06564257889986039,0.0,0.07182726263999939,0.0,0.2817983627319336
7696,0.006639073882251978,0.01991950124502182,0.027844148874282836,0.07221653163433076,0.0,0.07183690369129181,0.0,0.28179505467414856
7697,0.006488651223480702,0.019644559174776078,0.031114520877599715,0.07212231159210206,0.0,0.07184796780347824,0.0,0.2817910611629486
7698,0.006498531624674797,0.01913805864751339,0.029126951843500136,0.07317219525575638,0.0,0.07185359299182892,0.0,0.28178876638412476
7699,0.006660293973982334,0.018980635330080986,0.029713622853159906,0.07079588621854782,0.0,0.0718594640493393,0.0,0.2817862629890442
7700,0.007189407758414745,0.019315484911203384,0.03004014417529106,0.06762787997722626,0.0,0.07186619937419891,0.0,0.2817830443382263
7701,0.006319553684443235,0.019127564132213594,0.03222910910844803,0.06928658187389374,0.0,0.07186949253082275,0.0,0.2817782163619995
7702,0.006416294351220131,0.019381396099925043,0.03129114732146263,0.0673962652683258,0.0,0.07186929881572723,0.0,0.28177475929260254
7703,0.0064567459747195246,0.019745076820254327,0.030667060613632204,0.06700531393289566,0.0,0.07186929881572723,0.0,0.2817736566066742
7704,0.006823615729808807,0.019616508111357688,0.031262466311454774,0.06724337935447693,0.0,0.07186804711818695,0.0,0.28177446126937866
7705,0.006470935791730881,0.018947326019406317,0.029742524027824402,0.0669234722852707,0.0,0.07186944782733917,0.0,0.2817755341529846
7706,0.006269086617976427,0.020343662053346635,0.029211411997675896,0.06703012436628342,0.0,0.07186680287122726,0.0,0.2817770838737488
7707,0.00701786270365119,0.019172634556889535,0.030713973194360734,0.06771482676267623,0.0,0.07186142355203629,0.0,0.2817806303501129
7708,0.006513850949704647,0.018010003492236137,0.03104952648282051,0.06709187626838684,0.0,0.07185414433479309,0.0,0.28178277611732483
7709,0.006810968928039074,0.018966105580329896,0.028846770524978638,0.06925086379051208,0.0,0.07184871286153793,0.0,0.28178316354751587
7710,0.006545829586684704,0.01928791366517544,0.02843867652118206,0.06844514310359955,0.0,0.07184191793203354,0.0,0.28178471326828003
7711,0.0066277232021093365,0.020372699573636056,0.030072278156876565,0.07058689445257187,0.0,0.07183407247066498,0.0,0.28178614377975464
7712,0.006456766370683908,0.0198192834854126,0.029747696220874788,0.06822043210268021,0.0,0.07182809710502625,0.0,0.28178662061691284
7713,0.00651296591386199,0.019443171471357344,0.030520636960864066,0.06850331127643586,0.0,0.07181830704212189,0.0,0.2817860543727875
7714,0.006382506713271141,0.018601320311427118,0.02931348532438278,0.07059830874204635,0.0,0.07180820405483246,0.0,0.28178757429122925
7715,0.0066629271022975445,0.01969643644988537,0.02971564047038555,0.06661670804023742,0.0,0.07180463522672653,0.0,0.2817896604537964
7716,0.006235496886074543,0.019538896158337593,0.032725158333778384,0.07031751722097397,0.0,0.07180313766002655,0.0,0.28179067373275757
7717,0.006389909982681274,0.020170042291283607,0.03027379959821701,0.06653622463345528,0.0,0.07180225849151611,0.0,0.2817912697792053
7718,0.006645955145359039,0.018882085755467414,0.03008023202419281,0.07028867453336715,0.0,0.07180165499448776,0.0,0.281790554523468
7719,0.006460416037589312,0.019327948987483978,0.030280096083879472,0.07234125137329102,0.0,0.07180063426494598,0.0,0.28178825974464417
7720,0.0062801334075629715,0.019794531166553497,0.029134795442223548,0.06920802295207977,0.0,0.07179631292819977,0.0,0.28178876638412476
7721,0.0063378380611538885,0.019753410667181014,0.02945377416908741,0.06554471850395202,0.0,0.07179070264101028,0.0,0.28178825974464417
7722,0.0064091881737113,0.01948526091873646,0.028876848891377448,0.06772540211677551,0.0,0.07179154455661774,0.0,0.2817871570587158
7723,0.00645633265376091,0.01962946504354477,0.03054867573082447,0.0684524193406105,0.0,0.07178923487663269,0.0,0.281785786151886
7724,0.006465612258762121,0.020011813566088676,0.029740240797400473,0.06768457591533661,0.0,0.07178618013858795,0.0,0.2817835211753845
7725,0.006420716270804405,0.019902347400784493,0.029170599579811097,0.06689678505063057,0.0,0.07178353518247604,0.0,0.2817816138267517
7726,0.006543057505041361,0.019840875267982484,0.029094762355089187,0.07270811647176742,0.0,0.07177738845348358,0.0,0.2817782759666443
7727,0.006424284540116787,0.019904878735542298,0.030039464682340623,0.06744068562984466,0.0,0.07176746428012848,0.0,0.2817745804786682
7728,0.006298631243407726,0.019686106592416763,0.031646184250712396,0.06939350664615632,0.0,0.07176407426595688,0.0,0.2817710041999817
7729,0.006229326408356428,0.019430258125066758,0.031449833139777186,0.06816389113664627,0.0,0.07175789773464203,0.0,0.28176575899124146
7730,0.00645217290148139,0.018679055944085123,0.03069668971002102,0.06663140952587128,0.0,0.07175271213054657,0.0,0.281761109828949
7731,0.006700172089040279,0.020041093230247498,0.028990122303366662,0.06953001767396927,0.0,0.07174467295408249,0.0,0.2817569673061371
7732,0.006524938624352217,0.019936266541481017,0.029298709705471992,0.06981112062931061,0.0,0.07174095511436462,0.0,0.2817550599575043
7733,0.006552929617464542,0.019620124623179434,0.029092564433813094,0.06695577651262283,0.0,0.07173807919025421,0.0,0.2817538380622864
7734,0.006506889499723912,0.019454021006822586,0.028785714879631996,0.0718471497297287,0.0,0.07173887640237808,0.0,0.28175491094589233
7735,0.006634246278554201,0.020429426804184914,0.03140690103173256,0.06809359788894653,0.0,0.0717390775680542,0.0,0.28175511956214905
7736,0.0064243566244840625,0.020043812692165375,0.030051731318235398,0.07013339698314666,0.0,0.07174303382635117,0.0,0.2817564010620117
7737,0.006485703308135271,0.018883215636014937,0.029398258402943613,0.0683369517326355,0.0,0.07174549251794815,0.0,0.2817569971084595
7738,0.007105299085378647,0.02093563824892044,0.030149516835808753,0.07058876678347588,0.0,0.07174740731716156,0.0,0.2817574143409729
7739,0.006640955526381731,0.019366287067532538,0.029100100696086883,0.06854158565402031,0.0,0.0717519223690033,0.0,0.2817602753639221
7740,0.00662465849891305,0.01929904744029045,0.030779933929443358,0.0690625324845314,0.0,0.07175382971763611,0.0,0.2817625403404236
7741,0.005847675073891878,0.019621735066175462,0.02980281226336956,0.06589482724666595,0.0,0.07175971567630768,0.0,0.2817654609680176
7742,0.006678549200296402,0.019124994054436684,0.028864166885614394,0.06927420049905778,0.0,0.07175816595554352,0.0,0.2817666232585907
7743,0.006686785817146301,0.01970902644097805,0.02940116822719574,0.0713242158293724,0.0,0.07175183296203613,0.0,0.2817668318748474
7744,0.006313512846827507,0.019441643729805946,0.02924196720123291,0.06987463533878327,0.0,0.07174250483512878,0.0,0.2817656397819519
7745,0.006586335320025683,0.019189435243606567,0.027193456143140792,0.06619751155376434,0.0,0.07173030823469162,0.0,0.2817642092704773
7746,0.006294484995305538,0.019021161645650864,0.02755623869597912,0.0652670405805111,0.0,0.07171764224767685,0.0,0.28176242113113403
7747,0.006915411818772555,0.019794047623872758,0.031379036232829095,0.07162596434354782,0.0,0.07170277833938599,0.0,0.28175950050354004
7748,0.0064482826739549635,0.019796305522322654,0.031194353103637697,0.06726899072527885,0.0,0.07169284671545029,0.0,0.28175511956214905
7749,0.006207568664103746,0.0200244415551424,0.02965197488665581,0.06825782805681228,0.0,0.07168356329202652,0.0,0.28174957633018494
7750,0.006095041148364544,0.019428084790706634,0.029343175888061523,0.06734975278377534,0.0,0.0716734454035759,0.0,0.28174689412117004
7751,0.006304407864809037,0.020143415406346322,0.03036409504711628,0.07043182849884033,0.0,0.07166965305805206,0.0,0.281745582818985
7752,0.005856635700911284,0.019122517853975295,0.02911016307771206,0.06670266687870026,0.0,0.07166561484336853,0.0,0.28174424171447754
7753,0.006268246937543154,0.019340167939662933,0.028734785690903663,0.06537807285785675,0.0,0.07165448367595673,0.0,0.28174522519111633
7754,0.006435072049498558,0.02026485912501812,0.031007054075598717,0.07405517399311065,0.0,0.07164493948221207,0.0,0.28174740076065063
7755,0.006286751199513674,0.01915290132164955,0.02840050049126148,0.07122619152069092,0.0,0.07163656502962112,0.0,0.28175029158592224
7756,0.0064900340512394905,0.019238490983843802,0.02999206967651844,0.07115924879908561,0.0,0.07163286954164505,0.0,0.28175583481788635
7757,0.006428718660026788,0.019239911064505576,0.029383888095617296,0.06587511599063874,0.0,0.07162700593471527,0.0,0.2817595601081848
7758,0.006168371345847845,0.019682998210191725,0.0301447756588459,0.0691284790635109,0.0,0.0716235563158989,0.0,0.2817602753639221
7759,0.006450314447283745,0.019591903686523436,0.03006599806249142,0.06912377625703811,0.0,0.0716191977262497,0.0,0.2817595899105072
7760,0.006455918867141008,0.020025566592812537,0.02912258505821228,0.06934708803892135,0.0,0.0716114267706871,0.0,0.28175681829452515
7761,0.0064780592918396,0.018780655041337014,0.02832908369600773,0.06922000646591187,0.0,0.07160390168428421,0.0,0.28175345063209534
7762,0.0067679562605917456,0.019225384667515756,0.03070995956659317,0.067632557451725,0.0,0.07159294188022614,0.0,0.2817499041557312
7763,0.006942212209105491,0.01937505528330803,0.02826876416802406,0.07109815925359726,0.0,0.07158034294843674,0.0,0.28174513578414917
7764,0.006632115039974451,0.019541260972619056,0.028050219267606737,0.06699601858854294,0.0,0.07157077640295029,0.0,0.28173938393592834
7765,0.00641559911891818,0.020161835849285124,0.029117971286177637,0.07023629248142242,0.0,0.07156312465667725,0.0,0.2817332446575165
7766,0.006564488355070353,0.02011365331709385,0.0313891913741827,0.0711017519235611,0.0,0.07155419141054153,0.0,0.28172990679740906
7767,0.006778427027165889,0.01940558888018131,0.029282234236598016,0.06806549727916718,0.0,0.07154953479766846,0.0,0.2817268967628479
7768,0.006384284421801567,0.019698505103588105,0.030261365324258806,0.0663760170340538,0.0,0.07154978811740875,0.0,0.2817257344722748
7769,0.006445365026593208,0.019761814922094344,0.03033194914460182,0.06519772410392762,0.0,0.07154947519302368,0.0,0.2817259430885315
7770,0.00655537536367774,0.019532772526144982,0.031308643892407416,0.06718283295631408,0.0,0.07155503332614899,0.0,0.2817246913909912
7771,0.00648355558514595,0.01983282119035721,0.031376660242676734,0.06921017169952393,0.0,0.07155339419841766,0.0,0.2817224860191345
7772,0.006422613095492124,0.0198099534958601,0.02960430309176445,0.06814133822917938,0.0,0.07154969125986099,0.0,0.2817191481590271
7773,0.006521699763834476,0.019651132076978682,0.031070607155561446,0.06586561128497123,0.0,0.07154456526041031,0.0,0.28171464800834656
7774,0.0061636376194655895,0.01954650543630123,0.028822789341211318,0.0728360116481781,0.0,0.07153864204883575,0.0,0.2817126512527466
7775,0.006330737750977278,0.019722146540880205,0.029668408259749413,0.06746717467904091,0.0,0.07153131067752838,0.0,0.2817104458808899
7776,0.0065214565023779866,0.019083577394485473,0.030713327601552008,0.0679612934589386,0.0,0.0715264156460762,0.0,0.28170791268348694
7777,0.006168894842267037,0.019360794126987456,0.03071710355579853,0.06593420952558518,0.0,0.07152045518159866,0.0,0.2817057967185974
7778,0.006954912655055523,0.018929089605808257,0.02862941436469555,0.07162299603223801,0.0,0.07151005417108536,0.0,0.28170347213745117
7779,0.006582146883010865,0.019207306578755377,0.028884035348892213,0.07308438122272491,0.0,0.07149755954742432,0.0,0.28170159459114075
7780,0.0069277829490602015,0.018579990789294242,0.02788518778979778,0.06851167678833008,0.0,0.07148701697587967,0.0,0.28169846534729004
7781,0.0063351597636938095,0.019459372758865355,0.029468056932091712,0.06546548008918762,0.0,0.0714794173836708,0.0,0.2816963195800781
7782,0.006365031283348799,0.01945016495883465,0.02988854646682739,0.06685281693935394,0.0,0.07147563993930817,0.0,0.28169652819633484
7783,0.006435910053551197,0.018976982682943344,0.028252530843019485,0.07235271632671356,0.0,0.07147231698036194,0.0,0.28169822692871094
7784,0.006663217954337597,0.018995800986886024,0.030491958558559417,0.06711210608482361,0.0,0.07147127389907837,0.0,0.28169912099838257
7785,0.006569750513881445,0.02000203840434551,0.031216437369585036,0.06714018508791923,0.0,0.0714729055762291,0.0,0.2816994786262512
7786,0.006450484227389097,0.01946616470813751,0.02967977151274681,0.07195711135864258,0.0,0.0714692771434784,0.0,0.28170186281204224
7787,0.006862916983664036,0.01953066922724247,0.03134598359465599,0.0676641084253788,0.0,0.07146929204463959,0.0,0.2817038893699646
7788,0.006597439665347338,0.018997016176581383,0.030802838131785394,0.06593012362718582,0.0,0.07147093117237091,0.0,0.281705766916275
7789,0.007123933080583811,0.019462227076292037,0.030673263221979143,0.06864886581897736,0.0,0.07147650420665741,0.0,0.2817102074623108
7790,0.006664327159523964,0.01968107931315899,0.028929566591978075,0.07053870111703872,0.0,0.0714833065867424,0.0,0.28171294927597046
7791,0.006874182634055615,0.019242626428604127,0.03059190437197685,0.07102058231830596,0.0,0.07149506360292435,0.0,0.2817167341709137
7792,0.006538757681846618,0.019581104442477227,0.031149095669388772,0.06661614179611205,0.0,0.0715053379535675,0.0,0.281718373298645
7793,0.006506463326513767,0.01908391937613487,0.031067272275686265,0.07333233952522278,0.0,0.07151226699352264,0.0,0.2817193865776062
7794,0.00649960171431303,0.019345729053020476,0.02883809581398964,0.068604476749897,0.0,0.07151594012975693,0.0,0.2817199230194092
7795,0.0066867398098111154,0.019397121295332907,0.030974143743515016,0.06732264161109924,0.0,0.0715276226401329,0.0,0.281720906496048
7796,0.006373689882457257,0.01864394135773182,0.030240525677800178,0.07006600871682167,0.0,0.07153575122356415,0.0,0.2817203104496002
7797,0.006408575270324945,0.020009590685367583,0.03033709228038788,0.06514806374907493,0.0,0.07154178619384766,0.0,0.28171929717063904
7798,0.006674857158213854,0.019087910279631616,0.028587218001484872,0.06694329530000687,0.0,0.0715504139661789,0.0,0.28171664476394653
7799,0.00653148777782917,0.02030153013765812,0.030610376223921775,0.07113612741231919,0.0,0.07155963033437729,0.0,0.2817160189151764
7800,0.006239942368119955,0.01954931691288948,0.030510981380939484,0.06935373097658157,0.0,0.07156830281019211,0.0,0.28171560168266296
7801,0.0063784090802073475,0.01889324262738228,0.030018575116991998,0.06737078875303268,0.0,0.07158054411411285,0.0,0.28171318769454956
7802,0.006225660536438226,0.019724242761731146,0.02937134951353073,0.0691369779407978,0.0,0.07158759981393814,0.0,0.2817123234272003
7803,0.006594182085245847,0.01935674287378788,0.029503161460161208,0.06892608851194382,0.0,0.07159055769443512,0.0,0.28171196579933167
7804,0.006533027533441782,0.01924869678914547,0.027257059514522553,0.07065443098545074,0.0,0.07159881293773651,0.0,0.28171294927597046
7805,0.006773995701223612,0.01843775175511837,0.02849368304014206,0.06673673391342164,0.0,0.0716070607304573,0.0,0.2817140221595764
7806,0.006289729755371809,0.019627290964126586,0.02977732792496681,0.06940063387155533,0.0,0.07161430269479752,0.0,0.28171688318252563
7807,0.006645138934254646,0.019773992151021956,0.029668141901493073,0.06824898868799209,0.0,0.07162036746740341,0.0,0.2817174196243286
7808,0.006303488276898861,0.020197349414229394,0.030015351995825768,0.06671531200408935,0.0,0.07162614166736603,0.0,0.2817167043685913
7809,0.006167639605700969,0.019674019142985343,0.029711176455020905,0.06650518476963044,0.0,0.07163672149181366,0.0,0.28171610832214355
7810,0.0064282725565135476,0.0198127418756485,0.03044552803039551,0.06897139698266982,0.0,0.07164590060710907,0.0,0.2817181646823883
7811,0.006599641405045986,0.019602900743484496,0.03161051645874977,0.07232625633478165,0.0,0.07165418565273285,0.0,0.28171736001968384
7812,0.006541801150888205,0.01975622996687889,0.02821991890668869,0.06765182614326477,0.0,0.07165820896625519,0.0,0.2817140221595764
7813,0.006568495742976665,0.01883946470916271,0.03025216720998287,0.06912391036748886,0.0,0.07166149467229843,0.0,0.2817095220088959
7814,0.006449935492128134,0.01920759938657284,0.030238084495067596,0.06849981993436813,0.0,0.0716591328382492,0.0,0.2817038595676422
7815,0.005959612131118774,0.018257107958197592,0.03275372236967087,0.07034685760736466,0.0,0.07165129482746124,0.0,0.2816973626613617
7816,0.006287389993667602,0.01917705200612545,0.03167307637631893,0.06242196932435036,0.0,0.07164178043603897,0.0,0.2816900312900543
7817,0.0061250518076121805,0.019917350634932517,0.030631179362535475,0.07008496820926666,0.0,0.07162599265575409,0.0,0.2816835343837738
7818,0.006582164298743009,0.019429625198245048,0.03104560188949108,0.06614863723516465,0.0,0.07160812616348267,0.0,0.28167909383773804
7819,0.006302644498646259,0.019580999761819838,0.030466241389513017,0.07265240401029587,0.0,0.07159213721752167,0.0,0.2816740870475769
7820,0.006599167827516794,0.0198597002774477,0.02801128327846527,0.06692923754453659,0.0,0.07158125191926956,0.0,0.281671941280365
7821,0.006651471834629774,0.01937829181551933,0.029857412725687028,0.06852166056632995,0.0,0.07157411426305771,0.0,0.281671941280365
7822,0.0065506485290825365,0.019498397409915925,0.030448251590132713,0.06933982819318771,0.0,0.07157086580991745,0.0,0.2816712260246277
7823,0.00630737217143178,0.020250160619616507,0.02950527109205723,0.0724974125623703,0.0,0.0715683251619339,0.0,0.28167271614074707
7824,0.006425714772194624,0.019475797563791274,0.030143745616078375,0.06964204162359237,0.0,0.07156552374362946,0.0,0.28167468309402466
7825,0.006687321793287992,0.019711439311504365,0.031626413017511366,0.0686745174229145,0.0,0.07156335562467575,0.0,0.28167635202407837
7826,0.0063441312871873375,0.019063804298639297,0.028824199363589285,0.06744994223117828,0.0,0.07155946642160416,0.0,0.2816779613494873
7827,0.006461753696203232,0.019589606672525406,0.03027363196015358,0.06538199484348298,0.0,0.07155759632587433,0.0,0.28168100118637085
7828,0.00630857078358531,0.01964016370475292,0.029753945395350458,0.06551877856254577,0.0,0.07155470550060272,0.0,0.2816820442676544
7829,0.006011111568659544,0.019333208352327345,0.028208941221237183,0.07135826349258423,0.0,0.07155580818653107,0.0,0.281684011220932
7830,0.006378339324146509,0.019936488196253776,0.028210002183914184,0.0690639391541481,0.0,0.07155903428792953,0.0,0.2816857695579529
7831,0.006418619956821203,0.01917281895875931,0.02953369840979576,0.0660599134862423,0.0,0.07156354188919067,0.0,0.28168654441833496
7832,0.0065826036967337135,0.01951827369630337,0.02964179925620556,0.06743282973766326,0.0,0.0715668648481369,0.0,0.2816886305809021
7833,0.006505474634468556,0.01937099136412144,0.030340898036956786,0.07028194665908813,0.0,0.07157362997531891,0.0,0.2816881239414215
7834,0.006164251826703548,0.019093163311481476,0.030614367127418517,0.07463300377130508,0.0,0.07158297300338745,0.0,0.2816868722438812
7835,0.006877623777836561,0.020459581911563874,0.028199442476034165,0.06529534161090851,0.0,0.0715896338224411,0.0,0.28168532252311707
7836,0.006351654604077339,0.018862656876444818,0.028202372044324873,0.0737851694226265,0.0,0.0715971291065216,0.0,0.2816833257675171
7837,0.006359326094388962,0.018934664130210877,0.03012319877743721,0.07028509974479676,0.0,0.07160168886184692,0.0,0.2816809117794037
7838,0.0067600634880363945,0.020045389980077745,0.029032100364565848,0.07614432871341706,0.0,0.07159892469644547,0.0,0.2816794514656067
7839,0.006380581669509411,0.01895156502723694,0.029632103443145753,0.06721592545509339,0.0,0.07159829139709473,0.0,0.28167837858200073
7840,0.006532110832631588,0.020104856789112092,0.028561268746852875,0.06951059103012085,0.0,0.07159282267093658,0.0,0.2816762328147888
7841,0.006918563693761826,0.019212337955832482,0.029669564217329025,0.06547061279416085,0.0,0.07159233093261719,0.0,0.28167492151260376
7842,0.006494607403874397,0.01889391951262951,0.03212797567248345,0.06758202463388444,0.0,0.07159075886011124,0.0,0.28167515993118286
7843,0.0062787337228655815,0.019568056613206864,0.030076267570257186,0.07260807752609252,0.0,0.07158331573009491,0.0,0.28167659044265747
7844,0.006665570940822363,0.020025382936000823,0.030010974779725075,0.06765993386507034,0.0,0.07157595455646515,0.0,0.2816784083843231
7845,0.006563706882297992,0.01973460577428341,0.029138163104653357,0.06861240714788437,0.0,0.07157120853662491,0.0,0.28168076276779175
7846,0.006571379397064448,0.019886833801865577,0.030019256100058556,0.06631805673241616,0.0,0.07157481461763382,0.0,0.28168293833732605
7847,0.006698922999203205,0.019976973161101343,0.029338876903057098,0.06768546178936959,0.0,0.07157920300960541,0.0,0.28168463706970215
7848,0.005997373815625906,0.01919648051261902,0.028991295397281645,0.06737077534198761,0.0,0.07158875465393066,0.0,0.2816838026046753
7849,0.006462588906288147,0.01944701038300991,0.03139972053468228,0.07398594170808792,0.0,0.071597620844841,0.0,0.28168007731437683
7850,0.006514436285942793,0.019433795288205147,0.0292877271771431,0.06965588107705116,0.0,0.07160766422748566,0.0,0.2816755473613739
7851,0.006484022829681635,0.020026815310120582,0.030676447227597235,0.06889982521533966,0.0,0.0716162919998169,0.0,0.2816731929779053
7852,0.006328220758587122,0.020329198986291885,0.03182538412511349,0.07412120997905731,0.0,0.07161910831928253,0.0,0.2816736102104187
7853,0.006767859030514955,0.020527249947190285,0.030539361387491228,0.07042161971330643,0.0,0.07162900269031525,0.0,0.2816724479198456
7854,0.0066728929057717325,0.020113949850201606,0.028696737810969354,0.07154128253459931,0.0,0.0716434121131897,0.0,0.2816695272922516
7855,0.006971864961087704,0.020021405816078187,0.029708297550678255,0.06965107023715973,0.0,0.07165674865245819,0.0,0.281665563583374
7856,0.006453322246670723,0.019717982783913613,0.030444644019007684,0.07249077707529068,0.0,0.07167226076126099,0.0,0.2816624939441681
7857,0.006707110349088908,0.019723089411854744,0.03057047165930271,0.06661669537425041,0.0,0.07168547809123993,0.0,0.2816597819328308
7858,0.00648325178772211,0.019617245718836784,0.029220833629369735,0.07217884957790374,0.0,0.07169555127620697,0.0,0.2816595435142517
7859,0.00650724284350872,0.01957061141729355,0.027949802950024603,0.06891844421625137,0.0,0.07170277833938599,0.0,0.28165826201438904
7860,0.006724316067993641,0.018967435508966447,0.028234031796455384,0.06569016352295876,0.0,0.07170821726322174,0.0,0.28165891766548157
7861,0.006709253136068583,0.019458863139152526,0.03043813891708851,0.0693185031414032,0.0,0.07170930504798889,0.0,0.2816604673862457
7862,0.006468384526669979,0.020435858517885208,0.0305851548910141,0.06779215484857559,0.0,0.0717112198472023,0.0,0.281662255525589
7863,0.006572018843144178,0.019689831137657165,0.028854916617274285,0.06571329534053802,0.0,0.07171165943145752,0.0,0.281664103269577
7864,0.006308843288570643,0.01873151436448097,0.02995193414390087,0.0692027010023594,0.0,0.07170723378658295,0.0,0.28166764974594116
7865,0.006489243730902672,0.02019048109650612,0.031113002076745035,0.06829196512699127,0.0,0.07170074433088303,0.0,0.2816692590713501
7866,0.006540093570947647,0.01923700198531151,0.03050428703427315,0.06753983795642853,0.0,0.0716969221830368,0.0,0.28167134523391724
7867,0.006775013357400894,0.020290467143058776,0.029215166717767714,0.06681288927793502,0.0,0.07169105112552643,0.0,0.2816714644432068
7868,0.0067052065394818785,0.01892014518380165,0.03131650201976299,0.07276490181684495,0.0,0.0716860368847847,0.0,0.28167200088500977
7869,0.006133101414889097,0.02011772580444813,0.029412466287612914,0.06594046950340271,0.0,0.07168196141719818,0.0,0.2816731631755829
7870,0.006560826953500509,0.01981070712208748,0.03172780685126782,0.06725378781557083,0.0,0.07167500257492065,0.0,0.28167542815208435
7871,0.006431195605546236,0.019403496384620668,0.029966790974140168,0.06734836995601653,0.0,0.07166977971792221,0.0,0.2816748321056366
7872,0.006859856471419334,0.02078191712498665,0.030781626328825952,0.06754192635416985,0.0,0.07166541367769241,0.0,0.2816738784313202
7873,0.006702482514083385,0.01915486790239811,0.02717856355011463,0.06943872421979905,0.0,0.07166613638401031,0.0,0.28167426586151123
7874,0.005982869025319815,0.01971033923327923,0.029672984033823013,0.07100506871938705,0.0,0.07166559994220734,0.0,0.2816743850708008
7875,0.00654246499761939,0.02045445069670677,0.029311098158359528,0.0676216460764408,0.0,0.0716649740934372,0.0,0.28167539834976196
7876,0.006722871027886867,0.019271552190184595,0.03163915984332562,0.07117250561714172,0.0,0.0716719776391983,0.0,0.28167593479156494
7877,0.006402644887566566,0.019201025366783142,0.0299733467400074,0.0727069541811943,0.0,0.07167527079582214,0.0,0.28167617321014404
7878,0.006470022071152925,0.019422248750925065,0.029586846753954888,0.06766704022884369,0.0,0.0716780349612236,0.0,0.2816767990589142
7879,0.006856992095708847,0.01965837590396404,0.03003072440624237,0.06567075029015541,0.0,0.07168207317590714,0.0,0.28167781233787537
7880,0.00650583477690816,0.020109575986862183,0.030765069648623466,0.06420309022068978,0.0,0.071684330701828,0.0,0.28168028593063354
7881,0.00632969094440341,0.02002754360437393,0.030123962834477425,0.06947240978479385,0.0,0.07168656587600708,0.0,0.28168171644210815
7882,0.006876204255968332,0.01960155665874481,0.030212325602769853,0.06993308663368225,0.0,0.07168888300657272,0.0,0.28168174624443054
7883,0.007038862537592649,0.018793105706572534,0.030726536735892297,0.0698944240808487,0.0,0.07169412076473236,0.0,0.2816804051399231
7884,0.006507892813533545,0.019344422221183776,0.029811133444309235,0.06994034349918365,0.0,0.07169809937477112,0.0,0.281680166721344
7885,0.006789382081478834,0.019311179220676423,0.0299778588116169,0.0685401938855648,0.0,0.07169990241527557,0.0,0.28167909383773804
7886,0.006516040023416281,0.01907000280916691,0.029277027025818823,0.07014375180006027,0.0,0.07170449942350388,0.0,0.28168004751205444
7887,0.0068871159106493,0.019649605825543405,0.029422399774193763,0.07192496061325074,0.0,0.07170558720827103,0.0,0.281680166721344
7888,0.006402899324893951,0.019764138385653496,0.03136888258159161,0.0705129325389862,0.0,0.07170625776052475,0.0,0.2816803455352783
7889,0.006800940353423357,0.020909695699810982,0.02914351373910904,0.06691726446151733,0.0,0.0717095136642456,0.0,0.2816818654537201
7890,0.006232950557023287,0.020133935287594794,0.02713637501001358,0.07127525061368942,0.0,0.07171627134084702,0.0,0.28168433904647827
7891,0.0064884059131145476,0.019894849509000778,0.02958049550652504,0.07033733576536179,0.0,0.07172716408967972,0.0,0.28168535232543945
7892,0.0068617301993072035,0.019836503267288207,0.028795657306909563,0.06770189628005027,0.0,0.07174012809991837,0.0,0.28168708086013794
7893,0.006416002847254276,0.0188630785793066,0.02784404382109642,0.07090421319007874,0.0,0.0717519149184227,0.0,0.28168538212776184
7894,0.006486722733825445,0.019450480118393898,0.029714926704764368,0.06851951852440834,0.0,0.07176192104816437,0.0,0.2816861867904663
7895,0.006554104946553707,0.019873590022325516,0.028846050798892974,0.06753718182444572,0.0,0.07177071273326874,0.0,0.2816866934299469
7896,0.0062608661130070685,0.020194077491760255,0.03188007846474648,0.0739678606390953,0.0,0.07178152352571487,0.0,0.2816868722438812
7897,0.006732513383030892,0.020051003620028495,0.02718975245952606,0.06666576489806175,0.0,0.0717930942773819,0.0,0.28168636560440063
7898,0.0065180323086678985,0.019515137374401092,0.030255427211523057,0.07029881179332734,0.0,0.07180424779653549,0.0,0.2816852629184723
7899,0.0067086581140756605,0.020156503096222876,0.028743160143494605,0.06833818703889846,0.0,0.07181324064731598,0.0,0.2816855311393738
7900,0.006764607038348913,0.019290446862578393,0.031036931648850442,0.06519588232040405,0.0,0.07181944698095322,0.0,0.2816851735115051
7901,0.006597392726689577,0.01938140168786049,0.029845387488603593,0.06630964055657387,0.0,0.07182075083255768,0.0,0.2816852927207947
7902,0.006382201425731182,0.019679707288742066,0.029963919892907143,0.07148356437683105,0.0,0.07182236760854721,0.0,0.2816884517669678
7903,0.006705257296562195,0.018696613237261774,0.029393205791711806,0.06856495290994644,0.0,0.0718224048614502,0.0,0.281690776348114
7904,0.0066690206527709964,0.019044804945588113,0.02998909130692482,0.07073655128479003,0.0,0.07182270288467407,0.0,0.2816920876502991
7905,0.00685409614816308,0.019292032718658446,0.03158868923783302,0.0710210531949997,0.0,0.0718187540769577,0.0,0.2816927433013916
7906,0.006638671737164259,0.019650907069444657,0.03076811246573925,0.0679151639342308,0.0,0.071815624833107,0.0,0.2816925644874573
7907,0.006044752150774002,0.019448233023285865,0.031065018847584724,0.07041566520929336,0.0,0.07182042300701141,0.0,0.2816900610923767
7908,0.006715276278555393,0.020534269139170648,0.030248409509658812,0.06808276325464249,0.0,0.0718211829662323,0.0,0.2816888988018036
7909,0.0064535515382885935,0.01966434009373188,0.029909489676356316,0.06907445266842842,0.0,0.07182230055332184,0.0,0.28168725967407227
7910,0.006168624293059111,0.019591666385531427,0.029768647626042366,0.06963304653763772,0.0,0.07182246446609497,0.0,0.28168416023254395
7911,0.0061744354665279385,0.019871675968170167,0.02933543212711811,0.06921976953744888,0.0,0.07181941717863083,0.0,0.28167858719825745
7912,0.0066312899813055996,0.019508100301027297,0.031378141790628436,0.07156648337841034,0.0,0.07181454449892044,0.0,0.28167375922203064
7913,0.006362752709537745,0.020144739001989365,0.030016689002513884,0.06935678869485855,0.0,0.07180951535701752,0.0,0.28167054057121277
7914,0.006412094924598932,0.019964835420250893,0.028955570980906488,0.0679042398929596,0.0,0.07180581986904144,0.0,0.28166764974594116
7915,0.00630897581577301,0.019287850335240365,0.029826369509100913,0.07032361254096031,0.0,0.071803517639637,0.0,0.2816668152809143
7916,0.0066520792432129385,0.01992454342544079,0.02846185863018036,0.06710414588451385,0.0,0.07179605215787888,0.0,0.2816658020019531
7917,0.0064958430826663974,0.019016239047050475,0.029388633370399476,0.06649481356143952,0.0,0.07178625464439392,0.0,0.28166431188583374
7918,0.006602783314883709,0.020371294766664504,0.02855876088142395,0.06991764605045318,0.0,0.07177723944187164,0.0,0.28166303038597107
7919,0.00608524763956666,0.019720589742064476,0.029972472041845322,0.06941738128662109,0.0,0.07177932560443878,0.0,0.2816639542579651
7920,0.006064798124134541,0.01884732283651829,0.03047128990292549,0.06510737389326096,0.0,0.07178759574890137,0.0,0.28166618943214417
7921,0.006420359574258327,0.020239590480923653,0.02958180271089077,0.06946774125099182,0.0,0.07180007547140121,0.0,0.2816697359085083
7922,0.0065948481671512125,0.019317350536584853,0.030498312041163444,0.07090753465890884,0.0,0.07182067632675171,0.0,0.2816713750362396
7923,0.00669464748352766,0.01980939842760563,0.028058886900544165,0.07161844670772552,0.0,0.07184123992919922,0.0,0.2816719710826874
7924,0.006280091125518084,0.019311226531863214,0.03137965314090252,0.0667374663054943,0.0,0.07185788452625275,0.0,0.28167209029197693
7925,0.006353763956576585,0.02042425945401192,0.029615721106529234,0.06681604087352752,0.0,0.07186969369649887,0.0,0.28167110681533813
7926,0.006445090658962727,0.01974647454917431,0.030310333520174027,0.0687856912612915,0.0,0.07188735902309418,0.0,0.2816726565361023
7927,0.006660600192844868,0.019869643449783325,0.030498505383729935,0.07318827211856842,0.0,0.0719042494893074,0.0,0.2816731333732605
7928,0.0065359269268810746,0.019145694002509116,0.030426548421382905,0.07040869146585464,0.0,0.0719175934791565,0.0,0.2816726863384247
7929,0.006367951352149248,0.018522218242287634,0.030110823363065718,0.07330362498760223,0.0,0.07193820178508759,0.0,0.28167566657066345
7930,0.006342917494475841,0.01947782337665558,0.03075910322368145,0.06961564123630523,0.0,0.07195884734392166,0.0,0.2816775143146515
7931,0.006403420120477676,0.01977613791823387,0.029615170136094094,0.06934122741222382,0.0,0.07197660207748413,0.0,0.2816818654537201
7932,0.006781768053770065,0.018821663782000543,0.02917071245610714,0.07297881841659545,0.0,0.07199300080537796,0.0,0.2816862165927887
7933,0.0066656644456088545,0.019130729883909226,0.029797448962926864,0.06951772570610046,0.0,0.07200171053409576,0.0,0.2816915512084961
7934,0.006451213173568249,0.019463133066892624,0.0295670785009861,0.07315866202116013,0.0,0.07200466841459274,0.0,0.2816956639289856
7935,0.006465775333344937,0.019144121930003165,0.029787926375865935,0.07047895938158036,0.0,0.07200905680656433,0.0,0.28170040249824524
7936,0.0064717913046479225,0.019800524786114694,0.02908986769616604,0.06972959786653518,0.0,0.07201139628887177,0.0,0.2817050814628601
7937,0.006105523370206356,0.019280702993273734,0.030380837619304657,0.07088767439126968,0.0,0.0720069408416748,0.0,0.28170955181121826
7938,0.006347727403044701,0.01899370215833187,0.031206552311778067,0.06770718693733216,0.0,0.07199924439191818,0.0,0.2817157208919525
7939,0.006120959762483835,0.019380011782050132,0.030127710849046706,0.07212693840265275,0.0,0.07199070602655411,0.0,0.28172245621681213
7940,0.006375815905630589,0.01956692263484001,0.02977021671831608,0.06753033325076103,0.0,0.07198130339384079,0.0,0.2817303538322449
7941,0.006751933507621289,0.019462352991104125,0.030368724837899208,0.07345779538154602,0.0,0.07196895778179169,0.0,0.2817399203777313
7942,0.006331239826977253,0.019708138331770896,0.030588339269161224,0.06851492077112198,0.0,0.07195274531841278,0.0,0.2817481458187103
7943,0.006712664570659399,0.020201100036501884,0.02856735810637474,0.06964346840977668,0.0,0.07193171232938766,0.0,0.28175410628318787
7944,0.00622314065694809,0.020320449024438858,0.03104341812431812,0.07353067398071289,0.0,0.07191024720668793,0.0,0.281761109828949
7945,0.006705136597156524,0.01922377049922943,0.028923412412405015,0.07176738530397415,0.0,0.0718924030661583,0.0,0.28176671266555786
7946,0.006517111510038376,0.019734058529138565,0.03076414726674557,0.07428496778011322,0.0,0.071871317923069,0.0,0.2817727029323578
7947,0.006796162761747837,0.02009912356734276,0.030442673712968826,0.07205173522233962,0.0,0.07185225933790207,0.0,0.2817758023738861
7948,0.0063220634125173095,0.019373107701539993,0.028835989907383917,0.06764148026704789,0.0,0.0718315914273262,0.0,0.2817765176296234
7949,0.0064928637817502025,0.019090989604592323,0.030462659895420074,0.07351700067520142,0.0,0.07181534171104431,0.0,0.28177517652511597
7950,0.006662866845726967,0.01904926970601082,0.030010548979043962,0.06917262524366379,0.0,0.07179417461156845,0.0,0.2817719876766205
7951,0.006097626499831676,0.020068880915641785,0.03007386773824692,0.07023306787014008,0.0,0.07177336513996124,0.0,0.28177207708358765
7952,0.0062778319232165815,0.01927568279206753,0.029983825981616974,0.06895359307527542,0.0,0.07175498455762863,0.0,0.28177398443222046
7953,0.006192205846309662,0.019688026607036592,0.028591539338231088,0.06420002281665801,0.0,0.071739062666893,0.0,0.2817763686180115
7954,0.006667863763868809,0.018677565827965738,0.029773197323083877,0.06967575997114181,0.0,0.07173123210668564,0.0,0.2817791998386383
7955,0.006464610062539578,0.020074724033474923,0.030024424940347672,0.07177141010761261,0.0,0.07171978801488876,0.0,0.28178295493125916
7956,0.006932632438838482,0.020100148394703865,0.02919202744960785,0.06794523373246193,0.0,0.07170306891202927,0.0,0.281788170337677
7957,0.006255081668496132,0.020526274293661117,0.028995541483163835,0.06992074400186539,0.0,0.07168849557638168,0.0,0.28179261088371277
7958,0.006661701574921608,0.018545206263661386,0.0295565877109766,0.06622160673141479,0.0,0.07167573273181915,0.0,0.28179705142974854
7959,0.0063172905705869194,0.0194750864058733,0.02958945110440254,0.07402757406234742,0.0,0.07165979593992233,0.0,0.28179696202278137
7960,0.006280320603400469,0.01901419423520565,0.031009902805089952,0.06981517374515533,0.0,0.0716443881392479,0.0,0.28179606795310974
7961,0.0064412584528326985,0.020102472603321077,0.032498735934495926,0.06792350560426712,0.0,0.07163332402706146,0.0,0.2817935347557068
7962,0.006678737048059702,0.018710937350988388,0.03127208203077316,0.06828011274337768,0.0,0.07162202149629593,0.0,0.28178921341896057
7963,0.006597793661057949,0.02003980502486229,0.027864105254411697,0.07197531163692475,0.0,0.07160893827676773,0.0,0.2817848026752472
7964,0.006272016000002623,0.018499042466282846,0.029084621369838713,0.06854435354471207,0.0,0.07160072028636932,0.0,0.28177884221076965
7965,0.006547988299280405,0.019844460114836694,0.030226899310946465,0.06811786890029907,0.0,0.07159416377544403,0.0,0.2817752957344055
7966,0.006700922548770904,0.01921090707182884,0.030085211992263793,0.06991433054208755,0.0,0.07158375531435013,0.0,0.2817707657814026
7967,0.006172986049205065,0.01934460550546646,0.030694591253995894,0.06674363240599632,0.0,0.07157306373119354,0.0,0.2817665934562683
7968,0.006548532284796238,0.018984542042016984,0.03133371733129024,0.06853580921888351,0.0,0.07156498730182648,0.0,0.2817632555961609
7969,0.006405460461974144,0.019528063014149666,0.029938004910945892,0.06825639456510543,0.0,0.07155823707580566,0.0,0.2817619740962982
7970,0.006476145051419735,0.0187687948346138,0.031867769360542295,0.0772076889872551,0.0,0.07154856622219086,0.0,0.28175973892211914
7971,0.006760238576680422,0.018832828104496,0.031214863061904907,0.06546896174550057,0.0,0.07154051959514618,0.0,0.2817590832710266
7972,0.006691410206258297,0.019403612613677977,0.030747752636671066,0.0637876383960247,0.0,0.07153047621250153,0.0,0.2817576825618744
7973,0.006621146667748689,0.01893775686621666,0.029570986330509186,0.07080610767006874,0.0,0.07151875644922256,0.0,0.2817564904689789
7974,0.006138032674789429,0.019481008872389793,0.0320318840444088,0.06830083429813386,0.0,0.07151168584823608,0.0,0.28175586462020874
7975,0.006466190982609987,0.019107549265027047,0.02744341567158699,0.07013852149248123,0.0,0.07150667160749435,0.0,0.28175416588783264
7976,0.005850016884505749,0.01939851641654968,0.030248815193772316,0.07382623106241226,0.0,0.0715034008026123,0.0,0.28175026178359985
7977,0.0064976844936609265,0.020266417413949966,0.03291434533894062,0.07081730961799622,0.0,0.0715048536658287,0.0,0.2817447781562805
7978,0.006242188811302185,0.019850711897015573,0.030223151668906212,0.07134281396865845,0.0,0.07150259613990784,0.0,0.2817390561103821
7979,0.006514564715325832,0.020016077533364297,0.029641835018992424,0.0697175607085228,0.0,0.07150357216596603,0.0,0.2817325294017792
7980,0.006359067559242248,0.020189176499843597,0.0296764075756073,0.07075992524623871,0.0,0.07150311768054962,0.0,0.28172796964645386
7981,0.006535184290260077,0.019157348200678825,0.0306489072740078,0.0678639642894268,0.0,0.07150702178478241,0.0,0.28172534704208374
7982,0.006437372881919146,0.0188866525888443,0.03107142113149166,0.06928522139787674,0.0,0.07151393592357635,0.0,0.281721293926239
7983,0.006382588017731905,0.018834125623106955,0.03048606812953949,0.06859281212091446,0.0,0.07151862978935242,0.0,0.28171977400779724
7984,0.006641962565481663,0.01983911469578743,0.03015182763338089,0.06712751239538192,0.0,0.07152486592531204,0.0,0.28171882033348083
7985,0.006400273647159338,0.01957455538213253,0.02983882464468479,0.07240855246782303,0.0,0.07152616232633591,0.0,0.28171953558921814
7986,0.006756240129470825,0.019666758924722673,0.029379026591777803,0.06992146521806716,0.0,0.07152815163135529,0.0,0.281721293926239
7987,0.006447729654610157,0.01969975233078003,0.029691438004374505,0.07130109816789627,0.0,0.07152872532606125,0.0,0.28172269463539124
7988,0.006595215667039156,0.02096525616943836,0.03076901249587536,0.06523774713277816,0.0,0.07153087854385376,0.0,0.2817244827747345
7989,0.006724416557699442,0.02077944464981556,0.029122816026210786,0.07081926167011261,0.0,0.07153546810150146,0.0,0.2817273736000061
7990,0.006035315804183483,0.01925109066069126,0.03072284460067749,0.06676837354898453,0.0,0.07153813540935516,0.0,0.28172844648361206
7991,0.006603066902607679,0.019740089774131775,0.02915809415280819,0.07007834613323212,0.0,0.07154054939746857,0.0,0.2817295491695404
7992,0.005965063907206058,0.019819002598524094,0.03265178203582764,0.06833089515566826,0.0,0.0715431421995163,0.0,0.281730592250824
7993,0.00658286577090621,0.018821362033486368,0.03008924052119255,0.06687617152929307,0.0,0.07154563069343567,0.0,0.2817299962043762
7994,0.006306357122957707,0.019183018431067466,0.028494960442185403,0.06643066853284836,0.0,0.07154600322246552,0.0,0.2817303538322449
7995,0.006779609527438879,0.0199877355247736,0.031468107178807256,0.0678266391158104,0.0,0.07154057919979095,0.0,0.28172993659973145
7996,0.006662163604050875,0.019228160753846167,0.029796233400702477,0.07203781455755234,0.0,0.07153238356113434,0.0,0.28172820806503296
7997,0.006237778067588806,0.02032599188387394,0.030459199845790864,0.07064626216888428,0.0,0.07152202725410461,0.0,0.281726211309433
7998,0.006549074687063694,0.019365999102592468,0.028716373443603515,0.06785327345132827,0.0,0.07151544094085693,0.0,0.28172653913497925
7999,0.0061284580267965795,0.018533728271722793,0.027999017015099527,0.06702158823609353,0.0,0.07151005417108536,0.0,0.2817261517047882
8000,0.006691001914441585,0.019156261906027795,0.029233882576227187,0.06629396677017212,0.0,0.0715024471282959,0.0,0.2817273736000061
8001,0.00633743479847908,0.01941043846309185,0.03075561672449112,0.06730612516403198,0.0,0.07149714976549149,0.0,0.28172922134399414
8002,0.006714445073157549,0.019878941029310225,0.03097945302724838,0.06865550726652145,0.0,0.07148764282464981,0.0,0.2817313075065613
8003,0.006240580417215824,0.019509238377213477,0.029362571239471436,0.07081228792667389,0.0,0.07148070633411407,0.0,0.28173619508743286
8004,0.006574041955173015,0.02033027894794941,0.02972223050892353,0.07415024861693383,0.0,0.07147027552127838,0.0,0.28173959255218506
8005,0.00631509879603982,0.019614267721772195,0.03088587522506714,0.06701454296708106,0.0,0.0714602842926979,0.0,0.2817418575286865
8006,0.006187983136624098,0.020607222244143485,0.03103763572871685,0.07338051497936249,0.0,0.07144875824451447,0.0,0.2817407548427582
8007,0.006962087843567133,0.01962120197713375,0.02988932132720947,0.06488924026489258,0.0,0.0714421421289444,0.0,0.2817398011684418
8008,0.006383692473173141,0.01852584779262543,0.029802748560905458,0.07008297145366668,0.0,0.07143593579530716,0.0,0.2817392945289612
8009,0.0066046413965523245,0.020174868404865265,0.03064989931881428,0.0672452487051487,0.0,0.0714317038655281,0.0,0.281739741563797
8010,0.006633171532303095,0.019496235996484756,0.030361897498369216,0.0666254311800003,0.0,0.07143187522888184,0.0,0.2817404866218567
8011,0.007030143495649099,0.01926041319966316,0.029869024828076362,0.06616853475570679,0.0,0.07143113762140274,0.0,0.2817419767379761
8012,0.006682277005165815,0.018741199001669883,0.030377941951155663,0.07037263810634613,0.0,0.07143368571996689,0.0,0.28174299001693726
8013,0.006807111948728561,0.02013937644660473,0.031146726012229918,0.0716342031955719,0.0,0.07143555581569672,0.0,0.281742662191391
8014,0.006498111132532358,0.019841206818819047,0.02954215370118618,0.07590454667806626,0.0,0.07144121080636978,0.0,0.2817440629005432
8015,0.0067054170183837416,0.02096184641122818,0.03026215694844723,0.07082726806402206,0.0,0.07144547253847122,0.0,0.2817452549934387
8016,0.0066500544548034664,0.019216181337833406,0.03040824122726917,0.07143055945634842,0.0,0.07145446538925171,0.0,0.2817489802837372
8017,0.006623686756938696,0.019372498244047166,0.029514101892709733,0.06734420508146285,0.0,0.07145994901657104,0.0,0.2817506194114685
8018,0.0064226754009723665,0.01990707740187645,0.03065817281603813,0.06751708835363388,0.0,0.0714595764875412,0.0,0.28174978494644165
8019,0.006579904910176992,0.020859194174408912,0.029470256716012954,0.06732390224933624,0.0,0.07146082073450089,0.0,0.28174740076065063
8020,0.0066451474092900755,0.019362226501107214,0.031054210290312766,0.07173448354005814,0.0,0.07146914303302765,0.0,0.2817462086677551
8021,0.00650815162807703,0.019218241050839423,0.02807752937078476,0.06807397082448005,0.0,0.07148173451423645,0.0,0.2817440330982208
8022,0.00659835608676076,0.019591320678591727,0.02970237135887146,0.07304279208183288,0.0,0.0714976042509079,0.0,0.2817409634590149
8023,0.006854948587715626,0.019225359708070756,0.027865349128842355,0.0673862911760807,0.0,0.07150690257549286,0.0,0.2817381024360657
8024,0.006710705719888211,0.020336605980992316,0.029359149187803267,0.07004483491182327,0.0,0.07151907682418823,0.0,0.2817330062389374
8025,0.00642673084512353,0.019392810016870498,0.029152808338403703,0.06459277048707009,0.0,0.07153277099132538,0.0,0.2817313075065613
8026,0.006669183634221554,0.019842323660850526,0.0303563192486763,0.07381034046411514,0.0,0.07153952121734619,0.0,0.28172793984413147
8027,0.006851287465542555,0.01963060423731804,0.030149584636092186,0.07016685456037522,0.0,0.07154557853937149,0.0,0.28172576427459717
8028,0.006598638277500868,0.019666123390197753,0.030065589770674705,0.07349330484867096,0.0,0.07155020534992218,0.0,0.28172487020492554
8029,0.0065015340223908424,0.020494943484663963,0.02984520010650158,0.06652175039052963,0.0,0.07155546545982361,0.0,0.2817251682281494
8030,0.006686189584434033,0.019668395444750787,0.030843331292271615,0.07091770917177201,0.0,0.07156439125537872,0.0,0.28172439336776733
8031,0.006343323923647404,0.018799181282520293,0.030227180570364,0.07006674110889435,0.0,0.07157082855701447,0.0,0.28172487020492554
8032,0.006424221396446228,0.018620823323726655,0.03191291019320488,0.0714579164981842,0.0,0.07157208025455475,0.0,0.28172576427459717
8033,0.00672965832054615,0.01930316798388958,0.031361311301589014,0.06464384347200394,0.0,0.07156389951705933,0.0,0.2817257344722748
8034,0.0071663462556898596,0.019491526111960412,0.030035945028066634,0.06590303108096122,0.0,0.07155685126781464,0.0,0.2817251682281494
8035,0.0064533156342804435,0.01907966248691082,0.0308573916554451,0.0720097228884697,0.0,0.07155604660511017,0.0,0.28172311186790466
8036,0.006581030320376158,0.019925681874155998,0.03124750666320324,0.06770141273736954,0.0,0.07155060023069382,0.0,0.2817208170890808
8037,0.006580312456935644,0.020171478390693665,0.028869612514972685,0.06953570619225502,0.0,0.07155273854732513,0.0,0.28171637654304504
8038,0.006360004749149084,0.019122235104441644,0.030802031978964806,0.068590347468853,0.0,0.07155358791351318,0.0,0.28171324729919434
8039,0.0063662100583314896,0.020078232139348985,0.03128090724349022,0.0697914868593216,0.0,0.07156214863061905,0.0,0.2817109227180481
8040,0.006992715783417225,0.019771956279873847,0.031215700134634972,0.07361553758382797,0.0,0.07157476246356964,0.0,0.2817090153694153
8041,0.006415856629610061,0.019699057191610338,0.03054393082857132,0.0704429253935814,0.0,0.07158300280570984,0.0,0.28170761466026306
8042,0.006526595633476973,0.01947581097483635,0.030316133052110672,0.06833241879940033,0.0,0.07159166038036346,0.0,0.2817070186138153
8043,0.006816987041383981,0.02058534026145935,0.03026070408523083,0.06810320615768432,0.0,0.07160580158233643,0.0,0.2817078232765198
8044,0.006553147546947002,0.019833433628082275,0.030032899230718613,0.07216460853815079,0.0,0.07161939144134521,0.0,0.28170838952064514
8045,0.006236648466438055,0.020303839072585105,0.029131758958101273,0.07081295996904373,0.0,0.07163657248020172,0.0,0.2817109227180481
8046,0.006471061706542968,0.01973152570426464,0.029507724940776824,0.06982849985361099,0.0,0.07165350019931793,0.0,0.28171515464782715
8047,0.006574626080691814,0.01960916481912136,0.03038339726626873,0.07062969356775284,0.0,0.0716666728258133,0.0,0.28171929717063904
8048,0.0062029693275690075,0.020458707958459853,0.02911769114434719,0.07265341728925705,0.0,0.07167915254831314,0.0,0.2817223072052002
8049,0.006881081406027079,0.02004745677113533,0.030850071087479593,0.06905628070235252,0.0,0.07169468700885773,0.0,0.28172215819358826
8050,0.006152509618550539,0.019858887791633605,0.02966635338962078,0.06589736938476562,0.0,0.07171191275119781,0.0,0.28171953558921814
8051,0.006114972103387117,0.021040460094809532,0.03210373930633068,0.07182851135730743,0.0,0.07172628492116928,0.0,0.28171616792678833
8052,0.006581647135317325,0.019574081897735594,0.02935720533132553,0.07170544266700744,0.0,0.07174959778785706,0.0,0.2817111015319824
8053,0.006463369913399219,0.018630021065473557,0.030255262181162833,0.06837553456425667,0.0,0.07177133858203888,0.0,0.28170686960220337
8054,0.007033716794103384,0.019716671109199523,0.02888120822608471,0.06947272047400474,0.0,0.07179039716720581,0.0,0.2817060649394989
8055,0.006254251580685377,0.01882106587290764,0.02965290695428848,0.07295273542404175,0.0,0.0718073695898056,0.0,0.28170472383499146
8056,0.006183098070323467,0.019598275795578955,0.029098669812083245,0.06582519635558129,0.0,0.07182468473911285,0.0,0.2817012071609497
8057,0.006476565357297659,0.01901962496340275,0.029862864688038827,0.07439181804656983,0.0,0.0718415230512619,0.0,0.2816982865333557
8058,0.006883830577135086,0.01910065710544586,0.029614486917853355,0.06837800294160842,0.0,0.07185754925012589,0.0,0.28169989585876465
8059,0.007071763463318348,0.019951679557561875,0.02999039478600025,0.07247493267059327,0.0,0.07187877595424652,0.0,0.2817022204399109
8060,0.00650722086429596,0.020470454171299935,0.029077987000346184,0.07134271413087845,0.0,0.07189877331256866,0.0,0.2817070484161377
8061,0.006733085960149765,0.01932651810348034,0.02953777350485325,0.0731593519449234,0.0,0.07191203534603119,0.0,0.2817128300666809
8062,0.006192671786993742,0.019260247796773912,0.03191721625626087,0.07033594846725463,0.0,0.07192385941743851,0.0,0.28172093629837036
8063,0.006532781478017569,0.019333533570170404,0.029887978360056876,0.06618748307228088,0.0,0.07193062454462051,0.0,0.28172674775123596
8064,0.006598868127912283,0.02020616754889488,0.031092563644051552,0.0724578395485878,0.0,0.07193346321582794,0.0,0.2817317843437195
8065,0.006507920101284981,0.01980561912059784,0.02859116569161415,0.06838219389319419,0.0,0.07193310558795929,0.0,0.2817349433898926
8066,0.006433616671711206,0.01898038722574711,0.030144352838397025,0.06923174187541008,0.0,0.07193484902381897,0.0,0.28173717856407166
8067,0.006905351672321558,0.019943174719810487,0.030063678696751594,0.06724847257137298,0.0,0.07193911075592041,0.0,0.281740665435791
8068,0.006530318688601255,0.019626372307538987,0.029351630806922914,0.07421324998140336,0.0,0.07194624096155167,0.0,0.2817450761795044
8069,0.006405224371701479,0.020682138204574586,0.029002953320741653,0.0675489440560341,0.0,0.07194958627223969,0.0,0.2817489206790924
8070,0.00676494725048542,0.01922615058720112,0.030179114267230033,0.06723532006144524,0.0,0.07195153087377548,0.0,0.28175264596939087
8071,0.00609403159469366,0.019512728229165076,0.029639372229576112,0.07099817544221879,0.0,0.07194986194372177,0.0,0.2817547619342804
8072,0.0066427203826606275,0.020322804152965546,0.030431922152638437,0.06832749992609025,0.0,0.07194765657186508,0.0,0.2817566692829132
8073,0.00633311914280057,0.019962702691555024,0.029015901684761047,0.0652090884745121,0.0,0.07195077836513519,0.0,0.28175944089889526
8074,0.0068158721551299095,0.018925728276371956,0.030998727679252623,0.06937211006879807,0.0,0.0719558373093605,0.0,0.2817608714103699
8075,0.006459074933081866,0.01953069344162941,0.028816641494631767,0.06829512864351273,0.0,0.07195712625980377,0.0,0.28176337480545044
8076,0.006586445402354002,0.01854907125234604,0.029859862849116327,0.06807511150836945,0.0,0.07195807993412018,0.0,0.2817639112472534
8077,0.006627589743584394,0.019532081484794617,0.02944224253296852,0.06884897500276566,0.0,0.0719594955444336,0.0,0.281765341758728
8078,0.006876501627266407,0.019991014525294303,0.030485110729932784,0.07168357372283936,0.0,0.07195574045181274,0.0,0.2817661166191101
8079,0.006331528630107641,0.01974453665316105,0.030998487025499344,0.06776676028966903,0.0,0.07195089757442474,0.0,0.28176698088645935
8080,0.006381100788712501,0.020157364755868913,0.031778525561094284,0.07092435956001282,0.0,0.07194970548152924,0.0,0.28176841139793396
8081,0.006772212870419026,0.020132573321461678,0.03023531436920166,0.06837638020515442,0.0,0.07194320857524872,0.0,0.2817695140838623
8082,0.006680237594991922,0.01998503878712654,0.029121099412441252,0.07143869102001191,0.0,0.07193731516599655,0.0,0.2817717492580414
8083,0.006592927034944296,0.019495902583003044,0.03132050335407257,0.07073692530393601,0.0,0.07192786782979965,0.0,0.2817763090133667
8084,0.006649491190910339,0.019579052180051803,0.028575871884822846,0.06642728745937347,0.0,0.07191767543554306,0.0,0.2817808985710144
8085,0.00673085730522871,0.020690524205565452,0.03063542805612087,0.06898914277553558,0.0,0.07190684974193573,0.0,0.2817831039428711
8086,0.0062058837153017524,0.019699487090110778,0.03149400427937508,0.07493547201156617,0.0,0.07189973443746567,0.0,0.2817841172218323
8087,0.006852764543145895,0.019122231006622314,0.029856622591614722,0.0667604923248291,0.0,0.07189056277275085,0.0,0.2817813456058502
8088,0.006061196979135275,0.018678659573197365,0.029617642611265184,0.06895177960395812,0.0,0.07188134640455246,0.0,0.2817780375480652
8089,0.006344522256404162,0.01935012564063072,0.03113515079021454,0.06798749715089798,0.0,0.07186915725469589,0.0,0.28177472949028015
8090,0.006437162682414055,0.020472559705376626,0.029684599488973618,0.06767652407288552,0.0,0.07185402512550354,0.0,0.28176993131637573
8091,0.006493850704282522,0.01838163398206234,0.030361614376306533,0.06630496457219123,0.0,0.07184725999832153,0.0,0.2817627787590027
8092,0.0062788034789264206,0.01974523887038231,0.030910322070121767,0.06745713651180267,0.0,0.07183948904275894,0.0,0.28175482153892517
8093,0.0063084476627409455,0.020720307156443594,0.028773655742406846,0.07095297127962112,0.0,0.0718325823545456,0.0,0.28174886107444763
8094,0.006638957932591438,0.019521122425794603,0.028489496558904648,0.07370441555976867,0.0,0.07182589173316956,0.0,0.28174224495887756
8095,0.006599187385290861,0.019949683174490928,0.029378104582428934,0.06998008489608765,0.0,0.07182445377111435,0.0,0.2817378044128418
8096,0.00677530923858285,0.019697508215904234,0.031544407829642296,0.06825695410370827,0.0,0.07182951271533966,0.0,0.2817344069480896
8097,0.006643916573375463,0.01865321397781372,0.029981423169374466,0.06882613599300384,0.0,0.07184098660945892,0.0,0.2817298173904419
8098,0.0065446198917925354,0.019554898887872697,0.029242824018001556,0.06899198442697525,0.0,0.0718541294336319,0.0,0.2817263901233673
8099,0.0066918786615133286,0.020091770216822624,0.02992294691503048,0.07094665765762329,0.0,0.07186330854892731,0.0,0.2817250192165375
8100,0.006567466538399458,0.019457146525382996,0.031034046411514284,0.0678399384021759,0.0,0.07188129425048828,0.0,0.2817246615886688
8101,0.006740619614720345,0.020093341171741486,0.028960689529776575,0.07090886831283569,0.0,0.07190170139074326,0.0,0.2817249894142151
8102,0.006304536480456591,0.019637922942638397,0.031619274616241456,0.06719013899564744,0.0,0.07191845029592514,0.0,0.2817269265651703
8103,0.006621635984629393,0.01962704211473465,0.031361797079443934,0.07232312113046646,0.0,0.07193146646022797,0.0,0.2817274332046509
8104,0.006554632261395454,0.01974409371614456,0.029833050444722176,0.06915111020207405,0.0,0.07194533199071884,0.0,0.2817267179489136
8105,0.006530650798231364,0.019538328424096106,0.0316134974360466,0.07171922326087951,0.0,0.0719560906291008,0.0,0.28172311186790466
8106,0.006251266971230507,0.020603032037615775,0.026711340248584747,0.0703304335474968,0.0,0.07196424901485443,0.0,0.2817203402519226
8107,0.006413424387574196,0.019094132632017136,0.030495690181851387,0.06713262498378754,0.0,0.07197172194719315,0.0,0.2817181944847107
8108,0.006686113867908716,0.019815069064497946,0.02962592989206314,0.07266174852848054,0.0,0.07197654247283936,0.0,0.2817160189151764
8109,0.006452581007033586,0.0189322829246521,0.03126939609646797,0.06967175751924515,0.0,0.07197561115026474,0.0,0.281715452671051
8110,0.006201715487986803,0.019095808640122412,0.030711077526211737,0.06541518419981003,0.0,0.07197245955467224,0.0,0.2817147672176361
8111,0.0063760453835129734,0.01932709664106369,0.030323828384280205,0.07164013087749481,0.0,0.071969173848629,0.0,0.2817153334617615
8112,0.006521731056272984,0.019288800284266473,0.030256913602352144,0.07107361555099487,0.0,0.07196152955293655,0.0,0.2817164361476898
8113,0.00654114168137312,0.01979837454855442,0.02977871000766754,0.07046256363391876,0.0,0.0719560980796814,0.0,0.2817170023918152
8114,0.00678533473983407,0.01976375952363014,0.03032928742468357,0.07172152251005173,0.0,0.07195185869932175,0.0,0.2817176282405853
8115,0.006468383409082889,0.01958945654332638,0.02953336089849472,0.06623809933662414,0.0,0.0719461664557457,0.0,0.2817172110080719
8116,0.006374683603644371,0.018758703395724295,0.03131280988454819,0.07432176321744918,0.0,0.07194685190916061,0.0,0.281715989112854
8117,0.006353494431823492,0.019353927671909334,0.030953948572278022,0.06946233063936233,0.0,0.07194726914167404,0.0,0.28171348571777344
8118,0.006564382743090391,0.019127188622951506,0.027866991236805916,0.06928852647542953,0.0,0.07194460928440094,0.0,0.28171199560165405
8119,0.00636758292093873,0.02006262168288231,0.03102865219116211,0.06963335424661636,0.0,0.07193836569786072,0.0,0.28171107172966003
8120,0.0063971135765314106,0.018264931067824362,0.02860608547925949,0.07124482691287995,0.0,0.07192917168140411,0.0,0.2817113399505615
8121,0.006424731947481633,0.019972630590200425,0.029805461317300795,0.06827609464526177,0.0,0.0719166249036789,0.0,0.28171321749687195
8122,0.006479911599308252,0.019119225069880487,0.02958984114229679,0.06997195333242416,0.0,0.07190346717834473,0.0,0.28171688318252563
8123,0.006267229747027159,0.019277311116456985,0.031100597232580185,0.0704900562763214,0.0,0.07188925892114639,0.0,0.28172051906585693
8124,0.00648688105866313,0.019933151081204414,0.028895565122365952,0.07054534107446671,0.0,0.07187507301568985,0.0,0.2817220091819763
8125,0.00681485552340746,0.018711730465292932,0.029522239789366723,0.0762110933661461,0.0,0.07186315208673477,0.0,0.2817247211933136
8126,0.006545793917030096,0.01808299422264099,0.02807539850473404,0.07020323425531387,0.0,0.07185230404138565,0.0,0.28172749280929565
8127,0.006363346241414547,0.01883484274148941,0.029797542467713357,0.06635981053113937,0.0,0.07183905690908432,0.0,0.2817308306694031
8128,0.00657339058816433,0.01943930797278881,0.03019340932369232,0.07206662446260452,0.0,0.07182816416025162,0.0,0.28173428773880005
8129,0.006310676969587803,0.01957041583955288,0.028688206523656844,0.06633217334747314,0.0,0.07182072103023529,0.0,0.2817380428314209
8130,0.006580831110477447,0.020192893221974373,0.02875952087342739,0.06637134775519371,0.0,0.07181166112422943,0.0,0.2817438244819641
8131,0.006660711392760277,0.01992536671459675,0.02861117124557495,0.07204575687646866,0.0,0.07181118428707123,0.0,0.28174838423728943
8132,0.006374734546989202,0.01993771456182003,0.03126781545579434,0.07007647454738616,0.0,0.07180681079626083,0.0,0.28175368905067444
8133,0.0066220110282301905,0.018679175525903702,0.029266531020402907,0.07438705265522003,0.0,0.07180074602365494,0.0,0.2817595899105072
8134,0.007011901400983333,0.01885337382555008,0.029778944700956343,0.06784954220056534,0.0,0.07179687917232513,0.0,0.2817647457122803
8135,0.006877282168716192,0.019593187049031256,0.029754145443439482,0.0667810633778572,0.0,0.07179402559995651,0.0,0.2817668914794922
8136,0.006445001531392336,0.019734714552760123,0.03152010329067707,0.06834707260131836,0.0,0.07179278135299683,0.0,0.2817690372467041
8137,0.006209205370396376,0.020014632493257523,0.031161773204803466,0.065318251401186,0.0,0.07178792357444763,0.0,0.28177112340927124
8138,0.0063746323809027675,0.018913491815328597,0.029813066124916077,0.06864119917154313,0.0,0.07178562134504318,0.0,0.28177112340927124
8139,0.006457789242267609,0.020741016417741776,0.029748426750302315,0.06845778003334999,0.0,0.07178156077861786,0.0,0.2817710340023041
8140,0.006424854043871164,0.019942544773221015,0.032213063538074495,0.07173620164394379,0.0,0.07178419828414917,0.0,0.2817700207233429
8141,0.006401222385466099,0.020297852531075477,0.028473737090826033,0.07473270297050476,0.0,0.07178311049938202,0.0,0.28176742792129517
8142,0.006685086991637945,0.0192140843719244,0.02972513362765312,0.07089028805494309,0.0,0.07178053259849548,0.0,0.2817646563053131
8143,0.006426991522312164,0.01956341564655304,0.029718043655157088,0.06942111030220985,0.0,0.07177702337503433,0.0,0.2817618250846863
8144,0.006602711137384176,0.020307807624340056,0.030460680648684502,0.07196388095617294,0.0,0.07177358865737915,0.0,0.2817598283290863
8145,0.006680960301309824,0.020324473083019257,0.030999448150396347,0.06606063842773438,0.0,0.07177098840475082,0.0,0.2817566990852356
8146,0.007163122296333313,0.01970260925590992,0.02983202561736107,0.07573376446962357,0.0,0.0717712864279747,0.0,0.28175413608551025
8147,0.006738633848726749,0.020000338181853296,0.029496420919895173,0.07266173213720321,0.0,0.07176995277404785,0.0,0.2817501425743103
8148,0.006855628360062838,0.020530977100133897,0.030800435319542886,0.06725880652666091,0.0,0.07177405059337616,0.0,0.28174832463264465
8149,0.0065718081779778,0.019382716342806815,0.02902519889175892,0.06791707426309586,0.0,0.07177860289812088,0.0,0.28174710273742676
8150,0.006775821186602115,0.019616729766130447,0.030518173053860665,0.0685056209564209,0.0,0.07177925109863281,0.0,0.2817448675632477
8151,0.006534579116851092,0.01954333670437336,0.02930503785610199,0.06467094793915748,0.0,0.07178095728158951,0.0,0.28174179792404175
8152,0.006317073106765747,0.0192512109875679,0.030754634365439414,0.07126252502202987,0.0,0.07178021222352982,0.0,0.28174251317977905
8153,0.006088034342974424,0.02032649852335453,0.03257884085178375,0.07265573889017105,0.0,0.07177479565143585,0.0,0.28174009919166565
8154,0.006775578204542399,0.018830640986561776,0.029599251598119734,0.06597977802157402,0.0,0.07176733016967773,0.0,0.28173553943634033
8155,0.006394892558455467,0.018816494196653367,0.029939822480082513,0.0694088138639927,0.0,0.07176408916711807,0.0,0.2817302346229553
8156,0.006885012984275818,0.01904495172202587,0.02944837249815464,0.0663592666387558,0.0,0.07175793498754501,0.0,0.2817254960536957
8157,0.006432535964995623,0.01872095838189125,0.030466127768158914,0.06939442306756974,0.0,0.07175000011920929,0.0,0.2817210257053375
8158,0.006448540650308132,0.01992337591946125,0.03183572068810463,0.06730819046497345,0.0,0.07174283266067505,0.0,0.2817158102989197
8159,0.007104106992483139,0.01908770650625229,0.030248987674713134,0.06772491708397865,0.0,0.07173587381839752,0.0,0.28171029686927795
8160,0.006448531989008188,0.019581145048141478,0.030084231123328208,0.06714945584535599,0.0,0.07172972708940506,0.0,0.2817053198814392
8161,0.0063487010076642035,0.01958169974386692,0.03293391913175583,0.07302770614624024,0.0,0.07172459363937378,0.0,0.28169986605644226
8162,0.006311796139925718,0.020846259966492652,0.031947072595357895,0.0699312835931778,0.0,0.07171820104122162,0.0,0.28169363737106323
8163,0.006828723195940256,0.019411855563521384,0.02996011674404144,0.07220063656568527,0.0,0.0717163234949112,0.0,0.2816856801509857
8164,0.006630136352032423,0.01965305283665657,0.031031062453985216,0.06841090470552444,0.0,0.07172129303216934,0.0,0.28167906403541565
8165,0.00633182218298316,0.02036062180995941,0.03164425119757652,0.07333458960056305,0.0,0.07173101603984833,0.0,0.2816726267337799
8166,0.006526596471667289,0.019352296367287636,0.029291390627622604,0.069481460750103,0.0,0.0717383623123169,0.0,0.2816670536994934
8167,0.006169929634779692,0.018838750571012496,0.029790632799267767,0.07172401547431946,0.0,0.07174175977706909,0.0,0.28166326880455017
8168,0.006904804427176714,0.0208461157977581,0.029304730147123335,0.07557842880487442,0.0,0.07174354791641235,0.0,0.28166067600250244
8169,0.006295622792094946,0.020133068785071373,0.028466112539172174,0.06916490346193313,0.0,0.07174637168645859,0.0,0.28165775537490845
8170,0.006521928869187832,0.019524065777659416,0.02950562462210655,0.07040153741836548,0.0,0.0717499852180481,0.0,0.28165677189826965
8171,0.006790372543036938,0.019878891110420228,0.028901863470673562,0.06738607287406921,0.0,0.07175934314727783,0.0,0.28165581822395325
8172,0.006734220404177904,0.01932039074599743,0.030369406938552855,0.0731484442949295,0.0,0.07177268713712692,0.0,0.28165337443351746
8173,0.0066368794068694115,0.019963446259498595,0.029853125289082526,0.07074114829301834,0.0,0.07178577035665512,0.0,0.2816501557826996
8174,0.00659025451168418,0.01995045840740204,0.030558176338672638,0.06856737136840821,0.0,0.07179851830005646,0.0,0.2816464304924011
8175,0.006676773633807897,0.019586870819330214,0.03131769485771656,0.07061553001403809,0.0,0.07180564105510712,0.0,0.2816435992717743
8176,0.006618034560233355,0.01913139335811138,0.0317979346960783,0.06788787543773651,0.0,0.0718071460723877,0.0,0.28164178133010864
8177,0.006700422707945108,0.019780747964978217,0.029090935364365578,0.0691822737455368,0.0,0.07180483639240265,0.0,0.28163942694664
8178,0.006491363234817982,0.01996507905423641,0.029481274262070655,0.06740572527050973,0.0,0.07179518043994904,0.0,0.2816371023654938
8179,0.006480065081268549,0.018646205589175225,0.03056814633309841,0.0679934948682785,0.0,0.0717809647321701,0.0,0.28163477778434753
8180,0.0064823774620890616,0.019462887570261954,0.030087435990571974,0.07086989283561707,0.0,0.07176439464092255,0.0,0.2816333770751953
8181,0.006437319051474333,0.019388210400938986,0.031092064455151558,0.0696405827999115,0.0,0.07174719125032425,0.0,0.28163033723831177
8182,0.006209176778793335,0.019983797147870064,0.030711566656827928,0.0665353462100029,0.0,0.07173339277505875,0.0,0.28162920475006104
8183,0.006708485633134842,0.019710057601332664,0.029983919113874435,0.06924013942480087,0.0,0.07172216475009918,0.0,0.281629741191864
8184,0.006641375180333853,0.018960095196962356,0.02871951386332512,0.07203512340784073,0.0,0.07171543687582016,0.0,0.2816324830055237
8185,0.006407017912715673,0.019479016959667205,0.02946038283407688,0.06768009811639786,0.0,0.07170889526605606,0.0,0.2816348671913147
8186,0.006583412922918796,0.020142337679862975,0.030159135162830353,0.0655298113822937,0.0,0.07170537114143372,0.0,0.2816412150859833
8187,0.006117358338087797,0.018565412238240243,0.03035308010876179,0.06764689758419991,0.0,0.07169868052005768,0.0,0.2816469669342041
8188,0.006181500293314457,0.01979442499577999,0.030988502502441406,0.07366009056568146,0.0,0.071691133081913,0.0,0.2816501259803772
8189,0.0063793533481657505,0.020678167045116425,0.031345215067267417,0.0695243313908577,0.0,0.07168181240558624,0.0,0.2816516160964966
8190,0.006605148874223232,0.019392592087388038,0.02949097752571106,0.06857099384069443,0.0,0.07167605310678482,0.0,0.28165367245674133
8191,0.0064258787781000136,0.019647032395005225,0.029496048763394355,0.06513324975967408,0.0,0.07166766375303268,0.0,0.2816559970378876
8192,0.006623843125998974,0.018580306321382523,0.03268078975379467,0.06483953297138215,0.0,0.07165814191102982,0.0,0.2816576659679413
8193,0.006298129074275493,0.020302732661366462,0.028286211565136908,0.0650897890329361,0.0,0.07164808362722397,0.0,0.28165900707244873
8194,0.006676288973540068,0.020646995306015013,0.030676596239209174,0.06875136122107506,0.0,0.07164444029331207,0.0,0.2816592752933502
8195,0.006552229449152946,0.019545866921544076,0.029585449025034904,0.07145304083824158,0.0,0.07164178043603897,0.0,0.28165918588638306
8196,0.006431869510561228,0.018843451514840126,0.030414533242583273,0.07031823098659515,0.0,0.0716436505317688,0.0,0.28166085481643677
8197,0.006222212966531515,0.019831165671348572,0.029371404275298118,0.06645748615264893,0.0,0.07165063172578812,0.0,0.2816617488861084
8198,0.006151892710477114,0.02040514424443245,0.029693009704351424,0.06784928441047669,0.0,0.0716627687215805,0.0,0.28166481852531433
8199,0.006754810642451048,0.019662443548440933,0.02866479754447937,0.0661108672618866,0.0,0.07167383283376694,0.0,0.28166916966438293
8200,0.00674591027200222,0.018659633025527,0.02947167046368122,0.06613345071673393,0.0,0.07167983055114746,0.0,0.28167587518692017
8201,0.00646014753729105,0.02028021737933159,0.030277277529239654,0.06480066180229187,0.0,0.07168163359165192,0.0,0.28168150782585144
8202,0.0064831149764359,0.019412405043840408,0.029224279150366784,0.07031478732824326,0.0,0.07168562710285187,0.0,0.2816879451274872
8203,0.006358861178159714,0.01917910613119602,0.03068460524082184,0.0663040116429329,0.0,0.07169085741043091,0.0,0.2816915512084961
8204,0.006799080781638623,0.020253338664770127,0.03069402165710926,0.06613160744309425,0.0,0.07169131934642792,0.0,0.28169411420822144
8205,0.006463765073567629,0.019534830003976822,0.03023490384221077,0.06654817387461662,0.0,0.07168592512607574,0.0,0.28169602155685425
8206,0.006474618893116712,0.0197192657738924,0.031238704547286035,0.06503864750266075,0.0,0.0716877430677414,0.0,0.2816968262195587
8207,0.006408745981752872,0.020016924664378166,0.02782454788684845,0.06784859150648118,0.0,0.07169030606746674,0.0,0.28169581294059753
8208,0.006314022932201624,0.019062927365303038,0.030530713871121405,0.0700050562620163,0.0,0.07169172167778015,0.0,0.2816944718360901
8209,0.006573021598160267,0.02015278525650501,0.028836467862129213,0.07091880887746811,0.0,0.07169581204652786,0.0,0.28169092535972595
8210,0.006703800242394209,0.02020746245980263,0.03113435171544552,0.07292570471763611,0.0,0.07170014083385468,0.0,0.2816884219646454
8211,0.006723253335803747,0.02027696408331394,0.03128329515457153,0.0699498102068901,0.0,0.07170253992080688,0.0,0.28168702125549316
8212,0.006981540005654097,0.019950976222753526,0.029616798087954522,0.07579694092273712,0.0,0.07170059531927109,0.0,0.281684011220932
8213,0.00685088774189353,0.019835293292999268,0.028229637816548348,0.06999912559986114,0.0,0.07170020043849945,0.0,0.2816818356513977
8214,0.006408482510596514,0.02009425051510334,0.03017723262310028,0.06900809183716775,0.0,0.07170361280441284,0.0,0.2816823124885559
8215,0.006564880255609751,0.018830840289592744,0.028922120854258538,0.06826463043689728,0.0,0.0717051774263382,0.0,0.2816806733608246
8216,0.006665447633713484,0.019926877319812776,0.02942660227417946,0.06602261066436768,0.0,0.07170794904232025,0.0,0.2816779613494873
8217,0.006501690298318863,0.01887083724141121,0.03098668120801449,0.07115773558616638,0.0,0.07171867787837982,0.0,0.2816767692565918
8218,0.006630506552755833,0.020091763511300088,0.03070107623934746,0.07236920893192292,0.0,0.07172869890928268,0.0,0.2816796898841858
8219,0.006773361843079329,0.01923624649643898,0.028979621455073358,0.06851180493831635,0.0,0.07173582911491394,0.0,0.28168338537216187
8220,0.00619832118973136,0.020114924758672714,0.030028802901506425,0.06682760566473007,0.0,0.07174389064311981,0.0,0.28168654441833496
8221,0.006519139278680086,0.020141493901610373,0.029980634152889252,0.06677002161741256,0.0,0.07175649702548981,0.0,0.28168871998786926
8222,0.006690798420459032,0.02039988450706005,0.03227723278105259,0.0689241886138916,0.0,0.07177531719207764,0.0,0.28169015049934387
8223,0.006634579412639141,0.019283006340265273,0.029784920066595076,0.06737539991736412,0.0,0.07179611921310425,0.0,0.2816908359527588
8224,0.006981396675109863,0.019353924691677092,0.029395706579089166,0.06795152276754379,0.0,0.07182000577449799,0.0,0.28169018030166626
8225,0.006319166254252195,0.018332735821604728,0.028403082489967348,0.06820316687226295,0.0,0.0718446597456932,0.0,0.2816879153251648
8226,0.006847632769495249,0.019256818294525146,0.029108863696455954,0.07242714017629623,0.0,0.07187026739120483,0.0,0.28168627619743347
8227,0.006287150923162699,0.019737521931529046,0.029936525970697403,0.07160227298736573,0.0,0.07189489901065826,0.0,0.2816830277442932
8228,0.006630522198975086,0.019868724048137665,0.02894318774342537,0.06606068536639213,0.0,0.07191808521747589,0.0,0.28167861700057983
8229,0.006717500276863575,0.018889688700437546,0.030284401029348373,0.06666064113378525,0.0,0.07193505764007568,0.0,0.2816743850708008
8230,0.006557177752256393,0.019616904854774474,0.029378429055213928,0.06837226450443268,0.0,0.07194723188877106,0.0,0.28167295455932617
8231,0.006222276017069817,0.019591622799634934,0.02896185256540775,0.07175308018922806,0.0,0.07195728272199631,0.0,0.2816721498966217
8232,0.006930540315806866,0.019968054443597793,0.030108121037483216,0.06878851428627968,0.0,0.0719611793756485,0.0,0.28167349100112915
8233,0.006253867968916893,0.019789251312613488,0.03043341711163521,0.07212171703577042,0.0,0.07196719199419022,0.0,0.2816742956638336
8234,0.006857926677912474,0.01888233982026577,0.028328269347548486,0.07356446981430054,0.0,0.0719735249876976,0.0,0.2816750109195709
8235,0.006671567168086767,0.02060161978006363,0.02970942445099354,0.06909243538975715,0.0,0.07197682559490204,0.0,0.2816770076751709
8236,0.006414714828133583,0.019987484067678453,0.029592387750744818,0.06945661902427673,0.0,0.07198353856801987,0.0,0.2816796898841858
8237,0.006491168215870857,0.01889656186103821,0.028795884177088737,0.06913535371422767,0.0,0.07198385894298553,0.0,0.2816825211048126
8238,0.006629346124827862,0.018801257014274597,0.0293270293623209,0.0658658541738987,0.0,0.07198105752468109,0.0,0.2816842198371887
8239,0.006776026077568531,0.019008642807602883,0.02939017228782177,0.06631322503089905,0.0,0.07197729498147964,0.0,0.2816855013370514
8240,0.006327568925917149,0.020097692683339118,0.028866878896951675,0.06966939345002174,0.0,0.07197390496730804,0.0,0.2816848158836365
8241,0.006501430924981832,0.0185810174793005,0.02838081382215023,0.07055428922176361,0.0,0.07197394222021103,0.0,0.2816826403141022
8242,0.006499553564935923,0.019995180144906043,0.02996031939983368,0.06945176720619202,0.0,0.07197520136833191,0.0,0.28168052434921265
8243,0.006378903053700924,0.020112284645438194,0.029591269418597223,0.06765100657939911,0.0,0.07197503000497818,0.0,0.28167757391929626
8244,0.006664639618247747,0.019478877261281013,0.03029261976480484,0.0659468024969101,0.0,0.07197142392396927,0.0,0.2816755771636963
8245,0.006473541259765625,0.02006794437766075,0.03013049140572548,0.06947763860225678,0.0,0.07196928560733795,0.0,0.28167253732681274
8246,0.006481642462313175,0.01990324854850769,0.030826686695218087,0.07429013401269913,0.0,0.07197057455778122,0.0,0.28167015314102173
8247,0.006307953782379627,0.019903022423386575,0.030180436745285987,0.0676104947924614,0.0,0.07197467982769012,0.0,0.28166893124580383
8248,0.0067387324757874015,0.019374288246035577,0.027915869653224946,0.0724451869726181,0.0,0.07197381556034088,0.0,0.2816697955131531
8249,0.006566568091511726,0.020412811636924745,0.029494722187519074,0.07058572620153428,0.0,0.07197298109531403,0.0,0.2816694378852844
8250,0.006349166017025709,0.01944752298295498,0.029487413167953492,0.06877777725458145,0.0,0.07197079807519913,0.0,0.2816707491874695
8251,0.006975726503878832,0.019031085073947906,0.0290776789188385,0.07146978229284287,0.0,0.07196488231420517,0.0,0.2816738486289978
8252,0.006392247136682272,0.019767724722623826,0.03045138381421566,0.06674596965312958,0.0,0.07195667922496796,0.0,0.28167590498924255
8253,0.006328763999044895,0.018936531245708467,0.029992424324154852,0.06992911398410798,0.0,0.07195065915584564,0.0,0.281674325466156
8254,0.0069110972806811334,0.02007891274988651,0.029724671691656112,0.06944144070148468,0.0,0.07194690406322479,0.0,0.28167182207107544
8255,0.006799248233437538,0.019008075073361396,0.029083211347460745,0.07184217497706413,0.0,0.07194337248802185,0.0,0.2816697061061859
8256,0.006388292368501425,0.018728872016072273,0.028951818123459816,0.06816045641899109,0.0,0.07194215804338455,0.0,0.28166842460632324
8257,0.006379957403987646,0.0193006481975317,0.02962830923497677,0.06708506941795349,0.0,0.07193955779075623,0.0,0.28166916966438293
8258,0.006781904026865959,0.019518715515732765,0.03165950886905193,0.06723526865243912,0.0,0.07193844765424728,0.0,0.28167039155960083
8259,0.00679108165204525,0.019208105653524397,0.030088789761066437,0.06663478836417198,0.0,0.07193799316883087,0.0,0.28167444467544556
8260,0.006599900778383017,0.018501918017864227,0.029850058257579803,0.06961320340633392,0.0,0.07194061577320099,0.0,0.28167837858200073
8261,0.00654832562431693,0.019985780119895935,0.027809548377990722,0.06848024129867554,0.0,0.07193683087825775,0.0,0.281680166721344
8262,0.006315133254975081,0.020222205296158792,0.028882981091737748,0.06973381042480468,0.0,0.07193446904420853,0.0,0.28168097138404846
8263,0.007046047504991293,0.018963562697172164,0.028270972520112993,0.06796527430415153,0.0,0.07192789763212204,0.0,0.28168243169784546
8264,0.006826606951653958,0.019088330492377282,0.031123758107423783,0.06877835988998413,0.0,0.07191984355449677,0.0,0.2816845178604126
8265,0.006525990273803473,0.020187733694911003,0.02754023000597954,0.07011047452688217,0.0,0.07191096246242523,0.0,0.28168463706970215
8266,0.0063916492275893685,0.019859442859888075,0.03165612928569317,0.07190838903188705,0.0,0.0719052329659462,0.0,0.2816866338253021
8267,0.006604293920099735,0.019824839383363723,0.029590078443288804,0.0692309558391571,0.0,0.07190299779176712,0.0,0.28168827295303345
8268,0.006590835098177194,0.019878826290369033,0.02898394912481308,0.06778683513402939,0.0,0.07190260291099548,0.0,0.2816896438598633
8269,0.006443993002176285,0.01944699473679066,0.028257482498884202,0.06725888550281525,0.0,0.07190486043691635,0.0,0.28169065713882446
8270,0.006497962586581707,0.019486645609140395,0.02863413542509079,0.06989255249500274,0.0,0.07190101593732834,0.0,0.28169164061546326
8271,0.006457425002008676,0.02025662250816822,0.027915211766958235,0.06987836360931396,0.0,0.07189630717039108,0.0,0.28169330954551697
8272,0.00691229160875082,0.01948558948934078,0.028617522120475768,0.06589516401290893,0.0,0.07189591974020004,0.0,0.2816935181617737
8273,0.006934068258851766,0.020086005702614783,0.0301589947193861,0.07031601965427399,0.0,0.07189641147851944,0.0,0.2816917896270752
8274,0.006537264958024025,0.019331889972090722,0.030846087262034416,0.07038868740200996,0.0,0.07190196961164474,0.0,0.28169018030166626
8275,0.007037725765258074,0.0191412091255188,0.03240293376147747,0.06731322258710862,0.0,0.07190736383199692,0.0,0.28168708086013794
8276,0.006640778109431267,0.020580009371042252,0.03073239214718342,0.07039551660418511,0.0,0.07191454619169235,0.0,0.28168293833732605
8277,0.006870598252862692,0.02007000558078289,0.029615790396928788,0.0643194742500782,0.0,0.07192002236843109,0.0,0.2816789746284485
8278,0.006316591985523701,0.01927940919995308,0.029560565203428268,0.07144279628992081,0.0,0.07192698121070862,0.0,0.28167667984962463
8279,0.006572786625474692,0.01962273195385933,0.030129226669669152,0.07543320506811142,0.0,0.07193435728549957,0.0,0.28167489171028137
8280,0.006444359757006168,0.019360409304499625,0.031119878217577935,0.06848170459270478,0.0,0.07193927466869354,0.0,0.28167372941970825
8281,0.00646157180890441,0.018961073458194734,0.030994303151965143,0.07232271879911423,0.0,0.07194223254919052,0.0,0.2816740870475769
8282,0.006276826187968254,0.018891286477446555,0.031049357354640962,0.07231942415237427,0.0,0.07193983346223831,0.0,0.2816735804080963
8283,0.006308372411876917,0.020700932294130326,0.03049822822213173,0.07227159589529038,0.0,0.07193468511104584,0.0,0.281672865152359
8284,0.006345666572451591,0.019568495079874994,0.030139960721135138,0.0686960130929947,0.0,0.07193493843078613,0.0,0.281671404838562
8285,0.006371759250760079,0.019666214659810066,0.03047572821378708,0.07020819634199142,0.0,0.07193344831466675,0.0,0.28167015314102173
8286,0.006316581275314093,0.02032473161816597,0.02944318801164627,0.06549880504608155,0.0,0.0719260424375534,0.0,0.2816711962223053
8287,0.006434803083539009,0.020136192813515662,0.02967265620827675,0.06549765020608903,0.0,0.07192210853099823,0.0,0.2816740870475769
8288,0.00649730246514082,0.019935575500130653,0.030375000834465028,0.07083530202507973,0.0,0.07192404568195343,0.0,0.2816774547100067
8289,0.006906176172196865,0.019502387940883638,0.03103940524160862,0.07427452802658081,0.0,0.07192306965589523,0.0,0.28168001770973206
8290,0.006578571908175945,0.020828761160373688,0.029544448107481004,0.0711272343993187,0.0,0.07192866504192352,0.0,0.28168004751205444
8291,0.0069007018581032755,0.018842517212033272,0.029322674497961998,0.07038376182317733,0.0,0.07193003594875336,0.0,0.28168004751205444
8292,0.006415188871324062,0.018730814382433892,0.03184777349233627,0.07166228592395782,0.0,0.07192955911159515,0.0,0.28167852759361267
8293,0.006264447048306465,0.02044301889836788,0.03041398264467716,0.06746570169925689,0.0,0.0719304159283638,0.0,0.281676709651947
8294,0.006439452804625034,0.020388476178050043,0.03104691058397293,0.07064664512872695,0.0,0.07193183153867722,0.0,0.2816776633262634
8295,0.006650906428694725,0.020143350958824156,0.030634012445807456,0.06708266362547874,0.0,0.07193173468112946,0.0,0.28167933225631714
8296,0.006723274663090706,0.019331273064017294,0.029367514699697495,0.06822966486215591,0.0,0.07192698866128922,0.0,0.2816825211048126
8297,0.006451074685901404,0.019571177661418915,0.030031298100948334,0.07032723128795623,0.0,0.07192178070545197,0.0,0.2816862463951111
8298,0.006168010737746954,0.020238807424902916,0.02977277748286724,0.06672274470329284,0.0,0.07191325724124908,0.0,0.28169018030166626
8299,0.006529085710644722,0.018678329512476922,0.02939358688890934,0.070839262008667,0.0,0.07190384715795517,0.0,0.28169533610343933
8300,0.006603415589779615,0.01952454522252083,0.030485517531633376,0.06765758022665977,0.0,0.07189160585403442,0.0,0.2817029654979706
8301,0.00649987580254674,0.019383060932159423,0.029508352652192114,0.06582635790109634,0.0,0.07188107073307037,0.0,0.2817091643810272
8302,0.006514613796025514,0.020279853045940398,0.029864678531885146,0.06798852980136871,0.0,0.07187358289957047,0.0,0.2817143499851227
8303,0.006373797357082367,0.01998665854334831,0.029225002974271774,0.06703077852725983,0.0,0.07186517119407654,0.0,0.28171688318252563
8304,0.006792937312275172,0.02034529373049736,0.02984992228448391,0.06701797544956208,0.0,0.07185639441013336,0.0,0.2817194163799286
8305,0.00668130973353982,0.01932980678975582,0.030730782821774483,0.06670575588941574,0.0,0.0718468576669693,0.0,0.28171953558921814
8306,0.00617903470993042,0.020215966925024986,0.029084561765193938,0.06745403185486794,0.0,0.07183903455734253,0.0,0.28171756863594055
8307,0.006208425667136907,0.020451290160417558,0.03063513934612274,0.06711571216583252,0.0,0.07183156907558441,0.0,0.2817141115665436
8308,0.006864110939204693,0.018808339908719062,0.02911989241838455,0.06753862053155898,0.0,0.07182870805263519,0.0,0.28171011805534363
8309,0.006457381043583154,0.019406964257359504,0.02925896868109703,0.07198090255260467,0.0,0.07182647287845612,0.0,0.2817060053348541
8310,0.006809501443058252,0.019878293201327325,0.03070569932460785,0.0686774268746376,0.0,0.07182522863149643,0.0,0.2817017138004303
8311,0.006636916939169168,0.019746752083301546,0.0285535030066967,0.07197940200567246,0.0,0.07182224094867706,0.0,0.281698614358902
8312,0.006722593307495117,0.019580022990703584,0.030927756801247597,0.07179025858640671,0.0,0.07181906700134277,0.0,0.28169697523117065
8313,0.006327435281127692,0.0201239176094532,0.02937227487564087,0.07546198666095734,0.0,0.07181452959775925,0.0,0.28169769048690796
8314,0.006717840861529112,0.01823999173939228,0.03123002052307129,0.06945884972810745,0.0,0.07181344926357269,0.0,0.2816999852657318
8315,0.006909274775534868,0.01997438296675682,0.029139631986618043,0.07071015685796737,0.0,0.07181410491466522,0.0,0.28170499205589294
8316,0.006721511483192444,0.02106687016785145,0.029977715760469436,0.06771306097507476,0.0,0.0718110203742981,0.0,0.2817121744155884
8317,0.006473072618246078,0.019482748210430147,0.03012176714837551,0.06891610473394394,0.0,0.07181305438280106,0.0,0.2817176282405853
8318,0.006452392786741257,0.019255735352635382,0.02924171872437,0.06886775717139244,0.0,0.07181517779827118,0.0,0.2817232310771942
8319,0.00639478750526905,0.01905374750494957,0.03192698881030083,0.07037456780672073,0.0,0.0718165934085846,0.0,0.2817269563674927
8320,0.006270122528076172,0.0196385707706213,0.02784794382750988,0.07241620868444443,0.0,0.07181362807750702,0.0,0.2817303538322449
8321,0.006356451101601124,0.019309552758932112,0.03007802739739418,0.07189269810914993,0.0,0.07181727886199951,0.0,0.2817327082157135
8322,0.006445777602493763,0.019751865044236185,0.02925467975437641,0.06881220638751984,0.0,0.07182171195745468,0.0,0.28173285722732544
8323,0.006427926849573851,0.019734877720475198,0.029262632131576538,0.06766414046287536,0.0,0.07182367891073227,0.0,0.2817327380180359
8324,0.006874553952366113,0.020693264529109003,0.02852291576564312,0.07040966600179673,0.0,0.0718250721693039,0.0,0.2817334532737732
8325,0.0068756272085011005,0.01787523180246353,0.0283270925283432,0.06911944150924683,0.0,0.07182636857032776,0.0,0.28173521161079407
8326,0.006499978434294462,0.019985091313719748,0.03170693665742874,0.06724527776241303,0.0,0.07182376086711884,0.0,0.2817389965057373
8327,0.006432673707604408,0.01953679881989956,0.030801333114504816,0.07244389802217484,0.0,0.07182174921035767,0.0,0.28174400329589844
8328,0.006421616766601801,0.019896049052476883,0.029911118000745772,0.06965976059436799,0.0,0.07181745767593384,0.0,0.2817489504814148
8329,0.0067671071738004684,0.019751366600394248,0.030386870354413988,0.07107524424791337,0.0,0.07181514799594879,0.0,0.2817533612251282
8330,0.0063099154271185395,0.01997689940035343,0.02890072651207447,0.06690142005681991,0.0,0.07181431353092194,0.0,0.28175732493400574
8331,0.006469044741243124,0.01918778456747532,0.030463946610689165,0.06780586838722229,0.0,0.07181093096733093,0.0,0.2817629873752594
8332,0.006887714937329292,0.02015557326376438,0.03217927291989327,0.06786339282989502,0.0,0.0718078538775444,0.0,0.28176990151405334
8333,0.006594672240316868,0.01907639130949974,0.029975928366184235,0.07021966278553009,0.0,0.07180266827344894,0.0,0.28177231550216675
8334,0.0064215722493827345,0.020551083981990813,0.029357557371258735,0.06764858961105347,0.0,0.07179616391658783,0.0,0.28177398443222046
8335,0.006240471825003624,0.02026587873697281,0.031208958104252817,0.07159325033426285,0.0,0.07178781926631927,0.0,0.2817760407924652
8336,0.006417340599000454,0.01870686635375023,0.03065909557044506,0.07290272116661071,0.0,0.07177994400262833,0.0,0.2817777097225189
8337,0.006752740684896707,0.01938442178070545,0.029721436277031898,0.07034119665622711,0.0,0.07176818698644638,0.0,0.2817780375480652
8338,0.006250966433435678,0.020335451513528825,0.02902851402759552,0.06865598559379578,0.0,0.07175704091787338,0.0,0.28177863359451294
8339,0.0066326441243290905,0.01878459006547928,0.029206658899784087,0.07180394679307937,0.0,0.07174917310476303,0.0,0.281777948141098
8340,0.006894707027822733,0.01951259784400463,0.029471488669514656,0.06657615154981614,0.0,0.07174350321292877,0.0,0.2817763388156891
8341,0.00646847989410162,0.01964747905731201,0.029223252832889558,0.07276416271924972,0.0,0.07173887640237808,0.0,0.28177347779273987
8342,0.006534869875758886,0.018884169682860375,0.028722186759114265,0.06797664314508438,0.0,0.07173638790845871,0.0,0.28177109360694885
8343,0.006258986983448267,0.019371558725833894,0.030426326394081115,0.06985733360052108,0.0,0.07173437625169754,0.0,0.28176945447921753
8344,0.0066405039280653,0.01947581171989441,0.031140261515974998,0.07033647149801255,0.0,0.07172985374927521,0.0,0.2817685008049011
8345,0.006387182418256998,0.019161098822951316,0.029343939572572707,0.06890599429607391,0.0,0.07172363996505737,0.0,0.28176814317703247
8346,0.006653518974781036,0.019481149688363075,0.02812108360230923,0.06789941936731339,0.0,0.07171891629695892,0.0,0.28176990151405334
8347,0.0067075291648507115,0.01913679800927639,0.0290528267621994,0.067919160425663,0.0,0.07171694189310074,0.0,0.2817726731300354
8348,0.006310921255499124,0.02005877308547497,0.029792028665542602,0.07053330987691879,0.0,0.07171483337879181,0.0,0.28177595138549805
8349,0.006291552260518074,0.019211897253990175,0.03020308502018452,0.0628213919699192,0.0,0.0717151015996933,0.0,0.28177934885025024
8350,0.006603593192994595,0.019166122376918792,0.029874855652451515,0.07079272717237473,0.0,0.07171837240457535,0.0,0.2817818224430084
8351,0.0066681747324764725,0.019660644605755805,0.03223749026656151,0.06678982153534889,0.0,0.07171834260225296,0.0,0.28178250789642334
8352,0.006932658329606056,0.01945050582289696,0.028642566129565238,0.06929009109735489,0.0,0.07171596586704254,0.0,0.28178396821022034
8353,0.006237053126096725,0.01968574747443199,0.02951948195695877,0.06900380104780197,0.0,0.07170774042606354,0.0,0.28178679943084717
8354,0.0068826422095298765,0.019087721779942512,0.02824476733803749,0.07225434482097626,0.0,0.07169771194458008,0.0,0.2817874848842621
8355,0.006650067493319511,0.018929217383265494,0.03049016073346138,0.0695471666753292,0.0,0.07168475538492203,0.0,0.2817864418029785
8356,0.006693432107567787,0.020729584246873857,0.028961294144392014,0.07218951731920242,0.0,0.07167234271764755,0.0,0.28178513050079346
8357,0.006486436352133751,0.018811719492077827,0.0312965739518404,0.06811917573213577,0.0,0.07165943086147308,0.0,0.2817857265472412
8358,0.006977175641804933,0.018330424651503564,0.03140533454716206,0.06715874895453453,0.0,0.07164619863033295,0.0,0.2817857265472412
8359,0.006303719431161881,0.02023879736661911,0.030512799695134162,0.06766275614500046,0.0,0.07163093984127045,0.0,0.281785786151886
8360,0.006964834220707416,0.019424266740679742,0.030996046587824823,0.06487154215574265,0.0,0.07161730527877808,0.0,0.2817839980125427
8361,0.006660415511578322,0.01989462338387966,0.032820730656385425,0.07023221254348755,0.0,0.07160022109746933,0.0,0.28178054094314575
8362,0.006400845665484667,0.01966465897858143,0.030497751384973525,0.06928827762603759,0.0,0.07158849388360977,0.0,0.28177717328071594
8363,0.006513855699449777,0.018926617130637167,0.03123841993510723,0.06868975311517715,0.0,0.0715782567858696,0.0,0.2817748785018921
8364,0.006548595987260342,0.0195556640625,0.032471674308180806,0.0691882237792015,0.0,0.07157139480113983,0.0,0.28177258372306824
8365,0.006185487844049931,0.01975603252649307,0.028141756355762482,0.06806031763553619,0.0,0.07156165689229965,0.0,0.281770795583725
8366,0.006729624792933464,0.019910889863967895,0.02999948300421238,0.07096181213855743,0.0,0.07155434787273407,0.0,0.2817685008049011
8367,0.006526108551770449,0.01970677599310875,0.030314362421631814,0.06397733092308044,0.0,0.07155130058526993,0.0,0.2817665636539459
8368,0.006699592154473066,0.01936521828174591,0.031231658533215523,0.06914764195680619,0.0,0.07155270874500275,0.0,0.2817651927471161
8369,0.006876668520271778,0.01956087201833725,0.029592427611351012,0.06763042509555817,0.0,0.0715518370270729,0.0,0.2817636728286743
8370,0.006538090668618679,0.01985372193157673,0.030382538959383965,0.0688258394598961,0.0,0.07155196368694305,0.0,0.28176432847976685
8371,0.006506169401109219,0.01962340660393238,0.031154853105545045,0.06793368756771087,0.0,0.07155002653598785,0.0,0.28176572918891907
8372,0.006378109194338321,0.019729598984122278,0.029041753709316255,0.06754356920719147,0.0,0.07154601812362671,0.0,0.2817678153514862
8373,0.006790778692811727,0.01904599592089653,0.029218390583992004,0.06732701510190964,0.0,0.07154329121112823,0.0,0.2817695736885071
8374,0.006679962668567896,0.019260017573833464,0.030734962224960326,0.06943896114826202,0.0,0.0715406984090805,0.0,0.2817712128162384
8375,0.006845266185700893,0.019660890847444535,0.02893866039812565,0.07136129736900329,0.0,0.07153980433940887,0.0,0.28177303075790405
8376,0.0069407575763762,0.019035615399479865,0.028861291706562042,0.06592647433280945,0.0,0.07153856754302979,0.0,0.2817724943161011
8377,0.0065443295054137705,0.020633431151509285,0.030168859288096428,0.06602098792791367,0.0,0.07153423130512238,0.0,0.28177088499069214
8378,0.0064033808186650274,0.019981154799461366,0.03171699978411198,0.07169775068759918,0.0,0.07153360545635223,0.0,0.28177064657211304
8379,0.006458449922502041,0.01980885900557041,0.029968820884823798,0.07391375005245208,0.0,0.0715319886803627,0.0,0.28177064657211304
8380,0.006753060314804315,0.019553463160991668,0.02791471816599369,0.06922685652971268,0.0,0.07152675092220306,0.0,0.28177136182785034
8381,0.006655652914196253,0.018570442497730256,0.029958590120077132,0.06586994826793671,0.0,0.07152072340250015,0.0,0.2817723751068115
8382,0.006605242751538754,0.020367369800806046,0.02824004366993904,0.07127021849155427,0.0,0.07151259481906891,0.0,0.2817741632461548
8383,0.006130769196897745,0.018620519340038298,0.028790400177240372,0.0703177087008953,0.0,0.07151007652282715,0.0,0.2817769944667816
8384,0.007098828162997961,0.02059429921209812,0.029380693286657333,0.06981912702322006,0.0,0.071506068110466,0.0,0.2817823886871338
8385,0.006171573512256145,0.019620366394519806,0.030099595710635186,0.06755192130804062,0.0,0.07150137424468994,0.0,0.28178709745407104
8386,0.006609405111521483,0.01890975758433342,0.030954604595899583,0.07733985781669617,0.0,0.07150042057037354,0.0,0.2817917764186859
8387,0.00630493825301528,0.019891831651329996,0.030565520375967027,0.06767794787883759,0.0,0.07150375097990036,0.0,0.28179511427879333
8388,0.006214764807373286,0.020151041448116302,0.02943384200334549,0.06998713538050652,0.0,0.07150715589523315,0.0,0.28179627656936646
8389,0.006198275741189719,0.019115333259105683,0.03012290336191654,0.06993203908205033,0.0,0.0715072751045227,0.0,0.2817986011505127
8390,0.006846416182816029,0.019056585803627967,0.03127677105367184,0.06498816683888435,0.0,0.07150670140981674,0.0,0.28179773688316345
8391,0.006585069466382265,0.02002664878964424,0.03057060167193413,0.07013329714536667,0.0,0.07150222361087799,0.0,0.2817946970462799
8392,0.006583643797785044,0.018940216675400735,0.029171916469931603,0.07185820788145066,0.0,0.07149958610534668,0.0,0.2817917466163635
8393,0.006534713879227638,0.01955636888742447,0.0291019544005394,0.06829647496342658,0.0,0.0714939758181572,0.0,0.2817869782447815
8394,0.006641739327460527,0.020081933215260507,0.028685597702860832,0.06652920693159103,0.0,0.07149367779493332,0.0,0.2817830443382263
8395,0.006785167381167412,0.02031841278076172,0.029517951235175133,0.06828103512525559,0.0,0.07149152457714081,0.0,0.28177791833877563
8396,0.006523494608700275,0.018798308447003365,0.03141825273633003,0.07221744954586029,0.0,0.07149329036474228,0.0,0.28177332878112793
8397,0.006590177956968546,0.020046095922589303,0.02987779416143894,0.07153982073068618,0.0,0.07149656116962433,0.0,0.28176966309547424
8398,0.006730208825320006,0.02022228017449379,0.029988987371325493,0.06773432493209838,0.0,0.07149641960859299,0.0,0.28176942467689514
8399,0.006725202407687902,0.019535429403185846,0.031821508333086966,0.06939563676714897,0.0,0.0714934766292572,0.0,0.2817685306072235
8400,0.006559730786830187,0.020038774609565733,0.03255823850631714,0.06861382722854614,0.0,0.07148729264736176,0.0,0.2817714810371399
8401,0.006300074141472578,0.019806990399956703,0.029882637411355974,0.07048038840293884,0.0,0.07148359715938568,0.0,0.28177323937416077
8402,0.00667631421238184,0.020016784593462945,0.030636697262525558,0.07044187188148499,0.0,0.07147843390703201,0.0,0.28177720308303833
8403,0.006457760464400053,0.018830296769738197,0.030338875576853754,0.07029204815626144,0.0,0.07147374004125595,0.0,0.28178006410598755
8404,0.006794823706150055,0.019428757578134538,0.030649429187178612,0.07208766490221023,0.0,0.0714673101902008,0.0,0.2817815840244293
8405,0.006556697189807892,0.019891559705138208,0.03043268471956253,0.07158547639846802,0.0,0.07146424800157547,0.0,0.281782865524292
8406,0.006789223197847605,0.019310719147324563,0.032186409085989,0.07096943259239197,0.0,0.07145950943231583,0.0,0.28178519010543823
8407,0.007002381794154644,0.020094959065318108,0.031180563569068908,0.07011095583438873,0.0,0.07145754992961884,0.0,0.28178802132606506
8408,0.006573427189141512,0.019806810840964317,0.029304102063179016,0.06808618903160095,0.0,0.07145087420940399,0.0,0.2817900776863098
8409,0.006330250483006239,0.018785027787089348,0.02838212363421917,0.06728815883398057,0.0,0.07144127041101456,0.0,0.28179091215133667
8410,0.006853043287992478,0.020065555721521376,0.028543906286358833,0.07260961234569549,0.0,0.0714329406619072,0.0,0.2817913889884949
8411,0.006573034450411797,0.019579261913895606,0.030186333507299424,0.07351623475551605,0.0,0.07142788916826248,0.0,0.2817937433719635
8412,0.006525726150721311,0.01924147494137287,0.02852207310497761,0.06987300589680671,0.0,0.07142440974712372,0.0,0.2817972004413605
8413,0.006395124085247517,0.019752102345228194,0.02997663468122482,0.06982517540454865,0.0,0.07142145186662674,0.0,0.28180021047592163
8414,0.006509732827544213,0.0199708990752697,0.028932903334498404,0.07051486521959305,0.0,0.07141765207052231,0.0,0.2818039357662201
8415,0.006709948088973761,0.019583213701844217,0.03043464049696922,0.0691746011376381,0.0,0.07141555845737457,0.0,0.28180673718452454
8416,0.006581232324242592,0.018880270421504974,0.030954162031412123,0.06640187576413155,0.0,0.07141287624835968,0.0,0.2818111777305603
8417,0.006922845728695393,0.019639308750629424,0.029323163256049157,0.07173741608858109,0.0,0.07140890508890152,0.0,0.28181442618370056
8418,0.0066689602099359035,0.020366229489445685,0.02987029477953911,0.0691895343363285,0.0,0.0714031457901001,0.0,0.2818155884742737
8419,0.006266989186406136,0.018518218025565147,0.032217875495553015,0.06803507506847381,0.0,0.07140004634857178,0.0,0.2818171977996826
8420,0.006244716793298721,0.019437165930867195,0.030132729560136795,0.06901606023311616,0.0,0.07139872014522552,0.0,0.28181856870651245
8421,0.00639833714812994,0.02007814571261406,0.030014310032129288,0.0688099056482315,0.0,0.07139839231967926,0.0,0.2818177342414856
8422,0.006281634233891964,0.020298602432012557,0.029790042713284493,0.0724422201514244,0.0,0.07139912992715836,0.0,0.28181886672973633
8423,0.007048800960183144,0.019399278238415717,0.03033049702644348,0.06863724961876869,0.0,0.07140477001667023,0.0,0.28182005882263184
8424,0.006483486108481884,0.019504546001553536,0.030606612935662268,0.06931519508361816,0.0,0.07140912860631943,0.0,0.28182050585746765
8425,0.006799068208783865,0.02026243358850479,0.02835935465991497,0.06889155060052872,0.0,0.07141101360321045,0.0,0.2818202078342438
8426,0.006313493102788925,0.019567397609353065,0.029020432382822037,0.06796875,0.0,0.0714133083820343,0.0,0.28181976079940796
8427,0.006724249478429556,0.019755125418305396,0.029776059463620184,0.06940931528806686,0.0,0.0714210495352745,0.0,0.2818170189857483
8428,0.006193888187408447,0.019571051374077796,0.03143584728240967,0.06987871676683426,0.0,0.07143805176019669,0.0,0.28181543946266174
8429,0.006676305271685124,0.01984212249517441,0.03281865641474724,0.06648109331727028,0.0,0.07145653665065765,0.0,0.281813383102417
8430,0.0063289646990597245,0.019506826996803284,0.028333577886223794,0.0700218364596367,0.0,0.0714750587940216,0.0,0.28181105852127075
8431,0.006624340731650591,0.021095938235521316,0.030418849363923074,0.06654048040509224,0.0,0.0714932307600975,0.0,0.28180989623069763
8432,0.006643787771463394,0.02042331509292126,0.029893315583467483,0.07046531438827515,0.0,0.07151325792074203,0.0,0.28180646896362305
8433,0.006486884783953428,0.01922515332698822,0.03194319196045399,0.06884498745203019,0.0,0.07153403013944626,0.0,0.28180328011512756
8434,0.006460532639175653,0.018667463958263398,0.029981230199337006,0.06762617453932762,0.0,0.07155662775039673,0.0,0.28180021047592163
8435,0.006533526070415974,0.01975853405892849,0.02968946024775505,0.06837118119001388,0.0,0.07157424092292786,0.0,0.28179794549942017
8436,0.006537476927042008,0.020033497363328934,0.030990376323461532,0.06755621135234832,0.0,0.07159371674060822,0.0,0.2817939519882202
8437,0.006350728496909141,0.019567571580410004,0.02919917181134224,0.07291199415922164,0.0,0.07161487638950348,0.0,0.28178808093070984
8438,0.00638164822012186,0.01991870328783989,0.029376256838440896,0.07356759011745453,0.0,0.07163248211145401,0.0,0.28178083896636963
8439,0.0065779868513345715,0.018561509996652605,0.030204089358448982,0.0723192498087883,0.0,0.0716462954878807,0.0,0.28177520632743835
8440,0.006632963102310896,0.02056366205215454,0.030657824873924256,0.06795626580715179,0.0,0.07165396213531494,0.0,0.281769722700119
8441,0.006189003866165876,0.0196211040019989,0.028741567581892013,0.07063858807086945,0.0,0.07165456563234329,0.0,0.28176644444465637
8442,0.006391898076981306,0.019440045207738878,0.02960318624973297,0.07152496874332429,0.0,0.07165061682462692,0.0,0.2817639708518982
8443,0.006423058919608593,0.018626362830400468,0.031946629658341406,0.06512893810868263,0.0,0.0716424435377121,0.0,0.2817610800266266
8444,0.006473397556692362,0.018999990820884705,0.030185846611857414,0.06674311012029648,0.0,0.07163231074810028,0.0,0.2817571759223938
8445,0.006193838734179735,0.01913594752550125,0.029867568612098695,0.06727029532194137,0.0,0.07162173092365265,0.0,0.28175485134124756
8446,0.006755227502435446,0.01963183470070362,0.028216904029250145,0.07156954482197761,0.0,0.0716128796339035,0.0,0.2817533016204834
8447,0.006595452129840851,0.019185691699385644,0.02964220866560936,0.0709529772400856,0.0,0.07160553336143494,0.0,0.28174978494644165
8448,0.00622081458568573,0.018927410989999772,0.030712706968188286,0.07124302610754966,0.0,0.07159719616174698,0.0,0.28174638748168945
8449,0.0064086150377988815,0.018974530324339867,0.029171019420027734,0.07167037427425385,0.0,0.07158657163381577,0.0,0.2817420959472656
8450,0.006274493038654327,0.01906864084303379,0.029716551676392554,0.06781888604164124,0.0,0.0715751200914383,0.0,0.2817373275756836
8451,0.006305594183504582,0.019823314622044563,0.03206827864050865,0.06956351697444915,0.0,0.07156437635421753,0.0,0.28173357248306274
8452,0.006633557006716728,0.01895386204123497,0.027966923266649246,0.07297667860984802,0.0,0.07155516743659973,0.0,0.28172892332077026
8453,0.006516882684081793,0.019842245057225226,0.030920198187232018,0.0707245871424675,0.0,0.07154357433319092,0.0,0.28172674775123596
8454,0.00620457474142313,0.019618377834558488,0.02935571186244488,0.07058799862861634,0.0,0.07153309881687164,0.0,0.2817261815071106
8455,0.007095025200396776,0.019699717685580254,0.02904340475797653,0.06461414843797683,0.0,0.07151974737644196,0.0,0.2817271053791046
8456,0.006665084417909384,0.019523510336875917,0.029718313366174698,0.0744267538189888,0.0,0.07150815427303314,0.0,0.2817249298095703
8457,0.006554509233683348,0.020177221670746804,0.030452752485871315,0.06655009388923645,0.0,0.07149767875671387,0.0,0.28172287344932556
8458,0.006547980289906263,0.020182693749666213,0.029513872042298318,0.06886729300022125,0.0,0.07148949801921844,0.0,0.2817206382751465
8459,0.006695439573377371,0.02004009187221527,0.030274774134159087,0.07210823744535447,0.0,0.07148706912994385,0.0,0.28171825408935547
8460,0.0068294452503323555,0.01976631209254265,0.028905516490340233,0.06871961206197738,0.0,0.07148826867341995,0.0,0.2817164957523346
8461,0.0064737554639577866,0.019130689650774003,0.02925441935658455,0.06453224271535873,0.0,0.0714886486530304,0.0,0.281715452671051
8462,0.005975251365453005,0.019226117059588432,0.029212111979722975,0.07169017493724823,0.0,0.07148675620555878,0.0,0.2817164659500122
8463,0.006374064274132252,0.01897204779088497,0.02965986505150795,0.06590045094490052,0.0,0.07149133831262589,0.0,0.28171783685684204
8464,0.00661993557587266,0.019352762773633004,0.0316297646611929,0.07136094272136688,0.0,0.07149456441402435,0.0,0.28171879053115845
8465,0.006128107570111752,0.020019945129752158,0.028000577166676522,0.0689179316163063,0.0,0.07149752974510193,0.0,0.2817192077636719
8466,0.006389006786048412,0.01982998438179493,0.029834697768092156,0.06633631512522697,0.0,0.07150714844465256,0.0,0.28171879053115845
8467,0.006631069257855416,0.01858791708946228,0.030181841924786568,0.07113664597272873,0.0,0.07151351869106293,0.0,0.28171780705451965
8468,0.006717721745371818,0.01913919374346733,0.03051726296544075,0.06387715339660645,0.0,0.07151636481285095,0.0,0.2817150056362152
8469,0.00687456289306283,0.01939222924411297,0.029932145029306412,0.06775884479284286,0.0,0.0715235024690628,0.0,0.28171128034591675
8470,0.006592871528118849,0.020075441524386405,0.030589940771460534,0.06937986463308335,0.0,0.0715264081954956,0.0,0.2817075848579407
8471,0.005984674021601677,0.019811829179525377,0.03059358261525631,0.0717727467417717,0.0,0.07153872400522232,0.0,0.28170275688171387
8472,0.006593886390328407,0.01964453123509884,0.02879970706999302,0.07403790801763535,0.0,0.07155196368694305,0.0,0.2816993296146393
8473,0.0067111215554177765,0.01877540610730648,0.028637494519352914,0.06725171878933907,0.0,0.0715610533952713,0.0,0.28169772028923035
8474,0.006887019146233797,0.019009285047650336,0.027304713800549506,0.06507398635149002,0.0,0.07157352566719055,0.0,0.28169578313827515
8475,0.00614740327000618,0.0196725457906723,0.030528678745031356,0.06958643496036529,0.0,0.07158496230840683,0.0,0.2816951870918274
8476,0.006679621525108814,0.019074135273694993,0.028546633571386336,0.07125660479068756,0.0,0.07159413397312164,0.0,0.2816965579986572
8477,0.006437624525278807,0.019868415594100953,0.02936108857393265,0.06776901111006736,0.0,0.07160190492868423,0.0,0.2816985249519348
8478,0.006378785241395235,0.019013218581676483,0.03121948391199112,0.06984211951494217,0.0,0.0716070681810379,0.0,0.28170153498649597
8479,0.006461930740624666,0.01952358931303024,0.031010640412569047,0.06642355024814606,0.0,0.07161122560501099,0.0,0.28170421719551086
8480,0.0066510835662484166,0.01881827637553215,0.02863319739699364,0.06616351753473282,0.0,0.07161815464496613,0.0,0.28170379996299744
8481,0.006779809668660164,0.01959858387708664,0.02856760174036026,0.0681629940867424,0.0,0.07162795960903168,0.0,0.281704843044281
8482,0.0063073384575545784,0.020151178911328317,0.02980836443603039,0.07207994014024735,0.0,0.07163181155920029,0.0,0.2817050814628601
8483,0.00638133380562067,0.02045939490199089,0.027568618208169936,0.06838076859712601,0.0,0.0716385468840599,0.0,0.28170469403266907
8484,0.006414967961609364,0.01902502179145813,0.02972264066338539,0.07169886529445649,0.0,0.07164470851421356,0.0,0.28170162439346313
8485,0.006776511762291193,0.019466258957982062,0.03021296449005604,0.06747577339410782,0.0,0.07164470106363297,0.0,0.281700074672699
8486,0.006425269786268473,0.019537712261080743,0.029397327080368997,0.06609793454408645,0.0,0.07164435088634491,0.0,0.28169870376586914
8487,0.006842479016631842,0.01943065822124481,0.030240191146731377,0.07382778972387313,0.0,0.07164233922958374,0.0,0.2816971242427826
8488,0.006431306805461645,0.019960713014006613,0.03169692121446133,0.06424692496657372,0.0,0.07163827121257782,0.0,0.2816970944404602
8489,0.006339742057025433,0.019552447274327277,0.028336408361792565,0.07070743292570114,0.0,0.07163126766681671,0.0,0.28169697523117065
8490,0.006500695366412401,0.019206447526812553,0.029266945272684097,0.06582840383052826,0.0,0.07161913812160492,0.0,0.28169769048690796
8491,0.006450867932289839,0.021288970857858656,0.03067944198846817,0.06862172335386277,0.0,0.07160928100347519,0.0,0.28169894218444824
8492,0.006180700846016407,0.01882442571222782,0.030251765996217726,0.06968973204493523,0.0,0.07160069793462753,0.0,0.2816985547542572
8493,0.006367866601794958,0.02000570297241211,0.032000832259655,0.0752556711435318,0.0,0.0715898647904396,0.0,0.28169894218444824
8494,0.00672526303678751,0.020141951739788055,0.02785937935113907,0.06752061024308205,0.0,0.071578748524189,0.0,0.28169897198677063
8495,0.006384583842009306,0.019161536544561385,0.028796990960836412,0.06784213036298752,0.0,0.07156368345022202,0.0,0.28169870376586914
8496,0.006315409112721682,0.019503120332956314,0.029253076389431955,0.06877789422869682,0.0,0.0715467631816864,0.0,0.2816961407661438
8497,0.006761123985052108,0.01894867792725563,0.028088225424289702,0.06931075006723404,0.0,0.07152733951807022,0.0,0.28169310092926025
8498,0.006162373255938292,0.02008490413427353,0.028463856503367423,0.06748564690351486,0.0,0.07150670886039734,0.0,0.2816920876502991
8499,0.006756583601236344,0.019061151146888732,0.03167553544044495,0.06998250633478165,0.0,0.07148654758930206,0.0,0.28168898820877075
8500,0.006253131758421659,0.01995251178741455,0.03137259893119335,0.06853004246950149,0.0,0.07146475464105606,0.0,0.2816855311393738
8501,0.006720024812966585,0.01985476687550545,0.034315484762191775,0.0726204589009285,0.0,0.0714445561170578,0.0,0.2816830575466156
8502,0.00631916793063283,0.019399066269397736,0.03050950914621353,0.0661193922162056,0.0,0.07142317295074463,0.0,0.28168120980262756
8503,0.006629217881709337,0.019783449172973634,0.02996627241373062,0.07019947469234467,0.0,0.07140065729618073,0.0,0.28167831897735596
8504,0.006533201411366462,0.019954169541597365,0.027992366626858712,0.07192181497812271,0.0,0.07138144969940186,0.0,0.2816752791404724
8505,0.006503986567258835,0.020385981351137162,0.02999074086546898,0.07071933150291443,0.0,0.0713643878698349,0.0,0.2816708981990814
8506,0.006514083221554756,0.020660022273659706,0.030802707746624948,0.07187052667140961,0.0,0.0713479071855545,0.0,0.28166884183883667
8507,0.006624067667871714,0.01945699341595173,0.029339442029595375,0.07102562487125397,0.0,0.07134068012237549,0.0,0.2816680073738098
8508,0.006463548820465803,0.019448862224817277,0.029820728674530984,0.06977847218513489,0.0,0.07133565098047256,0.0,0.28166675567626953
8509,0.006423969008028507,0.01968696266412735,0.02886558659374714,0.07342898994684219,0.0,0.0713307335972786,0.0,0.2816670835018158
8510,0.006568231992423535,0.018572157248854637,0.031190256029367446,0.06709189042448997,0.0,0.07132966816425323,0.0,0.2816689610481262
8511,0.006685235537588596,0.019545120745897294,0.030600036680698394,0.06795528307557105,0.0,0.07132144272327423,0.0,0.28167077898979187
8512,0.00669915908947587,0.019859800487756728,0.030052867159247397,0.06963825225830078,0.0,0.07131508737802505,0.0,0.28167277574539185
8513,0.0060085667297244075,0.019764845818281175,0.030973851308226587,0.06811020821332932,0.0,0.07130797952413559,0.0,0.281675785779953
8514,0.0062568169087171555,0.019592486694455145,0.03148896172642708,0.06796715706586838,0.0,0.0713026225566864,0.0,0.28167739510536194
8515,0.006475933082401753,0.019537261128425597,0.02887146584689617,0.07195811122655868,0.0,0.07130150496959686,0.0,0.28168123960494995
8516,0.006274793762713671,0.0191764235496521,0.031564776226878165,0.06897558271884918,0.0,0.07130195200443268,0.0,0.2816852331161499
8517,0.0067248293198645115,0.01877265125513077,0.029954269900918006,0.06696189492940903,0.0,0.07129836082458496,0.0,0.2816900908946991
8518,0.0063895006664097306,0.01941208206117153,0.030805567651987074,0.06850018203258515,0.0,0.07129522413015366,0.0,0.28169357776641846
8519,0.006274279300123453,0.01964988633990288,0.0291078332811594,0.06820584312081338,0.0,0.07129278033971786,0.0,0.28169602155685425
8520,0.006523705739527941,0.019583477824926376,0.02973349913954735,0.06839163452386857,0.0,0.07128994166851044,0.0,0.2816983163356781
8521,0.006278014183044434,0.01940513551235199,0.029592110589146615,0.07122747451066971,0.0,0.0712890625,0.0,0.2817001938819885
8522,0.006575006619095802,0.01986694373190403,0.02854413278400898,0.07025952786207199,0.0,0.07129214704036713,0.0,0.28170046210289
8523,0.006978355534374714,0.018872009590268135,0.029936842620372772,0.06953953802585602,0.0,0.0712953582406044,0.0,0.28170347213745117
8524,0.0063756794668734075,0.01927989087998867,0.029725271090865136,0.07274543642997741,0.0,0.07129834592342377,0.0,0.28170448541641235
8525,0.006690213456749916,0.01909461207687855,0.028860197216272355,0.07149964272975921,0.0,0.07130227237939835,0.0,0.2817081809043884
8526,0.006324813701212406,0.019502768665552138,0.030659925192594528,0.07374478429555893,0.0,0.07130555063486099,0.0,0.2817089259624481
8527,0.0064557034522295,0.01839878559112549,0.029800507798790933,0.07055660337209702,0.0,0.07130816578865051,0.0,0.2817098796367645
8528,0.006872717663645745,0.01979406885802746,0.029903769120574,0.06813382580876351,0.0,0.071306511759758,0.0,0.28171199560165405
8529,0.00631789518520236,0.019628582894802092,0.03075108230113983,0.06741021424531937,0.0,0.07130707800388336,0.0,0.28171423077583313
8530,0.006446487456560135,0.02059069834649563,0.029225746542215346,0.06598074585199357,0.0,0.07130356878042221,0.0,0.28171634674072266
8531,0.0062887796200811865,0.019331013411283494,0.031187885999679567,0.07122797518968582,0.0,0.0712975412607193,0.0,0.2817186415195465
8532,0.006447606626898051,0.019920334219932556,0.02997455224394798,0.06927266865968704,0.0,0.07129675149917603,0.0,0.2817205786705017
8533,0.006219186447560787,0.019908520206809045,0.029748494178056716,0.06666219383478164,0.0,0.07129272073507309,0.0,0.28172072768211365
8534,0.006486472859978676,0.01972537636756897,0.029737916216254233,0.0641301803290844,0.0,0.07129056751728058,0.0,0.2817217707633972
8535,0.0067801748402416704,0.01981775797903538,0.03004055693745613,0.07133104205131531,0.0,0.07129786908626556,0.0,0.28172364830970764
8536,0.006816504150629043,0.018771022185683252,0.030099452659487724,0.07209734171628952,0.0,0.07130187749862671,0.0,0.2817234694957733
8537,0.006679087225347757,0.020362988486886023,0.029236946254968643,0.07108320146799088,0.0,0.0713043361902237,0.0,0.28172048926353455
8538,0.006740586180239916,0.020119045674800873,0.029059576243162154,0.0685803659260273,0.0,0.07130883634090424,0.0,0.28171592950820923
8539,0.006386538594961166,0.019905011355876922,0.031271420791745184,0.069722930341959,0.0,0.07130803167819977,0.0,0.28171059489250183
8540,0.006738921627402306,0.020112423971295357,0.028792963176965714,0.069170181453228,0.0,0.0713091567158699,0.0,0.2817043662071228
8541,0.006598311476409435,0.01918516866862774,0.02788943760097027,0.07142355740070343,0.0,0.07131221145391464,0.0,0.281699538230896
8542,0.006171932257711887,0.01922696754336357,0.029525912553071975,0.06733929291367531,0.0,0.07131819427013397,0.0,0.2816945016384125
8543,0.006490012258291244,0.01961752325296402,0.030067594721913338,0.06872450560331345,0.0,0.07132039964199066,0.0,0.281689316034317
8544,0.006408060248941183,0.01965101733803749,0.030430061370134355,0.06637019515037537,0.0,0.0713217481970787,0.0,0.28168603777885437
8545,0.006754368636757135,0.0191581841558218,0.02945162132382393,0.0697726547718048,0.0,0.07132057845592499,0.0,0.2816830277442932
8546,0.006509350892156362,0.020708222314715384,0.02881053015589714,0.069499072432518,0.0,0.07131830602884293,0.0,0.28168100118637085
8547,0.006809727288782597,0.01999347619712353,0.029493453353643416,0.07196978628635406,0.0,0.07131454348564148,0.0,0.28168031573295593
8548,0.006445988826453686,0.01889854185283184,0.0313347827643156,0.06960882991552353,0.0,0.0713118314743042,0.0,0.281678706407547
8549,0.006372289080172777,0.018041949719190598,0.03148584850132465,0.06862243711948394,0.0,0.07130605727434158,0.0,0.2816764712333679
8550,0.0060229537077248095,0.019647163152694703,0.03109993040561676,0.07172130644321442,0.0,0.0713011845946312,0.0,0.28167420625686646
8551,0.006580374948680401,0.01898464746773243,0.02904207780957222,0.07032272219657898,0.0,0.07129546999931335,0.0,0.2816728949546814
8552,0.005766390543431044,0.020083385333418847,0.03008863590657711,0.06445578560233116,0.0,0.07128505408763885,0.0,0.28166982531547546
8553,0.006706820148974657,0.019554320722818375,0.02792881615459919,0.07054094821214676,0.0,0.07127654552459717,0.0,0.28166651725769043
8554,0.0065619215369224545,0.018799445033073424,0.031396026536822316,0.06524990573525428,0.0,0.07126517593860626,0.0,0.281663715839386
8555,0.00626150444149971,0.019030605629086494,0.028681160882115364,0.07009161859750748,0.0,0.07125336676836014,0.0,0.28165969252586365
8556,0.006312877219170332,0.019637209177017213,0.030932556465268136,0.0703297346830368,0.0,0.07123945653438568,0.0,0.2816559672355652
8557,0.006346810795366764,0.0205381378531456,0.028989832475781442,0.0687483698129654,0.0,0.07122528553009033,0.0,0.28165411949157715
8558,0.006755416002124548,0.019308916851878168,0.029697128385305405,0.06871839761734008,0.0,0.07122080773115158,0.0,0.28165364265441895
8559,0.0062891957350075245,0.020855009183287622,0.03187726922333241,0.07231642454862594,0.0,0.0712115615606308,0.0,0.2816537916660309
8560,0.006320910900831223,0.019243602827191352,0.029372042044997215,0.06753858625888824,0.0,0.07120323926210403,0.0,0.28165385127067566
8561,0.00625547505915165,0.019592715054750444,0.029781075194478035,0.06681422740221024,0.0,0.07119254022836685,0.0,0.28165382146835327
8562,0.0060481904074549675,0.019447512924671173,0.029049018397927284,0.06997819989919662,0.0,0.07117854058742523,0.0,0.2816542387008667
8563,0.006474078632891178,0.018710778653621675,0.030358241870999336,0.0700962632894516,0.0,0.0711631327867508,0.0,0.2816518545150757
8564,0.006442674063146114,0.02006595954298973,0.03130696937441826,0.07017693147063256,0.0,0.071146160364151,0.0,0.28164854645729065
8565,0.006479811947792768,0.01948363482952118,0.029410789534449578,0.06682839244604111,0.0,0.07113546133041382,0.0,0.28164204955101013
8566,0.006428366247564554,0.01972551867365837,0.030258503556251527,0.07619164139032364,0.0,0.07112224400043488,0.0,0.2816372513771057
8567,0.006184779945760966,0.0200708482414484,0.030660662800073624,0.06742608696222305,0.0,0.07111316919326782,0.0,0.28163114190101624
8568,0.007022875361144543,0.01992073729634285,0.0285899106413126,0.07181467562913894,0.0,0.0711032971739769,0.0,0.2816269099712372
8569,0.006471580546349287,0.020420577749609946,0.028697437420487405,0.06844401359558105,0.0,0.07109250128269196,0.0,0.28162267804145813
8570,0.0065911287441849705,0.019564345851540564,0.031539935246109964,0.06721737831830979,0.0,0.07107985764741898,0.0,0.2816179692745209
8571,0.0065608502365648745,0.020160123705863953,0.03047787956893444,0.06826290935277939,0.0,0.07107041031122208,0.0,0.28161463141441345
8572,0.006586961355060339,0.01996605396270752,0.02914017513394356,0.06710711196064949,0.0,0.07106266915798187,0.0,0.2816128730773926
8573,0.006530978996306658,0.019391442462801934,0.029485034570097924,0.06925614476203919,0.0,0.07105447351932526,0.0,0.2816137671470642
8574,0.0064495999366045,0.019078635424375535,0.03129456676542759,0.0714534044265747,0.0,0.07105233520269394,0.0,0.2816128134727478
8575,0.0062440019100904465,0.01874501146376133,0.03091532029211521,0.06737837046384812,0.0,0.07105414569377899,0.0,0.28161314129829407
8576,0.006266980059444904,0.020250451937317848,0.03097306489944458,0.07336734682321548,0.0,0.07105221599340439,0.0,0.28160998225212097
8577,0.006362774223089218,0.019772277027368546,0.02889206148684025,0.06706171259284019,0.0,0.07104964554309845,0.0,0.28160858154296875
8578,0.0066221880726516245,0.019681985303759576,0.029471850022673607,0.06915944516658783,0.0,0.07104969024658203,0.0,0.28160563111305237
8579,0.006517516635358334,0.019465787336230278,0.03123701885342598,0.06858661323785782,0.0,0.0710577517747879,0.0,0.28160426020622253
8580,0.006555321346968413,0.0199369877576828,0.029276500269770623,0.07172377556562423,0.0,0.07106601446866989,0.0,0.2816030979156494
8581,0.0063518787734210495,0.01932554580271244,0.030021994560956954,0.07040132284164428,0.0,0.07107490301132202,0.0,0.2816024422645569
8582,0.006611636187881231,0.020943008363246918,0.029366510361433028,0.0704397901892662,0.0,0.07108030468225479,0.0,0.28160014748573303
8583,0.006356810592114926,0.0189939234405756,0.030687894299626352,0.07397630363702774,0.0,0.07108725607395172,0.0,0.2815985679626465
8584,0.006236256565898657,0.020034375414252282,0.029673849791288377,0.06874989941716195,0.0,0.07109204679727554,0.0,0.28159862756729126
8585,0.006616371963173151,0.02001498006284237,0.03199850879609585,0.06947999447584152,0.0,0.07109588384628296,0.0,0.28160133957862854
8586,0.006537806894630194,0.019623221829533577,0.029315675050020217,0.0681096851825714,0.0,0.07111157476902008,0.0,0.2816048264503479
8587,0.0061409339308738705,0.019506723806262016,0.02962309829890728,0.06954174414277077,0.0,0.07112615555524826,0.0,0.2816092371940613
8588,0.006312091927975416,0.02013272009789944,0.030808225274086,0.06801954209804535,0.0,0.07113916426897049,0.0,0.2816147208213806
8589,0.006464888714253903,0.01993498094379902,0.028313764557242393,0.07068422883749008,0.0,0.07114923745393753,0.0,0.28162088990211487
8590,0.006392330676317215,0.019187509641051294,0.030403659120202063,0.06418612822890282,0.0,0.0711633712053299,0.0,0.2816275358200073
8591,0.006337772961705923,0.02017228417098522,0.0312923364341259,0.06985792368650437,0.0,0.07117874175310135,0.0,0.28163179755210876
8592,0.006514356192201376,0.019708505645394326,0.028921401873230935,0.06993276551365853,0.0,0.071194589138031,0.0,0.28163713216781616
8593,0.006033914908766746,0.020277148485183714,0.02983817458152771,0.07289111465215684,0.0,0.07120843231678009,0.0,0.28164011240005493
8594,0.006795864552259445,0.019702469184994697,0.029098502546548843,0.06965409815311432,0.0,0.07121990621089935,0.0,0.281640887260437
8595,0.006506003811955452,0.019390975683927537,0.02782747521996498,0.06971410512924195,0.0,0.07122965157032013,0.0,0.2816419005393982
8596,0.006611104682087898,0.019774908572435378,0.029718206822872163,0.0700684830546379,0.0,0.0712352991104126,0.0,0.2816416323184967
8597,0.0068839358165860174,0.020111508294939996,0.02960209660232067,0.0690307155251503,0.0,0.07124897092580795,0.0,0.2816416919231415
8598,0.006642636004835367,0.019006094709038735,0.030031560733914376,0.06391611844301223,0.0,0.07126258313655853,0.0,0.28164079785346985
8599,0.006653717905282974,0.019393790140748025,0.029864804819226265,0.0703845426440239,0.0,0.07127415388822556,0.0,0.28163883090019226
8600,0.006538726761937142,0.01901610568165779,0.028841780871152876,0.06911478191614151,0.0,0.07128483802080154,0.0,0.2816375195980072
8601,0.006646428443491459,0.0200458399951458,0.030405349284410476,0.07041210085153579,0.0,0.07129202038049698,0.0,0.2816358208656311
8602,0.006233260314911604,0.01951282247900963,0.02879023030400276,0.07172647416591645,0.0,0.07129622995853424,0.0,0.2816355526447296
8603,0.0067411746829748155,0.020126619935035707,0.02975453734397888,0.07152891904115677,0.0,0.07130279392004013,0.0,0.2816352844238281
8604,0.00648760860785842,0.02043851912021637,0.02916398085653782,0.07156954109668731,0.0,0.07130857557058334,0.0,0.28163570165634155
8605,0.006635226681828499,0.019985197484493254,0.030391240119934083,0.07049900442361831,0.0,0.07131672650575638,0.0,0.28163808584213257
8606,0.006423977576196194,0.020097015798091887,0.027751196920871735,0.07058227136731147,0.0,0.07132232189178467,0.0,0.2816391587257385
8607,0.006639209110289812,0.018741030991077424,0.03132523931562901,0.07004225105047227,0.0,0.07132384181022644,0.0,0.2816393971443176
8608,0.0065577862784266475,0.02024749331176281,0.027902024611830712,0.0704115778207779,0.0,0.07132303714752197,0.0,0.28164154291152954
8609,0.006590935494750738,0.020788497850298883,0.028440797701478004,0.07054264098405838,0.0,0.07132035493850708,0.0,0.28164243698120117
8610,0.006583618186414242,0.020268189534544945,0.03012760356068611,0.06769216060638428,0.0,0.07131734490394592,0.0,0.28164181113243103
8611,0.006505289487540722,0.019181157276034356,0.028683796897530554,0.06870298981666564,0.0,0.0713101476430893,0.0,0.2816421389579773
8612,0.0067390469834208485,0.019147198274731637,0.029552286118268968,0.06746816784143447,0.0,0.0713043063879013,0.0,0.28164297342300415
8613,0.006058804411441088,0.019712281599640846,0.03153051510453224,0.06539409905672074,0.0,0.07130195200443268,0.0,0.2816438674926758
8614,0.0063351263292133805,0.019306484237313272,0.02981334999203682,0.0686265766620636,0.0,0.07129809260368347,0.0,0.2816435694694519
8615,0.0063205107115209104,0.020170699805021286,0.029384362697601318,0.07316959202289582,0.0,0.0712905302643776,0.0,0.281644344329834
8616,0.00661888588219881,0.019850195571780204,0.028704701736569405,0.07346180081367493,0.0,0.07128620892763138,0.0,0.2816457152366638
8617,0.006272614002227783,0.01926509737968445,0.031410710886120796,0.0693235844373703,0.0,0.07128502428531647,0.0,0.28164997696876526
8618,0.006235229503363371,0.019632843881845476,0.03170005977153778,0.0690587617456913,0.0,0.07128429412841797,0.0,0.2816552519798279
8619,0.006804299913346768,0.020066234096884728,0.029132892936468126,0.06560490652918816,0.0,0.07128497213125229,0.0,0.2816600501537323
8620,0.00686370087787509,0.019756121933460234,0.029211628437042236,0.0674517072737217,0.0,0.07128830254077911,0.0,0.2816648781299591
8621,0.0062294499017298225,0.019704629480838776,0.03068314418196678,0.06951091885566711,0.0,0.07129095494747162,0.0,0.2816672921180725
8622,0.006563859339803457,0.019821439310908316,0.030335484072566032,0.06745155602693557,0.0,0.07129695266485214,0.0,0.28166720271110535
8623,0.006523409485816955,0.019679629430174827,0.029473431408405304,0.0731926754117012,0.0,0.07130343466997147,0.0,0.2816638648509979
8624,0.0068804889917373655,0.02052971497178078,0.030451757833361626,0.06995441019535065,0.0,0.07131243497133255,0.0,0.28165796399116516
8625,0.006480628717690706,0.020773566886782648,0.03168445713818073,0.07600305080413819,0.0,0.07132573425769806,0.0,0.28165316581726074
8626,0.006323748268187046,0.019118283689022065,0.029307888448238374,0.07137858271598815,0.0,0.07134602218866348,0.0,0.2816493511199951
8627,0.006351711601018906,0.019937598332762718,0.03099839799106121,0.06816977262496948,0.0,0.07136812061071396,0.0,0.28164514899253845
8628,0.006548817362636327,0.01937079392373562,0.03251163065433502,0.06503028199076652,0.0,0.0713898316025734,0.0,0.28164204955101013
8629,0.006665537133812904,0.019084148108959198,0.030104319378733636,0.07002360522747039,0.0,0.07140979170799255,0.0,0.2816397249698639
8630,0.006449494045227766,0.01914212815463543,0.028972190245985983,0.07348501086235046,0.0,0.07142932713031769,0.0,0.28163909912109375
8631,0.006510610319674015,0.019493379071354865,0.030588137358427046,0.07194525003433228,0.0,0.07144956290721893,0.0,0.2816389203071594
8632,0.006974732782691717,0.019987563788890838,0.028041381761431693,0.06994900405406952,0.0,0.07146769016981125,0.0,0.2816393971443176
8633,0.006768389884382486,0.01905111372470856,0.0294737346470356,0.0713796466588974,0.0,0.07148220390081406,0.0,0.28164124488830566
8634,0.006463504396378994,0.019891032576560976,0.029967619106173515,0.06775201335549355,0.0,0.07149277627468109,0.0,0.2816445827484131
8635,0.005987700447440148,0.019767284393310547,0.03134293667972088,0.0695631667971611,0.0,0.0715065747499466,0.0,0.2816482484340668
8636,0.006543763913214207,0.019708357751369476,0.029418764263391496,0.06836801320314408,0.0,0.07151820510625839,0.0,0.2816532850265503
8637,0.006592037063091994,0.019753286987543105,0.0299069307744503,0.0710559368133545,0.0,0.07152857631444931,0.0,0.28165891766548157
8638,0.0067733943462371824,0.019443514198064803,0.029163845628499985,0.07569810897111892,0.0,0.07154081016778946,0.0,0.2816626727581024
8639,0.006478136219084263,0.019390807300806046,0.029694664850831033,0.06690599769353867,0.0,0.0715545192360878,0.0,0.281665563583374
8640,0.006922345422208309,0.019043369218707085,0.029638494178652764,0.07336014360189438,0.0,0.07156823575496674,0.0,0.2816666066646576
8641,0.0061810526065528395,0.019721316173672676,0.02801901176571846,0.0663184404373169,0.0,0.07158002257347107,0.0,0.2816673219203949
8642,0.006439973693341016,0.020152708515524864,0.029800888895988465,0.07156648337841034,0.0,0.07159163802862167,0.0,0.2816694676876068
8643,0.0062975921668112275,0.02122242674231529,0.03275385200977325,0.06695563942193986,0.0,0.071607306599617,0.0,0.2816716134548187
8644,0.006547276023775339,0.020021430402994155,0.029604018852114677,0.06910668015480041,0.0,0.07162034511566162,0.0,0.2816751301288605
8645,0.006688606459647417,0.019440054520964624,0.032019272446632385,0.07129036635160446,0.0,0.07163297384977341,0.0,0.28168049454689026
8646,0.006626861356198788,0.019380437955260277,0.029778512194752693,0.06809591948986053,0.0,0.07164125144481659,0.0,0.2816847264766693
8647,0.00679702190682292,0.01941428817808628,0.029023656249046327,0.06888432800769806,0.0,0.07164625078439713,0.0,0.281689316034317
8648,0.00659524342045188,0.01815761961042881,0.02969813607633114,0.07127437740564346,0.0,0.07164941728115082,0.0,0.281696617603302
8649,0.0065198028460145,0.021217627450823784,0.02866671159863472,0.06617979556322098,0.0,0.07164543122053146,0.0,0.28170305490493774
8650,0.0063766674138605595,0.019548036530613898,0.03220753781497478,0.06743126586079598,0.0,0.07164128869771957,0.0,0.28170761466026306
8651,0.006979290675371885,0.018930428475141526,0.031401849910616876,0.06821247786283494,0.0,0.0716312974691391,0.0,0.28171178698539734
8652,0.0071235794574022295,0.0195446003228426,0.028747540712356568,0.06814195066690446,0.0,0.07161806523799896,0.0,0.28171461820602417
8653,0.006418892182409763,0.020063773542642594,0.030365074425935744,0.0683928370475769,0.0,0.07160498201847076,0.0,0.28171780705451965
8654,0.00659205699339509,0.018790476396679877,0.030357438325881957,0.0659994751214981,0.0,0.07158894836902618,0.0,0.28171905875205994
8655,0.006640663463622331,0.019705028086900712,0.029891101643443108,0.07285736203193664,0.0,0.07157035917043686,0.0,0.2817189395427704
8656,0.0066869910806417465,0.01949439086019993,0.030050677061080933,0.07122989967465401,0.0,0.0715547427535057,0.0,0.28171902894973755
8657,0.006542633008211851,0.019760329648852347,0.03051033653318882,0.07094820886850357,0.0,0.07154391705989838,0.0,0.28171902894973755
8658,0.006291110906749964,0.01972648873925209,0.030542903393507004,0.07229608595371247,0.0,0.07153346389532089,0.0,0.28172025084495544
8659,0.006314434111118317,0.019407985731959343,0.029262987524271013,0.06904905885457993,0.0,0.07152421772480011,0.0,0.2817189395427704
8660,0.006442619021981955,0.02103990949690342,0.028752899542450906,0.06449388191103936,0.0,0.07151592522859573,0.0,0.2817175090312958
8661,0.006600343249738216,0.01942048966884613,0.029895294830203055,0.06758060455322265,0.0,0.07151123881340027,0.0,0.28171664476394653
8662,0.00649869330227375,0.019813777506351472,0.030616472661495208,0.07354817986488342,0.0,0.07150376588106155,0.0,0.28171640634536743
8663,0.006724073179066181,0.01944156289100647,0.028958752751350403,0.06724517196416854,0.0,0.0714905858039856,0.0,0.28171902894973755
8664,0.006509414035826921,0.01989101991057396,0.028757238760590553,0.06980856508016586,0.0,0.07148154079914093,0.0,0.2817230820655823
8665,0.00622964994981885,0.01933068297803402,0.029204733669757843,0.07042538672685623,0.0,0.07147158682346344,0.0,0.2817264199256897
8666,0.006312049366533757,0.019852958992123602,0.029423624649643897,0.06964917182922363,0.0,0.07146020233631134,0.0,0.28173190355300903
8667,0.006316690240055323,0.019049008190631867,0.0317475900053978,0.07173054963350296,0.0,0.07144688814878464,0.0,0.28173714876174927
8668,0.006307517550885678,0.0190415658056736,0.030901777371764184,0.06834585666656494,0.0,0.07143305242061615,0.0,0.2817409634590149
8669,0.006400949601083994,0.01978180855512619,0.03240746930241585,0.0700015366077423,0.0,0.07142406702041626,0.0,0.28174132108688354
8670,0.0066206265240907666,0.019619131088256837,0.029675743728876113,0.07133423835039139,0.0,0.07141345739364624,0.0,0.2817401885986328
8671,0.00651665385812521,0.01912674345076084,0.029570134729146956,0.0689484566450119,0.0,0.07140153646469116,0.0,0.2817353308200836
8672,0.006713995989412069,0.020045490935444832,0.029405798017978668,0.07186599522829056,0.0,0.07138971984386444,0.0,0.28173139691352844
8673,0.006711915601044893,0.019241854920983313,0.030638224631547927,0.07012070715427399,0.0,0.07137976586818695,0.0,0.28172582387924194
8674,0.00649044681340456,0.019785834848880766,0.028555504232645034,0.06977936923503876,0.0,0.07136658579111099,0.0,0.2817189395427704
8675,0.0063736758194863794,0.019147450104355812,0.029600460082292557,0.07517776191234589,0.0,0.07135161012411118,0.0,0.2817130982875824
8676,0.006508895941078663,0.019667474180459978,0.030464935302734374,0.06828695982694626,0.0,0.07133984565734863,0.0,0.2817075252532959
8677,0.006806811969727278,0.01996676027774811,0.028877802193164825,0.07016745507717133,0.0,0.07132962346076965,0.0,0.281703382730484
8678,0.006314758770167827,0.01936965361237526,0.02960103899240494,0.06781783699989319,0.0,0.07132431119680405,0.0,0.28170204162597656
8679,0.006860605999827385,0.019386020302772523,0.031130824238061905,0.07162480801343918,0.0,0.07132191956043243,0.0,0.2817038297653198
8680,0.006169416848570109,0.019831443578004836,0.02912597805261612,0.06653940677642822,0.0,0.07131730020046234,0.0,0.28170695900917053
8681,0.006617129966616631,0.019604501873254777,0.03015749976038933,0.06674201786518097,0.0,0.07131616026163101,0.0,0.2817109227180481
8682,0.006533595360815525,0.01955532617866993,0.028676221519708632,0.0678994670510292,0.0,0.0713210478425026,0.0,0.28171485662460327
8683,0.00652921199798584,0.019708650186657906,0.031335485726594926,0.06863611936569214,0.0,0.0713280588388443,0.0,0.2817181944847107
8684,0.006935917120426893,0.01996787004172802,0.029369650408625603,0.06369480937719345,0.0,0.07133837044239044,0.0,0.28172099590301514
8685,0.006402747333049774,0.020116159692406654,0.031594238430261615,0.07276372909545899,0.0,0.0713503286242485,0.0,0.28172460198402405
8686,0.006541111506521702,0.019445311278104782,0.029491214081645012,0.0689519003033638,0.0,0.07136903703212738,0.0,0.28172755241394043
8687,0.0063898229040205475,0.02007858157157898,0.030086924508213996,0.07069161683320999,0.0,0.07139115780591965,0.0,0.28172868490219116
8688,0.006636136304587125,0.01984785869717598,0.02916874475777149,0.06962457746267318,0.0,0.07141523063182831,0.0,0.2817281186580658
8689,0.00679866811260581,0.020334742590785028,0.028420235961675644,0.06578369587659835,0.0,0.07143595814704895,0.0,0.28172773122787476
8690,0.006794263608753681,0.019359571486711503,0.030666843056678772,0.06949810534715653,0.0,0.07144610583782196,0.0,0.28172674775123596
8691,0.006287170015275479,0.019945876300334932,0.030919919535517693,0.066243477165699,0.0,0.07145939022302628,0.0,0.2817269563674927
8692,0.006753628887236118,0.01971709504723549,0.028037291765213013,0.06854891180992126,0.0,0.07146979123353958,0.0,0.28172725439071655
8693,0.006677298340946436,0.01998566761612892,0.03014168292284012,0.06970470696687699,0.0,0.07148037850856781,0.0,0.2817263901233673
8694,0.006299924943596125,0.018781951814889907,0.029144497215747835,0.06908992379903793,0.0,0.07149049639701843,0.0,0.28172701597213745
8695,0.006322209816426038,0.01956065222620964,0.031022124364972113,0.0707070842385292,0.0,0.07149742543697357,0.0,0.2817285358905792
8696,0.006402320694178343,0.019575803726911544,0.03046783022582531,0.06795582175254822,0.0,0.07150284200906754,0.0,0.28172796964645386
8697,0.006708157528191805,0.019192175194621085,0.031506504863500595,0.07290070354938508,0.0,0.07150842994451523,0.0,0.28172722458839417
8698,0.006526576168835163,0.020911291241645813,0.03115946762263775,0.06731622368097305,0.0,0.07151579856872559,0.0,0.2817242741584778
8699,0.006293093133717775,0.019539350643754005,0.031060609966516495,0.06711244434118271,0.0,0.07152171432971954,0.0,0.2817215323448181
8700,0.006519153248518705,0.01939019300043583,0.031095066294074058,0.07216704040765762,0.0,0.07152744382619858,0.0,0.2817200720310211
8701,0.006399624980986118,0.02005202919244766,0.03070990666747093,0.0703856736421585,0.0,0.07153205573558807,0.0,0.28171807527542114
8702,0.006682348717004061,0.019540124759078025,0.029925907030701637,0.06991108357906342,0.0,0.07153795659542084,0.0,0.28171512484550476
8703,0.00658875210210681,0.01995012052357197,0.03226424604654312,0.06722473800182342,0.0,0.07154364883899689,0.0,0.2817114293575287
8704,0.006589661166071892,0.019720401242375375,0.03032981716096401,0.06805965080857276,0.0,0.07155396044254303,0.0,0.28170812129974365
8705,0.006464786920696497,0.020318660885095596,0.030167221277952194,0.06522742062807083,0.0,0.07156479358673096,0.0,0.2817052900791168
8706,0.006315094046294689,0.019759314134716988,0.03038117438554764,0.07014312520623207,0.0,0.07157866656780243,0.0,0.28170400857925415
8707,0.00638201767578721,0.019075217097997664,0.027364905551075937,0.06679989323019982,0.0,0.07159267365932465,0.0,0.2817046642303467
8708,0.006631983909755945,0.020889350771903993,0.031040892377495764,0.06615473628044129,0.0,0.07160566002130508,0.0,0.28170427680015564
8709,0.006115957349538803,0.019965674355626108,0.03007693439722061,0.06413382142782212,0.0,0.07161538302898407,0.0,0.28170356154441833
8710,0.006485938746482134,0.018725572526454924,0.030794413387775423,0.07027827948331833,0.0,0.07162044942378998,0.0,0.2817034125328064
8711,0.006315935682505369,0.020358527451753615,0.031369416415691374,0.06713560819625855,0.0,0.07162566483020782,0.0,0.28170403838157654
8712,0.006694717053323984,0.019347821176052094,0.028468749299645425,0.0702060654759407,0.0,0.07162966579198837,0.0,0.28170543909072876
8713,0.006456571538001299,0.019967902079224588,0.028164700791239738,0.06731663048267364,0.0,0.07163499295711517,0.0,0.28170570731163025
8714,0.006360358372330665,0.019062310457229614,0.03110494129359722,0.06836173832416534,0.0,0.07164210081100464,0.0,0.28170686960220337
8715,0.006406388338655233,0.019310784339904786,0.030408671498298644,0.07030573263764381,0.0,0.07164829969406128,0.0,0.28170907497406006
8716,0.006479559279978275,0.01968517228960991,0.030360909551382063,0.0686553567647934,0.0,0.07165197283029556,0.0,0.2817128300666809
8717,0.0067722096107900144,0.01975078359246254,0.030168014019727706,0.06319509223103523,0.0,0.07165233045816422,0.0,0.2817154824733734
8718,0.006201719865202904,0.02108895368874073,0.029005305841565132,0.06962211430072784,0.0,0.07165412604808807,0.0,0.2817184031009674
8719,0.006699582748115063,0.020164263620972633,0.03136401548981667,0.07093120515346527,0.0,0.07165420055389404,0.0,0.2817201018333435
8720,0.006397904083132744,0.01953101307153702,0.02873799353837967,0.06718636453151702,0.0,0.07166453450918198,0.0,0.28172069787979126
8721,0.006145406235009432,0.019519567489624023,0.028552979603409766,0.07045276463031769,0.0,0.07167558372020721,0.0,0.28171923756599426
8722,0.0063335618004202844,0.019119623675942422,0.03131953664124012,0.07010304778814316,0.0,0.07168736308813095,0.0,0.2817173898220062
8723,0.006507117953151465,0.018969940766692162,0.029803595691919326,0.07292740792036057,0.0,0.07169907540082932,0.0,0.28171804547309875
8724,0.006728564854711294,0.01903831698000431,0.029505497589707375,0.06892883330583573,0.0,0.07170997560024261,0.0,0.2817179262638092
8725,0.006362288072705269,0.02003130838274956,0.030420376732945443,0.06874237358570098,0.0,0.0717230886220932,0.0,0.2817196547985077
8726,0.006595102697610855,0.01925896480679512,0.030472832918167114,0.06335650831460952,0.0,0.07173924893140793,0.0,0.28172069787979126
8727,0.006247563473880291,0.019451481103897095,0.031479593366384506,0.0722811609506607,0.0,0.07174871861934662,0.0,0.28172197937965393
8728,0.006387156900018454,0.019776665046811102,0.028296655043959618,0.06997384428977967,0.0,0.07175514847040176,0.0,0.2817247807979584
8729,0.006593264266848564,0.019020701944828033,0.030149799212813376,0.07043161094188691,0.0,0.07176049798727036,0.0,0.2817270755767822
8730,0.006315512489527464,0.019196970388293266,0.031024449691176414,0.06864003539085388,0.0,0.07176307588815689,0.0,0.28172892332077026
8731,0.006668362114578485,0.01935960352420807,0.030591178312897684,0.06487578749656678,0.0,0.07176153361797333,0.0,0.2817317545413971
8732,0.006507809367030859,0.019554650783538817,0.031378548592329025,0.07113822251558304,0.0,0.07176347821950912,0.0,0.2817329466342926
8733,0.006896618288010359,0.02020326107740402,0.0298586618155241,0.06949410289525985,0.0,0.07176829874515533,0.0,0.281732439994812
8734,0.006393694505095482,0.019011272117495537,0.031181719899177552,0.06785015240311623,0.0,0.07177004218101501,0.0,0.2817320227622986
8735,0.006230383738875389,0.019824904575943946,0.03133189789950848,0.07107331752777099,0.0,0.07176867872476578,0.0,0.28173261880874634
8736,0.006679265573620796,0.020269307866692544,0.030039488151669503,0.06824114620685577,0.0,0.07177387177944183,0.0,0.2817341089248657
8737,0.006597849447280169,0.019553707912564278,0.029772140458226203,0.07147389203310013,0.0,0.07177674770355225,0.0,0.2817336916923523
8738,0.00646408498287201,0.019846923649311066,0.030890756845474245,0.06757415533065796,0.0,0.07178480923175812,0.0,0.28173375129699707
8739,0.006846143491566181,0.01972954161465168,0.030423212423920633,0.06575631350278854,0.0,0.07179190963506699,0.0,0.2817339301109314
8740,0.006672397349029779,0.018880926817655564,0.030374260619282722,0.06816476136446,0.0,0.07179897278547287,0.0,0.28173357248306274
8741,0.006806399393826723,0.019201752543449403,0.03007282391190529,0.06646148562431335,0.0,0.07180537283420563,0.0,0.2817334234714508
8742,0.006751608662307262,0.01919434852898121,0.02971150241792202,0.0704372063279152,0.0,0.07180842757225037,0.0,0.28173282742500305
8743,0.006191046163439751,0.019947674125432968,0.03110717162489891,0.06946209073066711,0.0,0.07181564718484879,0.0,0.28173327445983887
8744,0.006896997150033712,0.019068701565265654,0.02687683179974556,0.06720665842294693,0.0,0.07182056456804276,0.0,0.28173255920410156
8745,0.006359337735921145,0.01880635544657707,0.02860688492655754,0.07122498005628586,0.0,0.07182399183511734,0.0,0.2817332446575165
8746,0.00629286551848054,0.01993921436369419,0.03129569143056869,0.06689734533429145,0.0,0.0718243196606636,0.0,0.2817363440990448
8747,0.006567885726690292,0.019320571050047874,0.029815462604165077,0.06865599453449249,0.0,0.07182568311691284,0.0,0.2817420959472656
8748,0.006480085197836161,0.01921444647014141,0.031188473105430603,0.06438473761081695,0.0,0.07182502001523972,0.0,0.28174692392349243
8749,0.006970268115401268,0.019725659117102622,0.029557855054736137,0.06873159557580948,0.0,0.07182103395462036,0.0,0.28175288438796997
8750,0.0066999240778386595,0.01915583312511444,0.032997708022594455,0.06973944753408431,0.0,0.07182428240776062,0.0,0.28175705671310425
8751,0.00711137093603611,0.018891767784953117,0.02941140905022621,0.07055981159210205,0.0,0.07182548940181732,0.0,0.2817600667476654
8752,0.0065759941935539246,0.01919671855866909,0.030139998346567155,0.06849387139081956,0.0,0.07182307541370392,0.0,0.28176185488700867
8753,0.006291246693581343,0.019167816266417503,0.02903766557574272,0.06679514274001122,0.0,0.07182051986455917,0.0,0.2817609906196594
8754,0.006393873877823353,0.019506391882896424,0.028936341032385827,0.07160724550485612,0.0,0.07181213051080704,0.0,0.28175854682922363
8755,0.005920389201492071,0.02033156082034111,0.03091072216629982,0.06751067191362381,0.0,0.07180842757225037,0.0,0.28175419569015503
8756,0.006696320325136185,0.019899116456508638,0.03068779818713665,0.06925796568393708,0.0,0.07181139290332794,0.0,0.28175175189971924
8757,0.006246606819331646,0.018859683349728585,0.030836394429206847,0.07057747095823289,0.0,0.07181347906589508,0.0,0.2817482352256775
8758,0.006673578545451165,0.02057936191558838,0.029358385130763054,0.06763538494706153,0.0,0.0718206912279129,0.0,0.2817443311214447
8759,0.006184640061110258,0.020398806408047677,0.029219048097729683,0.07157440036535263,0.0,0.07182669639587402,0.0,0.28174105286598206
8760,0.0065344576723873615,0.019514887034893035,0.030921336263418198,0.07248980551958084,0.0,0.07183382660150528,0.0,0.28173670172691345
8761,0.006839366629719734,0.01925158090889454,0.02846783250570297,0.06758851185441017,0.0,0.07184135168790817,0.0,0.2817297875881195
8762,0.006612799223512411,0.01919625699520111,0.03213079795241356,0.07083443999290466,0.0,0.07184584438800812,0.0,0.2817257046699524
8763,0.006406856421381235,0.020593450963497163,0.030323177576065063,0.06818297058343888,0.0,0.0718524307012558,0.0,0.28172048926353455
8764,0.006545139849185944,0.01937444731593132,0.030879700928926467,0.06654767990112305,0.0,0.07186037302017212,0.0,0.28171566128730774
8765,0.006579253170639276,0.01866961196064949,0.03145843707025051,0.06952445283532142,0.0,0.07186542451381683,0.0,0.2817108929157257
8766,0.0063103650696575645,0.020312249287962915,0.030893764272332192,0.06978019475936889,0.0,0.07186593115329742,0.0,0.2817048728466034
8767,0.006206793710589409,0.01955079846084118,0.02899223640561104,0.06690973043441772,0.0,0.0718621164560318,0.0,0.2816995680332184
8768,0.006879259459674358,0.02009921669960022,0.030116043612360956,0.0726798191666603,0.0,0.0718551054596901,0.0,0.2816926836967468
8769,0.006664751283824444,0.019210027903318404,0.031261814385652544,0.06621899008750916,0.0,0.071844182908535,0.0,0.2816847860813141
8770,0.00663165096193552,0.019689133763313292,0.030429998785257338,0.06911002099514008,0.0,0.07183564454317093,0.0,0.28167691826820374
8771,0.0063940795138478276,0.020063803344964982,0.02983621321618557,0.07278954088687897,0.0,0.0718248263001442,0.0,0.28167077898979187
8772,0.006509886309504509,0.019935067743062973,0.029376552999019624,0.06657207384705544,0.0,0.07181262224912643,0.0,0.28166335821151733
8773,0.006709318794310093,0.01999727226793766,0.030124346539378167,0.06379538178443908,0.0,0.07179978489875793,0.0,0.2816532254219055
8774,0.006753266416490078,0.01965978555381298,0.0297728955745697,0.06893588602542877,0.0,0.07178965955972672,0.0,0.2816440165042877
8775,0.006774926371872425,0.019710340723395347,0.029409995675086974,0.06740601360797882,0.0,0.0717783123254776,0.0,0.2816346287727356
8776,0.00659047020599246,0.01923537328839302,0.029904862493276597,0.07222766056656837,0.0,0.07177276164293289,0.0,0.2816283106803894
8777,0.006337617710232735,0.019687440246343613,0.02894294112920761,0.07086561918258667,0.0,0.07176654040813446,0.0,0.2816210389137268
8778,0.0061968742869794365,0.019629009813070298,0.03045075051486492,0.0719857320189476,0.0,0.07175766676664352,0.0,0.2816143035888672
8779,0.006461656279861927,0.018995138257741927,0.028433218970894812,0.06637160629034042,0.0,0.07175035774707794,0.0,0.2816089987754822
8780,0.006693519186228514,0.019071468710899354,0.029468892142176628,0.06857146918773652,0.0,0.07174055278301239,0.0,0.2816062569618225
8781,0.0066739521920681,0.019030401855707167,0.02902989313006401,0.06637495160102844,0.0,0.07172878086566925,0.0,0.2816052734851837
8782,0.006753614824265242,0.020169433578848837,0.028726428374648096,0.07266442477703094,0.0,0.07171037048101425,0.0,0.28160518407821655
8783,0.00629569012671709,0.020145322009921075,0.028668991476297378,0.06964378207921981,0.0,0.07169318944215775,0.0,0.2816057801246643
8784,0.006695123482495546,0.020344657078385352,0.029022432491183282,0.0669056534767151,0.0,0.07167667150497437,0.0,0.28160685300827026
8785,0.006734974309802055,0.018788838759064674,0.029481665790081026,0.06557361781597137,0.0,0.07166263461112976,0.0,0.2816060483455658
8786,0.006326333805918694,0.019712994620203973,0.02977689690887928,0.06973477900028228,0.0,0.07164688408374786,0.0,0.28160572052001953
8787,0.006598446331918239,0.020192527770996095,0.029591487348079683,0.07191825658082962,0.0,0.07162761688232422,0.0,0.2816060483455658
8788,0.006747750472277403,0.019647593796253204,0.028904510661959648,0.0691931501030922,0.0,0.07161198556423187,0.0,0.2816058397293091
8789,0.006622503697872162,0.019383269548416137,0.031200477480888368,0.06853167116641998,0.0,0.07159822434186935,0.0,0.281606525182724
8790,0.006631339900195599,0.019968720525503157,0.030015966296195982,0.07263785004615783,0.0,0.0715833306312561,0.0,0.28160548210144043
8791,0.006202377472072839,0.01946924775838852,0.030079773068428038,0.0719842106103897,0.0,0.07156948000192642,0.0,0.28160643577575684
8792,0.006828627269715071,0.020465945079922675,0.029761187732219696,0.06613354459404945,0.0,0.07155301421880722,0.0,0.28160732984542847
8793,0.006547482684254646,0.020285721495747568,0.028685460239648818,0.07233829498291015,0.0,0.07153629511594772,0.0,0.28161001205444336
8794,0.006467221863567829,0.018938465043902397,0.031079348176717758,0.06752332597970963,0.0,0.07151906192302704,0.0,0.28161171078681946
8795,0.006292325630784035,0.018794134631752966,0.03015853986144066,0.06283975690603257,0.0,0.07149908691644669,0.0,0.28161564469337463
8796,0.006496021430939436,0.020462843775749206,0.029415611550211905,0.07054058909416198,0.0,0.07147881388664246,0.0,0.2816195487976074
8797,0.006410424597561359,0.019122886657714843,0.029894937202334403,0.06761792451143264,0.0,0.07146613299846649,0.0,0.28162258863449097
8798,0.006584318447858095,0.019031909480690955,0.03127504996955395,0.07261103093624115,0.0,0.07145057618618011,0.0,0.281623899936676
8799,0.00655532656237483,0.020203477889299392,0.030001070350408554,0.07071852535009385,0.0,0.0714365616440773,0.0,0.2816244661808014
8800,0.006563506461679936,0.019127237424254418,0.02852703593671322,0.06741113439202309,0.0,0.0714244619011879,0.0,0.28162330389022827
8801,0.006727077253162861,0.018419673293828966,0.030019236356019975,0.06909678429365158,0.0,0.07141431421041489,0.0,0.28162211179733276
8802,0.006691534351557493,0.020554232224822045,0.030076320841908456,0.06730293184518814,0.0,0.07140131294727325,0.0,0.28162288665771484
8803,0.00687986733391881,0.02019902169704437,0.030298634618520736,0.07027669623494148,0.0,0.0713931992650032,0.0,0.28162264823913574
8804,0.006696689967066049,0.01978406272828579,0.030122078955173492,0.06952542364597321,0.0,0.0713864415884018,0.0,0.28162360191345215
8805,0.006584388669580221,0.018457970395684243,0.028772993385791777,0.06555930078029633,0.0,0.0713757649064064,0.0,0.2816248834133148
8806,0.006445418111979961,0.01949225477874279,0.02976406067609787,0.07400738745927811,0.0,0.07136363536119461,0.0,0.2816270589828491
8807,0.0062207234092056755,0.020088224858045577,0.029592436179518698,0.06818529665470123,0.0,0.071348637342453,0.0,0.2816283702850342
8808,0.006701233983039856,0.019587356224656106,0.030278409272432326,0.07070767283439636,0.0,0.07134180516004562,0.0,0.2816306948661804
8809,0.006392896920442581,0.019580398872494697,0.029778830334544183,0.06727301031351089,0.0,0.07133299857378006,0.0,0.2816339433193207
8810,0.006854926142841578,0.019076190516352655,0.03004184477031231,0.06602688878774643,0.0,0.07132434099912643,0.0,0.2816373407840729
8811,0.006675347592681647,0.018916603177785873,0.028934519737958908,0.06771392375230789,0.0,0.07131359726190567,0.0,0.2816406786441803
8812,0.006256948038935661,0.020246444270014763,0.029623587802052497,0.06847145110368728,0.0,0.07129986584186554,0.0,0.28164297342300415
8813,0.006606361456215381,0.019839900732040405,0.02996479831635952,0.06637736782431602,0.0,0.07128916680812836,0.0,0.28164535760879517
8814,0.006620744708925486,0.01988796703517437,0.030404874309897422,0.06933825463056564,0.0,0.07128095626831055,0.0,0.28164756298065186
8815,0.006399656552821398,0.019796110317111017,0.0320793192833662,0.06969343572854995,0.0,0.07127406448125839,0.0,0.28164801001548767
8816,0.006513953302055597,0.02058831639587879,0.03002576045691967,0.06992971152067184,0.0,0.07126954942941666,0.0,0.28164878487586975
8817,0.006710190791636705,0.018878383189439775,0.029022426903247835,0.06859643459320068,0.0,0.07126203179359436,0.0,0.2816496789455414
8818,0.006795891374349594,0.018839670345187187,0.029123599454760552,0.07200781255960464,0.0,0.07125482708215714,0.0,0.2816513180732727
8819,0.006084660720080137,0.019243935495615004,0.02866726852953434,0.06639799252152442,0.0,0.07124580442905426,0.0,0.28165531158447266
8820,0.006595196761190891,0.020216379314661026,0.029720253124833108,0.07020734623074532,0.0,0.0712399035692215,0.0,0.28165897727012634
8821,0.0064844157546758655,0.02035069912672043,0.028437142446637153,0.07142152637243271,0.0,0.07124116271734238,0.0,0.28166165947914124
8822,0.006748968083411455,0.019308514147996902,0.029257408902049066,0.06828412264585496,0.0,0.07124526798725128,0.0,0.2816649079322815
8823,0.006477918941527605,0.02020234689116478,0.02843701168894768,0.07135212272405625,0.0,0.07125008851289749,0.0,0.2816675901412964
8824,0.0068524816073477265,0.02013261988759041,0.029959363490343095,0.06809800118207932,0.0,0.07125259935855865,0.0,0.2816697061061859
8825,0.00629716208204627,0.0202742375433445,0.030924781039357186,0.07120799869298935,0.0,0.07126335054636002,0.0,0.2816719114780426
8826,0.006078566424548626,0.01962938979268074,0.030366797745227814,0.06894117593765259,0.0,0.07127338647842407,0.0,0.2816745340824127
8827,0.006527752988040448,0.020436914637684822,0.03333642259240151,0.06704143583774566,0.0,0.0712805986404419,0.0,0.28167498111724854
8828,0.006839933246374131,0.018528668954968453,0.028812525048851966,0.07093409895896911,0.0,0.07129399478435516,0.0,0.28167620301246643
8829,0.006522227823734283,0.019079209491610526,0.030483727157115937,0.07288988530635834,0.0,0.071306012570858,0.0,0.2816786766052246
8830,0.006358365155756473,0.019100435078144073,0.030685212835669516,0.072785285115242,0.0,0.07131974399089813,0.0,0.28168055415153503
8831,0.006770129408687353,0.019239872321486474,0.03126198276877403,0.07237683534622193,0.0,0.07133214920759201,0.0,0.28168198466300964
8832,0.006621058564633131,0.0197584081441164,0.03188244365155697,0.07007218599319458,0.0,0.07133818417787552,0.0,0.28168079257011414
8833,0.0063127195462584496,0.019999368488788603,0.028455300629138945,0.06670402586460114,0.0,0.07134027779102325,0.0,0.28167635202407837
8834,0.006463344488292932,0.018710726127028465,0.03162391595542431,0.06630386412143707,0.0,0.07133910059928894,0.0,0.28167369961738586
8835,0.006070775259286165,0.01940511167049408,0.027957484498620032,0.07182199209928512,0.0,0.07133490592241287,0.0,0.2816709876060486
8836,0.006802453007549047,0.01981457844376564,0.02961770221590996,0.06879903450608253,0.0,0.07132890075445175,0.0,0.28166794776916504
8837,0.006513272412121296,0.019318614155054092,0.03104160726070404,0.06867847591638565,0.0,0.0713237076997757,0.0,0.2816646993160248
8838,0.006646624021232128,0.019628218561410903,0.02985096611082554,0.07138095051050186,0.0,0.0713166892528534,0.0,0.28166043758392334
8839,0.006302856933325529,0.018830356746912004,0.02685740254819393,0.06885518431663513,0.0,0.07131137698888779,0.0,0.2816566824913025
8840,0.006608847249299288,0.019216249883174896,0.03122731074690819,0.07032072842121125,0.0,0.07130347192287445,0.0,0.2816527187824249
8841,0.006213346216827631,0.019884945824742317,0.029525642096996308,0.07101839184761047,0.0,0.07129808515310287,0.0,0.28164777159690857
8842,0.006337511073797941,0.018917929008603097,0.028434493392705918,0.07139368951320649,0.0,0.07129229605197906,0.0,0.28164392709732056
8843,0.006314775813370943,0.0199961356818676,0.0273150485008955,0.07171479314565658,0.0,0.07129079848527908,0.0,0.28164321184158325
8844,0.007202788256108761,0.019049180299043657,0.029967059195041657,0.07102917209267616,0.0,0.07129023969173431,0.0,0.28164049983024597
8845,0.006877295207232237,0.01939477026462555,0.028783665969967842,0.06842448264360428,0.0,0.0712907463312149,0.0,0.2816394567489624
8846,0.005968918092548847,0.019656815752387046,0.029328187555074693,0.06913246959447861,0.0,0.07129351794719696,0.0,0.2816418707370758
8847,0.00663141356781125,0.019299518316984177,0.030149661377072333,0.07016818225383759,0.0,0.0712975263595581,0.0,0.2816435396671295
8848,0.00647983206436038,0.01953588016331196,0.03103855811059475,0.07235976010560989,0.0,0.07130260765552521,0.0,0.2816465198993683
8849,0.006513530761003495,0.018623307719826697,0.030164135619997978,0.07203895151615143,0.0,0.07130210846662521,0.0,0.28164762258529663
8850,0.006778109259903431,0.019056506082415582,0.028657692670822143,0.07191866934299469,0.0,0.07129906117916107,0.0,0.28164979815483093
8851,0.006060986407101154,0.020270255953073503,0.02939138263463974,0.06869474351406098,0.0,0.07129671424627304,0.0,0.2816541790962219
8852,0.0063083569519221784,0.01934210807085037,0.031412871181964876,0.06776652261614799,0.0,0.0712958425283432,0.0,0.28166255354881287
8853,0.006388985645025968,0.019255630671977997,0.031278589740395546,0.06931351870298386,0.0,0.07129786908626556,0.0,0.2816695272922516
8854,0.006595964729785919,0.019543445855379104,0.028682174906134606,0.06965294778347016,0.0,0.07130385935306549,0.0,0.28167638182640076
8855,0.007141563855111599,0.019996850937604903,0.031078385189175606,0.06895476728677749,0.0,0.07131600379943848,0.0,0.2816821336746216
8856,0.00683714896440506,0.020120611041784288,0.03197285011410713,0.06858967989683151,0.0,0.07133002579212189,0.0,0.2816871404647827
8857,0.006544375419616699,0.01932726800441742,0.030227774381637575,0.06986818015575409,0.0,0.07134050130844116,0.0,0.2816929221153259
8858,0.006601755321025848,0.019564805179834367,0.031047072634100913,0.07119150906801223,0.0,0.07134507596492767,0.0,0.28169965744018555
8859,0.00596782173961401,0.020145462825894356,0.030418265610933304,0.06829468086361885,0.0,0.0713513121008873,0.0,0.2817029356956482
8860,0.006571685429662466,0.018939295038580894,0.03114892803132534,0.07005661651492119,0.0,0.07135123759508133,0.0,0.28170400857925415
8861,0.006420424580574036,0.019581217691302298,0.02900262251496315,0.06930399239063263,0.0,0.07134679704904556,0.0,0.2817048728466034
8862,0.006761437747627497,0.019514118507504463,0.03028605692088604,0.07093737423419952,0.0,0.07134687900543213,0.0,0.28170475363731384
8863,0.006827580463141203,0.019111867994070053,0.031053780391812325,0.06646225452423096,0.0,0.07134762406349182,0.0,0.2817031741142273
8864,0.00663458863273263,0.019793255999684334,0.03036913722753525,0.07044060677289962,0.0,0.0713459700345993,0.0,0.28170204162597656
8865,0.006429772824048996,0.019399908557534217,0.0321273572742939,0.0696387305855751,0.0,0.0713467001914978,0.0,0.2816997170448303
8866,0.006592401023954153,0.020698321238160133,0.029103539139032363,0.07387088686227798,0.0,0.07134728133678436,0.0,0.2816959619522095
8867,0.006579393800348043,0.019971561431884766,0.031162158772349357,0.07290889024734497,0.0,0.07134494930505753,0.0,0.28169238567352295
8868,0.006991706602275371,0.01777978241443634,0.0290328498929739,0.0680214524269104,0.0,0.07134498655796051,0.0,0.28168848156929016
8869,0.00653432123363018,0.02012203224003315,0.031141842529177666,0.06882438510656357,0.0,0.07133938372135162,0.0,0.28168579936027527
8870,0.006446302775293589,0.019211293011903764,0.029902895912528038,0.07179147005081177,0.0,0.07133583724498749,0.0,0.28168487548828125
8871,0.006554959341883659,0.01995982602238655,0.031005405634641648,0.07137239724397659,0.0,0.07133877277374268,0.0,0.2816852629184723
8872,0.006613869313150644,0.019943859428167343,0.03169046863913536,0.0733529195189476,0.0,0.07134046405553818,0.0,0.28168943524360657
8873,0.006438777782022953,0.02039758749306202,0.028935161605477332,0.07060619294643403,0.0,0.07134436815977097,0.0,0.28169605135917664
8874,0.0064152792096138,0.019557879120111466,0.030172671005129815,0.0712460532784462,0.0,0.07134854793548584,0.0,0.28170308470726013
8875,0.006357983965426683,0.020309918001294135,0.03072434589266777,0.0702112078666687,0.0,0.07135163247585297,0.0,0.28170910477638245
8876,0.006637134216725826,0.020185583084821702,0.029062578454613686,0.07108113765716553,0.0,0.07135816663503647,0.0,0.2817144989967346
8877,0.0069060069508850574,0.02061178460717201,0.02894771993160248,0.06806816309690475,0.0,0.07136375457048416,0.0,0.28172120451927185
8878,0.007036899216473103,0.0212539229542017,0.030007655918598174,0.06990608125925064,0.0,0.07136861234903336,0.0,0.2817266285419464
8879,0.006345769204199314,0.019612735882401467,0.031209058314561843,0.06729498505592346,0.0,0.07137581706047058,0.0,0.2817292809486389
8880,0.006351321749389171,0.019423292949795723,0.029993616044521332,0.0710058942437172,0.0,0.071375772356987,0.0,0.281730979681015
8881,0.006451831571757794,0.020174036175012587,0.02926628403365612,0.0686154767870903,0.0,0.07137209922075272,0.0,0.28173163533210754
8882,0.0067502187564969065,0.01898946724832058,0.030940093845129014,0.06992278844118119,0.0,0.07136783748865128,0.0,0.28173184394836426
8883,0.00634553674608469,0.019754835590720176,0.03140581697225571,0.06866008937358856,0.0,0.07136666774749756,0.0,0.281730592250824
8884,0.006832447834312916,0.019253958389163016,0.02949293777346611,0.07373674511909485,0.0,0.07136773318052292,0.0,0.281729131937027
8885,0.006421063374727964,0.020142712444067002,0.029337266087532045,0.06694286465644836,0.0,0.07137032598257065,0.0,0.2817284166812897
8886,0.00635290602222085,0.01866869106888771,0.02973269857466221,0.07269975244998932,0.0,0.07138187438249588,0.0,0.2817290127277374
8887,0.006609795149415731,0.019880329072475434,0.029466283693909644,0.07082830592989922,0.0,0.071388840675354,0.0,0.2817298173904419
8888,0.006587422080338001,0.020226632058620454,0.031646473705768584,0.07273203134536743,0.0,0.0713934674859047,0.0,0.2817312777042389
8889,0.006332356948405504,0.019748877361416818,0.02986313812434673,0.07019990235567093,0.0,0.07139407098293304,0.0,0.2817341387271881
8890,0.006425659079104662,0.019579046964645387,0.03167541101574898,0.07333098351955414,0.0,0.07139702141284943,0.0,0.28173431754112244
8891,0.006162411626428365,0.019596951827406884,0.03109208568930626,0.06941693425178527,0.0,0.07140178978443146,0.0,0.28173357248306274
8892,0.0066065237857401374,0.01952565759420395,0.030639878287911416,0.07146739289164543,0.0,0.0714058056473732,0.0,0.2817320227622986
8893,0.006513283308595419,0.020424801856279373,0.02940351329743862,0.0728631243109703,0.0,0.07141411304473877,0.0,0.28172916173934937
8894,0.006155373807996511,0.01959610842168331,0.030441214516758918,0.07573068886995316,0.0,0.07142354547977448,0.0,0.2817268967628479
8895,0.006628640647977591,0.018942400068044662,0.028276000171899796,0.06539008170366287,0.0,0.07143518328666687,0.0,0.2817229628562927
8896,0.0064145193435251715,0.019342877715826035,0.030761806666851042,0.06768889874219894,0.0,0.07144461572170258,0.0,0.2817207872867584
8897,0.0066161565482616425,0.01989983469247818,0.029426359385252,0.06878467053174972,0.0,0.07145389914512634,0.0,0.2817205786705017
8898,0.0066790545359253885,0.018448509648442267,0.0308592539280653,0.06669331565499306,0.0,0.07145413756370544,0.0,0.28172141313552856
8899,0.006504880543798208,0.019917186349630356,0.0301357451826334,0.06958846896886825,0.0,0.07145325839519501,0.0,0.2817225158214569
8900,0.006588721740990877,0.01947224363684654,0.02977914959192276,0.0677415519952774,0.0,0.0714573860168457,0.0,0.2817235291004181
8901,0.006856945250183344,0.01871541142463684,0.0309447281062603,0.0688162848353386,0.0,0.07145830243825912,0.0,0.28172406554222107
8902,0.006057174224406481,0.020199354737997055,0.029824815317988397,0.07223627716302872,0.0,0.07146190106868744,0.0,0.2817254960536957
8903,0.0066480710171163086,0.02008095495402813,0.03046133890748024,0.06842276006937027,0.0,0.07146622240543365,0.0,0.2817281484603882
8904,0.006288197357207537,0.01962527148425579,0.03078903295099735,0.06775384545326232,0.0,0.07147137820720673,0.0,0.28173092007637024
8905,0.0064745346084237095,0.019523561000823975,0.03032406195998192,0.06847668439149857,0.0,0.07147543132305145,0.0,0.28173545002937317
8906,0.006630963739007711,0.019104470312595368,0.029669789597392082,0.0662078395485878,0.0,0.07147424668073654,0.0,0.2817394733428955
8907,0.006312745343893767,0.020241405442357065,0.029543066769838332,0.07064653038978577,0.0,0.07147141546010971,0.0,0.2817423939704895
8908,0.006483305338770151,0.020385437086224555,0.03035670705139637,0.06909447312355041,0.0,0.07146640866994858,0.0,0.28174471855163574
8909,0.0067136953584849834,0.019929664209485054,0.02906489260494709,0.06606512069702149,0.0,0.07146236300468445,0.0,0.2817481458187103
8910,0.006406198255717754,0.018664925917983057,0.03026777021586895,0.06857094913721085,0.0,0.07145573943853378,0.0,0.28175073862075806
8911,0.00623111417517066,0.018766164407134057,0.03126123510301113,0.06702573597431183,0.0,0.07144863903522491,0.0,0.2817521095275879
8912,0.006313014775514603,0.018315517529845237,0.02916533499956131,0.07212821394205093,0.0,0.0714389756321907,0.0,0.2817535400390625
8913,0.006418352574110031,0.019557663425803184,0.030108894035220147,0.06796480417251587,0.0,0.07142845541238785,0.0,0.28175264596939087
8914,0.006209776736795902,0.01946556754410267,0.029942836984992026,0.06780786514282226,0.0,0.0714130848646164,0.0,0.2817521095275879
8915,0.006206046883016824,0.019051869586110114,0.030397951230406763,0.06716939136385917,0.0,0.07139523327350616,0.0,0.2817491888999939
8916,0.006603565160185098,0.018429723009467124,0.032238581031560895,0.06944758892059326,0.0,0.07137646526098251,0.0,0.28174516558647156
8917,0.0066563661210238935,0.01855636201798916,0.028175830096006393,0.06895338594913483,0.0,0.07136183232069016,0.0,0.2817379832267761
8918,0.006797370780259371,0.01939673088490963,0.029792338609695435,0.06865050345659256,0.0,0.07134230434894562,0.0,0.28173190355300903
8919,0.0066401101648807526,0.019677423313260077,0.02926940731704235,0.07270883694291115,0.0,0.07132420688867569,0.0,0.2817281186580658
8920,0.006755989231169224,0.020177778601646424,0.030798809602856636,0.06737315505743027,0.0,0.07130644470453262,0.0,0.2817259728908539
8921,0.006509455014020204,0.018978371843695642,0.028876162692904474,0.06579533070325852,0.0,0.07128937542438507,0.0,0.2817222476005554
8922,0.00639014421030879,0.018586141616106035,0.029600997269153596,0.06818873956799507,0.0,0.07127555459737778,0.0,0.2817188799381256
8923,0.006547052413225174,0.01946391202509403,0.030731664225459098,0.0655455693602562,0.0,0.07126426696777344,0.0,0.281713604927063
8924,0.00631643570959568,0.018946626409888267,0.03204407319426537,0.07065298557281494,0.0,0.07125699520111084,0.0,0.28170913457870483
8925,0.006652736663818359,0.019237083196640015,0.029874556139111517,0.07010889351367951,0.0,0.07125061005353928,0.0,0.2817043960094452
8926,0.006208860781043768,0.019830312579870224,0.029913334548473357,0.06791707202792167,0.0,0.07124273478984833,0.0,0.28170034289360046
8927,0.006500091683119535,0.01991731524467468,0.030409350991249084,0.07159868180751801,0.0,0.07123778760433197,0.0,0.2816959023475647
8928,0.006461409945040941,0.019779227674007416,0.030556438118219377,0.07102437913417817,0.0,0.07123509794473648,0.0,0.28169170022010803
8929,0.006462310720235109,0.019465235620737077,0.030822036042809486,0.06721711084246636,0.0,0.07123062759637833,0.0,0.28168895840644836
8930,0.00660833166912198,0.019277101010084154,0.02932197041809559,0.06819412261247634,0.0,0.07122467458248138,0.0,0.2816866636276245
8931,0.006583372037857771,0.019766475632786752,0.03002290949225426,0.07324172407388688,0.0,0.07121438533067703,0.0,0.2816859483718872
8932,0.006530278362333775,0.020104414597153664,0.02989395223557949,0.07291726469993591,0.0,0.07120085507631302,0.0,0.2816849648952484
8933,0.006078924518078566,0.019706253334879874,0.030029049888253213,0.06882288604974747,0.0,0.07119061797857285,0.0,0.281684935092926
8934,0.006732356362044811,0.01940057650208473,0.02912357375025749,0.06853531152009965,0.0,0.07117635011672974,0.0,0.2816833555698395
8935,0.006652821321040392,0.019517093151807784,0.02955886721611023,0.06876281052827835,0.0,0.0711655467748642,0.0,0.281683087348938
8936,0.006362054590135812,0.019451867416501047,0.029476255178451538,0.06634558737277985,0.0,0.07116140425205231,0.0,0.2816833555698395
8937,0.00670592188835144,0.01959998346865177,0.029641275107860566,0.0715282067656517,0.0,0.07115498185157776,0.0,0.28168386220932007
8938,0.006652242317795753,0.018881653621792793,0.028661564737558366,0.07105099409818649,0.0,0.07115434855222702,0.0,0.28168463706970215
8939,0.006376555096358061,0.019496086239814758,0.030405082181096076,0.06945452019572258,0.0,0.0711526945233345,0.0,0.2816851735115051
8940,0.006695839390158653,0.01919317990541458,0.029954704642295837,0.06942554861307144,0.0,0.07115249335765839,0.0,0.2816867530345917
8941,0.006755830533802509,0.019387242197990418,0.028928769752383232,0.06992277204990387,0.0,0.07115553319454193,0.0,0.28168848156929016
8942,0.006521587073802948,0.019798875600099564,0.02960367426276207,0.0638161614537239,0.0,0.07115950435400009,0.0,0.281691312789917
8943,0.006704444065690041,0.018887152522802354,0.029299604147672652,0.0695637620985508,0.0,0.07116494327783585,0.0,0.2816925644874573
8944,0.006795351486653089,0.020068253204226495,0.030551990494132042,0.06562914028763771,0.0,0.071168914437294,0.0,0.2816947102546692
8945,0.006286423932760954,0.020500365272164346,0.031239141523838044,0.06640898808836937,0.0,0.07117752730846405,0.0,0.2816973924636841
8946,0.006510176043957472,0.01894182339310646,0.03179964683949947,0.06809850484132766,0.0,0.07119538635015488,0.0,0.28169745206832886
8947,0.006234979815781116,0.019396699219942092,0.02898692972958088,0.0673338606953621,0.0,0.0712093859910965,0.0,0.28169721364974976
8948,0.0063110641203820705,0.01992657259106636,0.03003169558942318,0.07227760553359985,0.0,0.07122188061475754,0.0,0.28169599175453186
8949,0.006652869563549757,0.018601329997181892,0.02940012253820896,0.0695735603570938,0.0,0.07123254984617233,0.0,0.2816964387893677
8950,0.006649764720350504,0.019215932488441466,0.03149039782583714,0.06912285163998604,0.0,0.07124780118465424,0.0,0.2816947400569916
8951,0.006433360371738672,0.019534193351864813,0.03182013891637325,0.07111502587795257,0.0,0.07126079499721527,0.0,0.2816925644874573
8952,0.006098551582545042,0.019085540995001794,0.0300550926476717,0.07156389057636262,0.0,0.07126792520284653,0.0,0.2816900610923767
8953,0.006583981402218342,0.019218581914901733,0.030678191035985947,0.07365586310625076,0.0,0.07127596437931061,0.0,0.2816880941390991
8954,0.006627141498029232,0.019762348011136056,0.03026236966252327,0.06648138910531998,0.0,0.07128269225358963,0.0,0.28168851137161255
8955,0.0065892294049263,0.01985582448542118,0.03222689740359783,0.07324292063713074,0.0,0.07129436731338501,0.0,0.2816890478134155
8956,0.006367182265967131,0.01968565322458744,0.029037155956029893,0.06833906024694443,0.0,0.07130443304777145,0.0,0.2816883325576782
8957,0.006452986132353544,0.01995234750211239,0.02805170901119709,0.06930725127458573,0.0,0.07131954282522202,0.0,0.28168946504592896
8958,0.006581379286944866,0.01969456151127815,0.029431608319282532,0.07141543775796891,0.0,0.07133028656244278,0.0,0.2816909849643707
8959,0.006630630232393742,0.019245528802275657,0.029223255068063735,0.06568909958004951,0.0,0.07133781909942627,0.0,0.28169387578964233
8960,0.006415580213069916,0.020248212665319443,0.029867755994200707,0.06594895273447036,0.0,0.07134546339511871,0.0,0.28170013427734375
8961,0.006214924529194832,0.02027037926018238,0.029728789627552033,0.07342220246791839,0.0,0.07135575264692307,0.0,0.28170594573020935
8962,0.0065246627666056154,0.019719493761658668,0.029786115884780882,0.06956452801823616,0.0,0.07135932147502899,0.0,0.2817099690437317
8963,0.006485970690846443,0.01889084205031395,0.031010004878044128,0.06802003160119056,0.0,0.07135766744613647,0.0,0.2817123532295227
8964,0.006599022913724184,0.01913396120071411,0.03189278207719326,0.06942512989044189,0.0,0.07135240733623505,0.0,0.2817152440547943
8965,0.0064248330891132355,0.019110720604658127,0.029937697947025298,0.07161832600831985,0.0,0.07134508341550827,0.0,0.2817196846008301
8966,0.006706350948661566,0.01898215115070343,0.029684128984808923,0.06950285136699677,0.0,0.071343794465065,0.0,0.28172174096107483
8967,0.0064645674079656604,0.019749481976032258,0.030445167049765586,0.06997438371181489,0.0,0.07134181261062622,0.0,0.28172415494918823
8968,0.0063437378033995625,0.019825220108032227,0.029120909050107002,0.06829875409603119,0.0,0.07133864611387253,0.0,0.2817251980304718
8969,0.006438853777945041,0.02025546059012413,0.030092190578579904,0.06913174092769622,0.0,0.07134363800287247,0.0,0.2817249894142151
8970,0.00642566904425621,0.018990711495280265,0.029610686004161835,0.06851206868886947,0.0,0.0713515654206276,0.0,0.28172600269317627
8971,0.006240631453692913,0.01921904496848583,0.03230488523840904,0.07067439630627632,0.0,0.07136310636997223,0.0,0.28172412514686584
8972,0.006472370214760303,0.019408060982823373,0.029582297801971434,0.06947717517614364,0.0,0.07137065380811691,0.0,0.28172406554222107
8973,0.006282832473516464,0.01950572431087494,0.030964337289333344,0.06913515776395798,0.0,0.07137790322303772,0.0,0.2817228436470032
8974,0.006677308026701212,0.019978727400302886,0.03191121369600296,0.06598584130406379,0.0,0.07138960063457489,0.0,0.28172147274017334
8975,0.006143334601074457,0.018498245254158975,0.02895817458629608,0.06972929835319519,0.0,0.07140100747346878,0.0,0.28172141313552856
8976,0.0061357649974524975,0.019665941968560217,0.030614225193858147,0.07321759760379791,0.0,0.07141400128602982,0.0,0.2817232012748718
8977,0.006474781781435013,0.019952303916215896,0.030108511820435523,0.06845806241035461,0.0,0.07142914086580276,0.0,0.28172534704208374
8978,0.006891010235995055,0.020518773794174196,0.030486013740301132,0.07061766684055329,0.0,0.0714430958032608,0.0,0.281728595495224
8979,0.006177759449928999,0.019454707205295563,0.030092991888523102,0.06620878055691719,0.0,0.0714610368013382,0.0,0.28173166513442993
8980,0.006286844704300165,0.019406743347644806,0.02879806309938431,0.07172969728708267,0.0,0.07147549092769623,0.0,0.2817312180995941
8981,0.0065099186263978485,0.01983308866620064,0.030570612475275993,0.06291506886482238,0.0,0.07148922234773636,0.0,0.28172916173934937
8982,0.0066660619340837,0.019251680001616478,0.029946574568748476,0.06903094351291657,0.0,0.07150394469499588,0.0,0.2817268967628479
8983,0.006612019520252943,0.01922222264111042,0.030313167348504068,0.06919611692428589,0.0,0.0715164914727211,0.0,0.2817263901233673
8984,0.00652436725795269,0.020105644315481185,0.03035615086555481,0.07466935068368911,0.0,0.07153039425611496,0.0,0.2817254066467285
8985,0.00642954483628273,0.019567675516009332,0.030964241549372672,0.06851067095994949,0.0,0.07154078781604767,0.0,0.28172147274017334
8986,0.0063906929455697535,0.020242908969521523,0.030402937904000282,0.07191373705863953,0.0,0.07155711948871613,0.0,0.28171783685684204
8987,0.007009525690227747,0.018986714631319047,0.030261936783790588,0.069720059633255,0.0,0.07156812399625778,0.0,0.2817145586013794
8988,0.006339100375771523,0.019768378138542174,0.029535335302352906,0.07317225933074951,0.0,0.07157689332962036,0.0,0.281710147857666
8989,0.006787346769124269,0.0206179428845644,0.0295061357319355,0.07017828971147537,0.0,0.07158032804727554,0.0,0.28170886635780334
8990,0.006794922892004252,0.019158453866839408,0.02848214879631996,0.06886167973279952,0.0,0.07158812880516052,0.0,0.2817092835903168
8991,0.00686996579170227,0.019207191839814185,0.030162035673856735,0.07177481651306153,0.0,0.07159529626369476,0.0,0.28171128034591675
8992,0.006420592218637467,0.020129644870758058,0.02877088002860546,0.06684624403715134,0.0,0.07159969955682755,0.0,0.2817162573337555
8993,0.00670988280326128,0.019807351380586626,0.030553938820958138,0.06967292726039886,0.0,0.07160446047782898,0.0,0.2817201614379883
8994,0.006141209602355957,0.019997359812259675,0.03000633604824543,0.07035763934254646,0.0,0.07160581648349762,0.0,0.2817250192165375
8995,0.006317073572427034,0.01979590207338333,0.029894867539405824,0.06786169558763504,0.0,0.07160555571317673,0.0,0.28172996640205383
8996,0.006538515631109476,0.018703048303723335,0.03018832057714462,0.06609061658382416,0.0,0.07160300761461258,0.0,0.28173261880874634
8997,0.00665639853104949,0.01900494210422039,0.03188550360500812,0.0674535021185875,0.0,0.0716017559170723,0.0,0.2817328870296478
8998,0.006457913853228092,0.019901407510042192,0.029694949090480805,0.06660644561052323,0.0,0.07159580290317535,0.0,0.28173181414604187
8999,0.006388092692941427,0.019545166566967965,0.029593759030103684,0.06923835277557373,0.0,0.07158522307872772,0.0,0.2817296087741852
9000,0.005938777793198824,0.019121778756380083,0.029991160333156585,0.06719536036252975,0.0,0.07157157361507416,0.0,0.2817266583442688
9001,0.006556089129298925,0.02007615603506565,0.03028835207223892,0.06726185902953148,0.0,0.07156045734882355,0.0,0.281721293926239
9002,0.00636260760948062,0.018434062227606775,0.029410577565431594,0.06856816411018371,0.0,0.07155005633831024,0.0,0.2817161977291107
9003,0.006007171235978603,0.01964467465877533,0.029519734904170036,0.07433441579341889,0.0,0.07154031842947006,0.0,0.2817111611366272
9004,0.006403215788304805,0.01992938183248043,0.028873468935489654,0.06809349581599236,0.0,0.07153014838695526,0.0,0.2817038893699646
9005,0.0062906650826334955,0.018783529102802277,0.0304549939930439,0.06803431063890457,0.0,0.07152734696865082,0.0,0.2816983163356781
9006,0.0061052883043885234,0.019135313108563423,0.030343250930309297,0.07069260776042938,0.0,0.0715271458029747,0.0,0.2816926836967468
9007,0.006656368728727102,0.018567191809415816,0.03159434162080288,0.0687133863568306,0.0,0.07152289897203445,0.0,0.2816891670227051
9008,0.006335243117064238,0.01986520029604435,0.030777687951922417,0.06967057585716248,0.0,0.07151888310909271,0.0,0.2816850244998932
9009,0.00656712669879198,0.01845557987689972,0.02995748296380043,0.06587871834635735,0.0,0.07152314484119415,0.0,0.2816849946975708
9010,0.006097559817135334,0.019935397803783415,0.029764414578676224,0.06884546130895615,0.0,0.07153476029634476,0.0,0.28168442845344543
9011,0.006317413039505481,0.01960660144686699,0.031956172361969945,0.07032039910554885,0.0,0.0715475007891655,0.0,0.28168433904647827
9012,0.006710928119719029,0.01897544413805008,0.029322495684027672,0.06500947922468185,0.0,0.0715562030673027,0.0,0.2816842496395111
9013,0.006611043307930231,0.019528269395232202,0.029778171703219412,0.06866946220397949,0.0,0.07156629860401154,0.0,0.2816849946975708
9014,0.006528789177536964,0.018933338671922685,0.028701940923929213,0.07095473259687424,0.0,0.07157815992832184,0.0,0.28168514370918274
9015,0.006503492780029774,0.020156872272491456,0.02881600446999073,0.07359429746866226,0.0,0.07158820331096649,0.0,0.28168463706970215
9016,0.006522906385362149,0.02013041079044342,0.030285469070076943,0.07247823476791382,0.0,0.07159673422574997,0.0,0.2816825807094574
9017,0.006471508834511042,0.020037081465125083,0.030826448276638985,0.06875447779893876,0.0,0.07160095870494843,0.0,0.28168073296546936
9018,0.006716809701174498,0.019260017946362496,0.029710450023412705,0.07119570970535279,0.0,0.07160036265850067,0.0,0.28167635202407837
9019,0.006710661295801401,0.019351423904299735,0.02958761602640152,0.07059585750102997,0.0,0.07160317152738571,0.0,0.28167441487312317
9020,0.006513735186308623,0.01882910802960396,0.031086770072579383,0.0703098863363266,0.0,0.07160744816064835,0.0,0.2816716134548187
9021,0.006255195569247007,0.01942894496023655,0.02952815070748329,0.0650368481874466,0.0,0.07161048799753189,0.0,0.28167039155960083
9022,0.006387035083025694,0.01931685917079449,0.029792073741555215,0.06893776208162308,0.0,0.07160788029432297,0.0,0.2816702127456665
9023,0.006393296550959349,0.018738765642046927,0.03120025098323822,0.06702756211161613,0.0,0.07160267233848572,0.0,0.2816724181175232
9024,0.006726077292114496,0.019246725738048552,0.030691546574234962,0.07171339690685272,0.0,0.07159648835659027,0.0,0.2816754877567291
9025,0.005981959961354732,0.01971096657216549,0.030028001219034196,0.07358058542013168,0.0,0.07158420979976654,0.0,0.2816798686981201
9026,0.006944747921079397,0.019946039840579032,0.029375680908560752,0.06471286714076996,0.0,0.07157646119594574,0.0,0.28168416023254395
9027,0.006521713919937611,0.01876027323305607,0.0296947468072176,0.06987906098365784,0.0,0.0715700089931488,0.0,0.2816876769065857
9028,0.006054758839309215,0.019533655419945718,0.02791217379271984,0.07019508183002472,0.0,0.07156313210725784,0.0,0.2816907465457916
9029,0.006465063896030188,0.019956125319004057,0.03024427965283394,0.06837524324655533,0.0,0.07155366241931915,0.0,0.2816920280456543
9030,0.0066471191123127936,0.019969477504491805,0.030387287959456444,0.06773475259542465,0.0,0.07154379785060883,0.0,0.28169047832489014
9031,0.006735618785023689,0.019659373536705972,0.030575824528932573,0.07312014400959015,0.0,0.07153034210205078,0.0,0.28168803453445435
9032,0.0065076775848865506,0.020433411374688147,0.028967834636569025,0.06457426697015763,0.0,0.07151494920253754,0.0,0.2816855311393738
9033,0.006246042344719172,0.019649618491530418,0.029219137504696846,0.07075575739145279,0.0,0.07150991261005402,0.0,0.2816840708255768
9034,0.006616466958075762,0.01958180367946625,0.02962987795472145,0.07104872614145279,0.0,0.071510449051857,0.0,0.28168195486068726
9035,0.006199588067829609,0.019652927294373512,0.02996709682047367,0.06867458522319794,0.0,0.07150807231664658,0.0,0.28167790174484253
9036,0.006600790098309517,0.020250997692346572,0.030902433767914773,0.06789529472589492,0.0,0.07150868326425552,0.0,0.28167492151260376
9037,0.0066305877640843395,0.02074572816491127,0.028741688281297684,0.06733641028404236,0.0,0.07150451093912125,0.0,0.28167328238487244
9038,0.00653293477371335,0.019638025760650636,0.03151538744568825,0.07217624932527542,0.0,0.07150919735431671,0.0,0.28167515993118286
9039,0.0064125738106668,0.019907446578145027,0.03067520558834076,0.07333307564258576,0.0,0.07151639461517334,0.0,0.2816791534423828
9040,0.006515250075608492,0.019134271517395975,0.029697329550981522,0.0679788738489151,0.0,0.07152944803237915,0.0,0.2816842794418335
9041,0.00629271175712347,0.019292763620615005,0.029411939531564714,0.0693348154425621,0.0,0.07154612243175507,0.0,0.28169015049934387
9042,0.006147114001214505,0.01965401545166969,0.028689514845609665,0.06692991629242898,0.0,0.07155832648277283,0.0,0.2816934585571289
9043,0.006394108943641186,0.019802207499742507,0.027790946140885352,0.06873862817883492,0.0,0.07156933844089508,0.0,0.2816954255104065
9044,0.006036155577749014,0.018995634093880654,0.031127195805311203,0.07133160531520844,0.0,0.07158427685499191,0.0,0.28169602155685425
9045,0.006238177139312029,0.020168014615774155,0.02902042679488659,0.07259272634983063,0.0,0.0715968981385231,0.0,0.28169241547584534
9046,0.006439515110105276,0.019644439220428467,0.029436635226011275,0.07186653017997742,0.0,0.0716119259595871,0.0,0.28168803453445435
9047,0.00670633465051651,0.01938408464193344,0.03030073717236519,0.07039444744586945,0.0,0.07162750512361526,0.0,0.2816803455352783
9048,0.006511762831360101,0.020795588567852973,0.03237070664763451,0.06820236817002297,0.0,0.07164514809846878,0.0,0.2816708981990814
9049,0.006325742602348328,0.020661015436053275,0.029352470114827157,0.07042471617460251,0.0,0.07166451960802078,0.0,0.2816615700721741
9050,0.006456627510488033,0.019087107852101326,0.03148763738572598,0.06782183796167374,0.0,0.07168368250131607,0.0,0.2816525101661682
9051,0.006337307579815388,0.019885656237602235,0.03187401778995991,0.06792198568582535,0.0,0.07169646769762039,0.0,0.28164541721343994
9052,0.0063396235927939415,0.019544070214033128,0.031311674416065215,0.06762494891881943,0.0,0.0717153549194336,0.0,0.28163909912109375
9053,0.006309975683689117,0.01985437497496605,0.02963579222559929,0.07461043447256088,0.0,0.07173444330692291,0.0,0.2816336154937744
9054,0.0067676550708711146,0.01983020529150963,0.030245151743292807,0.06437229663133621,0.0,0.07175563275814056,0.0,0.2816312909126282
9055,0.006200218945741654,0.01930321045219898,0.03091977462172508,0.07190384417772293,0.0,0.07177715003490448,0.0,0.2816314399242401
9056,0.006332253478467465,0.019606313109397887,0.030079692602157593,0.07178711593151092,0.0,0.07179509103298187,0.0,0.2816299498081207
9057,0.00712387626990676,0.02060641869902611,0.02963004820048809,0.06915517896413803,0.0,0.07180887460708618,0.0,0.28162914514541626
9058,0.0066006134264171125,0.020353587344288826,0.02949054278433323,0.07156291902065277,0.0,0.07182538509368896,0.0,0.28162962198257446
9059,0.006481143459677696,0.019609889015555382,0.03175115175545216,0.06685939505696296,0.0,0.07183719426393509,0.0,0.281629741191864
9060,0.006548715475946665,0.019659898057579995,0.027979721873998643,0.06815498024225235,0.0,0.07184785604476929,0.0,0.28163012862205505
9061,0.006779555603861809,0.019696183130145074,0.029656409844756128,0.06840569525957108,0.0,0.07186135649681091,0.0,0.2816329896450043
9062,0.0064758527092635635,0.019833623617887496,0.02914390154182911,0.06745836436748505,0.0,0.07187186926603317,0.0,0.2816343903541565
9063,0.006486430950462818,0.01913640312850475,0.028927457705140113,0.0719258114695549,0.0,0.07187788188457489,0.0,0.28163591027259827
9064,0.006743725296109915,0.020790087431669234,0.03125060833990574,0.06839388459920884,0.0,0.07187850028276443,0.0,0.2816370725631714
9065,0.006540983822196722,0.019658781960606574,0.029411792755126953,0.0671421930193901,0.0,0.0718822032213211,0.0,0.2816371023654938
9066,0.006062060315161944,0.020149067789316178,0.029554155096411704,0.06790251433849334,0.0,0.07188765704631805,0.0,0.281635582447052
9067,0.006209331005811692,0.019653965905308723,0.028500472381711005,0.06815192475914955,0.0,0.07189629226922989,0.0,0.28163179755210876
9068,0.006351903732866049,0.018926318734884262,0.03142417594790459,0.06837410926818847,0.0,0.0719042420387268,0.0,0.2816276550292969
9069,0.006437461543828249,0.0193943377584219,0.02957754023373127,0.06751800626516342,0.0,0.07191236317157745,0.0,0.2816239893436432
9070,0.00691221971064806,0.01949831619858742,0.02945898175239563,0.06675814539194107,0.0,0.07191827893257141,0.0,0.2816227674484253
9071,0.006530243624001742,0.01921376883983612,0.030768344551324843,0.06852299869060516,0.0,0.07192613184452057,0.0,0.2816224694252014
9072,0.006622274685651064,0.019426697865128517,0.030016081780195235,0.07120351940393448,0.0,0.07193704694509506,0.0,0.28162211179733276
9073,0.006563261989504099,0.01896364502608776,0.032634446024894716,0.07233640104532242,0.0,0.071942999958992,0.0,0.2816219925880432
9074,0.0063689579255878925,0.018936428427696227,0.02905207723379135,0.0701961301267147,0.0,0.07194605469703674,0.0,0.2816212773323059
9075,0.006633712071925401,0.019437306374311448,0.03048851266503334,0.07108020335435868,0.0,0.07194671034812927,0.0,0.2816210687160492
9076,0.006395378150045872,0.019263020157814024,0.02916024290025234,0.06781501770019531,0.0,0.07193964719772339,0.0,0.2816205322742462
9077,0.0065660359337925914,0.01980123370885849,0.02949434705078602,0.06746789067983627,0.0,0.07192698866128922,0.0,0.2816200256347656
9078,0.006250063423067331,0.01966287977993488,0.02716272994875908,0.07095570862293243,0.0,0.07191382348537445,0.0,0.28161919116973877
9079,0.006583843380212784,0.01906360574066639,0.029418588429689408,0.06783167123794556,0.0,0.07190009951591492,0.0,0.28161826729774475
9080,0.0063334224745631214,0.019407650083303453,0.029280827566981315,0.07048753052949905,0.0,0.07188504934310913,0.0,0.2816178500652313
9081,0.006458584778010845,0.019175135344266892,0.028795697912573814,0.06857668161392212,0.0,0.07187189161777496,0.0,0.2816144526004791
9082,0.006156052276492119,0.01938971020281315,0.031082158163189887,0.07165914326906205,0.0,0.071854367852211,0.0,0.28161218762397766
9083,0.0066542900167405605,0.019728414341807367,0.029824284464120866,0.0730356067419052,0.0,0.07183197140693665,0.0,0.2816108167171478
9084,0.006324614677578211,0.02071235775947571,0.028954630345106126,0.07237556725740432,0.0,0.07181327044963837,0.0,0.2816130518913269
9085,0.006497574597597122,0.020432430505752563,0.029033000022172926,0.06876385062932969,0.0,0.07179675996303558,0.0,0.28161904215812683
9086,0.006345662102103233,0.01986168771982193,0.030655859038233757,0.06977199763059616,0.0,0.07178040593862534,0.0,0.2816261351108551
9087,0.006255297176539898,0.019778263941407203,0.028787451982498168,0.06901362985372543,0.0,0.07176660001277924,0.0,0.28163236379623413
9088,0.0063416391611099245,0.019337693601846694,0.030103670433163643,0.07033146768808365,0.0,0.07175334542989731,0.0,0.28163841366767883
9089,0.006542867328971624,0.0196229275316,0.030936481058597566,0.0722287967801094,0.0,0.07174058258533478,0.0,0.28164511919021606
9090,0.006488264072686434,0.01916918121278286,0.030023934692144393,0.06988801807165146,0.0,0.07172760367393494,0.0,0.2816494107246399
9091,0.006488712597638368,0.0194792453199625,0.029444652050733565,0.0684079684317112,0.0,0.07171870023012161,0.0,0.2816513180732727
9092,0.006406837794929743,0.01976674348115921,0.029833033680915833,0.06861727237701416,0.0,0.07170596718788147,0.0,0.28165245056152344
9093,0.00681985542178154,0.020068114250898363,0.02950124703347683,0.07408000081777573,0.0,0.07169555127620697,0.0,0.2816537022590637
9094,0.006520057003945113,0.0200145922601223,0.029196623340249063,0.06516254544258118,0.0,0.07168041914701462,0.0,0.281653493642807
9095,0.006710981670767069,0.020355892926454545,0.03020370379090309,0.0662904515862465,0.0,0.07167141884565353,0.0,0.28165140748023987
9096,0.006787534337490797,0.01876116283237934,0.028781820833683015,0.06355019360780716,0.0,0.07166619598865509,0.0,0.28164973855018616
9097,0.006709999777376652,0.01888754926621914,0.031734957918524744,0.06438013687729835,0.0,0.07165815681219101,0.0,0.2816479802131653
9098,0.006654414907097816,0.019429484009742738,0.030151476338505744,0.07059185057878495,0.0,0.07165129482746124,0.0,0.2816503345966339
9099,0.006785543449223041,0.01942942999303341,0.02988249361515045,0.06907960623502732,0.0,0.07164271175861359,0.0,0.2816522717475891
9100,0.0068278549239039425,0.01914828009903431,0.03125434517860413,0.07010807171463966,0.0,0.07163552939891815,0.0,0.28165310621261597
9101,0.0064628695137798784,0.01920801177620888,0.029919969290494917,0.07023192346096038,0.0,0.07162632793188095,0.0,0.2816523611545563
9102,0.006689239852130413,0.020112098008394242,0.030729876831173897,0.07061227262020112,0.0,0.07161484658718109,0.0,0.28165021538734436
9103,0.006576401647180319,0.01943696178495884,0.02861460968852043,0.072606860101223,0.0,0.07160018384456635,0.0,0.28164857625961304
9104,0.006531104166060686,0.019198664277791978,0.029505554214119913,0.06956248134374618,0.0,0.0715847909450531,0.0,0.28164777159690857
9105,0.006558412406593561,0.019762419164180756,0.03297586441040039,0.07233395427465439,0.0,0.07157053053379059,0.0,0.28164878487586975
9106,0.006745886150747537,0.019250521063804628,0.031569567322731015,0.07156286388635635,0.0,0.07155577838420868,0.0,0.2816506624221802
9107,0.00661025270819664,0.019836147874593736,0.03021305650472641,0.07000560015439987,0.0,0.07154910266399384,0.0,0.2816537916660309
9108,0.006676070112735033,0.019941915944218635,0.031047820299863815,0.0673004373908043,0.0,0.07153816521167755,0.0,0.28165921568870544
9109,0.006716516800224781,0.01840445473790169,0.02988978549838066,0.07193096876144409,0.0,0.07152943313121796,0.0,0.2816649377346039
9110,0.006494882702827454,0.01960819885134697,0.03066958039999008,0.06933257430791855,0.0,0.07151800394058228,0.0,0.2816736400127411
9111,0.006671539880335331,0.01993512213230133,0.031559689342975615,0.07215845733880996,0.0,0.07150590419769287,0.0,0.2816832661628723
9112,0.006433718651533127,0.018102312460541725,0.029756880924105646,0.06899173706769943,0.0,0.07150079309940338,0.0,0.2816924452781677
9113,0.00637077959254384,0.0199267640709877,0.03006860688328743,0.06818000376224517,0.0,0.07149770855903625,0.0,0.28170061111450195
9114,0.006939678639173508,0.01947769746184349,0.029900626093149186,0.06713823527097702,0.0,0.07149633020162582,0.0,0.2817077934741974
9115,0.006088929995894432,0.020003554970026018,0.029334352165460587,0.06682159453630447,0.0,0.07149729132652283,0.0,0.28171175718307495
9116,0.006619960349053144,0.018570128828287125,0.029240699857473372,0.07160136103630066,0.0,0.0714963898062706,0.0,0.2817138731479645
9117,0.006562482286244631,0.019061084464192392,0.030046586692333222,0.06974207609891891,0.0,0.07149442285299301,0.0,0.2817133367061615
9118,0.00672090295702219,0.02031853571534157,0.028854100778698922,0.0700766235589981,0.0,0.07148752361536026,0.0,0.2817140519618988
9119,0.006551407929509878,0.019308190420269968,0.029697319865226744,0.06800542250275612,0.0,0.07148353010416031,0.0,0.2817133069038391
9120,0.006780648417770862,0.01957944259047508,0.029335274547338485,0.0686957448720932,0.0,0.07148073613643646,0.0,0.2817104756832123
9121,0.006335774809122086,0.018461796268820763,0.030862700939178467,0.0711446836590767,0.0,0.07147553563117981,0.0,0.28170639276504517
9122,0.006625561136752367,0.019898854568600653,0.030542567372322083,0.06724368035793304,0.0,0.0714687705039978,0.0,0.2817019820213318
9123,0.006253261957317591,0.020173239335417748,0.031256881356239316,0.06594058722257615,0.0,0.07146374881267548,0.0,0.28169941902160645
9124,0.006423446070402861,0.019471245259046553,0.030897440016269685,0.07000122293829918,0.0,0.07145519554615021,0.0,0.2816965878009796
9125,0.006754451245069504,0.01963234692811966,0.02988920547068119,0.07149783223867416,0.0,0.07144467532634735,0.0,0.28169673681259155
9126,0.006476681213825941,0.018957211822271346,0.0312565516680479,0.06555776298046112,0.0,0.07143428921699524,0.0,0.28169676661491394
9127,0.006657074857503176,0.02044883854687214,0.028767409175634383,0.06927968859672547,0.0,0.07141849398612976,0.0,0.28169524669647217
9128,0.006358620431274176,0.020203334838151933,0.0298160620033741,0.06531011089682578,0.0,0.07140392065048218,0.0,0.2816930413246155
9129,0.006543673761188984,0.019447559863328932,0.030398764833807945,0.06923266649246215,0.0,0.07139430195093155,0.0,0.2816917300224304
9130,0.006563078705221414,0.019259830191731452,0.03063500374555588,0.0651020273566246,0.0,0.07139001786708832,0.0,0.281690388917923
9131,0.006837189942598343,0.01998478062450886,0.031105102226138114,0.07111898809671402,0.0,0.07138444483280182,0.0,0.28168994188308716
9132,0.0066149188205599785,0.019866788387298585,0.02817092351615429,0.07341111898422241,0.0,0.07138349860906601,0.0,0.2816903293132782
9133,0.006701964605599642,0.019428887218236924,0.03110240027308464,0.06957018226385117,0.0,0.07137888669967651,0.0,0.28169187903404236
9134,0.0065962705761194226,0.019186930358409883,0.028206237033009528,0.06934906542301178,0.0,0.07137954235076904,0.0,0.2816920876502991
9135,0.006483662500977516,0.019833815470337867,0.03210823647677898,0.06782417893409728,0.0,0.07138340175151825,0.0,0.281691312789917
9136,0.006581222824752331,0.019307254627346993,0.029240860417485238,0.07002436369657516,0.0,0.07138600200414658,0.0,0.28169113397598267
9137,0.006581979803740978,0.019600572437047957,0.02999756783246994,0.06509931236505509,0.0,0.07138751447200775,0.0,0.28169041872024536
9138,0.007051826361566782,0.01982112191617489,0.030242281779646874,0.07186276763677597,0.0,0.07138477265834808,0.0,0.2816929221153259
9139,0.006673821620643139,0.01958877258002758,0.029568497091531754,0.06622752919793129,0.0,0.07137687504291534,0.0,0.28169578313827515
9140,0.0066369567066431046,0.018561014905571938,0.028716623410582544,0.07027444541454315,0.0,0.071366086602211,0.0,0.28169912099838257
9141,0.006480875518172979,0.019722016900777815,0.03055502399802208,0.06902138143777847,0.0,0.07135088741779327,0.0,0.2817020118236542
9142,0.00630232896655798,0.01930895112454891,0.02918372191488743,0.06545208990573884,0.0,0.07133330404758453,0.0,0.28170156478881836
9143,0.0064667750149965285,0.019116173684597015,0.028781447932124136,0.07034474834799767,0.0,0.07132334262132645,0.0,0.28169921040534973
9144,0.006741842161864043,0.019493569433689118,0.029722746461629868,0.07042349874973297,0.0,0.07131090015172958,0.0,0.28169673681259155
9145,0.006861664075404406,0.01902153342962265,0.031247735023498535,0.07014866471290589,0.0,0.07130412757396698,0.0,0.2816941738128662
9146,0.0068575176410377026,0.02044164501130581,0.029350385069847107,0.0700027033686638,0.0,0.0712970495223999,0.0,0.28169387578964233
9147,0.006268551852554083,0.018773690983653068,0.02826327607035637,0.06375949010252953,0.0,0.07129084318876266,0.0,0.2816929221153259
9148,0.006730643194168806,0.0195454154163599,0.02951858043670654,0.06959915608167648,0.0,0.07128255069255829,0.0,0.2816939353942871
9149,0.006829652283340692,0.020167328417301178,0.03066862002015114,0.07088741064071655,0.0,0.07127678394317627,0.0,0.28169479966163635
9150,0.006440849509090185,0.01985517852008343,0.029752155765891075,0.06838845610618591,0.0,0.0712701827287674,0.0,0.28169742226600647
9151,0.006285598874092102,0.019402923062443733,0.030855052545666693,0.07321299314498901,0.0,0.07126602530479431,0.0,0.2816978096961975
9152,0.006425913423299789,0.020146918669342994,0.03006485179066658,0.07071593552827835,0.0,0.07125933468341827,0.0,0.281698077917099
9153,0.006974113453179598,0.019922995939850807,0.03069395087659359,0.06854528933763504,0.0,0.07125373929738998,0.0,0.28169944882392883
9154,0.006812707521021366,0.02013111151754856,0.03051511086523533,0.06761709600687027,0.0,0.0712529718875885,0.0,0.281700074672699
9155,0.006696194410324097,0.019224660843610762,0.0299401693046093,0.07294460982084275,0.0,0.07125715166330338,0.0,0.2817017734050751
9156,0.006907016970217228,0.019300784170627593,0.030479978397488595,0.0665571890771389,0.0,0.07125771790742874,0.0,0.2817000448703766
9157,0.0070409361273050305,0.01975129097700119,0.03111259825527668,0.06906001716852188,0.0,0.07125665247440338,0.0,0.28169694542884827
9158,0.006112808547914028,0.019381476566195488,0.030505644902586938,0.0697689063847065,0.0,0.07125993072986603,0.0,0.2816925644874573
9159,0.006590825598686933,0.019500744342803956,0.03013801872730255,0.07031000107526779,0.0,0.07126665115356445,0.0,0.28168758749961853
9160,0.00671499352902174,0.019342736154794694,0.02753836289048195,0.07207645699381829,0.0,0.07127411663532257,0.0,0.28168219327926636
9161,0.006635732017457485,0.019063570350408555,0.03104473240673542,0.07088005393743516,0.0,0.07127920538187027,0.0,0.2816765010356903
9162,0.006820726487785578,0.01914551928639412,0.030603451281785966,0.07035157382488251,0.0,0.0712846890091896,0.0,0.28167086839675903
9163,0.00646821791306138,0.019543522596359254,0.027708561345934867,0.06809813603758812,0.0,0.07128505408763885,0.0,0.2816656231880188
9164,0.006783334724605084,0.01896309442818165,0.030655001848936082,0.06636500209569932,0.0,0.07128641754388809,0.0,0.2816627621650696
9165,0.00657437676563859,0.01961650662124157,0.027440258488059043,0.07053306996822357,0.0,0.07128079235553741,0.0,0.2816613018512726
9166,0.006371714640408754,0.018785662204027175,0.030679580569267274,0.06957679837942124,0.0,0.07127666473388672,0.0,0.28165724873542786
9167,0.006479672435671091,0.01997777186334133,0.031169994547963143,0.07123573198914528,0.0,0.07127466052770615,0.0,0.2816537916660309
9168,0.006625919416546821,0.01861632838845253,0.03057383932173252,0.07273499369621277,0.0,0.0712721198797226,0.0,0.28165170550346375
9169,0.00677702696993947,0.01979077570140362,0.028116967901587485,0.06802141815423965,0.0,0.07126753032207489,0.0,0.2816517949104309
9170,0.006407687067985534,0.019173162803053857,0.030531467124819755,0.06973243057727814,0.0,0.07126708328723907,0.0,0.28165337443351746
9171,0.006555408332496881,0.020122672617435455,0.030391156673431396,0.06901389211416245,0.0,0.07126371562480927,0.0,0.281653493642807
9172,0.006888306420296431,0.019928440824151038,0.02904942035675049,0.07255367338657379,0.0,0.07126720249652863,0.0,0.2816528379917145
9173,0.006516158208250999,0.020012249425053596,0.03130718097090721,0.06672308668494224,0.0,0.07127143442630768,0.0,0.28165170550346375
9174,0.006496671959757805,0.019809104129672052,0.03077927716076374,0.06920989453792573,0.0,0.07127570360898972,0.0,0.2816527783870697
9175,0.0067158728837966915,0.01927354596555233,0.029064034298062324,0.06949024200439453,0.0,0.07127772271633148,0.0,0.28165435791015625
9176,0.006231092289090157,0.019566979259252548,0.029078948497772216,0.06875056624412537,0.0,0.07127673923969269,0.0,0.2816556692123413
9177,0.006714796647429466,0.01915057599544525,0.028611211106181145,0.06556221544742584,0.0,0.07127504050731659,0.0,0.2816578149795532
9178,0.00676693357527256,0.019538552314043046,0.030727945268154144,0.06960860639810562,0.0,0.07127077132463455,0.0,0.2816604971885681
9179,0.006530992686748505,0.019165683165192605,0.03088855780661106,0.07214933931827545,0.0,0.07126878201961517,0.0,0.2816626727581024
9180,0.006534900888800621,0.01949205845594406,0.029087959975004195,0.06877395957708358,0.0,0.07126417756080627,0.0,0.28166526556015015
9181,0.0066487985663115975,0.019909129291772843,0.03065284565091133,0.07066749185323715,0.0,0.07126016169786453,0.0,0.28166767954826355
9182,0.006615260429680347,0.01948602609336376,0.03159276060760021,0.07032473981380463,0.0,0.0712641105055809,0.0,0.2816692888736725
9183,0.006416184268891812,0.019826115667819978,0.03046082705259323,0.06545664295554161,0.0,0.07126591354608536,0.0,0.28167009353637695
9184,0.0065841272473335264,0.019539596512913704,0.030489402264356612,0.07159016579389572,0.0,0.07127507030963898,0.0,0.2816700339317322
9185,0.006430590432137251,0.020090241730213166,0.02796613909304142,0.07054541110992432,0.0,0.07128307223320007,0.0,0.2816699147224426
9186,0.006734662130475045,0.019103656336665154,0.030183667317032814,0.07395340353250504,0.0,0.07128699868917465,0.0,0.2816685736179352
9187,0.006781717482954264,0.019352195784449577,0.030773979052901267,0.07044436931610107,0.0,0.07129057496786118,0.0,0.2816670536994934
9188,0.0066974938847124575,0.019634420424699782,0.02986822947859764,0.06991559937596321,0.0,0.07129302620887756,0.0,0.28166645765304565
9189,0.006637042667716741,0.01968821547925472,0.028711703792214393,0.06685949712991715,0.0,0.07129570096731186,0.0,0.28166618943214417
9190,0.006533090770244598,0.019840169325470926,0.028909068927168845,0.06963322311639786,0.0,0.07129999250173569,0.0,0.28166788816452026
9191,0.00652486840263009,0.018889134749770164,0.029486196860671044,0.0672720342874527,0.0,0.07130376249551773,0.0,0.28166869282722473
9192,0.006353182438760996,0.01970963105559349,0.030244962871074678,0.06890174001455307,0.0,0.07130997627973557,0.0,0.28166884183883667
9193,0.006482093129307032,0.019717160612344742,0.030171306058764457,0.06832375973463059,0.0,0.07131447643041611,0.0,0.2816707193851471
9194,0.006521904189139604,0.018782930076122285,0.029491083323955537,0.07088675498962402,0.0,0.07132240384817123,0.0,0.2816716432571411
9195,0.0066021379083395,0.019710472971200942,0.03056504428386688,0.06945871785283089,0.0,0.07132633030414581,0.0,0.2816702425479889
9196,0.006116817891597748,0.019611708447337152,0.03162543438374996,0.0684207707643509,0.0,0.07133200764656067,0.0,0.28166624903678894
9197,0.006793677806854248,0.019408592209219932,0.029831495508551596,0.06910228282213211,0.0,0.07133664935827255,0.0,0.2816630005836487
9198,0.0065289456397295,0.018858861178159714,0.028587592393159868,0.0674651250243187,0.0,0.07134322077035904,0.0,0.28166037797927856
9199,0.006493617687374354,0.020009845495224,0.02959814518690109,0.0689699485898018,0.0,0.07134820520877838,0.0,0.2816552519798279
9200,0.0065210659988224505,0.018348567932844163,0.02889736071228981,0.06677694991230965,0.0,0.07135612517595291,0.0,0.28164929151535034
9201,0.006164007540792227,0.019548775255680086,0.030182069167494774,0.0659270502626896,0.0,0.07136474549770355,0.0,0.2816433608531952
9202,0.006602288968861103,0.018783758953213693,0.0298062976449728,0.07247154265642167,0.0,0.07137412577867508,0.0,0.28163591027259827
9203,0.0062948443926870825,0.019074220210313797,0.030010887980461122,0.06936065107584,0.0,0.07138366997241974,0.0,0.2816293239593506
9204,0.006648434419184923,0.01929354704916477,0.028507742658257486,0.0691430240869522,0.0,0.07138817012310028,0.0,0.2816236913204193
9205,0.0067197011783719065,0.019755568727850913,0.029256594926118852,0.06878826171159744,0.0,0.07139445841312408,0.0,0.28161996603012085
9206,0.0064129727892577645,0.019428005814552306,0.029437148571014406,0.07011651396751403,0.0,0.07139964401721954,0.0,0.28161853551864624
9207,0.006442455202341079,0.018194687739014625,0.031030535325407983,0.0699737548828125,0.0,0.07140360027551651,0.0,0.2816177308559418
9208,0.006232095789164305,0.019879180192947387,0.030487531051039695,0.0667771652340889,0.0,0.07139911502599716,0.0,0.2816160023212433
9209,0.00643879109993577,0.019655180722475053,0.02854134179651737,0.06783490926027298,0.0,0.07139445841312408,0.0,0.28161320090293884
9210,0.006222958117723465,0.019221003353595733,0.02860421873629093,0.07331566214561462,0.0,0.07139191031455994,0.0,0.28161248564720154
9211,0.006465744320303201,0.018855008482933044,0.030053070187568663,0.06782662719488144,0.0,0.07138486951589584,0.0,0.28161054849624634
9212,0.006156493350863457,0.020080937072634697,0.028956013917922973,0.06713280901312828,0.0,0.07137729227542877,0.0,0.28160929679870605
9213,0.006019806023687124,0.019278178736567498,0.02990817166864872,0.06849910020828247,0.0,0.07137276232242584,0.0,0.2816086411476135
9214,0.0065442932769656185,0.01938648372888565,0.02921089343726635,0.06903601437807083,0.0,0.07136726379394531,0.0,0.2816072702407837
9215,0.006390139274299145,0.019299501925706862,0.03089830428361893,0.06564355045557022,0.0,0.07136204093694687,0.0,0.2816070318222046
9216,0.006614844221621752,0.020028552785515786,0.029748038202524186,0.07340053766965866,0.0,0.07136045396327972,0.0,0.28160667419433594
9217,0.006442790105938912,0.01970115303993225,0.02976142317056656,0.06603915691375732,0.0,0.07136497646570206,0.0,0.28160709142684937
9218,0.0066618620418012146,0.019211909919977187,0.02975952886044979,0.07272709012031556,0.0,0.0713706761598587,0.0,0.28160783648490906
9219,0.006568901054561138,0.019637642055749895,0.02903347499668598,0.06557183116674423,0.0,0.07137367874383926,0.0,0.2816086709499359
9220,0.006800085864961147,0.01957322359085083,0.02898446433246136,0.06969878524541855,0.0,0.0713786706328392,0.0,0.281611829996109
9221,0.006592464353889227,0.02006474807858467,0.03162374012172222,0.0696952760219574,0.0,0.07138285785913467,0.0,0.2816166579723358
9222,0.006872560456395149,0.02022908702492714,0.028307782486081123,0.06870598196983338,0.0,0.07138626277446747,0.0,0.2816217839717865
9223,0.006370694283396006,0.01993192918598652,0.02983892560005188,0.07184293121099472,0.0,0.07138676941394806,0.0,0.2816289961338043
9224,0.006751497182995081,0.01972752660512924,0.02947411723434925,0.07352477312088013,0.0,0.07138795405626297,0.0,0.2816360592842102
9225,0.006824809405952692,0.018777073919773103,0.03128603175282478,0.06853268817067146,0.0,0.07138297706842422,0.0,0.2816433310508728
9226,0.006519749108701944,0.019865795597434045,0.0303464837372303,0.06537919715046883,0.0,0.0713733583688736,0.0,0.2816489338874817
9227,0.006138891912996769,0.019587058573961258,0.02864607572555542,0.06477989554405213,0.0,0.07136718928813934,0.0,0.2816546559333801
9228,0.006773417536169291,0.01932773068547249,0.028769873455166815,0.06856044977903367,0.0,0.07136421650648117,0.0,0.2816585898399353
9229,0.006537773553282023,0.01956103928387165,0.027660159394145012,0.07004044428467751,0.0,0.0713641420006752,0.0,0.28166189789772034
9230,0.006242777314037084,0.019399091601371765,0.029425813257694243,0.06938115805387497,0.0,0.07136684656143188,0.0,0.281665176153183
9231,0.006959179509431123,0.02001442722976208,0.030476516857743264,0.06893118768930435,0.0,0.07136818021535873,0.0,0.28166764974594116
9232,0.0066061635501682755,0.020419420301914216,0.02996598109602928,0.06834871023893356,0.0,0.07137656211853027,0.0,0.2816718518733978
9233,0.006856066826730967,0.019831008464097976,0.029341686889529227,0.07364338040351867,0.0,0.07137549668550491,0.0,0.28167542815208435
9234,0.006077657546848058,0.020519475638866424,0.03128587827086449,0.07143666595220566,0.0,0.07137449085712433,0.0,0.28168174624443054
9235,0.0064943874254822734,0.020124903321266173,0.028788551315665246,0.06818112432956695,0.0,0.07137881219387054,0.0,0.28168782591819763
9236,0.006442428845912218,0.019768596440553666,0.031544388830661775,0.06867818534374237,0.0,0.07138173282146454,0.0,0.2816932797431946
9237,0.00639754356816411,0.019007956236600877,0.02814856469631195,0.06855589598417282,0.0,0.07138169556856155,0.0,0.2816980183124542
9238,0.006421948317438364,0.02042919211089611,0.029618952050805093,0.06988267153501511,0.0,0.07137741893529892,0.0,0.2817017436027527
9239,0.0064098390750586985,0.019099295511841773,0.03033764772117138,0.07090666592121124,0.0,0.07137490063905716,0.0,0.2817055881023407
9240,0.006408382579684258,0.01965221352875233,0.029978838562965394,0.06477507501840592,0.0,0.07137646526098251,0.0,0.28170913457870483
9241,0.006776154320687055,0.020151881128549577,0.02984046973288059,0.0663970485329628,0.0,0.071380116045475,0.0,0.2817108631134033
9242,0.006732218712568283,0.01893952935934067,0.029300178587436675,0.0709783673286438,0.0,0.0713808685541153,0.0,0.281711608171463
9243,0.006620209850370884,0.0201295156031847,0.03084840327501297,0.07110315263271332,0.0,0.07137958705425262,0.0,0.2817138433456421
9244,0.006850780639797449,0.02041063755750656,0.029729896038770676,0.0708443984389305,0.0,0.07138091325759888,0.0,0.28171399235725403
9245,0.006840027961879968,0.017967476323246957,0.02877313457429409,0.06868195980787277,0.0,0.07138211280107498,0.0,0.28171175718307495
9246,0.007036278489977121,0.018059533275663852,0.028883686661720274,0.06945445388555527,0.0,0.0713827982544899,0.0,0.281709223985672
9247,0.006742164865136147,0.02009839043021202,0.030563854053616522,0.07019712999463082,0.0,0.0713808685541153,0.0,0.28170743584632874
9248,0.006568283680826426,0.019725599512457847,0.029876255244016648,0.06871196925640106,0.0,0.07137928903102875,0.0,0.28170448541641235
9249,0.006453111954033375,0.02021106593310833,0.030065156519412994,0.072427898645401,0.0,0.07137793302536011,0.0,0.28169992566108704
9250,0.006639647111296654,0.01944877952337265,0.030576592311263084,0.06955083459615707,0.0,0.07137669622898102,0.0,0.2816975712776184
9251,0.0064640137366950515,0.019277535006403924,0.02870400473475456,0.06889625787734985,0.0,0.07138140499591827,0.0,0.2816946506500244
9252,0.006840616092085838,0.019064174219965934,0.03068460673093796,0.06771451979875565,0.0,0.07138106971979141,0.0,0.2816928029060364
9253,0.006499042734503746,0.01973445191979408,0.030135541409254073,0.06828569620847702,0.0,0.07138104736804962,0.0,0.28168970346450806
9254,0.0066692234016954895,0.01811682842671871,0.029765790700912474,0.06931201964616776,0.0,0.07138091325759888,0.0,0.28168532252311707
9255,0.006139056291431189,0.019665662944316865,0.029622705280780794,0.0703432746231556,0.0,0.07137759029865265,0.0,0.2816823720932007
9256,0.006495955586433411,0.019507765769958496,0.03040669672191143,0.0662818506360054,0.0,0.07137387990951538,0.0,0.2816804349422455
9257,0.006426849309355021,0.019846796989440918,0.031242766231298447,0.0697248786687851,0.0,0.071372389793396,0.0,0.28167814016342163
9258,0.00649969857186079,0.019325074926018714,0.03136427104473114,0.06582299247384071,0.0,0.07137324661016464,0.0,0.28167542815208435
9259,0.006458557397127152,0.019303880631923676,0.030529743805527688,0.0707840546965599,0.0,0.07136771827936172,0.0,0.28167352080345154
9260,0.006535039469599724,0.020665232464671134,0.031698263436555865,0.06640008389949799,0.0,0.07136176526546478,0.0,0.2816717028617859
9261,0.006406921613961458,0.019351030886173248,0.029516998678445816,0.06520532891154289,0.0,0.07135755568742752,0.0,0.28167152404785156
9262,0.006415260955691338,0.02057529762387276,0.031282754614949226,0.071494922041893,0.0,0.07135219871997833,0.0,0.28167033195495605
9263,0.0066941497847437855,0.01963861659169197,0.030739247053861617,0.07037268877029419,0.0,0.07134609669446945,0.0,0.2816697359085083
9264,0.006298668496310711,0.018694645538926125,0.028565584868192672,0.06991695761680602,0.0,0.0713469535112381,0.0,0.281669020652771
9265,0.006170813459903002,0.018933098763227463,0.030250675231218337,0.06667549014091492,0.0,0.07134570181369781,0.0,0.28166863322257996
9266,0.006680145021528005,0.019141560792922972,0.030044273287057877,0.06946238428354264,0.0,0.0713409036397934,0.0,0.2816678285598755
9267,0.006491315830498934,0.019183747470378876,0.031059398129582406,0.07094433754682541,0.0,0.07133504003286362,0.0,0.281666100025177
9268,0.00622798316180706,0.019067535549402236,0.030324019491672516,0.06627140045166016,0.0,0.07132551074028015,0.0,0.28166308999061584
9269,0.006419866252690554,0.01902967430651188,0.027306906506419183,0.0685401901602745,0.0,0.0713217556476593,0.0,0.2816604971885681
9270,0.006695006228983402,0.021233939006924628,0.03098648488521576,0.07233031839132309,0.0,0.07131979614496231,0.0,0.28165754675865173
9271,0.006392699107527733,0.020051455497741698,0.03009070046246052,0.06956288516521454,0.0,0.07132373750209808,0.0,0.28165626525878906
9272,0.006886399723589421,0.018943028524518013,0.03043655976653099,0.06901739314198493,0.0,0.07133326679468155,0.0,0.28165704011917114
9273,0.006650877371430397,0.01945534534752369,0.03007001243531704,0.06679106652736663,0.0,0.07134110480546951,0.0,0.2816585898399353
9274,0.006589914578944445,0.02009274698793888,0.029757413640618326,0.06944292783737183,0.0,0.07134370505809784,0.0,0.2816619277000427
9275,0.006326557323336601,0.02009326107800007,0.030160148814320564,0.07151413857936859,0.0,0.07134976238012314,0.0,0.281665563583374
9276,0.006544203776866197,0.019918539002537726,0.029740677773952486,0.06925771236419678,0.0,0.07136078923940659,0.0,0.2816700339317322
9277,0.006614344473928213,0.01893572397530079,0.029425084218382837,0.07064500153064728,0.0,0.07136662304401398,0.0,0.28167524933815
9278,0.006459582597017288,0.020036793872714044,0.029910459369421005,0.07021946907043457,0.0,0.07137183845043182,0.0,0.281681090593338
9279,0.006440709065645933,0.020075445994734764,0.029358700290322302,0.06499236226081848,0.0,0.07137925922870636,0.0,0.2816864848136902
9280,0.006563820224255323,0.020392242446541788,0.031327607482671736,0.0643499881029129,0.0,0.07138925790786743,0.0,0.28169068694114685
9281,0.0069102393463253975,0.019883308187127115,0.02965480536222458,0.06906260550022125,0.0,0.0713963732123375,0.0,0.2816958725452423
9282,0.00633589867502451,0.020858586952090263,0.02980998158454895,0.06764169931411743,0.0,0.07140391319990158,0.0,0.28169941902160645
9283,0.006336370576173067,0.019924674555659293,0.028894321992993355,0.06853919327259064,0.0,0.07140940427780151,0.0,0.2817038893699646
9284,0.006955327838659287,0.02017255388200283,0.028175731748342515,0.07164343893527984,0.0,0.07141599804162979,0.0,0.28170663118362427
9285,0.00625588670372963,0.01907423697412014,0.031206097826361655,0.06648931205272675,0.0,0.0714225023984909,0.0,0.2817094922065735
9286,0.0066980100236833096,0.02018021047115326,0.03046715334057808,0.07449091225862503,0.0,0.07142813503742218,0.0,0.2817099094390869
9287,0.006443582288920879,0.018781263381242752,0.030076149851083755,0.06630395501852035,0.0,0.07143420726060867,0.0,0.2817097306251526
9288,0.006485018972307443,0.019243210926651953,0.03038210645318031,0.07183932662010192,0.0,0.0714421421289444,0.0,0.28170841932296753
9289,0.006329341791570187,0.019396911934018136,0.030057669803500175,0.07031921595335007,0.0,0.07144980132579803,0.0,0.28170639276504517
9290,0.0065788389183580875,0.01931825391948223,0.031142356246709822,0.07151707112789155,0.0,0.07145744562149048,0.0,0.2817053198814392
9291,0.0062955556437373165,0.02002423144876957,0.032930489629507065,0.06791584193706512,0.0,0.07146348804235458,0.0,0.281703919172287
9292,0.00680961711332202,0.018982246145606042,0.030470608547329903,0.07037299871444702,0.0,0.07147033512592316,0.0,0.2817022502422333
9293,0.0064039543271064755,0.01980939395725727,0.030225910246372223,0.07245057970285415,0.0,0.07147723436355591,0.0,0.28170081973075867
9294,0.006438806094229222,0.020209819823503495,0.029521043598651885,0.06842376589775086,0.0,0.07148291170597076,0.0,0.2817000448703766
9295,0.006542235985398293,0.019894683733582497,0.027892064303159714,0.06708829402923584,0.0,0.07148627936840057,0.0,0.2816997170448303
9296,0.006138927768915892,0.019280920922756194,0.02862676978111267,0.06950443834066392,0.0,0.07148878276348114,0.0,0.28170299530029297
9297,0.0067091497592628,0.019795503839850424,0.028901734575629234,0.0728610947728157,0.0,0.07149255275726318,0.0,0.28170546889305115
9298,0.0062550482340157035,0.018665597215294837,0.02826039008796215,0.0758312314748764,0.0,0.0715014711022377,0.0,0.2817068099975586
9299,0.006376561895012856,0.019045231491327287,0.029091718792915344,0.06889314353466033,0.0,0.07150791585445404,0.0,0.28170695900917053
9300,0.006957295723259449,0.019642039388418197,0.028335530310869217,0.06880190521478653,0.0,0.07151100039482117,0.0,0.2817065119743347
9301,0.006611231807619333,0.01921265125274658,0.029487194865942,0.06687651723623275,0.0,0.07151255756616592,0.0,0.2817039489746094
9302,0.006560794543474913,0.018543450534343718,0.02865406833589077,0.0654938906431198,0.0,0.07151181250810623,0.0,0.28170275688171387
9303,0.006567992921918631,0.018901052325963973,0.030481019988656044,0.06827482134103775,0.0,0.07151109725236893,0.0,0.2817026972770691
9304,0.006608264241367579,0.02034216746687889,0.03320991583168507,0.06947851777076722,0.0,0.07151037454605103,0.0,0.2817043364048004
9305,0.006486586481332779,0.020126688107848168,0.03024865351617336,0.06623830795288085,0.0,0.07151298224925995,0.0,0.281706303358078
9306,0.006200579274445772,0.020349586755037306,0.030856001749634744,0.06896483451128006,0.0,0.07151617109775543,0.0,0.28170785307884216
9307,0.006443223264068365,0.018966564163565635,0.029983459413051604,0.07225707173347473,0.0,0.0715230330824852,0.0,0.28171053528785706
9308,0.00622788667678833,0.01985974945127964,0.03133119083940983,0.07275494486093521,0.0,0.07152572274208069,0.0,0.2817123830318451
9309,0.0064505017362535,0.019779805094003677,0.02891836240887642,0.07042135372757911,0.0,0.07152324914932251,0.0,0.2817160487174988
9310,0.0065575678832829,0.019410992786288262,0.0287488903850317,0.0677626147866249,0.0,0.07152494043111801,0.0,0.281718909740448
9311,0.006564343627542257,0.01918504051864147,0.029282866045832634,0.06689118146896363,0.0,0.0715252012014389,0.0,0.2817224860191345
9312,0.006947404704988003,0.019053539633750914,0.031292273476719853,0.07056919559836387,0.0,0.07152712345123291,0.0,0.28172430396080017
9313,0.006515855528414249,0.019024602696299554,0.030153289064764978,0.06772105395793915,0.0,0.07153385877609253,0.0,0.28172677755355835
9314,0.006659227237105369,0.019187307730317116,0.030381722003221513,0.06813510805368424,0.0,0.07154426723718643,0.0,0.28172892332077026
9315,0.006223028432577849,0.019873784109950065,0.028723227605223656,0.06882753148674965,0.0,0.07155740261077881,0.0,0.28173142671585083
9316,0.006839007418602705,0.019279513508081436,0.02997065968811512,0.07308317571878434,0.0,0.07156636565923691,0.0,0.281733900308609
9317,0.0069118431769311425,0.019383305683732033,0.028921627253293992,0.06907376796007156,0.0,0.07157589495182037,0.0,0.28173381090164185
9318,0.006646779272705317,0.019378157705068587,0.028957152739167213,0.06973309516906738,0.0,0.07158219069242477,0.0,0.2817342281341553
9319,0.006658499129116535,0.01914348714053631,0.028194440901279448,0.07160727977752686,0.0,0.07158615440130234,0.0,0.28173723816871643
9320,0.006329689268022775,0.019681154936552047,0.02931814417243004,0.07161870896816254,0.0,0.07158906757831573,0.0,0.2817401587963104
9321,0.006407489068806171,0.020122718811035157,0.029202710837125778,0.06340200528502464,0.0,0.07158990204334259,0.0,0.28174352645874023
9322,0.006001569423824548,0.01952313110232353,0.02900552824139595,0.07044584304094315,0.0,0.07158956676721573,0.0,0.2817462384700775
9323,0.006249118410050869,0.018585658818483352,0.031013982370495796,0.0720515102148056,0.0,0.07158815115690231,0.0,0.2817493677139282
9324,0.006287127453833819,0.019641106575727464,0.029194677621126174,0.07186990827322007,0.0,0.0715821161866188,0.0,0.28175443410873413
9325,0.006228986196219921,0.020064574480056763,0.030301216617226602,0.071016226708889,0.0,0.0715770497918129,0.0,0.2817578911781311
9326,0.006455229502171278,0.01982208676636219,0.02781515121459961,0.0679327666759491,0.0,0.0715714767575264,0.0,0.2817627191543579
9327,0.006506142020225525,0.01957327388226986,0.028770074248313904,0.06664107888936996,0.0,0.07156413048505783,0.0,0.28176701068878174
9328,0.006658087577670812,0.019558076933026313,0.030166782066226007,0.06530138254165649,0.0,0.07155794650316238,0.0,0.28177201747894287
9329,0.00631165923550725,0.020703952759504318,0.02992623671889305,0.06592929810285568,0.0,0.07155556231737137,0.0,0.2817755341529846
9330,0.006496085319668055,0.01891533024609089,0.03051920123398304,0.06685031056404114,0.0,0.07155553251504898,0.0,0.2817786931991577
9331,0.006407980527728796,0.01930758133530617,0.03008838780224323,0.0674232766032219,0.0,0.07155127078294754,0.0,0.28178083896636963
9332,0.006082324124872684,0.018416887149214745,0.030413661524653433,0.0705139771103859,0.0,0.07154615223407745,0.0,0.28178471326828003
9333,0.006645870581269264,0.019446394219994546,0.030255410447716714,0.06600219532847404,0.0,0.07154295593500137,0.0,0.28178656101226807
9334,0.006708715297281742,0.018974471464753152,0.031438004598021506,0.06967981159687042,0.0,0.0715424045920372,0.0,0.2817882001399994
9335,0.006921160034835339,0.019545676931738854,0.030021459236741065,0.0718129351735115,0.0,0.07153981178998947,0.0,0.28179025650024414
9336,0.006617285683751107,0.019131549447774888,0.029244408011436462,0.07110770344734192,0.0,0.0715358704328537,0.0,0.2817913889884949
9337,0.006343953218311072,0.019794277474284173,0.029310043528676034,0.07281767427921296,0.0,0.07153759896755219,0.0,0.28179168701171875
9338,0.006719981413334608,0.02008989155292511,0.030745906010270118,0.07244305312633514,0.0,0.0715370923280716,0.0,0.2817940413951874
9339,0.006247136276215315,0.019563077390193938,0.027369570359587668,0.07113659679889679,0.0,0.07153470814228058,0.0,0.28179606795310974
9340,0.006636180635541678,0.020113811641931535,0.029161660000681877,0.06965781077742576,0.0,0.07152916491031647,0.0,0.28179827332496643
9341,0.006546840630471706,0.01998372785747051,0.030023572593927385,0.06778979152441025,0.0,0.07152730226516724,0.0,0.28180012106895447
9342,0.006551213748753071,0.019696971401572227,0.03025934472680092,0.06790031641721725,0.0,0.071522556245327,0.0,0.28180116415023804
9343,0.006496241129934788,0.02028687298297882,0.03021397478878498,0.07113542258739472,0.0,0.07152178883552551,0.0,0.28180211782455444
9344,0.006148337759077549,0.01971425674855709,0.031805016845464704,0.06591672524809837,0.0,0.07152320444583893,0.0,0.2818009555339813
9345,0.006541750766336918,0.018635890632867812,0.02998131662607193,0.06675153449177743,0.0,0.07152751088142395,0.0,0.2817976772785187
9346,0.006743374653160572,0.020391586422920226,0.029400014132261277,0.06901612728834153,0.0,0.07152606546878815,0.0,0.281792014837265
9347,0.006759449932724237,0.0200555682182312,0.028407268226146698,0.07132415622472763,0.0,0.07152237743139267,0.0,0.28178349137306213
9348,0.00650632893666625,0.019530479982495307,0.03053576834499836,0.07679617404937744,0.0,0.07151748239994049,0.0,0.281776487827301
9349,0.006414674315601587,0.01981002725660801,0.030456100776791572,0.0691981390118599,0.0,0.0715126320719719,0.0,0.28177136182785034
9350,0.00617777444422245,0.019989154860377313,0.02814503721892834,0.06953910291194916,0.0,0.07151027023792267,0.0,0.281768262386322
9351,0.006398315634578466,0.019248634949326514,0.029956329986453055,0.07076834291219711,0.0,0.07150731235742569,0.0,0.2817670404911041
9352,0.006772554852068425,0.019077111780643464,0.029568536952137948,0.06979497820138932,0.0,0.0715048685669899,0.0,0.2817656397819519
9353,0.006463085580617189,0.020119792968034744,0.029257160425186158,0.06687111407518387,0.0,0.07150626182556152,0.0,0.28176599740982056
9354,0.006540620606392622,0.019054796174168588,0.029820147529244424,0.06976330652832985,0.0,0.07150919735431671,0.0,0.28176721930503845
9355,0.006295482721179723,0.019276783987879752,0.030461250245571135,0.0653698667883873,0.0,0.0715111494064331,0.0,0.28176945447921753
9356,0.006575508788228035,0.020140010863542557,0.029529562592506407,0.0656398855149746,0.0,0.07151194661855698,0.0,0.2817724347114563
9357,0.006878834217786789,0.01965225040912628,0.0303070779889822,0.06970865428447723,0.0,0.07151474803686142,0.0,0.2817750573158264
9358,0.006624175142496825,0.019896171987056732,0.03045327663421631,0.07406901568174362,0.0,0.07151111215353012,0.0,0.2817772626876831
9359,0.005917674396187067,0.01910380944609642,0.029041771590709687,0.06924970299005509,0.0,0.0715121477842331,0.0,0.2817784249782562
9360,0.0064338273368775845,0.019659973308444025,0.030973947048187254,0.06802837550640106,0.0,0.07151710242033005,0.0,0.28178107738494873
9361,0.006500316318124533,0.01922091655433178,0.030586007237434387,0.06849573254585266,0.0,0.07152452319860458,0.0,0.2817820906639099
9362,0.006630552746355533,0.01906137391924858,0.02927490249276161,0.06747034341096877,0.0,0.07152800261974335,0.0,0.2817819118499756
9363,0.0067928402684628965,0.019500144571065903,0.029807993769645692,0.06802492141723633,0.0,0.07153431326150894,0.0,0.28177836537361145
9364,0.006634669750928879,0.01905464045703411,0.03043932132422924,0.06784931495785713,0.0,0.07153740525245667,0.0,0.2817746102809906
9365,0.006633986532688141,0.01982281431555748,0.028195007517933846,0.06603202372789382,0.0,0.07153987139463425,0.0,0.281770795583725
9366,0.006591785233467817,0.018590426817536355,0.02876504808664322,0.06973507702350616,0.0,0.0715419352054596,0.0,0.28176647424697876
9367,0.006564404536038637,0.019417019188404085,0.0302556574344635,0.07214537858963013,0.0,0.07155211269855499,0.0,0.28176361322402954
9368,0.006550511810928583,0.01975989677011967,0.02912588566541672,0.07016299217939377,0.0,0.07156620174646378,0.0,0.28176170587539673
9369,0.006701415497809648,0.01907028704881668,0.03013637363910675,0.07345289289951325,0.0,0.07158751785755157,0.0,0.2817601263523102
9370,0.006585083436220884,0.01985420547425747,0.028710225969552992,0.06980007886886597,0.0,0.0716123878955841,0.0,0.28175902366638184
9371,0.006517224758863449,0.019148339331150056,0.03067775145173073,0.06395777612924576,0.0,0.07163488119840622,0.0,0.2817588150501251
9372,0.006112574506551028,0.019634223356842995,0.02965901903808117,0.07141877859830856,0.0,0.07165314257144928,0.0,0.281758189201355
9373,0.006453311443328858,0.019719701260328293,0.027126660197973253,0.0647907242178917,0.0,0.0716698095202446,0.0,0.2817583382129669
9374,0.006443270575255155,0.01970595084130764,0.030177124217152594,0.070167937874794,0.0,0.07168867439031601,0.0,0.2817588448524475
9375,0.006527803372591734,0.019035058841109277,0.02979089319705963,0.0667385771870613,0.0,0.07170514762401581,0.0,0.28175991773605347
9376,0.006072768568992614,0.01887171231210232,0.030689692124724388,0.07108215317130089,0.0,0.07171536237001419,0.0,0.2817595601081848
9377,0.006274684704840184,0.020031529664993285,0.02815798483788967,0.073191337287426,0.0,0.07172874361276627,0.0,0.28175708651542664
9378,0.0062381021678447725,0.01988900788128376,0.031110600009560584,0.07220084816217423,0.0,0.07174034416675568,0.0,0.2817525267601013
9379,0.006306219473481178,0.01974271275103092,0.029711978882551192,0.07067998647689819,0.0,0.0717497393488884,0.0,0.2817513346672058
9380,0.006707942020148039,0.0189700685441494,0.030754169821739195,0.06803584843873978,0.0,0.0717555433511734,0.0,0.28175055980682373
9381,0.006417700741440058,0.02075221575796604,0.02826121114194393,0.06639890670776367,0.0,0.07175978273153305,0.0,0.2817520797252655
9382,0.006466226000338793,0.018987978622317315,0.030412017926573755,0.06981519311666488,0.0,0.071764275431633,0.0,0.281752347946167
9383,0.006467998307198286,0.020080995559692384,0.029197951778769493,0.07051038891077041,0.0,0.0717669278383255,0.0,0.2817516624927521
9384,0.006725162360817194,0.01947958692908287,0.030181373283267022,0.0716978132724762,0.0,0.07177571952342987,0.0,0.28175288438796997
9385,0.006611102074384689,0.0200745839625597,0.028690561279654504,0.0672515131533146,0.0,0.07177968323230743,0.0,0.2817559838294983
9386,0.006275200750678778,0.018823130428791045,0.028577354177832602,0.06762252375483513,0.0,0.07177931815385818,0.0,0.28175899386405945
9387,0.006397352833300829,0.019678402692079544,0.029529741406440733,0.06880825906991958,0.0,0.07177215814590454,0.0,0.2817605137825012
9388,0.006288834754377604,0.01990208476781845,0.028799205273389816,0.07089306265115738,0.0,0.07176543772220612,0.0,0.28176170587539673
9389,0.00661237221211195,0.01890426389873028,0.027749213203787804,0.06729115322232246,0.0,0.0717620849609375,0.0,0.2817622721195221
9390,0.006665752828121185,0.018967287987470625,0.028154759854078292,0.06795657053589821,0.0,0.07175718247890472,0.0,0.28176313638687134
9391,0.00700036296620965,0.020231538265943528,0.029745128005743027,0.07348459959030151,0.0,0.07174704223871231,0.0,0.28176426887512207
9392,0.006540969014167786,0.019777877628803252,0.03126734830439091,0.07028322517871857,0.0,0.07174134254455566,0.0,0.2817661762237549
9393,0.006301219575107098,0.01918562389910221,0.029831034317612647,0.0651971623301506,0.0,0.07173161208629608,0.0,0.2817685604095459
9394,0.00660181175917387,0.019825797528028488,0.028724189102649688,0.06952644735574723,0.0,0.0717240646481514,0.0,0.28177016973495483
9395,0.006460762489587069,0.01903350427746773,0.029057792201638222,0.0737165093421936,0.0,0.07172080129384995,0.0,0.2817702293395996
9396,0.006293895095586777,0.019538481906056403,0.0293083555996418,0.07056300044059753,0.0,0.07171277701854706,0.0,0.2817688286304474
9397,0.006326516903936863,0.020309604704380035,0.029773273691534995,0.0725072294473648,0.0,0.07170771062374115,0.0,0.28176942467689514
9398,0.006671836320310831,0.0187412079423666,0.030895430222153665,0.06729436814785003,0.0,0.07170214504003525,0.0,0.2817702293395996
9399,0.006614082958549261,0.019357641413807868,0.03040022775530815,0.06624108627438545,0.0,0.07169444859027863,0.0,0.28177136182785034
9400,0.005956074222922325,0.020292363688349725,0.029384802281856536,0.06993159651756287,0.0,0.07168295234441757,0.0,0.2817738652229309
9401,0.006376347597688436,0.019876282289624216,0.03142557665705681,0.07030974477529525,0.0,0.07167966663837433,0.0,0.2817783057689667
9402,0.006231096014380455,0.020272686332464217,0.029488944634795188,0.069638192653656,0.0,0.07167809456586838,0.0,0.2817825376987457
9403,0.00674710851162672,0.019372996315360068,0.030215207114815713,0.0649667352437973,0.0,0.07167822122573853,0.0,0.28178510069847107
9404,0.006516364030539989,0.019027745351195335,0.029527962580323218,0.0677101343870163,0.0,0.07167824357748032,0.0,0.28178685903549194
9405,0.0064429820515215395,0.01890418343245983,0.0286855798214674,0.0654410608112812,0.0,0.07167653739452362,0.0,0.28178754448890686
9406,0.006720772944390774,0.019563878327608107,0.0297026339918375,0.06866740435361862,0.0,0.07166893780231476,0.0,0.2817862927913666
9407,0.006566535122692585,0.01975972540676594,0.031090573593974113,0.06755598038434982,0.0,0.07166458666324615,0.0,0.2817858159542084
9408,0.006402276456356049,0.019292782992124557,0.028816263377666473,0.06955881789326668,0.0,0.07165908813476562,0.0,0.28178390860557556
9409,0.006865477375686169,0.02092154659330845,0.02975933663547039,0.06759894117712975,0.0,0.07164951413869858,0.0,0.2817802131175995
9410,0.006396767776459455,0.01930474638938904,0.029481438174843787,0.07422332838177681,0.0,0.07163701951503754,0.0,0.2817765772342682
9411,0.006736152712255717,0.01883687451481819,0.030831214785575867,0.07035490274429321,0.0,0.07162406295537949,0.0,0.2817714810371399
9412,0.006632869876921177,0.020303755626082422,0.02901824712753296,0.06833577305078506,0.0,0.0716080442070961,0.0,0.2817665934562683
9413,0.006628879439085722,0.019564368575811387,0.030291840061545373,0.06734013855457306,0.0,0.07159356772899628,0.0,0.2817620635032654
9414,0.006444912124425173,0.019601166993379594,0.02969263643026352,0.0713069498538971,0.0,0.0715775340795517,0.0,0.28175634145736694
9415,0.006294380780309439,0.019602764025330545,0.03236793652176857,0.07061072587966918,0.0,0.07156248390674591,0.0,0.28175118565559387
9416,0.006813815422356128,0.019280827045440672,0.031223063915967943,0.07018719464540482,0.0,0.07154673337936401,0.0,0.2817452847957611
9417,0.006233681086450815,0.019497827067971228,0.02817077711224556,0.07232287079095841,0.0,0.07153309881687164,0.0,0.28173795342445374
9418,0.0066179301589727405,0.019233617931604385,0.02870541512966156,0.07265789806842804,0.0,0.07151897996664047,0.0,0.28173232078552246
9419,0.006354497373104095,0.01928756237030029,0.02937246561050415,0.06989099234342575,0.0,0.07151001691818237,0.0,0.28172731399536133
9420,0.006655358616262675,0.019409457966685296,0.032423386350274086,0.0682712271809578,0.0,0.07150550186634064,0.0,0.2817250192165375
9421,0.006851131934672594,0.019133714213967323,0.02846270315349102,0.07104555368423462,0.0,0.07150259613990784,0.0,0.2817242741584778
9422,0.006187762599438429,0.019422382488846777,0.029948532208800317,0.06709716022014618,0.0,0.07149939239025116,0.0,0.2817226052284241
9423,0.006364800781011581,0.019940562918782233,0.030282183736562728,0.07003732770681381,0.0,0.07149602472782135,0.0,0.28172022104263306
9424,0.00652433168143034,0.019532883912324904,0.02891538292169571,0.06857756227254867,0.0,0.07149383425712585,0.0,0.2817203998565674
9425,0.006612288672477007,0.019354237988591195,0.028624119982123376,0.06617986708879471,0.0,0.07149331271648407,0.0,0.28172048926353455
9426,0.006138922646641731,0.019165192544460297,0.03198423944413662,0.07402533888816834,0.0,0.0714942142367363,0.0,0.2817210555076599
9427,0.0065785633400082585,0.01865428052842617,0.030002550780773164,0.07661201804876328,0.0,0.07149152457714081,0.0,0.2817205786705017
9428,0.006750331446528435,0.02039232328534126,0.029588145017623902,0.06641769111156463,0.0,0.07148575037717819,0.0,0.2817207872867584
9429,0.006008656229823828,0.019337619841098785,0.027703949064016343,0.06916103512048721,0.0,0.07148489356040955,0.0,0.281719446182251
9430,0.006212224625051022,0.020167018473148345,0.030403075739741325,0.07302016615867615,0.0,0.0714883804321289,0.0,0.2817177474498749
9431,0.006716878991574049,0.019442862644791604,0.030670802295207977,0.06595007926225663,0.0,0.07149527221918106,0.0,0.28171855211257935
9432,0.006659400928765535,0.02003534883260727,0.029255304113030435,0.06873727440834046,0.0,0.07150129228830338,0.0,0.2817220985889435
9433,0.006837304402142763,0.019496855884790422,0.029680880159139632,0.07147639393806457,0.0,0.07150401175022125,0.0,0.2817268669605255
9434,0.006749589089304208,0.01886395700275898,0.02763376757502556,0.07416175603866577,0.0,0.07150670886039734,0.0,0.28173190355300903
9435,0.006819194462150335,0.01971970424056053,0.029992129653692245,0.06617047786712646,0.0,0.07151404768228531,0.0,0.2817367911338806
9436,0.006643063947558403,0.019979843497276308,0.0301703505218029,0.06725908666849137,0.0,0.07152008265256882,0.0,0.28174152970314026
9437,0.0060834413394331936,0.018235641345381737,0.028942689672112464,0.06647644639015197,0.0,0.07152412831783295,0.0,0.2817465364933014
9438,0.006305540353059769,0.01893445961177349,0.02938911020755768,0.06768422722816467,0.0,0.07152293622493744,0.0,0.28174906969070435
9439,0.00652136942371726,0.01971389539539814,0.03125690594315529,0.06922837719321251,0.0,0.0715244859457016,0.0,0.28174957633018494
9440,0.006594692170619964,0.02009558416903019,0.028304003924131394,0.0707223430275917,0.0,0.07152451574802399,0.0,0.2817496359348297
9441,0.0063895625993609425,0.01937212571501732,0.030102002993226053,0.06869295835494996,0.0,0.0715240091085434,0.0,0.2817498743534088
9442,0.006622050050646066,0.01977875530719757,0.031141149625182152,0.06960375159978867,0.0,0.07151903212070465,0.0,0.2817489504814148
9443,0.006872777640819549,0.019505679979920386,0.03155933767557144,0.06757706254720688,0.0,0.07151231914758682,0.0,0.2817479968070984
9444,0.006336855422705412,0.019200367107987403,0.029115810990333557,0.07054460942745208,0.0,0.07150758802890778,0.0,0.28174668550491333
9445,0.006805392634123564,0.01869516335427761,0.03101138658821583,0.07236086428165436,0.0,0.07151047885417938,0.0,0.2817455530166626
9446,0.006375197600573301,0.019440361112356187,0.03055860921740532,0.07249854207038879,0.0,0.07151734828948975,0.0,0.28174489736557007
9447,0.006401181500405073,0.01925172582268715,0.02979923225939274,0.06944684088230133,0.0,0.0715198740363121,0.0,0.2817443013191223
9448,0.006297952588647604,0.018802831321954726,0.030245788395404816,0.07127398401498794,0.0,0.07152652740478516,0.0,0.28174474835395813
9449,0.006648961268365383,0.01928812116384506,0.028869031742215157,0.06674171835184098,0.0,0.07153137028217316,0.0,0.2817448675632477
9450,0.006506338249891996,0.01989542953670025,0.0293199498206377,0.07114703431725503,0.0,0.0715346559882164,0.0,0.2817457914352417
9451,0.006457438506186008,0.019358325004577636,0.02840152122080326,0.06985817849636078,0.0,0.07153984904289246,0.0,0.2817460000514984
9452,0.006633967906236648,0.020777077600359916,0.02897385023534298,0.06806484311819076,0.0,0.07153955101966858,0.0,0.28174635767936707
9453,0.006665841769427061,0.01978665105998516,0.030061975494027136,0.06841203570365906,0.0,0.0715421587228775,0.0,0.2817433178424835
9454,0.005955175310373306,0.01961880028247833,0.031865165755152705,0.06816167905926704,0.0,0.07154647260904312,0.0,0.2817395329475403
9455,0.00646215807646513,0.01908067613840103,0.030831053480505945,0.06778281033039094,0.0,0.07155366241931915,0.0,0.28173625469207764
9456,0.006044559832662344,0.01841496005654335,0.030222567915916442,0.06627053692936898,0.0,0.07156364619731903,0.0,0.28173357248306274
9457,0.006332091707736254,0.020077766850590706,0.030171957239508627,0.07147505730390549,0.0,0.07156704366207123,0.0,0.28173133730888367
9458,0.007072223164141178,0.019249545782804488,0.029127413406968117,0.07148571461439132,0.0,0.07156990468502045,0.0,0.28172677755355835
9459,0.0065876894630491735,0.02038801833987236,0.030039484798908233,0.06331678479909897,0.0,0.07157474756240845,0.0,0.2817210555076599
9460,0.006387980934232473,0.019538210704922676,0.029873328655958174,0.07002684026956559,0.0,0.07158101350069046,0.0,0.2817155718803406
9461,0.006805406324565411,0.019657257944345474,0.031221876665949822,0.0648003488779068,0.0,0.07158702611923218,0.0,0.28171154856681824
9462,0.006195804197341203,0.01934327445924282,0.03040381148457527,0.06763481795787811,0.0,0.07158984243869781,0.0,0.28171029686927795
9463,0.0062098255380988125,0.020394960790872572,0.03111620508134365,0.06855133920907974,0.0,0.07159380614757538,0.0,0.2817106544971466
9464,0.0063689503818750385,0.01921471133828163,0.030768812447786332,0.0680869199335575,0.0,0.07160086929798126,0.0,0.28171277046203613
9465,0.00630046371370554,0.019123181700706482,0.030334655940532685,0.06980486214160919,0.0,0.0716024860739708,0.0,0.28171437978744507
9466,0.006380714941769838,0.020247829705476762,0.03017466850578785,0.07342445105314255,0.0,0.0716036707162857,0.0,0.2817170023918152
9467,0.0066997818648815155,0.019695673137903214,0.02938987910747528,0.0702097550034523,0.0,0.07160633057355881,0.0,0.28171980381011963
9468,0.006474055908620357,0.019706465676426886,0.029951337724924088,0.06827703565359115,0.0,0.07160528749227524,0.0,0.2817230820655823
9469,0.0066370353102684024,0.0195094496011734,0.031560789421200754,0.0704466536641121,0.0,0.07160092890262604,0.0,0.2817256450653076
9470,0.00695942547172308,0.019942112639546393,0.02819005958735943,0.0716176450252533,0.0,0.0715927854180336,0.0,0.2817283868789673
9471,0.006581067852675915,0.018500003218650817,0.030130510404706,0.06863992139697075,0.0,0.07158128917217255,0.0,0.28173115849494934
9472,0.006236742716282606,0.02124326229095459,0.028241844847798347,0.07023373171687126,0.0,0.07156450301408768,0.0,0.2817322611808777
9473,0.005933025013655424,0.01939552091062069,0.02780785597860813,0.06826972216367722,0.0,0.0715450868010521,0.0,0.2817344069480896
9474,0.0063657515682280065,0.019094036519527437,0.029746057465672493,0.0749549001455307,0.0,0.07152272760868073,0.0,0.2817346453666687
9475,0.006309537496417761,0.02012457624077797,0.03152184709906578,0.07130845189094544,0.0,0.0715063065290451,0.0,0.28173407912254333
9476,0.00638626329600811,0.020775973424315454,0.030913279578089713,0.06976335495710373,0.0,0.07149119675159454,0.0,0.28173255920410156
9477,0.006176020484417677,0.019988540932536124,0.029544180259108543,0.06777345463633537,0.0,0.07147892564535141,0.0,0.2817302346229553
9478,0.006530214566737413,0.01846506856381893,0.028621551394462586,0.07212912738323211,0.0,0.07147715240716934,0.0,0.28172847628593445
9479,0.006819433718919754,0.019263973459601402,0.02965930216014385,0.07230459600687027,0.0,0.07147246599197388,0.0,0.2817245423793793
9480,0.006654326524585486,0.01999034583568573,0.029807247593998908,0.06876570284366608,0.0,0.071466825902462,0.0,0.28172025084495544
9481,0.0067575925029814245,0.020060345903038977,0.028522297739982605,0.06806296706199647,0.0,0.07146193832159042,0.0,0.28171607851982117
9482,0.0062790906988084315,0.019492333009839057,0.02884977199137211,0.07044205963611602,0.0,0.07145600020885468,0.0,0.2817111313343048
9483,0.006619390938431025,0.019842883199453355,0.02976684980094433,0.06707350462675095,0.0,0.07144846767187119,0.0,0.28170597553253174
9484,0.006721401587128639,0.019025741890072823,0.028836718201637267,0.06827168837189675,0.0,0.07143993675708771,0.0,0.28170183300971985
9485,0.006278731394559145,0.019099555164575576,0.02842747010290623,0.06554117128252983,0.0,0.07143492996692657,0.0,0.2816978693008423
9486,0.006655779294669628,0.019170741736888885,0.031555090099573135,0.0722082570195198,0.0,0.07142968475818634,0.0,0.28169360756874084
9487,0.006595971994102001,0.02029084265232086,0.03052110895514488,0.06710474193096161,0.0,0.07142111659049988,0.0,0.2816883623600006
9488,0.006327636726200581,0.019593513756990432,0.029718662425875664,0.06679254472255707,0.0,0.07141044735908508,0.0,0.28168416023254395
9489,0.006322943139821291,0.019644943252205848,0.0308063380420208,0.06509025990962983,0.0,0.0713983029127121,0.0,0.2816797196865082
9490,0.0063549686223268505,0.01911507286131382,0.0300660640001297,0.07036127597093582,0.0,0.07138751447200775,0.0,0.2816747725009918
9491,0.00682064713910222,0.01839352548122406,0.029120194911956786,0.06693899631500244,0.0,0.0713755339384079,0.0,0.28166770935058594
9492,0.0058936475776135925,0.0202675748616457,0.03155747391283512,0.0635151855647564,0.0,0.0713639035820961,0.0,0.28165963292121887
9493,0.006802473682910204,0.01936538778245449,0.029470660164952277,0.062132146954536435,0.0,0.07135865837335587,0.0,0.28165334463119507
9494,0.006455335114151239,0.01879294663667679,0.03153051100671291,0.06758039444684982,0.0,0.07135190814733505,0.0,0.28164762258529663
9495,0.006668756809085607,0.019993505626916885,0.02911136709153652,0.0713546484708786,0.0,0.07134411484003067,0.0,0.28164270520210266
9496,0.0064260904677212235,0.020033077523112296,0.029686712101101874,0.06722026318311691,0.0,0.0713324099779129,0.0,0.2816378176212311
9497,0.006571759004145861,0.0196800597012043,0.031855291500687596,0.06568273156881332,0.0,0.07132478803396225,0.0,0.28163111209869385
9498,0.0069402757100760935,0.020220026001334192,0.02764233686029911,0.07015487849712372,0.0,0.0713185966014862,0.0,0.28162598609924316
9499,0.00637197382748127,0.020388473570346833,0.030000701174139978,0.06969311535358429,0.0,0.07131708413362503,0.0,0.28162017464637756
9500,0.006449434813112021,0.019657862931489946,0.030361518263816833,0.06639292985200881,0.0,0.07132039964199066,0.0,0.28161510825157166
9501,0.0064948034472763535,0.01998269334435463,0.028021782636642456,0.07010525166988373,0.0,0.07132534682750702,0.0,0.281608909368515
9502,0.0065757671371102335,0.020181553065776826,0.030518899485468865,0.0683532178401947,0.0,0.07133375108242035,0.0,0.2816019058227539
9503,0.006794126518070698,0.019497154653072356,0.029733987897634505,0.06996027231216431,0.0,0.07133761793375015,0.0,0.2815951406955719
9504,0.00686106588691473,0.019368310645222663,0.029196847230196,0.06909233182668686,0.0,0.071343794465065,0.0,0.2815893292427063
9505,0.0065092365257442,0.018896176666021346,0.03148031421005726,0.06982462257146835,0.0,0.07134926319122314,0.0,0.2815847396850586
9506,0.006771093234419823,0.01968920826911926,0.027229943498969077,0.06856469213962554,0.0,0.07135240733623505,0.0,0.2815784215927124
9507,0.006621159799396992,0.01874356158077717,0.029794958233833314,0.06787492483854293,0.0,0.07135289907455444,0.0,0.28157302737236023
9508,0.006175348162651062,0.019656746834516525,0.029536591470241548,0.06737563088536262,0.0,0.07134999334812164,0.0,0.2815704941749573
9509,0.006358098704367876,0.019908054545521737,0.028499403223395347,0.06838658750057221,0.0,0.07134521007537842,0.0,0.2815694212913513
9510,0.006302022468298673,0.019466158747673035,0.02881149426102638,0.0688164472579956,0.0,0.07134266197681427,0.0,0.28156763315200806
9511,0.006302275694906712,0.019909325614571573,0.029742971062660217,0.0699912503361702,0.0,0.07134310156106949,0.0,0.2815678119659424
9512,0.0061419811099767685,0.02006155624985695,0.030575986206531524,0.06678260266780853,0.0,0.07134515792131424,0.0,0.2815682291984558
9513,0.006441379431635141,0.019928638264536856,0.026827574148774146,0.06895946115255355,0.0,0.07134629040956497,0.0,0.2815677523612976
9514,0.006752635911107063,0.0206350389868021,0.03034292981028557,0.06594214737415313,0.0,0.07134680449962616,0.0,0.28156641125679016
9515,0.006317244376987219,0.019976738095283508,0.028216027840971946,0.07010983377695083,0.0,0.0713462233543396,0.0,0.28156429529190063
9516,0.006197604350745678,0.019759155064821243,0.028855691850185394,0.06907682120800018,0.0,0.07134537398815155,0.0,0.2815598249435425
9517,0.006816097442060709,0.018877065926790237,0.029837745055556298,0.06898722052574158,0.0,0.07135026156902313,0.0,0.2815578877925873
9518,0.006273148860782385,0.020352913811802865,0.030365609750151634,0.06620453149080277,0.0,0.07134950906038284,0.0,0.28155720233917236
9519,0.0064235271885991095,0.019451931491494177,0.02841017171740532,0.0662536308169365,0.0,0.07134661078453064,0.0,0.2815574109554291
9520,0.006340439803898335,0.020517995581030846,0.03166167996823788,0.06833808124065399,0.0,0.07134165614843369,0.0,0.28155994415283203
9521,0.0063999809324741365,0.01957758255302906,0.030860938504338263,0.07177646011114121,0.0,0.07133261114358902,0.0,0.2815646529197693
9522,0.00652238680049777,0.020442196726799013,0.03142058849334717,0.06800217479467392,0.0,0.07132159918546677,0.0,0.2815719544887543
9523,0.006416748650372029,0.019591611996293067,0.03072165362536907,0.06781132072210312,0.0,0.07131277769804001,0.0,0.28158146142959595
9524,0.006061346083879471,0.01981511600315571,0.03014885038137436,0.0697597697377205,0.0,0.07131125032901764,0.0,0.2815931439399719
9525,0.006456517055630684,0.01967936269938946,0.03155635856091976,0.06783338934183121,0.0,0.07131949067115784,0.0,0.2816050052642822
9526,0.006346527300775051,0.019116742163896562,0.03214050903916359,0.07426324784755707,0.0,0.0713338702917099,0.0,0.28161585330963135
9527,0.0061139421537518505,0.019344348832964896,0.030150945857167245,0.07488580048084259,0.0,0.07134582847356796,0.0,0.28162652254104614
9528,0.006594691332429648,0.019299853593111038,0.030622273311018945,0.06905704215168953,0.0,0.07135893404483795,0.0,0.28163498640060425
9529,0.0066721105948090555,0.01871120445430279,0.029547319188714026,0.06796373128890991,0.0,0.07137217372655869,0.0,0.2816428542137146
9530,0.006354753393679857,0.01911972239613533,0.02899508960545063,0.06774901673197746,0.0,0.07138535380363464,0.0,0.2816482484340668
9531,0.006193614657968282,0.019211776554584503,0.033206403255462646,0.06859598755836487,0.0,0.07140114903450012,0.0,0.28165143728256226
9532,0.006289809476584196,0.020276112481951714,0.029395820945501326,0.06791691184043884,0.0,0.07141625136137009,0.0,0.2816528081893921
9533,0.006404610350728035,0.020446661114692687,0.0292098555713892,0.06954469531774521,0.0,0.07142458111047745,0.0,0.28165632486343384
9534,0.006683852802962065,0.01908506006002426,0.027750107645988464,0.0716577261686325,0.0,0.07143440842628479,0.0,0.28165996074676514
9535,0.00654981192201376,0.019822032377123832,0.029299115017056464,0.0715895190834999,0.0,0.0714423656463623,0.0,0.28166353702545166
9536,0.006445988453924656,0.02028782181441784,0.02950858324766159,0.07002653181552887,0.0,0.07145072519779205,0.0,0.281669020652771
9537,0.0064035594463348385,0.01966087594628334,0.029697608575224875,0.06677708625793458,0.0,0.0714612752199173,0.0,0.2816735804080963
9538,0.0066226776689291,0.01924818307161331,0.03004502095282078,0.07175769954919815,0.0,0.07147039473056793,0.0,0.2816770374774933
9539,0.0065150854177773,0.019887365773320197,0.029414138197898863,0.07329962849617004,0.0,0.07147734612226486,0.0,0.2816805839538574
9540,0.006477233022451401,0.0195303063839674,0.02748975418508053,0.06991991251707078,0.0,0.07148051261901855,0.0,0.2816825807094574
9541,0.006358262524008751,0.019713566824793815,0.029376624897122384,0.06797042414546013,0.0,0.07148357480764389,0.0,0.2816844582557678
9542,0.006443566549569369,0.02043607123196125,0.029180476441979408,0.0679648220539093,0.0,0.07149110734462738,0.0,0.28168535232543945
9543,0.006408201716840267,0.0201130885630846,0.02977039888501167,0.07089598029851914,0.0,0.07149963080883026,0.0,0.2816864550113678
9544,0.006502782367169857,0.019101418927311896,0.029387059062719344,0.0686488151550293,0.0,0.07151087373495102,0.0,0.2816891074180603
9545,0.00652995090931654,0.019734783843159676,0.02816167436540127,0.06980700343847275,0.0,0.07152202725410461,0.0,0.28169307112693787
9546,0.00644846111536026,0.019534295424818993,0.030422887578606606,0.07090909779071808,0.0,0.07153134047985077,0.0,0.2816978693008423
9547,0.006323798000812531,0.019801108911633492,0.029821985587477683,0.06993377953767776,0.0,0.0715402215719223,0.0,0.2817016541957855
9548,0.006503241788595915,0.01977902576327324,0.02881942316889763,0.06883345246315002,0.0,0.07154301553964615,0.0,0.2817043662071228
9549,0.007011972554028034,0.02108146287500858,0.03205145038664341,0.07337933778762817,0.0,0.07154683768749237,0.0,0.2817085087299347
9550,0.0065961691550910475,0.01887088268995285,0.029931511729955673,0.07270066291093827,0.0,0.07155244797468185,0.0,0.28171199560165405
9551,0.006660375650972128,0.01916430816054344,0.029699111357331276,0.07088044881820679,0.0,0.07155756652355194,0.0,0.28171437978744507
9552,0.006536661647260189,0.019532304257154465,0.03021005354821682,0.06260945871472359,0.0,0.07155992835760117,0.0,0.28171467781066895
9553,0.005871299840509892,0.020759592577815057,0.030208655446767808,0.06654213219881058,0.0,0.07156738638877869,0.0,0.28171485662460327
9554,0.00665924372151494,0.01940344534814358,0.028577755391597747,0.07093828320503234,0.0,0.07157699763774872,0.0,0.28171277046203613
9555,0.006303622573614121,0.019322757422924042,0.030400997400283812,0.06996571868658066,0.0,0.07158223539590836,0.0,0.2817089557647705
9556,0.006574809551239014,0.020126966387033464,0.028967055678367614,0.06903764829039574,0.0,0.07158677279949188,0.0,0.28170353174209595
9557,0.006762368604540825,0.019732791185379028,0.029076456278562545,0.07223603278398513,0.0,0.0715891495347023,0.0,0.281697541475296
9558,0.00650254674255848,0.0191223569214344,0.028052090480923653,0.06879810243844986,0.0,0.07159222662448883,0.0,0.2816920876502991
9559,0.006306751165539026,0.019410616159439086,0.029587985947728157,0.07262994050979614,0.0,0.07159103453159332,0.0,0.28168612718582153
9560,0.0068162125535309315,0.019895296543836594,0.030111685022711755,0.06217798665165901,0.0,0.07158710062503815,0.0,0.28168025612831116
9561,0.006707118451595306,0.019352487847208978,0.029768288880586625,0.06912571787834168,0.0,0.07157880067825317,0.0,0.2816780209541321
9562,0.00646773437038064,0.02012616880238056,0.031108939647674562,0.06902802810072899,0.0,0.07157190889120102,0.0,0.28167685866355896
9563,0.006683107744902372,0.018956508487462997,0.03019840307533741,0.07085886001586914,0.0,0.07156901061534882,0.0,0.2816757559776306
9564,0.006598829664289952,0.01964425779879093,0.03135746382176876,0.07072629481554031,0.0,0.07156936824321747,0.0,0.28167396783828735
9565,0.0063970786519348625,0.019390668347477914,0.028061216324567796,0.0690341278910637,0.0,0.07156602293252945,0.0,0.28167134523391724
9566,0.006857347302138805,0.01884850412607193,0.028129217401146888,0.06870640367269516,0.0,0.07155589759349823,0.0,0.2816702425479889
9567,0.006625927891582251,0.01949370317161083,0.029660429060459136,0.07369033843278885,0.0,0.07154466211795807,0.0,0.28166764974594116
9568,0.0063890693709254265,0.019302047789096832,0.02921401336789131,0.06460706815123558,0.0,0.07153566926717758,0.0,0.28166496753692627
9569,0.006799313984811306,0.020166147127747537,0.030090571939945222,0.07316946536302567,0.0,0.07152656465768814,0.0,0.2816624641418457
9570,0.00630464619025588,0.019364513084292413,0.02728080451488495,0.0708732083439827,0.0,0.0715198889374733,0.0,0.28165870904922485
9571,0.006457936111837625,0.01964021734893322,0.030143977701663972,0.06839431375265122,0.0,0.07151816785335541,0.0,0.28165656328201294
9572,0.006738590355962515,0.019660472124814986,0.031295766681432725,0.06857887506484986,0.0,0.07151661813259125,0.0,0.281655877828598
9573,0.006454614736139774,0.019054166972637177,0.02661694884300232,0.07035699486732483,0.0,0.07152215391397476,0.0,0.28165560960769653
9574,0.006315973866730928,0.019130440428853035,0.030434515699744223,0.0655120626091957,0.0,0.07152310013771057,0.0,0.28165698051452637
9575,0.0065022815018892285,0.019680553674697877,0.02715858705341816,0.06817596852779388,0.0,0.0715189129114151,0.0,0.2816573977470398
9576,0.00652042031288147,0.01946742720901966,0.029520275443792342,0.06718434020876884,0.0,0.0715169608592987,0.0,0.2816579043865204
9577,0.006982054654508829,0.019542592391371728,0.02849888354539871,0.06759148985147476,0.0,0.07151637971401215,0.0,0.28165823221206665
9578,0.006886575091630221,0.018630379065871238,0.030332497879862787,0.0711316779255867,0.0,0.0715176910161972,0.0,0.2816586196422577
9579,0.0067173662595450875,0.019967398419976235,0.028784695267677306,0.06870724856853486,0.0,0.07152139395475388,0.0,0.28165990114212036
9580,0.006570766586810351,0.0186911154538393,0.031793200969696046,0.07156929820775985,0.0,0.07152947038412094,0.0,0.2816595435142517
9581,0.006415135972201824,0.019816039502620696,0.030823837965726852,0.07103357017040253,0.0,0.07153930515050888,0.0,0.28165677189826965
9582,0.006626066751778126,0.020057111606001855,0.03181670494377613,0.0723594605922699,0.0,0.07154841721057892,0.0,0.2816525101661682
9583,0.00662315059453249,0.019366318359971046,0.03132323399186134,0.07131094634532928,0.0,0.07155408710241318,0.0,0.281648725271225
9584,0.006699122395366431,0.01982690952718258,0.03040126897394657,0.07122037634253502,0.0,0.07156027853488922,0.0,0.28164413571357727
9585,0.006730344332754612,0.018358658999204636,0.028969806432724,0.06622862815856934,0.0,0.07157066464424133,0.0,0.28164270520210266
9586,0.006350360065698624,0.019802992045879365,0.030121883004903795,0.06909413635730743,0.0,0.07158362865447998,0.0,0.28164130449295044
9587,0.0065344350412487985,0.018920834362506866,0.03059835433959961,0.07012336403131485,0.0,0.07159256935119629,0.0,0.2816385328769684
9588,0.006273753382265568,0.019059077277779578,0.02879655584692955,0.07173204123973846,0.0,0.07159808278083801,0.0,0.2816363275051117
9589,0.0066475456580519674,0.01970612034201622,0.029824047535657882,0.06798169314861298,0.0,0.07160121947526932,0.0,0.28163519501686096
9590,0.006468274444341659,0.01956060603260994,0.03081197291612625,0.068760946393013,0.0,0.07160092890262604,0.0,0.2816344201564789
9591,0.006281672790646553,0.019977314025163652,0.027542073652148245,0.06924856901168823,0.0,0.0716022476553917,0.0,0.2816312313079834
9592,0.006567633152008057,0.018891279771924018,0.03068983443081379,0.0698969155550003,0.0,0.07160545885562897,0.0,0.2816303074359894
9593,0.006689212843775749,0.019593004882335664,0.02952197752892971,0.0724509447813034,0.0,0.07161648571491241,0.0,0.28162938356399536
9594,0.005971057154238224,0.02002718821167946,0.03135239072144032,0.07519268989562988,0.0,0.07162557542324066,0.0,0.28162693977355957
9595,0.006381580885499716,0.01974440775811672,0.030261356756091116,0.06885354667901993,0.0,0.07163907587528229,0.0,0.2816223204135895
9596,0.006541562546044588,0.020193130522966386,0.030631423741579056,0.06785240098834038,0.0,0.07165275514125824,0.0,0.2816196084022522
9597,0.006042839400470257,0.019167961180210115,0.03033905550837517,0.07038559168577194,0.0,0.07166967540979385,0.0,0.28161585330963135
9598,0.006657093577086925,0.02061396762728691,0.028031816706061363,0.0676747977733612,0.0,0.0716903954744339,0.0,0.28161245584487915
9599,0.006686245836317539,0.02010803148150444,0.030880435183644295,0.06662587076425552,0.0,0.07171128690242767,0.0,0.2816072404384613
9600,0.006284139025956393,0.0191965252161026,0.028606915101408958,0.07153422981500626,0.0,0.07173104584217072,0.0,0.281602680683136
9601,0.0066877718083560465,0.01906309463083744,0.02863703854382038,0.06830909252166747,0.0,0.07174708694219589,0.0,0.28159958124160767
9602,0.006449892930686474,0.019208094477653502,0.02942982129752636,0.0684603549540043,0.0,0.07176084071397781,0.0,0.2815982401371002
9603,0.0063050764612853525,0.01965533196926117,0.029608937352895735,0.06801946461200714,0.0,0.07177160680294037,0.0,0.28159695863723755
9604,0.006604912504553795,0.019339438155293466,0.03138029277324676,0.06754331588745117,0.0,0.0717824324965477,0.0,0.2815942168235779
9605,0.006353764794766903,0.018971801549196244,0.030313872545957566,0.06975736320018769,0.0,0.0717969760298729,0.0,0.2815917730331421
9606,0.006427008099853993,0.019535301253199577,0.029252083972096443,0.07399969696998596,0.0,0.07180757820606232,0.0,0.28159037232398987
9607,0.0066610720008611676,0.01924930512905121,0.030410322546958923,0.06746103912591934,0.0,0.07181306183338165,0.0,0.28159138560295105
9608,0.006130784563720226,0.019362899661064147,0.0289893701672554,0.06552648320794105,0.0,0.07181514799594879,0.0,0.2815920114517212
9609,0.006180947739630937,0.019212612882256508,0.029809536412358284,0.06829971596598625,0.0,0.07181744277477264,0.0,0.2815905213356018
9610,0.00636026244610548,0.020031019672751428,0.03097062073647976,0.07090668380260468,0.0,0.07182149589061737,0.0,0.2815883159637451
9611,0.006342861615121364,0.019961923733353613,0.031078558415174484,0.07003460228443145,0.0,0.07182946056127548,0.0,0.2815853953361511
9612,0.006319576408714056,0.02025533877313137,0.03061792366206646,0.07252249270677566,0.0,0.07184015959501266,0.0,0.28158292174339294
9613,0.00658778352662921,0.019110190123319624,0.029097237065434454,0.06657365337014198,0.0,0.0718424916267395,0.0,0.28158265352249146
9614,0.006665430404245854,0.019317607581615447,0.0297115009278059,0.07248263359069824,0.0,0.07183996587991714,0.0,0.28158026933670044
9615,0.006556164845824242,0.019492581486701965,0.030482904985547066,0.06617610007524491,0.0,0.07183841615915298,0.0,0.2815784811973572
9616,0.006497399881482124,0.019218877702951432,0.02976470850408077,0.06600688397884369,0.0,0.07183275371789932,0.0,0.2815762460231781
9617,0.0063091271556913854,0.01919996738433838,0.028633757680654525,0.07135990709066391,0.0,0.07182618230581284,0.0,0.28157463669776917
9618,0.006228994764387608,0.0196505606174469,0.032401996478438375,0.07000472247600556,0.0,0.07182049751281738,0.0,0.2815752923488617
9619,0.00651397779583931,0.019436920061707497,0.02828342393040657,0.07086171358823776,0.0,0.07181645929813385,0.0,0.2815759479999542
9620,0.006781533453613519,0.019817918166518213,0.02987082749605179,0.06640375778079033,0.0,0.0718098133802414,0.0,0.28157928586006165
9621,0.006294333934783935,0.02047112211585045,0.02962501160800457,0.07366496473550796,0.0,0.07179971039295197,0.0,0.2815845310688019
9622,0.006253758352249861,0.01877606175839901,0.029690971225500108,0.07038474082946777,0.0,0.07179146260023117,0.0,0.2815893888473511
9623,0.0065773620270192625,0.020372141152620316,0.029124253988265993,0.06550896167755127,0.0,0.07178227603435516,0.0,0.28159576654434204
9624,0.006875376775860786,0.018753814324736596,0.03009338155388832,0.06693619415163994,0.0,0.07177469879388809,0.0,0.28160157799720764
9625,0.006265538372099399,0.019205177575349806,0.03240975774824619,0.06636304929852485,0.0,0.07176652550697327,0.0,0.281606525182724
9626,0.0065964354202151295,0.020642788708209993,0.029545879736542702,0.07454632073640824,0.0,0.0717601627111435,0.0,0.2816114127635956
9627,0.006450317427515983,0.019745638221502305,0.0320306271314621,0.06743840053677559,0.0,0.0717536062002182,0.0,0.28161412477493286
9628,0.006513099558651448,0.020168497040867806,0.029697296023368836,0.06777461916208267,0.0,0.07174979150295258,0.0,0.28161758184432983
9629,0.00677910540252924,0.020499882102012635,0.030354106426239015,0.06987825632095337,0.0,0.07174929231405258,0.0,0.2816210389137268
9630,0.006546248774975538,0.019889068230986594,0.031131305545568467,0.07094387412071228,0.0,0.0717502310872078,0.0,0.2816242575645447
9631,0.006643087323755026,0.019202596321702004,0.030618293583393096,0.06757645159959794,0.0,0.07175526767969131,0.0,0.281627357006073
9632,0.006456594169139862,0.01924448721110821,0.028210368752479554,0.07005283012986183,0.0,0.0717528685927391,0.0,0.28162938356399536
9633,0.006324332300573587,0.019805410876870155,0.029317805916070937,0.06729361414909363,0.0,0.07175388932228088,0.0,0.28163236379623413
9634,0.006559646688401699,0.019251707568764688,0.029496363550424575,0.06761945635080338,0.0,0.07175444066524506,0.0,0.28163623809814453
9635,0.006138920411467552,0.019813672825694083,0.029029082134366037,0.06837176606059074,0.0,0.07175441086292267,0.0,0.28164130449295044
9636,0.0066826452501118185,0.02071125730872154,0.028282643854618074,0.06945494115352631,0.0,0.0717519074678421,0.0,0.281647264957428
9637,0.006058705877512694,0.019103110954165458,0.029483161121606826,0.07352770864963531,0.0,0.07175198942422867,0.0,0.28165242075920105
9638,0.0066435584798455235,0.019902604818344116,0.03060562126338482,0.0712713822722435,0.0,0.07174943387508392,0.0,0.2816593647003174
9639,0.006725253630429506,0.018294664844870568,0.02951887436211109,0.07292729318141937,0.0,0.071746826171875,0.0,0.28166666626930237
9640,0.006259957142174244,0.018984274566173555,0.027889414131641387,0.07186389565467835,0.0,0.07174132019281387,0.0,0.281672865152359
9641,0.006432079244405031,0.019464995339512826,0.0301305640488863,0.07239931225776672,0.0,0.07173345237970352,0.0,0.28167930245399475
9642,0.006491373665630818,0.019505729898810387,0.030726000666618347,0.06738356053829193,0.0,0.07172568142414093,0.0,0.281684935092926
9643,0.006381778139621019,0.020027988776564597,0.031205695867538453,0.06570870950818061,0.0,0.07172077894210815,0.0,0.28168797492980957
9644,0.00665872897952795,0.01979380063712597,0.030130617320537567,0.07258134633302689,0.0,0.07172218710184097,0.0,0.28169015049934387
9645,0.006638598069548607,0.019588469713926315,0.029622731357812883,0.070524562895298,0.0,0.07172951847314835,0.0,0.2816932201385498
9646,0.006598847545683384,0.02014150992035866,0.028041427955031395,0.0740982249379158,0.0,0.07173521816730499,0.0,0.2816956043243408
9647,0.006745937559753656,0.019690969958901405,0.030260411277413368,0.07066988199949265,0.0,0.07174694538116455,0.0,0.28169548511505127
9648,0.006904250010848045,0.018865612149238587,0.031112783029675482,0.06663902848958969,0.0,0.07176254689693451,0.0,0.281695693731308
9649,0.006544824596494437,0.019256891310214998,0.02981822341680527,0.06872034072875977,0.0,0.07177715003490448,0.0,0.28169479966163635
9650,0.006317984685301781,0.01925184652209282,0.03206731341779232,0.07100557908415794,0.0,0.07178661227226257,0.0,0.28169333934783936
9651,0.006579807493835688,0.01952388323843479,0.030460867658257486,0.07030997276306153,0.0,0.07179675996303558,0.0,0.28169089555740356
9652,0.006706786714494229,0.019868968427181243,0.029260729253292084,0.07398211658000946,0.0,0.071803517639637,0.0,0.2816891074180603
9653,0.006481103040277958,0.01979849524796009,0.029360686615109443,0.07023853361606598,0.0,0.07180922478437424,0.0,0.2816869616508484
9654,0.006346410792320967,0.02023235857486725,0.031817639246582985,0.0704936295747757,0.0,0.07181838899850845,0.0,0.2816868722438812
9655,0.0063748197630047795,0.019093721732497217,0.02990412712097168,0.07287653833627701,0.0,0.07182206213474274,0.0,0.28168830275535583
9656,0.006507376953959465,0.019287297502160072,0.029043592140078546,0.06972024887800217,0.0,0.07182222604751587,0.0,0.28168949484825134
9657,0.0065281068906188015,0.01898626685142517,0.02847740426659584,0.07336131483316422,0.0,0.07181821763515472,0.0,0.2816900610923767
9658,0.006601746566593647,0.020084066316485405,0.03142885901033878,0.07370638400316239,0.0,0.0718119740486145,0.0,0.2816905677318573
9659,0.006361941155046224,0.019161099568009377,0.030796974897384644,0.07035046815872192,0.0,0.07180348038673401,0.0,0.28169041872024536
9660,0.006451157946139574,0.018885553628206254,0.03312675356864929,0.06604460775852203,0.0,0.07179118692874908,0.0,0.28169044852256775
9661,0.0065762648358941075,0.018804942816495897,0.029117416590452194,0.07023872286081315,0.0,0.0717775896191597,0.0,0.28169044852256775
9662,0.00652990834787488,0.019792473316192626,0.030180924385786057,0.06661251038312913,0.0,0.07175995409488678,0.0,0.28168854117393494
9663,0.006573860999196768,0.01892612986266613,0.030914748087525368,0.06826634854078292,0.0,0.07174692302942276,0.0,0.2816847860813141
9664,0.0066927562467753885,0.020023663714528083,0.029037120565772057,0.06537801921367645,0.0,0.07173319905996323,0.0,0.28168126940727234
9665,0.006188531685620546,0.02009303979575634,0.028035205602645875,0.07126090377569198,0.0,0.07172121107578278,0.0,0.2816774249076843
9666,0.006781511660665274,0.019563708826899527,0.029945968836545944,0.06874780654907227,0.0,0.07171441614627838,0.0,0.28167420625686646
9667,0.006322073563933372,0.01953161172568798,0.029454751685261727,0.069538514316082,0.0,0.07170796394348145,0.0,0.2816736102104187
9668,0.006414471566677094,0.019242119416594504,0.030756092071533202,0.06705190986394882,0.0,0.07170449197292328,0.0,0.2816760540008545
9669,0.006574011128395796,0.01978009343147278,0.029138485714793206,0.07119692265987396,0.0,0.07170011848211288,0.0,0.2816801369190216
9670,0.006629779376089573,0.01996193900704384,0.0309137973934412,0.06662773787975311,0.0,0.07169822603464127,0.0,0.28168654441833496
9671,0.00662642465904355,0.019874927401542664,0.029488009586930274,0.07126938849687577,0.0,0.07169239968061447,0.0,0.281695157289505
9672,0.006548191234469414,0.019293878972530366,0.031885430589318274,0.06865734457969666,0.0,0.07168760150671005,0.0,0.2817016541957855
9673,0.006877229921519757,0.0194941371679306,0.028726497665047646,0.07000068724155425,0.0,0.07168073952198029,0.0,0.28170910477638245
9674,0.006277420558035374,0.01956776939332485,0.030177775025367736,0.06957146376371384,0.0,0.07167664170265198,0.0,0.2817142903804779
9675,0.0066111554391682145,0.019332624971866608,0.028770570084452628,0.07293713241815566,0.0,0.07167772203683853,0.0,0.2817191779613495
9676,0.006379391718655825,0.01984664872288704,0.029594018682837488,0.06712328046560287,0.0,0.07167934626340866,0.0,0.2817227840423584
9677,0.006766117550432682,0.02018272541463375,0.028333599865436553,0.06444487050175667,0.0,0.07168017327785492,0.0,0.28172507882118225
9678,0.006773917656391859,0.018934905901551245,0.02984559312462807,0.07020909190177918,0.0,0.07167673110961914,0.0,0.2817266583442688
9679,0.006537326239049434,0.019146802276372908,0.030658549070358275,0.0679623693227768,0.0,0.07166688144207001,0.0,0.2817257344722748
9680,0.006241333018988371,0.019878368824720383,0.03222489170730114,0.0683288425207138,0.0,0.07165952026844025,0.0,0.2817230820655823
9681,0.006958297174423933,0.019641400873661043,0.02941451407968998,0.06736590564250947,0.0,0.07165279239416122,0.0,0.28171929717063904
9682,0.00626734308898449,0.01936469376087189,0.030417897924780845,0.07297801375389099,0.0,0.07164499908685684,0.0,0.2817190885543823
9683,0.006437823176383972,0.01966296583414078,0.030118748918175696,0.06925321370363235,0.0,0.07163546234369278,0.0,0.2817181646823883
9684,0.006504125613719225,0.01983463354408741,0.02894585058093071,0.07186277955770493,0.0,0.07162421941757202,0.0,0.28171712160110474
9685,0.006217580940574408,0.01925487965345383,0.028749144077301024,0.07005885392427444,0.0,0.07161344587802887,0.0,0.2817176878452301
9686,0.006631616037338972,0.019526413083076476,0.029581596702337266,0.07176156491041183,0.0,0.07160044461488724,0.0,0.28171488642692566
9687,0.006438111700117588,0.020052383467555047,0.027684060856699944,0.06889172941446305,0.0,0.07158764451742172,0.0,0.2817147374153137
9688,0.006915160641074181,0.018726010620594025,0.029548920318484308,0.06887137442827225,0.0,0.07157330214977264,0.0,0.28171440958976746
9689,0.006557557638734579,0.018946560844779015,0.03039044179022312,0.07024847343564034,0.0,0.07155905663967133,0.0,0.2817140221595764
9690,0.006477844342589379,0.018648581206798555,0.02860221117734909,0.06805885881185532,0.0,0.07154472917318344,0.0,0.28171104192733765
9691,0.006547841150313616,0.018489189445972443,0.027873876690864562,0.06902934163808823,0.0,0.07153303176164627,0.0,0.2817070484161377
9692,0.006156675238162279,0.01996088810265064,0.031093520671129228,0.07191557884216308,0.0,0.07151807844638824,0.0,0.2817019522190094
9693,0.006673612911254167,0.018888619914650916,0.029083002358675003,0.0669757179915905,0.0,0.07150380313396454,0.0,0.28169721364974976
9694,0.006594401504844427,0.019206987321376802,0.0304627925157547,0.06990569829940796,0.0,0.07148932665586472,0.0,0.28169381618499756
9695,0.006953848712146282,0.020194659009575844,0.029953638091683388,0.07114697694778442,0.0,0.07147040963172913,0.0,0.2816891074180603
9696,0.006806195713579655,0.02045459859073162,0.03011287413537502,0.07419817596673965,0.0,0.07144899666309357,0.0,0.281686007976532
9697,0.00625899937003851,0.019464512914419176,0.02882501594722271,0.07307686358690262,0.0,0.07143110781908035,0.0,0.2816849946975708
9698,0.006602378189563751,0.01921602599322796,0.030027414485812188,0.06545965075492859,0.0,0.071413055062294,0.0,0.28168338537216187
9699,0.006600904930382967,0.019363228976726533,0.029309401661157607,0.07119915187358856,0.0,0.07139711827039719,0.0,0.28168243169784546
9700,0.0069260369054973125,0.01924188733100891,0.028021829575300215,0.06898309290409088,0.0,0.07138733565807343,0.0,0.2816815674304962
9701,0.006597850937396288,0.01859044060111046,0.030141286551952362,0.07117013335227966,0.0,0.07138160616159439,0.0,0.28168171644210815
9702,0.006682819314301014,0.018898017704486847,0.030158911272883414,0.06770322471857071,0.0,0.07137506455183029,0.0,0.2816818654537201
9703,0.005921257939189672,0.01937534809112549,0.028946534544229508,0.07018048614263535,0.0,0.0713673084974289,0.0,0.28168103098869324
9704,0.00654782671481371,0.02012685388326645,0.028451814129948617,0.07148463726043701,0.0,0.07136083394289017,0.0,0.28167852759361267
9705,0.006253820192068815,0.019794882088899613,0.030951055139303206,0.0722240149974823,0.0,0.07135365903377533,0.0,0.2816779911518097
9706,0.0068041827529668805,0.020123415812849998,0.03133313991129398,0.07277539521455764,0.0,0.07135215401649475,0.0,0.2816764712333679
9707,0.006013534218072891,0.020183569565415383,0.03028278425335884,0.06748966723680497,0.0,0.07135389000177383,0.0,0.2816760540008545
9708,0.006137161888182164,0.020502278581261635,0.02873527631163597,0.0695465013384819,0.0,0.07135210931301117,0.0,0.281678706407547
9709,0.006330403406172991,0.02063225843012333,0.02929892875254154,0.07138433754444122,0.0,0.07135219871997833,0.0,0.2816823422908783
9710,0.006579706910997629,0.019582369923591615,0.027688232809305192,0.0744554340839386,0.0,0.07135279476642609,0.0,0.2816883623600006
9711,0.0065856738947331905,0.019421443715691565,0.029762640595436096,0.06851880103349686,0.0,0.07135386765003204,0.0,0.28169435262680054
9712,0.006941257230937481,0.01978265345096588,0.030776067078113555,0.07018414586782455,0.0,0.07135457545518875,0.0,0.28169968724250793
9713,0.006373487040400505,0.01911841072142124,0.029698972031474112,0.06806441843509674,0.0,0.07135844975709915,0.0,0.28170275688171387
9714,0.006462257541716099,0.01972701884806156,0.029083001613616943,0.06686758548021317,0.0,0.07136368751525879,0.0,0.2817049026489258
9715,0.006126543041318655,0.01971333734691143,0.029324665665626526,0.06997507959604263,0.0,0.07136737555265427,0.0,0.2817062735557556
9716,0.006085149757564068,0.019601481035351753,0.028621214255690575,0.07193849235773087,0.0,0.07137398421764374,0.0,0.2817079424858093
9717,0.0065390229225158695,0.020372679084539415,0.03209429420530796,0.06997981145977974,0.0,0.07137811928987503,0.0,0.2817094326019287
9718,0.006140477862209082,0.02046651244163513,0.031689117476344106,0.06751713752746583,0.0,0.07138441503047943,0.0,0.28170862793922424
9719,0.00658141216263175,0.020489627495408058,0.030583883076906203,0.06675040572881699,0.0,0.07140078395605087,0.0,0.28170812129974365
9720,0.006334520224481821,0.02077467367053032,0.028225115314126015,0.07452959716320037,0.0,0.07141433656215668,0.0,0.28170859813690186
9721,0.006682663038372993,0.019541120156645775,0.03045477978885174,0.06685123145580292,0.0,0.0714336633682251,0.0,0.28170934319496155
9722,0.006222566030919552,0.01959626153111458,0.031159209460020064,0.06597842276096344,0.0,0.07145337015390396,0.0,0.2817087173461914
9723,0.00647584768012166,0.01883816346526146,0.03134806305170059,0.07291822284460067,0.0,0.07147671282291412,0.0,0.28170686960220337
9724,0.006595918815582991,0.019259569793939592,0.030839381739497185,0.06582512110471725,0.0,0.0714949518442154,0.0,0.2817043662071228
9725,0.006837504915893078,0.01979122534394264,0.031255387142300604,0.06846213787794113,0.0,0.07150750607252121,0.0,0.28170135617256165
9726,0.006352568417787552,0.019261568412184717,0.029673272371292116,0.06988719999790191,0.0,0.07152208685874939,0.0,0.28169775009155273
9727,0.006222620420157909,0.019129088521003722,0.02753344252705574,0.0730473205447197,0.0,0.07153193652629852,0.0,0.28169479966163635
9728,0.006498989649116993,0.02063886299729347,0.030552612617611885,0.0729980781674385,0.0,0.0715440958738327,0.0,0.28169068694114685
9729,0.006165170948952437,0.01978582926094532,0.03131738528609276,0.07090809643268585,0.0,0.07155406475067139,0.0,0.2816852033138275
9730,0.006483326852321625,0.019073732569813727,0.029828916862607004,0.07063427567481995,0.0,0.07156156003475189,0.0,0.28167960047721863
9731,0.006766121927648782,0.01959563046693802,0.02979123778641224,0.07494889795780182,0.0,0.07156772911548615,0.0,0.2816743850708008
9732,0.006540962681174278,0.02035902626812458,0.029011743515729903,0.0646659791469574,0.0,0.07157192379236221,0.0,0.2816697061061859
9733,0.006693361885845661,0.01960480250418186,0.03237034007906914,0.06721853166818618,0.0,0.0715785026550293,0.0,0.28166714310646057
9734,0.006401132140308618,0.019309776648879052,0.028944595903158187,0.06891475468873978,0.0,0.07158519327640533,0.0,0.2816649079322815
9735,0.006300155818462372,0.019112681970000267,0.03095409572124481,0.07184864431619645,0.0,0.07158506661653519,0.0,0.2816630005836487
9736,0.006775330752134323,0.02021767869591713,0.029564177989959715,0.06988002061843872,0.0,0.07158555835485458,0.0,0.28166359663009644
9737,0.006836160086095333,0.019510290399193764,0.03129878751933575,0.06752784550189972,0.0,0.0715818852186203,0.0,0.2816653549671173
9738,0.006295904982835054,0.019582173228263854,0.03220529444515705,0.07146181315183639,0.0,0.07157666236162186,0.0,0.28166577219963074
9739,0.006297218147665262,0.019928810000419617,0.03080352731049061,0.06993429064750671,0.0,0.07157331705093384,0.0,0.28166672587394714
9740,0.006467180419713258,0.019609058648347853,0.028773606196045874,0.06872133910655975,0.0,0.07157789170742035,0.0,0.2816663980484009
9741,0.006408161204308272,0.019737957417964934,0.029555899649858476,0.07649865597486497,0.0,0.0715772956609726,0.0,0.2816641926765442
9742,0.006544653605669737,0.018973161280155183,0.029645513370633127,0.06625913828611374,0.0,0.0715743899345398,0.0,0.28166061639785767
9743,0.006434361822903157,0.020368729904294013,0.02956475205719471,0.06987512856721878,0.0,0.07156772911548615,0.0,0.28165945410728455
9744,0.006311027240008116,0.018719635531306268,0.032310649380087854,0.06633904874324799,0.0,0.07157079875469208,0.0,0.28166085481643677
9745,0.007127839606255293,0.019980402290821077,0.028679213672876357,0.07090504467487335,0.0,0.0715772807598114,0.0,0.2816624045372009
9746,0.006201109942048788,0.01942612640559673,0.02999659851193428,0.07115073204040527,0.0,0.0715862512588501,0.0,0.28166624903678894
9747,0.006304572895169258,0.018679606541991235,0.03041858933866024,0.06469012424349785,0.0,0.07160095870494843,0.0,0.2816714346408844
9748,0.006919515784829855,0.01984051838517189,0.031101049110293388,0.07198547273874283,0.0,0.07161446660757065,0.0,0.281677782535553
9749,0.0067150769755244255,0.019150082394480704,0.03066675141453743,0.06771582961082459,0.0,0.07162444293498993,0.0,0.28168606758117676
9750,0.006500290054827928,0.01964380331337452,0.029427866637706756,0.06966883093118667,0.0,0.0716334730386734,0.0,0.28169363737106323
9751,0.006189675442874432,0.01793716140091419,0.03016095608472824,0.06834766715764999,0.0,0.0716395229101181,0.0,0.2817002534866333
9752,0.006745289824903011,0.02005712240934372,0.03145050555467606,0.06908692419528961,0.0,0.07164132595062256,0.0,0.28170615434646606
9753,0.006366690341383219,0.019713936373591423,0.03058917708694935,0.07177693396806717,0.0,0.07164379954338074,0.0,0.28171247243881226
9754,0.006383606418967247,0.01977350190281868,0.03019702956080437,0.06887628585100174,0.0,0.07163805514574051,0.0,0.2817153334617615
9755,0.006451385468244553,0.019291102513670923,0.03123028501868248,0.06534736454486847,0.0,0.07163253426551819,0.0,0.28171712160110474
9756,0.006792758125811815,0.01909392848610878,0.03041259981691837,0.06876551806926727,0.0,0.07162775099277496,0.0,0.28171828389167786
9757,0.0068862087093293665,0.01843036636710167,0.030682234466075896,0.06840681284666061,0.0,0.071621373295784,0.0,0.28171855211257935
9758,0.006661589909344912,0.019458748772740363,0.029091141745448114,0.06782855540513992,0.0,0.0716124176979065,0.0,0.28171929717063904
9759,0.006081575155258178,0.019138607010245324,0.02970082275569439,0.06904855072498321,0.0,0.0716017484664917,0.0,0.281717985868454
9760,0.006678197160363197,0.01997046507894993,0.028540346026420593,0.07014240175485612,0.0,0.07158768177032471,0.0,0.2817170023918152
9761,0.006540429499000311,0.018940173834562302,0.03088845983147621,0.07032891064882278,0.0,0.07157127559185028,0.0,0.2817172408103943
9762,0.006422255095094443,0.019594133645296097,0.02884533479809761,0.06745334267616272,0.0,0.07155774533748627,0.0,0.28171899914741516
9763,0.006490721460431814,0.020067984983325005,0.028429221361875534,0.06848069801926612,0.0,0.07154259830713272,0.0,0.2817208170890808
9764,0.0063496619462966915,0.019327140972018243,0.029499930143356324,0.07126891165971756,0.0,0.07152986526489258,0.0,0.2817241847515106
9765,0.00642459150403738,0.020284328982234,0.02919374778866768,0.06819016188383102,0.0,0.07152006030082703,0.0,0.28172624111175537
9766,0.006750569492578506,0.020435817539691925,0.030227173864841462,0.07044814974069595,0.0,0.07150392234325409,0.0,0.28172653913497925
9767,0.006656648218631744,0.020710154622793197,0.028903701156377793,0.06745014637708664,0.0,0.07148919999599457,0.0,0.2817237973213196
9768,0.006662800721824169,0.019609475135803224,0.03080344758927822,0.07337744534015656,0.0,0.07148444652557373,0.0,0.2817198634147644
9769,0.006914046686142683,0.0188113946467638,0.029751658067107202,0.06922290474176407,0.0,0.07148487120866776,0.0,0.2817169427871704
9770,0.006283797975629568,0.019191035628318788,0.029995288327336313,0.06863571256399155,0.0,0.07148462533950806,0.0,0.2817148268222809
9771,0.006713273469358683,0.01987701691687107,0.029162826761603356,0.07336858361959457,0.0,0.07148492336273193,0.0,0.2817140519618988
9772,0.006255555059760809,0.01892414391040802,0.031088593974709512,0.06731914579868317,0.0,0.07148297131061554,0.0,0.28171390295028687
9773,0.006530697643756867,0.01851816214621067,0.02911004051566124,0.0728948712348938,0.0,0.07148128747940063,0.0,0.28171506524086
9774,0.006439537089318037,0.019889789074659346,0.030044856294989587,0.07358568906784058,0.0,0.07147987931966782,0.0,0.28171661496162415
9775,0.0062484961934387686,0.019266491010785102,0.030116716027259828,0.06961168050765991,0.0,0.07148100435733795,0.0,0.28171858191490173
9776,0.006352742575109005,0.02000601924955845,0.027935738489031792,0.0711990624666214,0.0,0.07148411870002747,0.0,0.28172212839126587
9777,0.006766652967780828,0.019909237697720527,0.030583460256457327,0.06814219802618027,0.0,0.07148343324661255,0.0,0.28172415494918823
9778,0.006601310707628727,0.01943398416042328,0.031182720512151717,0.0692277804017067,0.0,0.07148284465074539,0.0,0.28172606229782104
9779,0.006539162434637547,0.019769590348005295,0.031062320247292517,0.07182071954011918,0.0,0.07148095220327377,0.0,0.28172630071640015
9780,0.006663561798632145,0.018771352991461755,0.02867110036313534,0.07140051275491714,0.0,0.07147581875324249,0.0,0.28172534704208374
9781,0.006295956112444401,0.018785521015524866,0.02976689822971821,0.06778836473822594,0.0,0.07147224247455597,0.0,0.2817245125770569
9782,0.006294353958219289,0.020188634842634202,0.029125149175524712,0.06635677665472031,0.0,0.0714716985821724,0.0,0.2817225158214569
9783,0.006373970489948988,0.019293561950325964,0.029269513860344886,0.06982538998126983,0.0,0.0714821070432663,0.0,0.2817225456237793
9784,0.0059410398826003075,0.018752049654722214,0.03022174760699272,0.06773130148649216,0.0,0.07148971408605576,0.0,0.28172215819358826
9785,0.005966589041054249,0.018473920598626136,0.029004786908626557,0.07101916819810868,0.0,0.071500763297081,0.0,0.2817228138446808
9786,0.006533262878656387,0.01891246736049652,0.030361099541187285,0.07156254798173904,0.0,0.07151170819997787,0.0,0.28172460198402405
9787,0.006810899078845978,0.02004860304296017,0.029222958162426947,0.06407071575522423,0.0,0.07151918858289719,0.0,0.28172677755355835
9788,0.006580559816211462,0.01939937546849251,0.029765473678708076,0.06694113463163376,0.0,0.07152856886386871,0.0,0.2817276418209076
9789,0.006461168080568314,0.01934291124343872,0.03021627999842167,0.07084965109825134,0.0,0.0715390220284462,0.0,0.28172868490219116
9790,0.006251013278961182,0.01981884203851223,0.02930627726018429,0.07082020863890648,0.0,0.07155446708202362,0.0,0.28172755241394043
9791,0.006350771151483059,0.020505131408572196,0.029349010065197946,0.07462323158979416,0.0,0.07157079875469208,0.0,0.28172793984413147
9792,0.006856585945934057,0.0191567525267601,0.03139393962919712,0.06667218878865241,0.0,0.07158609479665756,0.0,0.2817276120185852
9793,0.006187771633267403,0.01929304450750351,0.027237124741077423,0.06695777028799058,0.0,0.07159646600484848,0.0,0.2817278802394867
9794,0.006589545682072639,0.020019102841615677,0.03186379671096802,0.06894395500421524,0.0,0.07160581648349762,0.0,0.28172776103019714
9795,0.006509250123053789,0.020313936471939086,0.030056556686758995,0.0746958687901497,0.0,0.07161340117454529,0.0,0.281729131937027
9796,0.006564720533788204,0.019677843526005746,0.029747342318296434,0.06996075659990311,0.0,0.0716216117143631,0.0,0.281730979681015
9797,0.006528659537434578,0.019368043169379234,0.03087627701461315,0.06956404596567153,0.0,0.07162459194660187,0.0,0.2817315459251404
9798,0.00631996588781476,0.019724677503108978,0.030625925958156587,0.07117538750171662,0.0,0.07162906229496002,0.0,0.2817313075065613
9799,0.005772860161960125,0.019525299593806267,0.028870631754398347,0.06743474304676056,0.0,0.07163485139608383,0.0,0.2817307710647583
9800,0.006511311884969473,0.020011692494153976,0.02980039231479168,0.07372643202543258,0.0,0.07164029777050018,0.0,0.28172916173934937
9801,0.006571915559470653,0.019852618873119354,0.02895665243268013,0.06690226569771766,0.0,0.07164710760116577,0.0,0.28172749280929565
9802,0.006402918137609959,0.01986072547733784,0.028312060981988907,0.06680040210485458,0.0,0.07164791226387024,0.0,0.2817268967628479
9803,0.006304322648793459,0.019313841313123702,0.02928609065711498,0.06836411654949189,0.0,0.07164940983057022,0.0,0.2817237675189972
9804,0.006326462235301733,0.019741963222622873,0.027352575212717056,0.07145403623580933,0.0,0.0716518759727478,0.0,0.2817215323448181
9805,0.006519194878637791,0.019472727179527284,0.029166675359010696,0.06737771183252335,0.0,0.07165549695491791,0.0,0.28171855211257935
9806,0.006083123665302992,0.020282191038131715,0.02875427044928074,0.06878113895654678,0.0,0.07165999710559845,0.0,0.28171664476394653
9807,0.00648859515786171,0.01964702792465687,0.02772096134722233,0.06950063407421112,0.0,0.07166214287281036,0.0,0.28171709179878235
9808,0.0066139141097664835,0.01954897344112396,0.029377270117402078,0.06688294038176537,0.0,0.07166926562786102,0.0,0.28171828389167786
9809,0.006597714964300394,0.019315748289227486,0.029335210844874383,0.07120200246572495,0.0,0.07167993485927582,0.0,0.2817208766937256
9810,0.006763905566185713,0.02036454528570175,0.032486656308174135,0.07655814439058303,0.0,0.07168688625097275,0.0,0.2817210853099823
9811,0.006434321496635675,0.018935738876461983,0.029922353848814965,0.06766243577003479,0.0,0.07169673591852188,0.0,0.2817225456237793
9812,0.006564770732074976,0.02020338475704193,0.027374999597668648,0.06721176207065582,0.0,0.07170500606298447,0.0,0.2817257046699524
9813,0.006435910705476999,0.018655239045619963,0.031522808596491814,0.07021257430315017,0.0,0.0717107504606247,0.0,0.2817288935184479
9814,0.006436032615602017,0.019417251273989678,0.031149183586239814,0.06516848355531693,0.0,0.0717146247625351,0.0,0.28173041343688965
9815,0.006538501381874085,0.019921208173036574,0.030308714136481285,0.06816385388374328,0.0,0.07171888649463654,0.0,0.2817327082157135
9816,0.0068333568051457405,0.01948583871126175,0.030557937175035476,0.07117022275924682,0.0,0.07172426581382751,0.0,0.2817341685295105
9817,0.0061275954358279705,0.019032005220651627,0.02940702363848686,0.07092271894216537,0.0,0.07172685861587524,0.0,0.28173595666885376
9818,0.0062564554624259475,0.020277613401412965,0.02999407537281513,0.0711683377623558,0.0,0.07172443717718124,0.0,0.28173667192459106
9819,0.006276260409504175,0.01964958980679512,0.029118051752448082,0.0722147434949875,0.0,0.07172409445047379,0.0,0.2817397117614746
9820,0.006065062992274761,0.0191653061658144,0.03317939266562462,0.07167048752307892,0.0,0.07172141969203949,0.0,0.28174155950546265
9821,0.0067945893853902815,0.019972440600395203,0.029519154503941537,0.07225059121847152,0.0,0.07171571254730225,0.0,0.2817455232143402
9822,0.006707831658422947,0.0191222358494997,0.031008987873792648,0.07127238512039184,0.0,0.07170978933572769,0.0,0.2817492187023163
9823,0.006747289933264256,0.020030869543552397,0.029845261573791505,0.07223624736070633,0.0,0.07170301675796509,0.0,0.2817535102367401
9824,0.006629018019884825,0.018725836277008058,0.027425791695714,0.06571386605501175,0.0,0.07169635593891144,0.0,0.2817569077014923
9825,0.006345777306705713,0.019372975826263426,0.030701054260134697,0.07166526615619659,0.0,0.07168672978878021,0.0,0.28176066279411316
9826,0.006670473050326109,0.01949569322168827,0.029451389610767365,0.06828989386558533,0.0,0.07167301326990128,0.0,0.2817641794681549
9827,0.006760614644736052,0.019525348767638208,0.030650422722101212,0.07300623059272766,0.0,0.07165779173374176,0.0,0.2817644476890564
9828,0.00683515565469861,0.01923103556036949,0.028477920591831206,0.06826353818178177,0.0,0.07164269685745239,0.0,0.2817642092704773
9829,0.006420354079455137,0.019213806465268136,0.030978698283433914,0.07254721075296403,0.0,0.07163117080926895,0.0,0.2817627191543579
9830,0.006189439818263054,0.02025308385491371,0.030141399055719376,0.06917241960763931,0.0,0.0716184750199318,0.0,0.281759649515152
9831,0.006220228318125009,0.01894644685089588,0.029209022223949433,0.06998862326145172,0.0,0.07160439342260361,0.0,0.2817566692829132
9832,0.006303327716886997,0.020118198916316034,0.03046218603849411,0.07344761192798614,0.0,0.07158929109573364,0.0,0.2817542552947998
9833,0.006411573104560375,0.019637933000922203,0.02935212142765522,0.06771481782197952,0.0,0.07157085090875626,0.0,0.2817506492137909
9834,0.006811875663697719,0.020248717814683913,0.02947370372712612,0.06682176142930984,0.0,0.07155323028564453,0.0,0.2817468047142029
9835,0.0067915964871644975,0.01944020949304104,0.030448413267731667,0.06957345306873322,0.0,0.07153695076704025,0.0,0.28174343705177307
9836,0.006251475587487221,0.019216960296034813,0.029102712869644165,0.06701515018939971,0.0,0.07152232527732849,0.0,0.2817431092262268
9837,0.006337332259863615,0.019249681010842325,0.03072098530828953,0.06936247646808624,0.0,0.0715041309595108,0.0,0.2817440927028656
9838,0.006355652771890164,0.0196699146181345,0.029633359611034395,0.06817914843559265,0.0,0.07149423658847809,0.0,0.28174492716789246
9839,0.0062229536473751065,0.019245748966932298,0.030460316315293313,0.06835374087095261,0.0,0.07148430496454239,0.0,0.28174519538879395
9840,0.0063772499561309814,0.019661857932806014,0.02871813140809536,0.0680859588086605,0.0,0.07147935777902603,0.0,0.2817458510398865
9841,0.006183254905045033,0.01964309923350811,0.03182103373110294,0.06723768413066863,0.0,0.07147368043661118,0.0,0.28174644708633423
9842,0.006650154292583465,0.01965976357460022,0.02886808291077614,0.07084082812070847,0.0,0.07146505266427994,0.0,0.28174716234207153
9843,0.006077167764306069,0.019565391167998315,0.02803225480020046,0.07416802197694779,0.0,0.07146156579256058,0.0,0.2817462682723999
9844,0.006515959929674864,0.01948954872786999,0.031212614104151725,0.06943141222000122,0.0,0.07146231830120087,0.0,0.2817440629005432
9845,0.006686549633741379,0.020304590463638306,0.02923986464738846,0.06876624524593353,0.0,0.07147455215454102,0.0,0.28174224495887756
9846,0.006123031489551067,0.020040013641119004,0.029581550881266593,0.07100331634283066,0.0,0.07148401439189911,0.0,0.28174203634262085
9847,0.0063313964754343035,0.019320764392614365,0.028739431500434877,0.06599158048629761,0.0,0.0714929848909378,0.0,0.2817423343658447
9848,0.0062007752247154714,0.01921672448515892,0.03151279464364052,0.06899984329938888,0.0,0.07149802148342133,0.0,0.281742662191391
9849,0.006227222084999084,0.018749226257205008,0.028731777146458626,0.07148913443088531,0.0,0.07150322198867798,0.0,0.28174296021461487
9850,0.006437974609434604,0.019211122021079063,0.029812026396393777,0.06702294573187828,0.0,0.07150930911302567,0.0,0.28174343705177307
9851,0.006499706953763962,0.01942378617823124,0.02988894097507,0.06792664080858231,0.0,0.07151556015014648,0.0,0.2817433476448059
9852,0.006482478976249695,0.020434662327170373,0.03146238140761852,0.07058408558368683,0.0,0.07152071595191956,0.0,0.28174343705177307
9853,0.006398812308907509,0.01997097097337246,0.028788353130221368,0.06469786465168,0.0,0.07152823358774185,0.0,0.2817447781562805
9854,0.0062236030586063865,0.02073410078883171,0.02974942736327648,0.06793715953826904,0.0,0.07154057174921036,0.0,0.28174445033073425
9855,0.0065389259718358515,0.019504877924919128,0.030915144458413125,0.06953225806355476,0.0,0.07155206799507141,0.0,0.2817442715167999
9856,0.006287206709384918,0.020769182592630386,0.02966223321855068,0.06820111572742463,0.0,0.07156683504581451,0.0,0.2817419469356537
9857,0.0065899379551410675,0.020853078365325926,0.029924362897872925,0.07344013154506683,0.0,0.07157883793115616,0.0,0.2817404568195343
9858,0.006454301532357931,0.01936015821993351,0.031042369455099104,0.06719246953725815,0.0,0.07159598171710968,0.0,0.281738817691803
9859,0.006830203905701637,0.01930180415511131,0.029387074708938598,0.06970750391483307,0.0,0.07161131501197815,0.0,0.2817364037036896
9860,0.006458904128521681,0.019387239962816237,0.029684938862919806,0.06957826018333435,0.0,0.0716211125254631,0.0,0.2817316949367523
9861,0.006558258458971978,0.020121990144252776,0.029857255518436432,0.06954348087310791,0.0,0.07162965834140778,0.0,0.2817276418209076
9862,0.006716898083686829,0.019758124276995657,0.03189117312431335,0.07174473404884338,0.0,0.0716417208313942,0.0,0.2817228436470032
9863,0.0062288914807140825,0.019086412712931634,0.030410308763384818,0.06590492576360703,0.0,0.07166038453578949,0.0,0.28171974420547485
9864,0.0062584162689745424,0.018519175052642823,0.02754867561161518,0.06690810024738311,0.0,0.07167942821979523,0.0,0.28171953558921814
9865,0.006856943387538195,0.019251922518014906,0.030243591219186784,0.07136167883872986,0.0,0.0717020183801651,0.0,0.28172141313552856
9866,0.006647975649684668,0.01949157938361168,0.0315428089350462,0.07529155164957047,0.0,0.07172229140996933,0.0,0.2817249298095703
9867,0.006744922883808613,0.019633674621582033,0.029968085885047912,0.07190627455711365,0.0,0.0717361718416214,0.0,0.28172948956489563
9868,0.00642864890396595,0.02041362151503563,0.02980741336941719,0.07004587650299073,0.0,0.07174541801214218,0.0,0.2817365527153015
9869,0.006346703786402941,0.019474035128951073,0.0313405767083168,0.06880554854869843,0.0,0.07176072895526886,0.0,0.28174108266830444
9870,0.0062393912114202974,0.019322044402360915,0.02883095443248749,0.06737220883369446,0.0,0.07177865505218506,0.0,0.281745970249176
9871,0.006431614141911268,0.01921999007463455,0.028457268700003625,0.07173215001821517,0.0,0.07179100066423416,0.0,0.2817494571208954
9872,0.0066996743902564045,0.021270324662327766,0.029539434984326363,0.0679864913225174,0.0,0.07180081307888031,0.0,0.28175193071365356
9873,0.006459332257509232,0.018877140432596206,0.03159605972468853,0.06973549425601959,0.0,0.07181227207183838,0.0,0.28175464272499084
9874,0.0065276317298412325,0.020487895980477334,0.028320922702550887,0.0692419558763504,0.0,0.07182031869888306,0.0,0.28175756335258484
9875,0.00672520874068141,0.020268405228853224,0.029318645223975183,0.06996581852436065,0.0,0.07182586193084717,0.0,0.2817618250846863
9876,0.006462911237031221,0.019304943457245826,0.032152820378541946,0.06394215747714042,0.0,0.0718357264995575,0.0,0.2817665934562683
9877,0.0066141001880168915,0.019656692072749136,0.029109833389520647,0.06947698295116425,0.0,0.0718420222401619,0.0,0.2817690968513489
9878,0.006419437658041716,0.019396718218922616,0.030186978355050086,0.06741156280040742,0.0,0.07184376567602158,0.0,0.2817678451538086
9879,0.006632088124752045,0.01918007954955101,0.03012520298361778,0.06962373852729797,0.0,0.0718446746468544,0.0,0.28176599740982056
9880,0.006732346303761005,0.019038011506199836,0.02956317216157913,0.0696772962808609,0.0,0.07184413820505142,0.0,0.2817647457122803
9881,0.0061746444553136826,0.019545864313840866,0.028950953483581544,0.06795569509267807,0.0,0.07184050977230072,0.0,0.28176191449165344
9882,0.006591451913118362,0.02072000578045845,0.03191601261496544,0.07310589551925659,0.0,0.07183177024126053,0.0,0.2817602753639221
9883,0.006420116126537323,0.01975645646452904,0.029338985309004785,0.0689725086092949,0.0,0.07182931900024414,0.0,0.2817579209804535
9884,0.006479778978973627,0.01953023299574852,0.030364178121089935,0.06947619467973709,0.0,0.07182686030864716,0.0,0.28175538778305054
9885,0.00646679699420929,0.01939558461308479,0.03041970506310463,0.07025706768035889,0.0,0.07182047516107559,0.0,0.281751811504364
9886,0.006259699910879135,0.019790636748075484,0.028864646703004836,0.0655527502298355,0.0,0.0718192309141159,0.0,0.2817477583885193
9887,0.006158357951790094,0.019960201904177667,0.030842648074030875,0.06982671469449997,0.0,0.07181910425424576,0.0,0.28174397349357605
9888,0.006213695742189884,0.019455862790346147,0.029208097234368326,0.07017460763454438,0.0,0.07181434333324432,0.0,0.28173917531967163
9889,0.006237530428916216,0.01906377375125885,0.029551897943019868,0.06897472441196442,0.0,0.07181113958358765,0.0,0.2817344665527344
9890,0.00673434529453516,0.01952262446284294,0.02881421409547329,0.0674070306122303,0.0,0.0718010663986206,0.0,0.2817300260066986
9891,0.006325690075755119,0.019195392727851868,0.02947451323270798,0.06865574717521668,0.0,0.07178877294063568,0.0,0.2817261815071106
9892,0.006279660575091839,0.020803438499569893,0.030965838208794595,0.06763135567307473,0.0,0.07177494466304779,0.0,0.2817213833332062
9893,0.0067282324656844136,0.01914944648742676,0.028809725120663644,0.07051262632012367,0.0,0.07176150381565094,0.0,0.2817149758338928
9894,0.006551549769937992,0.01935556121170521,0.03035803437232971,0.07233113497495651,0.0,0.0717456191778183,0.0,0.28170615434646606
9895,0.006697875168174505,0.019413400813937186,0.029292462393641472,0.0734279528260231,0.0,0.071727454662323,0.0,0.2816978693008423
9896,0.006559472065418959,0.020035414025187492,0.029335417598485947,0.06665142625570297,0.0,0.07171038538217545,0.0,0.28168824315071106
9897,0.006704662274569273,0.01884290687739849,0.029428327083587648,0.06996583938598633,0.0,0.07169209420681,0.0,0.28167882561683655
9898,0.006766404118388891,0.01975645013153553,0.03218239173293114,0.06930266916751862,0.0,0.07167153060436249,0.0,0.281667560338974
9899,0.006835997104644775,0.020165515318512916,0.0316668126732111,0.0710205540060997,0.0,0.07165063172578812,0.0,0.28165581822395325
9900,0.006731201149523258,0.0190509844571352,0.02876405753195286,0.06690403521060943,0.0,0.07163010537624359,0.0,0.28164419531822205
9901,0.006596877053380012,0.01920352429151535,0.03020463213324547,0.07145220786333084,0.0,0.07161642611026764,0.0,0.28163498640060425
9902,0.006577751506119967,0.01918972171843052,0.02977222390472889,0.06958416849374771,0.0,0.07160745561122894,0.0,0.28162655234336853
9903,0.006507749110460282,0.01954975388944149,0.029790396243333815,0.06967647671699524,0.0,0.07159703224897385,0.0,0.2816201150417328
9904,0.0067461589351296425,0.019560409337282182,0.02860143892467022,0.06859313696622849,0.0,0.07158369570970535,0.0,0.2816137373447418
9905,0.006818169541656971,0.01952631287276745,0.028708435595035553,0.07221119105815887,0.0,0.07157070934772491,0.0,0.2816104292869568
9906,0.006459158845245838,0.018922609835863115,0.028383425995707513,0.06730281487107277,0.0,0.07155842334032059,0.0,0.28160983324050903
9907,0.0062446859665215015,0.02011902965605259,0.03037901669740677,0.06333219036459922,0.0,0.07154594361782074,0.0,0.2816096842288971
9908,0.006725363340228796,0.019218799099326132,0.02894231416285038,0.07121205031871795,0.0,0.0715370625257492,0.0,0.28160881996154785
9909,0.006423487048596144,0.020198842138051988,0.030402451753616333,0.06778823211789131,0.0,0.07152482867240906,0.0,0.2816081643104553
9910,0.00637347400188446,0.01950194463133812,0.02938562408089638,0.06651450917124749,0.0,0.07151565700769424,0.0,0.2816096246242523
9911,0.006539254169911146,0.019198648631572723,0.03062986209988594,0.06913832873106003,0.0,0.07150502502918243,0.0,0.2816111743450165
9912,0.006405561789870262,0.018817105144262315,0.02881583906710148,0.07179656624794006,0.0,0.07149175554513931,0.0,0.28161245584487915
9913,0.006553741730749607,0.02020452506840229,0.030760515853762625,0.07226612120866775,0.0,0.07147582620382309,0.0,0.2816140055656433
9914,0.006497081182897091,0.019619001448154448,0.029721758887171747,0.0706018827855587,0.0,0.07145940512418747,0.0,0.2816146910190582
9915,0.006744449492543936,0.019319215044379234,0.027782871946692468,0.067816561460495,0.0,0.07144046574831009,0.0,0.28161317110061646
9916,0.0063810721971094605,0.01963300593197346,0.031110328808426856,0.07057701349258423,0.0,0.07141947001218796,0.0,0.28160926699638367
9917,0.006468704529106617,0.020313993096351624,0.028734637424349785,0.06693798452615737,0.0,0.07139980792999268,0.0,0.28160378336906433
9918,0.00653320187702775,0.019656595215201376,0.029741032421588896,0.07402156442403793,0.0,0.0713835284113884,0.0,0.28159722685813904
9919,0.006465520616620779,0.018997875228524207,0.030726019665598868,0.06815377473831177,0.0,0.07137088477611542,0.0,0.28158923983573914
9920,0.006191716715693474,0.019351564347743988,0.029700958728790285,0.06846299916505813,0.0,0.07135824114084244,0.0,0.2815820276737213
9921,0.006776946596801281,0.018891254812479018,0.02957691252231598,0.06661162227392196,0.0,0.07134699076414108,0.0,0.2815735936164856
9922,0.006745568476617336,0.020141462609171868,0.031098747998476027,0.06580097526311875,0.0,0.07133431732654572,0.0,0.2815651297569275
9923,0.006892806943506002,0.0194195244461298,0.028771498799324037,0.06866550296545029,0.0,0.07132618129253387,0.0,0.2815589904785156
9924,0.0063674462959170345,0.019640415161848068,0.028062688931822777,0.06979741454124451,0.0,0.07131614536046982,0.0,0.2815527617931366
9925,0.006391610857099295,0.0196260754019022,0.02877691723406315,0.07123901098966598,0.0,0.07130558043718338,0.0,0.28154662251472473
9926,0.00692882901057601,0.01912130005657673,0.028736359998583795,0.07209886908531189,0.0,0.07129432260990143,0.0,0.2815432548522949
9927,0.006781311146914959,0.020014577731490134,0.03139081299304962,0.06983769461512565,0.0,0.07127953320741653,0.0,0.2815406918525696
9928,0.006558931432664394,0.019804424792528152,0.02789233662188053,0.06566312909126282,0.0,0.07126911729574203,0.0,0.28153711557388306
9929,0.006882386934012175,0.019958893954753875,0.029571399092674255,0.07175863981246948,0.0,0.0712590217590332,0.0,0.2815322279930115
9930,0.006267771869897842,0.01869170032441616,0.030675706267356873,0.0713074654340744,0.0,0.07124726474285126,0.0,0.2815273106098175
9931,0.006758651416748762,0.018659145385026932,0.030620706826448442,0.06995110362768173,0.0,0.07123470306396484,0.0,0.28152263164520264
9932,0.00652152132242918,0.020202594250440596,0.03034493550658226,0.07148548513650894,0.0,0.07122403383255005,0.0,0.2815186381340027
9933,0.006403798051178455,0.019609449431300163,0.028901464119553567,0.06621434614062309,0.0,0.07121813297271729,0.0,0.28151488304138184
9934,0.006780155748128891,0.020051562786102296,0.030494330823421477,0.0678019106388092,0.0,0.07121439278125763,0.0,0.28150996565818787
9935,0.00677088163793087,0.019507719203829765,0.028794033080339433,0.07269643396139144,0.0,0.07120873779058456,0.0,0.2815037667751312
9936,0.0071482833474874495,0.020292357727885246,0.030128324031829835,0.07111532241106033,0.0,0.07120193541049957,0.0,0.28149861097335815
9937,0.006174147874116897,0.018922695145010947,0.028442160040140153,0.0731464833021164,0.0,0.07119317352771759,0.0,0.28149300813674927
9938,0.006531023792922497,0.019351600110530852,0.029404325410723686,0.07026514559984207,0.0,0.07117930799722672,0.0,0.28148943185806274
9939,0.006067630182951689,0.01841139532625675,0.030297015607357026,0.07234266251325608,0.0,0.07117173820734024,0.0,0.28148794174194336
9940,0.006250502821058035,0.01914933919906616,0.030140811577439308,0.06982975751161576,0.0,0.07116011530160904,0.0,0.2814887762069702
9941,0.005969150736927986,0.019429805129766463,0.030638008564710616,0.07110658586025238,0.0,0.07114816457033157,0.0,0.28149107098579407
9942,0.0064698421396315094,0.020398074015974998,0.030907615274190902,0.06884182691574096,0.0,0.0711401104927063,0.0,0.28149348497390747
9943,0.006322476640343666,0.019978662207722663,0.02866347096860409,0.06913714706897736,0.0,0.07113771140575409,0.0,0.2814972698688507
9944,0.0066180632449686526,0.02027590274810791,0.030715330317616463,0.07015517130494117,0.0,0.07114320993423462,0.0,0.28150099515914917
9945,0.006418833788484335,0.019554503634572028,0.029107874259352684,0.07383726388216019,0.0,0.07115185260772705,0.0,0.2815045118331909
9946,0.006626598630100488,0.01953706182539463,0.02974121682345867,0.07149583846330643,0.0,0.07115838676691055,0.0,0.2815078794956207
9947,0.006921579781919718,0.01948124133050442,0.02788308784365654,0.0666294276714325,0.0,0.07116526365280151,0.0,0.28151220083236694
9948,0.006177247315645218,0.02043672278523445,0.02993404194712639,0.07209443897008896,0.0,0.07117098569869995,0.0,0.2815164029598236
9949,0.006379367504268885,0.020004327222704888,0.028368175402283667,0.07014916688203812,0.0,0.07117940485477448,0.0,0.2815226912498474
9950,0.006508375424891711,0.018274853378534316,0.032215083763003347,0.07151237726211548,0.0,0.07118697464466095,0.0,0.2815318703651428
9951,0.006670534517616034,0.019459377229213714,0.030253611132502557,0.06759195178747177,0.0,0.07119433581829071,0.0,0.2815399467945099
9952,0.006547341682016849,0.020503774657845496,0.02967301309108734,0.06783727109432221,0.0,0.07120291143655777,0.0,0.281546026468277
9953,0.00689190998673439,0.018697088584303856,0.029154729470610617,0.06785384416580201,0.0,0.0712081640958786,0.0,0.2815500497817993
9954,0.006478757131844759,0.019875315949320793,0.030025969073176385,0.07284407317638397,0.0,0.07121039181947708,0.0,0.2815525531768799
9955,0.006407535728067159,0.01910103000700474,0.030343645811080934,0.06894842982292175,0.0,0.07121803611516953,0.0,0.2815552055835724
9956,0.006611532252281904,0.02042669467628002,0.028145241364836694,0.07107382863759995,0.0,0.07122347503900528,0.0,0.28155675530433655
9957,0.006568147242069245,0.019297068193554878,0.03005726560950279,0.06815916895866395,0.0,0.07123121619224548,0.0,0.28155824542045593
9958,0.006523890979588031,0.019937016442418097,0.03173388801515102,0.0736588791012764,0.0,0.07123574614524841,0.0,0.28155818581581116
9959,0.006453494820743799,0.01919846571981907,0.028957676142454147,0.07327445596456528,0.0,0.07123596966266632,0.0,0.28155821561813354
9960,0.006737863551825285,0.02053246796131134,0.02770468667149544,0.06627567037940026,0.0,0.07123136520385742,0.0,0.28155791759490967
9961,0.006433466169983149,0.01972918026149273,0.029760438203811645,0.06909075528383254,0.0,0.0712299793958664,0.0,0.2815593481063843
9962,0.006747393868863583,0.019564884155988692,0.029591964185237886,0.06942297294735908,0.0,0.0712285190820694,0.0,0.28156009316444397
9963,0.006420793756842613,0.018863572925329208,0.029589759930968285,0.0682722307741642,0.0,0.0712299793958664,0.0,0.2815624475479126
9964,0.006664854101836681,0.020427824929356575,0.027316951379179954,0.07061875686049461,0.0,0.07123377174139023,0.0,0.2815660238265991
9965,0.006679526064544916,0.020324435830116273,0.0298971239477396,0.06787338256835937,0.0,0.07124235481023788,0.0,0.2815670967102051
9966,0.0066576580516994,0.019261327013373374,0.02850077711045742,0.06707472503185272,0.0,0.07124827802181244,0.0,0.28156808018684387
9967,0.00619681878015399,0.019191959872841835,0.030883537232875825,0.07492655813694,0.0,0.07124932110309601,0.0,0.2815701365470886
9968,0.006361916568130255,0.0190102007240057,0.0318445049226284,0.07110001891851425,0.0,0.07125058770179749,0.0,0.28157106041908264
9969,0.0065181426703929905,0.019517314061522482,0.03038613423705101,0.0705119863152504,0.0,0.07125033438205719,0.0,0.2815729081630707
9970,0.006544439774006605,0.01991862989962101,0.02983948104083538,0.06734948754310607,0.0,0.07125212252140045,0.0,0.28157350420951843
9971,0.006234375759959221,0.019346574693918227,0.029588497057557107,0.07261916846036912,0.0,0.07125711441040039,0.0,0.28157463669776917
9972,0.006203585863113403,0.01999707370996475,0.029052575677633287,0.06870442554354668,0.0,0.0712568610906601,0.0,0.28157752752304077
9973,0.006437539681792259,0.020514483749866485,0.028814059868454932,0.06817245185375213,0.0,0.07125954329967499,0.0,0.2815811038017273
9974,0.0061977323144674305,0.019230668991804124,0.03115837797522545,0.0694100096821785,0.0,0.07126686722040176,0.0,0.28158503770828247
9975,0.006369342003017664,0.019794321432709695,0.030550824478268623,0.06535694301128388,0.0,0.07127048820257187,0.0,0.2815878987312317
9976,0.006657297629863024,0.018935126066207886,0.029536787420511246,0.06654297262430191,0.0,0.07127998024225235,0.0,0.28158873319625854
9977,0.006675038859248162,0.019026453047990798,0.028401952981948853,0.0700139507651329,0.0,0.07128515094518661,0.0,0.28158727288246155
9978,0.006515645701438188,0.019520079717040062,0.031885715574026106,0.0660893052816391,0.0,0.07128526270389557,0.0,0.2815845012664795
9979,0.006631352286785841,0.019909430667757987,0.029137632623314858,0.0693508043885231,0.0,0.0712832435965538,0.0,0.2815842926502228
9980,0.006413494329899549,0.020029083639383317,0.030126068741083145,0.07060227394104004,0.0,0.07127846777439117,0.0,0.281584233045578
9981,0.006500691454857588,0.019960328936576843,0.030587968230247498,0.06837154775857926,0.0,0.07127271592617035,0.0,0.28158456087112427
9982,0.006192987132817507,0.019804581254720687,0.028640299290418624,0.06841819509863853,0.0,0.07126594334840775,0.0,0.281585156917572
9983,0.006655696127563715,0.01933884546160698,0.029030318185687066,0.06861802488565445,0.0,0.07125267386436462,0.0,0.28158336877822876
9984,0.00621715160086751,0.019335926324129105,0.03099161684513092,0.06674594730138779,0.0,0.07124544680118561,0.0,0.28158143162727356
9985,0.006756408885121345,0.020408925786614417,0.031358667835593226,0.06634500920772553,0.0,0.07123973220586777,0.0,0.2815774977207184
9986,0.006353352777659893,0.019301613047719,0.02982637584209442,0.06572529971599579,0.0,0.07123967260122299,0.0,0.2815735936164856
9987,0.006972025148570538,0.019724731147289277,0.02932048514485359,0.07074777036905289,0.0,0.07123953104019165,0.0,0.28156933188438416
9988,0.006519316509366035,0.020030436292290687,0.03047413155436516,0.06810432150959969,0.0,0.07123509049415588,0.0,0.2815658450126648
9989,0.006511829234659672,0.018849952891469002,0.02904309332370758,0.07036028951406478,0.0,0.07123152911663055,0.0,0.28156378865242004
9990,0.006667451746761799,0.019738733768463135,0.03014163561165333,0.07257647812366486,0.0,0.0712258443236351,0.0,0.28156179189682007
9991,0.0065932804718613625,0.018912753835320473,0.030180240422487258,0.06945622712373734,0.0,0.07121865451335907,0.0,0.2815609872341156
9992,0.006721089500933886,0.019082507863640786,0.030702557787299155,0.07530549317598342,0.0,0.07121531665325165,0.0,0.28156206011772156
9993,0.006435730867087841,0.01898864395916462,0.02990340404212475,0.06914605647325515,0.0,0.07121921330690384,0.0,0.2815644145011902
9994,0.006178453844040632,0.019377468153834343,0.029818215966224672,0.07016423642635346,0.0,0.07122527062892914,0.0,0.2815651297569275
9995,0.006528523564338684,0.01911727637052536,0.029838379472494125,0.06908741295337677,0.0,0.07123533636331558,0.0,0.28156521916389465
9996,0.00662064990028739,0.020007795467972756,0.031115657091140746,0.06873853653669357,0.0,0.0712396651506424,0.0,0.28156667947769165
9997,0.006821067165583372,0.019324885308742525,0.030255044251680373,0.0738897405564785,0.0,0.07124815136194229,0.0,0.2815682590007782
9998,0.006813013926148415,0.021007183566689493,0.028772329539060594,0.07151129245758056,0.0,0.07125697284936905,0.0,0.2815700173377991
9999,0.006707722786813974,0.019262390956282616,0.03155363276600838,0.06591586917638778,0.0,0.07126971334218979,0.0,0.28157228231430054
