,0,1,2,3,4,5,6,7
0,442.50363,0.0,161.45674,57.268677,0.32630396,0.0,0.99545985,0.03413916
1,491.14984,0.0,147.18219,57.26868,0.33771306,0.0,0.9767357,0.034138978
2,459.17517,0.0,151.74193,57.268635,0.33189306,0.0,0.98205185,0.0341388
3,469.94626,0.0,181.50179,57.26861,0.33697948,0.0,1.002075,0.034138624
4,511.43707,0.0,186.1592,57.268646,0.3337265,0.0,0.9762054,0.034138445
5,482.12366,0.0,164.86797,57.26871,0.33352223,0.0,0.9594846,0.034138266
6,399.62448,0.0,155.18257,57.26876,0.33516684,0.0,0.9674333,0.034138083
7,469.15915,0.0,177.89569,57.26873,0.32782948,0.0,0.98543423,0.034137905
8,547.151,0.0,162.1074,57.268665,0.3320167,0.0,1.0104729,0.03413773
9,467.43533,0.0,178.15811,57.26864,0.3335326,0.0,0.9658331,0.034137547
10,451.29553,0.0,165.55618,57.268593,0.3286142,0.0,0.9569894,0.03413737
11,476.35413,0.0,156.4914,57.268555,0.33091706,0.0,0.9727451,0.034137186
12,475.044,0.0,175.13702,57.268524,0.33263722,0.0,0.98319966,0.03413701
13,493.6849,0.0,169.64139,57.268513,0.35013178,0.0,1.0110714,0.034136835
14,464.14673,0.0,164.80296,57.2685,0.3407376,0.0,1.009821,0.034136657
15,462.83527,0.0,158.9774,57.268475,0.33208588,0.0,1.0005776,0.034136478
16,460.04355,0.0,159.8204,57.268444,0.33097208,0.0,1.0010976,0.03413629
17,471.71008,0.0,174.98898,57.268414,0.3421091,0.0,0.9971986,0.03413612
18,521.7236,0.0,168.92859,57.26838,0.33571458,0.0,0.96847534,0.034135938
19,423.6294,0.0,160.08273,57.26833,0.33919513,0.0,0.98830414,0.03413576
20,484.7537,0.0,159.96623,57.268265,0.3374217,0.0,0.988507,0.034135576
21,452.31,0.0,180.04758,57.26822,0.33686763,0.0,0.9568577,0.034135398
22,476.2951,0.0,148.86458,57.268208,0.34426793,0.0,0.97193134,0.034135226
23,519.0611,0.0,172.53723,57.268208,0.3520351,0.0,1.0034536,0.034135044
24,476.51562,0.0,164.57681,57.268265,0.33598137,0.0,0.99444044,0.03413487
25,446.01712,0.0,173.52809,57.268337,0.33305863,0.0,0.9788199,0.03413469
26,494.2913,0.0,163.07631,57.268353,0.3426742,0.0,0.99416506,0.03413451
27,435.2974,0.0,186.23795,57.26835,0.3371151,0.0,0.97730076,0.034134336
28,508.23203,0.0,167.927,57.268368,0.34047323,0.0,0.98295325,0.034134153
29,431.53677,0.0,203.85887,57.26841,0.33844635,0.0,0.98173726,0.034133974
30,515.2402,0.0,169.54915,57.26843,0.33256385,0.0,0.98246473,0.0341338
31,449.26038,0.0,154.8763,57.268463,0.34088153,0.0,1.0006695,0.03413362
32,486.43872,0.0,168.6529,57.268505,0.33806324,0.0,0.96391636,0.034133445
33,515.16364,0.0,180.2197,57.268536,0.340849,0.0,0.98439837,0.034133263
34,467.47687,0.0,176.57216,57.268585,0.33413652,0.0,0.96216786,0.034133088
35,481.0944,0.0,149.76025,57.268635,0.3369546,0.0,0.9936436,0.03413291
36,532.7604,0.0,179.85564,57.268654,0.34279397,0.0,0.97518754,0.034132726
37,430.28195,0.0,172.74481,57.268665,0.33666885,0.0,0.9758864,0.03413255
38,524.74817,0.0,189.10033,57.268665,0.33702487,0.0,0.9596165,0.03413237
39,484.65158,0.0,148.86314,57.26868,0.33216146,0.0,0.9818649,0.034132194
40,567.6243,0.0,170.36784,57.26872,0.33417967,0.0,0.9834029,0.034132015
41,479.96548,0.0,154.5818,57.26871,0.33805174,0.0,0.98730886,0.03413184
42,431.8636,0.0,172.87677,57.268696,0.33620575,0.0,1.0108094,0.034131657
43,473.3209,0.0,157.38803,57.268665,0.33559343,0.0,1.0243423,0.034131482
44,486.36874,0.0,149.15923,57.26864,0.34114906,0.0,0.99335414,0.034131303
45,481.79895,0.0,167.10783,57.268635,0.34141126,0.0,0.96612996,0.03413113
46,421.46753,0.0,145.56717,57.268623,0.34219745,0.0,0.95555025,0.03413095
47,516.77515,0.0,166.41136,57.268635,0.3330808,0.0,0.9700905,0.034130774
48,492.7365,0.0,147.75237,57.26864,0.35092452,0.0,0.97725433,0.034130592
49,466.57962,0.0,167.62886,57.26868,0.3334409,0.0,0.9922999,0.034130417
50,484.12955,0.0,176.92699,57.26868,0.34334108,0.0,0.9833731,0.03413024
51,442.82935,0.0,169.61066,57.268658,0.34394145,0.0,0.97977775,0.034130063
52,506.4388,0.0,172.39128,57.268654,0.34265378,0.0,0.9481253,0.034129884
53,436.36652,0.0,154.86755,57.26868,0.34211367,0.0,0.9792924,0.034129705
54,502.82108,0.0,171.97664,57.26869,0.32987717,0.0,1.0097173,0.03412953
55,497.6594,0.0,164.26422,57.268677,0.34292132,0.0,0.9866155,0.034129396
56,434.1378,0.0,172.5681,57.268658,0.34353653,0.0,0.97681856,0.034129348
57,509.56772,0.0,186.185,57.268658,0.33438003,0.0,0.96719396,0.034129363
58,514.57385,0.0,138.97223,57.268654,0.3440256,0.0,0.98156536,0.03412941
59,484.4065,0.0,140.72237,57.268665,0.34753966,0.0,0.990347,0.034129478
60,480.74982,0.0,155.99725,57.26864,0.33905423,0.0,0.9745136,0.034129567
61,492.019,0.0,150.63893,57.268593,0.32980493,0.0,0.9618877,0.034129653
62,513.7572,0.0,160.59142,57.268562,0.35257885,0.0,0.9593127,0.03412974
63,410.511,0.0,168.78967,57.268597,0.33255836,0.0,0.99419326,0.034129813
64,483.39,0.0,162.25143,57.26871,0.3395733,0.0,0.9922643,0.03412988
65,538.9037,0.0,179.6543,57.26879,0.33064413,0.0,0.95661783,0.034129933
66,554.937,0.0,168.91454,57.26884,0.34402326,0.0,0.95824814,0.03412997
67,477.73016,0.0,192.0095,57.268906,0.3383332,0.0,0.9634266,0.03413
68,469.24164,0.0,163.04883,57.268944,0.32985508,0.0,0.96436983,0.034130003
69,528.44543,0.0,163.88574,57.268936,0.34435448,0.0,0.95785815,0.034129996
70,451.451,0.0,150.85098,57.2689,0.33241236,0.0,0.9576269,0.034129974
71,458.12283,0.0,163.44798,57.26889,0.32515514,0.0,0.97344637,0.034129936
72,472.36758,0.0,176.53903,57.26886,0.3330307,0.0,0.99552965,0.03412988
73,558.97186,0.0,147.52939,57.26884,0.337505,0.0,0.959163,0.034129824
74,482.23636,0.0,185.61537,57.268818,0.3396787,0.0,0.9761561,0.034129743
75,505.91537,0.0,169.12355,57.26879,0.33586693,0.0,0.99492174,0.034129657
76,515.4132,0.0,168.54141,57.268803,0.34071618,0.0,1.0100724,0.03412956
77,575.5091,0.0,145.99297,57.26886,0.34158283,0.0,0.9649452,0.03412945
78,499.72534,0.0,161.46725,57.26892,0.3349154,0.0,0.9373152,0.034129333
79,512.93964,0.0,169.47084,57.268913,0.32957217,0.0,0.98212254,0.034129206
80,474.60065,0.0,188.43936,57.268906,0.31799665,0.0,0.97652256,0.034129076
81,515.4017,0.0,179.48848,57.268894,0.34080407,0.0,0.9460196,0.03412893
82,482.09427,0.0,172.67776,57.268852,0.33847395,0.0,0.97188747,0.034128785
83,490.2196,0.0,161.56767,57.268852,0.34739125,0.0,0.97004586,0.034128636
84,486.71393,0.0,179.14677,57.26889,0.34196478,0.0,0.9981599,0.034128476
85,530.8299,0.0,161.68274,57.268883,0.34278706,0.0,0.960162,0.034128316
86,506.45038,0.0,152.23914,57.268875,0.33135894,0.0,0.9836132,0.03412815
87,487.98834,0.0,142.5598,57.268925,0.33238742,0.0,0.9931829,0.03412798
88,488.0533,0.0,168.08229,57.269005,0.34243527,0.0,0.99724084,0.034127813
89,513.4621,0.0,169.08226,57.269085,0.32826933,0.0,0.9457697,0.034127634
90,500.40356,0.0,150.66768,57.26912,0.34047058,0.0,0.97651404,0.03412746
91,458.77707,0.0,189.496,57.269127,0.33585346,0.0,0.9717358,0.03412728
92,450.1932,0.0,150.72585,57.26915,0.3347945,0.0,0.93177176,0.03412709
93,494.17575,0.0,170.19815,57.26918,0.34277382,0.0,0.95639086,0.034126908
94,461.6137,0.0,143.67024,57.269176,0.32727113,0.0,0.9474763,0.03412672
95,450.71075,0.0,177.58801,57.26915,0.33908695,0.0,0.9547347,0.034126535
96,488.4384,0.0,173.47803,57.26917,0.33648953,0.0,0.9917531,0.034126405
97,471.3687,0.0,154.20677,57.269234,0.3329934,0.0,0.96169776,0.034126267
98,430.48386,0.0,160.01219,57.269264,0.3422999,0.0,0.9837191,0.034126125
99,519.20703,0.0,162.7012,57.26929,0.3418555,0.0,0.9837377,0.03412598
100,494.0136,0.0,166.67311,57.26931,0.3415046,0.0,0.9523744,0.034125835
101,489.5413,0.0,196.33423,57.269283,0.34204826,0.0,0.9674117,0.034125686
102,488.3795,0.0,163.89604,57.26927,0.34432393,0.0,0.9932832,0.034125533
103,476.93707,0.0,163.608,57.269283,0.34532955,0.0,0.9841825,0.034125376
104,498.82028,0.0,175.6553,57.269302,0.33274263,0.0,0.97124255,0.034125216
105,483.49875,0.0,199.16397,57.269352,0.32838243,0.0,0.9752791,0.034125052
106,420.45486,0.0,183.95216,57.269413,0.33016974,0.0,0.97976166,0.03412488
107,461.18796,0.0,158.26031,57.26946,0.3356437,0.0,1.0115463,0.034124713
108,449.2336,0.0,136.71869,57.269444,0.3278335,0.0,0.9682729,0.034124542
109,477.06033,0.0,169.92906,57.269394,0.33216313,0.0,0.9606817,0.0341245
110,502.7145,0.0,164.38997,57.269363,0.34946755,0.0,0.97364336,0.034124456
111,490.04437,0.0,168.33762,57.269375,0.33649638,0.0,0.9978789,0.034124397
112,533.92554,0.0,155.61559,57.269398,0.3359133,0.0,0.9747761,0.034124322
113,438.77133,0.0,167.04951,57.269405,0.34201968,0.0,0.93264174,0.034124248
114,455.4325,0.0,142.39133,57.269444,0.34200937,0.0,1.0001646,0.03412416
115,496.78815,0.0,157.41772,57.269436,0.3466968,0.0,0.99146765,0.03412406
116,467.85904,0.0,158.07637,57.26943,0.33613756,0.0,0.98078334,0.034123957
117,516.33386,0.0,196.22357,57.269417,0.3478482,0.0,0.99459255,0.03412385
118,455.85547,0.0,207.06522,57.269417,0.3277906,0.0,1.0030365,0.034123726
119,445.9763,0.0,174.92087,57.269424,0.33353025,0.0,0.9624321,0.034123603
120,466.06876,0.0,154.4766,57.269394,0.33398992,0.0,0.97072715,0.034123473
121,453.1091,0.0,150.86765,57.269356,0.327797,0.0,0.96651953,0.034123335
122,469.3854,0.0,163.50089,57.26931,0.34639397,0.0,0.9806427,0.034123193
123,417.4628,0.0,166.16827,57.269264,0.3371746,0.0,1.0070798,0.034123044
124,447.49118,0.0,192.65059,57.269222,0.3363491,0.0,0.98209625,0.03412289
125,456.89978,0.0,158.46797,57.269176,0.34632027,0.0,0.9819238,0.03412274
126,482.008,0.0,168.66277,57.2691,0.3311791,0.0,0.983757,0.03412258
127,451.1718,0.0,188.19385,57.269077,0.33634457,0.0,0.96471417,0.034122415
128,535.13776,0.0,176.52087,57.269077,0.34671998,0.0,0.9765911,0.034122255
129,442.0383,0.0,176.15959,57.26906,0.33453274,0.0,0.9536541,0.034122087
130,469.67667,0.0,170.56331,57.269054,0.33684036,0.0,0.98105085,0.034121916
131,486.83493,0.0,176.47838,57.269035,0.33574256,0.0,0.9543809,0.03412175
132,509.8213,0.0,154.88393,57.269035,0.33830035,0.0,0.9559279,0.034121573
133,432.51935,0.0,142.64174,57.268974,0.33908495,0.0,0.99465024,0.034121398
134,533.53345,0.0,140.23248,57.268932,0.34616807,0.0,1.0062486,0.03412122
135,540.83185,0.0,141.082,57.268906,0.3467256,0.0,0.9655132,0.034121044
136,440.88437,0.0,155.03691,57.268883,0.33627242,0.0,0.99207544,0.03412086
137,429.60828,0.0,178.87248,57.268864,0.33899236,0.0,0.9489324,0.034120683
138,542.7647,0.0,166.9815,57.26886,0.3390056,0.0,1.0056099,0.0341205
139,466.02173,0.0,150.849,57.268845,0.32873216,0.0,0.99940896,0.03412032
140,495.95752,0.0,158.55965,57.268833,0.33616003,0.0,0.9591933,0.034120142
141,507.27914,0.0,186.28938,57.268833,0.3370359,0.0,0.98953515,0.034119952
142,487.90298,0.0,181.69939,57.268852,0.3305715,0.0,0.9898931,0.03411977
143,424.03497,0.0,168.16963,57.268883,0.33867964,0.0,0.97357225,0.034119587
144,518.294,0.0,167.28055,57.268925,0.32893574,0.0,0.9718931,0.0341194
145,484.42734,0.0,169.82828,57.26892,0.3336098,0.0,0.9641505,0.03411922
146,470.52933,0.0,177.03142,57.2689,0.35262385,0.0,0.9548499,0.03411903
147,551.04236,0.0,172.17767,57.268925,0.3369127,0.0,0.94911844,0.034118846
148,500.8158,0.0,157.45929,57.268974,0.33130297,0.0,0.97675693,0.03411866
149,448.77747,0.0,195.10208,57.268993,0.32489517,0.0,0.96768725,0.034118474
150,478.84296,0.0,147.66946,57.26907,0.33332035,0.0,0.94669497,0.034118287
151,451.00525,0.0,162.30426,57.269115,0.34526202,0.0,0.96025896,0.0341181
152,457.02643,0.0,168.47874,57.269188,0.3317401,0.0,0.98888534,0.03411791
153,447.49933,0.0,162.84682,57.26924,0.34522247,0.0,0.95583993,0.034117725
154,493.995,0.0,186.14905,57.269314,0.34659672,0.0,0.960893,0.03411754
155,434.37186,0.0,165.29945,57.269363,0.33004403,0.0,0.9762201,0.034117352
156,535.9691,0.0,147.99977,57.26937,0.33917108,0.0,0.961805,0.034117162
157,521.46484,0.0,169.09084,57.26931,0.33193836,0.0,0.97635895,0.034116976
158,496.43057,0.0,170.18896,57.269253,0.33937562,0.0,1.0674406,0.034116793
159,487.83252,0.0,166.90895,57.26918,0.332803,0.0,0.9750201,0.034116603
160,462.2103,0.0,161.263,57.26913,0.33905792,0.0,0.95537376,0.034116417
161,494.95593,0.0,174.50362,57.26907,0.33668926,0.0,0.96194077,0.034116227
162,443.75772,0.0,175.8609,57.269024,0.34543356,0.0,1.0028877,0.034116037
163,505.3916,0.0,173.84212,57.269005,0.32923627,0.0,0.97079074,0.034115855
164,443.10233,0.0,156.69781,57.269016,0.33774382,0.0,1.0052879,0.03411567
165,583.5832,0.0,173.44974,57.26904,0.34335795,0.0,0.9955555,0.03411548
166,510.78574,0.0,177.6202,57.26907,0.33746037,0.0,0.95705146,0.034115292
167,510.0833,0.0,143.71225,57.26912,0.3379864,0.0,1.0279279,0.034115106
168,482.13287,0.0,186.33676,57.269157,0.34600094,0.0,0.96455246,0.03411492
169,514.0759,0.0,139.90112,57.269146,0.33491284,0.0,0.9590609,0.03411473
170,487.0554,0.0,163.8156,57.269127,0.33713567,0.0,0.9488557,0.034114547
171,471.55402,0.0,195.86845,57.269096,0.3307388,0.0,0.9721886,0.03411436
172,455.3123,0.0,157.2117,57.269077,0.331503,0.0,0.9592045,0.03411417
173,516.11096,0.0,145.81873,57.269047,0.34112597,0.0,0.9794316,0.03411398
174,488.189,0.0,154.27931,57.268997,0.32901075,0.0,0.952413,0.034113795
175,482.543,0.0,165.99841,57.268906,0.33958045,0.0,0.9668072,0.034113616
176,529.70605,0.0,171.5701,57.268845,0.33702224,0.0,0.97634697,0.034113426
177,525.84094,0.0,169.86371,57.26881,0.3357155,0.0,1.0086905,0.034113232
178,471.7207,0.0,150.24529,57.26876,0.34540105,0.0,0.9590679,0.03411305
179,454.90683,0.0,155.39236,57.26876,0.33276466,0.0,0.9782547,0.034112863
180,514.12915,0.0,174.19878,57.268772,0.3337607,0.0,0.98796463,0.034112677
181,443.03186,0.0,170.16826,57.26875,0.3269901,0.0,0.9861141,0.03411249
182,520.19714,0.0,162.52364,57.268738,0.34517854,0.0,0.96699435,0.034112304
183,505.28183,0.0,157.58444,57.26872,0.33965656,0.0,1.0161943,0.03411212
184,546.4108,0.0,161.31354,57.268677,0.34730282,0.0,0.98479426,0.03411193
185,467.49237,0.0,150.05771,57.268726,0.33279732,0.0,0.9797794,0.034111742
186,458.20117,0.0,154.85274,57.26879,0.3400024,0.0,0.97333753,0.03411156
187,472.69836,0.0,171.15797,57.26889,0.33940417,0.0,0.97628987,0.034111377
188,519.0499,0.0,166.71768,57.268974,0.34351927,0.0,0.97975403,0.03411119
189,537.7822,0.0,166.16795,57.269047,0.3370004,0.0,0.93800074,0.034111004
190,503.5737,0.0,172.51408,57.269115,0.33135602,0.0,0.96937877,0.034110814
191,496.08817,0.0,153.72389,57.26917,0.33152282,0.0,0.96604854,0.034110628
192,480.96066,0.0,155.41695,57.269234,0.33768702,0.0,0.9619216,0.03411045
193,500.8511,0.0,165.2163,57.26929,0.3478421,0.0,0.9815277,0.034110263
194,546.0927,0.0,168.4525,57.26934,0.32627636,0.0,0.9795081,0.034110077
195,446.7664,0.0,186.6815,57.269363,0.32861862,0.0,0.9511777,0.03410989
196,540.87274,0.0,187.57193,57.269363,0.34201458,0.0,0.9906981,0.034109704
197,444.10474,0.0,182.49254,57.269314,0.328412,0.0,0.9629925,0.034109518
198,421.8016,0.0,163.04681,57.26927,0.3388909,0.0,1.0038061,0.034109335
199,482.0368,0.0,182.75743,57.26921,0.3307259,0.0,0.9923255,0.03410915
200,473.20193,0.0,179.77867,57.269157,0.33731303,0.0,0.98875684,0.034108967
201,575.86804,0.0,159.674,57.269096,0.3301551,0.0,0.95253664,0.03410878
202,479.1879,0.0,164.37128,57.26906,0.3434894,0.0,0.9905843,0.03410859
203,515.9067,0.0,160.62329,57.269024,0.3386054,0.0,0.96924996,0.034108408
204,554.7865,0.0,171.90837,57.269016,0.34504738,0.0,0.97855914,0.034108225
205,511.77856,0.0,154.71573,57.269012,0.3366769,0.0,0.9727112,0.03410804
206,482.8559,0.0,148.85526,57.269024,0.32123312,0.0,1.0136688,0.03410785
207,518.44214,0.0,153.90279,57.269066,0.32654834,0.0,0.99493456,0.034107666
208,479.96133,0.0,172.65254,57.269077,0.3435107,0.0,0.9836002,0.034107484
209,474.16483,0.0,171.4521,57.26912,0.33955577,0.0,0.9737982,0.034107294
210,574.3555,0.0,170.70142,57.269146,0.33105546,0.0,0.9811352,0.034107115
211,484.91794,0.0,146.2518,57.26915,0.3390163,0.0,0.9694654,0.03410693
212,469.2997,0.0,170.85797,57.26913,0.350283,0.0,0.9630283,0.034106743
213,449.45944,0.0,157.25037,57.26914,0.33749357,0.0,0.98340565,0.03410656
214,476.35962,0.0,153.9095,57.26918,0.34590364,0.0,0.974897,0.034106374
215,488.62057,0.0,181.10687,57.269264,0.34556612,0.0,0.98387665,0.03410619
216,453.72098,0.0,161.5469,57.269325,0.34127453,0.0,0.9910765,0.034106005
217,487.83487,0.0,181.34279,57.269352,0.33385924,0.0,0.9525555,0.034105822
218,504.23657,0.0,158.2213,57.269356,0.33506545,0.0,0.961898,0.034105636
219,490.34482,0.0,178.60234,57.269344,0.33918482,0.0,0.9933758,0.034105454
220,493.3237,0.0,171.98283,57.269363,0.33563766,0.0,0.95000803,0.034105267
221,484.0141,0.0,151.3062,57.269375,0.33164585,0.0,0.97230464,0.034105085
222,479.85675,0.0,158.08446,57.269382,0.34298,0.0,0.98478544,0.034104902
223,465.39526,0.0,152.34196,57.269314,0.3291538,0.0,0.97793984,0.03410472
224,486.67004,0.0,175.50839,57.269203,0.3330628,0.0,0.952597,0.034104533
225,429.48428,0.0,173.2402,57.269096,0.3382316,0.0,0.98117536,0.034104347
226,486.2923,0.0,148.71149,57.268974,0.32897377,0.0,0.976407,0.034104165
227,484.38403,0.0,153.22656,57.268906,0.33081624,0.0,0.9894077,0.03410398
228,473.71982,0.0,190.7805,57.268894,0.34740603,0.0,1.0322526,0.034103796
229,469.79602,0.0,148.4,57.268955,0.32923776,0.0,0.97710735,0.03410361
230,449.5489,0.0,172.1796,57.269016,0.33167756,0.0,0.9878419,0.034103423
231,484.04187,0.0,154.8717,57.269035,0.33787078,0.0,0.9824988,0.03410324
232,546.2888,0.0,179.73972,57.26907,0.35184917,0.0,0.94915605,0.03410306
233,469.88306,0.0,158.64883,57.269108,0.33658546,0.0,0.9814995,0.034102872
234,464.01385,0.0,177.70474,57.26916,0.33874786,0.0,1.010648,0.03410269
235,516.57275,0.0,178.46854,57.269222,0.33849207,0.0,1.0051054,0.034102507
236,465.8498,0.0,174.65924,57.26927,0.33307093,0.0,0.9484041,0.034102324
237,447.05774,0.0,161.02599,57.269325,0.32836375,0.0,0.9868402,0.03410179
238,468.59702,0.0,168.71016,57.269382,0.3412911,0.0,0.9778253,0.03410179
239,468.46732,0.0,166.12402,57.269424,0.3343154,0.0,1.0084801,0.03410217
240,446.89902,0.0,183.3339,57.26949,0.33912772,0.0,0.9903319,0.03410288
241,495.34332,0.0,168.76614,57.269558,0.3408919,0.0,0.9628732,0.03410376
242,526.10297,0.0,166.80489,57.26961,0.340007,0.0,0.97679746,0.034104757
243,444.9665,0.0,150.24185,57.26968,0.33887914,0.0,0.96842283,0.034105793
244,511.42743,0.0,162.85179,57.269733,0.34175605,0.0,1.0122652,0.034106854
245,543.5805,0.0,181.12393,57.269787,0.33961245,0.0,0.98120093,0.0341079
246,482.837,0.0,164.90947,57.269848,0.3388289,0.0,1.0119008,0.03410892
247,470.40363,0.0,155.61992,57.269894,0.33250332,0.0,0.9940731,0.034109883
248,499.0099,0.0,165.8556,57.269905,0.34420598,0.0,0.98922414,0.034110796
249,499.06726,0.0,175.27226,57.269897,0.34030786,0.0,0.9385168,0.034111638
250,535.1281,0.0,169.80302,57.269875,0.33153954,0.0,0.9793589,0.03411242
251,483.5522,0.0,152.43158,57.269836,0.33671877,0.0,0.9774778,0.03411313
252,447.05322,0.0,169.31602,57.269825,0.32857224,0.0,0.96040523,0.034113772
253,463.3946,0.0,167.23137,57.269817,0.34605852,0.0,0.96379125,0.034114346
254,467.12354,0.0,186.73923,57.269814,0.32979628,0.0,0.99568063,0.03411486
255,495.1989,0.0,155.97777,57.269814,0.334455,0.0,0.9749178,0.03411531
256,493.95883,0.0,180.7224,57.269794,0.3285941,0.0,0.98390377,0.034115706
257,510.83,0.0,160.90746,57.269764,0.32067877,0.0,0.9872405,0.03411605
258,527.275,0.0,156.41673,57.269745,0.32851124,0.0,0.9751971,0.03411634
259,486.20343,0.0,158.7741,57.269703,0.340423,0.0,0.98414063,0.03411659
260,488.96774,0.0,154.17989,57.269672,0.32827613,0.0,0.98582715,0.03411679
261,497.21408,0.0,161.4459,57.269672,0.345062,0.0,0.97802085,0.034116954
262,466.4704,0.0,140.40038,57.26967,0.33223495,0.0,0.9764474,0.034117077
263,501.48532,0.0,144.89629,57.269653,0.3236007,0.0,0.982452,0.034117173
264,482.44733,0.0,173.2774,57.269577,0.33110204,0.0,0.97614175,0.034117237
265,518.1767,0.0,150.8786,57.269516,0.3340107,0.0,0.9740999,0.034117274
266,467.28348,0.0,196.87584,57.26949,0.3357329,0.0,0.95745915,0.03411728
267,492.52856,0.0,154.54138,57.26949,0.3450192,0.0,0.9826791,0.03411727
268,535.3981,0.0,162.54303,57.269474,0.33285394,0.0,0.98214227,0.034117237
269,499.43408,0.0,153.70837,57.269478,0.33365935,0.0,0.98315084,0.03411719
270,469.7201,0.0,168.9982,57.26949,0.34264162,0.0,0.9930037,0.03411712
271,473.8857,0.0,174.20488,57.26952,0.34443486,0.0,0.9870576,0.034117036
272,449.6953,0.0,156.40744,57.26954,0.3371502,0.0,0.9788724,0.03411694
273,513.8161,0.0,154.98622,57.26959,0.32247734,0.0,0.97286224,0.03411683
274,503.39572,0.0,153.02864,57.269638,0.3405691,0.0,0.98382545,0.03411671
275,532.16595,0.0,144.70906,57.26973,0.33654347,0.0,0.96732086,0.03411658
276,473.5078,0.0,149.26602,57.269787,0.33705845,0.0,1.0605327,0.034116447
277,450.19876,0.0,168.87083,57.269833,0.34458202,0.0,0.9755493,0.034116298
278,555.3263,0.0,159.85934,57.269848,0.34060043,0.0,0.9775091,0.034116145
279,541.83685,0.0,164.39014,57.269863,0.3402955,0.0,0.98330647,0.034115985
280,529.1029,0.0,155.3661,57.269867,0.33896694,0.0,0.97107655,0.034115817
281,548.49725,0.0,160.60985,57.269855,0.33531266,0.0,0.9649139,0.03411565
282,532.8583,0.0,172.41283,57.269794,0.33896974,0.0,0.9807463,0.03411547
283,525.9106,0.0,180.76474,57.269714,0.33218217,0.0,0.9669295,0.03411529
284,463.88437,0.0,168.73955,57.26967,0.33766392,0.0,0.9747425,0.03411511
285,495.07843,0.0,156.80695,57.269623,0.33643416,0.0,1.0209187,0.03411492
286,494.2141,0.0,155.06523,57.269608,0.33882254,0.0,0.95984423,0.03411473
287,496.5567,0.0,180.17831,57.269608,0.33310357,0.0,0.9380695,0.03411454
288,481.63547,0.0,176.0043,57.269592,0.332054,0.0,0.9795897,0.03411435
289,459.73288,0.0,191.1957,57.2696,0.33538035,0.0,0.98453295,0.034114156
290,505.35135,0.0,146.27444,57.269684,0.34179705,0.0,0.97786725,0.034113955
291,443.18286,0.0,170.50325,57.269764,0.3249774,0.0,0.98650014,0.034113757
292,484.809,0.0,150.85059,57.269836,0.34417984,0.0,0.9805363,0.034113556
293,511.03015,0.0,157.2176,57.269836,0.33170152,0.0,0.9713018,0.034113362
294,424.5393,0.0,182.69104,57.269825,0.32952943,0.0,0.95408297,0.034113158
295,469.15872,0.0,153.25064,57.269806,0.331313,0.0,0.98698765,0.034112953
296,443.02393,0.0,169.98079,57.269806,0.33731344,0.0,1.0146008,0.034112748
297,490.56448,0.0,165.3721,57.269825,0.34060174,0.0,0.97477543,0.034112547
298,511.75995,0.0,171.61647,57.269836,0.32968578,0.0,0.9822801,0.03411234
299,514.3375,0.0,172.58499,57.269825,0.32882792,0.0,1.0091767,0.034112133
300,541.05975,0.0,157.01888,57.269806,0.34786344,0.0,0.9751643,0.03411193
301,438.28717,0.0,155.76427,57.26977,0.3269652,0.0,1.008958,0.034111723
302,485.3215,0.0,151.15521,57.269787,0.34706637,0.0,0.98855567,0.03411152
303,531.4815,0.0,168.65924,57.269833,0.33457184,0.0,0.9559811,0.034111314
304,433.246,0.0,154.24052,57.269886,0.32587,0.0,0.9955184,0.03411111
305,517.13336,0.0,155.94424,57.26991,0.349171,0.0,0.95701724,0.0341109
306,522.1863,0.0,176.21216,57.26992,0.3315372,0.0,1.0251132,0.034110695
307,521.5066,0.0,159.72585,57.269928,0.33984363,0.0,0.96430117,0.03411049
308,566.00024,0.0,170.77246,57.26991,0.33280277,0.0,0.9721619,0.034110285
309,509.1136,0.0,170.91797,57.269897,0.3328927,0.0,0.99291074,0.034110077
310,457.61243,0.0,171.20338,57.26991,0.3359256,0.0,0.9559657,0.034109876
311,443.57748,0.0,167.92131,57.269966,0.3489065,0.0,0.9845498,0.03410967
312,471.4483,0.0,169.69608,57.27003,0.34478688,0.0,0.9776634,0.034109462
313,467.86145,0.0,193.44757,57.27003,0.34278244,0.0,1.0384845,0.034109257
314,542.04926,0.0,161.89375,57.269978,0.3456978,0.0,0.95055264,0.034109052
315,486.886,0.0,151.21434,57.269936,0.33215046,0.0,0.9755063,0.034108844
316,495.21533,0.0,160.57774,57.269867,0.33443165,0.0,0.94958735,0.034108642
317,436.28705,0.0,160.83376,57.269875,0.3234696,0.0,0.9841129,0.034108438
318,482.309,0.0,158.17569,57.26988,0.3390185,0.0,0.99534,0.034108233
319,528.57733,0.0,152.97998,57.269917,0.3301897,0.0,0.985261,0.034108028
320,480.59973,0.0,155.18073,57.269978,0.32699817,0.0,0.9514032,0.03410782
321,479.99518,0.0,176.44894,57.269978,0.34311968,0.0,0.99709487,0.034107618
322,475.04785,0.0,175.72801,57.26994,0.33709505,0.0,0.97384036,0.034107417
323,498.53122,0.0,145.00404,57.26997,0.33014405,0.0,0.9621138,0.034107212
324,463.91595,0.0,151.484,57.269997,0.33954936,0.0,0.98115855,0.03410701
325,527.8721,0.0,178.87782,57.27,0.3346317,0.0,0.98854405,0.03410681
326,548.8249,0.0,175.65001,57.26995,0.34226328,0.0,0.9275481,0.034106605
327,472.7947,0.0,165.5597,57.26994,0.3360214,0.0,0.95974135,0.0341064
328,498.6947,0.0,165.12578,57.269936,0.32887515,0.0,0.96881664,0.0341062
329,444.40695,0.0,156.22682,57.269936,0.33479297,0.0,1.0020777,0.034105998
330,501.16626,0.0,172.0621,57.269917,0.331507,0.0,0.9808599,0.034105793
331,472.96902,0.0,198.81694,57.26995,0.33007705,0.0,0.95642596,0.034105595
332,491.74417,0.0,152.0026,57.27001,0.33836675,0.0,1.0115392,0.034105394
333,499.62482,0.0,159.61768,57.270042,0.32978052,0.0,0.9998472,0.03410519
334,537.26495,0.0,147.8852,57.27011,0.34195945,0.0,1.0086623,0.03410499
335,491.75156,0.0,169.33601,57.270176,0.33449268,0.0,0.99245185,0.034104783
336,518.2715,0.0,161.05882,57.27022,0.32013455,0.0,0.9877151,0.034104586
337,515.69904,0.0,159.66061,57.27028,0.33864817,0.0,0.99281985,0.03410439
338,468.2007,0.0,189.7036,57.270287,0.32968754,0.0,0.94195974,0.034104187
339,482.46814,0.0,163.10577,57.27028,0.3346308,0.0,1.0169208,0.034103993
340,466.69055,0.0,147.12357,57.270252,0.3304228,0.0,0.95446485,0.03410379
341,532.0555,0.0,156.50983,57.27019,0.32739276,0.0,0.98003995,0.034103587
342,440.81784,0.0,168.93036,57.270123,0.33098596,0.0,0.97445244,0.03410339
343,478.8213,0.0,147.36278,57.270073,0.33704832,0.0,1.0395682,0.03410319
344,502.82217,0.0,165.19186,57.270042,0.32978657,0.0,0.969256,0.03410299
345,476.42252,0.0,150.21364,57.27001,0.33599237,0.0,0.99628663,0.03410279
346,530.24304,0.0,173.93271,57.269997,0.33849877,0.0,0.9949318,0.034102593
347,498.20026,0.0,176.69655,57.27003,0.3405641,0.0,0.9669314,0.034102395
348,464.57095,0.0,174.4887,57.270042,0.33487275,0.0,0.9625704,0.034102198
349,469.17603,0.0,163.43073,57.2701,0.33751926,0.0,1.0180657,0.034101997
350,438.38953,0.0,177.77533,57.27014,0.33859447,0.0,0.9490776,0.034101795
351,510.72372,0.0,160.07153,57.270184,0.33918694,0.0,1.0008408,0.034101598
352,552.5834,0.0,185.73454,57.270176,0.327642,0.0,0.9825455,0.034101397
353,494.20248,0.0,165.3543,57.270134,0.34722394,0.0,1.0147642,0.034101207
354,486.96466,0.0,152.32663,57.27009,0.34341553,0.0,0.9456445,0.034101006
355,468.10355,0.0,156.33165,57.27005,0.34422618,0.0,0.9625942,0.03410081
356,462.93268,0.0,167.4894,57.27004,0.32603735,0.0,0.9696533,0.03410061
357,456.24185,0.0,170.87553,57.270042,0.32910103,0.0,0.9625684,0.034100417
358,435.91315,0.0,166.42946,57.269997,0.34021136,0.0,0.99143344,0.034100216
359,542.60645,0.0,161.65103,57.269928,0.32990876,0.0,0.9477512,0.03410002
360,514.8478,0.0,172.48909,57.269833,0.3284877,0.0,0.97391397,0.034099825
361,493.57056,0.0,187.01886,57.269764,0.33675262,0.0,1.0258117,0.034099627
362,427.56747,0.0,178.92424,57.269703,0.34371918,0.0,0.97172827,0.03409943
363,490.00974,0.0,165.09738,57.26967,0.33914673,0.0,0.95888454,0.03409924
364,446.03683,0.0,190.87306,57.269672,0.33426675,0.0,0.94695437,0.03409904
365,438.9448,0.0,139.25044,57.269672,0.34030357,0.0,0.9852728,0.034098845
366,449.25763,0.0,155.97934,57.26966,0.33207864,0.0,0.9931174,0.034098648
367,517.355,0.0,180.07562,57.26966,0.32908687,0.0,0.9627767,0.034098446
368,449.40024,0.0,177.24704,57.26961,0.32166088,0.0,0.9834127,0.034098253
369,502.15747,0.0,154.43024,57.269592,0.34471112,0.0,0.9871873,0.034098055
370,489.26587,0.0,199.17615,57.26963,0.3302337,0.0,1.0200074,0.034097865
371,483.16537,0.0,154.4422,57.2697,0.3398093,0.0,0.97347194,0.034097675
372,475.015,0.0,179.29688,57.269787,0.33922246,0.0,0.9884334,0.03409748
373,431.40024,0.0,176.21709,57.26988,0.3347018,0.0,0.97954136,0.034097288
374,471.08966,0.0,153.7678,57.26997,0.33716965,0.0,0.95195603,0.034097098
375,491.31116,0.0,191.18573,57.270042,0.3371305,0.0,0.98885614,0.034096904
376,480.1672,0.0,189.85094,57.270153,0.35035077,0.0,0.954959,0.03409671
377,503.33493,0.0,160.75432,57.270267,0.33185488,0.0,0.98016316,0.03409652
378,459.62183,0.0,166.86203,57.27038,0.34445402,0.0,0.9501298,0.034096327
379,464.27542,0.0,201.33977,57.2705,0.33329976,0.0,0.9769121,0.034096133
380,492.26886,0.0,150.76657,57.27059,0.33235633,0.0,0.9774751,0.03409594
381,602.22064,0.0,157.06027,57.270645,0.3377732,0.0,0.9619737,0.03409575
382,465.6663,0.0,167.87027,57.270664,0.33362007,0.0,0.9898641,0.034095556
383,464.96158,0.0,151.49434,57.270653,0.33187667,0.0,0.97480637,0.034095366
384,486.0358,0.0,169.3137,57.270664,0.3299184,0.0,0.9977333,0.03409517
385,519.07135,0.0,151.82385,57.270657,0.33831978,0.0,0.966584,0.034094974
386,421.47934,0.0,177.96198,57.270638,0.3355692,0.0,0.97478676,0.03409478
387,519.2038,0.0,169.27873,57.27061,0.34441793,0.0,0.95415837,0.03409459
388,536.9261,0.0,147.0177,57.27061,0.34172294,0.0,1.0121592,0.03409439
389,433.41953,0.0,175.19482,57.270626,0.3399671,0.0,0.9441966,0.034094196
390,443.34586,0.0,147.05618,57.270638,0.33392918,0.0,0.9469336,0.034094002
391,450.12033,0.0,183.14873,57.270653,0.3334727,0.0,0.98406917,0.034093812
392,472.55994,0.0,157.50194,57.270687,0.34024772,0.0,0.9722557,0.034093622
393,468.82907,0.0,186.24771,57.270714,0.34086412,0.0,0.958706,0.03409343
394,486.82196,0.0,177.02112,57.27075,0.3465142,0.0,0.9604748,0.034093227
395,467.3246,0.0,164.87865,57.27083,0.3392512,0.0,0.9443097,0.034093034
396,483.78815,0.0,157.93858,57.27087,0.3372118,0.0,0.94229174,0.034092844
397,453.42935,0.0,152.53984,57.2709,0.33557096,0.0,1.0025451,0.03409265
398,474.57303,0.0,149.59892,57.270924,0.33658677,0.0,0.96540475,0.034092456
399,452.76703,0.0,143.36023,57.270912,0.33919957,0.0,0.9897535,0.034092262
400,510.87708,0.0,171.82744,57.270924,0.33667687,0.0,0.9874003,0.03409207
401,483.51337,0.0,184.24974,57.27096,0.3237408,0.0,0.9598289,0.03409188
402,431.5544,0.0,153.706,57.27096,0.33846197,0.0,0.94932073,0.034091685
403,487.7411,0.0,165.95999,57.27095,0.34840506,0.0,0.957844,0.034091495
404,498.05646,0.0,196.14035,57.27088,0.33245552,0.0,0.9692854,0.0340913
405,457.6253,0.0,196.90134,57.27082,0.3420012,0.0,0.97035205,0.03409111
406,437.3425,0.0,172.07674,57.27078,0.3325981,0.0,0.9989629,0.03409091
407,476.81244,0.0,181.61171,57.27076,0.34467882,0.0,0.9766515,0.034090716
408,476.40988,0.0,179.31482,57.270714,0.33062622,0.0,0.9558006,0.03409053
409,439.44937,0.0,165.96214,57.270695,0.34896114,0.0,0.96448094,0.034090336
410,550.67865,0.0,168.93738,57.270664,0.34026456,0.0,0.98870707,0.034090146
411,466.47913,0.0,158.3331,57.270657,0.33455518,0.0,0.9645836,0.034089956
412,537.4162,0.0,159.12276,57.270622,0.33746573,0.0,0.9915648,0.034089763
413,486.2792,0.0,159.33084,57.270657,0.33068195,0.0,0.97862077,0.03408957
414,476.54346,0.0,153.82532,57.270664,0.3288882,0.0,0.9849997,0.034089375
415,491.16705,0.0,160.48653,57.270687,0.33424225,0.0,0.95307136,0.03408918
416,498.42584,0.0,184.83157,57.270657,0.32755822,0.0,0.95638007,0.03408899
417,517.84143,0.0,176.08595,57.270622,0.32525483,0.0,0.9937559,0.0340888
418,491.36353,0.0,162.33206,57.27058,0.34985295,0.0,1.0040822,0.034088608
419,457.1496,0.0,161.54274,57.270603,0.342669,0.0,0.946469,0.034088414
420,504.7188,0.0,177.39403,57.270634,0.34359086,0.0,0.96051115,0.034088224
421,449.20767,0.0,162.43437,57.270683,0.33864942,0.0,0.9848347,0.034088034
422,487.85596,0.0,145.37035,57.270718,0.33742335,0.0,0.9617287,0.034087844
423,491.1855,0.0,139.70459,57.270775,0.32659155,0.0,0.99259365,0.03408765
424,506.93994,0.0,169.48882,57.270786,0.3384436,0.0,0.96841186,0.03408746
425,475.99307,0.0,159.51202,57.27084,0.33297434,0.0,0.9661799,0.034087267
426,548.845,0.0,165.1048,57.27087,0.33707264,0.0,0.98690057,0.034087077
427,463.19165,0.0,143.96301,57.27094,0.32566357,0.0,0.9739423,0.034086887
428,550.46857,0.0,173.89026,57.271004,0.33452153,0.0,1.0025581,0.03408669
429,497.53156,0.0,171.49739,57.271072,0.34112728,0.0,1.0186666,0.034086503
430,477.46875,0.0,165.0069,57.271137,0.3393488,0.0,0.97089916,0.034086313
431,457.96188,0.0,155.21172,57.271187,0.33009675,0.0,0.9712999,0.03408612
432,504.3102,0.0,154.04115,57.271267,0.33109072,0.0,0.9519651,0.03408593
433,494.4908,0.0,173.33665,57.27129,0.33489498,0.0,0.99466753,0.034085736
434,494.7546,0.0,147.03246,57.27133,0.3273837,0.0,0.99614984,0.03408554
435,513.5547,0.0,163.74701,57.27138,0.33193186,0.0,0.978554,0.034085352
436,451.02658,0.0,162.69446,57.271374,0.33279443,0.0,0.97185516,0.034085162
437,466.76886,0.0,185.41418,57.27133,0.33350587,0.0,0.9555054,0.034084972
438,499.01678,0.0,165.59506,57.2713,0.3348856,0.0,0.9683014,0.03408478
439,497.78073,0.0,173.4404,57.2713,0.32964876,0.0,0.9648258,0.03408459
440,498.08,0.0,182.23984,57.27131,0.33740073,0.0,0.99132997,0.0340844
441,524.3151,0.0,168.38408,57.271313,0.33628497,0.0,0.9802107,0.03408421
442,520.1839,0.0,166.98932,57.27132,0.33679554,0.0,0.9745041,0.03408402
443,487.67648,0.0,163.80235,57.271343,0.33851293,0.0,0.9787187,0.03408383
444,503.09,0.0,162.10324,57.271362,0.33533898,0.0,1.0084816,0.034083635
445,513.51935,0.0,167.46552,57.27143,0.34574872,0.0,0.9913639,0.03408344
446,481.24945,0.0,170.25323,57.271484,0.32774952,0.0,1.0051023,0.034083255
447,472.77142,0.0,143.52869,57.271484,0.33119634,0.0,0.9676137,0.03408306
448,481.32388,0.0,152.3762,57.271454,0.33833656,0.0,0.99449223,0.03408287
449,464.7258,0.0,156.62221,57.271454,0.33584473,0.0,0.964718,0.03408268
450,494.28247,0.0,152.21829,57.271446,0.32861373,0.0,0.97168976,0.034082495
451,487.51666,0.0,173.24654,57.271446,0.3270079,0.0,0.96630055,0.034082297
452,457.14386,0.0,169.12079,57.27143,0.33489612,0.0,1.0068691,0.034082107
453,491.1549,0.0,158.21732,57.271393,0.3373236,0.0,0.97236186,0.034081917
454,491.60873,0.0,187.48233,57.271374,0.34067598,0.0,0.9881555,0.034081727
455,501.81458,0.0,161.18896,57.271404,0.32932597,0.0,0.947348,0.034081537
456,474.5482,0.0,184.65533,57.27141,0.32789004,0.0,0.94594294,0.034081344
457,469.77887,0.0,153.5496,57.271442,0.3451584,0.0,0.9752186,0.034081154
458,474.5107,0.0,141.68126,57.271465,0.34146258,0.0,0.9586417,0.034080964
459,443.27982,0.0,184.81422,57.271496,0.33660287,0.0,0.9772285,0.034080774
460,492.67743,0.0,167.41014,57.27157,0.33117232,0.0,0.97522837,0.034080584
461,507.96274,0.0,170.959,57.27165,0.33679917,0.0,0.9552354,0.034080397
462,464.94388,0.0,153.67276,57.271732,0.34091046,0.0,0.9469349,0.034080204
463,436.18378,0.0,144.1851,57.2718,0.33184248,0.0,0.98749566,0.034080017
464,447.24902,0.0,159.61728,57.271854,0.33530647,0.0,0.9589561,0.034079824
465,478.06335,0.0,190.38695,57.271904,0.33391488,0.0,0.94235545,0.034079634
466,462.02542,0.0,169.1307,57.271976,0.33575752,0.0,0.9708178,0.034079444
467,524.3412,0.0,175.78532,57.272068,0.3300717,0.0,0.9927865,0.03407925
468,462.4934,0.0,161.66061,57.27215,0.34018153,0.0,0.97976863,0.03407906
469,461.06348,0.0,161.72275,57.272232,0.33104616,0.0,0.9651588,0.034078874
470,470.09723,0.0,177.4232,57.272263,0.33639368,0.0,0.96235704,0.03407868
471,462.39938,0.0,229.82181,57.272266,0.33910426,0.0,1.0242716,0.034078494
472,494.468,0.0,161.23418,57.272354,0.33995926,0.0,0.99651563,0.034078307
473,520.52216,0.0,181.61931,57.272404,0.33024052,0.0,0.99883133,0.034078114
474,488.35123,0.0,184.1667,57.272408,0.329696,0.0,1.0198847,0.034077927
475,470.09216,0.0,163.96272,57.272373,0.33251712,0.0,0.98383206,0.034077737
476,418.44214,0.0,178.39876,57.272324,0.33257774,0.0,0.9650724,0.034077536
477,447.66458,0.0,169.99614,57.27225,0.33841348,0.0,1.0791982,0.034077354
478,515.6526,0.0,163.46666,57.2722,0.33197248,0.0,0.9717187,0.034077156
479,486.7267,0.0,175.60533,57.27216,0.33407772,0.0,0.9882061,0.03407697
480,466.533,0.0,155.78654,57.27212,0.34173417,0.0,0.99144006,0.03407678
481,504.4968,0.0,185.33261,57.27213,0.32500282,0.0,0.9670091,0.03407659
482,469.61148,0.0,180.22913,57.272118,0.32688448,0.0,0.9850202,0.034076396
483,452.59344,0.0,185.75485,57.27211,0.3298682,0.0,1.0362885,0.03407621
484,549.4839,0.0,166.91742,57.272045,0.32121927,0.0,0.9879284,0.03407602
485,489.6254,0.0,167.47777,57.271957,0.33696556,0.0,1.023682,0.03407583
486,491.86966,0.0,161.48793,57.271835,0.33743846,0.0,0.9865148,0.034075618
487,445.37897,0.0,179.08955,57.27174,0.33865634,0.0,0.9823678,0.034075413
488,494.04105,0.0,175.83281,57.27171,0.31919786,0.0,0.967602,0.034075208
489,508.4104,0.0,145.97273,57.271667,0.33978227,0.0,0.9797956,0.034075003
490,429.948,0.0,174.87389,57.271587,0.32691193,0.0,0.99249494,0.034074802
491,486.1871,0.0,169.50713,57.271503,0.33276772,0.0,0.9867101,0.034074597
492,466.0916,0.0,176.17455,57.27141,0.33252072,0.0,0.9603692,0.0340744
493,566.5254,0.0,147.56244,57.27133,0.3324084,0.0,0.945399,0.034074202
494,435.85046,0.0,162.0322,57.27128,0.34587473,0.0,0.9618632,0.034074005
495,554.8268,0.0,188.68228,57.271217,0.33741534,0.0,0.99073255,0.03407381
496,506.45706,0.0,160.31412,57.27121,0.33306038,0.0,0.95202994,0.034073614
497,540.12866,0.0,146.63655,57.271187,0.33952746,0.0,0.9777438,0.034073792
498,456.3155,0.0,188.27086,57.27116,0.34117278,0.0,0.97752357,0.034074385
499,473.5925,0.0,149.59349,57.271156,0.33675548,0.0,0.96440417,0.034075264
500,467.15732,0.0,193.68788,57.271133,0.33649,0.0,0.9712706,0.034076333
501,503.0637,0.0,144.67058,57.271145,0.3385595,0.0,0.9614103,0.03407751
502,502.60437,0.0,165.94568,57.271156,0.32643154,0.0,0.9265485,0.034078747
503,506.49783,0.0,178.82097,57.271168,0.33122462,0.0,0.96319264,0.034079995
504,518.88245,0.0,207.73892,57.271137,0.3373764,0.0,0.9772855,0.034081217
505,439.09564,0.0,171.31505,57.271088,0.33894435,0.0,0.98319894,0.0340824
506,484.06598,0.0,170.78203,57.271057,0.3306916,0.0,0.95314574,0.03408353
507,429.84256,0.0,190.30884,57.271053,0.34486523,0.0,0.98281455,0.034084596
508,574.528,0.0,166.23102,57.271034,0.32687148,0.0,0.96637255,0.034085575
509,540.28534,0.0,171.71852,57.271023,0.33370352,0.0,0.96671253,0.03408648
510,520.8029,0.0,162.77763,57.270973,0.33979535,0.0,0.9835894,0.034087308
511,461.3726,0.0,162.68463,57.27091,0.33918512,0.0,0.98447376,0.034088057
512,475.1486,0.0,151.94656,57.27083,0.33480594,0.0,0.97486216,0.034088727
513,453.08234,0.0,144.15088,57.270798,0.32866263,0.0,0.98243296,0.034089323
514,440.53232,0.0,152.46088,57.270786,0.33857936,0.0,0.9764786,0.034089852
515,480.96732,0.0,194.29056,57.270798,0.329457,0.0,0.9507974,0.034090318
516,465.78455,0.0,190.59625,57.27082,0.34191325,0.0,0.98816234,0.034090716
517,612.62396,0.0,182.92204,57.27084,0.33446705,0.0,0.9950119,0.034091063
518,478.17188,0.0,147.15076,57.27089,0.3366628,0.0,0.97118986,0.03409135
519,461.80542,0.0,163.57468,57.27097,0.3325073,0.0,0.9689717,0.034091588
520,483.47974,0.0,147.11224,57.271034,0.33153957,0.0,0.93470645,0.03409179
521,473.94846,0.0,173.04877,57.271088,0.34083956,0.0,0.97646344,0.03409194
522,546.28296,0.0,183.94601,57.271133,0.33249688,0.0,0.9690516,0.034092054
523,539.122,0.0,158.17409,57.27118,0.33448565,0.0,0.94433707,0.034092184
524,488.92792,0.0,171.12854,57.271236,0.33552715,0.0,0.97964436,0.034092274
525,488.72406,0.0,150.1489,57.27127,0.33517924,0.0,1.0191487,0.034092333
526,458.76486,0.0,183.83112,57.27131,0.32006517,0.0,0.9300265,0.034092363
527,518.23627,0.0,157.60751,57.271362,0.33851075,0.0,0.9897044,0.03409237
528,434.07816,0.0,152.20442,57.271404,0.33680025,0.0,0.9583276,0.034092348
529,553.10913,0.0,164.5624,57.271446,0.33907914,0.0,0.97195435,0.034092307
530,472.7179,0.0,219.26921,57.271477,0.34442717,0.0,0.9627477,0.034092244
531,537.74634,0.0,182.65495,57.271446,0.3371153,0.0,1.0138726,0.034092166
532,465.66132,0.0,144.3735,57.271416,0.3392136,0.0,0.97588015,0.03409207
533,469.90173,0.0,161.07028,57.271355,0.3319663,0.0,0.98202187,0.03409196
534,451.98376,0.0,186.40529,57.27131,0.3225855,0.0,0.9490659,0.034091834
535,437.5462,0.0,176.60355,57.27129,0.3288904,0.0,0.9589893,0.0340917
536,444.23727,0.0,169.18034,57.27128,0.3411381,0.0,0.98406386,0.034091555
537,475.76443,0.0,161.88164,57.271282,0.33751833,0.0,0.972105,0.0340914
538,444.0793,0.0,156.9984,57.27127,0.3395198,0.0,0.9489249,0.034091245
539,471.513,0.0,185.09944,57.27128,0.33485773,0.0,0.9936658,0.03409107
540,446.24167,0.0,139.25893,57.271362,0.3308686,0.0,0.9592691,0.034090895
541,466.6111,0.0,158.22823,57.27138,0.33522606,0.0,0.94588447,0.034090716
542,496.0537,0.0,155.75467,57.271477,0.33886945,0.0,0.9495244,0.034090526
543,427.91513,0.0,171.02312,57.271564,0.33600166,0.0,0.9677778,0.034090333
544,493.43027,0.0,171.81071,57.271618,0.34454593,0.0,0.9799293,0.034090135
545,443.34647,0.0,168.73473,57.27169,0.3379621,0.0,0.9749195,0.034089938
546,442.8563,0.0,151.7361,57.2717,0.34909767,0.0,0.9678562,0.034089737
547,557.4802,0.0,140.85223,57.2717,0.3259473,0.0,0.97364885,0.034089528
548,507.34912,0.0,170.21106,57.27172,0.33548835,0.0,0.99337745,0.03408932
549,482.79327,0.0,157.38329,57.271732,0.32153043,0.0,0.9666719,0.03408911
550,477.89322,0.0,157.14056,57.271812,0.3455522,0.0,0.98061436,0.034088895
551,575.6722,0.0,206.32924,57.271866,0.33745894,0.0,0.975959,0.03408868
552,480.10187,0.0,150.00212,57.27194,0.34216297,0.0,0.97946435,0.034088466
553,463.07056,0.0,168.14005,57.272007,0.33088282,0.0,0.98303896,0.03408825
554,490.85596,0.0,167.60684,57.27209,0.33617407,0.0,1.0043384,0.034088034
555,534.6423,0.0,180.90742,57.272152,0.34384993,0.0,0.977876,0.034087814
556,570.6094,0.0,157.42763,57.272133,0.3392896,0.0,0.92956734,0.034087595
557,465.49634,0.0,181.73788,57.27209,0.34072813,0.0,0.959568,0.034087375
558,505.32922,0.0,183.31532,57.27206,0.3346713,0.0,0.97670835,0.034087155
559,480.5956,0.0,143.0759,57.272068,0.3187638,0.0,1.0046705,0.034086935
560,507.35208,0.0,159.85677,57.27211,0.3265469,0.0,0.9884794,0.03408671
561,489.95453,0.0,178.4101,57.27214,0.3417585,0.0,0.98587215,0.034086492
562,480.59668,0.0,142.80618,57.272163,0.34015062,0.0,1.0403981,0.034086272
563,532.66766,0.0,169.38507,57.272194,0.33045194,0.0,0.96330017,0.034086052
564,485.09158,0.0,168.4844,57.272236,0.33270845,0.0,1.0260218,0.03408583
565,499.4527,0.0,186.39058,57.272243,0.32088268,0.0,0.99297726,0.034085613
566,476.00247,0.0,161.42351,57.27225,0.32459232,0.0,0.96848834,0.03408539
567,461.7568,0.0,186.92986,57.2722,0.33284345,0.0,0.95994174,0.034085166
568,525.528,0.0,175.76402,57.27218,0.33164075,0.0,0.96186143,0.034084942
569,532.7957,0.0,173.54587,57.27216,0.34117687,0.0,0.9766497,0.034084722
570,541.21356,0.0,161.678,57.272133,0.35030556,0.0,0.95664865,0.034084503
571,492.88574,0.0,190.29292,57.272118,0.33299053,0.0,0.97443163,0.034084283
572,474.3376,0.0,159.39479,57.27208,0.33438897,0.0,0.9610596,0.03408406
573,488.31503,0.0,175.04857,57.27207,0.3390429,0.0,0.94127834,0.03408384
574,484.81854,0.0,169.02364,57.272068,0.33005884,0.0,0.979119,0.03408362
575,506.5639,0.0,198.81686,57.27203,0.3328364,0.0,0.97919744,0.0340834
576,515.1513,0.0,167.78104,57.272007,0.3390656,0.0,0.9856911,0.03408318
577,557.95734,0.0,163.06693,57.272007,0.3298796,0.0,0.9906957,0.034082957
578,470.92044,0.0,181.96123,57.271996,0.32655066,0.0,0.9664816,0.034082744
579,514.49036,0.0,189.30269,57.271935,0.32143134,0.0,0.9721353,0.034082524
580,521.36786,0.0,167.6262,57.27185,0.34067115,0.0,0.96803284,0.034082305
581,457.8134,0.0,164.41473,57.27183,0.33353284,0.0,0.97113776,0.034082085
582,494.24738,0.0,161.8947,57.271854,0.3360061,0.0,0.97511864,0.03408187
583,480.8769,0.0,173.26425,57.271908,0.32830036,0.0,0.96941096,0.034081653
584,492.49698,0.0,153.48909,57.271927,0.33415556,0.0,0.98361254,0.034081433
585,471.32495,0.0,168.64119,57.271893,0.35004368,0.0,0.9385444,0.034081217
586,452.8379,0.0,193.25244,57.27185,0.3369871,0.0,0.9868525,0.034081
587,492.31534,0.0,179.18962,57.271805,0.33192742,0.0,0.9878582,0.034080785
588,564.2261,0.0,161.07709,57.271843,0.33612424,0.0,0.9769188,0.03408057
589,439.39673,0.0,169.37317,57.271873,0.34471035,0.0,0.9768584,0.03408035
590,511.22778,0.0,156.00047,57.271893,0.33274123,0.0,0.9706946,0.034080137
591,542.7821,0.0,176.56407,57.271873,0.33075637,0.0,0.981297,0.03407992
592,445.06827,0.0,168.60783,57.27185,0.3326747,0.0,0.98493195,0.034079704
593,527.0565,0.0,169.58585,57.27182,0.3228219,0.0,0.96528965,0.034079492
594,498.20224,0.0,188.79874,57.271824,0.34027067,0.0,0.96876806,0.034079276
595,477.37823,0.0,159.88034,57.271862,0.34374866,0.0,0.98250234,0.034079064
596,599.9158,0.0,167.30591,57.271908,0.3300101,0.0,0.9627609,0.03407885
597,474.08203,0.0,172.02208,57.271957,0.3348849,0.0,0.9558422,0.034078635
598,500.12656,0.0,163.19104,57.271996,0.32557538,0.0,0.9497766,0.034078427
599,494.9326,0.0,159.79764,57.271988,0.3287525,0.0,0.95941186,0.034078214
600,541.1604,0.0,180.87985,57.272007,0.3315201,0.0,0.96741956,0.034078002
601,506.14804,0.0,161.57245,57.272007,0.33342254,0.0,0.9473297,0.03407779
602,504.72156,0.0,178.08086,57.27206,0.35132214,0.0,1.0060688,0.034077577
603,493.7734,0.0,182.88626,57.27212,0.3410874,0.0,1.0041776,0.03407737
604,506.26105,0.0,163.2237,57.272152,0.3419877,0.0,0.98553824,0.03407716
605,480.0784,0.0,158.84412,57.272163,0.34122452,0.0,0.999449,0.034076948
606,562.6739,0.0,176.69664,57.272182,0.33457884,0.0,0.9933097,0.034076735
607,443.99454,0.0,173.29929,57.272243,0.33375594,0.0,0.95168495,0.034076523
608,473.67142,0.0,168.2191,57.272285,0.32859764,0.0,0.9564566,0.034077156
609,474.92636,0.0,170.43504,57.272343,0.33416766,0.0,0.95594454,0.03407904
610,474.1971,0.0,195.38622,57.272385,0.33342806,0.0,0.9874429,0.034081798
611,470.60104,0.0,186.91754,57.27242,0.3442444,0.0,1.0198351,0.034085143
612,500.86102,0.0,157.68826,57.272427,0.3330731,0.0,0.97095895,0.034088843
613,496.66953,0.0,191.44666,57.272415,0.3358949,0.0,0.9870506,0.034092728
614,529.0553,0.0,157.95639,57.272415,0.32616475,0.0,0.98196375,0.034096673
615,503.3576,0.0,149.51726,57.272438,0.3432554,0.0,0.99288714,0.034100574
616,528.5883,0.0,168.65884,57.2725,0.3411072,0.0,0.9616365,0.03410437
617,476.17578,0.0,169.58278,57.27256,0.33471495,0.0,0.9586094,0.034108005
618,454.15298,0.0,170.84692,57.272602,0.33402735,0.0,0.9857206,0.03411145
619,505.95273,0.0,137.0743,57.27262,0.33468938,0.0,1.0089628,0.034114685
620,477.24094,0.0,153.48642,57.27262,0.33816344,0.0,0.97680813,0.034117702
621,470.36417,0.0,165.7429,57.272633,0.3443388,0.0,0.981869,0.034120496
622,454.52234,0.0,156.49908,57.272655,0.3246699,0.0,0.96225154,0.034123067
623,515.5699,0.0,165.90108,57.272713,0.3321848,0.0,0.9691631,0.03412542
624,481.2967,0.0,169.66072,57.272755,0.3363124,0.0,0.9562976,0.034127563
625,429.88794,0.0,177.19337,57.272835,0.32984707,0.0,0.9514506,0.034129504
626,512.53595,0.0,151.68028,57.272926,0.3383069,0.0,0.9455395,0.034131266
627,452.4453,0.0,171.73662,57.27296,0.32766247,0.0,0.9897481,0.034132846
628,512.8456,0.0,163.37086,57.272972,0.3279446,0.0,0.9615021,0.034134254
629,520.13306,0.0,185.57494,57.27297,0.32155913,0.0,0.98372346,0.03413552
630,456.53613,0.0,167.94417,57.272926,0.33289978,0.0,0.9615312,0.034136645
631,452.20364,0.0,189.48572,57.27295,0.34937817,0.0,0.97602195,0.034137633
632,543.1616,0.0,154.74911,57.272972,0.3497202,0.0,0.98153824,0.034138504
633,488.3742,0.0,167.14598,57.27303,0.3327214,0.0,0.95974374,0.034139268
634,483.25812,0.0,154.82092,57.273033,0.33876723,0.0,0.9591535,0.034139927
635,496.42136,0.0,182.26617,57.27302,0.34026232,0.0,0.99832636,0.034140494
636,506.4576,0.0,173.27396,57.27297,0.31843832,0.0,0.9637024,0.034140985
637,490.62747,0.0,165.67197,57.27289,0.34225872,0.0,0.9657312,0.034141395
638,472.50565,0.0,165.80864,57.272808,0.32646492,0.0,0.9877151,0.034141738
639,485.00443,0.0,143.93086,57.272766,0.34724015,0.0,0.9903376,0.034142014
640,449.0358,0.0,154.7224,57.272747,0.32534492,0.0,0.9692229,0.03414224
641,501.99615,0.0,150.69756,57.272785,0.3304998,0.0,0.9660807,0.034142416
642,567.86304,0.0,167.0415,57.272835,0.33491147,0.0,0.97092694,0.034142543
643,483.3652,0.0,168.0031,57.2729,0.3407998,0.0,0.9762874,0.03414263
644,500.6554,0.0,158.32468,57.27296,0.32992443,0.0,0.97559774,0.034142677
645,479.40988,0.0,164.17857,57.27302,0.33897293,0.0,0.97552514,0.03414269
646,445.35944,0.0,176.14398,57.273075,0.32972938,0.0,0.9996892,0.034142684
647,527.2705,0.0,159.82253,57.273132,0.33416352,0.0,0.9959874,0.034142643
648,490.72238,0.0,170.37624,57.27318,0.33895352,0.0,0.9618502,0.034142572
649,468.9046,0.0,162.68634,57.273193,0.33902383,0.0,0.95458376,0.03414249
650,543.7526,0.0,179.57458,57.273205,0.33829466,0.0,0.99175316,0.034142382
651,518.1133,0.0,148.67807,57.273224,0.33727747,0.0,0.9722878,0.034142263
652,509.87216,0.0,157.84633,57.273254,0.3459526,0.0,0.9869878,0.034142125
653,487.78165,0.0,158.58757,57.27331,0.33984974,0.0,0.9786158,0.034141976
654,486.4818,0.0,165.45447,57.273357,0.34154236,0.0,0.9747569,0.034141812
655,499.21985,0.0,167.50267,57.27334,0.33153763,0.0,0.9922021,0.034141637
656,463.0953,0.0,149.41718,57.273308,0.3402228,0.0,0.9898787,0.03414145
657,443.33643,0.0,192.64465,57.27326,0.34022474,0.0,0.98073757,0.034141257
658,430.48077,0.0,155.89154,57.27321,0.34658355,0.0,0.9758812,0.03414106
659,454.53632,0.0,164.79713,57.273163,0.34041762,0.0,0.9622762,0.034140855
660,512.9589,0.0,169.38437,57.273136,0.331548,0.0,0.97577924,0.034140635
661,476.13593,0.0,175.10008,57.27307,0.32954922,0.0,0.97691303,0.03414042
662,528.96173,0.0,188.64954,57.273033,0.3336332,0.0,0.9861427,0.034140196
663,460.3279,0.0,154.01419,57.273052,0.34093654,0.0,0.9644524,0.034139972
664,493.33563,0.0,167.19179,57.27302,0.338661,0.0,0.9737495,0.03413974
665,521.5694,0.0,179.97021,57.27301,0.32541987,0.0,0.9835997,0.03413951
666,464.65207,0.0,166.27283,57.273014,0.33863208,0.0,0.9861506,0.034139276
667,481.19434,0.0,160.74542,57.27304,0.32711914,0.0,0.9713024,0.034139037
668,443.59024,0.0,169.21692,57.273094,0.34376177,0.0,0.9548508,0.0341388
669,518.4969,0.0,161.0864,57.273144,0.3297604,0.0,1.0045024,0.034138557
670,428.01212,0.0,160.42303,57.273193,0.33497205,0.0,0.9468872,0.034138314
671,442.96915,0.0,166.85938,57.273216,0.3309423,0.0,0.97579944,0.034138046
672,473.77185,0.0,175.13316,57.273224,0.3357184,0.0,0.99737,0.034137778
673,452.34283,0.0,173.95255,57.273174,0.3441593,0.0,1.0016751,0.03413751
674,538.41406,0.0,163.67549,57.273144,0.33638847,0.0,0.987964,0.03413725
675,480.54703,0.0,162.02289,57.273132,0.32655615,0.0,0.95324415,0.03413699
676,508.5413,0.0,171.14282,57.2731,0.33113956,0.0,0.9916621,0.034136727
677,505.8143,0.0,178.64261,57.273083,0.3422741,0.0,1.0020293,0.034136467
678,472.3173,0.0,167.87006,57.273155,0.31727722,0.0,1.0390884,0.034136206
679,470.77277,0.0,156.18494,57.273174,0.34165,0.0,0.9920607,0.03413595
680,532.9458,0.0,137.58336,57.273197,0.3401488,0.0,0.9564595,0.03413569
681,457.5715,0.0,177.47665,57.273205,0.3304605,0.0,0.9583078,0.034135435
682,451.8154,0.0,168.7116,57.273254,0.32954234,0.0,0.9679829,0.03413518
683,487.9827,0.0,164.2829,57.27332,0.33445066,0.0,0.99402034,0.034134928
684,455.6711,0.0,163.53651,57.273388,0.33196136,0.0,0.9656354,0.03413468
685,485.9975,0.0,169.72618,57.273453,0.34429106,0.0,0.9842424,0.03413443
686,471.5398,0.0,156.98607,57.27349,0.33645767,0.0,0.9809032,0.034134176
687,529.3668,0.0,147.36766,57.27349,0.33330974,0.0,0.989188,0.034133926
688,537.80664,0.0,147.77087,57.27349,0.32926255,0.0,0.9525418,0.03413368
689,435.7866,0.0,169.04282,57.273502,0.3356327,0.0,0.9967317,0.03413343
690,500.15765,0.0,161.87279,57.273537,0.33524927,0.0,0.95312095,0.034133185
691,481.24893,0.0,186.70973,57.273567,0.34271312,0.0,0.9571524,0.03413294
692,464.52728,0.0,158.12415,57.273598,0.33989564,0.0,0.96153414,0.034132697
693,473.5546,0.0,168.58354,57.273636,0.32753786,0.0,0.9768677,0.034132455
694,506.8344,0.0,167.18625,57.273647,0.344805,0.0,0.987309,0.034132052
695,466.95865,0.0,178.7479,57.27369,0.3398359,0.0,1.0106494,0.034131706
696,487.37482,0.0,171.83025,57.27377,0.33244026,0.0,1.0021162,0.034131415
697,480.99234,0.0,161.00993,57.273838,0.34036845,0.0,0.9951797,0.03413116
698,449.51794,0.0,178.69273,57.273884,0.33920714,0.0,0.9631912,0.034130923
699,468.74112,0.0,159.08905,57.273922,0.3340468,0.0,0.97890204,0.034130707
700,475.1848,0.0,144.83435,57.273952,0.3359576,0.0,0.98800504,0.034130514
701,483.30472,0.0,175.01863,57.274036,0.33897236,0.0,0.9754158,0.03413032
702,417.0628,0.0,155.71423,57.27411,0.33265615,0.0,0.9597089,0.034130134
703,467.89218,0.0,155.96329,57.27419,0.3405032,0.0,0.95545155,0.034129955
704,511.04245,0.0,172.39551,57.27426,0.32757652,0.0,0.96430635,0.03412977
705,435.48828,0.0,142.66258,57.274323,0.34208658,0.0,0.96643156,0.03412959
706,458.38837,0.0,169.51218,57.274395,0.32984307,0.0,0.98641354,0.03412941
707,516.3542,0.0,154.75618,57.274414,0.33385047,0.0,0.97729176,0.03412923
708,410.5511,0.0,157.24818,57.274445,0.3441901,0.0,1.001177,0.034129046
709,461.07425,0.0,155.63925,57.274456,0.325537,0.0,0.97329175,0.034128856
710,454.25256,0.0,165.56876,57.274487,0.3544507,0.0,0.98430496,0.034128666
711,499.9416,0.0,187.12604,57.27454,0.33199164,0.0,0.97325844,0.034128472
712,502.75266,0.0,145.10495,57.274597,0.3391879,0.0,0.98898935,0.03412828
713,568.375,0.0,142.82161,57.27465,0.33609655,0.0,0.9586201,0.034128077
714,473.35245,0.0,169.78108,57.274723,0.3388206,0.0,0.9835982,0.03412788
715,464.3699,0.0,161.6773,57.274803,0.33633193,0.0,0.98854357,0.03412768
716,543.6431,0.0,181.50133,57.274834,0.3361335,0.0,0.9939144,0.034127478
717,481.97244,0.0,141.78459,57.274883,0.3406586,0.0,0.96791965,0.03412727
718,452.36295,0.0,155.26309,57.27493,0.32952708,0.0,0.9852052,0.03412706
719,407.0069,0.0,181.96507,57.274956,0.33379275,0.0,0.9415362,0.034126848
720,482.63397,0.0,206.33958,57.274925,0.32612744,0.0,0.9915637,0.03412664
721,491.80753,0.0,211.30563,57.274887,0.3398712,0.0,0.9698446,0.03412643
722,440.64157,0.0,163.43358,57.274837,0.344737,0.0,0.9828443,0.034126215
723,458.2707,0.0,151.11978,57.274834,0.349654,0.0,0.9475586,0.034126002
724,477.2551,0.0,163.55884,57.274803,0.34075207,0.0,0.9666495,0.034125786
725,509.39905,0.0,158.6951,57.27479,0.32867122,0.0,0.9829577,0.03412557
726,470.44373,0.0,163.45511,57.274776,0.34040257,0.0,0.9706313,0.034125354
727,511.63818,0.0,173.32602,57.274734,0.33502838,0.0,0.979071,0.034125134
728,438.62173,0.0,180.10829,57.27469,0.33888933,0.0,0.94737995,0.03412492
729,521.40326,0.0,175.21231,57.274662,0.34303758,0.0,1.0019846,0.034124702
730,490.12048,0.0,167.1848,57.27467,0.33825773,0.0,0.97634643,0.034124482
731,487.2506,0.0,158.19511,57.274704,0.34351647,0.0,0.9946565,0.034124263
732,484.65527,0.0,166.96158,57.274742,0.3336248,0.0,0.98328066,0.034124043
733,456.7496,0.0,176.99072,57.27479,0.33111426,0.0,0.98400116,0.034123823
734,427.03705,0.0,164.9541,57.274857,0.33097753,0.0,0.9851321,0.03412361
735,476.42154,0.0,189.17888,57.27496,0.3399834,0.0,0.96495956,0.03412339
736,487.41663,0.0,177.94202,57.27503,0.3330857,0.0,0.9947741,0.03412317
737,434.95636,0.0,145.93825,57.27505,0.32656693,0.0,0.9567959,0.034122955
738,450.52747,0.0,183.99788,57.275093,0.32564208,0.0,0.9946467,0.03412273
739,490.09372,0.0,152.81612,57.275173,0.3216606,0.0,0.9773589,0.03412252
740,476.14227,0.0,189.24174,57.275246,0.3427845,0.0,0.96529794,0.0341223
741,450.2218,0.0,183.9444,57.2753,0.3258233,0.0,1.0068316,0.03412208
742,470.5486,0.0,159.75456,57.275295,0.32710227,0.0,0.95510685,0.03412186
743,489.73212,0.0,145.37051,57.275307,0.3370657,0.0,0.95448303,0.03412164
744,493.61835,0.0,198.61922,57.275345,0.33762398,0.0,0.9878282,0.034121424
745,445.24152,0.0,180.29878,57.27543,0.34697115,0.0,0.9879698,0.034121208
746,503.73627,0.0,146.13554,57.27548,0.33983517,0.0,0.9649326,0.03412099
747,496.76007,0.0,177.74318,57.27549,0.33421904,0.0,0.97487044,0.034120772
748,480.72995,0.0,172.15561,57.27549,0.34145305,0.0,0.98968935,0.034120556
749,510.1561,0.0,154.52945,57.275482,0.3399,0.0,0.9897602,0.03412034
750,472.57678,0.0,152.58908,57.275524,0.33631685,0.0,0.9408353,0.034120124
751,482.10022,0.0,160.91573,57.275574,0.3354905,0.0,0.98793894,0.03411991
752,484.748,0.0,160.45721,57.27561,0.3418021,0.0,0.94314724,0.034119695
753,473.4087,0.0,170.80585,57.275658,0.33188966,0.0,0.987883,0.03411948
754,444.95792,0.0,164.21243,57.275684,0.3324351,0.0,0.9861684,0.034119263
755,513.66235,0.0,161.53137,57.275665,0.3310138,0.0,0.97259724,0.03411905
756,523.7202,0.0,162.61267,57.275627,0.33170167,0.0,0.99244916,0.034118835
757,492.54993,0.0,143.92122,57.275654,0.33132342,0.0,0.9606258,0.034118626
758,571.53973,0.0,159.67136,57.275703,0.33128402,0.0,0.98039055,0.03411841
759,525.75745,0.0,147.95561,57.27575,0.345184,0.0,0.96884537,0.034118198
760,593.97266,0.0,176.4763,57.275795,0.34019142,0.0,0.97245544,0.034117986
761,484.64954,0.0,152.37387,57.27581,0.3286639,0.0,0.9554152,0.03411777
762,499.4076,0.0,163.98392,57.275776,0.3388938,0.0,0.9682724,0.03411756
763,471.8339,0.0,179.39807,57.275703,0.33354014,0.0,0.95569456,0.03411735
764,608.3649,0.0,196.2761,57.275616,0.33495077,0.0,0.98844576,0.034117136
765,481.2126,0.0,178.65462,57.275585,0.33530897,0.0,0.97588956,0.034116924
766,491.4195,0.0,164.64471,57.27555,0.3340636,0.0,0.96517295,0.03411671
767,477.1283,0.0,178.9911,57.27553,0.32656434,0.0,0.94061834,0.034116503
768,493.75714,0.0,170.71878,57.275513,0.34456044,0.0,1.0023106,0.03411629
769,507.59634,0.0,142.38185,57.275543,0.3306585,0.0,0.9723226,0.03411608
770,453.79343,0.0,175.50124,57.27558,0.3294541,0.0,0.98196256,0.03411587
771,526.36285,0.0,164.18474,57.275635,0.33540013,0.0,1.0237439,0.03411566
772,495.56625,0.0,142.28363,57.275696,0.3270076,0.0,0.98136115,0.034115452
773,458.5097,0.0,175.29521,57.27575,0.34478372,0.0,0.9773278,0.034115244
774,477.01907,0.0,172.46178,57.27584,0.33856085,0.0,0.96097666,0.034115028
775,492.67603,0.0,191.0651,57.275883,0.3429639,0.0,0.9843519,0.034114823
776,468.6134,0.0,175.36891,57.27586,0.33502114,0.0,1.0044814,0.03411461
777,435.27994,0.0,161.71664,57.27582,0.33739007,0.0,0.9741765,0.034114406
778,459.1975,0.0,153.89832,57.275776,0.33731866,0.0,0.9928214,0.034114193
779,546.207,0.0,174.90138,57.275715,0.34864205,0.0,0.97617507,0.03411399
780,496.2421,0.0,155.29889,57.275654,0.3395806,0.0,0.9949777,0.034113776
781,479.28564,0.0,171.58347,57.27561,0.33926278,0.0,0.9794767,0.03411357
782,440.58383,0.0,166.83002,57.27557,0.33602044,0.0,0.9659442,0.034113366
783,537.27386,0.0,154.42557,57.27553,0.33632603,0.0,0.98004544,0.034113158
784,548.9711,0.0,171.34715,57.27551,0.3414113,0.0,0.9599111,0.034112953
785,490.23755,0.0,169.79561,57.275513,0.3360631,0.0,0.96857417,0.034112748
786,540.9737,0.0,156.55038,57.27551,0.34677342,0.0,0.96445984,0.03411254
787,461.22995,0.0,181.30867,57.27552,0.32767862,0.0,0.98636043,0.034112334
788,487.08646,0.0,155.06586,57.275562,0.3373832,0.0,0.9986319,0.03411213
789,487.85977,0.0,151.13696,57.275616,0.33383748,0.0,0.97294885,0.03411192
790,481.21674,0.0,167.2789,57.275696,0.32884043,0.0,0.9972595,0.034111716
791,522.08826,0.0,151.74168,57.275757,0.3302578,0.0,1.0162094,0.034111507
792,445.46442,0.0,171.05534,57.275818,0.31907284,0.0,0.9610774,0.034111306
793,510.7209,0.0,166.71248,57.27581,0.34195757,0.0,0.98718476,0.0341111
794,504.49658,0.0,162.99342,57.275818,0.32875308,0.0,0.95441043,0.034110896
795,512.97797,0.0,180.69511,57.27585,0.33407146,0.0,0.95767874,0.034110695
796,445.02716,0.0,175.7765,57.275867,0.3453146,0.0,0.9799723,0.03411049
797,517.46906,0.0,140.68471,57.27594,0.33096123,0.0,0.97548205,0.034110285
798,463.31955,0.0,198.41328,57.275974,0.33623895,0.0,1.0067995,0.03411008
799,573.43463,0.0,155.71338,57.276012,0.33919176,0.0,0.96469957,0.034109876
800,525.6439,0.0,157.90395,57.276047,0.3445342,0.0,0.9458166,0.034109674
801,533.86383,0.0,186.6866,57.276073,0.3367585,0.0,0.93401426,0.03410947
802,542.64246,0.0,172.35384,57.276127,0.34285337,0.0,0.9897625,0.03410927
803,529.8089,0.0,160.7254,57.276226,0.33155942,0.0,1.0020374,0.034109067
804,512.1181,0.0,145.03465,57.27629,0.340951,0.0,0.9712082,0.034108877
805,562.5408,0.0,156.53831,57.27637,0.33798134,0.0,0.9856018,0.034108676
806,524.64075,0.0,164.3582,57.276424,0.33676884,0.0,0.9823449,0.034108482
807,455.51337,0.0,182.61053,57.276463,0.33961672,0.0,0.98319155,0.034108285
808,492.94894,0.0,160.7469,57.276527,0.32425725,0.0,0.98237485,0.034108084
809,510.99234,0.0,175.39214,57.27662,0.33139956,0.0,0.9507141,0.034107894
810,506.50912,0.0,144.68565,57.276657,0.34437203,0.0,0.98189276,0.034107693
811,451.95993,0.0,176.017,57.27672,0.33601373,0.0,0.9741819,0.0341075
812,461.64294,0.0,153.7347,57.27672,0.3318721,0.0,0.9834487,0.0341073
813,485.07797,0.0,156.44933,57.276703,0.34086266,0.0,0.98207,0.034107104
814,464.86102,0.0,178.45117,57.276703,0.338891,0.0,1.0471666,0.034106903
815,510.56772,0.0,160.93681,57.276703,0.33491454,0.0,0.982739,0.034106705
816,494.40024,0.0,157.35211,57.2767,0.33245686,0.0,0.97902834,0.034106504
817,473.62677,0.0,160.44534,57.2767,0.34687933,0.0,0.9510942,0.034106307
818,488.1633,0.0,149.20966,57.27676,0.33642057,0.0,0.9872566,0.034106106
819,465.42453,0.0,181.3308,57.27681,0.34100667,0.0,0.9642924,0.034105908
820,511.60596,0.0,158.64278,57.276844,0.33248106,0.0,0.9544361,0.034105707
821,494.2688,0.0,162.54425,57.276886,0.33516678,0.0,0.9723495,0.03410551
822,495.79416,0.0,171.84242,57.27696,0.3414356,0.0,0.9414749,0.034105312
823,441.0392,0.0,189.91052,57.277004,0.3359122,0.0,0.96306735,0.034105115
824,465.1358,0.0,162.88647,57.277046,0.3387357,0.0,0.9574085,0.034104917
825,523.03467,0.0,130.08113,57.27709,0.3282023,0.0,0.95836484,0.03410472
826,497.52155,0.0,163.36273,57.2771,0.33905804,0.0,0.9860597,0.034104522
827,501.24875,0.0,197.31142,57.27713,0.33276176,0.0,1.0048963,0.03410432
828,553.7094,0.0,166.2111,57.27716,0.3333075,0.0,0.98447186,0.03410412
829,456.71582,0.0,171.44075,57.27716,0.33569488,0.0,0.96798503,0.03410392
830,494.5522,0.0,151.47995,57.277203,0.33566293,0.0,1.0085746,0.03410372
831,455.08572,0.0,146.30537,57.277256,0.33323905,0.0,0.9832113,0.034103528
832,523.92944,0.0,164.44502,57.277294,0.32992464,0.0,0.9789063,0.034103323
833,515.4725,0.0,149.25305,57.277336,0.34572437,0.0,0.9686248,0.034103125
834,517.471,0.0,196.70831,57.277348,0.33412865,0.0,0.99561477,0.03410293
835,444.62018,0.0,148.41505,57.277344,0.34344265,0.0,0.979607,0.03410273
836,485.53903,0.0,187.14166,57.277294,0.33787116,0.0,0.9991179,0.034102537
837,521.64154,0.0,164.37477,57.277283,0.34148815,0.0,0.97782314,0.034102336
838,519.2383,0.0,170.48036,57.277336,0.32712057,0.0,0.96490186,0.034102134
839,480.97903,0.0,147.78474,57.277416,0.3431704,0.0,0.966436,0.03410194
840,447.15906,0.0,146.56203,57.27749,0.34491634,0.0,0.98927253,0.034101743
841,482.12573,0.0,179.69664,57.27753,0.33217666,0.0,0.9910773,0.034101546
842,459.9651,0.0,168.72168,57.27754,0.34729412,0.0,0.9892948,0.03410135
843,494.07922,0.0,152.58537,57.27754,0.34151605,0.0,0.97015,0.034101147
844,527.16693,0.0,162.0493,57.27753,0.33194155,0.0,0.9974514,0.034100953
845,500.06277,0.0,173.27759,57.27751,0.344727,0.0,0.9854089,0.034100756
846,500.0437,0.0,158.15779,57.27747,0.3339684,0.0,1.0333986,0.03410056
847,474.71347,0.0,153.63632,57.27746,0.3387914,0.0,0.9689542,0.034100357
848,458.89972,0.0,152.73978,57.277416,0.33900496,0.0,0.9897892,0.034100164
849,490.5846,0.0,215.56735,57.277344,0.33100876,0.0,1.0145701,0.034099966
850,443.5216,0.0,181.68103,57.27722,0.3258109,0.0,0.949346,0.03409977
851,467.92517,0.0,177.10225,57.27711,0.33256644,0.0,0.9966128,0.03409957
852,557.84796,0.0,162.49869,57.27702,0.33665225,0.0,0.9503174,0.034099374
853,477.66046,0.0,157.06436,57.276943,0.34125927,0.0,1.030203,0.03409918
854,547.34656,0.0,147.56595,57.276886,0.33389166,0.0,1.0015293,0.034098987
855,520.2942,0.0,176.37575,57.276814,0.33902442,0.0,0.9797339,0.034098785
856,488.73853,0.0,146.92436,57.276722,0.3423928,0.0,0.97581077,0.03409859
857,483.67673,0.0,174.56958,57.276638,0.33424208,0.0,0.9700589,0.03409839
858,470.41315,0.0,154.07416,57.276535,0.34245908,0.0,0.9683425,0.034098197
859,531.10925,0.0,196.5142,57.276455,0.3300921,0.0,0.97993726,0.034098
860,447.97348,0.0,154.3901,57.27637,0.32890797,0.0,0.9883616,0.034097806
861,442.67468,0.0,184.98886,57.276287,0.32268015,0.0,0.9555551,0.034097612
862,421.6832,0.0,160.78848,57.27624,0.34202987,0.0,0.97109884,0.034097414
863,489.0359,0.0,159.60678,57.276257,0.33523777,0.0,0.9533586,0.034097217
864,432.71335,0.0,147.30486,57.276268,0.335591,0.0,1.0023407,0.034097023
865,482.44547,0.0,189.30809,57.27626,0.329165,0.0,0.9857703,0.03409683
866,531.8189,0.0,143.88956,57.27621,0.32973623,0.0,0.94272286,0.034096632
867,581.9755,0.0,188.07347,57.27618,0.32862446,0.0,0.9736234,0.03409644
868,516.9615,0.0,174.054,57.27623,0.33941197,0.0,0.9733898,0.034096245
869,494.42688,0.0,165.96648,57.27632,0.33742148,0.0,0.974102,0.034096047
870,423.92136,0.0,163.5699,57.27639,0.34440213,0.0,0.98908615,0.034095854
871,486.0715,0.0,167.86658,57.276432,0.33427233,0.0,0.9819621,0.034095656
872,484.0815,0.0,164.0895,57.276505,0.3484538,0.0,0.97508556,0.034095462
873,462.45544,0.0,175.5775,57.276554,0.3294938,0.0,0.96597517,0.03409527
874,491.77667,0.0,176.41156,57.276558,0.34658515,0.0,0.95519245,0.034095075
875,469.7505,0.0,166.44106,57.27657,0.3289568,0.0,0.97204727,0.034094878
876,464.4675,0.0,165.49393,57.276585,0.33085623,0.0,0.97172815,0.03409468
877,481.7017,0.0,185.95142,57.276585,0.32378304,0.0,0.9538242,0.034094486
878,475.5507,0.0,166.28014,57.276657,0.34133872,0.0,0.99827754,0.034094296
879,463.8432,0.0,182.95045,57.276688,0.3407935,0.0,1.0077728,0.0340941
880,466.32056,0.0,164.68262,57.27665,0.34119996,0.0,0.990713,0.0340939
881,541.6941,0.0,163.09848,57.27665,0.33624986,0.0,0.9900434,0.03409371
882,502.51312,0.0,167.4235,57.276627,0.3357118,0.0,0.9900365,0.034093518
883,472.63535,0.0,189.01363,57.276638,0.33690527,0.0,0.9534012,0.034093324
884,451.91562,0.0,180.91344,57.27663,0.34390214,0.0,0.9779311,0.034093127
885,523.6173,0.0,182.76936,57.276638,0.33022517,0.0,1.0047785,0.034092937
886,474.7746,0.0,185.01028,57.276646,0.34108278,0.0,0.98352164,0.034092743
887,578.70276,0.0,173.91075,57.276608,0.32903582,0.0,0.98714,0.03409255
888,486.86392,0.0,170.9334,57.276615,0.33790275,0.0,0.9631063,0.034092356
889,474.14362,0.0,186.16069,57.27659,0.3282523,0.0,0.94398916,0.034092158
890,460.49097,0.0,164.58519,57.27657,0.3492454,0.0,0.96246576,0.034091964
891,484.67993,0.0,174.81784,57.276577,0.33754203,0.0,0.95385337,0.03409177
892,425.37024,0.0,169.64665,57.276516,0.32746497,0.0,0.96010625,0.034091577
893,473.93384,0.0,153.83034,57.276466,0.33933398,0.0,0.9651017,0.034091383
894,446.94003,0.0,181.38522,57.276463,0.33075255,0.0,0.9628922,0.03409119
895,476.76038,0.0,174.06085,57.276505,0.34780464,0.0,0.97303885,0.034091
896,497.44305,0.0,173.46384,57.276554,0.32505918,0.0,1.007768,0.034090806
897,533.8352,0.0,164.52988,57.27659,0.3436727,0.0,0.97505915,0.034090612
898,486.92947,0.0,137.06084,57.276577,0.3467191,0.0,0.9559437,0.03409042
899,457.70532,0.0,167.31276,57.276577,0.33511516,0.0,1.0189135,0.034090225
900,468.00323,0.0,167.38554,57.276535,0.32306105,0.0,0.94985425,0.03409003
901,450.2613,0.0,165.8589,57.276527,0.3222503,0.0,0.98800415,0.034089837
902,498.88293,0.0,167.14424,57.276577,0.34178653,0.0,0.97022194,0.034089647
903,438.90698,0.0,156.35939,57.276646,0.3335094,0.0,0.95153964,0.034089454
904,467.5477,0.0,173.2132,57.27674,0.33130124,0.0,0.97745043,0.03408926
905,513.37506,0.0,166.15427,57.27678,0.3306992,0.0,0.9540981,0.034089066
906,483.4065,0.0,150.84682,57.276783,0.3381415,0.0,0.9879735,0.034088872
907,570.3035,0.0,172.99222,57.276833,0.32473895,0.0,0.98148686,0.03408868
908,516.4613,0.0,149.4003,57.276886,0.32617065,0.0,0.9792427,0.03408849
909,450.85538,0.0,257.29266,57.27696,0.33994967,0.0,0.9549822,0.034088295
910,462.82147,0.0,158.06097,57.276985,0.33539996,0.0,0.96809804,0.034088105
911,451.63113,0.0,159.85814,57.27699,0.32720035,0.0,0.9619209,0.034087908
912,448.61267,0.0,179.8093,57.277027,0.3237636,0.0,0.99324656,0.034087718
913,516.04065,0.0,198.08128,57.277035,0.33196786,0.0,0.9811893,0.034087528
914,460.29276,0.0,157.41173,57.27705,0.33826107,0.0,0.9762157,0.034087334
915,444.7557,0.0,152.0945,57.27705,0.34515414,0.0,0.9808875,0.03408714
916,457.0599,0.0,169.26408,57.27711,0.3218312,0.0,0.99568963,0.03408695
917,449.47147,0.0,162.31612,57.27714,0.32814732,0.0,1.023407,0.034086756
918,491.03702,0.0,185.53362,57.277172,0.333407,0.0,0.99824804,0.034086566
919,473.51657,0.0,166.34036,57.277245,0.33976486,0.0,1.0597502,0.034086373
920,480.11044,0.0,162.26866,57.277287,0.3394952,0.0,1.0154564,0.03408618
921,466.21857,0.0,175.43585,57.277287,0.3357437,0.0,0.96333057,0.034085985
922,516.0439,0.0,142.62036,57.277287,0.33680892,0.0,0.95853156,0.034085795
923,450.77795,0.0,160.83772,57.277317,0.32952994,0.0,0.97326887,0.0340856
924,530.4509,0.0,168.55725,57.277332,0.33632416,0.0,0.9726457,0.034085408
925,464.89468,0.0,173.53168,57.2773,0.32725525,0.0,0.9871153,0.034085218
926,519.91,0.0,165.05914,57.27723,0.33480537,0.0,0.94830436,0.034085028
927,564.5512,0.0,192.86623,57.277184,0.33722502,0.0,0.9572938,0.03408483
928,465.239,0.0,175.4583,57.27718,0.32658544,0.0,1.0273037,0.034084644
929,490.71164,0.0,164.72415,57.27718,0.33492,0.0,1.0415264,0.03408445
930,442.5439,0.0,150.37856,57.2772,0.34171033,0.0,0.9956894,0.03408426
931,459.08218,0.0,136.98714,57.277203,0.3361805,0.0,0.98798054,0.034084067
932,444.59457,0.0,169.38077,57.27727,0.3351586,0.0,0.9703522,0.034083877
933,507.66226,0.0,170.94354,57.277344,0.33698267,0.0,0.95627075,0.034083683
934,497.0196,0.0,156.61794,57.277363,0.3357602,0.0,0.9733318,0.03408349
935,499.49625,0.0,169.39168,57.277393,0.32556647,0.0,0.96589696,0.034083303
936,521.63153,0.0,160.57397,57.277397,0.3402458,0.0,0.9914167,0.03408311
937,444.05142,0.0,139.10878,57.277378,0.31487992,0.0,0.9963089,0.034082957
938,502.26163,0.0,180.80672,57.277336,0.3463735,0.0,0.9860016,0.034082808
939,521.7051,0.0,169.11818,57.277256,0.343714,0.0,0.94564503,0.03408265
940,450.31775,0.0,159.3437,57.277233,0.3343469,0.0,0.96056265,0.034082495
941,492.58405,0.0,161.18361,57.277203,0.33661443,0.0,0.9686339,0.034082334
942,447.4882,0.0,166.6624,57.27717,0.33546206,0.0,0.99604225,0.03408217
943,488.3486,0.0,181.15799,57.27719,0.33192736,0.0,0.9649442,0.034082007
944,473.34802,0.0,169.37871,57.277245,0.3319461,0.0,0.99015856,0.03408184
945,480.7615,0.0,158.59846,57.277344,0.32762942,0.0,0.98385227,0.034081668
946,470.47556,0.0,156.49669,57.277386,0.3416393,0.0,0.9586826,0.0340815
947,457.41562,0.0,195.38795,57.277428,0.32541683,0.0,0.98990047,0.034081325
948,459.93466,0.0,149.14047,57.27746,0.34077653,0.0,0.9952264,0.034081154
949,496.8128,0.0,166.96683,57.27746,0.339417,0.0,0.9677907,0.034080975
950,546.8473,0.0,169.2118,57.27742,0.33683494,0.0,0.97788775,0.0340808
951,507.31073,0.0,149.94804,57.277355,0.33630562,0.0,0.97832006,0.03408062
952,484.03625,0.0,156.35872,57.27727,0.32958052,0.0,0.9932186,0.03408044
953,453.23013,0.0,170.6165,57.27724,0.34728116,0.0,0.9674946,0.03408026
954,535.2198,0.0,169.45314,57.27719,0.32493094,0.0,0.98681194,0.034080077
955,487.915,0.0,168.26503,57.27709,0.34186292,0.0,1.0092359,0.03407989
956,461.1687,0.0,163.88849,57.277004,0.3468739,0.0,0.9711056,0.03407971
957,488.82724,0.0,172.74124,57.276955,0.33850262,0.0,0.9721152,0.034079522
958,501.7608,0.0,157.09273,57.276966,0.33262983,0.0,0.9521976,0.034079336
959,544.6917,0.0,151.87523,57.277035,0.34002036,0.0,0.9693563,0.034079153
960,463.68027,0.0,142.31326,57.277077,0.344553,0.0,0.9958916,0.034078967
961,492.9637,0.0,160.25092,57.27706,0.3272483,0.0,0.9842693,0.034078777
962,512.24493,0.0,164.4721,57.277046,0.3455598,0.0,0.9835912,0.03407859
963,553.6909,0.0,150.05635,57.276966,0.34147292,0.0,0.9778366,0.034078404
964,477.97238,0.0,161.16597,57.276897,0.34039572,0.0,0.9948744,0.034078218
965,441.7843,0.0,151.01111,57.276886,0.3362994,0.0,0.9675358,0.034078028
966,443.18457,0.0,165.07965,57.276855,0.33470994,0.0,0.9449369,0.034077838
967,502.17184,0.0,166.08028,57.276844,0.32361355,0.0,0.95325494,0.034077648
968,513.8214,0.0,168.97949,57.27685,0.3445359,0.0,0.9856051,0.03407746
969,452.60376,0.0,166.97382,57.27685,0.32418373,0.0,1.0029665,0.034077276
970,483.59552,0.0,197.01279,57.27685,0.33732277,0.0,0.9670483,0.034077086
971,465.07617,0.0,183.15155,57.276936,0.33834186,0.0,1.0003685,0.03407689
972,486.9124,0.0,154.89746,57.277046,0.32332024,0.0,0.9821553,0.0340767
973,459.3931,0.0,150.06349,57.27714,0.34050894,0.0,0.9730391,0.03407651
974,472.54718,0.0,147.15889,57.277203,0.33560425,0.0,0.9446602,0.034076322
975,536.69586,0.0,152.92383,57.2772,0.34035423,0.0,0.96811813,0.034076132
976,476.3685,0.0,150.48761,57.27718,0.33372757,0.0,0.9726963,0.034075946
977,478.5112,0.0,160.1824,57.277184,0.34016722,0.0,0.9725301,0.034075752
978,491.60635,0.0,181.15465,57.277245,0.3444329,0.0,0.9847838,0.034075566
979,457.70905,0.0,183.98738,57.277294,0.34597543,0.0,0.9914654,0.034075376
980,519.9514,0.0,157.29727,57.277348,0.334216,0.0,0.9722371,0.034075186
981,481.38953,0.0,146.34335,57.27741,0.33990434,0.0,0.9469223,0.034074992
982,521.39954,0.0,170.12148,57.27744,0.3345959,0.0,0.97122437,0.034074802
983,504.9147,0.0,167.13057,57.27747,0.34641185,0.0,0.94620067,0.034074612
984,532.2306,0.0,178.92935,57.27749,0.34070885,0.0,0.97544456,0.034074422
985,510.192,0.0,180.21513,57.27754,0.34149203,0.0,0.9811006,0.034074232
986,473.35312,0.0,166.20534,57.277542,0.33373323,0.0,1.000044,0.034074042
987,478.19757,0.0,153.57637,57.27751,0.34575018,0.0,0.9753268,0.034073856
988,502.09732,0.0,191.124,57.27742,0.3398827,0.0,0.98925465,0.034073662
989,504.5867,0.0,198.19792,57.277355,0.33387107,0.0,0.9765396,0.03407347
990,584.04065,0.0,154.8303,57.277374,0.33017674,0.0,0.950461,0.034073282
991,491.10916,0.0,188.32962,57.27742,0.33618525,0.0,0.9653224,0.034073092
992,497.4362,0.0,164.19597,57.277428,0.3428917,0.0,0.9772248,0.034072902
993,500.45935,0.0,141.03268,57.27742,0.3327811,0.0,0.96619326,0.034072705
994,462.21317,0.0,186.07753,57.27745,0.33409727,0.0,0.9944016,0.034072515
995,464.10336,0.0,147.17018,57.27744,0.3349033,0.0,0.9535619,0.034072325
996,468.74203,0.0,169.30403,57.277435,0.3277546,0.0,0.97420436,0.034072135
997,529.5078,0.0,152.72655,57.277447,0.34083137,0.0,0.9842097,0.03407194
998,454.77322,0.0,173.07384,57.277477,0.33889344,0.0,0.9870916,0.034071755
999,552.7126,0.0,182.61015,57.2775,0.327226,0.0,0.96769196,0.03407156
1000,446.59647,0.0,164.51485,57.27746,0.33283207,0.0,0.9862516,0.034071375
1001,586.6608,0.0,159.77791,57.277435,0.3341275,0.0,0.9743468,0.03407118
1002,466.73404,0.0,157.06108,57.277435,0.3355575,0.0,0.9868427,0.034070995
1003,482.2472,0.0,190.29688,57.277447,0.33348203,0.0,0.98813564,0.0340708
1004,471.41763,0.0,179.69647,57.277447,0.32602373,0.0,1.038129,0.03407061
1005,463.5634,0.0,178.2148,57.277447,0.343632,0.0,0.9772183,0.03407042
1006,447.9578,0.0,179.66963,57.27745,0.3446474,0.0,0.9664714,0.03407023
1007,477.95203,0.0,156.38919,57.277466,0.3456995,0.0,0.9470553,0.034070037
1008,469.76062,0.0,144.5944,57.27745,0.3433068,0.0,0.974032,0.034069844
1009,505.1017,0.0,158.52249,57.27742,0.32686237,0.0,0.9663166,0.03406963
1010,530.48126,0.0,197.02086,57.277416,0.33896738,0.0,0.9429355,0.03406942
1011,498.35635,0.0,160.04414,57.27746,0.33134142,0.0,0.9448091,0.034069207
1012,472.1262,0.0,158.6044,57.27752,0.33211726,0.0,1.0272263,0.034069
1013,480.15723,0.0,161.5398,57.277542,0.32837275,0.0,0.9992301,0.03406879
1014,512.98956,0.0,167.53928,57.2776,0.3453992,0.0,1.0058463,0.034068584
1015,508.2527,0.0,200.11552,57.277695,0.33944485,0.0,1.0207713,0.034068383
1016,456.8307,0.0,172.22751,57.277763,0.344156,0.0,0.95531094,0.034068182
1017,523.77893,0.0,153.88817,57.27784,0.32578585,0.0,0.989885,0.03406798
1018,495.25214,0.0,152.15137,57.2779,0.34343237,0.0,0.9657954,0.034067784
1019,457.65167,0.0,162.87065,57.277946,0.33884227,0.0,0.9730659,0.034067586
1020,477.44022,0.0,193.8941,57.27798,0.32604307,0.0,0.95960706,0.034067385
1021,495.05865,0.0,161.49675,57.27802,0.33776876,0.0,0.94247246,0.03406719
1022,498.12115,0.0,165.441,57.27808,0.33675385,0.0,1.0111035,0.034066994
1023,541.1019,0.0,171.62375,57.278175,0.34529394,0.0,0.9445189,0.0340668
1024,508.8709,0.0,155.59694,57.27823,0.34218988,0.0,1.0160935,0.034066606
1025,450.48926,0.0,157.69368,57.27826,0.33519083,0.0,0.9595404,0.03406641
1026,484.45053,0.0,147.6399,57.27828,0.3391506,0.0,0.9584905,0.034066215
1027,483.78314,0.0,158.42107,57.278286,0.33698943,0.0,0.99936384,0.03406602
1028,542.5659,0.0,168.05988,57.278297,0.330323,0.0,0.97944707,0.034065828
1029,449.23132,0.0,142.9574,57.278297,0.34487695,0.0,0.9573767,0.034065634
1030,482.24948,0.0,163.08815,57.278267,0.33393732,0.0,0.996964,0.034065444
1031,467.09146,0.0,165.09262,57.27831,0.35127896,0.0,0.9939262,0.03406525
1032,498.4705,0.0,169.62692,57.27837,0.3324775,0.0,0.9805402,0.034065064
1033,472.0691,0.0,153.32729,57.27844,0.34217453,0.0,1.0467557,0.034064867
1034,483.65024,0.0,153.66132,57.278522,0.34507415,0.0,0.95221496,0.034064677
1035,468.14294,0.0,154.84274,57.278606,0.33388844,0.0,0.9442379,0.034064483
1036,436.39502,0.0,179.24783,57.27866,0.33519807,0.0,0.9774329,0.03406429
1037,434.92078,0.0,156.96475,57.27868,0.3315781,0.0,0.9980915,0.0340641
1038,509.41113,0.0,181.29823,57.27869,0.33028495,0.0,0.9471301,0.034063905
1039,508.34656,0.0,163.50484,57.27866,0.33593196,0.0,0.9726578,0.03406371
1040,480.4458,0.0,160.66252,57.278625,0.3308194,0.0,0.9607721,0.03406352
1041,486.44366,0.0,161.29587,57.278618,0.32905555,0.0,0.96332306,0.034063328
1042,468.9108,0.0,168.34242,57.278637,0.33640957,0.0,0.9855334,0.034063138
1043,438.31348,0.0,153.34854,57.278667,0.32760167,0.0,1.0008585,0.034062944
1044,490.969,0.0,160.88744,57.27869,0.33866522,0.0,0.970747,0.034062754
1045,513.79395,0.0,173.00697,57.27877,0.3441487,0.0,0.9669661,0.034062564
1046,507.44214,0.0,166.8748,57.27888,0.34189498,0.0,0.9820588,0.034062374
1047,510.74017,0.0,154.76292,57.278946,0.33900025,0.0,1.0160031,0.034062184
1048,490.6584,0.0,160.82497,57.279003,0.3328809,0.0,1.0012426,0.03406199
1049,461.77667,0.0,165.08693,57.279037,0.33497834,0.0,0.9424657,0.034061797
1050,451.3089,0.0,149.95505,57.279057,0.33550274,0.0,0.9809981,0.03406161
1051,475.77823,0.0,167.46393,57.27908,0.3305342,0.0,0.9668593,0.034061417
1052,454.4539,0.0,178.58125,57.279095,0.330683,0.0,1.0033579,0.034061227
1053,500.78476,0.0,167.19385,57.2791,0.34660697,0.0,0.9599912,0.034061033
1054,522.9246,0.0,169.43018,57.279106,0.3418398,0.0,0.9868999,0.03406084
1055,504.50754,0.0,155.43724,57.279118,0.3318791,0.0,0.95116717,0.034060653
1056,480.65457,0.0,145.45497,57.279137,0.33156115,0.0,0.9679577,0.03406046
1057,471.37363,0.0,165.59111,57.279156,0.32826066,0.0,0.9805107,0.03406027
1058,483.88147,0.0,186.55084,57.27923,0.3298329,0.0,0.96020085,0.034060076
1059,497.0117,0.0,182.12561,57.27926,0.3275336,0.0,0.9664623,0.034059886
1060,514.3447,0.0,176.54329,57.27932,0.33049247,0.0,0.97477406,0.034059696
1061,480.07016,0.0,163.56508,57.279373,0.32746118,0.0,0.94271827,0.034059502
1062,528.8895,0.0,154.84102,57.279366,0.33840764,0.0,0.96477497,0.034059312
1063,466.14377,0.0,189.09625,57.279354,0.34308502,0.0,0.978473,0.034059122
1064,426.54764,0.0,159.03972,57.279324,0.32613558,0.0,0.9733344,0.03405893
1065,475.88712,0.0,150.75551,57.27933,0.34002382,0.0,0.99043274,0.03405874
1066,477.85944,0.0,162.60857,57.279354,0.33993876,0.0,0.98221445,0.03405855
1067,565.5044,0.0,156.49065,57.279377,0.33701977,0.0,0.991309,0.03405836
1068,473.64316,0.0,179.00777,57.279423,0.33849475,0.0,0.97217137,0.03405817
1069,455.59946,0.0,172.02841,57.279453,0.3493216,0.0,0.9683849,0.034057975
1070,510.9844,0.0,181.84595,57.279438,0.3348906,0.0,0.97850764,0.034057785
1071,470.52582,0.0,157.81422,57.279457,0.33439454,0.0,0.98880655,0.034057595
1072,492.3101,0.0,177.46468,57.279507,0.33545,0.0,0.9931338,0.0340574
1073,503.84622,0.0,168.03369,57.279545,0.33271867,0.0,0.93695265,0.034057215
1074,477.29883,0.0,173.00713,57.279568,0.3303786,0.0,0.97261304,0.03405702
1075,518.10565,0.0,167.0402,57.27963,0.3272902,0.0,0.97421974,0.034056827
1076,479.18298,0.0,161.70628,57.27963,0.34536672,0.0,0.98294985,0.034056637
1077,477.2824,0.0,156.82425,57.27958,0.33922577,0.0,0.98180366,0.034056444
1078,513.1246,0.0,194.00575,57.279537,0.33456028,0.0,0.9697692,0.03405625
1079,507.7569,0.0,182.56839,57.2795,0.3237017,0.0,0.9665184,0.034056064
1080,558.7056,0.0,202.53897,57.279556,0.34845382,0.0,0.96882045,0.03405587
1081,522.89246,0.0,186.97691,57.279556,0.34147948,0.0,0.9889762,0.03405568
1082,530.9693,0.0,167.5206,57.279537,0.3433853,0.0,0.97580606,0.034055486
1083,508.20636,0.0,196.3818,57.279514,0.32630786,0.0,0.953929,0.034055296
1084,496.1904,0.0,167.15878,57.2795,0.33480886,0.0,0.96487004,0.034055103
1085,475.02957,0.0,161.23587,57.27955,0.34472966,0.0,1.0036266,0.034054913
1086,495.42044,0.0,170.4648,57.27958,0.3415404,0.0,0.9402246,0.03405472
1087,463.09473,0.0,204.88036,57.27957,0.32962632,0.0,0.9723742,0.034054533
1088,481.4419,0.0,175.78407,57.279587,0.34064937,0.0,1.0048171,0.03405434
1089,539.87384,0.0,162.30116,57.279602,0.33941346,0.0,0.98977447,0.034054145
1090,477.6572,0.0,169.85681,57.2796,0.33331707,0.0,1.0152469,0.034053955
1091,459.57062,0.0,186.29166,57.27958,0.3520537,0.0,0.95708275,0.03405339
1092,520.32697,0.0,180.4458,57.279602,0.33536747,0.0,0.94237226,0.034053557
1093,462.7319,0.0,193.16019,57.279633,0.33691528,0.0,0.9721606,0.034054253
1094,498.05035,0.0,175.14467,57.27967,0.33085352,0.0,0.9579809,0.034055322
1095,434.59406,0.0,175.94424,57.279743,0.34229153,0.0,1.0028743,0.03405664
1096,486.40897,0.0,146.52681,57.279774,0.32745376,0.0,1.0031085,0.034058098
1097,481.26938,0.0,164.93759,57.279755,0.33923396,0.0,1.0126297,0.03405964
1098,523.53546,0.0,184.3969,57.279785,0.32596874,0.0,1.0019709,0.034061205
1099,503.59988,0.0,172.44305,57.27981,0.34377483,0.0,0.97095513,0.034062747
1100,472.7479,0.0,189.84952,57.279846,0.34588796,0.0,0.9837157,0.034064237
1101,591.67126,0.0,164.82982,57.279858,0.33128715,0.0,0.9813456,0.034065656
1102,485.06506,0.0,150.98108,57.279827,0.33474937,0.0,0.968006,0.034066997
1103,456.9359,0.0,176.54178,57.279785,0.33564934,0.0,1.0357361,0.034068245
1104,486.58243,0.0,209.27805,57.279755,0.33178908,0.0,0.98899215,0.034069397
1105,479.5069,0.0,188.09697,57.27971,0.3444491,0.0,0.9323729,0.03407045
1106,474.13403,0.0,171.45609,57.279682,0.3344058,0.0,1.0122768,0.034071412
1107,418.83783,0.0,169.1874,57.279663,0.33605042,0.0,0.9885891,0.034072272
1108,461.1785,0.0,182.30133,57.279633,0.34036297,0.0,0.9763382,0.03407305
1109,474.33182,0.0,223.93126,57.279568,0.3455844,0.0,0.9695343,0.034073737
1110,429.64935,0.0,160.86961,57.2795,0.34538466,0.0,0.9770847,0.034074344
1111,452.77634,0.0,152.8793,57.279446,0.33426595,0.0,1.0057517,0.034074876
1112,559.5989,0.0,172.03513,57.279385,0.3299776,0.0,1.0032052,0.034075335
1113,465.21964,0.0,164.80434,57.279343,0.3329761,0.0,0.96588683,0.034075726
1114,445.1677,0.0,171.4069,57.27935,0.32551467,0.0,0.9578856,0.034076057
1115,426.53647,0.0,197.04105,57.279392,0.3354973,0.0,0.9993525,0.03407634
1116,485.42303,0.0,170.37885,57.279465,0.3286114,0.0,0.978013,0.034076564
1117,429.27185,0.0,182.31569,57.27956,0.3354359,0.0,0.97834545,0.034076743
1118,506.98834,0.0,181.04529,57.279633,0.32978573,0.0,0.97090286,0.034076884
1119,473.93573,0.0,167.55907,57.2797,0.33107635,0.0,1.0141042,0.034076974
1120,516.07935,0.0,163.37631,57.279766,0.3313184,0.0,0.9660236,0.03407704
1121,455.44888,0.0,190.9222,57.279816,0.33988547,0.0,0.9667053,0.034077074
1122,505.7906,0.0,170.51474,57.279846,0.33003035,0.0,0.9863552,0.03407708
1123,481.1223,0.0,178.03926,57.279877,0.3305879,0.0,0.9686102,0.034077056
1124,455.07242,0.0,199.46425,57.27996,0.33761954,0.0,0.9527026,0.034077004
1125,510.78854,0.0,179.7965,57.28007,0.3273932,0.0,1.0283712,0.03407694
1126,547.2564,0.0,181.92038,57.280144,0.33435115,0.0,0.95848846,0.03407685
1127,456.29196,0.0,170.39268,57.280243,0.3395113,0.0,0.946978,0.03407675
1128,553.5059,0.0,190.47697,57.280285,0.33620802,0.0,0.9692014,0.034076627
1129,466.40997,0.0,153.82436,57.28034,0.33285528,0.0,0.94194055,0.034076493
1130,444.3434,0.0,164.21877,57.280388,0.3338995,0.0,0.99134403,0.034076348
1131,484.7476,0.0,174.73553,57.28043,0.34008005,0.0,0.98666877,0.034076195
1132,498.4826,0.0,170.17804,57.28041,0.32676154,0.0,0.98344284,0.03407603
1133,507.25122,0.0,180.59882,57.28035,0.33200413,0.0,1.1110003,0.034075856
1134,529.59686,0.0,176.00864,57.280273,0.33941957,0.0,0.9616132,0.034075677
1135,498.4124,0.0,164.4225,57.280186,0.3236237,0.0,0.96671253,0.034075487
1136,524.61835,0.0,187.83733,57.280113,0.33767593,0.0,0.98347765,0.034075294
1137,472.6687,0.0,211.75133,57.28006,0.3433679,0.0,0.9978602,0.034075096
1138,548.29675,0.0,160.0265,57.280018,0.34064358,0.0,0.9605039,0.034074895
1139,459.71066,0.0,167.98409,57.279957,0.34276524,0.0,0.99507767,0.03407469
1140,563.4516,0.0,170.46706,57.279938,0.33234045,0.0,0.97086245,0.03407448
1141,492.65674,0.0,191.73703,57.279938,0.33614594,0.0,0.98355305,0.034074273
1142,474.59137,0.0,193.1912,57.27993,0.34669113,0.0,0.9907616,0.034074053
1143,535.98816,0.0,163.33975,57.279903,0.33418804,0.0,0.95831364,0.034073837
1144,456.33713,0.0,197.64772,57.27992,0.33665726,0.0,0.9712812,0.034073614
1145,537.30273,0.0,167.45232,57.279896,0.33169103,0.0,0.9774578,0.034073394
1146,484.21027,0.0,165.05128,57.279816,0.3355222,0.0,0.97618574,0.034073167
1147,468.0112,0.0,174.34607,57.27975,0.33448663,0.0,0.9873213,0.034072943
1148,486.32492,0.0,153.82236,57.27967,0.34062472,0.0,0.9581113,0.03407272
1149,514.0996,0.0,142.58778,57.279602,0.3334244,0.0,0.97461957,0.034072485
1150,480.6672,0.0,168.08498,57.279545,0.34646094,0.0,1.0343028,0.034072258
1151,416.91235,0.0,175.76086,57.279545,0.34220436,0.0,0.98321015,0.034071993
1152,490.7862,0.0,177.64519,57.279526,0.32633883,0.0,0.99692714,0.034071736
1153,514.49817,0.0,177.27489,57.279526,0.3395071,0.0,0.9966691,0.03407148
1154,539.253,0.0,182.1429,57.279526,0.3396773,0.0,0.9620581,0.034071226
1155,501.5228,0.0,186.10588,57.279537,0.3368768,0.0,0.9800313,0.03407098
1156,524.3679,0.0,205.09755,57.279514,0.34822583,0.0,0.9638499,0.03407073
1157,504.13815,0.0,176.79683,57.27952,0.34204283,0.0,0.9948761,0.034070488
1158,454.36496,0.0,163.23996,57.279476,0.33144438,0.0,0.9775626,0.034070242
1159,482.8947,0.0,178.00739,57.279423,0.349238,0.0,0.96228296,0.03407
1160,488.6859,0.0,153.27202,57.279427,0.33708823,0.0,0.9618022,0.034069758
1161,437.5762,0.0,157.25766,57.2795,0.33879197,0.0,0.97797114,0.034069516
1162,487.1746,0.0,151.16843,57.27957,0.335099,0.0,0.9774204,0.034069277
1163,485.8464,0.0,180.12337,57.27963,0.32983527,0.0,0.9482543,0.034069043
1164,469.36908,0.0,179.18779,57.27963,0.33832023,0.0,0.9563989,0.034068804
1165,468.06055,0.0,151.5218,57.27957,0.3350655,0.0,0.9804869,0.03406857
1166,459.33743,0.0,160.81885,57.279495,0.33969554,0.0,0.9746508,0.034068335
1167,488.20743,0.0,161.9204,57.279476,0.3294132,0.0,0.9498208,0.0340681
1168,520.274,0.0,150.38788,57.2795,0.3333727,0.0,0.97271043,0.03406787
1169,489.06693,0.0,167.46887,57.279495,0.31948546,0.0,0.9942874,0.034067634
1170,487.7877,0.0,169.8044,57.279507,0.33880743,0.0,0.9481338,0.034067404
1171,555.8259,0.0,149.30534,57.279484,0.346292,0.0,0.9937827,0.034067173
1172,510.6534,0.0,181.58751,57.279495,0.33351925,0.0,0.94435817,0.03406694
1173,540.52985,0.0,181.89482,57.27958,0.35571256,0.0,0.9513158,0.03406671
1174,426.02832,0.0,159.30743,57.279682,0.3349231,0.0,0.97835946,0.03406648
1175,537.25824,0.0,183.30351,57.279766,0.33697566,0.0,1.0028489,0.034066252
1176,496.93665,0.0,158.7581,57.279804,0.3494559,0.0,0.98194414,0.03406602
1177,546.6001,0.0,148.91495,57.279823,0.33193487,0.0,0.9685238,0.034065794
1178,512.04456,0.0,150.96823,57.279854,0.3271501,0.0,0.9794592,0.034065567
1179,507.02036,0.0,167.33743,57.279858,0.3309601,0.0,0.98141927,0.034065343
1180,478.9975,0.0,183.5872,57.279877,0.32453957,0.0,0.96937585,0.03406512
1181,552.09625,0.0,159.15785,57.279896,0.33315447,0.0,0.98263055,0.034064893
1182,495.21396,0.0,151.3068,57.279877,0.33894074,0.0,0.9789622,0.034064665
1183,482.87003,0.0,163.41832,57.279804,0.33339608,0.0,0.95985436,0.03406444
1184,547.6919,0.0,141.6153,57.279713,0.3377275,0.0,0.96514094,0.034064215
1185,475.98914,0.0,174.29721,57.27961,0.3422275,0.0,0.9575554,0.034063987
1186,512.4155,0.0,138.32127,57.279488,0.32813057,0.0,0.96559954,0.034063764
1187,476.39627,0.0,157.01625,57.279392,0.33778366,0.0,0.9979627,0.03406354
1188,487.94464,0.0,188.18602,57.27933,0.3352918,0.0,0.9985631,0.034063317
1189,448.55487,0.0,170.97249,57.27927,0.3334298,0.0,0.9816603,0.034063093
1190,488.40207,0.0,199.63899,57.279232,0.33768559,0.0,0.9893267,0.034062877
1191,449.93777,0.0,186.3805,57.279156,0.32734343,0.0,0.94304824,0.034062654
1192,470.02805,0.0,181.09538,57.27911,0.33045748,0.0,0.9740893,0.03406243
1193,494.6024,0.0,162.42345,57.27915,0.3312203,0.0,0.98561525,0.03406221
1194,508.32886,0.0,176.73619,57.279213,0.3307844,0.0,0.9812641,0.034061994
1195,517.3617,0.0,163.74054,57.27927,0.32600677,0.0,0.9757134,0.03406177
1196,512.7804,0.0,152.65155,57.27926,0.34092805,0.0,0.97716457,0.034061547
1197,500.28482,0.0,159.74742,57.279305,0.34846264,0.0,0.94758564,0.034061324
1198,542.04755,0.0,158.32784,57.279377,0.3342142,0.0,0.99223757,0.034061108
1199,496.91678,0.0,203.38962,57.279446,0.33968365,0.0,0.9905824,0.03406089
1200,477.88962,0.0,154.18866,57.279545,0.34031808,0.0,0.9700312,0.034060672
1201,498.7921,0.0,176.1685,57.27966,0.32897773,0.0,0.97342414,0.03406045
1202,513.32324,0.0,168.26038,57.279804,0.3353789,0.0,0.95611215,0.034060232
1203,486.0569,0.0,152.50258,57.27996,0.34255752,0.0,0.96608263,0.034060016
1204,493.21146,0.0,160.6998,57.280052,0.33743265,0.0,0.969393,0.034059796
1205,431.91263,0.0,181.6557,57.28011,0.33364847,0.0,0.9666728,0.03405958
1206,473.86536,0.0,165.45662,57.28018,0.33951503,0.0,1.0038284,0.034059364
1207,477.71683,0.0,142.4479,57.280247,0.33883095,0.0,0.9786643,0.03405915
1208,469.74765,0.0,174.17441,57.280308,0.34163815,0.0,0.9844568,0.034058932
1209,493.64435,0.0,197.52892,57.280327,0.34004614,0.0,0.976754,0.034058716
1210,473.45697,0.0,186.73943,57.280327,0.34444216,0.0,0.964977,0.034058496
1211,506.4557,0.0,166.89822,57.280365,0.33096626,0.0,0.9627187,0.03405828
1212,469.99634,0.0,177.30621,57.280396,0.32916668,0.0,0.97262436,0.034058068
1213,444.3506,0.0,177.11208,57.280453,0.34480315,0.0,0.99524754,0.03405785
1214,511.53314,0.0,160.90414,57.280563,0.33932015,0.0,0.9463665,0.034057632
1215,457.6962,0.0,149.76137,57.280663,0.3491743,0.0,0.968152,0.03405742
1216,467.1772,0.0,177.711,57.280685,0.34582183,0.0,0.9813877,0.034057204
1217,578.3316,0.0,152.8289,57.28071,0.33411402,0.0,0.9589634,0.03405699
1218,493.51736,0.0,133.579,57.280735,0.33494785,0.0,1.0093902,0.03405678
1219,489.72415,0.0,184.84865,57.280758,0.331641,0.0,0.9857482,0.034056567
1220,488.50397,0.0,192.75928,57.2808,0.34069306,0.0,0.97289366,0.034056347
1221,500.19485,0.0,189.5219,57.28083,0.34074974,0.0,0.9967687,0.034056135
1222,505.06665,0.0,159.86559,57.280838,0.32668257,0.0,0.9899326,0.034055922
1223,489.27036,0.0,160.352,57.28084,0.33194345,0.0,0.99424833,0.034055706
1224,481.6835,0.0,171.80458,57.28083,0.33040085,0.0,0.9863869,0.034055497
1225,438.22397,0.0,166.94212,57.28083,0.34142587,0.0,0.9883737,0.03405528
1226,510.20132,0.0,161.9376,57.28085,0.32865083,0.0,0.98048186,0.03405507
1227,488.35233,0.0,167.39357,57.28088,0.33343422,0.0,0.9703367,0.034054857
1228,517.44885,0.0,157.63307,57.2809,0.3430602,0.0,1.0105313,0.034054644
1229,518.45807,0.0,151.89513,57.280903,0.34145612,0.0,0.95071816,0.034054436
1230,482.09448,0.0,158.43704,57.28093,0.3240909,0.0,0.97386307,0.034054223
1231,480.34668,0.0,172.87776,57.280983,0.33517933,0.0,0.97529083,0.03405401
1232,568.61066,0.0,182.94441,57.281067,0.3399655,0.0,0.997566,0.0340538
1233,529.2909,0.0,182.6716,57.281143,0.33743876,0.0,0.9673644,0.03405359
1234,491.37332,0.0,193.2221,57.2812,0.34062824,0.0,0.98432016,0.034053378
1235,522.0779,0.0,154.32172,57.281277,0.32609716,0.0,0.9808749,0.034053165
1236,511.98477,0.0,151.33136,57.28129,0.33048254,0.0,0.9838406,0.034052957
1237,531.3165,0.0,170.85837,57.28132,0.3382652,0.0,0.9983716,0.03405274
1238,497.87927,0.0,182.45764,57.281338,0.3377486,0.0,0.96404064,0.034052536
1239,436.90356,0.0,167.7097,57.28134,0.34175137,0.0,0.98090947,0.03405232
1240,491.4618,0.0,176.64777,57.28135,0.33926722,0.0,0.9781119,0.03405211
1241,429.98187,0.0,171.83727,57.281353,0.33302656,0.0,1.0111248,0.034051903
1242,481.4598,0.0,153.09293,57.28133,0.336668,0.0,0.9947538,0.03405169
1243,510.32898,0.0,165.96432,57.2813,0.33624384,0.0,0.97061974,0.03405148
1244,504.70374,0.0,156.96822,57.281277,0.34368017,0.0,0.98341507,0.034051277
1245,458.00116,0.0,173.03482,57.281216,0.3295359,0.0,0.9812444,0.034051064
1246,455.40265,0.0,146.83452,57.281185,0.34968853,0.0,0.94989955,0.034050852
1247,480.847,0.0,153.32494,57.28117,0.33520207,0.0,1.0075457,0.034050643
1248,479.59222,0.0,167.28534,57.281143,0.33350042,0.0,0.97943497,0.034050435
1249,505.44556,0.0,154.0652,57.281143,0.33987382,0.0,0.9808848,0.03405023
1250,533.979,0.0,155.94698,57.28119,0.3431385,0.0,0.9988547,0.034050018
1251,491.25897,0.0,166.38736,57.2812,0.32029712,0.0,0.9892602,0.03404981
1252,499.97864,0.0,170.76921,57.28119,0.33660036,0.0,0.94761723,0.034049597
1253,498.64374,0.0,194.3472,57.281166,0.33406034,0.0,0.98043406,0.03404939
1254,445.5039,0.0,159.12029,57.281143,0.32224044,0.0,0.95512736,0.034049183
1255,433.9069,0.0,155.35133,57.281082,0.32856223,0.0,0.9918495,0.034048975
1256,459.01892,0.0,164.13411,57.281025,0.33663335,0.0,0.9564382,0.034048766
1257,516.7348,0.0,196.8565,57.281006,0.34542578,0.0,0.9555913,0.03404856
1258,470.44797,0.0,177.9286,57.280994,0.3356044,0.0,0.9234694,0.034048356
1259,543.91406,0.0,169.82649,57.281036,0.33977064,0.0,0.95585275,0.034048144
1260,470.5847,0.0,166.44992,57.281063,0.33698067,0.0,0.9723827,0.03405187
1261,538.4721,0.0,181.55655,57.281055,0.33443558,0.0,0.96744335,0.034056183
1262,512.13116,0.0,152.7276,57.281097,0.32825786,0.0,1.0074229,0.034060832
1263,528.11584,0.0,158.05936,57.281113,0.32807636,0.0,0.98702544,0.03406564
1264,492.8803,0.0,133.8237,57.281094,0.32655665,0.0,0.9661475,0.03407047
1265,544.08466,0.0,180.414,57.281116,0.33535516,0.0,0.9692926,0.03407521
1266,471.4057,0.0,156.67322,57.281116,0.3351143,0.0,1.0460403,0.034079805
1267,476.669,0.0,156.94583,57.281082,0.32635078,0.0,0.9773664,0.03408419
1268,461.22797,0.0,149.3421,57.281044,0.34774372,0.0,0.9569018,0.034088336
1269,466.00912,0.0,163.38478,57.281036,0.33023039,0.0,0.9813109,0.03409223
1270,432.81104,0.0,183.18126,57.281013,0.33436364,0.0,0.9570413,0.034095846
1271,489.8326,0.0,161.34915,57.280994,0.33853048,0.0,0.9714008,0.0340992
1272,505.432,0.0,178.8322,57.28096,0.33673432,0.0,1.0283502,0.034102283
1273,550.45233,0.0,162.38322,57.28091,0.34180838,0.0,0.9590867,0.034105115
1274,448.10812,0.0,171.1237,57.2809,0.32511678,0.0,0.96516556,0.034107693
1275,519.3057,0.0,169.13069,57.280922,0.33637872,0.0,0.9762636,0.03411004
1276,466.40414,0.0,180.32962,57.28093,0.3447549,0.0,0.96096104,0.034112167
1277,503.8849,0.0,167.04915,57.28089,0.33694336,0.0,0.99716264,0.03411408
1278,481.27716,0.0,174.83258,57.28088,0.34640345,0.0,1.0023891,0.0341158
1279,478.81665,0.0,170.52412,57.28088,0.33457354,0.0,0.97044283,0.034117352
1280,484.02875,0.0,150.96866,57.28089,0.34951806,0.0,0.99266535,0.034118723
1281,475.9684,0.0,148.47118,57.28091,0.33832583,0.0,0.98709834,0.034119952
1282,483.63193,0.0,186.45119,57.28089,0.33229488,0.0,1.0004833,0.034121037
1283,514.29803,0.0,152.24821,57.280857,0.32591107,0.0,0.99527514,0.03412199
1284,420.98877,0.0,194.5274,57.280838,0.32933864,0.0,1.0022132,0.034122836
1285,517.6739,0.0,152.67278,57.28082,0.33301744,0.0,0.994663,0.034123566
1286,446.47174,0.0,151.92224,57.28083,0.33191007,0.0,1.005538,0.0341242
1287,535.824,0.0,148.82881,57.280872,0.34904346,0.0,0.98541576,0.034124747
1288,475.42166,0.0,160.39131,57.280922,0.33469513,0.0,0.9710462,0.034125216
1289,502.00946,0.0,155.29555,57.280983,0.3358312,0.0,0.9666757,0.034125615
1290,450.88077,0.0,152.38731,57.281025,0.33827034,0.0,0.97156703,0.034125943
1291,482.8744,0.0,158.33238,57.28105,0.34326196,0.0,1.0072702,0.034126207
1292,471.46283,0.0,161.88956,57.281097,0.32862148,0.0,0.9535123,0.034126423
1293,438.00937,0.0,157.86726,57.281116,0.32848963,0.0,0.9436631,0.034126595
1294,567.06354,0.0,161.52353,57.281105,0.3372971,0.0,0.9947109,0.034126714
1295,517.5515,0.0,171.81453,57.281105,0.35131538,0.0,0.9640696,0.034126803
1296,534.13934,0.0,167.77197,57.281116,0.33434162,0.0,0.9929841,0.03412685
1297,464.1348,0.0,176.72336,57.28116,0.34070995,0.0,0.96533495,0.034126874
1298,576.94165,0.0,167.25221,57.28122,0.33412716,0.0,0.95278347,0.03412686
1299,439.6172,0.0,176.47871,57.281277,0.33352175,0.0,0.9474532,0.03412682
1300,472.0068,0.0,187.28357,57.281258,0.34113705,0.0,0.96012384,0.034126766
1301,484.13953,0.0,148.58267,57.28123,0.33052787,0.0,0.96786714,0.034126684
1302,456.3735,0.0,173.68301,57.28122,0.34142134,0.0,0.9899163,0.034126583
1303,550.05817,0.0,171.81136,57.281216,0.3390618,0.0,1.00081,0.03412647
1304,445.7538,0.0,178.31856,57.28125,0.34197202,0.0,0.97628987,0.034126375
1305,485.73236,0.0,164.58186,57.2813,0.328788,0.0,0.9916576,0.03412626
1306,473.6124,0.0,180.90334,57.281322,0.33448362,0.0,0.977763,0.034126133
1307,489.46902,0.0,187.1403,57.28133,0.3276113,0.0,0.96608645,0.034125987
1308,449.51562,0.0,172.72403,57.28134,0.33266243,0.0,0.94212186,0.03412584
1309,483.7067,0.0,164.35645,57.281307,0.33984533,0.0,0.96800345,0.03412568
1310,474.18948,0.0,164.78513,57.281307,0.33304152,0.0,0.97633135,0.034125507
1311,536.15186,0.0,160.19412,57.281353,0.33772162,0.0,0.9485468,0.03412533
1312,472.8155,0.0,152.14082,57.281414,0.32726267,0.0,0.9756941,0.03412515
1313,499.1608,0.0,159.69102,57.281464,0.33684614,0.0,0.9840651,0.03412495
1314,493.41458,0.0,194.13445,57.281483,0.32652873,0.0,0.995726,0.034124758
1315,442.02325,0.0,159.87422,57.281487,0.33589044,0.0,1.0000364,0.034124557
1316,542.7237,0.0,164.79326,57.281536,0.33743823,0.0,0.97007865,0.03412435
1317,450.48187,0.0,179.88036,57.28161,0.3322042,0.0,0.9930959,0.034124136
1318,490.3795,0.0,170.9122,57.281723,0.33113605,0.0,0.96107686,0.03412392
1319,527.6347,0.0,161.43925,57.281845,0.34416035,0.0,0.9985574,0.034123708
1320,481.2036,0.0,189.47467,57.281902,0.33329183,0.0,0.98287,0.03412348
1321,464.4571,0.0,181.16708,57.281963,0.32259497,0.0,0.96159095,0.034123257
1322,475.62265,0.0,143.55179,57.282017,0.325014,0.0,1.0123497,0.034123033
1323,480.90234,0.0,162.00528,57.282055,0.3423802,0.0,0.9691953,0.034122806
1324,486.73917,0.0,187.56288,57.28212,0.3433296,0.0,0.9657065,0.03412258
1325,490.29773,0.0,152.27728,57.28215,0.33041313,0.0,0.95015514,0.034122348
1326,545.4789,0.0,159.22049,57.28217,0.3269676,0.0,1.0735667,0.034122117
1327,418.52792,0.0,151.85905,57.28219,0.34599662,0.0,0.95452386,0.034121886
1328,470.47696,0.0,171.91917,57.28217,0.33768728,0.0,0.9899061,0.03412165
1329,484.4534,0.0,177.78264,57.28212,0.3256025,0.0,1.0173177,0.034121417
1330,486.25714,0.0,162.47963,57.28206,0.33773246,0.0,0.9719032,0.03412152
1331,496.87262,0.0,143.14542,57.282036,0.3389225,0.0,0.989024,0.034121618
1332,490.09222,0.0,223.6361,57.28201,0.32949626,0.0,1.0170301,0.03412171
1333,486.82962,0.0,193.95515,57.281948,0.33447018,0.0,0.96776175,0.034121793
1334,456.8286,0.0,161.78535,57.281895,0.32877943,0.0,1.0074931,0.03412186
1335,471.3938,0.0,175.18642,57.281895,0.34440115,0.0,0.9689542,0.03412191
1336,552.87384,0.0,164.79857,57.281918,0.3224123,0.0,0.9969036,0.03412194
1337,468.86526,0.0,148.99635,57.281937,0.33124426,0.0,0.9707581,0.034121953
1338,459.0932,0.0,159.31447,57.281933,0.32685444,0.0,0.974802,0.03412195
1339,475.7536,0.0,164.40674,57.281933,0.34366825,0.0,0.969929,0.03412193
1340,521.73444,0.0,161.09515,57.281918,0.3325006,0.0,0.9526985,0.034122087
1341,526.7296,0.0,163.37216,57.281948,0.34381303,0.0,0.9875614,0.034123246
1342,507.21698,0.0,195.85007,57.281994,0.33179155,0.0,0.98455095,0.034124948
1343,552.74866,0.0,174.09479,57.281998,0.33337504,0.0,1.0080991,0.034127004
1344,497.66058,0.0,173.68312,57.282024,0.3376655,0.0,0.96638465,0.03412928
1345,526.8532,0.0,165.11151,57.282024,0.32128,0.0,0.9785798,0.03413167
1346,517.8372,0.0,153.11223,57.282024,0.32962596,0.0,0.9586048,0.034134082
1347,517.4126,0.0,171.60283,57.281986,0.34356588,0.0,0.9896119,0.034136467
1348,501.7515,0.0,170.76859,57.281948,0.34158954,0.0,0.97332245,0.03413878
1349,512.55054,0.0,155.07501,57.281918,0.33896413,0.0,0.9626863,0.034140985
1350,535.43774,0.0,167.18631,57.281887,0.34366795,0.0,0.9608134,0.034143068
1351,501.89633,0.0,160.91296,57.28186,0.3278773,0.0,0.98151106,0.034145016
1352,490.05865,0.0,161.00215,57.281803,0.34083635,0.0,0.9904133,0.034146823
1353,485.30243,0.0,173.7481,57.28183,0.34055018,0.0,0.98868537,0.03414848
1354,556.2677,0.0,157.52705,57.281853,0.34915364,0.0,0.9546323,0.03415
1355,488.73096,0.0,153.9586,57.28181,0.32858136,0.0,0.99644685,0.034151375
1356,517.4396,0.0,168.89314,57.281773,0.34617206,0.0,0.95955044,0.03415262
1357,518.51575,0.0,175.37686,57.2818,0.3441473,0.0,1.0040696,0.034153737
1358,485.8062,0.0,178.2234,57.281742,0.34449336,0.0,0.9628778,0.034154728
1359,561.1431,0.0,153.55547,57.28172,0.34401634,0.0,0.95680225,0.034155603
1360,508.2862,0.0,175.50732,57.281696,0.35276705,0.0,0.97853905,0.034156382
1361,504.14816,0.0,163.41367,57.28165,0.3373169,0.0,0.9645032,0.03415706
1362,461.0944,0.0,159.50096,57.28162,0.335546,0.0,0.98237646,0.03415765
1363,490.04837,0.0,194.10123,57.281586,0.3313729,0.0,0.9909237,0.034158148
1364,469.68698,0.0,187.35846,57.281567,0.33409682,0.0,0.9419605,0.034158573
1365,489.03955,0.0,160.4098,57.281567,0.33069018,0.0,0.9692764,0.03415893
1366,516.3896,0.0,159.71883,57.281567,0.3408335,0.0,0.99344367,0.034159232
1367,524.1027,0.0,161.47774,57.281586,0.3377161,0.0,0.9692551,0.034159463
1368,448.91986,0.0,151.14633,57.281597,0.3339916,0.0,0.97186315,0.034159645
1369,500.51437,0.0,162.88326,57.281597,0.33298516,0.0,0.9724103,0.034159776
1370,475.9837,0.0,171.09532,57.281578,0.33378005,0.0,0.96649015,0.034159876
1371,496.93845,0.0,176.12083,57.281578,0.32046255,0.0,1.0045713,0.03415993
1372,476.05792,0.0,170.6842,57.281567,0.34130818,0.0,0.9807935,0.034159947
1373,490.91733,0.0,171.47197,57.281555,0.32955697,0.0,0.9651321,0.034159936
1374,489.23154,0.0,164.5956,57.281555,0.32438496,0.0,0.96354675,0.03415989
1375,502.9817,0.0,190.59354,57.281555,0.33247557,0.0,0.9613692,0.03415982
1376,469.69666,0.0,166.9948,57.281555,0.32217148,0.0,0.99218035,0.03415973
1377,496.11725,0.0,184.17607,57.281555,0.33160925,0.0,0.98826915,0.03415962
1378,495.9634,0.0,162.90033,57.281605,0.32519916,0.0,0.98618394,0.03415949
1379,448.73117,0.0,187.06296,57.28168,0.3322297,0.0,0.9952417,0.03415934
1380,524.4634,0.0,170.56458,57.28179,0.3401035,0.0,0.992086,0.03415918
1381,455.807,0.0,180.55739,57.281845,0.3413542,0.0,0.98815686,0.03415901
1382,466.17752,0.0,156.7936,57.281876,0.32652488,0.0,0.9958244,0.034158822
1383,580.6194,0.0,206.95338,57.281918,0.3311012,0.0,0.9960107,0.03415863
1384,495.24692,0.0,150.81471,57.281933,0.33705464,0.0,0.97703034,0.034158424
1385,457.28983,0.0,149.24957,57.281918,0.33104274,0.0,0.98923427,0.034158207
1386,485.39148,0.0,182.9972,57.281975,0.32569307,0.0,0.93937343,0.034157988
1387,603.856,0.0,151.30101,57.282017,0.33106053,0.0,0.99830234,0.03415776
1388,583.0386,0.0,149.31615,57.282036,0.32972813,0.0,0.96802187,0.034157522
1389,514.02924,0.0,168.96605,57.282024,0.3316736,0.0,0.9917737,0.034157287
1390,486.85486,0.0,180.67926,57.28203,0.34034717,0.0,0.98051363,0.03415705
1391,468.34106,0.0,145.47545,57.282005,0.3395422,0.0,0.95153666,0.034156803
1392,494.39078,0.0,173.29193,57.281937,0.34026012,0.0,0.96814996,0.03415655
1393,453.09464,0.0,158.6456,57.281845,0.3419917,0.0,0.994559,0.034156304
1394,480.53268,0.0,158.82387,57.28175,0.33952692,0.0,0.996823,0.03415605
1395,482.94528,0.0,165.54575,57.28169,0.33146515,0.0,0.9854954,0.034155793
1396,476.99475,0.0,184.47722,57.28166,0.33563977,0.0,0.9822094,0.034155533
1397,500.6087,0.0,175.18001,57.281647,0.34370682,0.0,0.97943383,0.034155272
1398,457.42038,0.0,145.04785,57.28169,0.34268838,0.0,0.9762141,0.03415501
1399,450.27106,0.0,169.23645,57.28174,0.34827486,0.0,0.98967606,0.034154754
1400,494.4409,0.0,160.61977,57.281773,0.33488402,0.0,0.98390627,0.034154493
1401,444.40915,0.0,183.07895,57.281803,0.33706293,0.0,0.96383107,0.03415423
1402,472.55753,0.0,163.73044,57.281834,0.32689884,0.0,0.99466157,0.034153968
1403,476.74472,0.0,171.17607,57.281902,0.33939853,0.0,0.98499435,0.034153704
1404,474.0189,0.0,160.40091,57.281937,0.32710677,0.0,1.0184351,0.034153443
1405,496.931,0.0,163.31308,57.281963,0.32649726,0.0,0.94134,0.03415318
1406,482.0415,0.0,162.10529,57.281963,0.33687308,0.0,0.96392566,0.03415292
1407,489.2613,0.0,156.95961,57.281975,0.32433686,0.0,0.96774447,0.03415266
1408,454.23544,0.0,152.90833,57.28201,0.33902028,0.0,0.96438664,0.034152396
1409,442.36157,0.0,189.1084,57.282055,0.33133307,0.0,0.9517189,0.03415213
1410,419.68332,0.0,167.07413,57.2821,0.32237077,0.0,0.96550167,0.03415187
1411,465.45612,0.0,181.56476,57.28216,0.32560062,0.0,0.9953944,0.034151614
1412,470.681,0.0,153.81865,57.28222,0.3263204,0.0,0.9360236,0.03415135
1413,462.72717,0.0,161.85947,57.28224,0.33096433,0.0,1.0058304,0.034151092
1414,543.3428,0.0,159.45935,57.282253,0.3348208,0.0,0.9953447,0.03415083
1415,461.0602,0.0,152.91629,57.282272,0.3483752,0.0,0.9547563,0.03415057
1416,441.56958,0.0,165.6948,57.282284,0.33035597,0.0,0.9638241,0.034150314
1417,486.93558,0.0,184.9527,57.282326,0.34728745,0.0,0.9843727,0.03415006
1418,462.1909,0.0,162.07405,57.282356,0.33537415,0.0,0.98497504,0.0341498
1419,559.5306,0.0,188.34447,57.282364,0.33649552,0.0,0.9836475,0.034149542
1420,532.8383,0.0,146.7016,57.2824,0.34525794,0.0,0.9848067,0.034149285
1421,422.62872,0.0,176.35191,57.28243,0.32951614,0.0,1.0102361,0.034149032
1422,498.74323,0.0,162.70476,57.28244,0.33467412,0.0,0.9993435,0.034148775
1423,459.22464,0.0,157.53217,57.282436,0.3374375,0.0,1.018429,0.034148563
1424,497.43225,0.0,161.93727,57.282368,0.33577245,0.0,0.95922315,0.034148354
1425,501.98486,0.0,186.11136,57.282314,0.32827854,0.0,0.9486524,0.03414814
1426,460.07687,0.0,159.69241,57.28229,0.34102523,0.0,0.9900795,0.034147922
1427,530.5904,0.0,164.60843,57.282303,0.3383637,0.0,0.95554787,0.03414771
1428,529.53955,0.0,148.586,57.282314,0.33789226,0.0,0.9664477,0.034147497
1429,496.69662,0.0,179.10309,57.282337,0.33806145,0.0,0.9612373,0.034147277
1430,424.1382,0.0,150.5162,57.282417,0.341504,0.0,0.9569738,0.034147058
1431,485.1951,0.0,164.23871,57.28252,0.33724904,0.0,0.9810796,0.034146838
1432,443.21365,0.0,157.93712,57.2826,0.3400359,0.0,0.98079056,0.034146618
1433,417.2135,0.0,156.09251,57.282692,0.32825986,0.0,1.0010457,0.03414639
1434,441.6704,0.0,151.69606,57.282784,0.33976924,0.0,0.99382627,0.034146164
1435,444.8619,0.0,150.63512,57.282818,0.33669928,0.0,0.9449946,0.034145944
1436,483.614,0.0,176.13432,57.282784,0.3232716,0.0,0.9717424,0.03414571
1437,461.3221,0.0,190.83876,57.282726,0.334718,0.0,0.97202325,0.034145486
1438,471.3053,0.0,180.647,57.282665,0.32836902,0.0,1.0049477,0.034145255
1439,477.84357,0.0,165.44225,57.28263,0.3287215,0.0,0.98178,0.034145027
1440,506.37558,0.0,138.43028,57.282593,0.33562568,0.0,0.9869536,0.034144793
1441,488.22995,0.0,164.9127,57.282562,0.3397422,0.0,0.9345298,0.03414456
1442,444.5269,0.0,159.28645,57.28249,0.33362904,0.0,0.9535749,0.03414433
1443,574.95233,0.0,147.66084,57.282387,0.33513954,0.0,0.9767986,0.034146708
1444,455.7898,0.0,169.99486,57.282322,0.32510325,0.0,0.97806716,0.03414931
1445,458.6438,0.0,168.07687,57.282265,0.32219133,0.0,0.95829177,0.034152016
1446,436.03665,0.0,161.13121,57.282192,0.32791743,0.0,0.9687904,0.034154754
1447,440.25488,0.0,162.87968,57.282143,0.33271807,0.0,0.96749675,0.034157448
1448,476.3391,0.0,185.13792,57.282112,0.34795573,0.0,0.97178334,0.034160055
1449,446.969,0.0,172.18613,57.28211,0.32952178,0.0,0.9922493,0.034162547
1450,453.04578,0.0,169.09824,57.28213,0.33260238,0.0,0.98524094,0.034164898
1451,468.02725,0.0,141.4907,57.28213,0.32965317,0.0,0.9837162,0.0341671
1452,501.58878,0.0,191.0014,57.282112,0.3257501,0.0,0.973962,0.03416914
1453,452.84406,0.0,167.22704,57.282078,0.33832103,0.0,0.9562653,0.034171026
1454,462.94147,0.0,157.11063,57.28204,0.33113098,0.0,0.9599387,0.03417276
1455,491.9531,0.0,180.15001,57.28198,0.33898544,0.0,0.9531067,0.034174327
1456,509.49567,0.0,170.2667,57.281933,0.3373472,0.0,0.97143936,0.034175757
1457,465.2436,0.0,138.52422,57.281895,0.34554133,0.0,0.98349875,0.034177043
1458,500.44073,0.0,177.11693,57.281887,0.33258495,0.0,0.9771469,0.034178197
1459,449.86243,0.0,174.52292,57.28187,0.34111637,0.0,0.9694056,0.034179226
1460,521.5856,0.0,165.38132,57.281876,0.3299167,0.0,0.95838124,0.034180142
1461,487.46017,0.0,171.87701,57.28184,0.33267984,0.0,0.9877898,0.034181915
1462,450.27267,0.0,177.44073,57.28179,0.33542088,0.0,0.9649508,0.03418402
1463,558.01044,0.0,170.54065,57.28177,0.3282596,0.0,0.9794707,0.034186326
1464,479.66464,0.0,148.35841,57.28175,0.3287915,0.0,0.99330115,0.034188718
1465,487.5716,0.0,157.65805,57.28177,0.3425279,0.0,0.98604417,0.034191135
1466,478.43524,0.0,148.19046,57.281803,0.33404428,0.0,1.0290321,0.034193512
1467,479.52466,0.0,164.9358,57.281834,0.32529145,0.0,0.9868393,0.034195803
1468,445.26074,0.0,158.99739,57.28186,0.33446255,0.0,1.0103828,0.034197994
1469,509.6651,0.0,177.43465,57.281883,0.3409319,0.0,0.97705436,0.034200057
1470,433.68536,0.0,162.13884,57.281914,0.33075696,0.0,0.9846224,0.034201987
1471,468.63254,0.0,184.01396,57.281948,0.34561032,0.0,0.96514803,0.034203768
1472,463.14236,0.0,163.15889,57.281956,0.3387891,0.0,0.97875327,0.034205407
1473,441.43765,0.0,161.44936,57.281986,0.32999304,0.0,0.9693204,0.034206904
1474,444.7791,0.0,176.4772,57.281994,0.326554,0.0,0.9800709,0.034208264
1475,465.41766,0.0,173.6227,57.281986,0.33480656,0.0,0.9545667,0.034209494
1476,470.6803,0.0,178.48553,57.28201,0.33574453,0.0,0.9793256,0.034210596
1477,486.877,0.0,181.15363,57.281998,0.3264756,0.0,1.0099095,0.034211576
1478,485.30426,0.0,182.98503,57.28206,0.33406752,0.0,0.9812537,0.03421245
1479,450.26254,0.0,152.8051,57.2821,0.33750954,0.0,0.9954311,0.034213215
1480,484.36484,0.0,156.87776,57.2821,0.32294258,0.0,0.9802185,0.034213886
1481,541.5903,0.0,153.21208,57.282127,0.32026696,0.0,1.0017512,0.03421447
1482,428.814,0.0,174.31241,57.28214,0.3326885,0.0,0.9597427,0.034214973
1483,473.88895,0.0,168.35893,57.28215,0.34026623,0.0,0.9773286,0.034215398
1484,511.72226,0.0,153.15355,57.28211,0.33271655,0.0,0.9893088,0.034215756
1485,473.27173,0.0,146.62502,57.282047,0.33252934,0.0,0.9914721,0.034216054
1486,486.32016,0.0,171.983,57.28201,0.3373001,0.0,0.98894185,0.034216292
1487,426.97903,0.0,138.868,57.281998,0.34346345,0.0,0.9705014,0.034216475
1488,499.30975,0.0,169.36397,57.281998,0.32857373,0.0,0.9655257,0.034216616
1489,472.55966,0.0,172.0151,57.281994,0.3336151,0.0,0.96080106,0.03421671
1490,433.05096,0.0,185.5191,57.282005,0.3273821,0.0,0.98830426,0.034216765
1491,449.10965,0.0,128.32121,57.28207,0.340857,0.0,0.9630154,0.03421679
1492,439.94205,0.0,157.2084,57.28215,0.33659372,0.0,0.97939974,0.034216784
1493,452.93857,0.0,153.5849,57.282234,0.33371827,0.0,0.9781548,0.03421675
1494,472.51486,0.0,171.7794,57.282352,0.3309402,0.0,0.95273054,0.034216687
1495,482.20096,0.0,159.80411,57.28243,0.33802164,0.0,0.9627119,0.034216605
1496,464.8114,0.0,167.11984,57.2825,0.3321104,0.0,0.9802806,0.0342165
1497,464.74512,0.0,156.62454,57.28259,0.34263533,0.0,0.9835415,0.03421638
1498,482.41998,0.0,206.154,57.28268,0.3288426,0.0,0.9537135,0.03421624
1499,477.74707,0.0,152.54913,57.282734,0.3379828,0.0,0.9767373,0.034216087
1500,461.2558,0.0,154.27774,57.28277,0.34068513,0.0,1.0082855,0.034215916
1501,479.46866,0.0,170.95882,57.282776,0.3256997,0.0,0.9755774,0.034215737
1502,508.39365,0.0,152.21216,57.28274,0.32502937,0.0,0.97029126,0.034215547
1503,478.6973,0.0,162.98454,57.282703,0.32978985,0.0,0.9733008,0.03421535
1504,439.06342,0.0,168.55846,57.28271,0.35266984,0.0,0.96900433,0.034215145
1505,490.2013,0.0,164.56728,57.282734,0.34078008,0.0,0.9675311,0.03421493
1506,454.62955,0.0,151.64944,57.282745,0.33006254,0.0,0.96557844,0.03421471
1507,489.19147,0.0,157.15027,57.282776,0.34832853,0.0,0.94038117,0.03421448
1508,572.12646,0.0,174.8927,57.282818,0.3341358,0.0,0.9765957,0.03421425
1509,538.46045,0.0,158.15466,57.282845,0.33842474,0.0,0.99599725,0.034214016
1510,451.87903,0.0,143.03383,57.282845,0.3328034,0.0,0.96053314,0.034213778
1511,510.34723,0.0,154.39395,57.282837,0.32945612,0.0,0.99091655,0.034213535
1512,424.03473,0.0,166.30356,57.282825,0.32744756,0.0,1.0004894,0.034213286
1513,456.00284,0.0,151.83327,57.282776,0.32684225,0.0,0.9730008,0.03421304
1514,452.52856,0.0,165.93045,57.282776,0.34674972,0.0,0.9680767,0.034212787
1515,447.69147,0.0,165.55547,57.282818,0.3334552,0.0,0.99288034,0.034212537
1516,429.54288,0.0,166.14923,57.282814,0.3273272,0.0,0.97138596,0.034212284
1517,476.8831,0.0,168.8943,57.28277,0.33705825,0.0,0.95564806,0.034212027
1518,459.70486,0.0,154.10272,57.282734,0.33031538,0.0,0.94954276,0.034211773
1519,467.8385,0.0,140.84412,57.282703,0.34365195,0.0,0.97337925,0.03421151
1520,595.8735,0.0,173.09474,57.282726,0.3338105,0.0,0.972702,0.03421126
1521,469.85333,0.0,177.47539,57.282776,0.33496398,0.0,0.98659515,0.034211002
1522,450.3658,0.0,167.68779,57.282776,0.34514472,0.0,0.9799422,0.034210745
1523,497.23373,0.0,182.97095,57.282764,0.32955956,0.0,0.97567993,0.03421049
1524,519.2374,0.0,174.76491,57.28271,0.34504864,0.0,0.95218456,0.03421023
1525,514.618,0.0,169.48254,57.282642,0.33336616,0.0,0.99096054,0.03420997
1526,489.58817,0.0,190.32152,57.28259,0.3392505,0.0,0.9709165,0.034209713
1527,476.33768,0.0,169.73198,57.282516,0.33111694,0.0,0.97361207,0.034209456
1528,538.90607,0.0,171.46608,57.282417,0.33815292,0.0,0.9586311,0.0342092
1529,476.0423,0.0,164.38092,57.282322,0.3323745,0.0,0.99722034,0.034208942
1530,495.43274,0.0,161.27695,57.282234,0.34236062,0.0,0.9686648,0.034208685
1531,511.25497,0.0,170.65367,57.282143,0.3393892,0.0,0.99570894,0.034208424
1532,508.34573,0.0,189.28407,57.282097,0.3368508,0.0,0.96941906,0.034208167
1533,454.31174,0.0,144.29414,57.282047,0.34433055,0.0,0.98122203,0.034207914
1534,491.31647,0.0,163.11214,57.28201,0.33352944,0.0,0.9725413,0.034207653
1535,554.621,0.0,163.78136,57.282017,0.3379378,0.0,0.9878975,0.034207404
1536,475.4595,0.0,190.54733,57.282036,0.3363956,0.0,1.0058861,0.034207154
1537,452.87415,0.0,151.97664,57.282112,0.32972383,0.0,0.9616805,0.034206897
1538,489.52325,0.0,171.5559,57.2822,0.33290425,0.0,0.9820698,0.03420664
1539,475.06268,0.0,153.35449,57.28229,0.33712354,0.0,0.9708436,0.034206387
1540,465.98486,0.0,163.45624,57.282345,0.32215548,0.0,0.96899337,0.034206133
1541,464.02823,0.0,166.45232,57.282406,0.33154595,0.0,0.98899245,0.03420588
1542,522.45123,0.0,201.18251,57.28246,0.33178926,0.0,0.9979045,0.034205627
1543,452.43616,0.0,167.1924,57.28254,0.34008008,0.0,0.97834927,0.03420538
1544,469.6442,0.0,183.81161,57.282665,0.33229852,0.0,1.0002093,0.034205128
1545,509.39502,0.0,167.91246,57.2828,0.32171196,0.0,0.9695188,0.034204874
1546,559.1627,0.0,186.44572,57.28291,0.33971187,0.0,0.98141277,0.034204625
1547,507.28036,0.0,173.84425,57.28303,0.33525229,0.0,0.96626484,0.03420438
1548,463.17282,0.0,165.89493,57.28308,0.3259936,0.0,0.9872204,0.03420413
1549,530.3853,0.0,176.86153,57.283127,0.3253544,0.0,0.994144,0.03420388
1550,508.45935,0.0,143.84473,57.283104,0.33094352,0.0,0.98498803,0.034203634
1551,440.00003,0.0,158.15425,57.28308,0.33291265,0.0,1.019043,0.03420339
1552,440.72836,0.0,162.80177,57.283104,0.34172577,0.0,0.987516,0.03420314
1553,486.5733,0.0,150.74881,57.283146,0.34187478,0.0,0.96471673,0.034202892
1554,504.85367,0.0,187.59198,57.283173,0.33551633,0.0,0.99539524,0.034202646
1555,479.69684,0.0,153.28058,57.283195,0.3375358,0.0,0.9722706,0.034202404
1556,498.5299,0.0,165.33961,57.283245,0.34269217,0.0,0.9678636,0.03420216
1557,510.81635,0.0,150.76398,57.283276,0.32779104,0.0,0.95110667,0.034201916
1558,452.90878,0.0,156.52217,57.283268,0.3407881,0.0,0.9746862,0.034201674
1559,457.94638,0.0,164.90518,57.283245,0.34104607,0.0,0.9828811,0.034201432
1560,494.51395,0.0,148.22882,57.283203,0.34228975,0.0,1.004366,0.034201186
1561,475.58026,0.0,164.15776,57.283165,0.33286363,0.0,0.9776232,0.034200948
1562,475.45853,0.0,166.49753,57.283104,0.33310452,0.0,0.97395855,0.034200706
1563,442.0552,0.0,158.79298,57.283024,0.34197235,0.0,0.9848732,0.034200463
1564,466.24326,0.0,190.04225,57.28303,0.33024612,0.0,0.9582147,0.034200225
1565,438.6451,0.0,158.43373,57.283115,0.33464032,0.0,0.9950658,0.034199987
1566,497.28107,0.0,189.6248,57.283195,0.34297955,0.0,0.985302,0.034199744
1567,516.7939,0.0,134.49498,57.28325,0.33175725,0.0,0.96143013,0.034199506
1568,479.9674,0.0,149.13205,57.2833,0.34166244,0.0,0.98136014,0.034199264
1569,485.38248,0.0,170.61792,57.283348,0.33732763,0.0,0.95169306,0.03419903
1570,491.7055,0.0,149.73279,57.283348,0.34191766,0.0,0.97931457,0.034198795
1571,454.97498,0.0,173.67197,57.283318,0.32702684,0.0,0.98765427,0.03419856
1572,501.81232,0.0,146.14023,57.283237,0.329187,0.0,0.98076785,0.03419832
1573,466.95148,0.0,157.25706,57.283173,0.32457933,0.0,0.9769895,0.034198087
1574,514.33984,0.0,170.0428,57.283085,0.34033635,0.0,0.9642235,0.034197852
1575,486.17734,0.0,174.14925,57.282993,0.33242133,0.0,0.9491474,0.034197617
1576,545.14667,0.0,182.96878,57.28291,0.32855123,0.0,0.9446079,0.034197383
1577,499.59033,0.0,140.06241,57.282825,0.3312669,0.0,0.9725362,0.034197148
1578,525.6948,0.0,189.65121,57.282814,0.32393914,0.0,0.95802104,0.034196917
1579,443.03152,0.0,167.45624,57.282806,0.32990158,0.0,0.9889835,0.034196682
1580,455.21326,0.0,151.52792,57.2828,0.3361959,0.0,1.0052998,0.034196448
1581,497.29553,0.0,158.3556,57.2828,0.3412716,0.0,0.952803,0.03419622
1582,510.72382,0.0,167.24196,57.282818,0.33307558,0.0,1.0012255,0.034196008
1583,483.86392,0.0,182.66306,57.282795,0.34412837,0.0,0.98045784,0.034195796
1584,495.41586,0.0,196.40358,57.282745,0.33598918,0.0,0.9772316,0.034195594
1585,488.44073,0.0,160.61955,57.282715,0.3330878,0.0,0.96802264,0.03419539
1586,462.27695,0.0,156.77754,57.282665,0.3369625,0.0,0.95844775,0.034195185
1587,485.81314,0.0,175.83304,57.282623,0.33349913,0.0,0.97992796,0.034194995
1588,486.25583,0.0,170.91277,57.282593,0.3415344,0.0,0.97938514,0.03419479
1589,486.37793,0.0,161.304,57.28258,0.3295494,0.0,0.9920163,0.034194585
1590,486.52258,0.0,161.38211,57.28259,0.32795307,0.0,0.99888766,0.034194387
1591,558.6034,0.0,148.00575,57.282604,0.3326797,0.0,0.94937855,0.034194183
1592,501.80035,0.0,185.65807,57.282635,0.32508212,0.0,0.9910713,0.03419398
1593,443.51624,0.0,156.74707,57.282654,0.3374742,0.0,0.9631783,0.034193777
1594,530.15216,0.0,164.99103,57.28266,0.34504908,0.0,0.9786325,0.034193553
1595,486.58078,0.0,165.74033,57.282684,0.34237498,0.0,1.0228263,0.034193322
1596,525.88745,0.0,189.26663,57.282776,0.34295532,0.0,0.95325416,0.034193102
1597,530.2987,0.0,209.44165,57.282875,0.34565225,0.0,0.97285753,0.03419288
1598,466.17154,0.0,187.79874,57.282906,0.3343971,0.0,0.9662739,0.034192655
1599,475.99008,0.0,194.92075,57.282936,0.3340223,0.0,0.9528604,0.034192435
1600,491.54736,0.0,149.13086,57.28296,0.33813268,0.0,0.95793205,0.034192216
1601,502.34814,0.0,161.78912,57.282978,0.3307879,0.0,1.0136713,0.03419199
1602,478.05014,0.0,167.69664,57.283,0.32531437,0.0,0.95582265,0.034191772
1603,507.12646,0.0,150.95665,57.283054,0.35204282,0.0,1.0014081,0.034191556
1604,512.8052,0.0,163.52092,57.283142,0.3288306,0.0,0.9560071,0.034191325
1605,490.57394,0.0,155.3532,57.28322,0.3429478,0.0,0.99099666,0.03419111
1606,491.70303,0.0,166.38058,57.283268,0.32835415,0.0,0.95956737,0.03419089
1607,480.15515,0.0,157.65562,57.283295,0.34065035,0.0,0.9823476,0.034190673
1608,474.77823,0.0,175.20465,57.283276,0.34194055,0.0,1.0175728,0.034190457
1609,480.49915,0.0,184.62753,57.283237,0.3342995,0.0,0.9843624,0.034190234
1610,540.8795,0.0,167.94048,57.283207,0.32639778,0.0,1.0009855,0.034190014
1611,454.30106,0.0,161.71355,57.283115,0.33510235,0.0,0.9840299,0.0341898
1612,465.60635,0.0,182.59572,57.28307,0.3226922,0.0,0.98740906,0.034189574
1613,518.0944,0.0,182.19429,57.28302,0.34463143,0.0,0.97521144,0.03418936
1614,488.3656,0.0,166.83928,57.28298,0.33190805,0.0,0.9821579,0.034189142
1615,468.66168,0.0,154.30453,57.28296,0.35146007,0.0,0.9745454,0.034188922
1616,469.68088,0.0,129.64383,57.28293,0.32616234,0.0,0.9548093,0.034188703
1617,469.1692,0.0,145.89264,57.282887,0.33500156,0.0,0.97649246,0.034188487
1618,466.5003,0.0,161.01738,57.282867,0.3398246,0.0,0.983778,0.03418827
1619,449.43732,0.0,172.47542,57.28286,0.33179116,0.0,1.0169157,0.03418805
1620,470.24374,0.0,153.32079,57.282887,0.3465874,0.0,0.9853969,0.034187835
1621,466.52875,0.0,159.71199,57.28289,0.3317808,0.0,1.0066551,0.034187615
1622,517.4245,0.0,167.04352,57.28293,0.34614253,0.0,1.0148098,0.0341874
1623,506.3063,0.0,184.38026,57.282993,0.33967653,0.0,1.019798,0.034187187
1624,480.76865,0.0,174.12161,57.28305,0.34404442,0.0,0.98073286,0.034186967
1625,548.86566,0.0,156.51863,57.283092,0.33443642,0.0,0.98659426,0.03418675
1626,495.85675,0.0,164.39713,57.28305,0.3359206,0.0,0.9975197,0.034186535
1627,495.57062,0.0,179.06839,57.28302,0.33730742,0.0,0.98830515,0.034186322
1628,486.0282,0.0,178.93977,57.28297,0.33412194,0.0,0.9772068,0.034186106
1629,538.7662,0.0,162.56258,57.28293,0.33998868,0.0,0.9971622,0.034185886
1630,442.0192,0.0,163.06378,57.28291,0.3275,0.0,0.9572702,0.034185674
1631,465.28183,0.0,159.84361,57.28293,0.33362946,0.0,0.9801748,0.034185458
1632,444.8261,0.0,168.1651,57.28295,0.33752218,0.0,0.9399896,0.034185242
1633,486.22864,0.0,155.63129,57.282993,0.32162443,0.0,0.9575579,0.034185033
1634,442.59482,0.0,164.84459,57.283012,0.33892322,0.0,0.98796654,0.034184813
1635,497.6253,0.0,161.63857,57.28303,0.3417977,0.0,0.95766294,0.034184616
1636,550.2622,0.0,170.58496,57.283024,0.33253834,0.0,1.0019318,0.03418445
1637,493.28787,0.0,171.74857,57.283054,0.33046645,0.0,0.9744221,0.034184303
1638,498.03473,0.0,166.457,57.28307,0.3327077,0.0,1.000076,0.034184173
1639,515.18506,0.0,157.00687,57.283054,0.33496413,0.0,1.0136297,0.03418406
1640,508.82944,0.0,193.97581,57.283024,0.3337853,0.0,0.9532593,0.03418395
1641,459.44604,0.0,169.93764,57.282978,0.33790863,0.0,0.98639387,0.034183837
1642,444.01727,0.0,153.39607,57.28293,0.33204246,0.0,0.99192375,0.03418373
1643,487.35754,0.0,181.19066,57.28289,0.3465927,0.0,0.9741927,0.034183618
1644,415.41928,0.0,183.92804,57.282837,0.34114358,0.0,0.9689864,0.034183506
1645,453.7341,0.0,189.31087,57.282825,0.33775118,0.0,0.9833641,0.034183383
1646,492.01486,0.0,180.46976,57.282837,0.3468691,0.0,0.97344273,0.03418326
1647,458.9869,0.0,144.08289,57.28285,0.34283078,0.0,0.99447006,0.034183137
1648,449.97464,0.0,187.53333,57.28288,0.32680824,0.0,0.95512635,0.034182996
1649,465.6102,0.0,161.1015,57.282867,0.34397966,0.0,0.96145475,0.034182858
1650,518.3673,0.0,166.22467,57.28283,0.34779108,0.0,0.93953717,0.034182712
1651,495.40024,0.0,155.21939,57.282776,0.33503613,0.0,0.97391087,0.034182567
1652,462.16653,0.0,188.42201,57.282753,0.3320978,0.0,0.98573166,0.03418241
1653,519.1495,0.0,153.58583,57.282696,0.33745515,0.0,0.9718941,0.034182254
1654,443.5738,0.0,165.86513,57.282692,0.335157,0.0,0.9729435,0.03418209
1655,445.1919,0.0,176.23122,57.282665,0.33727226,0.0,0.9687131,0.034181923
1656,447.10495,0.0,158.29736,57.28259,0.33782303,0.0,0.9818387,0.03418175
1657,477.94238,0.0,184.88103,57.282528,0.3382953,0.0,0.9640142,0.034181584
1658,463.73813,0.0,163.18298,57.28248,0.33601704,0.0,0.9680865,0.0341814
1659,483.83572,0.0,154.7687,57.282448,0.33103836,0.0,0.94780195,0.034181222
1660,441.67792,0.0,152.01263,57.282467,0.33593693,0.0,0.9600433,0.034181044
1661,454.9505,0.0,170.48529,57.282486,0.33763802,0.0,0.96963006,0.034180857
1662,505.65158,0.0,157.37526,57.282516,0.32464734,0.0,0.96882015,0.034180675
1663,430.26532,0.0,175.08315,57.28252,0.34444916,0.0,0.9747826,0.034180485
1664,489.74353,0.0,160.44466,57.28252,0.3278277,0.0,0.949921,0.03418029
1665,437.02795,0.0,180.2749,57.28254,0.3298392,0.0,0.9696157,0.034180105
1666,487.3472,0.0,173.89832,57.28253,0.3345617,0.0,0.99318933,0.03417991
1667,484.76053,0.0,139.18102,57.28254,0.33635437,0.0,0.97815007,0.034179714
1668,559.5509,0.0,192.07425,57.28253,0.3446238,0.0,0.9318945,0.03417952
1669,500.88605,0.0,150.60509,57.282578,0.34027672,0.0,0.99651873,0.034179322
1670,490.8158,0.0,168.58063,57.282623,0.32770067,0.0,0.9309294,0.034179125
1671,451.4571,0.0,165.42747,57.28265,0.33522388,0.0,0.9621413,0.034178928
1672,554.9103,0.0,168.8192,57.282654,0.3224176,0.0,0.940677,0.034178726
1673,488.23935,0.0,179.9141,57.282654,0.33651358,0.0,0.9689718,0.034178533
1674,553.6517,0.0,172.03596,57.282692,0.32423806,0.0,0.9716669,0.03417833
1675,507.56644,0.0,179.03714,57.282715,0.33752498,0.0,0.9719088,0.03417813
1676,500.81262,0.0,174.07011,57.282787,0.34135565,0.0,0.9880225,0.03417793
1677,529.70404,0.0,196.8788,57.28283,0.33458546,0.0,0.9944918,0.034177728
1678,483.54428,0.0,153.72198,57.28286,0.33888805,0.0,0.98575896,0.034177523
1679,481.42102,0.0,155.22891,57.282825,0.34007156,0.0,0.95707077,0.034177326
1680,547.1366,0.0,160.53304,57.282814,0.34371212,0.0,0.950281,0.034177125
1681,500.45395,0.0,162.50621,57.282795,0.3306912,0.0,0.9894998,0.03417692
1682,491.4596,0.0,177.5328,57.282722,0.33602107,0.0,0.9774053,0.03417672
1683,491.965,0.0,223.59602,57.282692,0.33924654,0.0,0.97897696,0.03417652
1684,475.4611,0.0,177.79932,57.28268,0.32499486,0.0,0.94065934,0.034176312
1685,522.4872,0.0,161.59302,57.282703,0.33989623,0.0,0.96550816,0.03417611
1686,500.73245,0.0,185.29039,57.28268,0.33277428,0.0,0.9938297,0.03417591
1687,457.27783,0.0,168.51419,57.282654,0.3400532,0.0,0.951506,0.034175705
1688,488.83218,0.0,174.82307,57.282642,0.3328228,0.0,0.9629971,0.034175504
1689,435.13528,0.0,169.13913,57.28263,0.32843798,0.0,0.9798429,0.034175303
1690,432.21365,0.0,161.05023,57.28268,0.3404777,0.0,0.9489007,0.034175105
1691,499.74008,0.0,167.7825,57.282726,0.32328197,0.0,1.0155869,0.034174897
1692,480.11105,0.0,169.32785,57.28277,0.33121708,0.0,0.9504627,0.0341747
1693,490.68826,0.0,160.25482,57.282795,0.34064618,0.0,0.99025065,0.0341745
1694,528.8775,0.0,156.41328,57.2828,0.3297096,0.0,0.97520864,0.034174293
1695,512.967,0.0,165.95879,57.2828,0.33883458,0.0,0.9400836,0.034174092
1696,528.2903,0.0,187.72777,57.282795,0.3441861,0.0,0.98961306,0.034173887
1697,532.4947,0.0,157.3634,57.282814,0.34495607,0.0,0.9990808,0.034173686
1698,499.71292,0.0,172.69112,57.282845,0.32744882,0.0,0.97331846,0.034173485
1699,533.52734,0.0,195.57558,57.28285,0.32996172,0.0,1.0193933,0.034173284
1700,481.27316,0.0,188.27563,57.28289,0.33932307,0.0,0.9850311,0.034173083
1701,463.77493,0.0,192.08165,57.28293,0.32321543,0.0,1.0135487,0.034172885
1702,523.43317,0.0,193.11905,57.28294,0.34817937,0.0,0.96693355,0.03417268
1703,567.64417,0.0,171.54012,57.282936,0.335148,0.0,0.9792314,0.03417248
1704,469.9434,0.0,179.49588,57.282936,0.33434385,0.0,1.0077448,0.034172278
1705,495.51013,0.0,199.11015,57.282948,0.33074296,0.0,0.94576883,0.03417208
1706,452.1157,0.0,171.65196,57.283012,0.3382007,0.0,0.9845473,0.034171876
1707,422.7036,0.0,151.67064,57.283115,0.33514315,0.0,0.9473399,0.034171674
1708,453.73773,0.0,166.55208,57.283203,0.34055054,0.0,0.9579947,0.034171477
1709,468.05612,0.0,171.95804,57.2833,0.3369808,0.0,0.9994783,0.034171276
1710,533.3724,0.0,174.96869,57.28335,0.32238215,0.0,0.9611158,0.034171075
1711,512.57556,0.0,166.60031,57.28341,0.33671224,0.0,0.98608255,0.034170877
1712,518.1854,0.0,189.48152,57.283443,0.33214334,0.0,1.0052834,0.034170676
1713,464.6047,0.0,232.97487,57.28347,0.32892266,0.0,0.9731775,0.034170475
1714,473.0515,0.0,199.74248,57.28345,0.33191153,0.0,0.9339795,0.034170277
1715,450.69156,0.0,178.84221,57.28344,0.33883578,0.0,0.95382535,0.034170073
1716,469.87827,0.0,161.99937,57.28342,0.3389372,0.0,0.9885714,0.03416987
1717,465.90744,0.0,174.78033,57.28338,0.33546403,0.0,0.9594756,0.034169674
1718,480.6494,0.0,159.51883,57.283367,0.34539852,0.0,0.96495295,0.03416948
1719,423.00522,0.0,160.07425,57.28337,0.3233906,0.0,0.97388697,0.03416928
1720,515.2855,0.0,206.0162,57.28341,0.34474972,0.0,1.0240293,0.034169078
1721,439.01718,0.0,155.5516,57.28345,0.33713582,0.0,0.9679269,0.03416888
1722,490.58646,0.0,151.29092,57.283504,0.3288961,0.0,0.994923,0.034168713
1723,452.39694,0.0,167.49052,57.283535,0.33791575,0.0,0.9596367,0.03416855
1724,485.5438,0.0,171.51836,57.283504,0.33560866,0.0,0.98342067,0.034168385
1725,482.72476,0.0,175.75468,57.28348,0.3370173,0.0,1.0143218,0.03416821
1726,461.44913,0.0,171.2571,57.2835,0.33672592,0.0,0.9610307,0.03416805
1727,515.5143,0.0,159.23846,57.283493,0.3241153,0.0,0.98312914,0.034167875
1728,449.65057,0.0,183.799,57.283493,0.33350915,0.0,1.0234475,0.034167707
1729,495.457,0.0,173.35213,57.28353,0.32968083,0.0,0.9959755,0.03416753
1730,525.4259,0.0,173.93126,57.28353,0.32871735,0.0,0.99779266,0.034167357
1731,479.03943,0.0,146.51814,57.283546,0.3321247,0.0,0.97485286,0.03416718
1732,491.5545,0.0,178.41776,57.283554,0.32554138,0.0,1.0103673,0.034167
1733,496.01334,0.0,185.00664,57.283546,0.3475377,0.0,0.9663212,0.03416682
1734,575.73584,0.0,154.77386,57.28353,0.3290588,0.0,0.945836,0.03416664
1735,503.18146,0.0,185.96663,57.283485,0.3324112,0.0,0.961998,0.03416646
1736,532.50836,0.0,175.34525,57.28342,0.3352101,0.0,0.9771992,0.034166273
1737,453.7813,0.0,167.52711,57.28334,0.33725622,0.0,0.9797397,0.034166086
1738,488.438,0.0,186.38838,57.283295,0.3376452,0.0,1.0361404,0.034165904
1739,473.60825,0.0,161.53484,57.28325,0.3294294,0.0,0.9823624,0.034165714
1740,529.7886,0.0,165.22745,57.28325,0.33548045,0.0,0.97408575,0.034165528
1741,477.13794,0.0,143.82628,57.283234,0.33226946,0.0,0.95457035,0.034165338
1742,456.60214,0.0,174.32405,57.283195,0.32730737,0.0,0.95700693,0.03416515
1743,504.92166,0.0,145.88068,57.283215,0.337508,0.0,0.9460711,0.034164965
1744,467.86267,0.0,170.00626,57.283237,0.33406982,0.0,0.97656083,0.034164768
1745,505.85693,0.0,168.50421,57.283268,0.33917102,0.0,0.9923621,0.03416458
1746,519.71265,0.0,158.66324,57.28333,0.32131016,0.0,0.9526675,0.03416439
1747,497.386,0.0,164.90924,57.28342,0.33481506,0.0,0.9725534,0.034164194
1748,504.2653,0.0,191.55199,57.28347,0.3356805,0.0,0.9728885,0.034164
1749,501.25278,0.0,176.02081,57.283512,0.33272728,0.0,0.96239495,0.03416381
1750,465.6811,0.0,158.32956,57.283585,0.342033,0.0,0.9595637,0.03416362
1751,481.16855,0.0,159.54079,57.28367,0.33231568,0.0,0.9624949,0.034163427
1752,492.81567,0.0,162.37532,57.28375,0.33329594,0.0,0.94281435,0.034163233
1753,498.8957,0.0,168.42242,57.28381,0.34781235,0.0,0.9377974,0.03416304
1754,526.08075,0.0,155.99059,57.28384,0.32201588,0.0,0.9550955,0.03416284
1755,454.46124,0.0,168.69154,57.28385,0.3333256,0.0,0.9694257,0.03416265
1756,473.31476,0.0,147.91164,57.283833,0.3325732,0.0,0.94914395,0.034162458
1757,440.47705,0.0,162.53233,57.28376,0.33341566,0.0,0.99141556,0.034162268
1758,470.47797,0.0,153.30644,57.28368,0.3312818,0.0,0.96711135,0.03416207
1759,461.41776,0.0,160.11525,57.283607,0.33174646,0.0,0.9868464,0.034161873
1760,480.9063,0.0,145.86699,57.283585,0.32798067,0.0,0.95572954,0.034161683
1761,515.90515,0.0,164.51364,57.283592,0.34364417,0.0,0.9882281,0.03416149
1762,483.3317,0.0,190.78131,57.283577,0.3343399,0.0,0.9883093,0.034161292
1763,469.74966,0.0,167.63971,57.283596,0.33961275,0.0,1.003213,0.0341611
1764,527.39417,0.0,169.71288,57.283573,0.3445392,0.0,0.9894609,0.034160905
1765,495.62357,0.0,171.0947,57.283535,0.33159626,0.0,0.98727083,0.03416071
1766,503.3921,0.0,175.8339,57.283493,0.32905725,0.0,0.9818447,0.034160517
1767,499.14392,0.0,189.43831,57.283485,0.34303588,0.0,0.9764094,0.03416032
1768,465.37436,0.0,162.74518,57.283535,0.3379131,0.0,1.0014622,0.034160126
1769,468.084,0.0,166.83434,57.283596,0.3312546,0.0,0.9549236,0.034159936
1770,487.52374,0.0,199.10072,57.283653,0.32005364,0.0,0.9935736,0.034159735
1771,498.64963,0.0,171.6504,57.28374,0.32954368,0.0,0.96016985,0.03415954
1772,474.45102,0.0,191.32066,57.283787,0.33438328,0.0,0.96769005,0.03415935
1773,422.49042,0.0,155.48235,57.283787,0.35587332,0.0,1.0019013,0.034159157
1774,394.41263,0.0,167.23647,57.28378,0.32835573,0.0,0.9978135,0.034158964
1775,459.35663,0.0,177.92424,57.283787,0.3404693,0.0,0.96742135,0.034158774
1776,501.9417,0.0,182.48831,57.283787,0.3417926,0.0,0.9935635,0.034158576
1777,507.21542,0.0,163.07837,57.28379,0.33134288,0.0,0.96777356,0.034158383
1778,411.02225,0.0,157.58907,57.283787,0.33161333,0.0,0.974322,0.034158193
1779,540.9816,0.0,161.01001,57.2838,0.3228419,0.0,0.96850777,0.034157995
1780,426.5565,0.0,147.57184,57.28384,0.34406593,0.0,0.9857988,0.0341578
1781,483.80933,0.0,167.15056,57.283882,0.32945818,0.0,0.9892357,0.03415761
1782,442.26022,0.0,153.91266,57.283955,0.3346008,0.0,0.9830475,0.034157414
1783,504.91812,0.0,150.76036,57.284054,0.3415343,0.0,1.0127424,0.034157224
1784,461.30115,0.0,150.81746,57.284187,0.33429635,0.0,0.94521,0.03415703
1785,474.02356,0.0,176.99559,57.28424,0.33350545,0.0,0.9937805,0.034156833
1786,438.97943,0.0,174.08026,57.284218,0.33594576,0.0,0.97048736,0.03415602
1787,492.14896,0.0,163.55891,57.284203,0.32845277,0.0,0.9524666,0.03415537
1788,514.9863,0.0,161.32623,57.28422,0.32175922,0.0,0.9678825,0.034154847
1789,481.7492,0.0,191.51585,57.28427,0.34674412,0.0,0.96803755,0.034154423
1790,527.8795,0.0,161.21594,57.284294,0.3333175,0.0,0.98313814,0.03415407
1791,532.771,0.0,159.0904,57.284332,0.3259453,0.0,0.94351363,0.034153778
1792,481.7865,0.0,165.56648,57.28438,0.33002847,0.0,0.9546474,0.034153536
1793,468.1908,0.0,148.17793,57.284416,0.33081514,0.0,0.9863768,0.034153324
1794,520.90497,0.0,171.6033,57.284397,0.3384082,0.0,0.9981079,0.034153137
1795,526.63086,0.0,196.43527,57.284355,0.34449214,0.0,0.9600049,0.03415297
1796,529.2809,0.0,174.77293,57.28434,0.33285296,0.0,0.98261136,0.034152813
1797,509.22394,0.0,160.41344,57.28432,0.33464172,0.0,0.97064257,0.03415266
1798,525.14606,0.0,155.21265,57.28434,0.34115064,0.0,0.9955018,0.03415252
1799,507.3493,0.0,162.33624,57.284332,0.34169528,0.0,0.98332363,0.034152374
1800,544.72095,0.0,188.01495,57.28432,0.3345013,0.0,0.97274894,0.034152232
1801,468.30408,0.0,175.67012,57.28427,0.33723995,0.0,0.96962905,0.03415209
1802,446.70154,0.0,183.99443,57.284218,0.33853722,0.0,0.9801564,0.03415194
1803,461.30084,0.0,159.85323,57.28419,0.33846492,0.0,0.9801553,0.034151796
1804,471.73737,0.0,160.38948,57.28418,0.3390419,0.0,0.9515133,0.034151647
1805,478.01477,0.0,162.86345,57.28418,0.3426192,0.0,0.95832646,0.034151495
1806,461.8332,0.0,174.89557,57.284138,0.34520248,0.0,0.9655992,0.034151338
1807,476.77313,0.0,176.69379,57.28407,0.3350528,0.0,0.98574114,0.03415081
1808,525.86957,0.0,170.77605,57.284035,0.34832504,0.0,0.98322845,0.03415053
1809,482.2563,0.0,155.21263,57.284035,0.3311559,0.0,0.9786503,0.034150433
1810,510.02338,0.0,166.06262,57.284046,0.3317929,0.0,0.9991525,0.034150466
1811,552.10956,0.0,183.43747,57.284096,0.33567032,0.0,0.98258454,0.034150593
1812,550.25586,0.0,180.03465,57.28413,0.3375686,0.0,0.97190523,0.034150783
1813,481.7627,0.0,168.27367,57.28415,0.34976974,0.0,0.97614163,0.03415101
1814,496.3578,0.0,147.73636,57.28415,0.33915326,0.0,0.98041964,0.034151252
1815,460.02832,0.0,172.25002,57.28417,0.3383334,0.0,1.0018156,0.0341515
1816,476.00433,0.0,155.1701,57.284203,0.337415,0.0,0.96656734,0.034151737
1817,485.16483,0.0,155.28288,57.28424,0.33274087,0.0,1.0193598,0.034151968
1818,476.66537,0.0,198.77448,57.28423,0.32416484,0.0,0.9650373,0.034152176
1819,451.08807,0.0,163.38202,57.28418,0.33930328,0.0,0.97745043,0.034152362
1820,502.42203,0.0,155.39684,57.284107,0.3363749,0.0,0.982594,0.03415253
1821,457.90683,0.0,186.99036,57.284035,0.3256758,0.0,0.9628765,0.034152687
1822,472.26303,0.0,172.09386,57.283997,0.32647145,0.0,0.95571464,0.034152865
1823,477.28345,0.0,167.78056,57.284004,0.34427384,0.0,0.93815386,0.034153044
1824,418.3307,0.0,150.61842,57.28404,0.33740816,0.0,0.96807724,0.03415323
1825,446.50037,0.0,176.90709,57.28407,0.34114888,0.0,0.9753142,0.0341534
1826,462.23178,0.0,171.53905,57.284077,0.3295039,0.0,1.0274985,0.034153562
1827,450.43423,0.0,168.78502,57.284107,0.34234646,0.0,0.9628829,0.034153704
1828,492.7886,0.0,195.24837,57.2841,0.34377885,0.0,0.9863076,0.03415382
1829,524.4909,0.0,164.2691,57.28412,0.33591348,0.0,0.98987806,0.03415392
1830,485.8915,0.0,199.71367,57.284115,0.3370822,0.0,1.0155649,0.034153994
1831,469.38943,0.0,191.75473,57.28412,0.33119696,0.0,0.9769909,0.03415404
1832,424.33414,0.0,169.08304,57.284145,0.33907947,0.0,0.9832851,0.034154072
1833,532.119,0.0,178.657,57.284187,0.32627562,0.0,0.9462143,0.03415408
1834,431.71237,0.0,154.77673,57.284233,0.3273389,0.0,0.9773885,0.034154065
1835,466.92502,0.0,172.00719,57.28432,0.3343038,0.0,0.9905173,0.03415404
1836,450.94934,0.0,162.03516,57.284374,0.32914135,0.0,0.9989925,0.034153983
1837,531.654,0.0,158.58281,57.284435,0.33255154,0.0,0.9679118,0.03415392
1838,498.0447,0.0,163.80391,57.284454,0.338135,0.0,0.9821903,0.034153838
1839,500.18356,0.0,165.86664,57.284424,0.32996172,0.0,0.94920003,0.03415374
1840,470.5022,0.0,157.43361,57.284393,0.33182895,0.0,0.9890931,0.034153633
1841,511.19455,0.0,172.58487,57.28435,0.33782735,0.0,0.9666757,0.034153514
1842,507.777,0.0,160.36455,57.284416,0.3298815,0.0,0.96539307,0.034153383
1843,508.72635,0.0,163.39067,57.284485,0.33981177,0.0,0.97923315,0.034152146
1844,421.26794,0.0,156.64743,57.284557,0.32818827,0.0,0.9711769,0.034152243
1845,459.7884,0.0,169.9917,57.28465,0.3320018,0.0,0.9486403,0.03415331
1846,472.22324,0.0,177.79694,57.284702,0.33324316,0.0,0.944471,0.034155063
1847,486.7363,0.0,179.05899,57.284733,0.34452286,0.0,1.0135882,0.03415727
1848,458.77225,0.0,151.43199,57.284744,0.33421555,0.0,0.98011935,0.034159772
1849,465.34573,0.0,197.95381,57.28473,0.33359438,0.0,1.0042745,0.03416243
1850,462.90756,0.0,175.69545,57.284744,0.32747817,0.0,0.9799321,0.03416514
1851,484.9061,0.0,155.41428,57.284714,0.33776295,0.0,0.9853588,0.03416784
1852,417.38803,0.0,153.5012,57.28467,0.3451741,0.0,0.98490703,0.034170467
1853,465.97467,0.0,174.38615,57.284622,0.33986536,0.0,0.9859424,0.034172993
1854,476.34756,0.0,179.4092,57.28461,0.340296,0.0,0.947988,0.03417538
1855,527.7162,0.0,176.42976,57.284607,0.33085248,0.0,0.9527757,0.034177627
1856,522.3527,0.0,156.05629,57.284637,0.3421327,0.0,0.96515805,0.034179717
1857,469.269,0.0,144.91196,57.284683,0.33237496,0.0,1.0018845,0.034181647
1858,479.64078,0.0,161.85136,57.284756,0.33915928,0.0,1.0017629,0.034183417
1859,488.3761,0.0,150.78728,57.284836,0.33281982,0.0,0.9782598,0.034185026
1860,565.01654,0.0,153.70137,57.284885,0.3338878,0.0,0.96192867,0.034186486
1861,494.08218,0.0,191.24547,57.28494,0.32041562,0.0,1.0006945,0.0341878
1862,399.35345,0.0,154.3824,57.28498,0.33301455,0.0,0.97419155,0.03418898
1863,475.03372,0.0,203.71901,57.28498,0.3510291,0.0,0.9996755,0.034190036
1864,485.91013,0.0,163.835,57.285,0.34872952,0.0,0.9441757,0.03419096
1865,470.8966,0.0,163.16702,57.284977,0.33509433,0.0,0.9463052,0.034191784
1866,455.30493,0.0,153.20303,57.284966,0.3290252,0.0,0.97276294,0.0341925
1867,559.85077,0.0,170.61615,57.284966,0.3338048,0.0,0.95639026,0.03419313
1868,457.27322,0.0,162.9853,57.285027,0.3295531,0.0,0.99474853,0.034193657
1869,492.54086,0.0,149.7571,57.285103,0.3329306,0.0,0.9713474,0.034194116
1870,469.7804,0.0,154.67683,57.285194,0.3359131,0.0,0.9766066,0.03419457
1871,480.50305,0.0,177.98265,57.285267,0.33097214,0.0,0.9502566,0.034194954
1872,486.06793,0.0,155.05788,57.28525,0.33109015,0.0,1.0157717,0.034195274
1873,499.61758,0.0,158.6318,57.285255,0.3506787,0.0,0.9925799,0.034195535
1874,523.54517,0.0,179.08835,57.285255,0.3320979,0.0,0.969738,0.034195747
1875,472.1516,0.0,189.55518,57.285275,0.3416038,0.0,1.0008473,0.03419593
1876,534.03925,0.0,189.7235,57.28522,0.35028264,0.0,0.96347606,0.034196075
1877,505.80923,0.0,151.57643,57.285145,0.34060058,0.0,0.92550087,0.034196183
1878,496.7869,0.0,161.30193,57.28509,0.33168256,0.0,0.9736281,0.034196265
1879,466.0214,0.0,155.5473,57.285038,0.34014183,0.0,0.9519108,0.03419631
1880,451.58575,0.0,165.1171,57.285,0.32829854,0.0,1.0152575,0.03419633
1881,445.01776,0.0,137.63809,57.285007,0.34197202,0.0,0.9732197,0.034196325
1882,496.47388,0.0,174.67131,57.28499,0.33902854,0.0,1.0114169,0.034196295
1883,488.03705,0.0,157.25806,57.28497,0.31939924,0.0,0.9732713,0.03419624
1884,498.77258,0.0,172.18597,57.28492,0.34306806,0.0,0.9740532,0.03419616
1885,476.32092,0.0,186.37517,57.284847,0.33379465,0.0,0.99385923,0.03419606
1886,466.68683,0.0,176.80688,57.284763,0.3424373,0.0,0.9734027,0.03419595
1887,488.3848,0.0,164.3346,57.28466,0.3311971,0.0,0.9809643,0.034195818
1888,477.5069,0.0,158.71573,57.28458,0.3346045,0.0,0.97562474,0.034195676
1889,489.9242,0.0,166.14453,57.284534,0.33166605,0.0,0.9429366,0.03419552
1890,467.44516,0.0,150.50046,57.284508,0.3292225,0.0,0.95763344,0.034195352
1891,504.07303,0.0,155.3726,57.284485,0.3330227,0.0,0.9753171,0.03419517
1892,498.68814,0.0,175.99583,57.284424,0.3402736,0.0,0.9862507,0.034194987
1893,464.88696,0.0,164.09106,57.284393,0.33348835,0.0,0.9667689,0.03419479
1894,513.69165,0.0,167.51025,57.284496,0.33403802,0.0,0.96746916,0.03419458
1895,443.12057,0.0,164.52594,57.284607,0.3354629,0.0,0.98437154,0.034194376
1896,502.1966,0.0,163.22159,57.2847,0.3292882,0.0,0.9809869,0.034194157
1897,439.6397,0.0,154.7449,57.284782,0.33128563,0.0,0.9691719,0.034193933
1898,509.43524,0.0,172.09798,57.284878,0.35025018,0.0,0.930854,0.034193706
1899,494.34,0.0,174.58261,57.28498,0.32641152,0.0,0.9594861,0.034193482
1900,435.94165,0.0,167.19379,57.28507,0.33122104,0.0,0.98479134,0.034193244
1901,502.3333,0.0,153.38524,57.28514,0.3526198,0.0,0.9601265,0.034193005
1902,427.31882,0.0,164.9385,57.285202,0.3300094,0.0,0.96715975,0.03419277
1903,507.52426,0.0,160.61334,57.285263,0.33890787,0.0,0.9565721,0.03419253
1904,533.5221,0.0,175.35658,57.285297,0.33342668,0.0,0.9777637,0.03419228
1905,508.52792,0.0,170.61502,57.28536,0.34194177,0.0,0.9808193,0.034192037
1906,532.18604,0.0,184.65416,57.28536,0.3263518,0.0,0.9753352,0.03419179
1907,473.87634,0.0,171.60265,57.28534,0.3372672,0.0,0.9516636,0.034191545
1908,496.29544,0.0,177.38841,57.285324,0.3328066,0.0,0.9819375,0.034191296
1909,504.1388,0.0,177.45554,57.285305,0.33353522,0.0,0.9617227,0.03419105
1910,464.70642,0.0,164.03372,57.285275,0.3184084,0.0,0.9689958,0.0341908
1911,467.87198,0.0,169.85179,57.285297,0.3370682,0.0,0.98081946,0.03419055
1912,465.14557,0.0,155.35733,57.28534,0.3283334,0.0,0.9861935,0.0341903
1913,489.8652,0.0,150.53116,57.28536,0.33100563,0.0,0.96731997,0.03419005
1914,468.09967,0.0,160.28236,57.28537,0.34482035,0.0,1.0055432,0.034189798
1915,481.50232,0.0,159.92592,57.285366,0.33634117,0.0,0.981194,0.034189552
1916,513.1042,0.0,186.825,57.285366,0.3376056,0.0,0.96930516,0.034189302
1917,479.68707,0.0,157.8621,57.285378,0.32310307,0.0,0.9548983,0.034189053
1918,505.94604,0.0,189.84445,57.285427,0.3409661,0.0,0.9669912,0.034188803
1919,473.83624,0.0,166.90787,57.2855,0.33705443,0.0,0.9869073,0.034188554
1920,454.01242,0.0,179.04402,57.285553,0.33580378,0.0,0.98056436,0.034188308
1921,507.1569,0.0,145.22282,57.28562,0.32723063,0.0,0.9638535,0.03418806
1922,474.7026,0.0,187.34761,57.285652,0.33358964,0.0,0.9970896,0.034187812
1923,479.58966,0.0,146.17009,57.28561,0.3369816,0.0,0.97872007,0.03418757
1924,469.18573,0.0,167.85564,57.285572,0.33842137,0.0,0.9739447,0.034187324
1925,468.98477,0.0,151.57906,57.28555,0.334464,0.0,0.95046955,0.034187082
1926,499.3792,0.0,137.45683,57.28553,0.33827126,0.0,1.0175537,0.034186836
1927,502.02682,0.0,173.10564,57.28549,0.32592455,0.0,1.0202229,0.03418659
1928,464.90698,0.0,156.51443,57.285473,0.35121334,0.0,1.0160345,0.03418635
1929,468.16238,0.0,158.00352,57.28549,0.34207553,0.0,0.9776497,0.034186106
1930,536.75507,0.0,158.53886,57.28548,0.334955,0.0,0.9804292,0.034185864
1931,493.1121,0.0,185.0879,57.285427,0.3267089,0.0,0.9880722,0.034185622
1932,471.2183,0.0,158.64587,57.28548,0.32770616,0.0,1.0109199,0.034185387
1933,518.0991,0.0,169.50545,57.28554,0.3359714,0.0,0.96738076,0.03418514
1934,489.5656,0.0,158.87952,57.28562,0.34836593,0.0,0.98053133,0.034184903
1935,491.40698,0.0,171.8104,57.285725,0.34234118,0.0,0.9752829,0.03418467
1936,502.29178,0.0,176.9967,57.285828,0.34356847,0.0,0.99632823,0.03418443
1937,477.21375,0.0,171.988,57.28592,0.33640593,0.0,0.97702765,0.03418419
1938,434.15872,0.0,183.44893,57.28598,0.3356198,0.0,0.9800285,0.034183957
1939,499.42636,0.0,156.62851,57.286045,0.32802504,0.0,0.9782201,0.034183722
1940,569.8573,0.0,156.10101,57.286114,0.32809222,0.0,0.98414165,0.03418349
1941,461.35565,0.0,177.00388,57.286186,0.34027594,0.0,0.9618974,0.034183245
1942,507.35492,0.0,183.14339,57.28626,0.3385065,0.0,0.99499625,0.034183014
1943,479.99765,0.0,155.14714,57.286312,0.33152032,0.0,0.95417935,0.034182783
1944,480.31796,0.0,146.82196,57.286354,0.34507865,0.0,0.98461443,0.034182552
1945,469.4079,0.0,167.67467,57.2864,0.33566967,0.0,0.9479828,0.034182318
1946,439.58865,0.0,172.09378,57.286446,0.3332784,0.0,0.9927841,0.034182087
1947,491.144,0.0,143.73305,57.286503,0.34620595,0.0,1.0049914,0.03418186
1948,514.7031,0.0,202.31702,57.286556,0.334075,0.0,1.0124676,0.034181625
1949,514.6774,0.0,160.12796,57.286606,0.33184668,0.0,0.9646337,0.034181397
1950,481.67328,0.0,183.63058,57.286636,0.33360347,0.0,0.9846105,0.034181166
1951,575.69885,0.0,169.78293,57.286686,0.33559164,0.0,0.9836984,0.034180943
1952,518.9646,0.0,163.54231,57.28673,0.34276015,0.0,0.94749105,0.034180716
1953,493.85904,0.0,197.89673,57.28681,0.3242417,0.0,1.0155535,0.03418049
1954,473.10962,0.0,179.14603,57.286896,0.3517433,0.0,0.9726409,0.03418026
1955,407.8138,0.0,156.97145,57.286953,0.3370717,0.0,0.96057993,0.034180038
1956,462.0638,0.0,155.53644,57.286964,0.32579666,0.0,0.983683,0.034179807
1957,463.40826,0.0,170.24388,57.286945,0.33811015,0.0,0.97648126,0.034179587
1958,459.1909,0.0,172.34024,57.286945,0.34334537,0.0,0.96605885,0.034179356
1959,451.92468,0.0,148.69333,57.286976,0.3336804,0.0,0.9590535,0.034179136
1960,446.9498,0.0,167.51462,57.287037,0.33986402,0.0,0.9694229,0.034178916
1961,495.73532,0.0,160.77673,57.28708,0.33032626,0.0,0.94547856,0.03417869
1962,530.8697,0.0,164.32039,57.287086,0.32738292,0.0,0.98322016,0.03417847
1963,458.32578,0.0,168.84653,57.28708,0.33348396,0.0,0.9715496,0.03417825
1964,480.2157,0.0,180.55286,57.287056,0.33958986,0.0,0.96529824,0.034178022
1965,510.88596,0.0,157.46799,57.28707,0.33043307,0.0,0.9743106,0.034177803
1966,479.92227,0.0,148.65947,57.28708,0.32415333,0.0,0.9680766,0.034177583
1967,457.74316,0.0,165.4229,57.28709,0.34428635,0.0,0.9732189,0.034177363
1968,514.4432,0.0,166.71501,57.287132,0.34107423,0.0,0.9710646,0.034177143
1969,543.90497,0.0,157.64526,57.28716,0.32492697,0.0,0.956109,0.034176927
1970,523.3647,0.0,144.71442,57.287163,0.33195642,0.0,0.9874134,0.034176707
1971,436.43054,0.0,162.09067,57.287148,0.3387063,0.0,0.96731186,0.034176495
1972,470.84583,0.0,155.7951,57.28713,0.34172946,0.0,0.9588538,0.03417627
1973,429.78506,0.0,168.5759,57.28719,0.33604297,0.0,0.9775557,0.034176055
1974,526.5578,0.0,176.97398,57.287212,0.3293847,0.0,0.99634427,0.03417584
1975,431.6786,0.0,161.77751,57.287148,0.3374843,0.0,0.97858095,0.034175623
1976,490.97147,0.0,171.28473,57.2871,0.32900435,0.0,0.9685604,0.034175407
1977,499.4779,0.0,160.97366,57.287067,0.34194818,0.0,0.97413343,0.03417519
1978,510.87903,0.0,152.09572,57.287018,0.3436781,0.0,0.96324223,0.034174975
1979,549.5112,0.0,137.61,57.286987,0.3535812,0.0,0.9724828,0.034174763
1980,530.45154,0.0,171.13503,57.28697,0.33227873,0.0,0.98938125,0.03417455
1981,452.55942,0.0,154.70439,57.286957,0.34239832,0.0,0.98403347,0.034174334
1982,439.4132,0.0,145.86652,57.286995,0.32727298,0.0,0.966741,0.034174122
1983,499.4888,0.0,196.42781,57.28703,0.3473619,0.0,0.97582066,0.034173906
1984,454.0968,0.0,161.10286,57.287067,0.3454523,0.0,0.95032614,0.034173694
1985,506.6052,0.0,162.56517,57.28713,0.32432726,0.0,0.99587196,0.034173485
1986,473.72772,0.0,167.86142,57.2872,0.3419562,0.0,0.9744385,0.03417327
1987,457.10907,0.0,170.45291,57.287262,0.33004883,0.0,0.9594359,0.034174573
1988,469.7886,0.0,173.45715,57.287327,0.3375928,0.0,0.97969234,0.03417673
1989,484.07877,0.0,160.1672,57.287365,0.33344442,0.0,0.99458414,0.03417946
1990,436.72888,0.0,164.17787,57.287395,0.3323738,0.0,0.97407925,0.034182552
1991,486.53845,0.0,185.78891,57.28746,0.33373564,0.0,0.9790304,0.03418585
1992,486.8669,0.0,193.47711,57.28754,0.33651188,0.0,0.9575274,0.03418923
1993,466.30118,0.0,177.84082,57.287613,0.3347386,0.0,0.98969406,0.034192603
1994,451.0428,0.0,157.08308,57.287693,0.331923,0.0,0.9713276,0.0341959
1995,471.92007,0.0,196.38245,57.287773,0.33160862,0.0,1.0006384,0.03419907
1996,486.83115,0.0,165.78667,57.287865,0.3434785,0.0,0.9687336,0.034202084
1997,480.53845,0.0,143.15625,57.28796,0.3380467,0.0,0.98378235,0.034204923
1998,421.48737,0.0,170.54147,57.28803,0.34043413,0.0,0.9909915,0.03420757
1999,465.30005,0.0,164.06644,57.28801,0.33257547,0.0,0.97775,0.03421003
2000,484.7358,0.0,163.35329,57.28799,0.33044678,0.0,0.99225056,0.0342123
2001,478.3503,0.0,140.71777,57.28794,0.33351052,0.0,0.99691886,0.034214374
2002,513.9836,0.0,153.40048,57.287888,0.34674397,0.0,1.0083865,0.034216262
2003,460.42972,0.0,172.0775,57.28787,0.33161303,0.0,0.9748598,0.034217983
2004,497.1486,0.0,167.8353,57.28787,0.33805975,0.0,0.98121464,0.034219533
2005,497.77072,0.0,170.88507,57.2879,0.32961336,0.0,0.9855064,0.034220926
2006,482.81598,0.0,158.26668,57.287926,0.32854626,0.0,0.9912392,0.034222174
2007,520.3135,0.0,156.97624,57.28793,0.34826005,0.0,0.99010324,0.03422329
2008,528.2236,0.0,141.16592,57.28791,0.3299858,0.0,0.98631716,0.034224275
2009,504.4999,0.0,160.5176,57.287888,0.34824732,0.0,0.9782936,0.034225147
2010,597.02045,0.0,175.36703,57.287865,0.3488712,0.0,0.9872603,0.034225915
2011,471.97626,0.0,183.91223,57.287876,0.3391414,0.0,0.97407556,0.034226578
2012,571.14233,0.0,139.69748,57.287895,0.33590105,0.0,0.94764835,0.03422716
2013,493.7282,0.0,156.6279,57.28788,0.34229216,0.0,0.96817374,0.034227654
2014,517.15106,0.0,164.03777,57.287865,0.3436079,0.0,1.0123627,0.03422808
2015,514.6823,0.0,191.65495,57.287895,0.3317262,0.0,0.99815303,0.03422843
2016,509.49756,0.0,162.09628,57.28795,0.34599507,0.0,1.0092776,0.03422873
2017,449.75726,0.0,149.85928,57.28795,0.34503224,0.0,0.9860214,0.034228966
2018,442.12885,0.0,155.04366,57.28794,0.33718827,0.0,0.9848076,0.034229152
2019,418.79218,0.0,164.80476,57.2879,0.33058134,0.0,0.9714057,0.034229293
2020,495.9065,0.0,144.06505,57.287857,0.3358559,0.0,0.96390176,0.03422939
2021,515.3222,0.0,164.32825,57.287838,0.33973935,0.0,0.95631546,0.03422946
2022,530.0,0.0,155.02797,57.287838,0.34651887,0.0,0.9944261,0.03422949
2023,520.53516,0.0,165.51566,57.287895,0.33371988,0.0,0.988643,0.03422949
2024,452.6741,0.0,182.62898,57.28794,0.34371725,0.0,0.9692788,0.034229465
2025,493.18985,0.0,172.98447,57.28798,0.34536356,0.0,0.9846354,0.03422941
2026,481.42758,0.0,159.8339,57.28799,0.341448,0.0,0.9731838,0.034229342
2027,480.31067,0.0,150.76733,57.28798,0.32768995,0.0,0.9757273,0.03422925
2028,474.22055,0.0,166.9512,57.287937,0.33151382,0.0,0.9588426,0.03422914
2029,506.44882,0.0,156.70439,57.287937,0.33153406,0.0,0.95639116,0.034229018
2030,464.95486,0.0,153.14758,57.28796,0.34850815,0.0,0.9775566,0.034228876
2031,464.4503,0.0,176.795,57.288002,0.34406307,0.0,0.999875,0.034228727
2032,478.5093,0.0,162.75339,57.28807,0.33432314,0.0,1.0000566,0.034228567
2033,462.45593,0.0,177.34062,57.288094,0.33451256,0.0,1.0036864,0.03422834
2034,487.22467,0.0,163.1444,57.288063,0.3412972,0.0,0.9720113,0.03422834
2035,445.24225,0.0,187.84573,57.28809,0.33345985,0.0,0.9887104,0.03422836
2036,480.4187,0.0,208.99925,57.288124,0.3323871,0.0,0.9878511,0.034228377
2037,455.88312,0.0,168.0561,57.288174,0.32206818,0.0,0.9697848,0.034228392
2038,507.1511,0.0,159.24623,57.28824,0.33892035,0.0,0.95553845,0.034228403
2039,423.23703,0.0,168.46573,57.288265,0.33281973,0.0,0.9597482,0.034228407
2040,498.989,0.0,191.99709,57.288216,0.33093917,0.0,0.982172,0.034228392
2041,471.1581,0.0,173.89998,57.288162,0.33898532,0.0,0.95466435,0.03422837
2042,527.1828,0.0,202.7652,57.288124,0.33404645,0.0,0.95678353,0.034228336
2043,477.37354,0.0,146.30254,57.288063,0.32617372,0.0,1.0070978,0.034228276
2044,481.4604,0.0,166.96521,57.28801,0.34368044,0.0,0.9712261,0.034228206
2045,499.4078,0.0,174.5444,57.28793,0.34512866,0.0,0.9657007,0.034228124
2046,444.73077,0.0,155.84546,57.28782,0.3413284,0.0,0.9436024,0.034228027
2047,531.21857,0.0,157.43097,57.287724,0.34046993,0.0,1.0030434,0.034227923
2048,455.6303,0.0,187.56212,57.287632,0.34353992,0.0,0.96637493,0.034227803
2049,500.92654,0.0,166.61707,57.2876,0.3271289,0.0,0.9859267,0.034227666
2050,445.4124,0.0,177.38057,57.28761,0.32329592,0.0,0.97128206,0.034227528
2051,471.05396,0.0,131.77232,57.28759,0.3294672,0.0,0.9900214,0.034227382
2052,457.97232,0.0,156.41772,57.287594,0.33849767,0.0,0.99311423,0.034227226
2053,535.1165,0.0,155.988,57.2876,0.3294073,0.0,0.9556236,0.03422706
2054,486.09607,0.0,183.90488,57.28761,0.33013275,0.0,0.9819797,0.034226883
2055,430.41812,0.0,155.17838,57.28768,0.34071943,0.0,0.9791828,0.034226708
2056,558.666,0.0,159.74796,57.287716,0.3325676,0.0,0.995675,0.03422652
2057,534.7193,0.0,166.56075,57.287712,0.32981905,0.0,0.99579376,0.034226324
2058,470.9069,0.0,135.87244,57.287704,0.3229961,0.0,0.9782758,0.03422613
2059,518.423,0.0,155.59761,57.287655,0.32360715,0.0,0.9636679,0.03422593
2060,523.6766,0.0,154.74927,57.287643,0.3431127,0.0,0.99138093,0.03422573
2061,480.42746,0.0,164.5341,57.287663,0.3336357,0.0,0.958684,0.034225523
2062,482.4497,0.0,160.38574,57.28768,0.33838704,0.0,1.0247027,0.034225315
2063,545.5616,0.0,164.12805,57.287704,0.34160697,0.0,0.95074195,0.034225106
2064,523.6576,0.0,177.57545,57.287746,0.33593166,0.0,0.98389983,0.034224894
2065,532.48694,0.0,161.88878,57.287804,0.3374886,0.0,1.0263865,0.034224678
2066,500.33096,0.0,150.96309,57.28782,0.3404103,0.0,0.94437546,0.03422446
2067,505.6642,0.0,171.00438,57.287785,0.33199155,0.0,0.9551938,0.034224242
2068,501.20132,0.0,175.30252,57.287766,0.33937138,0.0,0.97616524,0.034224022
2069,478.1053,0.0,161.64246,57.287746,0.33406425,0.0,1.0348855,0.034223802
2070,480.8524,0.0,152.33849,57.287754,0.3312993,0.0,0.9858439,0.034223583
2071,498.71347,0.0,160.68704,57.287777,0.3258246,0.0,0.97638565,0.03422336
2072,478.10953,0.0,154.44685,57.287804,0.34122086,0.0,0.981656,0.034223136
2073,474.69464,0.0,177.82417,57.287807,0.33170447,0.0,0.97241056,0.03422291
2074,517.6508,0.0,151.31873,57.287804,0.3302459,0.0,0.9672863,0.034222685
2075,448.95166,0.0,158.78122,57.28782,0.335148,0.0,0.97810745,0.034222458
2076,444.8972,0.0,161.52599,57.287857,0.33547267,0.0,0.945063,0.034222234
2077,515.16315,0.0,153.49313,57.287865,0.34382132,0.0,0.9532251,0.034222007
2078,509.37933,0.0,164.7026,57.287827,0.33149326,0.0,0.96116203,0.03422178
2079,445.01083,0.0,161.91573,57.28773,0.34955034,0.0,0.9830817,0.034221552
2080,515.9863,0.0,179.77263,57.28764,0.33598658,0.0,1.0528606,0.034221325
2081,435.66302,0.0,178.78639,57.287613,0.34059498,0.0,0.9766001,0.0342211
2082,507.4462,0.0,160.62526,57.287655,0.34192535,0.0,0.9616255,0.034220874
2083,523.052,0.0,187.76196,57.2877,0.33893296,0.0,0.98517746,0.034220647
2084,436.4774,0.0,169.68338,57.287735,0.33524555,0.0,0.99924153,0.034220424
2085,387.31183,0.0,202.45233,57.287766,0.336591,0.0,0.9647119,0.034220196
2086,460.5678,0.0,180.32904,57.287834,0.33835348,0.0,0.96883357,0.034219973
2087,500.27856,0.0,151.62575,57.287918,0.32835147,0.0,0.94759953,0.03421975
2088,471.1968,0.0,164.29688,57.28799,0.34483743,0.0,0.9882018,0.034219522
2089,520.8266,0.0,165.43654,57.287968,0.3409303,0.0,0.9952587,0.034219295
2090,542.1845,0.0,165.65942,57.287968,0.3427121,0.0,0.97861785,0.034219075
2091,502.14926,0.0,158.88625,57.287968,0.33912918,0.0,0.9793218,0.034218844
2092,495.02936,0.0,138.45216,57.28798,0.3332107,0.0,1.012158,0.034218624
2093,479.53275,0.0,165.01724,57.287983,0.33617446,0.0,0.9806014,0.03421867
2094,491.8861,0.0,161.28493,57.287968,0.34111398,0.0,0.949199,0.034218844
2095,471.58032,0.0,154.46117,57.287968,0.33443,0.0,0.9846472,0.034219094
2096,493.2056,0.0,154.98474,57.28799,0.33107948,0.0,0.9855138,0.0342194
2097,476.23773,0.0,165.05681,57.28801,0.33601326,0.0,0.9562093,0.034219738
2098,521.1752,0.0,173.05424,57.288044,0.33815393,0.0,1.0074793,0.03422008
2099,473.9943,0.0,173.11983,57.28807,0.328107,0.0,0.9942487,0.03422042
2100,452.14783,0.0,171.12372,57.288094,0.33352348,0.0,0.9945257,0.034220744
2101,529.6502,0.0,162.76398,57.288113,0.33271912,0.0,1.0210111,0.03422105
2102,519.3016,0.0,174.1638,57.288136,0.3335884,0.0,0.9959867,0.03422135
2103,457.3901,0.0,170.87587,57.288162,0.3292754,0.0,0.978951,0.034221612
2104,412.81784,0.0,193.66159,57.288197,0.35131466,0.0,0.9749177,0.03422185
2105,462.52634,0.0,175.43997,57.288166,0.33908775,0.0,0.9842547,0.03422206
2106,504.90298,0.0,174.02458,57.288105,0.33278054,0.0,1.0693165,0.034222238
2107,500.75336,0.0,169.33405,57.28807,0.33978245,0.0,0.97246414,0.034222383
2108,503.41043,0.0,182.30785,57.28803,0.32804266,0.0,0.9936755,0.034222506
2109,508.9949,0.0,153.04288,57.287983,0.338989,0.0,0.9808161,0.03422254
2110,488.57336,0.0,163.07826,57.287983,0.33566806,0.0,0.983234,0.03422257
2111,439.51785,0.0,160.55211,57.288002,0.33359286,0.0,0.98260117,0.034222584
2112,454.6686,0.0,138.8708,57.287952,0.3335783,0.0,0.9608991,0.034222584
2113,463.51242,0.0,159.97076,57.28793,0.33303568,0.0,1.0132148,0.03422257
2114,476.22284,0.0,195.31602,57.287937,0.33692208,0.0,0.98957735,0.034222543
2115,465.68625,0.0,159.04568,57.28797,0.34230405,0.0,1.0045066,0.03422251
2116,488.3995,0.0,191.42671,57.288033,0.33102983,0.0,0.9418712,0.034222454
2117,505.5275,0.0,155.37871,57.288136,0.32546547,0.0,0.98355496,0.034222387
2118,477.7004,0.0,154.80136,57.288235,0.3489732,0.0,0.99133146,0.03422231
2119,511.29288,0.0,156.00499,57.28833,0.33204773,0.0,0.94983965,0.03422222
2120,476.9212,0.0,166.33981,57.288387,0.34138012,0.0,0.98245823,0.034222115
2121,454.75214,0.0,200.25,57.288464,0.33368853,0.0,1.0258021,0.034222003
2122,454.72064,0.0,162.75551,57.288563,0.3272114,0.0,0.9860564,0.034221888
2123,443.85458,0.0,160.04414,57.288635,0.3478075,0.0,0.957189,0.034221753
2124,494.9459,0.0,207.71791,57.2887,0.33448157,0.0,0.96446455,0.03422162
2125,500.02417,0.0,172.81432,57.288757,0.3385208,0.0,0.9202007,0.034221474
2126,427.9209,0.0,158.15259,57.28877,0.3410713,0.0,0.9883438,0.03422132
2127,516.75104,0.0,178.70131,57.28882,0.3364553,0.0,0.9696682,0.034221165
2128,491.1033,0.0,165.24414,57.28889,0.32227007,0.0,0.99028933,0.034220997
2129,471.92044,0.0,171.76663,57.28894,0.32705805,0.0,0.9714293,0.034221902
2130,520.4979,0.0,174.5288,57.288986,0.33648473,0.0,0.9507628,0.034223482
2131,480.563,0.0,202.20918,57.289024,0.32870075,0.0,1.0190645,0.03422553
2132,500.14224,0.0,160.45982,57.289024,0.33772236,0.0,0.97490984,0.034227867
2133,489.38113,0.0,179.53923,57.289036,0.34689122,0.0,0.97791356,0.034230374
2134,461.05267,0.0,174.34169,57.288986,0.34057218,0.0,0.9745019,0.03423294
2135,487.11932,0.0,158.96277,57.288902,0.34308198,0.0,0.9727741,0.034235507
2136,490.01178,0.0,163.77109,57.288883,0.3517558,0.0,0.9429714,0.034238014
2137,490.40732,0.0,175.60599,57.28888,0.3374846,0.0,0.9695619,0.034240432
2138,462.91064,0.0,178.05435,57.28884,0.3367312,0.0,0.97726285,0.034242723
2139,473.96146,0.0,174.15533,57.28884,0.34142667,0.0,0.97713244,0.03424488
2140,501.13852,0.0,146.14264,57.288864,0.32754666,0.0,0.9856139,0.034246884
2141,484.69522,0.0,192.1641,57.288864,0.3420332,0.0,0.9866151,0.034248747
2142,546.7529,0.0,170.59326,57.28886,0.3402374,0.0,1.0098071,0.034250453
2143,456.9798,0.0,198.59607,57.288837,0.33284378,0.0,0.97380114,0.03425201
2144,474.9255,0.0,150.10036,57.28886,0.33432817,0.0,0.9628924,0.034253422
2145,464.1369,0.0,157.28395,57.288895,0.34300265,0.0,0.97757185,0.034254692
2146,507.53662,0.0,168.31929,57.288902,0.33693787,0.0,0.9699388,0.03425584
2147,433.66333,0.0,190.97876,57.288902,0.33579814,0.0,0.9824118,0.03425686
2148,496.94653,0.0,165.34209,57.288933,0.33411866,0.0,0.98644865,0.03425777
2149,522.5781,0.0,158.65436,57.288956,0.34907886,0.0,0.9816055,0.034258567
2150,515.40704,0.0,182.62059,57.288902,0.33208758,0.0,0.9801557,0.03425927
2151,489.30466,0.0,171.50235,57.28884,0.34167308,0.0,0.98149174,0.03425988
2152,470.125,0.0,169.10959,57.28881,0.3420675,0.0,0.96287143,0.03426041
2153,446.84848,0.0,160.6045,57.288864,0.3338354,0.0,0.9894919,0.034260858
2154,459.21268,0.0,177.05748,57.288895,0.34158632,0.0,0.99431175,0.0342614
2155,429.06274,0.0,171.19426,57.288902,0.3378551,0.0,0.97375816,0.034261882
2156,497.01303,0.0,195.3652,57.288925,0.33807093,0.0,0.9739305,0.034262292
2157,483.80167,0.0,175.31902,57.288956,0.3418317,0.0,0.9676843,0.03426265
2158,581.8367,0.0,167.9301,57.288956,0.33333102,0.0,0.9536738,0.034262948
2159,445.56448,0.0,172.1775,57.28894,0.34371662,0.0,1.0022585,0.034263194
2160,500.47415,0.0,154.85072,57.28888,0.33249784,0.0,0.9655641,0.03426339
2161,526.1151,0.0,154.52832,57.288864,0.32871282,0.0,0.97556955,0.034263544
2162,472.2649,0.0,165.03613,57.28887,0.32974878,0.0,0.9684666,0.03426366
2163,535.8392,0.0,146.04567,57.288853,0.34108305,0.0,0.99273163,0.034263737
2164,471.60928,0.0,158.16446,57.288822,0.3308149,0.0,0.9887919,0.03426378
2165,492.6078,0.0,158.97614,57.288807,0.35001895,0.0,0.97354865,0.034263793
2166,490.34976,0.0,180.32741,57.28877,0.33358374,0.0,0.98644865,0.03426378
2167,495.66946,0.0,150.34398,57.28874,0.32547134,0.0,0.9876563,0.034263737
2168,493.6949,0.0,176.88959,57.288715,0.34502926,0.0,0.9714522,0.03426367
2169,440.73724,0.0,148.7058,57.28867,0.34858185,0.0,0.999978,0.034263592
2170,507.60712,0.0,187.70651,57.288666,0.33968243,0.0,0.9794767,0.03426349
2171,450.71008,0.0,144.33005,57.28869,0.3426463,0.0,0.9889633,0.034263372
2172,476.85532,0.0,177.80833,57.288776,0.33410022,0.0,0.98490256,0.03426324
2173,477.37616,0.0,168.8899,57.28882,0.33652204,0.0,0.9862709,0.034263097
2174,515.3042,0.0,195.34605,57.28885,0.3309492,0.0,1.0088531,0.034262937
2175,487.57208,0.0,168.40385,57.28883,0.32619977,0.0,0.9463554,0.03426277
2176,478.38538,0.0,170.60368,57.288788,0.34235775,0.0,0.9575447,0.03426259
2177,547.716,0.0,158.27148,57.28881,0.3336079,0.0,0.9685109,0.0342624
2178,451.5882,0.0,159.61963,57.28884,0.33334047,0.0,0.99870074,0.034262206
2179,480.48178,0.0,161.67117,57.28886,0.33811763,0.0,0.9834807,0.034262005
2180,517.1901,0.0,154.42781,57.28886,0.3361567,0.0,0.97933435,0.0342618
2181,514.88464,0.0,173.38838,57.288864,0.33623946,0.0,0.97645813,0.034261588
2182,500.47556,0.0,174.41362,57.28884,0.34622395,0.0,0.9565664,0.034261376
2183,500.2607,0.0,154.07133,57.2888,0.34633383,0.0,0.9658035,0.034261156
2184,593.7302,0.0,172.57503,57.288776,0.33972076,0.0,0.97120553,0.034260932
2185,507.24396,0.0,164.18369,57.288757,0.3476923,0.0,0.9710031,0.03426071
2186,496.30692,0.0,154.44962,57.288746,0.34728318,0.0,1.0049381,0.034260474
2187,477.5775,0.0,165.95537,57.288746,0.3329115,0.0,0.9915057,0.03426024
2188,490.21783,0.0,178.96246,57.28873,0.33741754,0.0,0.94837445,0.03426001
2189,460.27505,0.0,164.31989,57.288727,0.34602314,0.0,0.98067117,0.034259778
2190,492.81735,0.0,210.67368,57.28875,0.33934212,0.0,0.9661565,0.034259535
2191,508.91425,0.0,167.63554,57.288822,0.33137462,0.0,0.9671191,0.0342593
2192,490.83792,0.0,175.8334,57.28889,0.33962545,0.0,0.95827574,0.034259066
2193,485.10852,0.0,160.82793,57.28897,0.3230699,0.0,0.98892,0.03425883
2194,470.03552,0.0,160.04446,57.288994,0.34067252,0.0,0.9635279,0.03425858
2195,468.675,0.0,163.0012,57.289074,0.33385268,0.0,0.9499185,0.034258343
2196,461.12448,0.0,169.42865,57.28914,0.33280304,0.0,0.9804769,0.034258105
2197,458.24026,0.0,168.86284,57.289177,0.34713593,0.0,1.0052685,0.034257863
2198,478.21616,0.0,179.61699,57.289207,0.33515656,0.0,0.971815,0.034257624
2199,501.18884,0.0,161.572,57.289253,0.32239437,0.0,0.99403787,0.034257382
2200,467.05447,0.0,173.38321,57.28926,0.3317028,0.0,0.9750553,0.034257144
2201,463.59457,0.0,178.40163,57.289253,0.33694738,0.0,0.96158576,0.034256905
2202,485.46228,0.0,202.3329,57.289223,0.33080354,0.0,0.95860034,0.03425666
2203,419.1328,0.0,202.06241,57.2892,0.33532688,0.0,0.9777926,0.034256425
2204,513.86694,0.0,177.48047,57.289223,0.3447951,0.0,0.98343235,0.03425618
2205,488.30038,0.0,180.18842,57.28926,0.3385063,0.0,0.96726227,0.03425594
2206,473.51553,0.0,188.05655,57.289272,0.34644154,0.0,0.9880794,0.034255706
2207,565.84656,0.0,175.61478,57.28931,0.33936378,0.0,0.9790142,0.034255464
2208,467.47433,0.0,183.33415,57.289345,0.34587428,0.0,0.9780965,0.034255225
2209,483.8846,0.0,191.5179,57.289364,0.33070067,0.0,0.99066275,0.034254994
2210,440.6079,0.0,218.64996,57.28934,0.33966067,0.0,1.0026962,0.034254752
2211,442.9618,0.0,160.72314,57.289352,0.3273416,0.0,1.0042908,0.034254517
2212,492.62674,0.0,189.3908,57.289413,0.3368657,0.0,0.9739768,0.034254283
2213,442.6309,0.0,195.31331,57.28948,0.34187537,0.0,0.9865494,0.034254044
2214,502.70685,0.0,152.099,57.289417,0.3294527,0.0,0.97070336,0.034253813
2215,494.54263,0.0,173.61607,57.289345,0.33446026,0.0,0.9990504,0.03425358
2216,456.8916,0.0,164.23213,57.289253,0.34512553,0.0,0.9787003,0.034253344
2217,492.53247,0.0,194.17682,57.289207,0.33751595,0.0,0.98161733,0.03425311
2218,418.17676,0.0,156.75284,57.289207,0.3338253,0.0,0.98316956,0.034252882
2219,513.274,0.0,174.83421,57.28915,0.3275054,0.0,0.9271974,0.034252644
2220,425.56232,0.0,166.4714,57.28912,0.3384245,0.0,1.0145736,0.03425242
2221,470.34406,0.0,161.30475,57.289104,0.33526903,0.0,1.0001303,0.034252185
2222,499.19904,0.0,150.25824,57.289055,0.3345005,0.0,0.9615391,0.034251958
2223,506.9449,0.0,166.48273,57.288975,0.33755776,0.0,0.9919301,0.03425173
2224,472.84082,0.0,156.20267,57.288895,0.3423798,0.0,0.9562051,0.0342515
2225,457.56747,0.0,161.37486,57.288788,0.3438886,0.0,0.97498053,0.034251273
2226,494.5697,0.0,158.89833,57.2887,0.3305848,0.0,0.961253,0.034251045
2227,524.1197,0.0,167.60007,57.288635,0.33688805,0.0,0.96156627,0.03425082
2228,435.73544,0.0,173.9878,57.28855,0.33154657,0.0,0.99075925,0.03425059
2229,495.8723,0.0,176.29222,57.28849,0.3350448,0.0,0.99648285,0.034250367
2230,476.29153,0.0,209.1673,57.28848,0.33583415,0.0,0.99022824,0.034250136
2231,420.99466,0.0,159.02885,57.28844,0.34359303,0.0,0.97057724,0.034249917
2232,430.40042,0.0,152.42236,57.28842,0.34357235,0.0,0.96248806,0.034249693
2233,560.6703,0.0,166.80156,57.2884,0.3381952,0.0,0.9840712,0.034249466
2234,506.70895,0.0,149.41826,57.28837,0.34989724,0.0,0.9995842,0.03424925
2235,463.21225,0.0,163.41902,57.2883,0.35201925,0.0,0.96619844,0.034248956
2236,489.28027,0.0,164.17746,57.288185,0.32564536,0.0,0.9745084,0.034248665
2237,559.93726,0.0,152.89462,57.288105,0.32823393,0.0,0.96676683,0.034248393
2238,514.7645,0.0,173.1198,57.28806,0.34394914,0.0,0.9820161,0.034248125
2239,455.73123,0.0,179.16931,57.28804,0.33445892,0.0,0.9987444,0.034247864
2240,495.08804,0.0,169.11209,57.288082,0.3295134,0.0,0.97886556,0.034247607
2241,505.30722,0.0,148.4848,57.28813,0.3402517,0.0,0.9738867,0.034247357
2242,517.61896,0.0,149.17061,57.288185,0.33828145,0.0,0.96501005,0.03424711
2243,410.3166,0.0,149.21242,57.288265,0.34167996,0.0,1.0002064,0.034246873
2244,473.33066,0.0,167.6459,57.288307,0.34024844,0.0,0.9987019,0.034246627
2245,580.89105,0.0,158.90059,57.28837,0.33001837,0.0,0.9711416,0.034246393
2246,447.26892,0.0,149.11841,57.28844,0.3396137,0.0,0.9709469,0.034246158
2247,471.3912,0.0,165.88998,57.288494,0.3445293,0.0,0.9824295,0.034245927
2248,451.13757,0.0,171.8655,57.28855,0.33394954,0.0,0.97991043,0.0342457
2249,488.52875,0.0,165.59692,57.288597,0.33800247,0.0,0.9499303,0.03424547
2250,469.66913,0.0,158.08691,57.288643,0.34318122,0.0,0.95095354,0.034245245
2251,528.4015,0.0,157.93555,57.288647,0.33136013,0.0,0.94264627,0.034245025
2252,561.091,0.0,177.3888,57.288635,0.33403897,0.0,0.98655564,0.034244798
2253,427.463,0.0,166.24837,57.288654,0.32698125,0.0,0.9777079,0.034244653
2254,439.2636,0.0,165.06206,57.288666,0.33294684,0.0,0.9592317,0.0342445
2255,477.66354,0.0,157.38916,57.28867,0.33435684,0.0,0.95485866,0.034244344
2256,544.8123,0.0,159.14099,57.288685,0.3316165,0.0,0.9762582,0.034244187
2257,420.41614,0.0,194.26112,57.288677,0.3349438,0.0,1.0138983,0.034244027
2258,491.1903,0.0,168.10088,57.28866,0.3315461,0.0,0.98017174,0.03424386
2259,445.58978,0.0,168.99265,57.28866,0.3294063,0.0,0.9819646,0.03424369
2260,544.0772,0.0,164.63887,57.28866,0.33572742,0.0,0.9752359,0.034243517
2261,460.17062,0.0,169.80618,57.288666,0.33527088,0.0,0.99068296,0.034243345
2262,458.70822,0.0,172.3361,57.288685,0.3290382,0.0,0.9581056,0.034243166
2263,481.10553,0.0,159.38275,57.288757,0.33498883,0.0,0.9785525,0.034242988
2264,459.55908,0.0,182.79013,57.28882,0.33523402,0.0,0.98886806,0.034242805
2265,523.6025,0.0,182.59935,57.288837,0.34443593,0.0,0.95647174,0.034242623
2266,471.25845,0.0,184.77196,57.28888,0.34265232,0.0,0.98262393,0.034242433
2267,545.5299,0.0,193.8194,57.288883,0.34034106,0.0,1.0138192,0.03424225
2268,459.01352,0.0,186.36627,57.28882,0.3395039,0.0,0.959662,0.03424206
2269,435.06046,0.0,181.94339,57.28876,0.352083,0.0,0.96233827,0.034241866
2270,467.36826,0.0,168.91103,57.288708,0.3387647,0.0,0.9915507,0.034241676
2271,502.85303,0.0,168.90883,57.288643,0.3311374,0.0,0.9610344,0.034241483
2272,459.50156,0.0,138.80753,57.288586,0.34449774,0.0,0.9763306,0.034241285
2273,448.47955,0.0,172.76242,57.288513,0.33441117,0.0,0.9698189,0.034241095
2274,486.73065,0.0,179.05658,57.2885,0.32624897,0.0,0.953046,0.034240898
2275,496.8146,0.0,156.65791,57.28849,0.33226198,0.0,1.0011011,0.0342407
2276,468.82642,0.0,167.4922,57.288464,0.32528204,0.0,0.958241,0.034240503
2277,495.6977,0.0,170.88219,57.28845,0.33743832,0.0,0.969574,0.034240305
2278,468.24957,0.0,143.19666,57.288403,0.33847106,0.0,0.97586846,0.034240108
2279,474.12524,0.0,158.6843,57.28838,0.3395719,0.0,1.0028722,0.03423991
2280,487.7723,0.0,162.41377,57.288357,0.34077877,0.0,0.96905094,0.034239717
2281,434.5019,0.0,169.31607,57.288338,0.34345558,0.0,0.9854557,0.034239512
2282,398.3043,0.0,179.02419,57.28837,0.3296106,0.0,1.0362618,0.03423932
2283,477.75122,0.0,149.748,57.288403,0.33805948,0.0,0.9973339,0.034239117
2284,531.0145,0.0,167.5443,57.28844,0.33943114,0.0,0.94650763,0.03423892
2285,509.95685,0.0,151.44473,57.288403,0.3319156,0.0,1.0000801,0.03423872
2286,470.95935,0.0,158.61029,57.288357,0.33261016,0.0,0.9449023,0.034238525
2287,463.3695,0.0,189.33327,57.28833,0.3350896,0.0,0.94827,0.034238324
2288,495.76187,0.0,157.7643,57.28829,0.3467257,0.0,0.9737634,0.034238126
2289,496.89734,0.0,168.83348,57.288258,0.3360239,0.0,1.0245689,0.03423793
2290,515.47406,0.0,185.62624,57.288296,0.3371885,0.0,0.95504165,0.034237724
2291,435.15356,0.0,150.89453,57.2884,0.3362976,0.0,0.97328603,0.03423753
2292,484.45395,0.0,155.32654,57.28848,0.34304878,0.0,0.9580786,0.034237333
2293,550.07776,0.0,167.12642,57.288506,0.3423694,0.0,0.98736674,0.034237135
2294,554.82355,0.0,181.82663,57.28855,0.34313205,0.0,0.98909825,0.03423693
2295,468.8039,0.0,190.47823,57.28858,0.34204125,0.0,0.9431138,0.034236733
2296,484.40833,0.0,168.89685,57.288605,0.34405732,0.0,0.9911463,0.03423654
2297,443.1692,0.0,155.69238,57.288593,0.33625838,0.0,0.9642989,0.03423634
2298,517.4564,0.0,164.58539,57.288586,0.32850462,0.0,0.97570103,0.03423614
2299,487.23053,0.0,138.88794,57.288525,0.34026974,0.0,0.974249,0.034235947
2300,511.0488,0.0,173.56906,57.28842,0.334278,0.0,0.9312482,0.034235746
2301,515.20935,0.0,155.30817,57.28836,0.34702516,0.0,0.9898888,0.034235552
2302,487.37784,0.0,164.90895,57.28832,0.33443338,0.0,0.97423756,0.034235355
2303,536.334,0.0,150.44608,57.28827,0.34238815,0.0,0.98115945,0.034235157
2304,498.4604,0.0,154.71509,57.28827,0.3327051,0.0,0.9947254,0.034234963
2305,486.96555,0.0,184.78232,57.28832,0.33923435,0.0,0.96970886,0.034234766
2306,454.85287,0.0,172.71237,57.28837,0.340628,0.0,0.9788556,0.034234572
2307,463.0786,0.0,166.3807,57.28843,0.33467197,0.0,0.9551796,0.03423438
2308,486.94412,0.0,176.65558,57.28852,0.3408356,0.0,0.9636486,0.034234595
2309,506.1867,0.0,154.28548,57.288555,0.34045488,0.0,0.9461057,0.03423486
2310,505.38507,0.0,154.0512,57.288586,0.33803862,0.0,0.9795429,0.034235153
2311,452.22702,0.0,153.83081,57.288567,0.3370007,0.0,1.0001575,0.034235455
2312,469.34927,0.0,159.92776,57.288555,0.33175486,0.0,0.9950522,0.034235757
2313,450.549,0.0,162.7389,57.288567,0.33594742,0.0,1.0055479,0.034236047
2314,516.0449,0.0,155.44183,57.288574,0.34037298,0.0,0.95155764,0.034236323
2315,541.4005,0.0,166.22063,57.288612,0.3290095,0.0,0.9513238,0.03423658
2316,496.763,0.0,167.9135,57.288628,0.3305969,0.0,0.98961717,0.03423681
2317,440.8421,0.0,151.65154,57.288643,0.3321755,0.0,1.0098289,0.034237012
2318,389.1357,0.0,151.37697,57.288654,0.34172183,0.0,0.9815347,0.034237195
2319,415.2664,0.0,157.61188,57.28867,0.33384684,0.0,1.0006305,0.03423734
2320,447.1654,0.0,173.32916,57.288708,0.32515213,0.0,0.9622107,0.03423747
2321,621.00183,0.0,153.7176,57.288746,0.32232895,0.0,0.95032096,0.034237567
2322,493.3554,0.0,182.8642,57.288807,0.3375003,0.0,0.9821894,0.03423764
2323,499.6917,0.0,181.5956,57.288925,0.32668138,0.0,0.95040625,0.034237698
2324,485.74698,0.0,168.17725,57.289024,0.3259861,0.0,1.0045631,0.03423773
2325,530.28046,0.0,153.37167,57.289074,0.3349036,0.0,1.0093653,0.03423774
2326,472.61807,0.0,186.25644,57.289127,0.34385204,0.0,1.0004264,0.034237728
2327,529.987,0.0,194.52121,57.289165,0.32811278,0.0,0.9687121,0.03423784
2328,473.66455,0.0,139.69455,57.289207,0.32560253,0.0,0.97567457,0.03423794
2329,477.27646,0.0,173.43164,57.28927,0.33617264,0.0,0.95561904,0.034238007
2330,540.27606,0.0,173.13988,57.289284,0.34771383,0.0,0.9491861,0.034238055
2331,427.7868,0.0,159.99814,57.28932,0.34930685,0.0,0.985864,0.034238085
2332,503.22693,0.0,160.60425,57.289345,0.34286374,0.0,0.9917936,0.034238093
2333,512.3445,0.0,171.86163,57.28936,0.34156778,0.0,0.97886634,0.03423809
2334,485.01352,0.0,154.79785,57.289364,0.33226946,0.0,0.96458703,0.034238063
2335,509.3341,0.0,207.15234,57.289364,0.32838288,0.0,0.9696374,0.034238026
2336,478.1658,0.0,158.45175,57.289417,0.34566545,0.0,0.97733307,0.034237973
2337,485.1283,0.0,162.77367,57.289467,0.3279406,0.0,0.9792257,0.034237906
2338,482.83286,0.0,151.14395,57.289524,0.3365493,0.0,1.0196897,0.03423782
2339,478.90503,0.0,155.09183,57.289547,0.32937536,0.0,0.9608002,0.03423773
2340,525.8734,0.0,170.0843,57.289597,0.3298648,0.0,0.9968156,0.034237634
2341,515.4493,0.0,167.63014,57.289627,0.33180276,0.0,0.9384997,0.034237526
2342,452.85828,0.0,164.85538,57.289642,0.3424076,0.0,0.9541185,0.034237407
2343,456.33093,0.0,158.95798,57.289692,0.32898074,0.0,0.9853321,0.03423728
2344,477.7657,0.0,163.89317,57.28972,0.34274548,0.0,0.97970897,0.03423715
2345,477.79028,0.0,171.04152,57.2897,0.33517495,0.0,0.98544157,0.03423702
2346,493.3486,0.0,159.28896,57.28969,0.33422217,0.0,0.97448575,0.034236874
2347,445.77567,0.0,153.79901,57.28965,0.33466753,0.0,0.9690168,0.034236725
2348,477.2425,0.0,199.29195,57.289577,0.33091858,0.0,0.98059577,0.034236576
2349,423.72882,0.0,160.21419,57.28951,0.32492912,0.0,0.9886416,0.034236416
2350,475.45746,0.0,158.78993,57.289497,0.32612342,0.0,0.9628929,0.034236256
2351,450.3834,0.0,149.51202,57.28956,0.34047157,0.0,0.967613,0.034236096
2352,471.6972,0.0,173.28697,57.28965,0.3395009,0.0,0.9776028,0.034235932
2353,488.72397,0.0,148.74554,57.28972,0.33184147,0.0,0.9644286,0.03423576
2354,519.1905,0.0,156.78236,57.28976,0.3389986,0.0,0.964557,0.03423559
2355,505.2351,0.0,179.27481,57.289776,0.33221692,0.0,0.9760251,0.03423542
2356,470.38272,0.0,163.09462,57.289772,0.3328486,0.0,0.9553917,0.034235246
2357,445.93884,0.0,151.34782,57.289764,0.33968818,0.0,0.9588327,0.034235068
2358,488.62183,0.0,144.8837,57.28979,0.33243206,0.0,1.0102752,0.034234893
2359,596.8218,0.0,145.73906,57.289833,0.3378913,0.0,0.9652203,0.034234714
2360,511.43594,0.0,184.82516,57.289864,0.34054968,0.0,0.96899843,0.03423453
2361,475.10437,0.0,178.78555,57.289837,0.33048213,0.0,0.9801126,0.034234352
2362,531.8222,0.0,161.8938,57.289795,0.32881996,0.0,0.96320635,0.03423417
2363,441.48135,0.0,173.8051,57.28973,0.34098074,0.0,0.9962163,0.034233987
2364,518.3806,0.0,176.71562,57.28968,0.33990723,0.0,1.0236984,0.034233805
2365,546.4433,0.0,173.29504,57.289658,0.33645678,0.0,0.9701763,0.034233622
2366,479.07346,0.0,152.29433,57.28964,0.33125278,0.0,0.9839461,0.03423344
2367,490.7696,0.0,152.16699,57.289608,0.34198424,0.0,0.9656747,0.034233265
2368,498.8021,0.0,148.7145,57.289566,0.33312127,0.0,0.9751915,0.03423308
2369,421.98236,0.0,167.4836,57.289524,0.330152,0.0,1.0028236,0.0342329
2370,498.77475,0.0,151.55855,57.28948,0.33267918,0.0,0.98955876,0.034232717
2371,542.6119,0.0,174.87535,57.289444,0.32726756,0.0,0.95731694,0.03423253
2372,488.0168,0.0,169.64189,57.289436,0.33485484,0.0,0.96260315,0.03423235
2373,462.49466,0.0,178.06113,57.289433,0.33080605,0.0,0.9841333,0.03423217
2374,509.66214,0.0,204.26907,57.289425,0.33285096,0.0,0.974034,0.034231983
2375,575.4715,0.0,168.10677,57.289474,0.3413641,0.0,0.9720913,0.034231797
2376,504.80682,0.0,167.67107,57.289528,0.34205487,0.0,0.9684293,0.034231618
2377,469.15457,0.0,152.03075,57.289555,0.33079216,0.0,1.0040607,0.03423143
2378,458.30383,0.0,188.97269,57.289547,0.3465351,0.0,0.997702,0.034231253
2379,503.8891,0.0,162.60925,57.289494,0.338175,0.0,0.99647444,0.034231067
2380,451.72385,0.0,172.65701,57.289425,0.33501548,0.0,1.0051175,0.034230884
2381,496.2476,0.0,160.28978,57.289425,0.33373514,0.0,0.99435335,0.034230698
2382,485.2893,0.0,179.09677,57.289375,0.33086273,0.0,0.9915289,0.034230515
2383,419.84564,0.0,188.75697,57.289303,0.33796984,0.0,0.98404604,0.03423033
2384,477.92905,0.0,146.29733,57.28923,0.34113958,0.0,0.9996952,0.034230147
2385,498.0137,0.0,181.17476,57.289165,0.33657938,0.0,0.9506387,0.034229964
2386,491.14236,0.0,198.08597,57.289146,0.33650246,0.0,0.9734331,0.03422978
2387,529.7879,0.0,152.38715,57.28917,0.33320826,0.0,0.9616028,0.034229595
2388,493.144,0.0,173.55602,57.289177,0.33601975,0.0,0.98973364,0.034229413
2389,444.8028,0.0,153.66753,57.28918,0.32978046,0.0,0.9807892,0.03422923
2390,464.56985,0.0,160.07758,57.289165,0.34101644,0.0,0.9918476,0.034229044
2391,465.34137,0.0,175.10492,57.289127,0.3306363,0.0,1.0034719,0.03422886
2392,469.12537,0.0,148.89984,57.289036,0.33951554,0.0,0.9698316,0.034228675
2393,434.57736,0.0,167.07562,57.288963,0.34088206,0.0,0.9536555,0.03422849
2394,497.05936,0.0,194.56902,57.288883,0.32535595,0.0,0.96762085,0.034228306
2395,505.73892,0.0,179.89665,57.28875,0.33950698,0.0,0.9617063,0.034228124
2396,487.14697,0.0,186.83838,57.288647,0.33273175,0.0,0.990737,0.034227937
2397,499.9339,0.0,153.32457,57.288597,0.33981964,0.0,0.9820521,0.034227762
2398,475.48053,0.0,170.61406,57.288574,0.3245555,0.0,0.971043,0.034227576
2399,561.13727,0.0,161.05336,57.288586,0.3363633,0.0,0.9836118,0.03422739
2400,476.71332,0.0,157.5793,57.28858,0.33777857,0.0,0.97938603,0.03422721
2401,471.54047,0.0,161.94376,57.288567,0.33856466,0.0,0.9872174,0.03422703
2402,454.30646,0.0,148.58252,57.28852,0.3418026,0.0,0.9845112,0.03422685
2403,456.4942,0.0,158.4472,57.288464,0.34413865,0.0,0.9819383,0.034226663
2404,462.25763,0.0,175.87979,57.288387,0.3468924,0.0,0.97428805,0.03422648
2405,563.7793,0.0,158.02144,57.288307,0.33272514,0.0,0.94299,0.0342263
2406,543.8125,0.0,197.99059,57.288204,0.33468357,0.0,0.93940824,0.034226116
2407,475.7459,0.0,151.22682,57.28812,0.33218268,0.0,1.0618944,0.034225937
2408,467.86905,0.0,171.12494,57.28805,0.34340465,0.0,0.95963645,0.034225754
2409,479.4384,0.0,174.64955,57.28802,0.33361274,0.0,0.9561161,0.034225572
2410,500.67245,0.0,182.35268,57.28803,0.32325566,0.0,0.9665651,0.03422539
2411,477.76337,0.0,155.58244,57.28809,0.33410498,0.0,0.99673486,0.03422521
2412,458.62622,0.0,164.32915,57.288193,0.3372257,0.0,0.9679981,0.034225028
2413,447.77542,0.0,180.94911,57.288277,0.34274948,0.0,0.99018174,0.03422485
2414,484.96066,0.0,167.98404,57.288326,0.32867125,0.0,0.965441,0.034224786
2415,527.1137,0.0,172.44275,57.288372,0.3394629,0.0,0.98829406,0.034224976
2416,494.12354,0.0,150.01082,57.288433,0.33414325,0.0,0.9746859,0.03422534
2417,489.80618,0.0,165.17369,57.28847,0.33839092,0.0,0.96285856,0.034225825
2418,466.73303,0.0,189.34557,57.288464,0.34134448,0.0,0.9701464,0.034226377
2419,503.93958,0.0,165.79189,57.288513,0.34000704,0.0,0.9973102,0.03422697
2420,496.55768,0.0,153.78719,57.28858,0.3470363,0.0,0.9651577,0.034227584
2421,479.5698,0.0,137.75285,57.288635,0.32786924,0.0,0.9763874,0.034228187
2422,445.7063,0.0,149.02304,57.288624,0.34053782,0.0,0.94740653,0.034228776
2423,461.04868,0.0,171.67796,57.288647,0.32415858,0.0,0.95597434,0.034229323
2424,482.05222,0.0,158.47868,57.288708,0.33539027,0.0,0.98746186,0.034229845
2425,473.87158,0.0,177.62192,57.28875,0.33665124,0.0,0.9868694,0.034230325
2426,506.20142,0.0,143.85228,57.288788,0.34414864,0.0,0.9679063,0.034230758
2427,454.67917,0.0,155.28436,57.28883,0.3376931,0.0,0.97691447,0.034231156
2428,466.52924,0.0,148.49248,57.288853,0.3284631,0.0,0.9873924,0.034231506
2429,518.3162,0.0,177.39035,57.28882,0.3287045,0.0,0.9559573,0.034231815
2430,521.1644,0.0,158.41641,57.288776,0.3361137,0.0,1.0012075,0.034232084
2431,448.18454,0.0,165.57164,57.28874,0.32638657,0.0,1.0065361,0.034232315
2432,468.1207,0.0,179.36818,57.288715,0.33053768,0.0,0.9646526,0.03423251
2433,577.42645,0.0,170.11093,57.288666,0.33071417,0.0,0.9856247,0.03423267
2434,536.75824,0.0,167.82104,57.288628,0.3249246,0.0,0.97857744,0.034232795
2435,507.24716,0.0,145.91534,57.288643,0.34626964,0.0,0.9630798,0.03423293
2436,453.11472,0.0,156.02249,57.288666,0.33436948,0.0,0.943921,0.034233037
2437,532.771,0.0,170.99242,57.28872,0.33953375,0.0,0.97281927,0.034233116
2438,527.7156,0.0,170.68076,57.28873,0.3269459,0.0,0.98987556,0.03423317
2439,528.4987,0.0,175.05843,57.288746,0.34060982,0.0,0.93551815,0.034233205
2440,479.11243,0.0,173.53955,57.28879,0.32830486,0.0,0.95958555,0.034233205
2441,505.68475,0.0,189.21005,57.2888,0.3230698,0.0,0.94932914,0.034233198
2442,521.5693,0.0,167.77896,57.28877,0.34498277,0.0,0.9775304,0.034233164
2443,503.91873,0.0,184.12025,57.2887,0.3380225,0.0,0.9749224,0.03423312
2444,508.7406,0.0,186.38821,57.288628,0.33045626,0.0,0.97658706,0.034233056
2445,564.73895,0.0,173.24648,57.28855,0.33414164,0.0,0.9829592,0.034232985
2446,484.5196,0.0,150.79634,57.288494,0.33613867,0.0,1.0143161,0.034232896
2447,494.58392,0.0,184.01413,57.28843,0.32598898,0.0,0.9675218,0.0342328
2448,519.49884,0.0,177.59235,57.2884,0.34352207,0.0,0.98902375,0.03423269
2449,548.6107,0.0,159.25311,57.288483,0.32635185,0.0,0.9688887,0.034232575
2450,522.5087,0.0,160.4428,57.288544,0.33351457,0.0,0.97168195,0.03423245
2451,504.885,0.0,148.63835,57.288555,0.336384,0.0,0.96542716,0.034232315
2452,490.44498,0.0,143.06133,57.288612,0.34817713,0.0,0.9756842,0.034232177
2453,480.3779,0.0,175.19414,57.288628,0.3465699,0.0,0.96055377,0.03423204
2454,549.2386,0.0,193.53691,57.288643,0.34017366,0.0,0.94674057,0.034231883
2455,452.72385,0.0,193.4793,57.288628,0.33968258,0.0,0.9598788,0.034231726
2456,474.85388,0.0,168.53616,57.288605,0.33592346,0.0,0.9606852,0.034231566
2457,565.1577,0.0,182.09447,57.288616,0.34009862,0.0,1.0096012,0.034231406
2458,474.84824,0.0,167.4241,57.288643,0.34164754,0.0,0.96878636,0.03423124
2459,528.6196,0.0,179.93018,57.288654,0.34093127,0.0,0.97809726,0.03423107
2460,458.40524,0.0,169.95659,57.288616,0.3386424,0.0,0.94255877,0.034230903
2461,478.10358,0.0,166.33722,57.288567,0.33699805,0.0,0.9637522,0.034230728
2462,525.0298,0.0,178.4428,57.28855,0.33536106,0.0,0.95273995,0.034230553
2463,516.07654,0.0,162.41257,57.28852,0.33563185,0.0,0.9581823,0.034230374
2464,525.4973,0.0,198.11232,57.288532,0.32941365,0.0,0.9653774,0.0342302
2465,501.8251,0.0,166.90971,57.288574,0.33354545,0.0,0.94929177,0.034230012
2466,512.13794,0.0,160.65904,57.288563,0.33502865,0.0,0.9743103,0.034229834
2467,551.8808,0.0,161.07683,57.28858,0.32185292,0.0,1.0045177,0.034229647
2468,493.6175,0.0,185.75833,57.288597,0.3242621,0.0,0.9751457,0.034229465
2469,441.99094,0.0,166.4195,57.288628,0.32695356,0.0,0.9622214,0.034229282
2470,501.37378,0.0,154.74615,57.28872,0.33094084,0.0,0.9689401,0.034229096
2471,484.8953,0.0,164.79292,57.288837,0.33123443,0.0,1.0028783,0.034228913
2472,483.6285,0.0,180.51456,57.28887,0.34580645,0.0,0.9624166,0.034228727
2473,467.6643,0.0,158.19707,57.28888,0.33484858,0.0,0.9781357,0.03422854
2474,463.26993,0.0,156.4695,57.28889,0.33314073,0.0,0.99109954,0.034228355
2475,566.79706,0.0,159.3494,57.28892,0.32509843,0.0,0.95447654,0.03422816
2476,553.7971,0.0,172.37645,57.28892,0.3351193,0.0,0.98572844,0.03422798
2477,492.22638,0.0,177.295,57.288933,0.33680394,0.0,0.99029785,0.034227792
2478,511.00385,0.0,160.31837,57.288944,0.32801524,0.0,0.9891271,0.034227606
2479,516.9345,0.0,163.84036,57.28892,0.33031043,0.0,0.98049724,0.034227416
2480,468.52063,0.0,160.95491,57.288925,0.3369447,0.0,1.0012268,0.03422723
2481,503.63702,0.0,173.56538,57.288902,0.3332151,0.0,1.0059915,0.034227043
2482,460.81815,0.0,167.38208,57.288914,0.33871925,0.0,1.0301551,0.034226853
2483,522.5842,0.0,174.1591,57.288956,0.34513837,0.0,0.9633237,0.03422667
2484,456.85516,0.0,181.20113,57.288982,0.32299888,0.0,0.99439174,0.034226485
2485,455.12,0.0,152.92471,57.289005,0.34648392,0.0,0.97116536,0.03422629
2486,449.93274,0.0,163.11002,57.289013,0.3373039,0.0,0.98121315,0.034226105
2487,504.1859,0.0,189.2017,57.289066,0.3301987,0.0,0.9585082,0.034225915
2488,428.15628,0.0,169.6531,57.289146,0.32983568,0.0,0.9989733,0.034225732
2489,465.3223,0.0,162.94164,57.28921,0.33824924,0.0,0.9618694,0.034225546
2490,507.87708,0.0,182.03696,57.2893,0.33108515,0.0,0.9516257,0.034225356
2491,455.6118,0.0,164.42146,57.28932,0.336915,0.0,0.96910626,0.034225173
2492,528.32806,0.0,162.0892,57.289333,0.34066013,0.0,0.98064715,0.03422499
2493,429.51968,0.0,165.8056,57.28934,0.3359836,0.0,0.9601095,0.0342248
2494,448.716,0.0,167.62558,57.28936,0.32982117,0.0,1.0012965,0.03422462
2495,472.17917,0.0,184.83835,57.289383,0.330572,0.0,0.96727335,0.03422443
2496,499.41446,0.0,151.9543,57.289383,0.3368924,0.0,1.0040593,0.034224246
2497,415.18442,0.0,158.0764,57.289417,0.33743492,0.0,0.9969414,0.034224063
2498,452.46222,0.0,162.40485,57.289463,0.3453539,0.0,0.9615223,0.034223877
2499,454.712,0.0,170.5529,57.289474,0.3275779,0.0,0.9805427,0.03422369
2500,492.5158,0.0,163.20685,57.289474,0.33343288,0.0,0.95736605,0.034223508
2501,451.307,0.0,177.087,57.289474,0.33367115,0.0,0.95383835,0.03422332
2502,479.7244,0.0,157.17632,57.289463,0.33932775,0.0,1.0527108,0.034223143
2503,442.1732,0.0,141.94861,57.289486,0.34492078,0.0,0.98150736,0.034222953
2504,470.29346,0.0,153.75392,57.289536,0.34092832,0.0,0.97072756,0.034222774
2505,526.1992,0.0,155.31853,57.28959,0.34054908,0.0,0.96966934,0.03422259
2506,460.2159,0.0,167.81236,57.28961,0.33228654,0.0,0.9834615,0.034222405
2507,487.4975,0.0,179.1387,57.28961,0.33446622,0.0,0.91097695,0.034222227
2508,490.74307,0.0,162.19049,57.289608,0.33042654,0.0,0.9875075,0.03422204
2509,468.57993,0.0,152.71588,57.289608,0.33584988,0.0,0.9686746,0.034221854
2510,507.27994,0.0,164.57585,57.289627,0.3255848,0.0,1.0156474,0.034221675
2511,483.02658,0.0,171.44072,57.289658,0.32894436,0.0,0.96176136,0.03422149
2512,527.1965,0.0,162.0779,57.28968,0.32839176,0.0,0.9742627,0.034221306
2513,525.0083,0.0,191.80682,57.28971,0.3375674,0.0,0.9695567,0.034221128
2514,492.65747,0.0,182.19435,57.289772,0.3365395,0.0,1.0329949,0.03422094
2515,473.33682,0.0,195.0416,57.28979,0.3374611,0.0,0.9830561,0.034220766
2516,475.05942,0.0,153.01181,57.289795,0.3356693,0.0,0.9769058,0.034220576
2517,445.8343,0.0,159.58066,57.28982,0.32233682,0.0,0.9910366,0.034220397
2518,456.65274,0.0,186.18225,57.28979,0.33991626,0.0,0.9583229,0.034220222
2519,473.61026,0.0,165.7207,57.289783,0.33806834,0.0,1.0075403,0.03422004
2520,494.53738,0.0,160.76236,57.28973,0.33960253,0.0,0.97019565,0.034219854
2521,492.03867,0.0,168.99635,57.28971,0.3408689,0.0,0.9897809,0.034219675
2522,446.82928,0.0,175.31104,57.28969,0.33797768,0.0,0.95846623,0.034219492
2523,477.86893,0.0,160.07317,57.289658,0.3378884,0.0,0.9571987,0.034219313
2524,484.67184,0.0,155.46677,57.28966,0.34098163,0.0,0.9987207,0.034219135
2525,483.3262,0.0,166.85695,57.289658,0.35079834,0.0,0.9852782,0.034218956
2526,471.983,0.0,178.57602,57.28965,0.32896715,0.0,0.9681567,0.034218777
2527,470.17993,0.0,160.26712,57.28966,0.32900128,0.0,0.9702244,0.034218594
2528,453.90292,0.0,196.37546,57.28971,0.32992458,0.0,0.9848284,0.03421842
2529,552.5927,0.0,171.8359,57.289734,0.33690044,0.0,1.0071954,0.03421824
2530,457.3618,0.0,144.07152,57.28973,0.3351247,0.0,0.9751134,0.034218058
2531,454.54922,0.0,143.75339,57.28974,0.33743763,0.0,0.9638569,0.03421788
2532,499.17728,0.0,170.03645,57.289734,0.34470034,0.0,0.9918738,0.0342177
2533,516.97473,0.0,227.1955,57.289764,0.3348526,0.0,0.95896125,0.034217525
2534,491.94275,0.0,176.92879,57.289776,0.331509,0.0,0.98730785,0.034217346
2535,523.45575,0.0,168.73326,57.289806,0.3433176,0.0,0.9732012,0.034217168
2536,515.5264,0.0,164.81627,57.289776,0.32864282,0.0,0.9496568,0.03421699
2537,533.3474,0.0,150.3069,57.289783,0.33847237,0.0,0.9488283,0.034216814
2538,542.34576,0.0,177.22102,57.289764,0.3216661,0.0,0.9664571,0.03421663
2539,478.32022,0.0,172.37566,57.28979,0.33134297,0.0,0.96993953,0.034216452
2540,459.88626,0.0,196.84256,57.289837,0.338745,0.0,0.98970973,0.034216277
2541,480.2992,0.0,175.86176,57.289867,0.32806325,0.0,0.96080714,0.034216106
2542,479.77884,0.0,160.59822,57.289867,0.33181533,0.0,0.9851982,0.034215927
2543,514.6246,0.0,175.1999,57.28993,0.3310128,0.0,0.95221937,0.03421575
2544,499.52164,0.0,141.31084,57.289978,0.34110868,0.0,0.9721381,0.034215573
2545,489.74118,0.0,162.5664,57.29003,0.33898562,0.0,0.99232954,0.03421539
2546,476.13022,0.0,167.30305,57.29011,0.33028215,0.0,0.9633489,0.03421522
2547,514.35986,0.0,164.58128,57.290234,0.33617243,0.0,0.99561435,0.034215044
2548,492.39148,0.0,173.77351,57.290337,0.33874676,0.0,0.96988195,0.034214865
2549,459.97928,0.0,192.43529,57.290386,0.32724145,0.0,0.96643203,0.03421469
2550,537.87494,0.0,169.08582,57.290447,0.3394142,0.0,0.9563178,0.034214515
2551,490.3331,0.0,176.75032,57.290447,0.34549108,0.0,0.974227,0.03421434
2552,478.15735,0.0,152.665,57.290493,0.33508158,0.0,0.95686454,0.034214165
2553,508.43896,0.0,175.76212,57.290512,0.34988797,0.0,1.0040584,0.034213986
2554,493.8769,0.0,156.59532,57.29049,0.32364172,0.0,0.9603007,0.034213807
2555,530.59467,0.0,168.04277,57.29047,0.33804092,0.0,0.9688752,0.034213636
2556,497.0457,0.0,160.30315,57.29041,0.33047855,0.0,1.0059254,0.03421346
2557,526.55457,0.0,165.37529,57.290344,0.33395585,0.0,0.9969635,0.034213286
2558,482.32043,0.0,170.96442,57.290257,0.33464584,0.0,0.9766691,0.03421311
2559,519.57025,0.0,176.82953,57.290226,0.33763978,0.0,0.9722142,0.034212936
2560,470.0784,0.0,173.27116,57.29024,0.34431547,0.0,1.0051931,0.034212757
2561,485.2468,0.0,178.72743,57.290257,0.3305406,0.0,0.9748835,0.034212586
2562,466.15656,0.0,163.96146,57.290295,0.32493916,0.0,0.9926749,0.03421241
2563,471.78574,0.0,148.6609,57.290314,0.32406208,0.0,0.96782595,0.03421224
2564,525.1397,0.0,149.24335,57.290295,0.33878636,0.0,0.9538259,0.034212068
2565,493.46005,0.0,158.05185,57.290287,0.3321645,0.0,0.9763116,0.034211893
2566,517.7169,0.0,161.74164,57.29024,0.3356921,0.0,0.9705241,0.034211718
2567,504.77597,0.0,153.48969,57.290276,0.32895115,0.0,0.99203557,0.034211542
2568,511.86703,0.0,150.01485,57.290348,0.33338317,0.0,0.95914525,0.03421137
2569,436.57245,0.0,175.28441,57.29042,0.3375551,0.0,0.9621941,0.0342112
2570,482.73044,0.0,165.95917,57.290478,0.33581397,0.0,0.9795133,0.03421102
2571,498.0727,0.0,175.82924,57.2905,0.3412334,0.0,0.9771773,0.03421085
2572,459.90292,0.0,188.42845,57.290543,0.3316119,0.0,0.9946972,0.034210674
2573,520.06757,0.0,167.98485,57.29056,0.34594205,0.0,0.951444,0.0342105
2574,508.26648,0.0,160.42917,57.290592,0.33612022,0.0,0.987315,0.034210328
2575,506.70624,0.0,152.87057,57.29061,0.3251874,0.0,1.0000869,0.034210157
2576,436.91,0.0,147.84636,57.290646,0.33906105,0.0,0.9736829,0.03420998
2577,448.22507,0.0,143.41899,57.290665,0.3274188,0.0,0.9646661,0.03420981
2578,427.62387,0.0,168.54515,57.290703,0.33696932,0.0,0.952387,0.03420963
2579,523.7889,0.0,199.13277,57.290745,0.33588263,0.0,0.995239,0.034209464
2580,474.26865,0.0,165.23177,57.2908,0.33191237,0.0,0.9686064,0.03420929
2581,472.42285,0.0,201.87906,57.290836,0.32228526,0.0,0.97096545,0.03420912
2582,525.72894,0.0,177.45142,57.29083,0.33604965,0.0,0.978891,0.034208946
2583,469.20108,0.0,177.77145,57.290806,0.33044606,0.0,0.989388,0.034208033
2584,448.6692,0.0,186.80688,57.290775,0.338772,0.0,0.9813817,0.034207787
2585,455.5776,0.0,161.43282,57.29075,0.3280218,0.0,0.9687031,0.034208033
2586,473.80426,0.0,166.28432,57.290775,0.34164816,0.0,0.99398446,0.03420861
2587,499.53937,0.0,168.56674,57.290794,0.33151773,0.0,0.9747568,0.034209438
2588,465.43097,0.0,172.18607,57.290787,0.33190107,0.0,0.9658193,0.03421041
2589,436.47226,0.0,175.17885,57.290806,0.31844258,0.0,0.95791894,0.034211483
2590,476.15353,0.0,197.31183,57.29082,0.33257848,0.0,0.9959001,0.034212586
2591,467.06082,0.0,163.13586,57.290836,0.33101776,0.0,0.9672021,0.0342137
2592,472.29208,0.0,206.26604,57.29086,0.3339702,0.0,1.0026938,0.034214787
2593,559.65875,0.0,160.5396,57.29085,0.33357885,0.0,0.96907383,0.034215838
2594,517.7027,0.0,212.94788,57.29088,0.33009586,0.0,0.99407554,0.03421683
2595,523.40533,0.0,151.37589,57.29092,0.34036744,0.0,0.9813901,0.03421776
2596,446.78156,0.0,190.67719,57.29092,0.32672188,0.0,0.9700104,0.034218613
2597,515.292,0.0,196.59505,57.290913,0.33666724,0.0,0.969909,0.034219403
2598,444.07404,0.0,170.04597,57.29087,0.33463737,0.0,0.98673767,0.034220118
2599,425.968,0.0,193.51086,57.29085,0.34160602,0.0,0.9708314,0.034220766
2600,519.0094,0.0,159.82993,57.290897,0.33881542,0.0,0.9516327,0.03422134
2601,488.67685,0.0,200.50398,57.290928,0.34053692,0.0,0.9824378,0.034221854
2602,453.25662,0.0,160.17172,57.290962,0.33695957,0.0,0.9793874,0.0342223
2603,494.2001,0.0,179.13196,57.290993,0.3453163,0.0,0.9670989,0.034222692
2604,500.12906,0.0,161.16605,57.291004,0.33024958,0.0,0.9991547,0.03422303
2605,519.6814,0.0,161.2097,57.290985,0.3322188,0.0,0.9733843,0.034223318
2606,445.43625,0.0,190.02896,57.29101,0.32081664,0.0,0.95930505,0.03422356
2607,506.32104,0.0,176.24294,57.29103,0.32405818,0.0,0.96935767,0.034223758
2608,481.11676,0.0,174.81378,57.291016,0.33666256,0.0,0.9526694,0.03422391
2609,487.70624,0.0,151.16875,57.290993,0.3298123,0.0,0.971872,0.034224026
2610,506.3113,0.0,156.70697,57.29096,0.32393444,0.0,0.97184676,0.03422411
2611,503.71042,0.0,177.1707,57.29089,0.33870557,0.0,0.9786573,0.034224167
2612,506.2027,0.0,189.57411,57.29083,0.338791,0.0,0.9675986,0.034224197
2613,444.22687,0.0,158.72289,57.290775,0.3252118,0.0,0.94895923,0.034224197
2614,472.0412,0.0,154.97665,57.290745,0.33143613,0.0,0.96946806,0.034224182
2615,454.5856,0.0,156.6128,57.290756,0.3344722,0.0,0.97216,0.034224138
2616,511.1824,0.0,166.58968,57.29084,0.32685193,0.0,0.9739199,0.03422408
2617,483.9475,0.0,171.59837,57.290897,0.3398175,0.0,0.97320896,0.03422401
2618,519.6084,0.0,172.74113,57.29087,0.33255085,0.0,0.9663308,0.034223918
2619,485.21408,0.0,148.17934,57.290817,0.32898843,0.0,0.9725802,0.034223817
2620,429.401,0.0,175.95026,57.290756,0.33579215,0.0,0.97135466,0.0342237
2621,492.84958,0.0,140.55365,57.290684,0.3234005,0.0,1.0070983,0.034223575
2622,491.6485,0.0,153.36368,57.290634,0.3321669,0.0,0.955627,0.034223143
2623,454.28937,0.0,168.20137,57.290543,0.3375883,0.0,0.9587833,0.034222744
2624,478.52966,0.0,163.96605,57.290405,0.3301407,0.0,0.9580704,0.034222376
2625,477.2491,0.0,175.03418,57.290318,0.3216883,0.0,0.99651873,0.03422203
2626,461.20944,0.0,151.18457,57.290234,0.32946637,0.0,0.98475355,0.034221705
2627,482.09872,0.0,157.02385,57.29018,0.34357485,0.0,0.99358994,0.0342214
2628,434.27908,0.0,180.96912,57.290123,0.34043896,0.0,0.9662562,0.0342211
2629,483.7073,0.0,145.10397,57.29012,0.33697134,0.0,0.9646208,0.034220822
2630,449.53098,0.0,191.38864,57.29016,0.3263266,0.0,0.9658689,0.03422055
2631,486.053,0.0,166.90225,57.290165,0.34424698,0.0,0.96624935,0.03422029
2632,500.1589,0.0,173.53731,57.290134,0.33864963,0.0,1.019194,0.034220032
2633,540.01825,0.0,187.88255,57.29013,0.33095178,0.0,0.96117806,0.034219783
2634,474.1511,0.0,147.40866,57.290123,0.33702004,0.0,0.9568752,0.034219537
2635,502.11014,0.0,143.3336,57.290123,0.3343363,0.0,0.978979,0.034219295
2636,475.4262,0.0,156.91466,57.290142,0.32340997,0.0,0.9877281,0.034219056
2637,450.61658,0.0,160.24168,57.290142,0.33157018,0.0,0.9695659,0.03421883
2638,470.99158,0.0,192.71779,57.290173,0.33061504,0.0,0.96012664,0.034218594
2639,536.25134,0.0,145.88133,57.290195,0.3180817,0.0,0.95107,0.034218367
2640,522.76135,0.0,160.0792,57.29024,0.32824588,0.0,1.0218712,0.034218144
2641,502.1254,0.0,173.05319,57.290276,0.3330221,0.0,0.9522752,0.034219354
2642,528.3663,0.0,196.87607,57.290253,0.32713726,0.0,0.96420914,0.034221146
2643,462.79108,0.0,199.92773,57.290195,0.33073604,0.0,0.99173886,0.034223333
2644,506.40457,0.0,168.29257,57.29015,0.32899264,0.0,0.99097455,0.034225754
2645,496.0175,0.0,184.04172,57.290104,0.3253791,0.0,0.9727477,0.034228295
2646,499.21567,0.0,168.46284,57.290092,0.33615336,0.0,1.1021494,0.03423088
2647,503.73856,0.0,172.79504,57.290134,0.33612812,0.0,0.98260164,0.034233432
2648,425.67123,0.0,168.42809,57.290184,0.33823368,0.0,1.0237725,0.03423591
2649,465.54254,0.0,170.4625,57.290234,0.34862402,0.0,0.96014136,0.034238283
2650,495.18408,0.0,165.03827,57.290325,0.3378715,0.0,0.9725862,0.034240525
2651,449.31555,0.0,176.11095,57.29049,0.32041228,0.0,0.97790754,0.034242637
2652,451.3529,0.0,150.61156,57.290676,0.33875337,0.0,0.95969325,0.03424459
2653,463.01828,0.0,179.8463,57.29083,0.32054928,0.0,1.0081569,0.034246396
2654,508.9423,0.0,164.80722,57.290928,0.34026757,0.0,0.9738166,0.034248054
2655,481.53214,0.0,163.68883,57.290974,0.3299282,0.0,0.9909473,0.03424956
2656,469.68344,0.0,186.83165,57.291016,0.33209407,0.0,0.9523008,0.03425093
2657,562.6404,0.0,160.5251,57.291054,0.31606674,0.0,0.99502206,0.034252163
2658,451.73077,0.0,164.12775,57.291145,0.33751354,0.0,0.9768127,0.03425327
2659,508.26016,0.0,171.76689,57.29124,0.3325617,0.0,1.0134269,0.03425426
2660,482.43924,0.0,175.43413,57.29134,0.33435228,0.0,0.9612376,0.034255136
2661,462.77478,0.0,170.64885,57.2914,0.33528855,0.0,0.9973398,0.03425591
2662,438.4171,0.0,173.79172,57.291443,0.3393951,0.0,0.958035,0.03425659
2663,449.77417,0.0,165.94931,57.29143,0.34183714,0.0,0.96658605,0.034257185
2664,461.01154,0.0,180.1091,57.291454,0.3368269,0.0,0.9756761,0.03425769
2665,463.82056,0.0,148.75253,57.291443,0.33298355,0.0,0.9571078,0.034258127
2666,467.28305,0.0,204.50249,57.29145,0.34486815,0.0,0.9715651,0.034258496
2667,473.6407,0.0,172.8744,57.291473,0.33630192,0.0,0.9758639,0.03425881
2668,536.11786,0.0,157.4996,57.291523,0.34302756,0.0,0.9814101,0.034259062
2669,461.11295,0.0,163.00583,57.291534,0.32375556,0.0,0.98308563,0.034259263
2670,459.60007,0.0,171.99194,57.291576,0.33460072,0.0,0.95570856,0.03425942
2671,496.6687,0.0,160.99686,57.2916,0.33790106,0.0,0.97079426,0.034259535
2672,446.62506,0.0,159.5465,57.291656,0.34182036,0.0,1.0227844,0.03425961
2673,506.77402,0.0,164.82341,57.2917,0.31923887,0.0,1.0025531,0.034259655
2674,486.34067,0.0,191.75055,57.29179,0.34180406,0.0,0.9594728,0.034259666
2675,493.86026,0.0,161.06808,57.29182,0.3313829,0.0,0.972563,0.03425965
2676,411.4813,0.0,161.24313,57.291855,0.33164895,0.0,0.9941364,0.034259617
2677,463.11523,0.0,152.56808,57.29185,0.3214457,0.0,0.94948655,0.034259554
2678,485.02103,0.0,183.13925,57.291824,0.3365553,0.0,0.98457676,0.034259476
2679,513.8237,0.0,174.79779,57.2918,0.34436512,0.0,0.95197475,0.03425937
2680,489.99158,0.0,151.99428,57.29174,0.33549908,0.0,0.99467355,0.034259256
2681,470.29245,0.0,145.5891,57.2917,0.3349916,0.0,0.98183286,0.03425913
2682,502.6215,0.0,167.40315,57.291668,0.32499772,0.0,0.96308374,0.034258984
2683,485.85953,0.0,163.27957,57.29163,0.34083676,0.0,0.9685541,0.03425883
2684,499.02438,0.0,159.3012,57.291584,0.34169966,0.0,0.9505979,0.034258667
2685,422.82767,0.0,170.1257,57.291557,0.33901012,0.0,0.99676245,0.034258496
2686,479.58484,0.0,151.74033,57.291546,0.33310908,0.0,0.9452474,0.034258317
2687,464.4178,0.0,171.39384,57.291576,0.32782745,0.0,0.98471504,0.034258127
2688,452.8769,0.0,171.26451,57.291584,0.33200973,0.0,0.9634481,0.034257933
2689,471.33218,0.0,185.33217,57.291534,0.33124664,0.0,0.96998936,0.034257736
2690,517.6044,0.0,157.79068,57.291492,0.34669203,0.0,0.9922929,0.034257535
2691,471.4571,0.0,156.20273,57.291473,0.3208772,0.0,0.95906717,0.034257323
2692,411.73828,0.0,151.26016,57.291485,0.3266499,0.0,0.9700507,0.034257114
2693,427.7916,0.0,166.80875,57.291496,0.31979477,0.0,0.980206,0.034256898
2694,475.02866,0.0,158.1994,57.29151,0.3393842,0.0,0.9767501,0.034256678
2695,508.29724,0.0,213.18886,57.291523,0.3362079,0.0,0.9745299,0.034256455
2696,462.9005,0.0,169.52615,57.291527,0.33339334,0.0,0.97565067,0.034256235
2697,490.27084,0.0,177.40591,57.291515,0.32867455,0.0,0.9491483,0.03425601
2698,456.31686,0.0,151.6321,57.291496,0.329984,0.0,0.94829875,0.034255784
2699,443.79437,0.0,153.25804,57.291534,0.332474,0.0,0.9695764,0.034255557
2700,476.54907,0.0,164.28082,57.291584,0.3410572,0.0,0.9481759,0.034255326
2701,530.47046,0.0,171.32928,57.2916,0.33751303,0.0,0.958784,0.0342551
2702,483.1906,0.0,162.8361,57.29162,0.3236842,0.0,0.98566246,0.034254868
2703,465.7811,0.0,155.46667,57.29162,0.3280237,0.0,0.9528272,0.034254637
2704,453.78384,0.0,156.86035,57.291607,0.34231848,0.0,0.97337407,0.034254406
2705,518.9729,0.0,150.70741,57.291626,0.32525876,0.0,1.0031673,0.03425418
2706,466.80002,0.0,174.60716,57.29169,0.3434272,0.0,0.960857,0.034253944
2707,458.3031,0.0,153.29192,57.2917,0.331149,0.0,0.975959,0.034253713
2708,495.44272,0.0,166.94467,57.29171,0.33410853,0.0,0.9995407,0.034253486
2709,509.82404,0.0,155.15446,57.29171,0.3396971,0.0,0.9900937,0.034253255
2710,479.54092,0.0,153.87747,57.291668,0.3280365,0.0,1.0192763,0.034253024
2711,497.24802,0.0,152.45602,57.291576,0.34487206,0.0,1.0028785,0.034252793
2712,525.22363,0.0,167.49544,57.29151,0.32923603,0.0,0.9985971,0.03425256
2713,492.366,0.0,140.08409,57.291523,0.3308227,0.0,1.0009582,0.03425233
2714,519.0641,0.0,188.635,57.291576,0.33487147,0.0,0.98529726,0.034252103
2715,451.47754,0.0,177.31326,57.29162,0.33651617,0.0,1.0125468,0.034251876
2716,506.1167,0.0,181.8058,57.29169,0.33113185,0.0,0.98266065,0.03425164
2717,481.72787,0.0,168.65471,57.29177,0.33355957,0.0,0.96071905,0.034251418
2718,473.50598,0.0,166.28424,57.291832,0.34190258,0.0,0.9590949,0.034251187
2719,555.23944,0.0,164.21457,57.291874,0.33925256,0.0,1.0010897,0.034250963
2720,469.4509,0.0,165.74493,57.291912,0.33667186,0.0,0.979998,0.034250736
2721,404.98605,0.0,191.1223,57.291958,0.34216326,0.0,0.988242,0.03425051
2722,498.49728,0.0,149.26396,57.292034,0.33199197,0.0,0.9667236,0.034250285
2723,440.35428,0.0,129.46274,57.29206,0.33262196,0.0,1.0015614,0.03425006
2724,488.84348,0.0,175.27747,57.29207,0.3355179,0.0,0.9578016,0.034249835
2725,492.40424,0.0,138.0136,57.29208,0.3323052,0.0,0.9794741,0.03424961
2726,472.98935,0.0,148.78716,57.29213,0.3353345,0.0,0.98494565,0.034249388
2727,487.10852,0.0,173.6773,57.29215,0.32094502,0.0,0.9774225,0.034249168
2728,519.7271,0.0,162.54059,57.29213,0.33244443,0.0,0.98284584,0.03424894
2729,480.63617,0.0,191.2733,57.29208,0.34675166,0.0,1.0105762,0.03424872
2730,450.48743,0.0,174.69946,57.29206,0.3303903,0.0,1.0030459,0.034248494
2731,453.59702,0.0,165.76015,57.292034,0.3315148,0.0,0.99774945,0.034248278
2732,497.6811,0.0,159.78857,57.29205,0.33339393,0.0,0.9582447,0.03424806
2733,420.35254,0.0,172.33655,57.29211,0.32904068,0.0,0.9590589,0.034247838
2734,488.77167,0.0,196.28268,57.292137,0.34235775,0.0,0.9940668,0.03424762
2735,514.87616,0.0,163.96817,57.292168,0.34903458,0.0,1.0181687,0.034247402
2736,450.64215,0.0,153.18529,57.29222,0.33490115,0.0,1.0037975,0.03424708
2737,498.4464,0.0,160.67981,57.292324,0.3296385,0.0,0.974937,0.034246773
2738,529.21185,0.0,157.56068,57.29249,0.32442313,0.0,1.0032158,0.03424648
2739,466.99518,0.0,180.80234,57.292614,0.34435347,0.0,0.9682772,0.034246188
2740,504.1669,0.0,165.059,57.292706,0.34321067,0.0,0.9760989,0.034245916
2741,432.74567,0.0,156.74226,57.292816,0.33075395,0.0,0.9606219,0.034245644
2742,494.02335,0.0,198.94102,57.29289,0.33460405,0.0,0.9757089,0.034245383
2743,474.79803,0.0,155.84541,57.29297,0.33702868,0.0,0.97191554,0.034245126
2744,491.06198,0.0,161.04594,57.293064,0.33640277,0.0,0.9658688,0.034244873
2745,499.2954,0.0,163.18346,57.293156,0.33875972,0.0,0.9577271,0.03424463
2746,520.77655,0.0,172.50925,57.293213,0.33488566,0.0,1.0093616,0.03424439
2747,472.7551,0.0,184.33359,57.293255,0.3264641,0.0,0.99556273,0.03424415
2748,490.70203,0.0,185.53864,57.293304,0.34041277,0.0,0.99229026,0.03424391
2749,506.9369,0.0,148.05727,57.29336,0.32819793,0.0,0.97649,0.03424368
2750,477.96387,0.0,156.10774,57.29339,0.33379185,0.0,0.9982966,0.03424345
2751,420.81738,0.0,162.03697,57.29344,0.32565606,0.0,0.9597575,0.034243222
2752,505.70984,0.0,152.22523,57.29349,0.33081952,0.0,0.98553985,0.034243
2753,445.00473,0.0,154.01326,57.293514,0.33969772,0.0,0.98645365,0.03424277
2754,469.75024,0.0,167.21779,57.293472,0.3343627,0.0,0.9441278,0.03424256
2755,487.0432,0.0,155.12738,57.293407,0.33128273,0.0,0.958154,0.034242336
2756,481.71545,0.0,175.71455,57.293316,0.33020595,0.0,0.9670177,0.034242116
2757,473.56497,0.0,163.73534,57.293217,0.33087084,0.0,0.9856363,0.0342419
2758,472.2027,0.0,163.02016,57.293125,0.33996964,0.0,0.9849509,0.034241684
2759,494.0213,0.0,141.96141,57.29305,0.3384522,0.0,1.0013787,0.034241464
2760,463.47363,0.0,167.05254,57.29297,0.33971575,0.0,0.96934724,0.034241255
2761,469.44614,0.0,175.0043,57.292915,0.33897954,0.0,0.97146225,0.034241043
2762,490.25995,0.0,192.64294,57.292885,0.33401838,0.0,0.958639,0.03424083
2763,492.78302,0.0,167.5407,57.292824,0.34180966,0.0,1.0527682,0.034240626
2764,495.45715,0.0,186.14333,57.292763,0.3257248,0.0,0.9863977,0.034240413
2765,473.16306,0.0,153.08298,57.2927,0.3332856,0.0,0.9663905,0.034240205
2766,484.60153,0.0,171.76465,57.2926,0.3440609,0.0,0.984986,0.03424
2767,489.8972,0.0,184.25496,57.292477,0.325317,0.0,0.99162257,0.03423979
2768,480.31912,0.0,147.66356,57.292408,0.33850694,0.0,0.96761715,0.034239586
2769,451.15445,0.0,181.0219,57.292355,0.33140704,0.0,0.9710145,0.034239396
2770,488.83664,0.0,161.95007,57.2923,0.32855633,0.0,0.98635674,0.034239218
2771,507.76602,0.0,174.41971,57.292263,0.33096245,0.0,0.96700627,0.03423904
2772,492.49484,0.0,160.39355,57.29227,0.34448624,0.0,0.98299474,0.034238853
2773,521.2443,0.0,155.38913,57.292305,0.3327034,0.0,0.9814507,0.034238666
2774,468.5072,0.0,174.84192,57.29233,0.33664286,0.0,0.9755122,0.034238487
2775,494.76337,0.0,176.22101,57.292366,0.33088073,0.0,0.9926225,0.03423831
2776,423.4325,0.0,158.64868,57.292397,0.3323713,0.0,0.98798484,0.034238115
2777,457.61765,0.0,164.37222,57.292393,0.34216946,0.0,1.0079397,0.03423793
2778,468.40067,0.0,161.98492,57.292397,0.32749772,0.0,0.9826741,0.034237746
2779,479.36343,0.0,163.98854,57.292377,0.33699867,0.0,0.96181566,0.03423756
2780,454.7721,0.0,190.66467,57.292366,0.33512133,0.0,1.0001358,0.034237374
2781,449.03604,0.0,163.25761,57.292385,0.33924848,0.0,0.98202246,0.034237187
2782,457.22156,0.0,162.05423,57.292374,0.3315576,0.0,0.9597249,0.034236997
2783,463.86035,0.0,174.70241,57.292316,0.34381855,0.0,0.9766399,0.034236807
2784,472.9643,0.0,179.50066,57.292286,0.336903,0.0,0.9952966,0.03423662
2785,459.03333,0.0,154.75201,57.292274,0.3389261,0.0,1.0362452,0.034236427
2786,412.76535,0.0,153.44131,57.292305,0.3321575,0.0,0.9290749,0.034236237
2787,461.26993,0.0,173.42497,57.292336,0.32424322,0.0,0.9846002,0.03423621
2788,490.61325,0.0,194.39037,57.292377,0.33340016,0.0,0.95161283,0.034236193
2789,475.54712,0.0,161.53607,57.292446,0.34313348,0.0,0.99249727,0.03423617
2790,451.28665,0.0,174.99478,57.292526,0.33176276,0.0,0.979968,0.034236148
2791,507.35422,0.0,163.07693,57.29257,0.3320745,0.0,0.95532495,0.034236122
2792,504.46848,0.0,161.93463,57.292603,0.3381621,0.0,0.9569341,0.034236085
2793,507.9378,0.0,161.99661,57.292706,0.32634005,0.0,0.9809198,0.034236044
2794,496.03018,0.0,166.93233,57.292805,0.3413555,0.0,0.96264625,0.03423599
2795,448.68814,0.0,190.11394,57.29286,0.33943108,0.0,0.99508846,0.03423592
2796,508.54257,0.0,176.8663,57.29287,0.3367766,0.0,0.9561872,0.03423585
2797,486.05487,0.0,157.21426,57.292854,0.33835262,0.0,0.9588264,0.034235854
2798,438.60577,0.0,146.29156,57.292835,0.32821417,0.0,0.9891142,0.034235872
2799,502.1608,0.0,179.62863,57.292835,0.3327252,0.0,0.96331316,0.034235902
2800,497.45245,0.0,156.50485,57.292847,0.32970327,0.0,0.97797304,0.034235924
2801,478.4502,0.0,199.30759,57.292908,0.33616528,0.0,0.96986055,0.034235947
2802,474.15552,0.0,169.70735,57.29298,0.33987862,0.0,0.942843,0.03423596
2803,473.0748,0.0,149.13916,57.29299,0.3302743,0.0,0.9750333,0.03423597
2804,587.3495,0.0,179.55453,57.292988,0.3379732,0.0,0.94642955,0.034235965
2805,511.8529,0.0,165.60495,57.292988,0.32555944,0.0,0.9921169,0.03423595
2806,427.53546,0.0,148.79126,57.293022,0.3385719,0.0,0.9768327,0.03423593
2807,510.44302,0.0,167.71603,57.293053,0.33680788,0.0,0.97548664,0.034235887
2808,457.76727,0.0,177.22731,57.29305,0.33874324,0.0,0.9795059,0.034235843
2809,496.3917,0.0,177.93213,57.29307,0.33082286,0.0,0.9869896,0.03423578
2810,460.59366,0.0,173.37051,57.29312,0.33447355,0.0,0.9893107,0.034235705
2811,516.89667,0.0,153.30411,57.293114,0.32634825,0.0,0.94297636,0.034235626
2812,466.10965,0.0,159.79665,57.293102,0.33324128,0.0,0.967705,0.034235537
2813,508.94717,0.0,168.75534,57.293114,0.32717386,0.0,0.9791998,0.034235436
2814,536.67444,0.0,152.5295,57.293137,0.33676547,0.0,0.9302065,0.034235332
2815,522.38947,0.0,168.68248,57.293144,0.32328814,0.0,0.9671436,0.034235213
2816,531.8465,0.0,168.96742,57.293102,0.33037287,0.0,1.0094509,0.03423509
2817,457.64368,0.0,175.9864,57.29308,0.3311315,0.0,0.9760924,0.034234963
2818,463.04102,0.0,127.765976,57.293064,0.34878322,0.0,1.0417528,0.034234833
2819,479.8378,0.0,169.57683,57.29307,0.33576113,0.0,0.9848164,0.034234688
2820,485.96606,0.0,171.81381,57.293053,0.33229312,0.0,0.9757973,0.034234546
2821,487.3477,0.0,174.90186,57.29302,0.3221634,0.0,0.9763701,0.034234393
2822,501.69003,0.0,135.5983,57.293022,0.335263,0.0,0.9668172,0.034234244
2823,486.4173,0.0,150.13817,57.293053,0.33352855,0.0,0.9402025,0.034234084
2824,503.39825,0.0,182.11876,57.293083,0.34108052,0.0,0.99754447,0.034233928
2825,467.2357,0.0,184.18304,57.29312,0.33840618,0.0,1.0254092,0.03423376
2826,526.931,0.0,175.03096,57.29315,0.34051722,0.0,0.9774895,0.0342336
2827,511.1579,0.0,152.89972,57.293167,0.3455175,0.0,0.97217315,0.03423343
2828,468.08963,0.0,151.3559,57.293175,0.33626837,0.0,0.95500207,0.034233257
2829,500.28598,0.0,180.84183,57.293194,0.34289426,0.0,0.9790378,0.034233086
2830,516.6096,0.0,163.17035,57.293255,0.3406722,0.0,0.9474227,0.034232914
2831,514.6751,0.0,153.32774,57.29334,0.33750048,0.0,0.9834357,0.034232736
2832,445.29276,0.0,168.2083,57.29337,0.34100246,0.0,0.97274065,0.03423256
2833,500.3626,0.0,165.14299,57.29343,0.33505204,0.0,1.0244312,0.03423238
2834,562.1745,0.0,166.06435,57.293484,0.33492476,0.0,0.96570295,0.034232203
2835,537.03687,0.0,173.58646,57.293503,0.33243996,0.0,0.95593506,0.03423202
2836,493.3455,0.0,159.13155,57.293495,0.34080964,0.0,0.9512878,0.03423184
2837,539.99744,0.0,165.16829,57.29347,0.33391964,0.0,0.97595483,0.034231663
2838,448.8825,0.0,168.802,57.29344,0.33774078,0.0,0.97090846,0.03423148
2839,516.27045,0.0,185.31993,57.29344,0.32913733,0.0,0.9723446,0.0342313
2840,506.38538,0.0,156.19759,57.29339,0.33933678,0.0,1.0066589,0.03423112
2841,469.9871,0.0,175.95924,57.293316,0.3417071,0.0,0.98723567,0.034230933
2842,432.3197,0.0,163.1142,57.293247,0.3377133,0.0,0.9456,0.034230746
2843,485.25546,0.0,178.81934,57.293182,0.33155388,0.0,0.9830387,0.034230564
2844,531.8884,0.0,152.50323,57.293125,0.3491879,0.0,0.9952376,0.03423038
2845,438.6013,0.0,162.34857,57.29305,0.33681348,0.0,0.96775955,0.0342302
2846,487.03995,0.0,193.30882,57.29296,0.3395233,0.0,0.96612704,0.034230012
2847,516.3637,0.0,173.53525,57.292915,0.334357,0.0,1.0114207,0.034229826
2848,499.9118,0.0,181.53235,57.29287,0.33196956,0.0,1.002057,0.034229536
2849,495.3763,0.0,153.87685,57.292854,0.34497437,0.0,0.9879725,0.034229327
2850,506.87427,0.0,167.686,57.29286,0.32869446,0.0,0.9684383,0.034229185
2851,466.393,0.0,154.13812,57.29286,0.32716027,0.0,0.9591733,0.03422909
2852,493.6579,0.0,196.53854,57.292866,0.33909196,0.0,0.96013933,0.034229025
2853,496.70486,0.0,161.00044,57.29287,0.33424708,0.0,0.99272686,0.03422898
2854,513.94977,0.0,204.0443,57.292896,0.33148968,0.0,0.984891,0.03422895
2855,459.401,0.0,187.02539,57.29297,0.33513278,0.0,0.9890798,0.034228925
2856,539.4079,0.0,142.37181,57.293003,0.33309966,0.0,0.9910891,0.034228895
2857,506.79346,0.0,144.9527,57.293003,0.33009693,0.0,0.96782863,0.034228865
2858,523.6028,0.0,179.21915,57.292988,0.32876918,0.0,0.9791704,0.034228835
2859,478.4194,0.0,172.22432,57.292988,0.33126652,0.0,0.97448206,0.034228794
2860,447.77957,0.0,162.94688,57.292973,0.329932,0.0,0.9803276,0.034228742
2861,476.00394,0.0,200.44382,57.29299,0.3365785,0.0,0.95600927,0.034228686
2862,554.5393,0.0,145.68167,57.29308,0.3387546,0.0,0.98100686,0.03422861
2863,578.39087,0.0,177.7606,57.29315,0.3263774,0.0,0.9864318,0.03422853
2864,456.2851,0.0,162.4611,57.293243,0.3397616,0.0,0.9698078,0.034228444
2865,493.6446,0.0,153.41785,57.293346,0.33696383,0.0,0.99083555,0.034228344
2866,515.3689,0.0,171.99115,57.293407,0.33275852,0.0,0.99199945,0.03422824
2867,475.8326,0.0,192.0605,57.29344,0.33438358,0.0,1.0073769,0.03422812
2868,486.664,0.0,160.90677,57.293472,0.326133,0.0,0.9987503,0.034228
2869,462.73303,0.0,162.74962,57.293495,0.3372648,0.0,0.99306893,0.03422787
2870,453.496,0.0,156.41826,57.29348,0.34099144,0.0,0.98139036,0.034227736
2871,507.48044,0.0,164.48015,57.293533,0.32629254,0.0,0.9630245,0.03422759
2872,430.80194,0.0,173.74426,57.29357,0.3356088,0.0,0.9683028,0.034227446
2873,444.4922,0.0,165.79329,57.293617,0.33418232,0.0,1.0037733,0.03422729
2874,490.15213,0.0,181.27646,57.293705,0.33442712,0.0,1.0274414,0.034227133
2875,485.65216,0.0,167.48468,57.293797,0.33469722,0.0,0.97530377,0.03422697
2876,502.35538,0.0,153.53702,57.29382,0.3335601,0.0,0.96870536,0.0342268
2877,444.01166,0.0,196.12994,57.293797,0.34941196,0.0,0.9643102,0.034226634
2878,468.09406,0.0,178.15392,57.29376,0.33916834,0.0,0.9253922,0.03422646
2879,483.6867,0.0,166.22343,57.29375,0.33878013,0.0,1.006747,0.03422628
2880,467.78094,0.0,169.56041,57.293697,0.33739528,0.0,0.964829,0.03422611
2881,518.4607,0.0,155.66913,57.293625,0.33216897,0.0,0.93911415,0.03422593
2882,450.4497,0.0,174.47266,57.29357,0.33723333,0.0,0.97832626,0.034225747
2883,525.3022,0.0,161.58397,57.293552,0.34452707,0.0,1.0036651,0.03422556
2884,557.28156,0.0,185.66122,57.293526,0.3466831,0.0,0.9579829,0.034225382
2885,523.6209,0.0,168.56126,57.29349,0.3445133,0.0,0.97258514,0.034225196
2886,489.72867,0.0,141.42761,57.29349,0.33653378,0.0,0.96142536,0.034225006
2887,535.9197,0.0,175.10335,57.293484,0.3338616,0.0,1.0012262,0.034224816
2888,459.86252,0.0,164.15665,57.29347,0.33186814,0.0,0.9714208,0.034224533
2889,478.6442,0.0,175.04665,57.29345,0.33383238,0.0,0.9633843,0.034224253
2890,498.3376,0.0,150.08589,57.29337,0.33423555,0.0,0.98054844,0.03422399
2891,439.5285,0.0,169.81853,57.293285,0.3275799,0.0,0.97189385,0.034223728
2892,513.2886,0.0,184.01144,57.293255,0.33693796,0.0,0.95160383,0.03422348
2893,468.26276,0.0,184.22552,57.293255,0.3343636,0.0,1.0052541,0.034223236
2894,438.83817,0.0,148.9558,57.293243,0.3342326,0.0,0.9764557,0.03422305
2895,510.57645,0.0,152.65622,57.293213,0.34575155,0.0,0.9811437,0.034222867
2896,496.59058,0.0,181.94211,57.293198,0.32922268,0.0,1.012431,0.034222685
2897,502.87042,0.0,163.73111,57.293194,0.33717176,0.0,0.9703823,0.034222502
2898,464.94272,0.0,187.50943,57.293205,0.3382738,0.0,1.031791,0.034222316
2899,447.93924,0.0,157.47273,57.293224,0.33513775,0.0,0.9678697,0.03422213
2900,540.4214,0.0,172.18141,57.293243,0.33905664,0.0,0.9648644,0.03422195
2901,435.94147,0.0,161.30302,57.293297,0.32204893,0.0,0.9523046,0.034221765
2902,448.02673,0.0,146.27054,57.293346,0.3314292,0.0,0.9680275,0.034221586
2903,449.66763,0.0,176.84827,57.293358,0.33772996,0.0,0.96232504,0.0342214
2904,486.22025,0.0,182.68733,57.29336,0.32804337,0.0,0.99431545,0.03422122
2905,467.50925,0.0,150.63148,57.2934,0.33140734,0.0,1.0079776,0.03422103
2906,465.82172,0.0,142.93855,57.29345,0.32693866,0.0,0.97901493,0.034220852
2907,449.3916,0.0,176.69473,57.293514,0.32655123,0.0,0.9571522,0.034220666
2908,435.6986,0.0,168.4086,57.293587,0.32949588,0.0,1.0106725,0.03422048
2909,473.72546,0.0,185.64091,57.293655,0.33512163,0.0,0.99486667,0.034220293
2910,510.38495,0.0,174.34674,57.293736,0.33242804,0.0,0.9759553,0.03422011
2911,493.4703,0.0,171.45175,57.29377,0.3375607,0.0,0.98924214,0.03421992
2912,443.5028,0.0,176.62103,57.29378,0.3367708,0.0,0.9459307,0.034219738
2913,472.46875,0.0,158.14734,57.29379,0.34857747,0.0,0.94917107,0.034219548
2914,508.2734,0.0,150.59685,57.293827,0.3378489,0.0,0.9460538,0.034219366
2915,451.92706,0.0,199.18138,57.293903,0.33482525,0.0,0.96931416,0.034219183
2916,505.09583,0.0,162.42844,57.29394,0.3353213,0.0,0.99259716,0.034218993
2917,479.22858,0.0,173.56133,57.293964,0.3335113,0.0,0.9618151,0.034218807
2918,552.49756,0.0,172.93607,57.293972,0.32821342,0.0,0.97412556,0.034218624
2919,519.5876,0.0,166.51932,57.293972,0.32806414,0.0,0.9726883,0.034218434
2920,538.1879,0.0,171.07018,57.294014,0.3174048,0.0,0.9524826,0.034218248
2921,460.7819,0.0,169.96169,57.294033,0.33867612,0.0,0.9805585,0.03421806
2922,491.33746,0.0,182.41765,57.294037,0.3362626,0.0,1.0121063,0.034217875
2923,512.37787,0.0,185.08997,57.294014,0.3397906,0.0,1.0221571,0.034217697
2924,471.36835,0.0,180.50632,57.293995,0.33490613,0.0,0.9800812,0.034217507
2925,488.0946,0.0,159.9458,57.293972,0.33466303,0.0,0.9718395,0.034217324
2926,456.80276,0.0,160.52975,57.29399,0.34106365,0.0,0.9623202,0.03421714
2927,492.998,0.0,169.01166,57.294033,0.3341035,0.0,1.0357432,0.03421695
2928,535.4068,0.0,200.80742,57.294136,0.34027857,0.0,0.9772854,0.03421677
2929,453.05508,0.0,176.39658,57.294243,0.33339232,0.0,0.98676145,0.034216583
2930,588.29553,0.0,157.87138,57.29433,0.3310778,0.0,1.0031967,0.0342164
2931,468.00662,0.0,182.46309,57.294395,0.33448854,0.0,1.0162233,0.034216218
2932,534.2895,0.0,162.49211,57.294407,0.32686856,0.0,1.0274276,0.034216028
2933,467.3248,0.0,159.56517,57.294415,0.32836533,0.0,0.983911,0.034215845
2934,569.61084,0.0,182.52896,57.294434,0.3167581,0.0,0.9922382,0.034215663
2935,473.37805,0.0,207.22388,57.294395,0.33129042,0.0,1.008561,0.03421548
2936,532.20654,0.0,163.87564,57.294376,0.3284461,0.0,0.982298,0.034215294
2937,501.6432,0.0,205.7874,57.294415,0.327494,0.0,0.99749374,0.034215115
2938,456.4694,0.0,171.84909,57.294403,0.3376623,0.0,0.9906325,0.034214932
2939,439.6509,0.0,173.09831,57.294403,0.33196813,0.0,0.95216227,0.03421475
2940,572.46436,0.0,165.6128,57.29439,0.32671666,0.0,0.95911163,0.034214564
2941,496.27914,0.0,162.58292,57.294384,0.33827487,0.0,0.9442354,0.03421438
2942,479.8154,0.0,191.75186,57.294376,0.32843536,0.0,0.9632123,0.034214202
2943,424.712,0.0,174.661,57.294353,0.3444582,0.0,1.0234474,0.03421402
2944,509.7388,0.0,158.63966,57.29436,0.3303631,0.0,0.98280066,0.03421384
2945,474.24283,0.0,174.27754,57.29436,0.33785376,0.0,1.0026987,0.034213655
2946,468.50754,0.0,158.6797,57.29435,0.33452347,0.0,0.97471774,0.034213472
2947,450.69064,0.0,175.08984,57.294334,0.34569523,0.0,1.0013661,0.03421329
2948,521.5095,0.0,169.96855,57.29436,0.34036383,0.0,0.97986794,0.034213107
2949,471.52225,0.0,173.19107,57.29439,0.3233687,0.0,1.0179611,0.03421293
2950,477.77393,0.0,152.2523,57.294445,0.32512847,0.0,0.9710949,0.03421275
2951,448.09048,0.0,176.19339,57.294544,0.3336597,0.0,0.9438573,0.034212567
2952,499.32602,0.0,173.47832,57.294662,0.3420289,0.0,0.98600435,0.034212388
2953,542.9546,0.0,199.06291,57.29476,0.34263325,0.0,0.9994675,0.034212213
2954,485.45618,0.0,162.82849,57.29481,0.33670327,0.0,0.9694021,0.034212023
2955,440.07297,0.0,169.00551,57.29484,0.34547594,0.0,0.9807128,0.034211848
2956,444.43985,0.0,167.08821,57.294876,0.3296156,0.0,0.97233087,0.03421167
2957,495.78427,0.0,154.18509,57.294926,0.32679766,0.0,0.9846879,0.03421149
2958,522.9102,0.0,184.55322,57.29495,0.34283352,0.0,0.9705959,0.034211304
2959,521.95795,0.0,180.75484,57.29498,0.3319774,0.0,0.98779106,0.034211125
2960,467.86276,0.0,165.14297,57.295,0.33931968,0.0,0.9923537,0.034210954
2961,406.68558,0.0,175.17844,57.29499,0.34147218,0.0,0.9993825,0.034210768
2962,466.05783,0.0,182.13667,57.294968,0.3431338,0.0,0.9935927,0.034210593
2963,498.55267,0.0,167.7002,57.294914,0.33398426,0.0,0.9712733,0.03421041
2964,501.434,0.0,169.4067,57.294895,0.32989258,0.0,0.9981335,0.034210235
2965,466.5452,0.0,157.11836,57.294876,0.333134,0.0,1.0646017,0.034210056
2966,481.47305,0.0,158.01892,57.294876,0.33032587,0.0,0.96348953,0.034209877
2967,511.81107,0.0,172.87451,57.294857,0.34030232,0.0,0.9515882,0.034209702
2968,496.94464,0.0,165.44789,57.294876,0.34140643,0.0,0.982739,0.03420952
2969,453.58643,0.0,151.34447,57.294926,0.34043235,0.0,0.9581666,0.034209345
2970,485.2958,0.0,155.57831,57.29498,0.32936683,0.0,0.9733692,0.034209166
2971,547.73895,0.0,185.34088,57.295006,0.3458121,0.0,0.94845617,0.034208987
2972,467.59186,0.0,193.04803,57.295036,0.34343937,0.0,0.95031255,0.034208808
2973,438.31125,0.0,170.09372,57.295048,0.3454869,0.0,0.9375702,0.034208633
2974,470.34015,0.0,184.15807,57.29505,0.34962118,0.0,1.003808,0.034208454
2975,513.50305,0.0,164.62715,57.29506,0.32502007,0.0,0.9967941,0.03420828
2976,533.29944,0.0,146.61475,57.29508,0.33085498,0.0,0.98356247,0.0342081
2977,488.79678,0.0,148.7912,57.29512,0.3378873,0.0,0.94858146,0.03420792
2978,544.557,0.0,160.08865,57.29514,0.34751204,0.0,1.0066643,0.034207743
2979,457.91705,0.0,166.72504,57.29515,0.33854967,0.0,0.9967519,0.034207568
2980,489.50662,0.0,158.37282,57.295155,0.3269501,0.0,1.0051098,0.03420739
2981,510.71722,0.0,162.586,57.295174,0.34293473,0.0,0.9795724,0.034207214
2982,485.0321,0.0,145.11098,57.295174,0.33057046,0.0,0.97937596,0.034207042
2983,452.5393,0.0,178.6769,57.295162,0.3271089,0.0,0.97377217,0.034206863
2984,490.41855,0.0,168.29321,57.2951,0.33932638,0.0,0.96541077,0.034206685
2985,435.26303,0.0,155.9142,57.29506,0.32248536,0.0,0.97439665,0.03420651
2986,507.15897,0.0,135.53003,57.29501,0.33283558,0.0,0.9762942,0.03420633
2987,434.97372,0.0,169.28699,57.29495,0.33381253,0.0,0.99561805,0.034206156
2988,499.17062,0.0,155.0804,57.294903,0.34957945,0.0,0.9870415,0.03420598
2989,495.5461,0.0,143.74455,57.294876,0.33741665,0.0,1.0039123,0.034205806
2990,507.97375,0.0,155.35593,57.294884,0.33871168,0.0,0.97273785,0.03420563
2991,488.02408,0.0,155.84196,57.294888,0.34494257,0.0,0.9989207,0.03420545
2992,469.26028,0.0,178.02834,57.294888,0.33783874,0.0,0.99386,0.034205277
2993,440.05923,0.0,178.47032,57.29495,0.33639997,0.0,0.96164614,0.034205105
2994,456.4429,0.0,177.2984,57.29496,0.33513448,0.0,0.97103256,0.034204934
2995,553.9876,0.0,155.65677,57.295,0.34812915,0.0,0.9849316,0.03420476
2996,511.9867,0.0,185.81041,57.29501,0.34262186,0.0,0.9766787,0.03420458
2997,570.32764,0.0,185.4992,57.295048,0.34555814,0.0,0.9521388,0.034204405
2998,477.1649,0.0,174.15866,57.2951,0.34841305,0.0,0.9628235,0.03420423
2999,504.52383,0.0,178.33438,57.295113,0.3379737,0.0,1.0006373,0.034204055
3000,523.94574,0.0,178.92282,57.295082,0.3387821,0.0,0.97849137,0.03420388
3001,466.94205,0.0,161.99474,57.295048,0.33805186,0.0,0.960084,0.03420371
3002,551.6418,0.0,159.78676,57.295017,0.33193627,0.0,0.9858728,0.03420353
3003,555.4912,0.0,163.5239,57.29498,0.330329,0.0,0.994362,0.034203354
3004,453.04504,0.0,180.37975,57.29496,0.33223364,0.0,0.96944225,0.03420318
3005,459.76764,0.0,175.74316,57.294975,0.32808018,0.0,0.99672925,0.034203008
3006,472.4728,0.0,154.80734,57.29496,0.3351994,0.0,0.9556849,0.034202836
3007,466.85245,0.0,160.58269,57.29496,0.3263147,0.0,0.9737661,0.03420266
3008,431.85928,0.0,152.28986,57.294937,0.32796124,0.0,0.97105473,0.03420653
3009,551.4925,0.0,182.06845,57.294907,0.34257585,0.0,0.95189464,0.034211162
3010,459.27167,0.0,156.32251,57.294918,0.3348592,0.0,1.000982,0.034216266
3011,455.66736,0.0,138.3052,57.294926,0.33406812,0.0,0.96877784,0.0342216
3012,502.6746,0.0,160.54732,57.294907,0.3378881,0.0,0.9903126,0.03422701
3013,463.3765,0.0,136.25436,57.29493,0.32908648,0.0,0.9977563,0.03423236
3014,506.69855,0.0,163.67648,57.294968,0.33389726,0.0,0.9845166,0.03423757
3015,468.76828,0.0,175.2859,57.29501,0.34456804,0.0,0.9852397,0.034242567
3016,421.92786,0.0,174.32043,57.29501,0.33415344,0.0,0.9685218,0.034247316
3017,469.73718,0.0,162.15134,57.29502,0.3484028,0.0,0.9564052,0.03425178
3018,520.2834,0.0,169.17242,57.29512,0.34615192,0.0,1.0047175,0.034255955
3019,495.5791,0.0,150.68324,57.295216,0.33258283,0.0,0.96968055,0.03425983
3020,506.35138,0.0,163.26065,57.295307,0.34273386,0.0,0.9827494,0.034263413
3021,456.28223,0.0,171.48676,57.295387,0.33955926,0.0,0.96455723,0.034266707
3022,526.20026,0.0,168.54477,57.295467,0.32864952,0.0,0.98119277,0.034269717
3023,494.52875,0.0,184.86479,57.29555,0.33027005,0.0,0.95434976,0.034272466
3024,441.76437,0.0,162.09903,57.295643,0.34072304,0.0,0.95391196,0.034274966
3025,515.21265,0.0,152.2926,57.295765,0.3272007,0.0,0.982254,0.034277227
3026,507.12897,0.0,156.95508,57.295856,0.3243286,0.0,0.9330942,0.034279305
3027,451.89227,0.0,177.54436,57.295856,0.3411201,0.0,0.93708175,0.03428117
3028,458.8817,0.0,171.11937,57.29585,0.33917663,0.0,0.9768365,0.03428286
3029,475.28885,0.0,162.61848,57.295837,0.33574817,0.0,0.9626395,0.034284372
3030,502.33322,0.0,173.80768,57.295807,0.33024526,0.0,0.95146,0.03428572
3031,461.33676,0.0,198.43723,57.295776,0.3452273,0.0,0.96473986,0.03428692
3032,490.80786,0.0,160.25829,57.29577,0.33638132,0.0,0.990772,0.03428799
3033,455.92517,0.0,181.63612,57.295757,0.33039072,0.0,1.00255,0.03428893
3034,426.14767,0.0,187.24962,57.295704,0.33688518,0.0,0.96872085,0.03428976
3035,484.802,0.0,142.41585,57.295643,0.33622894,0.0,0.9762321,0.034290485
3036,474.95428,0.0,182.1905,57.295532,0.32843238,0.0,0.998105,0.03429112
3037,443.05774,0.0,162.65852,57.29545,0.32026023,0.0,0.9810145,0.034291666
3038,458.78024,0.0,146.78456,57.2954,0.3341792,0.0,0.9943433,0.03429214
3039,419.83536,0.0,183.20573,57.295387,0.32430267,0.0,0.95564324,0.034292534
3040,460.29367,0.0,168.35435,57.29535,0.3363776,0.0,0.978519,0.03429287
3041,444.99866,0.0,159.18486,57.295296,0.3380136,0.0,0.9944262,0.034293145
3042,573.1634,0.0,165.85585,57.295284,0.33684322,0.0,0.9927424,0.03429374
3043,515.87415,0.0,173.42621,57.295277,0.32436737,0.0,0.9755222,0.03429447
3044,534.46576,0.0,189.04845,57.295303,0.3229305,0.0,0.9748367,0.034295283
3045,515.8466,0.0,165.99641,57.295387,0.3457437,0.0,0.9669341,0.03429613
3046,455.81058,0.0,158.63876,57.29547,0.32660368,0.0,0.9733902,0.034296986
3047,546.1997,0.0,155.90088,57.29552,0.33814842,0.0,0.94933677,0.034297824
3048,478.21744,0.0,178.25714,57.295563,0.33427352,0.0,0.9729804,0.03429863
3049,479.72073,0.0,157.07025,57.29559,0.3307279,0.0,0.99104893,0.03429939
3050,478.00266,0.0,181.42177,57.29563,0.33795196,0.0,0.9570343,0.034300093
3051,498.54333,0.0,134.8679,57.295662,0.3401725,0.0,0.9595815,0.034300737
3052,450.57556,0.0,175.44693,57.295696,0.32725328,0.0,1.0000193,0.034301322
3053,471.43616,0.0,191.15878,57.295708,0.33837897,0.0,0.9713741,0.034301847
3054,502.50845,0.0,151.38605,57.295704,0.32912704,0.0,0.98162323,0.034302305
3055,517.75256,0.0,153.232,57.295685,0.3296498,0.0,0.9836904,0.034302704
3056,479.88803,0.0,151.68164,57.295673,0.33810037,0.0,0.98792493,0.034303054
3057,566.9653,0.0,163.89296,57.295666,0.33064836,0.0,0.9258025,0.034303345
3058,441.07858,0.0,158.00371,57.295696,0.333503,0.0,0.9623422,0.034303583
3059,464.95407,0.0,142.21452,57.29574,0.33198103,0.0,0.97309023,0.034303773
3060,430.54245,0.0,163.23909,57.29581,0.34152025,0.0,0.96554524,0.034303922
3061,458.27948,0.0,170.44643,57.295795,0.3444987,0.0,1.0273609,0.03430403
3062,454.33163,0.0,170.78766,57.295784,0.33803964,0.0,0.98449665,0.034304097
3063,467.28763,0.0,176.4173,57.295776,0.34719333,0.0,0.99632084,0.034304127
3064,443.29,0.0,174.53326,57.29577,0.333935,0.0,1.0046176,0.034304127
3065,507.64185,0.0,160.14175,57.295776,0.3402263,0.0,0.9973663,0.034304105
3066,474.82126,0.0,159.9826,57.2958,0.33184168,0.0,0.9613387,0.034304053
3067,438.58728,0.0,149.98454,57.29583,0.34262812,0.0,0.9994214,0.034303978
3068,511.17825,0.0,175.28697,57.29587,0.33193967,0.0,0.98572236,0.034303874
3069,430.56644,0.0,174.59271,57.29593,0.34360746,0.0,0.98962605,0.034303762
3070,575.70447,0.0,159.84256,57.295982,0.34026808,0.0,0.98753494,0.034303628
3071,452.8816,0.0,167.18506,57.29602,0.33875248,0.0,0.97583616,0.034303475
3072,462.6234,0.0,163.9934,57.296055,0.33181122,0.0,0.9708685,0.034303315
3073,484.23553,0.0,219.05814,57.296097,0.3382328,0.0,0.96805435,0.034303136
3074,521.9749,0.0,177.99284,57.296104,0.33731326,0.0,0.98850924,0.03430295
3075,429.27762,0.0,175.7618,57.296135,0.3407741,0.0,0.9734979,0.034302752
3076,494.15433,0.0,143.80977,57.29617,0.34001806,0.0,0.94930875,0.034302548
3077,466.4369,0.0,172.99806,57.296246,0.3280455,0.0,0.9836375,0.034302335
3078,463.4189,0.0,155.50237,57.29629,0.33898526,0.0,0.9885135,0.034302115
3079,524.70404,0.0,178.49638,57.29635,0.34296727,0.0,0.95683724,0.034301892
3080,497.8281,0.0,167.78558,57.296425,0.3294145,0.0,0.95187724,0.034301657
3081,479.6564,0.0,165.49959,57.296505,0.33902827,0.0,0.9820427,0.034301423
3082,496.91208,0.0,155.84451,57.296616,0.32602975,0.0,0.97707736,0.034301184
3083,471.02316,0.0,160.35593,57.2967,0.3276696,0.0,0.98880297,0.03430094
3084,468.93222,0.0,168.36635,57.296772,0.34305,0.0,0.9736581,0.034300692
3085,450.60364,0.0,157.52214,57.296864,0.34083718,0.0,0.94586205,0.034300443
3086,470.10812,0.0,190.67311,57.296947,0.33974576,0.0,0.97595924,0.034300193
3087,537.30664,0.0,161.45921,57.296955,0.33748206,0.0,0.99407333,0.034299944
3088,519.5554,0.0,155.37134,57.296967,0.34261513,0.0,0.96906817,0.03429969
3089,498.12933,0.0,176.08244,57.297024,0.32566166,0.0,0.9985264,0.034299437
3090,491.2283,0.0,162.37181,57.29707,0.3477679,0.0,0.9870258,0.03429918
3091,455.11218,0.0,150.42317,57.29707,0.3215735,0.0,0.99149716,0.034298923
3092,500.2991,0.0,157.15366,57.297066,0.34544122,0.0,0.994797,0.03429867
3093,467.46927,0.0,155.75706,57.297047,0.3314871,0.0,0.97424203,0.034298413
3094,457.59323,0.0,135.81636,57.297054,0.33004284,0.0,1.0127956,0.034298155
3095,481.79355,0.0,148.04745,57.297054,0.33290094,0.0,0.9647077,0.0342979
3096,478.79926,0.0,159.10567,57.29707,0.3372236,0.0,0.99999595,0.03429764
3097,512.17554,0.0,143.22072,57.297016,0.34177813,0.0,0.99234796,0.034297384
3098,485.11227,0.0,152.0891,57.296986,0.33190167,0.0,1.0018127,0.034297127
3099,454.9285,0.0,165.13403,57.29701,0.34892502,0.0,0.9669131,0.034296874
3100,448.88254,0.0,177.43562,57.297016,0.33702928,0.0,1.0023944,0.034296617
3101,431.2599,0.0,150.9843,57.297066,0.33530378,0.0,0.9728453,0.034296364
3102,483.08353,0.0,150.83812,57.29713,0.33851776,0.0,0.96373886,0.03429611
3103,487.48935,0.0,157.10396,57.297188,0.32881752,0.0,0.9681383,0.034295853
3104,503.18976,0.0,178.04509,57.297245,0.33461308,0.0,0.94738996,0.034295604
3105,451.72223,0.0,148.60461,57.297306,0.32712922,0.0,0.99051553,0.034295354
3106,472.9255,0.0,166.60995,57.297375,0.3336774,0.0,1.0053297,0.034295104
3107,493.37872,0.0,163.5391,57.297417,0.33489996,0.0,0.9711947,0.03429485
3108,464.41696,0.0,157.48946,57.297447,0.33590582,0.0,0.9834164,0.034294598
3109,450.81308,0.0,162.81894,57.297478,0.33077037,0.0,0.9908122,0.03429435
3110,476.30276,0.0,143.42441,57.297516,0.33053473,0.0,0.97246325,0.034294102
3111,461.26172,0.0,177.8526,57.297516,0.32965127,0.0,0.95674604,0.034293853
3112,487.99094,0.0,185.59674,57.297558,0.3518232,0.0,1.0033051,0.034293607
3113,460.90134,0.0,147.63916,57.297577,0.33326307,0.0,0.99256134,0.03429336
3114,480.19272,0.0,172.62253,57.29759,0.34247145,0.0,0.93951374,0.034293115
3115,459.05246,0.0,153.29138,57.297592,0.3378789,0.0,1.0033679,0.034292877
3116,469.81992,0.0,148.03053,57.29761,0.34516302,0.0,0.9984894,0.03429263
3117,418.23178,0.0,179.82486,57.29766,0.33590513,0.0,0.9998216,0.034292385
3118,496.5176,0.0,169.79388,57.29771,0.34503785,0.0,0.95266086,0.034292143
3119,466.16846,0.0,153.07413,57.297764,0.33495516,0.0,0.9889275,0.0342919
3120,509.62665,0.0,172.56462,57.297768,0.32997704,0.0,0.9752618,0.034291662
3121,478.16946,0.0,177.19385,57.29774,0.3419469,0.0,0.9670748,0.034291424
3122,509.79745,0.0,144.58658,57.29768,0.32514483,0.0,0.96891594,0.034291185
3123,533.70953,0.0,160.42513,57.297665,0.33645895,0.0,0.9882427,0.034290943
3124,479.2209,0.0,174.44356,57.29762,0.33997262,0.0,0.9759351,0.034290712
3125,459.63263,0.0,168.54713,57.297592,0.3496276,0.0,0.97857845,0.03429047
3126,462.85754,0.0,175.37572,57.29758,0.33112565,0.0,0.9987189,0.034290235
3127,497.73923,0.0,147.65259,57.297516,0.35511285,0.0,1.0071843,0.034289997
3128,459.1242,0.0,173.6985,57.297466,0.3409703,0.0,0.9780464,0.034289766
3129,536.8834,0.0,164.9007,57.29741,0.33073872,0.0,0.9792862,0.03428953
3130,451.44537,0.0,146.71263,57.29735,0.3271192,0.0,0.98472685,0.034289297
3131,457.00885,0.0,157.31308,57.297314,0.3332545,0.0,0.97217613,0.034289073
3132,517.1287,0.0,175.41064,57.29723,0.33745933,0.0,0.9834891,0.034288835
3133,506.35904,0.0,150.42917,57.297127,0.34558666,0.0,0.9684549,0.034288608
3134,462.1343,0.0,152.0677,57.297066,0.33593965,0.0,0.9967654,0.034288373
3135,498.4076,0.0,164.26549,57.296963,0.33221865,0.0,0.97253966,0.034288146
3136,426.94247,0.0,161.9462,57.29687,0.32688123,0.0,0.94764286,0.03428792
3137,449.2276,0.0,152.59326,57.29681,0.34431505,0.0,0.972595,0.034287687
3138,462.75052,0.0,179.81592,57.296803,0.3398406,0.0,0.9592243,0.03428746
3139,465.40158,0.0,180.99788,57.2968,0.32867867,0.0,0.9794657,0.03428723
3140,494.1988,0.0,168.87085,57.296738,0.33789018,0.0,0.97290105,0.034287006
3141,543.1338,0.0,144.6681,57.296696,0.34012297,0.0,0.961227,0.03428678
3142,447.1518,0.0,162.72934,57.296677,0.32833913,0.0,0.9436798,0.034286555
3143,465.56235,0.0,147.43047,57.296707,0.3256645,0.0,0.97230464,0.034286328
3144,473.8214,0.0,150.8383,57.296688,0.34168562,0.0,0.965832,0.034286108
3145,458.31573,0.0,167.38414,57.296627,0.33252007,0.0,0.982122,0.034285888
3146,494.68674,0.0,149.54251,57.296524,0.3298674,0.0,0.9814959,0.034285657
3147,569.1883,0.0,147.47946,57.296394,0.3330584,0.0,1.0275422,0.034285437
3148,504.07022,0.0,188.28673,57.29626,0.34346378,0.0,0.9556732,0.034285218
3149,463.92993,0.0,148.72047,57.29619,0.34790686,0.0,1.007131,0.034284998
3150,509.82104,0.0,172.60022,57.296146,0.33251312,0.0,0.9830794,0.034284774
3151,499.9516,0.0,156.83987,57.296104,0.324882,0.0,0.96143925,0.034284554
3152,478.07297,0.0,162.89746,57.296074,0.3235193,0.0,0.9980245,0.03428434
3153,490.61926,0.0,173.10803,57.295982,0.3304352,0.0,0.9811387,0.034284115
3154,479.11792,0.0,167.13965,57.29594,0.34590977,0.0,1.0323898,0.0342839
3155,494.69876,0.0,153.43999,57.29591,0.3450587,0.0,0.9615943,0.03428368
3156,494.28845,0.0,169.18729,57.29588,0.33404693,0.0,1.0042048,0.034283463
3157,447.06204,0.0,167.51215,57.295887,0.3406971,0.0,0.9746179,0.034283243
3158,467.93857,0.0,197.64307,57.295887,0.34404877,0.0,0.9467959,0.03428303
3159,470.1587,0.0,171.25381,57.295856,0.33331928,0.0,0.971087,0.03428281
3160,452.29886,0.0,174.47131,57.29586,0.32676435,0.0,0.9938875,0.03428259
3161,483.75693,0.0,177.6385,57.29584,0.33713183,0.0,0.98538375,0.034282383
3162,528.23694,0.0,161.13028,57.295887,0.33553243,0.0,0.9611993,0.034282167
3163,420.39236,0.0,156.05994,57.29599,0.33195236,0.0,0.98149616,0.03428195
3164,456.93982,0.0,171.63556,57.296062,0.3351735,0.0,0.97144276,0.034281738
3165,511.34448,0.0,149.96999,57.296165,0.33471087,0.0,0.9744175,0.034281522
3166,479.76202,0.0,158.94066,57.29619,0.33778983,0.0,0.988687,0.034281313
3167,444.57288,0.0,165.60248,57.296246,0.34201354,0.0,0.9695634,0.034281097
3168,470.36288,0.0,156.26604,57.2963,0.34250724,0.0,0.9867771,0.03428089
3169,520.1354,0.0,173.74768,57.296352,0.33385295,0.0,0.97219133,0.034280676
3170,473.58618,0.0,151.45367,57.296364,0.33400834,0.0,0.97672373,0.034280464
3171,486.32245,0.0,149.5883,57.296352,0.33050233,0.0,0.9796745,0.034280255
3172,453.0358,0.0,147.77246,57.29633,0.33947924,0.0,0.9906494,0.034280043
3173,456.1803,0.0,157.39014,57.29637,0.33838826,0.0,0.981132,0.034279834
3174,487.3063,0.0,191.04018,57.296413,0.33709934,0.0,0.9694557,0.034279626
3175,453.43982,0.0,161.6525,57.29644,0.33926392,0.0,0.98079544,0.034279414
3176,429.15042,0.0,190.98962,57.296463,0.33752897,0.0,0.9952617,0.03427921
3177,498.2067,0.0,175.7021,57.29644,0.325534,0.0,0.9628188,0.034279
3178,440.8593,0.0,152.03935,57.296463,0.33831957,0.0,1.0045115,0.03427879
3179,474.9983,0.0,155.60066,57.296474,0.3350635,0.0,0.9361538,0.034278583
3180,517.5237,0.0,176.4649,57.2965,0.3296774,0.0,0.9649432,0.034278374
3181,461.04944,0.0,169.74475,57.296513,0.33947733,0.0,0.96221465,0.03427817
3182,488.44067,0.0,167.79976,57.2965,0.33621833,0.0,0.9683369,0.03427796
3183,450.77075,0.0,183.48851,57.29647,0.33582485,0.0,0.97822607,0.034277756
3184,437.6356,0.0,158.27463,57.296463,0.3407134,0.0,1.0001508,0.03427755
3185,483.99323,0.0,164.22635,57.296463,0.32683155,0.0,0.998962,0.034277346
3186,476.30624,0.0,184.1307,57.296505,0.33102158,0.0,0.98444724,0.03427714
3187,527.2467,0.0,148.87064,57.296604,0.3404781,0.0,0.9555159,0.034276936
3188,488.74426,0.0,136.30992,57.2967,0.3314012,0.0,0.9159581,0.03427673
3189,459.0498,0.0,145.38211,57.29681,0.33856237,0.0,0.9529354,0.034276526
3190,465.82785,0.0,169.33171,57.296917,0.3366425,0.0,0.9720641,0.034276325
3191,477.38495,0.0,172.53363,57.296967,0.34687164,0.0,1.0224121,0.034276117
3192,488.35516,0.0,152.38025,57.296997,0.33568063,0.0,0.937356,0.03427592
3193,472.52002,0.0,168.35274,57.297016,0.3371586,0.0,0.9731978,0.034275714
3194,479.76038,0.0,153.07826,57.297047,0.34866166,0.0,0.9776497,0.03427551
3195,436.52615,0.0,166.06303,57.297096,0.33600953,0.0,0.9589705,0.034275316
3196,503.66122,0.0,171.9428,57.297108,0.33976397,0.0,0.99601895,0.03427511
3197,440.22656,0.0,177.1167,57.2971,0.3448782,0.0,0.97521096,0.03427492
3198,479.90332,0.0,190.92874,57.29711,0.33783194,0.0,0.9538352,0.034274712
3199,496.4882,0.0,154.87788,57.29709,0.33204532,0.0,1.0568123,0.03427452
3200,511.55576,0.0,158.26213,57.297108,0.34598598,0.0,0.97280616,0.034274317
3201,451.7524,0.0,151.04774,57.29714,0.32471302,0.0,0.95952404,0.034274124
3202,485.3487,0.0,144.71101,57.29711,0.33237746,0.0,1.0246531,0.034273922
3203,494.38943,0.0,152.92206,57.297066,0.33445716,0.0,0.9647981,0.034273732
3204,529.8,0.0,169.20389,57.297028,0.3451015,0.0,0.98013914,0.03427353
3205,456.5192,0.0,164.31494,57.296986,0.33608815,0.0,0.98485297,0.034273338
3206,493.1209,0.0,178.12656,57.296936,0.33189473,0.0,0.98192585,0.034273144
3207,522.937,0.0,165.91983,57.296875,0.33928722,0.0,0.9649854,0.034272946
3208,509.78442,0.0,177.2237,57.29682,0.3366891,0.0,0.9538952,0.034272745
3209,482.1771,0.0,136.18463,57.29674,0.32706815,0.0,0.9851909,0.034272544
3210,516.468,0.0,159.31607,57.296696,0.33651835,0.0,0.95464426,0.034272354
3211,496.47903,0.0,183.44847,57.296688,0.32727042,0.0,0.9689835,0.034272153
3212,436.9406,0.0,169.18,57.296658,0.33223307,0.0,0.95087343,0.03427196
3213,537.322,0.0,158.30086,57.296646,0.33517244,0.0,0.97644526,0.034271766
3214,466.04507,0.0,162.78911,57.29665,0.34274688,0.0,0.97702265,0.034271568
3215,505.96973,0.0,162.15776,57.296707,0.34564987,0.0,0.9466288,0.03427137
3216,518.72656,0.0,157.4765,57.296783,0.33328044,0.0,0.97911924,0.03427118
3217,553.257,0.0,198.38605,57.29684,0.3361507,0.0,0.99680483,0.034270983
3218,537.677,0.0,150.19029,57.296875,0.3377629,0.0,0.96337664,0.034270786
3219,476.56082,0.0,171.3676,57.296894,0.34962904,0.0,0.96774065,0.034270592
3220,451.3586,0.0,159.55368,57.296906,0.32450414,0.0,0.9593913,0.034270395
3221,488.75705,0.0,173.22871,57.296947,0.33537716,0.0,0.97812057,0.0342702
3222,543.86707,0.0,163.57016,57.297035,0.34323788,0.0,0.94499946,0.03427001
3223,490.23865,0.0,182.75018,57.29707,0.328481,0.0,0.9720239,0.034269817
3224,479.61072,0.0,145.81688,57.29712,0.34633526,0.0,0.9916889,0.034269627
3225,453.28397,0.0,181.42183,57.297173,0.33471227,0.0,0.96705693,0.034269433
3226,462.22205,0.0,170.536,57.29718,0.33874112,0.0,0.99536663,0.03426924
3227,511.29282,0.0,173.49355,57.297222,0.33833572,0.0,0.96708477,0.03426905
3228,451.36087,0.0,145.98395,57.297295,0.3343736,0.0,0.96087176,0.034268852
3229,443.9743,0.0,212.88486,57.297344,0.3382644,0.0,0.9921178,0.034268662
3230,477.38736,0.0,157.00798,57.297424,0.33754006,0.0,0.9513981,0.03426847
3231,466.87723,0.0,168.61295,57.297447,0.3398105,0.0,0.9666037,0.03426828
3232,482.5485,0.0,187.37903,57.29743,0.3358082,0.0,0.9815465,0.034268085
3233,475.36633,0.0,164.23322,57.297447,0.32223836,0.0,0.9786143,0.034267895
3234,453.47314,0.0,159.23303,57.297516,0.32870904,0.0,0.9608219,0.034267705
3235,531.29755,0.0,185.78867,57.29761,0.33176687,0.0,0.9683783,0.034267515
3236,494.24725,0.0,170.51556,57.297684,0.33566672,0.0,0.94285697,0.03426732
3237,456.29578,0.0,163.19537,57.29772,0.3240421,0.0,0.95563644,0.03426713
3238,494.93146,0.0,219.01181,57.29774,0.33542582,0.0,0.98273695,0.03426694
3239,485.17804,0.0,171.66624,57.297768,0.3371266,0.0,0.98019373,0.034266748
3240,444.73196,0.0,160.65218,57.297787,0.33108947,0.0,0.98451525,0.03426656
3241,477.4866,0.0,161.75087,57.2978,0.33796975,0.0,0.9940559,0.034266368
3242,451.72415,0.0,167.52724,57.297848,0.3439781,0.0,1.0005854,0.034266178
3243,491.32315,0.0,180.51788,57.29791,0.33032215,0.0,0.94921875,0.034265988
3244,512.71826,0.0,165.98497,57.29796,0.33095434,0.0,1.0024102,0.034265798
3245,434.555,0.0,192.91693,57.297962,0.33223304,0.0,0.9763742,0.034265608
3246,464.25522,0.0,170.3831,57.297947,0.32600862,0.0,0.98495954,0.034265418
3247,504.4651,0.0,171.93573,57.29792,0.33485374,0.0,0.97606355,0.034266904
3248,474.5644,0.0,166.0872,57.297905,0.34148344,0.0,0.9554601,0.034268856
3249,495.29095,0.0,157.0851,57.29789,0.32911673,0.0,0.9721186,0.034271106
3250,479.74066,0.0,153.16179,57.297905,0.3523843,0.0,0.9832921,0.034273528
3251,446.13126,0.0,219.2032,57.297928,0.33934987,0.0,0.9819722,0.03427603
3252,529.9356,0.0,166.084,57.29789,0.33926657,0.0,0.97119904,0.03427853
3253,431.43073,0.0,203.61797,57.297874,0.33708495,0.0,0.973379,0.034280986
3254,524.5348,0.0,176.12865,57.297867,0.33084163,0.0,0.9640947,0.034283355
3255,462.7244,0.0,150.09375,57.297855,0.34715095,0.0,0.99507433,0.03428561
3256,508.8533,0.0,160.11803,57.297874,0.33470386,0.0,0.9713913,0.03428773
3257,515.1495,0.0,150.10931,57.297916,0.33869484,0.0,0.9987682,0.034289718
3258,517.6614,0.0,168.13164,57.29795,0.3242133,0.0,0.96581537,0.034291554
3259,454.67624,0.0,156.58745,57.29799,0.34081605,0.0,0.9761613,0.034293253
3260,483.24893,0.0,156.7584,57.298008,0.33603686,0.0,0.9989011,0.0342948
3261,454.7096,0.0,181.34602,57.29799,0.32886904,0.0,1.026217,0.034296222
3262,482.26132,0.0,141.58739,57.29804,0.33349082,0.0,0.9792983,0.0342975
3263,461.80865,0.0,163.44452,57.2981,0.34065837,0.0,0.96620965,0.034298655
3264,462.2781,0.0,178.257,57.29814,0.3355518,0.0,0.9684129,0.034299698
3265,520.447,0.0,168.26482,57.298176,0.3287028,0.0,0.9621474,0.034300625
3266,504.81,0.0,175.80785,57.298187,0.3374656,0.0,0.9717403,0.034301445
3267,514.47833,0.0,170.72668,57.298183,0.34054387,0.0,0.97795916,0.034302175
3268,486.08652,0.0,170.84773,57.298195,0.33359137,0.0,0.9800799,0.034302812
3269,489.23752,0.0,159.47458,57.298218,0.33829886,0.0,0.9746134,0.03430337
3270,469.5736,0.0,177.35202,57.29825,0.3395871,0.0,0.9910119,0.03430386
3271,427.10974,0.0,162.62387,57.29832,0.32482535,0.0,0.96757656,0.034304272
3272,507.33722,0.0,165.46257,57.298367,0.33769295,0.0,0.979314,0.034304623
3273,542.32074,0.0,164.55629,57.298378,0.33855698,0.0,1.0186701,0.034304917
3274,494.91766,0.0,148.69995,57.298428,0.32663694,0.0,0.9375544,0.034305166
3275,491.23917,0.0,173.29678,57.29845,0.3307896,0.0,1.0102526,0.03430536
3276,491.65018,0.0,152.2471,57.298443,0.34155065,0.0,0.9483209,0.034305517
3277,511.30136,0.0,165.19495,57.298443,0.33469582,0.0,0.941713,0.034305636
3278,494.4511,0.0,173.255,57.29841,0.3400002,0.0,0.98463327,0.034305718
3279,545.7593,0.0,171.61777,57.2984,0.338271,0.0,0.97205645,0.034305766
3280,443.37357,0.0,170.9088,57.29838,0.3373303,0.0,0.9669589,0.034305792
3281,507.1001,0.0,165.29558,57.298397,0.33764368,0.0,0.9926132,0.03430579
3282,482.461,0.0,173.9665,57.29836,0.33262596,0.0,0.9907955,0.034305766
3283,469.30603,0.0,193.67195,57.29832,0.3406863,0.0,0.9750168,0.034305718
3284,488.5613,0.0,190.62831,57.298306,0.33482552,0.0,0.97137845,0.03430565
3285,498.619,0.0,168.96237,57.29831,0.34615725,0.0,1.0036745,0.034305573
3286,515.49615,0.0,203.22763,57.298306,0.3371743,0.0,0.9888959,0.034305476
3287,477.7937,0.0,155.55757,57.298267,0.3370051,0.0,1.0262319,0.034305364
3288,462.0934,0.0,165.60155,57.298275,0.33168006,0.0,0.97299576,0.03430525
3289,446.52283,0.0,163.46005,57.29831,0.31109378,0.0,0.9740845,0.03430511
3290,499.77505,0.0,169.97255,57.29833,0.33270815,0.0,0.97854006,0.03430497
3291,439.64844,0.0,165.916,57.29834,0.3295831,0.0,1.0022869,0.034304824
3292,449.25223,0.0,191.76483,57.29833,0.33167684,0.0,0.9827099,0.034304664
3293,513.2315,0.0,150.98386,57.29833,0.33260617,0.0,1.0045527,0.034304492
3294,471.55273,0.0,155.03864,57.298347,0.33288848,0.0,0.9757745,0.03430433
3295,452.90918,0.0,161.05865,57.29835,0.33017147,0.0,0.9667296,0.03430415
3296,466.4526,0.0,153.04228,57.298347,0.3321665,0.0,0.969317,0.034303963
3297,480.52765,0.0,167.89656,57.29835,0.3241881,0.0,0.9556472,0.034303784
3298,454.34573,0.0,188.21243,57.298336,0.33272865,0.0,0.98407835,0.034303598
3299,482.3192,0.0,161.91685,57.298317,0.33430138,0.0,0.9745093,0.0343034
3300,478.12427,0.0,154.48055,57.29833,0.33926487,0.0,0.9523066,0.03430321
3301,512.8891,0.0,145.91345,57.298347,0.34970105,0.0,0.9964043,0.034303013
3302,562.9669,0.0,161.92136,57.29837,0.31802934,0.0,0.96385247,0.034302812
3303,496.62045,0.0,183.69394,57.298397,0.33115074,0.0,1.0355716,0.03430261
3304,443.16827,0.0,165.94748,57.29839,0.33177674,0.0,0.9756991,0.034302406
3305,459.4729,0.0,162.85341,57.298397,0.33956215,0.0,0.9740668,0.0343022
3306,500.07825,0.0,166.76926,57.298412,0.3426135,0.0,0.9927358,0.034301996
3307,468.45416,0.0,169.37968,57.29847,0.32825845,0.0,0.9765995,0.03430179
3308,509.1648,0.0,176.47755,57.29853,0.33313617,0.0,0.9732408,0.034301586
3309,489.53842,0.0,154.33766,57.298534,0.347464,0.0,0.99781185,0.034301378
3310,497.9914,0.0,166.44734,57.298542,0.33198553,0.0,0.99235636,0.034301165
3311,510.54337,0.0,143.96982,57.298573,0.32136995,0.0,0.97879356,0.034300957
3312,535.9444,0.0,166.81133,57.298576,0.3375347,0.0,0.9800177,0.034300745
3313,441.29312,0.0,179.13376,57.298584,0.3344909,0.0,0.96716535,0.034300536
3314,478.93292,0.0,136.77522,57.298603,0.34118178,0.0,0.96354944,0.034300327
3315,476.7246,0.0,147.52243,57.298603,0.32418707,0.0,0.95133454,0.03430012
3316,477.81036,0.0,158.50398,57.298576,0.3436607,0.0,0.98370224,0.03429991
3317,539.0005,0.0,155.67334,57.298595,0.33476824,0.0,0.98484063,0.0342997
3318,484.8033,0.0,181.29199,57.298653,0.34376392,0.0,0.9651895,0.03429949
3319,540.3883,0.0,147.30554,57.298737,0.32868767,0.0,0.9873105,0.034299277
3320,444.64825,0.0,168.21683,57.29882,0.33177212,0.0,1.0010012,0.034299064
3321,467.8461,0.0,152.49701,57.29889,0.33370596,0.0,0.9794336,0.03429886
3322,462.4024,0.0,158.78983,57.298935,0.3271775,0.0,0.9523277,0.034298647
3323,476.419,0.0,155.15034,57.29895,0.3369705,0.0,1.0071101,0.03429844
3324,541.1816,0.0,139.35211,57.298973,0.32614803,0.0,0.99540377,0.03429823
3325,486.69498,0.0,145.04672,57.298996,0.33848292,0.0,0.96795994,0.03429802
3326,480.7735,0.0,163.99997,57.29901,0.32572323,0.0,0.972258,0.034297816
3327,484.11398,0.0,186.54292,57.29907,0.34737542,0.0,0.9535104,0.034297604
3328,477.1393,0.0,149.04675,57.299145,0.34081033,0.0,0.9893691,0.0342974
3329,481.0511,0.0,176.52626,57.299217,0.3362876,0.0,0.9618454,0.03429719
3330,408.70358,0.0,163.77266,57.299282,0.33374593,0.0,0.9740266,0.034296986
3331,483.65747,0.0,163.54282,57.29932,0.3376373,0.0,0.96634156,0.034296777
3332,482.09747,0.0,167.90414,57.299362,0.3394838,0.0,0.98690563,0.034296572
3333,477.43448,0.0,151.76286,57.299454,0.33815864,0.0,0.9704891,0.034296364
3334,447.7524,0.0,159.92981,57.299488,0.3275515,0.0,0.98524296,0.03429616
3335,454.7272,0.0,175.878,57.299538,0.34239584,0.0,0.9873674,0.034295954
3336,518.393,0.0,165.96622,57.299606,0.33407027,0.0,0.96634954,0.03429575
3337,502.71783,0.0,150.99106,57.29968,0.333363,0.0,0.97490066,0.03429529
3338,516.3976,0.0,165.55658,57.299763,0.33436137,0.0,0.98122317,0.034294873
3339,462.6932,0.0,167.2729,57.299805,0.33881003,0.0,0.93652594,0.034294493
3340,529.76514,0.0,157.46658,57.2998,0.3357992,0.0,0.98181164,0.034294143
3341,549.9038,0.0,168.7541,57.299847,0.3331332,0.0,0.95797104,0.03429381
3342,476.02393,0.0,152.27122,57.299877,0.33731255,0.0,0.96497685,0.034293503
3343,500.7745,0.0,144.3407,57.29995,0.33196276,0.0,0.9522519,0.034293212
3344,478.67892,0.0,148.92587,57.299995,0.33476034,0.0,0.9810505,0.034292933
3345,526.6101,0.0,155.54044,57.30002,0.32484478,0.0,1.0027596,0.034292668
3346,495.40955,0.0,152.63611,57.3,0.33624503,0.0,1.0079588,0.03429242
3347,515.4536,0.0,168.88704,57.299965,0.33538446,0.0,0.9992401,0.03429217
3348,566.33435,0.0,165.36954,57.299927,0.33815262,0.0,0.99501824,0.034291923
3349,516.33466,0.0,139.88214,57.299873,0.33172998,0.0,0.961378,0.034291692
3350,489.81946,0.0,179.99576,57.29983,0.32311428,0.0,0.95162326,0.034291454
3351,507.92236,0.0,175.12587,57.299805,0.34284997,0.0,0.95901334,0.034291234
3352,513.29865,0.0,165.08011,57.29978,0.33681667,0.0,1.0052247,0.03429101
3353,488.03705,0.0,175.60681,57.299763,0.33121288,0.0,0.9621903,0.03429079
3354,500.46933,0.0,173.58156,57.29973,0.33316875,0.0,0.98148686,0.03429058
3355,516.9696,0.0,152.62178,57.29971,0.3316306,0.0,0.97254395,0.034290366
3356,522.591,0.0,170.34422,57.29971,0.332,0.0,0.9785735,0.034290154
3357,540.86096,0.0,140.44586,57.29973,0.33461407,0.0,0.9690608,0.03428994
3358,469.46066,0.0,159.16728,57.29972,0.3395335,0.0,0.977778,0.034289736
3359,521.9977,0.0,157.04337,57.29967,0.33418986,0.0,1.0006553,0.03428953
3360,494.0147,0.0,175.14662,57.299683,0.33318564,0.0,0.979878,0.034289327
3361,452.46878,0.0,143.00882,57.29967,0.33762842,0.0,0.956884,0.034289178
3362,495.11368,0.0,170.33698,57.29963,0.34230265,0.0,0.9409383,0.03428904
3363,490.24075,0.0,198.71858,57.29956,0.3414723,0.0,0.9921384,0.034288906
3364,473.48795,0.0,163.73119,57.299473,0.34405354,0.0,0.9689561,0.03428877
3365,468.2001,0.0,164.59192,57.29938,0.32936364,0.0,0.96057534,0.03428864
3366,455.14966,0.0,162.48044,57.2993,0.32919648,0.0,0.96541774,0.03428851
3367,525.00433,0.0,179.71376,57.299263,0.33889067,0.0,0.9758128,0.034288377
3368,470.05807,0.0,160.23926,57.29924,0.33183232,0.0,0.96814907,0.03428824
3369,475.833,0.0,154.58527,57.29918,0.34625322,0.0,0.9958815,0.034288097
3370,487.79303,0.0,170.85631,57.2991,0.33951548,0.0,0.9777397,0.03428796
3371,495.8686,0.0,152.64328,57.299034,0.32175514,0.0,0.99757814,0.03428781
3372,477.1317,0.0,149.8493,57.298992,0.33208582,0.0,0.9563529,0.03428767
3373,492.6071,0.0,167.75784,57.298954,0.33507195,0.0,0.9549417,0.034287512
3374,527.764,0.0,160.68674,57.298943,0.34089753,0.0,1.0033659,0.03428736
3375,504.83496,0.0,168.80347,57.29896,0.33870235,0.0,0.9664993,0.0342872
3376,528.1666,0.0,158.39464,57.298965,0.33701074,0.0,0.9783826,0.03428704
3377,504.45465,0.0,186.68001,57.298943,0.34233946,0.0,0.99431366,0.034286875
3378,492.0501,0.0,160.98087,57.298954,0.33825678,0.0,0.9825583,0.03428671
3379,518.4518,0.0,160.03972,57.299046,0.33253366,0.0,1.0886756,0.034286536
3380,410.49118,0.0,178.29001,57.29915,0.33982995,0.0,0.9807461,0.034286052
3381,459.5816,0.0,157.55516,57.29927,0.33060744,0.0,0.96226513,0.03428644
3382,546.5017,0.0,171.525,57.299324,0.33471662,0.0,0.9728472,0.03428746
3383,431.00488,0.0,198.27512,57.299385,0.34223455,0.0,1.0283405,0.034288913
3384,466.70755,0.0,154.6554,57.299454,0.33482128,0.0,0.98097837,0.03429066
3385,505.2966,0.0,184.3725,57.299484,0.3282951,0.0,0.98966753,0.03429258
3386,500.1748,0.0,244.13092,57.299534,0.3427827,0.0,0.93783814,0.034294575
3387,502.03903,0.0,203.73141,57.29955,0.33882353,0.0,0.9638345,0.03429659
3388,533.2884,0.0,154.11636,57.29956,0.34464493,0.0,0.99323577,0.03429858
3389,477.2473,0.0,155.7769,57.2996,0.32427052,0.0,0.9734015,0.03430051
3390,535.4611,0.0,168.33571,57.299652,0.32185754,0.0,0.9662818,0.034302343
3391,458.53473,0.0,184.9761,57.29972,0.32537764,0.0,0.9695287,0.03430408
3392,530.36707,0.0,161.15654,57.2998,0.33319753,0.0,0.9776932,0.034305703
3393,481.7437,0.0,148.80635,57.299816,0.33415014,0.0,1.0338453,0.0343072
3394,481.18524,0.0,183.56734,57.299835,0.3394979,0.0,1.0075104,0.034308583
3395,576.1353,0.0,162.42612,57.299877,0.33418447,0.0,0.98145026,0.034309845
3396,466.8779,0.0,157.07109,57.299904,0.33559704,0.0,0.99249786,0.034311
3397,451.4432,0.0,184.79779,57.29995,0.33955407,0.0,0.98926276,0.034312032
3398,475.13495,0.0,155.74133,57.299988,0.33878756,0.0,0.9850096,0.034312967
3399,517.0196,0.0,176.8553,57.3,0.339992,0.0,0.93616855,0.0343138
3400,545.2341,0.0,168.67062,57.30007,0.3456524,0.0,0.958301,0.03431454
3401,491.62332,0.0,167.68,57.30012,0.32687405,0.0,0.9602028,0.034315187
3402,478.7029,0.0,162.72824,57.300224,0.3355496,0.0,0.9711948,0.03431576
3403,505.3887,0.0,155.47734,57.300335,0.33352667,0.0,0.98863447,0.034316257
3404,455.75455,0.0,149.92734,57.3004,0.3349168,0.0,0.95436287,0.034316685
3405,518.6537,0.0,162.47667,57.30043,0.3296433,0.0,0.9821746,0.034317058
3406,503.34348,0.0,149.06,57.300446,0.34832954,0.0,0.9948209,0.034317367
3407,469.4703,0.0,161.11769,57.300415,0.34175482,0.0,0.9745706,0.03431762
3408,494.21237,0.0,186.82767,57.300304,0.3215648,0.0,0.9695919,0.03431783
3409,490.99857,0.0,156.88219,57.3002,0.33984795,0.0,0.951713,0.034317993
3410,456.31668,0.0,189.8742,57.30013,0.33793235,0.0,0.9715904,0.03431812
3411,450.00085,0.0,188.43074,57.3001,0.33055404,0.0,0.9810082,0.034318205
3412,506.12448,0.0,170.40628,57.30016,0.3384569,0.0,0.94794947,0.034318265
3413,458.28116,0.0,163.53989,57.30022,0.3295384,0.0,0.9682635,0.034318294
3414,455.63696,0.0,162.57176,57.300243,0.3342699,0.0,0.9960122,0.034318294
3415,486.7028,0.0,165.88673,57.300266,0.3234242,0.0,0.9766507,0.034318276
3416,439.05048,0.0,177.76071,57.30025,0.3400481,0.0,0.9607976,0.034318235
3417,482.87823,0.0,196.65259,57.300274,0.33558074,0.0,0.982275,0.034318168
3418,478.92676,0.0,167.39809,57.300358,0.33045635,0.0,1.0186889,0.03431809
3419,479.26996,0.0,156.43054,57.3004,0.32649648,0.0,0.9856247,0.034317996
3420,428.69708,0.0,163.2578,57.300415,0.33211088,0.0,0.9402886,0.034317885
3421,476.51636,0.0,187.82085,57.300446,0.33648378,0.0,0.9884877,0.03431776
3422,458.25543,0.0,174.98372,57.30045,0.32673517,0.0,0.9899994,0.034317628
3423,462.8046,0.0,176.85555,57.300438,0.33784658,0.0,0.99304557,0.034317486
3424,505.44785,0.0,182.3642,57.300446,0.33134758,0.0,0.9682752,0.034317136
3425,501.55368,0.0,151.95044,57.300446,0.33555552,0.0,1.0028137,0.034316797
3426,465.6234,0.0,177.47835,57.300426,0.3197145,0.0,0.97327805,0.034316473
3427,450.72864,0.0,171.68918,57.30046,0.32936567,0.0,0.98860306,0.03431616
3428,441.80875,0.0,172.84059,57.300472,0.34158224,0.0,0.96421635,0.034315858
3429,464.97922,0.0,204.39229,57.30048,0.32527235,0.0,0.97367525,0.034315567
3430,527.79376,0.0,171.99315,57.30046,0.33572635,0.0,0.98493665,0.034315277
3431,458.98074,0.0,164.61266,57.30049,0.32653242,0.0,0.9866002,0.034314997
3432,480.58896,0.0,156.12675,57.30051,0.32475483,0.0,0.94805604,0.03431473
3433,527.9896,0.0,185.66202,57.300564,0.3251304,0.0,0.9895215,0.034314465
3434,463.48163,0.0,165.70622,57.30059,0.33292508,0.0,0.9708496,0.0343142
3435,496.23904,0.0,196.12532,57.300613,0.33444503,0.0,1.0160269,0.034313943
3436,531.7192,0.0,163.09636,57.300663,0.3322776,0.0,0.9806386,0.03431369
3437,458.21365,0.0,201.30426,57.300667,0.34829903,0.0,0.9569525,0.034313444
3438,532.5901,0.0,167.31831,57.30065,0.34748536,0.0,1.0053184,0.0343132
3439,477.5099,0.0,187.20361,57.300644,0.32453892,0.0,0.9725815,0.034312952
3440,474.19113,0.0,167.31905,57.300644,0.3371374,0.0,0.94840115,0.034312718
3441,544.5136,0.0,162.23656,57.30062,0.33737475,0.0,0.9841834,0.034312475
3442,442.8919,0.0,144.48509,57.300594,0.3467459,0.0,0.97291183,0.03431224
3443,478.98776,0.0,169.3027,57.30058,0.33856305,0.0,1.0057162,0.03431201
3444,481.6654,0.0,166.84976,57.30054,0.32962346,0.0,0.97284853,0.03431178
3445,494.5632,0.0,148.95117,57.30054,0.33721778,0.0,0.9686819,0.034311548
3446,555.1007,0.0,147.93568,57.300552,0.3309857,0.0,0.9728279,0.03431132
3447,452.3261,0.0,175.93167,57.30059,0.33200973,0.0,0.9931006,0.034311093
3448,479.74255,0.0,182.47386,57.300625,0.3470976,0.0,1.0156697,0.03431087
3449,493.62558,0.0,186.77708,57.300694,0.33917493,0.0,0.97233826,0.034310646
3450,451.97638,0.0,156.53659,57.300735,0.33567187,0.0,0.98632103,0.034310427
3451,465.92642,0.0,183.33115,57.300827,0.32934386,0.0,0.9908043,0.034310203
3452,469.26303,0.0,193.64984,57.30086,0.32623506,0.0,0.95488,0.034309983
3453,449.74094,0.0,169.47818,57.300888,0.32745025,0.0,0.97645414,0.034309767
3454,467.2814,0.0,166.64195,57.30085,0.33726406,0.0,0.9556307,0.03430955
3455,470.89377,0.0,165.9739,57.300777,0.34171987,0.0,0.9819758,0.03430933
3456,461.1534,0.0,186.32942,57.300728,0.3385807,0.0,0.9811933,0.034309123
3457,427.225,0.0,190.91579,57.300728,0.3327527,0.0,0.96433884,0.034308903
3458,506.4582,0.0,152.48386,57.30076,0.3323848,0.0,0.9800287,0.034308687
3459,504.5707,0.0,190.46855,57.300808,0.33855104,0.0,0.99571747,0.03430848
3460,450.80103,0.0,144.82094,57.300858,0.34141153,0.0,0.9816769,0.034308266
3461,513.7948,0.0,194.78696,57.30091,0.3341805,0.0,0.95428544,0.034308054
3462,462.94064,0.0,157.72803,57.30095,0.34011084,0.0,0.9663892,0.034307845
3463,496.464,0.0,220.14473,57.300922,0.3333631,0.0,0.96785367,0.034307633
3464,470.2311,0.0,181.79599,57.30093,0.3363141,0.0,0.98398167,0.034307424
3465,501.91513,0.0,158.63258,57.30093,0.3321925,0.0,0.9701583,0.03430722
3466,488.8523,0.0,160.11021,57.30098,0.32895303,0.0,0.9867215,0.034307007
3467,445.53564,0.0,173.05853,57.301025,0.3310533,0.0,1.0135695,0.034306798
3468,502.2016,0.0,169.32567,57.301052,0.32243755,0.0,0.9863241,0.034306597
3469,519.84174,0.0,151.99405,57.301056,0.33801267,0.0,0.961984,0.034306385
3470,519.8366,0.0,154.05965,57.301056,0.32856175,0.0,0.9691133,0.034306183
3471,504.9811,0.0,152.74655,57.301132,0.3292072,0.0,0.970964,0.03430598
3472,532.2153,0.0,139.2507,57.301216,0.34524223,0.0,0.97066927,0.034305777
3473,512.9589,0.0,177.47148,57.30131,0.33094424,0.0,0.9845877,0.034305573
3474,453.29166,0.0,159.23021,57.301434,0.3423955,0.0,1.0058881,0.03430537
3475,452.47836,0.0,175.46048,57.301544,0.32969958,0.0,0.9768533,0.034305163
3476,499.1645,0.0,225.66809,57.30163,0.33098653,0.0,0.9419698,0.034304965
3477,501.02313,0.0,167.7567,57.30166,0.32700053,0.0,0.9629467,0.03430476
3478,483.76495,0.0,164.76517,57.30172,0.32218862,0.0,1.0572476,0.034304563
3479,524.1535,0.0,146.569,57.301804,0.32987982,0.0,0.97193,0.034304358
3480,487.5213,0.0,165.92482,57.30186,0.33226562,0.0,0.9608472,0.03430416
3481,481.54633,0.0,166.9638,57.301907,0.32814285,0.0,0.99680823,0.03430396
3482,418.0653,0.0,157.29915,57.301945,0.3304394,0.0,0.9322441,0.034303762
3483,460.2534,0.0,181.93549,57.301983,0.3301314,0.0,0.98983246,0.034303565
3484,444.18365,0.0,179.2028,57.301987,0.33105087,0.0,0.9923234,0.034303363
3485,496.47922,0.0,198.01419,57.301975,0.3296416,0.0,0.9703716,0.034303166
3486,449.58508,0.0,163.32896,57.302006,0.33325708,0.0,0.99335504,0.034302965
3487,502.14066,0.0,181.51094,57.302017,0.34163702,0.0,1.0021962,0.03430277
3488,514.2751,0.0,186.05328,57.302,0.34078592,0.0,0.97410357,0.034302574
3489,462.53482,0.0,171.19211,57.301952,0.3370708,0.0,0.96278137,0.034302376
3490,506.81723,0.0,178.36818,57.301907,0.33414903,0.0,0.94393945,0.034302182
3491,505.75214,0.0,148.79897,57.30192,0.33949947,0.0,0.97878987,0.034301985
3492,499.5592,0.0,190.75392,57.301975,0.33015332,0.0,0.9789126,0.03430179
3493,442.4832,0.0,180.38226,57.30207,0.33488542,0.0,0.9605652,0.034301594
3494,422.44974,0.0,160.57582,57.3022,0.33224073,0.0,0.97020084,0.034301396
3495,513.1664,0.0,155.5863,57.302322,0.3299565,0.0,0.9844645,0.034301203
3496,509.85803,0.0,170.22145,57.302418,0.33678487,0.0,0.9791785,0.03430101
3497,521.68646,0.0,171.01903,57.30248,0.33974817,0.0,0.9730476,0.034300815
3498,428.9866,0.0,151.99152,57.30248,0.32193562,0.0,0.9650459,0.034300625
3499,478.3941,0.0,138.27553,57.302517,0.33940494,0.0,0.9720165,0.034300435
3500,504.63995,0.0,178.59734,57.30251,0.33870283,0.0,0.9665284,0.034300238
3501,455.68436,0.0,199.72552,57.30249,0.3376157,0.0,0.981183,0.03429993
3502,533.05994,0.0,154.24341,57.302517,0.32951528,0.0,0.98642594,0.034299623
3503,454.52994,0.0,174.06479,57.302547,0.3460391,0.0,0.98284125,0.034299333
3504,493.45935,0.0,189.12708,57.302612,0.3325731,0.0,0.9628236,0.034299053
3505,442.47116,0.0,178.63792,57.302685,0.33476314,0.0,0.960275,0.034298785
3506,458.91397,0.0,157.09775,57.302704,0.33516002,0.0,0.98362666,0.034298528
3507,546.44586,0.0,165.6904,57.302765,0.3325225,0.0,0.9552438,0.03429828
3508,472.05453,0.0,177.53398,57.302788,0.3326374,0.0,0.98447305,0.034298036
3509,531.9408,0.0,187.4392,57.302795,0.32833347,0.0,0.99715704,0.034297794
3510,453.5623,0.0,168.48598,57.302826,0.33197084,0.0,0.98363763,0.034297567
3511,506.5491,0.0,176.28435,57.302856,0.33704263,0.0,0.938908,0.034297332
3512,483.85562,0.0,167.39551,57.302906,0.33848494,0.0,0.96211,0.03429711
3513,496.10678,0.0,169.99568,57.302925,0.32824513,0.0,1.0071509,0.03429689
3514,485.15088,0.0,171.38359,57.302967,0.34541765,0.0,0.9797314,0.034296673
3515,471.56183,0.0,147.52951,57.303032,0.34106675,0.0,0.9684002,0.03429646
3516,474.95453,0.0,167.00706,57.30313,0.32958415,0.0,0.9475956,0.034296248
3517,512.41016,0.0,205.0957,57.303207,0.33060348,0.0,0.95656496,0.034296043
3518,598.5285,0.0,158.81767,57.303226,0.33707795,0.0,0.97523457,0.03429584
3519,461.81796,0.0,154.64046,57.303284,0.3485967,0.0,0.96759033,0.034295633
3520,543.916,0.0,178.07343,57.30333,0.33024952,0.0,1.0021197,0.034295432
3521,466.82367,0.0,169.45085,57.303368,0.33725396,0.0,0.9962589,0.034295235
3522,470.48105,0.0,196.71637,57.303417,0.3403393,0.0,0.99381447,0.034295034
3523,535.7384,0.0,170.63956,57.30348,0.34474343,0.0,0.9796984,0.03429484
3524,503.07623,0.0,164.33745,57.303524,0.33524305,0.0,0.9996208,0.034294643
3525,455.59082,0.0,162.60478,57.30355,0.33402875,0.0,0.9748285,0.03429445
3526,473.02097,0.0,157.367,57.303566,0.33389345,0.0,0.9630423,0.034294255
3527,485.83035,0.0,168.53429,57.303604,0.3278546,0.0,1.0020702,0.03429406
3528,466.40906,0.0,139.51175,57.303646,0.34017023,0.0,0.98819786,0.03429387
3529,541.9733,0.0,194.16954,57.303677,0.3383093,0.0,0.98332036,0.03429368
3530,422.54205,0.0,160.62273,57.303715,0.3266662,0.0,0.9525935,0.034293495
3531,455.54736,0.0,163.38818,57.303738,0.32554272,0.0,0.9764686,0.034293305
3532,467.83344,0.0,157.81665,57.303787,0.34395105,0.0,0.972389,0.03429311
3533,461.70584,0.0,171.82251,57.30381,0.33842048,0.0,0.9777215,0.034292925
3534,472.12305,0.0,170.26201,57.3038,0.32916415,0.0,0.9851452,0.03429274
3535,449.19608,0.0,162.23335,57.30377,0.3353318,0.0,0.9734283,0.034292553
3536,494.2552,0.0,174.10802,57.303715,0.33345094,0.0,0.9962643,0.034292366
3537,486.29074,0.0,153.669,57.303627,0.33574453,0.0,1.0290189,0.034292184
3538,458.6527,0.0,149.91922,57.303493,0.34103993,0.0,0.97079515,0.034291994
3539,506.58942,0.0,179.731,57.30343,0.35025087,0.0,1.0023034,0.03429181
3540,461.32578,0.0,147.33249,57.303417,0.33573493,0.0,0.9864621,0.03429163
3541,531.1962,0.0,165.35165,57.30346,0.32761776,0.0,0.9881363,0.034291442
3542,477.2611,0.0,203.06058,57.303524,0.33036974,0.0,0.99774307,0.03429126
3543,509.9433,0.0,181.5615,57.303635,0.33158022,0.0,1.0014788,0.034291077
3544,521.2494,0.0,163.11736,57.30373,0.33266792,0.0,0.9780024,0.03429089
3545,459.0201,0.0,241.68604,57.303757,0.33761242,0.0,0.9866885,0.03429071
3546,448.86087,0.0,157.25806,57.30376,0.3321042,0.0,0.9821706,0.03429053
3547,462.79004,0.0,149.92397,57.3038,0.3426709,0.0,0.95535326,0.03429035
3548,563.73596,0.0,155.26321,57.30383,0.33695003,0.0,0.9694982,0.034290165
3549,460.86942,0.0,175.53268,57.303883,0.33322975,0.0,0.9917615,0.034289986
3550,511.76282,0.0,163.96732,57.303955,0.33945122,0.0,1.0207919,0.034289807
3551,528.5579,0.0,166.88518,57.304054,0.34236303,0.0,0.9726283,0.034289625
3552,491.19608,0.0,179.39116,57.304134,0.34027943,0.0,0.9815804,0.034289442
3553,475.61868,0.0,183.84773,57.304188,0.3224891,0.0,0.96496314,0.03428926
3554,486.64575,0.0,168.78539,57.304165,0.3402783,0.0,0.95611256,0.03428908
3555,499.94846,0.0,193.00423,57.304146,0.3340105,0.0,0.9568315,0.0342889
3556,503.91824,0.0,184.8406,57.30409,0.34209096,0.0,1.0006877,0.034288723
3557,448.74582,0.0,164.38115,57.304047,0.34493425,0.0,0.9541204,0.03428854
3558,460.9325,0.0,181.77397,57.304024,0.3291395,0.0,0.9794151,0.034288365
3559,456.25903,0.0,172.53137,57.303993,0.33186588,0.0,1.0032448,0.034288187
3560,486.85812,0.0,158.5529,57.303963,0.33352208,0.0,0.98216945,0.034288004
3561,465.1565,0.0,177.5909,57.303955,0.33005264,0.0,0.94204646,0.03428783
3562,498.293,0.0,151.43579,57.303913,0.33960673,0.0,0.97515386,0.03428765
3563,534.84076,0.0,151.70131,57.303864,0.32555273,0.0,0.97071975,0.03428747
3564,492.65918,0.0,152.6581,57.30382,0.34023517,0.0,0.9749851,0.03428729
3565,548.94385,0.0,173.30002,57.303806,0.32912996,0.0,0.9961604,0.03428711
3566,476.06744,0.0,186.4916,57.30376,0.33498976,0.0,0.9548173,0.034286935
3567,631.4362,0.0,160.8356,57.30373,0.33098406,0.0,0.9518954,0.034286756
3568,616.19586,0.0,182.06595,57.303665,0.34833616,0.0,0.9830457,0.03428658
3569,487.3417,0.0,167.45044,57.303627,0.32081774,0.0,1.0015775,0.034286406
3570,460.4576,0.0,178.3563,57.303574,0.34371045,0.0,0.97825676,0.034286227
3571,573.52203,0.0,167.22147,57.303562,0.3418982,0.0,0.9924651,0.034286052
3572,452.88065,0.0,173.57887,57.303604,0.34149322,0.0,0.9771696,0.034285873
3573,473.305,0.0,177.40184,57.303642,0.3354854,0.0,0.9675652,0.034285698
3574,490.6304,0.0,155.48318,57.303684,0.34413388,0.0,0.9642286,0.034285516
3575,461.2859,0.0,166.38725,57.30375,0.33404377,0.0,1.0017962,0.03428534
3576,495.25613,0.0,150.11467,57.303837,0.32476285,0.0,0.9812458,0.034285165
3577,512.6814,0.0,175.2333,57.303913,0.3343019,0.0,0.9645049,0.034284987
3578,460.3472,0.0,169.19511,57.303974,0.34074625,0.0,0.99031675,0.03428481
3579,509.52463,0.0,158.4169,57.304012,0.32681617,0.0,0.97604537,0.034284636
3580,476.31113,0.0,154.77545,57.304073,0.33461827,0.0,0.96537083,0.03428446
3581,477.9403,0.0,169.65553,57.304157,0.3290831,0.0,1.0335245,0.034284286
3582,512.574,0.0,147.72542,57.30421,0.32776436,0.0,0.99452657,0.03428411
3583,503.86975,0.0,157.71771,57.304268,0.31914082,0.0,0.94216,0.034283936
3584,482.04138,0.0,191.58092,57.30431,0.3321208,0.0,0.9861448,0.034283757
3585,534.289,0.0,182.79749,57.304333,0.3384806,0.0,1.0026817,0.034283582
3586,474.69894,0.0,169.66231,57.30436,0.34371832,0.0,0.963194,0.034283407
3587,573.04584,0.0,187.18854,57.30434,0.31471533,0.0,0.9731154,0.034283236
3588,506.13617,0.0,203.76637,57.30433,0.32997587,0.0,0.9842278,0.03428306
3589,443.07562,0.0,161.84435,57.304394,0.33577397,0.0,0.98404133,0.034282885
3590,483.8348,0.0,140.82774,57.304417,0.3366164,0.0,0.9902317,0.03428271
3591,462.2029,0.0,138.76361,57.304436,0.33727422,0.0,0.977245,0.03428253
3592,485.92935,0.0,165.88158,57.304493,0.33440265,0.0,0.9773041,0.03428236
3593,482.76132,0.0,169.71544,57.30454,0.33463416,0.0,0.98395157,0.034282185
3594,512.1854,0.0,191.36572,57.304558,0.33439413,0.0,0.9807525,0.034282017
3595,471.32162,0.0,167.04993,57.30459,0.33595493,0.0,1.0346911,0.03428184
3596,525.71234,0.0,164.59406,57.30465,0.33784816,0.0,0.9580457,0.034281664
3597,525.67883,0.0,162.25758,57.304752,0.33980498,0.0,0.9574126,0.034281492
3598,482.70557,0.0,169.4349,57.304813,0.3368282,0.0,0.97356683,0.034281317
3599,457.96933,0.0,158.47868,57.304893,0.3336954,0.0,0.9822352,0.034281146
3600,448.76868,0.0,154.39919,57.304935,0.32941124,0.0,0.97949916,0.034280974
3601,526.96423,0.0,204.56386,57.305016,0.32820967,0.0,0.9794417,0.0342808
3602,428.6407,0.0,188.75995,57.3051,0.3373178,0.0,0.9814687,0.034280628
3603,455.39542,0.0,155.14081,57.30509,0.33050874,0.0,0.9418705,0.034280453
3604,485.50397,0.0,165.60605,57.3051,0.33543125,0.0,0.9452675,0.03428028
3605,446.27142,0.0,161.90143,57.30508,0.33541974,0.0,0.9643741,0.034280114
3606,457.0667,0.0,151.70532,57.30507,0.32917282,0.0,0.97784245,0.034279935
3607,448.83032,0.0,160.96783,57.30504,0.34585264,0.0,1.012718,0.03427976
3608,543.6011,0.0,162.90247,57.30503,0.3345328,0.0,0.9650403,0.034279585
3609,504.0971,0.0,157.4767,57.30507,0.33327222,0.0,1.0014416,0.034279417
3610,503.60196,0.0,159.76564,57.305103,0.33233145,0.0,0.97405964,0.034279246
3611,484.71432,0.0,162.40631,57.30509,0.3440536,0.0,1.0114627,0.03427907
3612,485.7939,0.0,169.40529,57.305103,0.33263496,0.0,1.0093784,0.034278896
3613,500.31183,0.0,167.04906,57.30512,0.3375178,0.0,0.95273703,0.03427873
3614,457.91495,0.0,166.67006,57.305122,0.3400142,0.0,0.97975594,0.034278557
3615,465.32797,0.0,167.91959,57.30511,0.32940787,0.0,0.9495192,0.034278385
3616,489.99667,0.0,176.55717,57.3051,0.33614874,0.0,0.9664935,0.034278214
3617,544.7695,0.0,187.33092,57.305077,0.3318952,0.0,0.9514792,0.034278046
3618,487.30313,0.0,152.67445,57.30507,0.3356949,0.0,0.9811359,0.03427787
3619,507.2184,0.0,155.90572,57.30505,0.34595737,0.0,0.9582419,0.034277696
3620,522.369,0.0,156.21387,57.305016,0.32561085,0.0,0.9970928,0.034277532
3621,478.58118,0.0,177.94994,57.30503,0.33279595,0.0,0.96780676,0.034277357
3622,459.27133,0.0,167.53903,57.30504,0.32970688,0.0,0.9576178,0.03427719
3623,508.34082,0.0,159.80185,57.30504,0.32761505,0.0,0.96960336,0.034277014
3624,448.14355,0.0,172.24814,57.30505,0.33604148,0.0,0.9706264,0.034276847
3625,502.182,0.0,157.25327,57.305008,0.33968392,0.0,0.96524924,0.03427667
3626,467.61078,0.0,173.63531,57.305008,0.33645758,0.0,1.0049629,0.034276504
3627,514.9341,0.0,169.72475,57.305008,0.3306147,0.0,0.96626765,0.034276336
3628,478.03104,0.0,174.28246,57.304985,0.33771715,0.0,0.99061203,0.034276165
3629,418.3284,0.0,183.24104,57.305016,0.33925527,0.0,0.9749397,0.034275994
3630,460.22382,0.0,170.7519,57.30508,0.3301032,0.0,0.99150324,0.034275822
3631,564.7487,0.0,202.02995,57.305195,0.33295277,0.0,0.9641487,0.03427565
3632,466.1376,0.0,152.86507,57.305305,0.33719882,0.0,0.9966349,0.03427548
3633,518.7587,0.0,170.75168,57.30539,0.33527067,0.0,1.0131801,0.03427531
3634,486.9381,0.0,175.08542,57.30548,0.33263803,0.0,0.94427353,0.03427533
3635,439.51822,0.0,175.94893,57.3056,0.34454748,0.0,0.96588856,0.03427533
3636,506.2997,0.0,191.85056,57.305634,0.35581937,0.0,0.95377594,0.034275327
3637,466.58148,0.0,157.67477,57.305695,0.3361142,0.0,0.97641104,0.0342753
3638,480.26337,0.0,166.97208,57.305744,0.34302247,0.0,0.95728177,0.034275256
3639,486.9644,0.0,186.55511,57.305817,0.33273062,0.0,0.9852156,0.034275208
3640,432.77356,0.0,158.93854,57.30587,0.33367655,0.0,0.9884399,0.034275148
3641,471.15707,0.0,174.65588,57.30592,0.32178572,0.0,0.9816549,0.034275074
3642,520.90186,0.0,179.01483,57.30597,0.34146798,0.0,0.96974057,0.034274995
3643,460.3911,0.0,157.29515,57.305984,0.33377558,0.0,0.9744428,0.034274906
3644,606.50195,0.0,172.81003,57.306015,0.3346286,0.0,0.96202123,0.03427481
3645,523.7547,0.0,163.2056,57.306046,0.341786,0.0,0.98183125,0.0342747
3646,470.81448,0.0,191.2094,57.306076,0.34727764,0.0,0.985132,0.034274593
3647,447.0945,0.0,170.82875,57.306107,0.33967772,0.0,0.9884132,0.03427448
3648,508.8163,0.0,160.52086,57.306133,0.3416329,0.0,0.98588586,0.034274362
3649,440.2104,0.0,165.89436,57.306137,0.3285603,0.0,0.96719015,0.03427423
3650,551.0641,0.0,156.9779,57.306152,0.3303879,0.0,0.93550485,0.034274105
3651,439.06174,0.0,164.40553,57.306152,0.33231702,0.0,1.0112902,0.034273967
3652,487.1591,0.0,147.20108,57.306103,0.33045176,0.0,0.96538466,0.034273833
3653,484.7048,0.0,167.06842,57.306084,0.34669393,0.0,0.9927691,0.034273695
3654,477.34793,0.0,182.96358,57.306053,0.3446166,0.0,0.9569552,0.034273554
3655,449.0095,0.0,178.05725,57.306004,0.34175333,0.0,0.9677125,0.034273405
3656,519.13586,0.0,163.13712,57.30597,0.33034113,0.0,0.98570025,0.034273256
3657,493.64206,0.0,155.7418,57.30594,0.3362851,0.0,0.9781194,0.034273107
3658,489.18466,0.0,146.48561,57.30593,0.34369227,0.0,0.96508217,0.034272958
3659,456.01395,0.0,186.9852,57.30598,0.33878142,0.0,0.98476005,0.034272805
3660,460.0137,0.0,157.20557,57.306034,0.34006405,0.0,1.0338988,0.034272652
3661,485.30533,0.0,193.9734,57.306023,0.34879455,0.0,0.9748709,0.034272492
3662,475.4645,0.0,175.84662,57.306034,0.32892296,0.0,0.96728694,0.034272335
3663,454.35095,0.0,154.5362,57.306023,0.34172603,0.0,0.9717781,0.03427218
3664,531.22504,0.0,168.19408,57.30601,0.3339812,0.0,0.9702137,0.034272015
3665,506.58658,0.0,178.51508,57.306,0.3386621,0.0,0.97332245,0.03427186
3666,482.90973,0.0,173.78717,57.30601,0.335655,0.0,0.98569286,0.034271695
3667,507.8768,0.0,159.11671,57.30604,0.3449681,0.0,0.9362757,0.03427153
3668,466.55438,0.0,160.13376,57.306076,0.3337233,0.0,0.9654072,0.03427137
3669,520.34973,0.0,162.40425,57.306076,0.3339822,0.0,0.99870414,0.03427121
3670,507.22327,0.0,163.87125,57.306072,0.3439199,0.0,0.9949905,0.034271043
3671,519.0108,0.0,150.38147,57.306076,0.33566508,0.0,0.9895621,0.034270883
3672,503.30875,0.0,159.90141,57.30604,0.34314552,0.0,0.9623563,0.03427072
3673,495.35486,0.0,196.6942,57.306015,0.33321458,0.0,0.976541,0.034270555
3674,505.57324,0.0,155.99911,57.306034,0.33339506,0.0,0.96990585,0.03427039
3675,490.7662,0.0,182.69215,57.306103,0.3241134,0.0,0.9603339,0.034270227
3676,554.72253,0.0,159.10002,57.306152,0.3334348,0.0,0.9754053,0.034270063
3677,491.09048,0.0,148.02467,57.306137,0.3379691,0.0,0.9712926,0.034269895
3678,492.6156,0.0,164.55934,57.306084,0.33716905,0.0,0.9602971,0.034269735
3679,452.4482,0.0,161.17038,57.306015,0.34153596,0.0,0.98864704,0.03426957
3680,483.89328,0.0,165.92407,57.30594,0.34495783,0.0,0.98138946,0.034269404
3681,465.03598,0.0,172.4775,57.30589,0.33986926,0.0,0.98873127,0.034269236
3682,539.82245,0.0,160.75244,57.305794,0.32890546,0.0,0.97385746,0.03426907
3683,487.35516,0.0,169.57802,57.305706,0.31899154,0.0,0.986579,0.03426891
3684,545.65216,0.0,176.28249,57.305622,0.34590912,0.0,0.9742345,0.03426874
3685,507.91962,0.0,197.5454,57.3056,0.3419756,0.0,0.99681,0.034268573
3686,527.2404,0.0,162.71198,57.305622,0.34600094,0.0,0.9709193,0.03426841
3687,464.3469,0.0,176.42844,57.305664,0.34162623,0.0,0.9636712,0.034268245
3688,486.2041,0.0,188.38708,57.305748,0.32490233,0.0,0.957437,0.034268077
3689,510.34674,0.0,143.43657,57.30582,0.34411627,0.0,0.99500376,0.03426791
3690,465.90707,0.0,166.47168,57.30588,0.3357883,0.0,0.97954,0.03426775
3691,487.2636,0.0,174.50186,57.30588,0.34083053,0.0,0.9764117,0.034267582
3692,477.5841,0.0,167.2544,57.305866,0.3217571,0.0,0.9646876,0.034267414
3693,509.0778,0.0,169.98532,57.30589,0.3308871,0.0,0.99486405,0.034267254
3694,491.3572,0.0,187.84769,57.30587,0.33548212,0.0,0.9713016,0.034267083
3695,431.5422,0.0,156.7736,57.30585,0.33567852,0.0,0.9905496,0.034266915
3696,477.31024,0.0,178.6141,57.305878,0.32285556,0.0,0.9702918,0.034266755
3697,517.3121,0.0,160.29211,57.305912,0.34087524,0.0,0.9597104,0.034266587
3698,509.4905,0.0,166.47299,57.30592,0.3282177,0.0,0.9627551,0.034266427
3699,459.55826,0.0,183.0015,57.3059,0.34922782,0.0,1.0453554,0.034266256
3700,552.46967,0.0,165.5088,57.30589,0.32376757,0.0,0.9580161,0.034266092
3701,534.45435,0.0,160.52213,57.30591,0.321671,0.0,0.9791511,0.034265928
3702,470.44836,0.0,130.88402,57.305943,0.33595416,0.0,0.9743336,0.03426576
3703,506.0184,0.0,168.50002,57.30596,0.33204117,0.0,0.9682467,0.034265596
3704,519.55365,0.0,169.80147,57.305958,0.33612594,0.0,0.9702474,0.03426543
3705,520.1471,0.0,176.19223,57.305927,0.32686746,0.0,0.9671294,0.034265265
3706,491.48743,0.0,179.98564,57.30592,0.33395696,0.0,1.0154754,0.034265097
3707,499.8337,0.0,146.1986,57.30587,0.31520846,0.0,0.9754215,0.034264933
3708,491.6302,0.0,181.30455,57.305847,0.3351763,0.0,0.95901626,0.034264766
3709,495.2921,0.0,173.14394,57.305817,0.32591826,0.0,0.9769387,0.0342646
3710,460.69363,0.0,176.17885,57.30582,0.32664043,0.0,0.96929777,0.034264434
3711,468.26108,0.0,183.54935,57.305817,0.3299713,0.0,0.9885871,0.03426427
3712,488.34387,0.0,188.74101,57.305817,0.32584748,0.0,1.0305454,0.034264106
3713,483.18326,0.0,172.12518,57.305836,0.3388598,0.0,0.9844322,0.034263942
3714,474.02042,0.0,165.82597,57.30587,0.3296102,0.0,0.9835445,0.03426378
3715,481.0018,0.0,170.27165,57.30594,0.33539107,0.0,0.9790838,0.03426361
3716,529.6807,0.0,186.49365,57.305973,0.33770764,0.0,0.9612675,0.034263447
3717,477.11667,0.0,170.61148,57.305984,0.33429998,0.0,0.9525454,0.03426328
3718,514.4214,0.0,154.74945,57.30595,0.33754775,0.0,0.982504,0.034263115
3719,453.95395,0.0,183.56361,57.305866,0.33279577,0.0,0.9644591,0.03426295
3720,489.53708,0.0,142.55756,57.30578,0.33335608,0.0,0.9688183,0.034262788
3721,481.10117,0.0,179.61934,57.305733,0.3365836,0.0,0.9648837,0.034262616
3722,534.11035,0.0,160.77238,57.305706,0.33506244,0.0,0.95186764,0.034262452
3723,496.13278,0.0,155.72243,57.305676,0.33035934,0.0,0.9786395,0.034262292
3724,474.77982,0.0,156.77487,57.305683,0.3405178,0.0,0.9797864,0.034262124
3725,492.92493,0.0,182.50977,57.305714,0.33673182,0.0,0.9925911,0.03426196
3726,450.37112,0.0,162.81009,57.305744,0.3338614,0.0,0.9929765,0.034261793
3727,468.19543,0.0,169.58363,57.305733,0.33459684,0.0,0.96986747,0.034261633
3728,418.73087,0.0,157.60611,57.305706,0.32855183,0.0,0.95598084,0.03426147
3729,463.5483,0.0,180.98085,57.305695,0.33396462,0.0,0.9654119,0.034261305
3730,441.35956,0.0,168.56195,57.305626,0.33691952,0.0,0.954269,0.034261137
3731,478.924,0.0,144.87575,57.305573,0.34155348,0.0,0.9926145,0.034260973
3732,507.68317,0.0,158.48141,57.30555,0.32958177,0.0,0.9695217,0.03426081
3733,454.7608,0.0,171.94142,57.305603,0.3345459,0.0,0.95963556,0.03426065
3734,526.67395,0.0,164.9807,57.305664,0.33557454,0.0,0.9986052,0.03426048
3735,466.8098,0.0,162.50142,57.30567,0.33178362,0.0,0.9869865,0.034260318
3736,514.6483,0.0,150.40318,57.305664,0.331793,0.0,0.9766777,0.03426015
3737,441.36438,0.0,163.02962,57.305656,0.32466766,0.0,0.9454503,0.03425999
3738,601.18896,0.0,149.97728,57.305676,0.32522735,0.0,0.9896587,0.034259822
3739,501.70297,0.0,155.93915,57.30567,0.34007874,0.0,0.9857151,0.03425966
3740,479.86002,0.0,180.22383,57.305706,0.34033743,0.0,0.9850299,0.034259494
3741,479.33002,0.0,170.12254,57.305733,0.32890534,0.0,0.9711211,0.03425933
3742,481.45038,0.0,163.89584,57.305763,0.33288267,0.0,0.9681179,0.034259167
3743,490.89883,0.0,157.1194,57.305786,0.3346791,0.0,0.9583922,0.034259006
3744,499.64468,0.0,160.60182,57.30583,0.33954188,0.0,0.94398856,0.034258835
3745,451.8071,0.0,182.97427,57.305927,0.3296859,0.0,0.9705012,0.034258675
3746,465.88263,0.0,172.26614,57.30603,0.3388525,0.0,0.9676642,0.03425851
3747,469.079,0.0,154.2874,57.30609,0.33636063,0.0,1.0037856,0.034258347
3748,538.63214,0.0,166.52068,57.306137,0.33235657,0.0,0.9969135,0.034258183
3749,476.60944,0.0,194.96617,57.306175,0.34046918,0.0,1.0317649,0.034258023
3750,431.6505,0.0,152.73178,57.306187,0.3319189,0.0,0.9713628,0.03425785
3751,469.4466,0.0,161.54327,57.306217,0.33677602,0.0,0.9812372,0.034257688
3752,421.69446,0.0,229.19078,57.306267,0.3379199,0.0,0.9483378,0.034257524
3753,451.97852,0.0,160.52548,57.30639,0.33292,0.0,0.940294,0.034257364
3754,463.47684,0.0,168.32823,57.30651,0.33069268,0.0,0.9689442,0.034257196
3755,492.37616,0.0,154.85039,57.30665,0.3325551,0.0,0.98449224,0.034257036
3756,537.40466,0.0,184.52742,57.306747,0.33771032,0.0,0.9576279,0.034256868
3757,489.17538,0.0,160.32127,57.306812,0.3347287,0.0,0.94587183,0.034256704
3758,514.65906,0.0,160.62004,57.30688,0.33103064,0.0,0.96751136,0.034256544
3759,416.67856,0.0,167.57071,57.306892,0.3383194,0.0,1.0358752,0.03425638
3760,483.61884,0.0,164.48921,57.30688,0.3514075,0.0,0.9932094,0.03425622
3761,489.77563,0.0,173.6708,57.306896,0.3447077,0.0,0.9842495,0.034256052
3762,462.39688,0.0,155.85002,57.306946,0.3358104,0.0,0.9996825,0.034255892
3763,472.10455,0.0,158.19452,57.307014,0.33671352,0.0,0.97677994,0.034255724
3764,581.0535,0.0,148.77289,57.307045,0.33452415,0.0,0.97620416,0.034255564
3765,480.3852,0.0,187.95549,57.307068,0.33023983,0.0,0.96583825,0.034255397
3766,455.84152,0.0,162.6134,57.30714,0.32748565,0.0,0.9554802,0.034255236
3767,468.22705,0.0,169.0601,57.3072,0.34256694,0.0,0.97214913,0.03425507
3768,483.38937,0.0,168.00856,57.3072,0.33515722,0.0,0.9759744,0.034254912
3769,469.78522,0.0,168.10564,57.307117,0.34485874,0.0,0.99962974,0.03425474
3770,497.2653,0.0,189.36606,57.307056,0.33752358,0.0,0.99474806,0.03425458
3771,545.5488,0.0,161.04128,57.30708,0.34059402,0.0,1.0654567,0.034254417
3772,456.36725,0.0,194.20976,57.30706,0.32660034,0.0,0.9795797,0.034254253
3773,487.80347,0.0,178.41647,57.307068,0.34036398,0.0,0.9814351,0.03425409
3774,468.4818,0.0,155.54622,57.307003,0.33437824,0.0,0.9772265,0.03425393
3775,495.22772,0.0,191.80527,57.306923,0.32445595,0.0,0.9732539,0.034253765
3776,497.7966,0.0,168.56538,57.30687,0.33176836,0.0,1.0011177,0.0342536
3777,432.18076,0.0,161.98698,57.306843,0.3279852,0.0,0.98080456,0.034253437
3778,522.80756,0.0,178.0972,57.306904,0.33196977,0.0,0.98566866,0.034253273
3779,465.1288,0.0,168.37074,57.306927,0.34263128,0.0,0.9882118,0.03425311
3780,471.4001,0.0,178.04332,57.306953,0.3294607,0.0,0.9988749,0.03425295
3781,481.18777,0.0,176.12213,57.306915,0.32923692,0.0,0.9681393,0.03425278
3782,499.73773,0.0,162.21588,57.30691,0.34153762,0.0,0.99721056,0.034252618
3783,479.14633,0.0,156.76453,57.306892,0.329994,0.0,0.97592366,0.034252454
3784,433.40598,0.0,178.27223,57.30686,0.32450625,0.0,0.9895457,0.034252293
3785,470.442,0.0,169.99274,57.306885,0.32428282,0.0,0.97614557,0.03425213
3786,494.6913,0.0,168.14941,57.306892,0.33445746,0.0,0.9874297,0.034251966
3787,471.51843,0.0,166.50833,57.30684,0.32842025,0.0,0.95115715,0.034251805
3788,463.06506,0.0,157.07552,57.30676,0.3319422,0.0,0.9637641,0.03425164
3789,469.46524,0.0,159.0025,57.306656,0.33738583,0.0,0.98543143,0.034251478
3790,457.15295,0.0,162.24161,57.306557,0.3311735,0.0,0.9932781,0.034251317
3791,462.85837,0.0,158.85869,57.306496,0.33506113,0.0,0.95815724,0.034251153
3792,416.06342,0.0,176.63605,57.306442,0.3332433,0.0,0.9708931,0.034250993
3793,507.4845,0.0,162.85136,57.306362,0.33249933,0.0,0.97440743,0.034250826
3794,465.25784,0.0,147.04431,57.30634,0.3207087,0.0,0.9619124,0.03425066
3795,524.2562,0.0,162.36061,57.306328,0.33211666,0.0,0.9851248,0.034250498
3796,490.41052,0.0,176.1486,57.306286,0.3342612,0.0,0.9867307,0.03425033
3797,501.2759,0.0,172.02048,57.30628,0.33651617,0.0,0.97752583,0.034250166
3798,480.39435,0.0,138.63695,57.30629,0.34168512,0.0,1.003328,0.034250002
3799,510.55164,0.0,148.50082,57.30628,0.33209592,0.0,0.95993286,0.03424984
3800,491.16467,0.0,177.5834,57.30623,0.34797993,0.0,0.974408,0.03424968
3801,468.97925,0.0,191.64444,57.306164,0.33715928,0.0,0.98482895,0.034249514
3802,521.2471,0.0,190.21135,57.306133,0.34066382,0.0,0.9884763,0.034249347
3803,461.25763,0.0,160.20721,57.306137,0.33585492,0.0,0.98656017,0.034249187
3804,554.45746,0.0,153.81865,57.30612,0.34313747,0.0,0.9775928,0.034249026
3805,430.67975,0.0,167.08994,57.30609,0.33740222,0.0,0.99942356,0.034248862
3806,490.57074,0.0,183.35426,57.306065,0.3268353,0.0,0.9694341,0.0342487
3807,494.95462,0.0,188.50043,57.30612,0.34599584,0.0,1.0042276,0.034248535
3808,528.13385,0.0,154.25844,57.3062,0.33147022,0.0,0.9758503,0.03424837
3809,465.64633,0.0,165.99872,57.30626,0.33098862,0.0,0.9922418,0.03424821
3810,496.2591,0.0,172.50374,57.30633,0.32527047,0.0,0.9764844,0.034248047
3811,541.453,0.0,174.36787,57.306404,0.32713267,0.0,0.9868047,0.034247886
3812,497.47614,0.0,182.62204,57.30646,0.32590503,0.0,0.9893145,0.03424772
3813,506.03564,0.0,146.44023,57.306423,0.34377804,0.0,0.9681733,0.03424756
3814,502.96964,0.0,181.12862,57.306393,0.3349821,0.0,0.9441625,0.034247387
3815,504.92545,0.0,158.21875,57.30638,0.33362255,0.0,1.0062073,0.034247227
3816,513.94653,0.0,179.67285,57.306404,0.32622823,0.0,0.9729439,0.034247067
3817,470.9409,0.0,165.30502,57.3064,0.3388007,0.0,0.9576728,0.034246903
3818,429.65414,0.0,166.90121,57.30641,0.3352501,0.0,0.9456876,0.034246743
3819,519.75024,0.0,174.32858,57.30639,0.3354108,0.0,0.9614011,0.034246583
3820,498.73087,0.0,154.59265,57.30639,0.3301043,0.0,0.9971615,0.03424642
3821,500.09988,0.0,161.18936,57.30639,0.33084467,0.0,1.0305425,0.034246255
3822,526.4488,0.0,173.6997,57.306393,0.32736912,0.0,0.9884841,0.034246095
3823,488.75494,0.0,187.75937,57.30641,0.34094608,0.0,0.9708547,0.034245934
3824,490.50327,0.0,164.92426,57.30643,0.3227892,0.0,0.9746786,0.034245774
3825,493.68915,0.0,211.78603,57.30639,0.3225788,0.0,1.0029539,0.034245607
3826,587.3366,0.0,168.97244,57.30634,0.31921545,0.0,0.96597356,0.03424545
3827,472.1643,0.0,189.37517,57.3063,0.3385842,0.0,0.95320296,0.03424529
3828,517.01514,0.0,155.69756,57.306297,0.32680306,0.0,0.97196615,0.034245122
3829,502.92877,0.0,155.06953,57.306328,0.33908793,0.0,0.96157414,0.03424496
3830,483.49084,0.0,143.09927,57.30635,0.34011713,0.0,0.9893945,0.0342448
3831,442.02658,0.0,171.39874,57.30638,0.33736902,0.0,0.9772559,0.034244638
3832,474.31906,0.0,156.10011,57.30637,0.33534923,0.0,0.98978627,0.034244474
3833,495.98145,0.0,151.56989,57.306343,0.3374125,0.0,0.9716981,0.034244314
3834,475.12698,0.0,170.02286,57.30635,0.34307125,0.0,1.0176259,0.034244154
3835,466.60754,0.0,170.95764,57.30636,0.3382202,0.0,0.9802814,0.034243986
3836,472.59375,0.0,166.85527,57.306423,0.33185938,0.0,0.95540595,0.03424383
3837,487.52792,0.0,156.55315,57.306473,0.34438187,0.0,0.95770735,0.03424367
3838,446.1456,0.0,170.8701,57.306496,0.3395221,0.0,0.9683009,0.034243505
3839,492.72394,0.0,173.57878,57.306522,0.34196264,0.0,0.98018646,0.03424334
3840,488.18918,0.0,179.72717,57.306534,0.33639285,0.0,0.9835066,0.034243178
3841,494.07162,0.0,180.57318,57.306496,0.32768542,0.0,0.99903554,0.034243017
3842,489.8097,0.0,177.78754,57.306473,0.33887315,0.0,0.94979286,0.034242857
3843,456.54797,0.0,175.2988,57.30648,0.3200426,0.0,1.0096225,0.034242693
3844,489.7819,0.0,154.29678,57.306496,0.32758018,0.0,0.95850754,0.034242533
3845,427.24258,0.0,158.86307,57.30649,0.3493784,0.0,0.9813053,0.034242366
3846,481.27087,0.0,134.99002,57.30642,0.33846167,0.0,0.9394589,0.034242205
3847,482.31924,0.0,157.01048,57.306374,0.336354,0.0,0.98719674,0.03424204
3848,515.2191,0.0,163.93515,57.306343,0.33937407,0.0,0.96074396,0.034241885
3849,474.37207,0.0,168.68631,57.30633,0.31959367,0.0,0.99789363,0.034241717
3850,461.34918,0.0,170.83165,57.3063,0.33272374,0.0,0.99136645,0.034241557
3851,428.6968,0.0,181.49484,57.306267,0.3394225,0.0,0.9770353,0.034241393
3852,434.944,0.0,181.00316,57.306236,0.3299468,0.0,0.9820539,0.034241233
3853,408.7105,0.0,185.71877,57.306194,0.33603904,0.0,0.98409337,0.03424107
3854,478.70825,0.0,178.9921,57.30612,0.32911667,0.0,0.97941524,0.03424091
3855,459.95337,0.0,184.53806,57.306072,0.3404487,0.0,1.0031852,0.034240745
3856,452.36145,0.0,163.70036,57.30597,0.3383749,0.0,0.9920185,0.034240585
3857,494.37482,0.0,137.78587,57.30591,0.33102524,0.0,0.9793865,0.03424042
3858,468.99857,0.0,179.16263,57.30586,0.3326606,0.0,0.9621122,0.03424026
3859,502.43652,0.0,164.18626,57.30585,0.31835544,0.0,1.0126729,0.034240097
3860,503.03818,0.0,176.69916,57.30585,0.31722525,0.0,0.97207314,0.034239937
3861,575.85455,0.0,163.52927,57.305878,0.3390818,0.0,0.9505988,0.034239773
3862,546.05835,0.0,173.33588,57.30592,0.3303507,0.0,0.97655195,0.034239613
3863,444.64526,0.0,157.72289,57.30596,0.35143265,0.0,0.98727673,0.034239445
3864,504.98352,0.0,164.59148,57.305992,0.33315828,0.0,0.96877044,0.034239285
3865,472.43756,0.0,152.13013,57.305992,0.33486468,0.0,1.0284184,0.034239117
3866,566.5435,0.0,158.28473,57.306004,0.33204657,0.0,0.99227905,0.034238957
3867,512.0207,0.0,170.98312,57.30601,0.3272878,0.0,0.9943345,0.034238793
3868,506.95627,0.0,165.7961,57.306,0.33504415,0.0,0.9474585,0.034238633
3869,491.91263,0.0,142.69135,57.305984,0.33000502,0.0,0.9552453,0.03423847
3870,450.17032,0.0,181.30302,57.305973,0.3403758,0.0,0.95673627,0.03423831
3871,467.09497,0.0,162.50766,57.305943,0.34075683,0.0,0.96958935,0.03423815
3872,509.3932,0.0,151.5067,57.30592,0.336672,0.0,1.0045202,0.034237985
3873,554.93866,0.0,163.98624,57.30591,0.33279374,0.0,0.97631377,0.034237824
3874,529.3551,0.0,153.04126,57.30595,0.3313652,0.0,0.98040545,0.034237664
3875,467.56866,0.0,157.75687,57.305973,0.3321577,0.0,0.98320335,0.0342375
3876,489.2707,0.0,184.92128,57.305992,0.3256619,0.0,0.9907518,0.034237336
3877,514.50854,0.0,168.7948,57.30601,0.33473566,0.0,1.0109174,0.034237172
3878,466.37457,0.0,203.27148,57.30604,0.34379873,0.0,0.9938932,0.03423701
3879,509.4744,0.0,149.02235,57.306107,0.35178643,0.0,0.95668006,0.034236863
3880,457.17188,0.0,180.57469,57.306164,0.32731628,0.0,0.9854523,0.034236714
3881,544.21344,0.0,165.12077,57.306187,0.3311238,0.0,0.98729974,0.03423656
3882,479.31744,0.0,157.80199,57.306194,0.3384178,0.0,0.947039,0.034236412
3883,473.6007,0.0,155.49374,57.30621,0.32195657,0.0,0.9657155,0.03423626
3884,478.90134,0.0,158.79352,57.306217,0.32531032,0.0,0.9617949,0.034236107
3885,486.5619,0.0,165.22038,57.30621,0.32821316,0.0,0.9581689,0.034235954
3886,490.09726,0.0,157.2915,57.306168,0.3418747,0.0,0.9547718,0.034235798
3887,456.2557,0.0,168.21465,57.306145,0.336722,0.0,0.94811946,0.034235645
3888,493.20282,0.0,161.72797,57.30609,0.33269343,0.0,0.969957,0.03423549
3889,488.1063,0.0,163.01622,57.306072,0.34112433,0.0,0.95479226,0.034235332
3890,503.5666,0.0,155.15508,57.306114,0.3370334,0.0,0.95511717,0.034235172
3891,495.97556,0.0,156.62885,57.306164,0.32879052,0.0,0.955077,0.034235016
3892,534.19104,0.0,163.82878,57.3062,0.33443135,0.0,0.9812565,0.03423486
3893,436.101,0.0,184.7832,57.30618,0.34250093,0.0,0.9680903,0.0342347
3894,483.47397,0.0,178.65805,57.306137,0.33614466,0.0,0.9764842,0.03423454
3895,502.46936,0.0,181.55826,57.306164,0.3287357,0.0,0.9828278,0.03423438
3896,459.63538,0.0,198.54575,57.30624,0.3347264,0.0,0.9629551,0.03423422
3897,441.3532,0.0,166.21663,57.30624,0.33676004,0.0,0.9739184,0.03423406
3898,528.2671,0.0,169.38701,57.306267,0.33651328,0.0,0.9764033,0.034233898
3899,514.9148,0.0,156.34355,57.30629,0.32605413,0.0,1.0024371,0.034233738
3900,483.688,0.0,187.18506,57.30635,0.324302,0.0,1.0047256,0.034233574
3901,457.55194,0.0,148.4128,57.30642,0.33318406,0.0,0.9988486,0.034233417
3902,413.3508,0.0,160.12703,57.306442,0.3398887,0.0,0.97770894,0.034233253
3903,502.472,0.0,193.49368,57.306484,0.34037125,0.0,0.9472746,0.034233093
3904,505.30286,0.0,168.50342,57.306534,0.33997744,0.0,0.9555107,0.03423293
3905,458.4796,0.0,150.09761,57.30657,0.33318225,0.0,0.9796404,0.034232765
3906,528.4555,0.0,176.98302,57.306583,0.3243913,0.0,0.9680462,0.034232605
3907,525.7039,0.0,188.17474,57.306625,0.33044958,0.0,0.9887288,0.034232453
3908,534.4715,0.0,173.68517,57.306667,0.34079385,0.0,0.9883333,0.03423228
3909,486.78104,0.0,176.68219,57.306686,0.33572796,0.0,0.9634416,0.03423212
3910,467.05774,0.0,177.69412,57.306717,0.329253,0.0,0.9451204,0.034231957
3911,468.76852,0.0,166.89717,57.306778,0.33530265,0.0,0.98299295,0.034231797
3912,467.8132,0.0,175.60135,57.306793,0.34363818,0.0,0.95012575,0.034231633
3913,532.1846,0.0,164.95123,57.306854,0.34594423,0.0,1.0008193,0.034231473
3914,484.5871,0.0,164.1713,57.306915,0.33736867,0.0,0.97100407,0.03423131
3915,544.0388,0.0,176.40085,57.307007,0.3255311,0.0,0.988748,0.034231145
3916,528.38635,0.0,182.79251,57.30712,0.33845538,0.0,0.9543209,0.034230985
3917,458.1657,0.0,159.12317,57.30722,0.32833248,0.0,0.9537127,0.034230817
3918,523.49176,0.0,152.40082,57.307304,0.3321954,0.0,1.0229876,0.034230653
3919,461.62457,0.0,172.66223,57.307335,0.34493035,0.0,0.95433,0.03423049
3920,456.07275,0.0,174.6127,57.307384,0.33623582,0.0,0.95923054,0.03423033
3921,512.8874,0.0,195.97037,57.307407,0.33849052,0.0,0.9831819,0.034230165
3922,502.95114,0.0,167.97318,57.307446,0.33879533,0.0,0.98551065,0.034230005
3923,454.20627,0.0,162.91185,57.307426,0.3374559,0.0,0.9915159,0.034229834
3924,491.90082,0.0,170.09703,57.307457,0.33124712,0.0,0.9650996,0.034229677
3925,476.85434,0.0,168.55801,57.30753,0.33070448,0.0,0.9795658,0.03422951
3926,480.40906,0.0,167.11293,57.30754,0.3286227,0.0,0.990957,0.03422935
3927,456.29263,0.0,174.84358,57.30756,0.3263677,0.0,0.97170305,0.034229185
3928,487.72565,0.0,190.19836,57.30759,0.3298709,0.0,0.98398757,0.034229025
3929,497.23065,0.0,150.53867,57.307613,0.33923715,0.0,0.97840536,0.03422886
3930,513.67834,0.0,188.61572,57.30764,0.3235391,0.0,0.9726789,0.0342287
3931,547.3167,0.0,212.44586,57.30765,0.33124566,0.0,0.9527916,0.034228534
3932,460.17096,0.0,150.44037,57.30773,0.3281798,0.0,0.98575073,0.034228373
3933,546.7129,0.0,163.7891,57.307777,0.33303583,0.0,1.0176178,0.03422821
3934,485.77246,0.0,143.62975,57.307816,0.32897937,0.0,1.0161334,0.034228045
3935,482.72733,0.0,185.0972,57.307865,0.3364486,0.0,0.9507004,0.034227885
3936,481.01105,0.0,149.93642,57.307877,0.34143928,0.0,0.9866721,0.03422772
3937,469.3266,0.0,162.45717,57.3079,0.34622496,0.0,0.9798419,0.034227557
3938,510.38678,0.0,173.69482,57.307896,0.33982366,0.0,0.98203343,0.03422739
3939,477.53833,0.0,140.88559,57.307884,0.33504936,0.0,0.9990097,0.03422723
3940,496.61008,0.0,174.61784,57.3079,0.32141137,0.0,1.0016469,0.03422707
3941,438.2514,0.0,161.37666,57.307858,0.33221367,0.0,1.0026243,0.0342269
3942,451.00763,0.0,179.43498,57.307827,0.33386332,0.0,0.98762244,0.034226738
3943,517.21533,0.0,173.24812,57.307785,0.335358,0.0,0.98425853,0.03422658
3944,479.46634,0.0,164.32202,57.307785,0.33485875,0.0,0.9859454,0.034226418
3945,452.21698,0.0,152.47363,57.307777,0.3375074,0.0,1.0092208,0.03422625
3946,537.785,0.0,170.67287,57.307766,0.3332775,0.0,0.98779714,0.03422609
3947,454.71313,0.0,148.1138,57.307743,0.34083584,0.0,0.97045857,0.03422593
3948,447.69763,0.0,158.75203,57.307724,0.3296479,0.0,0.9838884,0.034225766
3949,478.97406,0.0,165.80833,57.30773,0.34266117,0.0,0.9577868,0.034225594
3950,448.776,0.0,182.16202,57.307724,0.32546458,0.0,0.9892181,0.034225434
3951,405.38913,0.0,191.31953,57.307724,0.32997215,0.0,0.9838024,0.03422527
3952,575.28217,0.0,175.56403,57.30773,0.32903385,0.0,0.9740706,0.03422511
3953,513.2014,0.0,179.41505,57.30773,0.33272308,0.0,1.0080638,0.034224946
3954,448.23828,0.0,170.8317,57.307755,0.3373608,0.0,0.96127546,0.034224786
3955,454.90723,0.0,164.49557,57.307777,0.3237727,0.0,0.98740745,0.034224622
3956,474.21014,0.0,182.68675,57.30784,0.32048365,0.0,0.9848029,0.03422446
3957,549.8918,0.0,166.69127,57.307888,0.32553336,0.0,0.9856267,0.034224294
3958,492.3105,0.0,165.53282,57.30792,0.32772198,0.0,0.9742026,0.034224134
3959,433.3139,0.0,155.35446,57.307907,0.33427513,0.0,0.9729015,0.034223966
3960,439.22498,0.0,163.94138,57.3079,0.3298104,0.0,0.9628203,0.034223806
3961,453.8544,0.0,168.2873,57.30787,0.331039,0.0,0.9769718,0.034223642
3962,538.7086,0.0,171.17067,57.307865,0.32747823,0.0,0.98507196,0.034223475
3963,507.26566,0.0,151.36884,57.307854,0.32908896,0.0,0.9998244,0.034223314
3964,497.3332,0.0,163.16809,57.307808,0.3468019,0.0,0.990588,0.03422315
3965,518.03656,0.0,165.6522,57.307793,0.3283061,0.0,1.0025706,0.034222987
3966,450.59134,0.0,168.75438,57.307796,0.3318257,0.0,0.9802551,0.03422282
3967,506.6686,0.0,165.3664,57.307777,0.33377045,0.0,1.0083648,0.03422266
3968,418.742,0.0,177.05035,57.307724,0.3307162,0.0,0.9930724,0.034222495
3969,537.331,0.0,179.52002,57.307705,0.34217668,0.0,1.0026792,0.03422235
3970,464.657,0.0,180.52023,57.307693,0.33336863,0.0,1.0432497,0.0342222
3971,471.24615,0.0,169.18701,57.30764,0.32988602,0.0,0.9502055,0.034221925
3972,450.76328,0.0,165.54997,57.307602,0.3334486,0.0,0.96384096,0.03422188
3973,467.9463,0.0,170.12602,57.30755,0.33215046,0.0,0.9550346,0.034222007
3974,460.4142,0.0,192.81856,57.307507,0.33243543,0.0,0.9896302,0.03422225
3975,521.54816,0.0,175.23965,57.30747,0.3376801,0.0,0.97938627,0.034222577
3976,491.6387,0.0,176.55763,57.307438,0.32889238,0.0,0.99540555,0.034222946
3977,472.2436,0.0,215.59744,57.30742,0.33021316,0.0,0.98003155,0.034223337
3978,520.76416,0.0,165.62018,57.307438,0.33178768,0.0,0.97927654,0.03422374
3979,523.3036,0.0,168.22757,57.307407,0.32173327,0.0,0.9773459,0.034224138
3980,453.21796,0.0,174.30481,57.307384,0.3299676,0.0,0.9891869,0.03422451
3981,529.8601,0.0,163.22154,57.307396,0.341265,0.0,0.9927068,0.03422486
3982,521.7432,0.0,168.96326,57.307415,0.33601308,0.0,0.98737895,0.034225196
3983,525.1085,0.0,149.94348,57.307404,0.33005726,0.0,0.96765476,0.03422549
3984,487.837,0.0,166.64629,57.307373,0.33602172,0.0,0.9847126,0.034225762
3985,504.12747,0.0,155.51576,57.307304,0.33582225,0.0,0.9939501,0.034226004
3986,538.4434,0.0,170.63086,57.30723,0.33095753,0.0,0.9763428,0.034226205
3987,429.1778,0.0,164.22784,57.30717,0.32922286,0.0,0.98614615,0.03422638
3988,539.0063,0.0,171.33452,57.30709,0.3244468,0.0,0.9388055,0.034226526
3989,534.5547,0.0,177.99713,57.307034,0.33508512,0.0,0.96264035,0.034226645
3990,425.66833,0.0,162.09323,57.306995,0.34241048,0.0,0.9699548,0.034226738
3991,442.26288,0.0,168.2222,57.307026,0.3331682,0.0,0.9728241,0.0342268
3992,470.7587,0.0,168.75127,57.30705,0.33439535,0.0,0.98660785,0.03422685
3993,456.94272,0.0,162.46996,57.3071,0.34823942,0.0,0.9629705,0.034226876
3994,547.98584,0.0,174.56882,57.30709,0.3154389,0.0,0.97365326,0.03422688
3995,455.15625,0.0,180.14958,57.30708,0.3364317,0.0,1.0000807,0.034226865
3996,498.78897,0.0,163.48593,57.307137,0.3172583,0.0,0.97974014,0.034226835
3997,499.40482,0.0,158.6839,57.307167,0.33046797,0.0,0.97399735,0.03422679
3998,499.53638,0.0,167.41177,57.307213,0.3325412,0.0,0.98522747,0.034226734
3999,457.1455,0.0,158.71947,57.307285,0.33100948,0.0,0.9594668,0.034226663
4000,497.03943,0.0,170.34293,57.30733,0.33268285,0.0,0.9832416,0.03422658
4001,505.44193,0.0,198.61176,57.307316,0.33552024,0.0,0.96257716,0.034226492
4002,525.0762,0.0,151.14789,57.307293,0.34032753,0.0,0.99622345,0.034226388
4003,520.65967,0.0,172.1898,57.307335,0.33608037,0.0,0.97955525,0.03422628
4004,462.4483,0.0,163.85211,57.30733,0.33695772,0.0,1.0032583,0.034226716
4005,524.43866,0.0,179.39108,57.307392,0.31654656,0.0,0.9529493,0.034227148
4006,484.0862,0.0,160.34564,57.307487,0.3322387,0.0,0.9864953,0.034227557
4007,504.73682,0.0,160.78255,57.30758,0.33470604,0.0,0.9842554,0.034227945
4008,473.00876,0.0,155.53276,57.30762,0.33042124,0.0,0.9890058,0.034228306
4009,459.65076,0.0,158.71487,57.307644,0.32881773,0.0,0.97544163,0.034228634
4010,486.82312,0.0,174.02965,57.30766,0.32391167,0.0,0.95528084,0.034228932
4011,452.0759,0.0,156.05095,57.307693,0.33663753,0.0,0.9769081,0.034229193
4012,463.48395,0.0,179.5897,57.30775,0.3342963,0.0,1.0069762,0.034229424
4013,548.075,0.0,171.78366,57.307785,0.34242895,0.0,0.937159,0.034229625
4014,534.06244,0.0,159.2287,57.307827,0.32749,0.0,0.95360106,0.034229796
4015,558.51794,0.0,171.46803,57.3079,0.32868606,0.0,0.9710974,0.034229934
4016,494.48386,0.0,169.42493,57.308033,0.32910854,0.0,1.0381441,0.03423005
4017,453.519,0.0,150.07675,57.308186,0.33302322,0.0,0.96021676,0.034230135
4018,450.52823,0.0,169.48468,57.308315,0.32688534,0.0,0.97788036,0.0342302
4019,454.65683,0.0,160.39183,57.30839,0.32939228,0.0,0.9644595,0.034230236
4020,537.17163,0.0,153.73604,57.308453,0.3308962,0.0,0.95906293,0.034230255
4021,478.0901,0.0,167.18584,57.308525,0.34248543,0.0,0.98424304,0.034230255
4022,524.3013,0.0,154.07303,57.308582,0.32874253,0.0,0.99899584,0.034230236
4023,449.181,0.0,151.43857,57.308647,0.34282166,0.0,0.9917867,0.034230202
4024,513.1288,0.0,148.37451,57.308662,0.3340365,0.0,0.9850965,0.034230154
4025,483.94522,0.0,163.09474,57.30863,0.3445203,0.0,0.9524498,0.034230094
4026,475.8059,0.0,194.63152,57.308556,0.3268214,0.0,0.9693047,0.034230016
4027,461.0018,0.0,150.60335,57.30849,0.324301,0.0,1.0428084,0.034229934
4028,458.40714,0.0,165.02556,57.308422,0.33711365,0.0,0.9836601,0.03422983
4029,499.39886,0.0,170.93558,57.30838,0.32257757,0.0,0.9788564,0.03422973
4030,441.24445,0.0,157.15633,57.30836,0.33405468,0.0,0.97648734,0.03422962
4031,501.4758,0.0,162.38678,57.30835,0.32896924,0.0,0.9723937,0.034229495
4032,477.81854,0.0,186.82211,57.308327,0.32915238,0.0,0.94866675,0.03422937
4033,519.1658,0.0,164.20987,57.30829,0.32809085,0.0,0.97258186,0.034229234
4034,483.12622,0.0,148.86661,57.308277,0.33172747,0.0,0.9952269,0.034229096
4035,557.66705,0.0,174.751,57.308266,0.33131808,0.0,0.9835811,0.034228954
4036,543.8234,0.0,160.9064,57.308228,0.34813246,0.0,0.9531589,0.03422881
4037,541.1017,0.0,176.5836,57.30818,0.33504418,0.0,1.0100121,0.034228656
4038,423.88712,0.0,160.81598,57.308174,0.33174643,0.0,0.9905913,0.034228504
4039,553.64844,0.0,182.80334,57.308155,0.32724646,0.0,0.97117436,0.034228347
4040,450.61575,0.0,156.86469,57.308174,0.3247775,0.0,0.96604323,0.034228187
4041,559.41785,0.0,174.14919,57.308174,0.33044428,0.0,1.0643377,0.034228027
4042,513.23553,0.0,184.86664,57.308193,0.3409988,0.0,0.96312064,0.03422786
4043,487.88266,0.0,159.89346,57.308224,0.348319,0.0,0.96496135,0.034227654
4044,488.0767,0.0,153.07416,57.308247,0.33075112,0.0,0.989278,0.034227446
4045,535.0543,0.0,153.29918,57.308228,0.3382199,0.0,0.96614176,0.034227252
4046,481.99353,0.0,157.68811,57.308228,0.33335412,0.0,0.9728035,0.03422705
4047,488.29138,0.0,150.93048,57.308216,0.33020782,0.0,0.9761528,0.034226853
4048,514.8123,0.0,169.8394,57.308224,0.33397147,0.0,1.0136037,0.034226663
4049,506.658,0.0,154.09042,57.308243,0.3387699,0.0,0.9736144,0.03422647
4050,401.29837,0.0,147.2279,57.30829,0.3370414,0.0,0.9751892,0.034226276
4051,446.4413,0.0,169.66895,57.308308,0.32514092,0.0,0.9533265,0.034226086
4052,435.85135,0.0,136.75696,57.308346,0.32027206,0.0,0.9918443,0.034225896
4053,478.5004,0.0,201.0033,57.30837,0.32954004,0.0,0.9887536,0.03422571
4054,522.8466,0.0,151.11488,57.30842,0.33023813,0.0,0.97073007,0.03422552
4055,464.2157,0.0,139.08858,57.308483,0.3356903,0.0,0.9838591,0.034225337
4056,528.5361,0.0,151.01784,57.30851,0.3394832,0.0,0.9825475,0.03422515
4057,453.152,0.0,158.38983,57.308514,0.33404756,0.0,0.9954347,0.03422497
4058,438.69156,0.0,180.45744,57.30851,0.33094904,0.0,0.9691474,0.034224786
4059,486.95422,0.0,154.54932,57.308582,0.32984263,0.0,0.98256034,0.034224596
4060,494.12714,0.0,162.62549,57.308643,0.35201737,0.0,0.9560558,0.034224413
4061,496.40356,0.0,145.99641,57.308685,0.33477098,0.0,0.97972804,0.03422423
4062,508.85324,0.0,149.4753,57.30869,0.32407406,0.0,0.97344434,0.034224052
4063,524.40356,0.0,183.11565,57.30872,0.33686227,0.0,0.97929037,0.034223866
4064,447.07944,0.0,160.9306,57.30878,0.33783132,0.0,0.9948696,0.034223683
4065,559.77466,0.0,150.01138,57.30883,0.3364808,0.0,0.9947576,0.034223508
4066,450.24982,0.0,167.41171,57.30886,0.32865834,0.0,1.015516,0.03422332
4067,461.9305,0.0,152.04422,57.308884,0.32832494,0.0,0.9651192,0.034223143
4068,505.84448,0.0,160.4715,57.30891,0.3433613,0.0,0.95857114,0.03422296
4069,499.00793,0.0,164.96504,57.308945,0.3326263,0.0,1.020652,0.03422278
4070,499.1579,0.0,160.27928,57.30892,0.3261219,0.0,0.9848909,0.0342226
4071,480.29587,0.0,151.94019,57.30894,0.32809,0.0,0.97549987,0.034222424
4072,517.7456,0.0,184.19485,57.30892,0.32906243,0.0,0.9606302,0.034222245
4073,510.53455,0.0,139.28494,57.30891,0.3354219,0.0,0.97551155,0.034222063
4074,500.01178,0.0,153.51445,57.3089,0.3287733,0.0,0.9827962,0.03422188
4075,458.45718,0.0,168.85269,57.30889,0.33423376,0.0,0.9786209,0.034221705
4076,425.7567,0.0,184.62868,57.30889,0.32389432,0.0,0.9682856,0.034221526
4077,477.04413,0.0,149.43587,57.308872,0.34773058,0.0,0.9678515,0.034221347
4078,493.0373,0.0,166.05363,57.308872,0.33122835,0.0,0.9664897,0.034221176
4079,483.82678,0.0,196.28831,57.3089,0.32741442,0.0,0.9647217,0.034220994
4080,470.21835,0.0,162.64635,57.308945,0.33124405,0.0,0.97562623,0.03422082
4081,464.24704,0.0,155.12526,57.309086,0.33090577,0.0,0.97289723,0.034220636
4082,471.11328,0.0,162.53487,57.30921,0.3220883,0.0,0.9917451,0.03422046
4083,470.29868,0.0,168.02948,57.309303,0.3356024,0.0,0.98020107,0.034220282
4084,402.59842,0.0,157.74416,57.309334,0.33046272,0.0,0.9509055,0.034220107
4085,492.85767,0.0,170.41908,57.309372,0.33726385,0.0,1.0024589,0.034219928
4086,520.58435,0.0,159.52383,57.309372,0.34565282,0.0,0.9674445,0.034219757
4087,502.50864,0.0,172.26599,57.30936,0.32875833,0.0,0.998613,0.034219578
4088,533.90753,0.0,161.95723,57.309353,0.33883095,0.0,0.96733576,0.034219403
4089,474.31946,0.0,160.7281,57.309353,0.33697966,0.0,0.93100935,0.034219228
4090,407.01254,0.0,169.43816,57.309322,0.32244137,0.0,0.9814922,0.03421905
4091,502.1857,0.0,154.96935,57.309227,0.34257013,0.0,0.97854054,0.034218874
4092,473.17136,0.0,202.00864,57.30917,0.33331567,0.0,0.96337813,0.034220237
4093,492.5875,0.0,157.75015,57.30911,0.32560462,0.0,0.9744424,0.034221694
4094,464.4703,0.0,196.87483,57.309105,0.3344261,0.0,0.95122933,0.0342232
4095,482.8852,0.0,154.04103,57.309086,0.3359748,0.0,0.9478732,0.034224696
4096,513.38324,0.0,178.80052,57.309055,0.324511,0.0,0.9792281,0.034226157
4097,519.8486,0.0,189.58685,57.309093,0.32354552,0.0,0.9786663,0.034227565
4098,453.05792,0.0,176.42314,57.309097,0.339762,0.0,0.9798917,0.034228902
4099,512.0026,0.0,158.38208,57.309074,0.3295227,0.0,0.98880184,0.034230154
4100,471.05725,0.0,204.94402,57.30908,0.33017698,0.0,0.970666,0.03423132
4101,518.6189,0.0,189.84303,57.309048,0.3351696,0.0,0.9686007,0.034232397
4102,499.26575,0.0,202.79126,57.309025,0.3358804,0.0,0.9832802,0.03423338
4103,501.5073,0.0,167.99484,57.309013,0.32739377,0.0,1.001937,0.034234274
4104,520.9901,0.0,177.72598,57.30899,0.33087957,0.0,0.9848334,0.034235083
4105,460.3375,0.0,158.93782,57.309002,0.32783324,0.0,0.9514627,0.03423581
4106,453.15857,0.0,184.18886,57.308994,0.3319563,0.0,0.9714878,0.034236457
4107,510.91513,0.0,167.61693,57.308994,0.32993925,0.0,0.9763837,0.03423703
4108,484.22067,0.0,185.70638,57.309017,0.32692266,0.0,0.981288,0.034237534
4109,538.8896,0.0,186.83806,57.309048,0.3415587,0.0,0.9731327,0.03423797
4110,554.6861,0.0,149.63162,57.309097,0.3280369,0.0,0.9979883,0.034238353
4111,480.51627,0.0,160.98076,57.309124,0.3333299,0.0,0.9955617,0.03423868
4112,502.7159,0.0,198.18884,57.30917,0.32804567,0.0,0.9788823,0.03423896
4113,461.84732,0.0,197.7507,57.30926,0.32700476,0.0,0.97063893,0.034239188
4114,472.33334,0.0,191.20566,57.3093,0.33573082,0.0,0.9922508,0.034239374
4115,507.37448,0.0,180.20839,57.30931,0.33746022,0.0,0.96894366,0.034239523
4116,492.25806,0.0,161.04889,57.30928,0.3380026,0.0,0.9781858,0.03423964
4117,526.73975,0.0,179.92029,57.30924,0.32714623,0.0,0.97123224,0.034239717
4118,466.2836,0.0,176.7627,57.309227,0.33038062,0.0,0.95079994,0.034239773
4119,496.5853,0.0,141.2627,57.30923,0.33082604,0.0,0.9947202,0.034239795
4120,515.34656,0.0,168.35938,57.30923,0.33066693,0.0,0.97223014,0.03423982
4121,459.43365,0.0,156.90387,57.30925,0.34034184,0.0,1.0048996,0.034239825
4122,572.2755,0.0,182.61365,57.30927,0.33397987,0.0,0.9648767,0.034239803
4123,431.70386,0.0,176.68515,57.3093,0.3294256,0.0,0.99308676,0.03423976
4124,419.9955,0.0,200.91243,57.30926,0.32566947,0.0,0.95966846,0.034239706
4125,473.2837,0.0,163.75313,57.30924,0.33620623,0.0,0.95179635,0.034239642
4126,483.1818,0.0,202.5654,57.309242,0.32927024,0.0,0.9780556,0.034239557
4127,463.59586,0.0,140.64713,57.309258,0.33093223,0.0,0.96342427,0.034239456
4128,480.3257,0.0,146.4142,57.309258,0.33273646,0.0,1.0037725,0.03423935
4129,482.6263,0.0,196.3792,57.309273,0.33598003,0.0,0.9776049,0.034239233
4130,518.2271,0.0,167.88477,57.309273,0.33105996,0.0,0.94658065,0.034239106
4131,474.4259,0.0,154.70244,57.30928,0.32281843,0.0,0.9678524,0.034238975
4132,482.20535,0.0,165.04741,57.30932,0.3314195,0.0,0.9821876,0.034238834
4133,450.52133,0.0,147.52213,57.30939,0.33425686,0.0,0.99657744,0.034238685
4134,448.02603,0.0,155.58675,57.309483,0.327045,0.0,0.994466,0.034238532
4135,456.7908,0.0,175.45554,57.309544,0.32491675,0.0,0.97165436,0.034238372
4136,438.02084,0.0,196.10814,57.309586,0.33544815,0.0,0.98739016,0.034238208
4137,524.1361,0.0,157.65802,57.309616,0.34026486,0.0,0.97429895,0.034238044
4138,486.23328,0.0,183.11946,57.30968,0.32566035,0.0,0.9832268,0.034237873
4139,471.9886,0.0,168.37762,57.309753,0.33850887,0.0,0.99295247,0.034237698
4140,548.3913,0.0,159.44376,57.309822,0.33563557,0.0,0.98339236,0.034238122
4141,469.8207,0.0,168.85275,57.309887,0.33043697,0.0,0.97214824,0.034239702
4142,452.1703,0.0,175.46486,57.309914,0.33378983,0.0,0.9725003,0.03424208
4143,523.7853,0.0,161.59003,57.309937,0.32767844,0.0,0.9933999,0.034245003
4144,513.7366,0.0,179.01323,57.309975,0.34026566,0.0,0.9550434,0.034248255
4145,461.6137,0.0,185.56728,57.309998,0.332901,0.0,0.9596524,0.034251682
4146,512.52203,0.0,162.94255,57.31002,0.33596686,0.0,0.9609798,0.034255173
4147,466.9621,0.0,148.87218,57.31006,0.3337214,0.0,0.9777359,0.034258634
4148,509.55774,0.0,170.77702,57.31008,0.33867556,0.0,0.97786343,0.034262005
4149,475.91663,0.0,174.95831,57.310066,0.3306776,0.0,0.9776672,0.03426524
4150,430.32388,0.0,170.39081,57.31005,0.33464038,0.0,0.9711454,0.034268305
4151,444.97937,0.0,153.27304,57.31008,0.3486382,0.0,0.9734873,0.03427118
4152,481.96353,0.0,168.15433,57.310123,0.3422481,0.0,0.9638387,0.034273863
4153,464.97916,0.0,158.00316,57.3102,0.33394346,0.0,0.99951935,0.034276344
4154,462.18616,0.0,165.45137,57.310276,0.34103227,0.0,0.9433301,0.03427863
4155,464.39276,0.0,161.45319,57.310364,0.33926454,0.0,0.98365337,0.034280725
4156,530.9267,0.0,170.32513,57.310448,0.33441937,0.0,0.97935534,0.03428262
4157,484.5669,0.0,142.1233,57.31052,0.34109446,0.0,0.97437644,0.034284353
4158,468.92435,0.0,184.92503,57.31056,0.33708298,0.0,0.9972771,0.034285907
4159,503.01965,0.0,180.56992,57.31058,0.32441303,0.0,0.9557523,0.0342873
4160,481.62482,0.0,157.99911,57.310623,0.34529272,0.0,0.9725454,0.034288548
4161,508.36768,0.0,171.93646,57.310696,0.32893655,0.0,0.9860353,0.03428966
4162,482.70844,0.0,152.46165,57.310787,0.3384817,0.0,0.96186244,0.034290645
4163,485.1579,0.0,164.54083,57.310825,0.3345875,0.0,0.97933084,0.03429151
4164,499.08597,0.0,167.20027,57.31085,0.33496925,0.0,0.9946934,0.03429227
4165,459.86868,0.0,174.79453,57.31087,0.33503097,0.0,0.9910366,0.03429293
4166,478.24307,0.0,191.7996,57.310886,0.33176243,0.0,0.994651,0.0342935
4167,465.63306,0.0,176.68597,57.31092,0.3338296,0.0,0.96651965,0.034293983
4168,483.82584,0.0,173.9027,57.31097,0.33671325,0.0,0.96409,0.0342944
4169,512.1135,0.0,152.62369,57.311066,0.34219658,0.0,0.9627284,0.034294747
4170,510.7873,0.0,174.39915,57.311157,0.335986,0.0,1.0039482,0.034295026
4171,446.09232,0.0,201.3281,57.31126,0.33500686,0.0,0.96324587,0.03429525
4172,454.7012,0.0,156.80264,57.311348,0.33444193,0.0,0.98616385,0.03429543
4173,505.63455,0.0,169.1875,57.311424,0.3233167,0.0,0.95412785,0.034295563
4174,482.55475,0.0,183.51927,57.311512,0.33429193,0.0,0.977984,0.03429294
4175,492.35812,0.0,169.52574,57.31159,0.32445812,0.0,0.93659693,0.03429202
4176,459.53946,0.0,181.16002,57.311687,0.33521682,0.0,0.9622547,0.034292433
4177,483.71152,0.0,166.58961,57.311813,0.336258,0.0,0.9701172,0.034294296
4178,455.54224,0.0,189.91077,57.311935,0.34066918,0.0,0.98428535,0.034297176
4179,460.16617,0.0,163.40019,57.312035,0.33325568,0.0,1.0232168,0.034300964
4180,464.60806,0.0,170.18973,57.31216,0.3480279,0.0,0.9869237,0.034305245
4181,532.8318,0.0,192.08942,57.31226,0.3375168,0.0,1.004849,0.034309797
4182,422.96075,0.0,171.40935,57.312325,0.33105868,0.0,0.96721584,0.034314465
4183,468.09174,0.0,174.3209,57.312428,0.33059862,0.0,0.98943,0.034319103
4184,478.39902,0.0,199.58603,57.312527,0.33760998,0.0,0.95416325,0.034323636
4185,443.66977,0.0,166.36983,57.312588,0.33905733,0.0,0.9616211,0.034328002
4186,478.15353,0.0,185.17653,57.312634,0.3334929,0.0,0.9750553,0.03433214
4187,487.3656,0.0,135.78174,57.31268,0.33731502,0.0,0.99169946,0.034336045
4188,518.3008,0.0,161.58904,57.31271,0.3521593,0.0,0.9515063,0.034339692
4189,498.5166,0.0,184.52713,57.312794,0.32918105,0.0,0.9808056,0.034343068
4190,450.25443,0.0,188.41234,57.312885,0.3366161,0.0,0.98527527,0.034346182
4191,509.0776,0.0,159.54343,57.312958,0.3344321,0.0,0.97157264,0.034349035
4192,480.84933,0.0,157.39163,57.31301,0.3357668,0.0,0.9657017,0.034351643
4193,474.43857,0.0,187.21318,57.31306,0.33284375,0.0,1.0002131,0.034354
4194,433.98615,0.0,185.26534,57.313103,0.3356747,0.0,0.9561891,0.03435614
4195,432.50058,0.0,158.05736,57.31312,0.33197498,0.0,0.9820291,0.034358066
4196,485.0986,0.0,171.7579,57.313175,0.34203568,0.0,0.9864859,0.03435979
4197,549.2223,0.0,163.80771,57.313213,0.34168944,0.0,0.98733294,0.03436133
4198,432.25507,0.0,170.26646,57.313217,0.32953376,0.0,0.9726078,0.0343627
4199,445.69778,0.0,166.96431,57.313255,0.33324158,0.0,1.0057853,0.03436391
4200,479.68872,0.0,170.74312,57.313213,0.3365667,0.0,0.9444655,0.034364976
4201,482.8656,0.0,184.31989,57.31311,0.32960942,0.0,0.9764384,0.034365907
4202,484.01776,0.0,158.39534,57.313038,0.33906096,0.0,0.9635737,0.03436672
4203,427.83414,0.0,160.883,57.31294,0.3457866,0.0,0.9860283,0.034367424
4204,481.15677,0.0,179.73538,57.312874,0.3382385,0.0,0.9548154,0.03436802
4205,448.57272,0.0,158.63196,57.312794,0.34020177,0.0,0.96323025,0.034368534
4206,434.89093,0.0,154.10437,57.312733,0.32817173,0.0,0.98051476,0.03436896
4207,470.322,0.0,169.75302,57.312664,0.34268293,0.0,0.9838653,0.03436931
4208,421.28757,0.0,138.44241,57.31259,0.3135386,0.0,0.98074275,0.034369588
4209,454.44034,0.0,144.7973,57.312546,0.3411335,0.0,0.9625437,0.034369808
4210,508.37198,0.0,170.17291,57.312496,0.3495836,0.0,0.9530893,0.034369975
4211,494.6726,0.0,162.13751,57.312508,0.33527246,0.0,0.9579791,0.03437009
4212,468.8903,0.0,158.48035,57.31253,0.3396459,0.0,0.99529344,0.03437016
4213,490.3548,0.0,155.81372,57.312557,0.34275633,0.0,0.9638345,0.03437019
4214,514.7183,0.0,165.8807,57.3126,0.33057663,0.0,0.9782622,0.034370188
4215,487.22623,0.0,153.13959,57.312622,0.3401891,0.0,1.0033504,0.034370147
4216,513.3282,0.0,167.483,57.31264,0.3397416,0.0,0.9564329,0.034370076
4217,481.33963,0.0,151.65506,57.31269,0.32634348,0.0,0.95986986,0.034369987
4218,490.44815,0.0,153.00273,57.31274,0.34015906,0.0,0.9574697,0.03436987
4219,500.61975,0.0,159.82782,57.31275,0.33631825,0.0,0.9583042,0.034369733
4220,434.1649,0.0,204.40535,57.312798,0.33334604,0.0,0.95746475,0.034369577
4221,464.6511,0.0,177.30748,57.312828,0.33398464,0.0,0.9613202,0.03436941
4222,493.73926,0.0,168.53757,57.312813,0.34238586,0.0,0.9693581,0.03436922
4223,460.57022,0.0,138.53548,57.312756,0.3305191,0.0,0.9600652,0.034369018
4224,456.77094,0.0,165.6447,57.312733,0.3363189,0.0,0.9626368,0.034368806
4225,514.78455,0.0,151.68509,57.31271,0.3269232,0.0,0.9928412,0.034368586
4226,483.19138,0.0,166.09227,57.312695,0.33254692,0.0,0.96025795,0.03436836
4227,466.4991,0.0,204.18066,57.312763,0.34407422,0.0,0.9520443,0.034368116
4228,461.3848,0.0,162.49544,57.312847,0.33764264,0.0,0.9476915,0.034367874
4229,475.99567,0.0,155.5563,57.312927,0.3334636,0.0,0.96117747,0.03436762
4230,475.53787,0.0,143.75212,57.31298,0.34363595,0.0,0.983941,0.034367364
4231,450.60587,0.0,160.4819,57.313023,0.33978602,0.0,0.99094635,0.034367096
4232,450.10645,0.0,167.45775,57.313072,0.34179974,0.0,0.9875043,0.03436683
4233,474.9848,0.0,155.79616,57.313126,0.32831034,0.0,1.024963,0.034366567
4234,491.46146,0.0,164.52821,57.31314,0.32323384,0.0,0.96929216,0.034366135
4235,445.68375,0.0,181.76158,57.31314,0.34247848,0.0,0.97577643,0.03436572
4236,491.87628,0.0,148.25978,57.31314,0.33222753,0.0,0.96828216,0.034365326
4237,509.42584,0.0,163.80704,57.313126,0.32879427,0.0,1.0007743,0.03436494
4238,456.71432,0.0,158.78352,57.313145,0.34108615,0.0,0.9814139,0.034364574
4239,520.0155,0.0,195.09143,57.31314,0.33370075,0.0,0.97466964,0.034364205
4240,526.066,0.0,148.72426,57.3131,0.34332278,0.0,0.94442904,0.034363855
4241,501.10785,0.0,145.56706,57.31311,0.32738343,0.0,0.9744862,0.03436351
4242,495.2487,0.0,175.8656,57.31312,0.33849818,0.0,0.95841914,0.034363173
4243,482.9951,0.0,183.8543,57.313152,0.3362644,0.0,0.9698116,0.03436284
4244,511.0959,0.0,237.43625,57.313194,0.33370712,0.0,0.9697768,0.034362517
4245,466.73285,0.0,160.52986,57.313274,0.34178752,0.0,0.9763784,0.034362197
4246,419.65762,0.0,153.80533,57.31336,0.33581638,0.0,1.0113918,0.03436188
4247,487.73737,0.0,169.58298,57.31341,0.3292197,0.0,0.955366,0.034361128
4248,451.06424,0.0,169.14192,57.31346,0.3288747,0.0,0.97230506,0.034360636
4249,455.20377,0.0,187.3195,57.31354,0.3281634,0.0,0.97523564,0.03436034
4250,508.185,0.0,186.79541,57.313602,0.33661675,0.0,0.9631761,0.034360196
4251,543.90704,0.0,156.64737,57.313614,0.3419555,0.0,0.9547671,0.03436014
4252,554.38477,0.0,158.74167,57.31362,0.3351384,0.0,0.97187155,0.034360163
4253,467.05264,0.0,166.46556,57.313656,0.32591107,0.0,0.99534744,0.03436023
4254,571.45807,0.0,145.97644,57.31368,0.32982272,0.0,0.9638059,0.034360327
4255,463.34357,0.0,168.40666,57.313663,0.32808527,0.0,0.9961449,0.03436043
4256,454.85367,0.0,187.67459,57.313675,0.33099148,0.0,1.0014507,0.03436054
4257,486.82852,0.0,198.78145,57.313686,0.3383117,0.0,0.98630613,0.03436064
4258,466.3769,0.0,146.6015,57.313705,0.32760322,0.0,0.9792402,0.03436073
4259,513.4991,0.0,144.57997,57.313717,0.3376018,0.0,0.98249984,0.034360804
4260,506.79694,0.0,173.3422,57.31373,0.34078234,0.0,0.980129,0.03436086
4261,519.73236,0.0,143.15768,57.313736,0.33448994,0.0,0.985224,0.034360893
4262,439.63858,0.0,156.43723,57.31373,0.31660125,0.0,0.9574933,0.034360915
4263,575.8318,0.0,161.52591,57.31373,0.3365492,0.0,0.990781,0.034360908
4264,486.2676,0.0,148.1812,57.31374,0.3363191,0.0,0.9780235,0.034360886
4265,488.01315,0.0,178.67557,57.313786,0.33256367,0.0,0.9628969,0.03436084
4266,524.5464,0.0,177.5306,57.31385,0.3432248,0.0,0.9804462,0.03436078
4267,491.39517,0.0,143.02718,57.31387,0.34095815,0.0,0.97109795,0.034360703
4268,542.96716,0.0,153.47731,57.31386,0.34044915,0.0,0.9872331,0.034360606
4269,454.74557,0.0,168.18735,57.31388,0.332839,0.0,0.99605775,0.034360494
4270,493.81955,0.0,152.02063,57.31395,0.3349963,0.0,0.988614,0.034360364
4271,533.82794,0.0,178.16592,57.31401,0.33100644,0.0,0.95763195,0.03436023
4272,432.97037,0.0,182.42201,57.314003,0.33039588,0.0,1.010562,0.034360077
4273,427.01428,0.0,147.57437,57.313984,0.33803514,0.0,1.0031693,0.034359917
4274,464.1625,0.0,177.16656,57.314022,0.33224,0.0,0.9947992,0.034359746
4275,476.17355,0.0,142.39886,57.314045,0.33354932,0.0,1.0000786,0.034359567
4276,483.47787,0.0,185.98317,57.314037,0.3456652,0.0,0.99913174,0.034359377
4277,455.2657,0.0,166.01582,57.314014,0.33563632,0.0,0.96288043,0.034359183
4278,484.67667,0.0,170.88477,57.314003,0.33792755,0.0,1.0014303,0.03435898
4279,470.61414,0.0,164.39769,57.31401,0.32919076,0.0,0.98845154,0.03435877
4280,461.6832,0.0,174.99573,57.31401,0.3248479,0.0,0.9439197,0.034358554
4281,432.1249,0.0,146.92784,57.314014,0.33825982,0.0,0.97705674,0.034358338
4282,474.65848,0.0,142.89322,57.314053,0.34438697,0.0,0.9942824,0.034358114
4283,506.28748,0.0,153.93292,57.314095,0.33408383,0.0,0.98787254,0.034357887
4284,478.09473,0.0,153.53052,57.314125,0.33668563,0.0,1.0058149,0.03435766
4285,548.653,0.0,136.79912,57.314148,0.34743494,0.0,0.95896846,0.03435743
4286,555.2239,0.0,201.51692,57.314167,0.3346548,0.0,0.97293943,0.034357194
4287,505.8246,0.0,139.24725,57.314148,0.33172435,0.0,0.990757,0.03435696
4288,500.8647,0.0,182.34235,57.314117,0.3356407,0.0,0.96339947,0.034356717
4289,495.42102,0.0,156.64677,57.314167,0.3439339,0.0,0.9756869,0.034356475
4290,466.92426,0.0,146.86131,57.31422,0.33598787,0.0,1.0215856,0.034356233
4291,482.45227,0.0,179.66792,57.31426,0.33472416,0.0,0.98213893,0.03435599
4292,507.68814,0.0,190.68828,57.31427,0.33217043,0.0,0.98788756,0.03435575
4293,475.6741,0.0,180.28447,57.31429,0.33794153,0.0,0.97523737,0.034355506
4294,445.6357,0.0,158.52797,57.31431,0.3298432,0.0,0.9723438,0.034355264
4295,500.78806,0.0,157.90703,57.31427,0.33243474,0.0,0.9734024,0.034355015
4296,460.43417,0.0,145.72487,57.31424,0.3371196,0.0,0.97624445,0.034354772
4297,481.11508,0.0,169.0296,57.314217,0.32634988,0.0,0.9609459,0.034354527
4298,465.6905,0.0,178.81839,57.314175,0.34427288,0.0,0.99506277,0.03435428
4299,467.68707,0.0,164.40387,57.31413,0.34398678,0.0,0.996165,0.034354035
4300,458.4511,0.0,161.0419,57.314144,0.3377958,0.0,0.97248346,0.034353793
4301,482.33746,0.0,173.2272,57.314186,0.33882418,0.0,0.9684031,0.034353547
4302,484.33566,0.0,163.84145,57.314217,0.3409846,0.0,0.96816534,0.0343533
4303,480.9432,0.0,148.07646,57.3142,0.3307733,0.0,0.97334176,0.03435306
4304,467.86026,0.0,142.75114,57.314186,0.3367073,0.0,0.9917194,0.034352813
4305,485.38828,0.0,171.13365,57.31416,0.33754826,0.0,0.9663911,0.03435257
4306,438.18524,0.0,172.2217,57.314175,0.33337787,0.0,0.97448844,0.034352325
4307,507.082,0.0,175.50008,57.314228,0.33039805,0.0,0.9915758,0.03435209
4308,532.50964,0.0,193.88756,57.31428,0.3362769,0.0,0.96171695,0.034351844
4309,491.88196,0.0,163.2067,57.314312,0.32426822,0.0,0.98252386,0.034351602
4310,492.18225,0.0,166.76384,57.3143,0.33529335,0.0,1.0000539,0.03435136
4311,483.68658,0.0,183.10612,57.314228,0.3247804,0.0,0.99745154,0.034351118
4312,492.17706,0.0,146.15921,57.314156,0.33128154,0.0,1.0189947,0.034350876
4313,453.45044,0.0,168.39069,57.314095,0.34545305,0.0,0.97543067,0.03435064
4314,547.1528,0.0,167.22571,57.314056,0.33848146,0.0,0.98587304,0.034350403
4315,430.61826,0.0,191.16467,57.314053,0.3273385,0.0,0.9543704,0.034350168
4316,531.83386,0.0,151.33893,57.314014,0.3256263,0.0,0.97785366,0.034349926
4317,500.9172,0.0,156.9375,57.314003,0.33307838,0.0,0.9706844,0.034349684
4318,471.27713,0.0,198.39966,57.313934,0.32817248,0.0,0.98001504,0.03434945
4319,461.89053,0.0,154.23064,57.313858,0.33043686,0.0,0.9601013,0.034349214
4320,446.99658,0.0,167.70177,57.3138,0.3297208,0.0,0.95749307,0.03434898
4321,458.48618,0.0,151.5483,57.31376,0.34260777,0.0,0.9717837,0.034348745
4322,451.90845,0.0,178.54636,57.31373,0.324474,0.0,0.95840657,0.034348514
4323,479.66504,0.0,172.43196,57.313686,0.33058253,0.0,0.9747617,0.03434828
4324,478.1441,0.0,196.6788,57.313663,0.34129444,0.0,0.95426404,0.03434805
4325,454.90085,0.0,155.76538,57.313637,0.35190514,0.0,0.95756775,0.034347814
4326,504.14157,0.0,162.08743,57.313652,0.33919188,0.0,0.9751607,0.03434758
4327,517.00476,0.0,162.00461,57.313686,0.34242323,0.0,0.9810662,0.034347057
4328,520.18,0.0,171.61871,57.31376,0.31585968,0.0,0.96986544,0.034346886
4329,496.72824,0.0,156.6914,57.313816,0.3359401,0.0,0.984722,0.03434697
4330,455.04608,0.0,182.98874,57.31385,0.32685593,0.0,0.95532227,0.03434724
4331,500.9755,0.0,168.26747,57.313892,0.3406432,0.0,0.96441257,0.03434763
4332,529.4614,0.0,160.70634,57.313923,0.34195215,0.0,0.98800683,0.034348104
4333,516.1049,0.0,151.82545,57.313923,0.3460411,0.0,0.9874396,0.03434862
4334,482.49524,0.0,176.8143,57.31391,0.3318187,0.0,0.9466015,0.034349144
4335,488.6162,0.0,173.77203,57.313953,0.33354917,0.0,0.9854733,0.03434967
4336,460.03534,0.0,154.4051,57.31399,0.33545282,0.0,0.9554639,0.03435018
4337,569.1922,0.0,179.98007,57.313995,0.33892363,0.0,1.007703,0.034350667
4338,441.24484,0.0,174.46771,57.31398,0.34229025,0.0,0.9546257,0.03435112
4339,536.83466,0.0,175.50552,57.313953,0.34025484,0.0,0.9889351,0.03435153
4340,455.34918,0.0,204.06126,57.313953,0.3366064,0.0,0.9633135,0.034351904
4341,470.09766,0.0,229.5123,57.31396,0.32573298,0.0,0.94037,0.034352235
4342,486.26047,0.0,166.03557,57.31396,0.339178,0.0,1.0050994,0.03435253
4343,449.5373,0.0,150.19867,57.313942,0.34018853,0.0,0.9905254,0.03435278
4344,501.9527,0.0,143.86314,57.31391,0.33041015,0.0,0.98066217,0.034352988
4345,474.17383,0.0,156.35373,57.313858,0.33566698,0.0,0.9466901,0.034352705
4346,577.54346,0.0,149.63283,57.313828,0.3366954,0.0,0.9907719,0.03435253
4347,534.5611,0.0,172.38129,57.313858,0.3306962,0.0,0.98079234,0.03435244
4348,480.803,0.0,155.47487,57.31384,0.33669737,0.0,0.9822314,0.034352414
4349,490.01498,0.0,154.18362,57.313843,0.3300408,0.0,0.97434783,0.034352425
4350,434.88837,0.0,159.69942,57.31387,0.33667764,0.0,0.9866857,0.034352455
4351,506.38287,0.0,172.2705,57.31384,0.34508696,0.0,0.9943446,0.0343525
4352,475.719,0.0,149.2196,57.313778,0.33060578,0.0,0.9808914,0.034352545
4353,486.11554,0.0,162.92615,57.31373,0.32340175,0.0,0.9477961,0.03435259
4354,505.11417,0.0,168.07481,57.313755,0.3316091,0.0,0.9749256,0.034352623
4355,496.10846,0.0,159.701,57.313778,0.3413222,0.0,1.018442,0.03435264
4356,485.72256,0.0,182.14427,57.313755,0.3315389,0.0,0.96954674,0.034352653
4357,499.4648,0.0,181.92871,57.31376,0.34175536,0.0,0.98971826,0.034352645
4358,497.7287,0.0,174.47813,57.313736,0.3288987,0.0,0.9878984,0.034352623
4359,482.8046,0.0,151.44595,57.31376,0.33867863,0.0,0.9701646,0.034352586
4360,455.98352,0.0,173.31421,57.3138,0.32831138,0.0,0.98584723,0.034352537
4361,507.7644,0.0,140.20639,57.31379,0.3350327,0.0,0.9874972,0.03435247
4362,465.43167,0.0,161.44508,57.31377,0.33387363,0.0,0.9632381,0.034352385
4363,546.89154,0.0,193.95651,57.31376,0.3250564,0.0,0.97580224,0.034352295
4364,458.51392,0.0,171.46338,57.313725,0.34000543,0.0,0.9899568,0.034352187
4365,536.67944,0.0,152.3505,57.313694,0.33301866,0.0,0.99935013,0.034352064
4366,453.05963,0.0,165.20932,57.313698,0.3355764,0.0,1.0046532,0.034351934
4367,476.9171,0.0,184.82234,57.31373,0.33590674,0.0,1.0165702,0.034351792
4368,540.97424,0.0,153.54552,57.313705,0.3283847,0.0,0.98738927,0.034351643
4369,491.3099,0.0,183.28403,57.313694,0.33737448,0.0,0.97699875,0.034351483
4370,525.8532,0.0,179.95511,57.313705,0.33461216,0.0,0.9893209,0.034351315
4371,491.61826,0.0,156.064,57.313736,0.3376396,0.0,0.9662745,0.03435114
4372,499.48312,0.0,181.38577,57.313766,0.32886517,0.0,0.9957392,0.03435096
4373,486.83896,0.0,170.03838,57.313766,0.33698463,0.0,1.0008873,0.03435078
4374,577.3146,0.0,161.3188,57.313717,0.32663918,0.0,0.97513086,0.03435059
4375,441.50946,0.0,171.92926,57.313686,0.3306064,0.0,0.9718452,0.034350388
4376,503.68408,0.0,154.01932,57.31368,0.3362911,0.0,0.98620844,0.034350194
4377,471.2071,0.0,147.11885,57.31368,0.331427,0.0,1.0028933,0.03434999
4378,530.8018,0.0,166.77777,57.31371,0.3321567,0.0,0.9610653,0.034349784
4379,490.82184,0.0,163.85474,57.313797,0.3336391,0.0,0.98330766,0.034349572
4380,531.79517,0.0,170.22801,57.31392,0.34614617,0.0,0.989805,0.034349363
4381,482.5428,0.0,170.9137,57.314003,0.33503506,0.0,0.9746409,0.03434915
4382,483.40723,0.0,162.09485,57.314068,0.3372813,0.0,0.96552557,0.034348935
4383,475.81464,0.0,176.74174,57.314068,0.3344777,0.0,0.98174554,0.034348723
4384,515.0412,0.0,149.71516,57.314022,0.3462782,0.0,0.9844547,0.034348503
4385,508.66064,0.0,194.46193,57.313965,0.32733962,0.0,0.9548958,0.03434829
4386,482.0416,0.0,178.42471,57.31385,0.3347304,0.0,0.9739592,0.034348063
4387,487.36215,0.0,152.3404,57.313755,0.3361499,0.0,0.9849748,0.034347843
4388,474.62506,0.0,155.35199,57.31368,0.3439556,0.0,0.99177676,0.034347624
4389,455.25647,0.0,188.49806,57.313637,0.3290458,0.0,0.9942566,0.0343474
4390,497.80435,0.0,155.72919,57.313637,0.33692163,0.0,1.0091358,0.03434718
4391,488.93063,0.0,164.35838,57.313583,0.33893636,0.0,1.0004226,0.034346957
4392,501.7147,0.0,176.17,57.313564,0.3225992,0.0,0.94458455,0.034346737
4393,513.8812,0.0,174.11894,57.31356,0.33872357,0.0,0.9774823,0.034346506
4394,473.15158,0.0,166.3616,57.313553,0.33434546,0.0,0.9935067,0.034346286
4395,527.64874,0.0,167.3104,57.313572,0.33671814,0.0,0.952023,0.034346066
4396,505.48306,0.0,154.07907,57.31356,0.33834413,0.0,0.9779883,0.034345843
4397,504.1889,0.0,172.21735,57.313534,0.3322731,0.0,1.0044535,0.034345623
4398,455.6678,0.0,182.93924,57.313503,0.34035942,0.0,0.97865653,0.0343454
4399,480.40765,0.0,172.99019,57.31348,0.32785523,0.0,0.9808262,0.03434518
4400,513.03687,0.0,158.06454,57.31351,0.3349085,0.0,0.9425139,0.034344956
4401,483.48196,0.0,156.8522,57.31356,0.3335288,0.0,0.9892799,0.034344736
4402,490.48727,0.0,178.09848,57.313614,0.34048954,0.0,0.9402783,0.034344517
4403,486.83276,0.0,167.30783,57.313633,0.33577245,0.0,0.9728171,0.034344293
4404,422.21765,0.0,193.61728,57.313694,0.32936954,0.0,0.9674557,0.034344077
4405,491.97406,0.0,169.0988,57.313786,0.33515787,0.0,0.96671844,0.034343857
4406,514.29364,0.0,185.636,57.313858,0.32907143,0.0,0.9874378,0.034343626
4407,504.8932,0.0,167.85898,57.313904,0.3387565,0.0,1.0105106,0.034343395
4408,479.08365,0.0,175.0728,57.31393,0.3374692,0.0,0.9979257,0.034343164
4409,481.5398,0.0,170.19385,57.313923,0.3280037,0.0,0.96697503,0.03434295
4410,493.94373,0.0,148.40614,57.31391,0.3379579,0.0,0.9748849,0.03434273
4411,464.44754,0.0,170.84258,57.31389,0.33719823,0.0,0.95758045,0.034342505
4412,498.12558,0.0,165.10114,57.31391,0.34066337,0.0,0.9920297,0.034342293
4413,493.66458,0.0,196.70424,57.313923,0.33601576,0.0,0.96874744,0.034342073
4414,510.63058,0.0,183.58792,57.313972,0.33471423,0.0,0.96611,0.03434186
4415,491.908,0.0,155.46387,57.313965,0.33879057,0.0,0.9727487,0.034341644
4416,439.8036,0.0,194.1275,57.31396,0.33470026,0.0,0.9974481,0.034341432
4417,446.30176,0.0,185.08826,57.31401,0.33974975,0.0,0.99536604,0.03434122
4418,532.46814,0.0,174.5903,57.314083,0.3366375,0.0,1.0024573,0.034341007
4419,480.56012,0.0,147.24101,57.31418,0.34549052,0.0,0.99951196,0.034340795
4420,420.4336,0.0,152.66586,57.31426,0.33756202,0.0,0.9762025,0.034340587
4421,523.9557,0.0,162.21205,57.314293,0.34055483,0.0,0.95786715,0.034340374
4422,498.17184,0.0,165.10611,57.31429,0.34552306,0.0,0.98982644,0.034340166
4423,491.20285,0.0,154.59906,57.314228,0.3377541,0.0,0.97965086,0.034339953
4424,471.7035,0.0,175.16339,57.314186,0.34228224,0.0,0.957253,0.03433974
4425,527.24255,0.0,163.60475,57.314186,0.33975992,0.0,0.96509755,0.034339532
4426,505.74042,0.0,149.63206,57.31423,0.3455395,0.0,1.0030115,0.034339327
4427,470.79095,0.0,178.06523,57.31431,0.33383396,0.0,1.0110168,0.03433912
4428,514.0819,0.0,170.37552,57.3143,0.33074722,0.0,0.9993351,0.03433891
4429,577.037,0.0,174.06049,57.3143,0.33385602,0.0,1.0012591,0.0343387
4430,504.13962,0.0,176.26953,57.314262,0.340566,0.0,1.0126386,0.034338497
4431,448.25708,0.0,157.1487,57.31423,0.32370663,0.0,0.98306453,0.034338288
4432,448.6509,0.0,151.80576,57.314217,0.332592,0.0,0.9948701,0.034338083
4433,440.31955,0.0,161.16618,57.314228,0.33588955,0.0,0.9802129,0.03433788
4434,562.14716,0.0,179.99802,57.314247,0.33595836,0.0,0.96871644,0.03433767
4435,466.1008,0.0,167.27826,57.31431,0.32907158,0.0,0.9994132,0.034337465
4436,443.50714,0.0,159.53143,57.314392,0.33971763,0.0,0.9713707,0.03433726
4437,482.99268,0.0,173.39467,57.314476,0.34190816,0.0,0.96713394,0.03433706
4438,482.52792,0.0,210.51668,57.314587,0.34453097,0.0,0.99822944,0.034336854
4439,485.64053,0.0,176.90327,57.31465,0.3213289,0.0,0.9830672,0.034336656
4440,490.80896,0.0,160.03409,57.31472,0.3321285,0.0,0.99444085,0.034336448
4441,445.49774,0.0,161.53311,57.314754,0.3429599,0.0,0.9694992,0.034336247
4442,488.25058,0.0,173.85567,57.314762,0.33364326,0.0,0.99836046,0.034336045
4443,440.60422,0.0,187.23128,57.31473,0.3262139,0.0,0.98416543,0.03433584
4444,562.80383,0.0,152.73663,57.3147,0.33871463,0.0,0.9743408,0.034335643
4445,531.4155,0.0,161.54987,57.31467,0.33715275,0.0,0.97458684,0.034335446
4446,505.2644,0.0,159.54395,57.31466,0.33356744,0.0,0.97698975,0.034335237
4447,473.2647,0.0,170.11653,57.31469,0.3452013,0.0,1.0131019,0.03433504
4448,475.20065,0.0,159.38982,57.314728,0.344418,0.0,0.98740715,0.03433484
4449,442.55692,0.0,163.44147,57.314713,0.336582,0.0,0.97172534,0.03433464
4450,552.4059,0.0,148.2685,57.314713,0.3296199,0.0,0.9890672,0.03433444
4451,458.01834,0.0,154.8912,57.31471,0.33704585,0.0,0.9784759,0.034334242
4452,490.61105,0.0,157.93314,57.3147,0.33248788,0.0,0.99481356,0.03433405
4453,481.19193,0.0,162.119,57.314697,0.3266572,0.0,0.9670916,0.034333847
4454,560.4968,0.0,151.0744,57.314713,0.33446628,0.0,0.9849232,0.034333654
4455,440.01877,0.0,141.33844,57.31474,0.3323973,0.0,0.97044665,0.03433345
4456,486.26578,0.0,179.22157,57.314713,0.35274625,0.0,0.98798037,0.034333255
4457,507.48593,0.0,206.1525,57.31471,0.33678982,0.0,0.9789606,0.034333058
4458,452.05005,0.0,168.18965,57.314713,0.3343423,0.0,1.0010475,0.03433286
4459,470.34653,0.0,148.5785,57.31473,0.33800372,0.0,0.98591524,0.03433267
4460,494.97675,0.0,152.78622,57.314774,0.32973063,0.0,0.9877326,0.03433247
4461,512.669,0.0,177.51088,57.3148,0.33606562,0.0,0.99792886,0.03433228
4462,491.22623,0.0,172.37738,57.314842,0.33163902,0.0,0.992767,0.03433208
4463,522.95483,0.0,170.98975,57.314842,0.33539373,0.0,0.99401116,0.03433188
4464,483.2952,0.0,168.63786,57.314835,0.33440766,0.0,0.98333514,0.03433169
4465,434.54575,0.0,158.39197,57.31486,0.3462448,0.0,0.96393853,0.034331497
4466,461.5397,0.0,157.4555,57.314896,0.32857904,0.0,0.96649045,0.034331307
4467,449.64685,0.0,172.64749,57.314938,0.3483764,0.0,1.0075165,0.034331113
4468,506.69907,0.0,176.22131,57.31503,0.3381371,0.0,0.9908811,0.03433092
4469,466.68994,0.0,174.76627,57.315067,0.33403924,0.0,1.0089878,0.034330726
4470,480.0971,0.0,156.211,57.31507,0.33101267,0.0,0.9765726,0.034330543
4471,472.1534,0.0,171.12813,57.315067,0.32650134,0.0,0.95846355,0.034330353
4472,528.54865,0.0,172.84305,57.31509,0.33950347,0.0,0.97519976,0.034330167
4473,476.09674,0.0,149.45886,57.31514,0.3360808,0.0,0.96998686,0.034329984
4474,476.63467,0.0,146.25873,57.31518,0.33483887,0.0,0.9884477,0.0343298
4475,480.28403,0.0,164.63994,57.31519,0.33918694,0.0,0.9642435,0.03432961
4476,471.2376,0.0,158.27158,57.3152,0.3350075,0.0,0.98340416,0.03432943
4477,507.7504,0.0,165.55814,57.31515,0.32138804,0.0,0.95913273,0.03432924
4478,493.98016,0.0,146.30403,57.31509,0.34038237,0.0,0.9851531,0.034329057
4479,489.24408,0.0,157.04448,57.31505,0.33582917,0.0,0.9807681,0.034328878
4480,509.59116,0.0,191.13463,57.315037,0.3333461,0.0,0.973136,0.034328695
4481,452.64392,0.0,157.77335,57.31507,0.32994202,0.0,1.0028157,0.034328517
4482,482.52408,0.0,189.59657,57.31508,0.32724625,0.0,0.9919043,0.03432834
4483,441.58716,0.0,176.70569,57.315086,0.33462673,0.0,0.9639383,0.03432816
4484,487.86777,0.0,159.12744,57.315018,0.3370423,0.0,0.9775126,0.034327984
4485,482.19333,0.0,185.60345,57.314907,0.3441828,0.0,0.978245,0.034327798
4486,452.56516,0.0,177.15079,57.314804,0.3344164,0.0,0.9773747,0.03432762
4487,487.72668,0.0,167.97552,57.314713,0.3305964,0.0,0.94527864,0.034327436
4488,465.5886,0.0,161.1691,57.314636,0.3434527,0.0,0.9990131,0.034327257
4489,468.58368,0.0,178.37093,57.31462,0.33980036,0.0,0.9778933,0.03432707
4490,518.2176,0.0,171.98859,57.31456,0.33694822,0.0,0.9544426,0.034326885
4491,503.9964,0.0,156.47626,57.314518,0.33707792,0.0,0.9727323,0.034326706
4492,538.61255,0.0,163.11612,57.314487,0.3443773,0.0,0.9856932,0.034326524
4493,484.4911,0.0,187.57646,57.314514,0.33105323,0.0,1.000941,0.034326345
4494,469.6897,0.0,178.07594,57.314545,0.33959484,0.0,0.9699589,0.034326334
4495,507.63174,0.0,171.57372,57.314533,0.3396307,0.0,0.99384844,0.034326315
4496,576.538,0.0,148.19606,57.314514,0.3339054,0.0,0.98651123,0.034326285
4497,490.95044,0.0,181.95358,57.314457,0.33132216,0.0,0.9986211,0.034326244
4498,532.22363,0.0,158.47523,57.314415,0.33537033,0.0,0.98234457,0.034326196
4499,480.11713,0.0,171.70924,57.314384,0.33175996,0.0,0.9716203,0.03432614
4500,493.01306,0.0,178.75963,57.31441,0.33468336,0.0,0.9628883,0.034326073
4501,556.8198,0.0,166.94798,57.31444,0.33787206,0.0,0.95202714,0.034325995
4502,536.00726,0.0,152.33008,57.31441,0.34297472,0.0,1.0149996,0.034325913
4503,500.1894,0.0,153.04282,57.31436,0.33867577,0.0,1.0016606,0.03432582
4504,491.7235,0.0,174.89853,57.31431,0.3325938,0.0,0.96668535,0.034325715
4505,482.06573,0.0,158.64876,57.3143,0.327464,0.0,1.0352055,0.034325615
4506,524.1267,0.0,143.63661,57.314342,0.337285,0.0,0.9817312,0.034325495
4507,530.41003,0.0,184.06891,57.314384,0.34243572,0.0,0.97673786,0.03432538
4508,542.07306,0.0,175.57097,57.314426,0.33323786,0.0,0.9820403,0.034325246
4509,473.30844,0.0,161.49974,57.314445,0.33350667,0.0,0.99142504,0.03432512
4510,578.6488,0.0,166.70964,57.314476,0.33861268,0.0,0.98106587,0.03432498
4511,453.1072,0.0,176.05235,57.314503,0.33922774,0.0,0.9748623,0.034324847
4512,525.87683,0.0,161.0239,57.314503,0.33474234,0.0,1.003556,0.034324702
4513,467.51306,0.0,153.88463,57.314537,0.3437757,0.0,0.97957766,0.034324557
4514,510.4826,0.0,149.16711,57.314598,0.3391802,0.0,0.9498951,0.03432441
4515,454.53925,0.0,170.07579,57.31464,0.34198925,0.0,1.0046986,0.03432425
4516,538.01556,0.0,173.6284,57.31459,0.33356133,0.0,0.96971714,0.0343241
4517,432.25592,0.0,159.83199,57.314556,0.34504497,0.0,0.9711194,0.034323942
4518,495.19934,0.0,160.89275,57.314495,0.3248078,0.0,0.96742415,0.03432378
4519,457.30716,0.0,150.62172,57.314487,0.33253288,0.0,0.9797864,0.034323618
4520,440.65912,0.0,184.5932,57.314514,0.33581772,0.0,1.0073495,0.034323458
4521,487.92664,0.0,150.6493,57.314545,0.34616044,0.0,0.9598508,0.034323294
4522,549.729,0.0,188.65163,57.314575,0.3391511,0.0,0.95746917,0.034323126
4523,473.57303,0.0,159.68147,57.31462,0.3433367,0.0,0.9859694,0.03432296
4524,484.36365,0.0,146.85938,57.31463,0.35275537,0.0,1.0019892,0.034322787
4525,471.63538,0.0,187.77103,57.31461,0.3470405,0.0,0.9714184,0.03432262
4526,421.428,0.0,186.19815,57.31463,0.33445612,0.0,0.947414,0.03432245
4527,444.083,0.0,194.09927,57.31464,0.33906057,0.0,0.9986282,0.034322284
4528,460.28348,0.0,184.45648,57.314617,0.33001828,0.0,0.98605996,0.034322113
4529,511.99417,0.0,172.67679,57.31456,0.33855537,0.0,0.98851407,0.034321934
4530,459.47687,0.0,171.5129,57.314545,0.33505934,0.0,1.0035508,0.034321766
4531,462.34067,0.0,159.2312,57.314537,0.33718064,0.0,0.98667663,0.034321595
4532,511.7145,0.0,165.06758,57.314545,0.33061826,0.0,0.944673,0.03432142
4533,459.48346,0.0,164.18677,57.31456,0.34024557,0.0,0.98494685,0.034321245
4534,526.1354,0.0,177.43494,57.31463,0.34195396,0.0,0.97913045,0.034321073
4535,499.2823,0.0,161.05058,57.31468,0.33553526,0.0,0.97019666,0.034320902
4536,519.1418,0.0,160.11285,57.31467,0.3290409,0.0,1.002894,0.03432073
4537,499.86053,0.0,193.96695,57.31465,0.328182,0.0,0.9776359,0.034320552
4538,417.6295,0.0,162.3426,57.31467,0.3338995,0.0,0.9700357,0.034320377
4539,491.6549,0.0,175.9306,57.31472,0.3512051,0.0,0.95643425,0.0343202
4540,463.16055,0.0,166.60638,57.31478,0.34654108,0.0,0.96081126,0.03432003
4541,513.619,0.0,153.00859,57.314842,0.3281708,0.0,0.9985448,0.034319855
4542,438.28314,0.0,160.58487,57.314884,0.3432906,0.0,0.9950806,0.034319684
4543,535.80756,0.0,168.26587,57.314877,0.33935195,0.0,0.97304803,0.03431951
4544,449.0115,0.0,182.68736,57.314842,0.34286916,0.0,0.9761725,0.034319334
4545,471.60126,0.0,149.62015,57.3148,0.32467568,0.0,0.99838996,0.03431916
4546,514.4801,0.0,188.09561,57.31475,0.32193974,0.0,0.9781364,0.034318984
4547,466.1123,0.0,144.41666,57.314743,0.33634466,0.0,0.97153956,0.03431881
4548,508.17447,0.0,162.45157,57.31475,0.33762386,0.0,0.9902051,0.034318633
4549,506.5312,0.0,177.94498,57.31473,0.32418212,0.0,1.0014485,0.034318462
4550,459.45038,0.0,159.92201,57.314728,0.33584163,0.0,0.9809659,0.03431829
4551,522.39294,0.0,143.30981,57.314667,0.32732803,0.0,0.9965209,0.034318116
4552,516.9668,0.0,164.17485,57.314667,0.33195385,0.0,0.9893604,0.03431794
4553,516.6759,0.0,177.33157,57.314713,0.33794937,0.0,0.95424044,0.034317765
4554,448.4757,0.0,153.33412,57.314754,0.33895996,0.0,0.94035935,0.03431759
4555,440.68573,0.0,185.41418,57.3148,0.32989725,0.0,0.95026445,0.03431742
4556,506.39276,0.0,143.17188,57.31478,0.33057123,0.0,0.98835844,0.034317248
4557,538.5532,0.0,184.02728,57.31469,0.34446043,0.0,0.9607464,0.034317072
4558,482.99408,0.0,164.1945,57.31464,0.3421758,0.0,0.9797049,0.0343169
4559,479.3744,0.0,182.25009,57.31462,0.34451059,0.0,0.9752796,0.034316726
4560,431.58426,0.0,182.36526,57.31466,0.34566027,0.0,0.9552776,0.03431656
4561,489.66064,0.0,185.49951,57.314697,0.34578833,0.0,0.9945198,0.034316383
4562,440.83502,0.0,164.27786,57.314743,0.3366698,0.0,0.9716648,0.03431621
4563,538.3134,0.0,171.31732,57.31483,0.32766256,0.0,0.9956346,0.034316037
4564,462.1432,0.0,149.89023,57.314907,0.33824366,0.0,0.95872384,0.03431586
4565,419.8828,0.0,155.12737,57.315006,0.3346814,0.0,0.97774976,0.034315694
4566,565.3463,0.0,168.32092,57.31508,0.3360401,0.0,0.95669264,0.034315523
4567,415.04913,0.0,177.01231,57.31511,0.3457279,0.0,0.98489445,0.03431535
4568,504.69107,0.0,164.5668,57.31517,0.35472056,0.0,0.9732686,0.03431518
4569,529.24506,0.0,177.46422,57.3152,0.33416584,0.0,0.9653661,0.034315005
4570,441.14398,0.0,178.1843,57.31514,0.34370327,0.0,0.9543078,0.034314834
4571,564.1446,0.0,175.58112,57.315086,0.33120653,0.0,0.99014056,0.034314662
4572,456.1778,0.0,160.52373,57.31505,0.33938852,0.0,0.9412009,0.034314495
4573,473.3423,0.0,175.78012,57.315018,0.32843718,0.0,0.9807248,0.03431432
4574,482.39124,0.0,174.00388,57.31501,0.3348559,0.0,0.99448484,0.034314144
4575,472.17776,0.0,194.65363,57.315056,0.33826777,0.0,1.0590625,0.034313556
4576,461.32043,0.0,155.26764,57.31513,0.32398534,0.0,0.95963514,0.034313552
4577,476.7318,0.0,154.73047,57.315163,0.33606175,0.0,0.98866856,0.03431398
4578,493.34308,0.0,184.6813,57.315205,0.3305305,0.0,0.9736992,0.03431471
4579,457.12057,0.0,161.22784,57.315254,0.332433,0.0,0.9623277,0.034315642
4580,437.79297,0.0,187.38173,57.315292,0.33596674,0.0,0.9710009,0.0343167
4581,446.21176,0.0,174.91426,57.315365,0.345655,0.0,0.98353916,0.034317825
4582,459.491,0.0,154.57698,57.315414,0.34045517,0.0,0.9785531,0.034318984
4583,574.5375,0.0,191.98067,57.31545,0.32638103,0.0,0.9602393,0.034320123
4584,476.23105,0.0,157.08429,57.31552,0.3345087,0.0,0.9618384,0.03432124
4585,487.88022,0.0,164.06612,57.315582,0.32493418,0.0,0.9787511,0.034322303
4586,503.81567,0.0,173.84781,57.315636,0.33654165,0.0,0.9829988,0.034323312
4587,482.5003,0.0,172.27873,57.315693,0.3424661,0.0,1.0055453,0.034324255
4588,471.77567,0.0,174.31673,57.315754,0.32713497,0.0,0.9933745,0.03432513
4589,435.41302,0.0,173.05818,57.315804,0.33875683,0.0,0.9610734,0.034325927
4590,433.62122,0.0,149.26996,57.315804,0.33795908,0.0,1.0326594,0.034326654
4591,527.45245,0.0,169.43158,57.315765,0.3315027,0.0,0.983049,0.0343261
4592,434.9907,0.0,181.41489,57.315758,0.3259003,0.0,0.98710275,0.034326024
4593,467.1906,0.0,158.90967,57.315784,0.333641,0.0,0.9648837,0.0343263
4594,483.54178,0.0,168.4992,57.315807,0.33853874,0.0,1.001563,0.034326814
4595,541.4731,0.0,206.43787,57.31583,0.32048792,0.0,0.95045495,0.034327492
4596,452.7985,0.0,185.03857,57.315826,0.32730502,0.0,0.9788962,0.034328274
4597,455.21707,0.0,162.04584,57.315815,0.33054993,0.0,0.9747779,0.03432911
4598,488.72015,0.0,165.68115,57.315838,0.33197686,0.0,0.9738257,0.03432997
4599,489.32767,0.0,147.13171,57.31589,0.33532426,0.0,1.0213289,0.034330823
4600,497.85583,0.0,181.36588,57.31597,0.33030757,0.0,0.96674764,0.034331653
4601,492.62656,0.0,158.77304,57.316044,0.33203056,0.0,0.98666,0.03433244
4602,495.99808,0.0,197.19751,57.3161,0.33818027,0.0,0.9582277,0.034333184
4603,473.10214,0.0,161.42543,57.316154,0.32863748,0.0,0.9764216,0.03433387
4604,499.40942,0.0,156.05424,57.316208,0.332708,0.0,0.9815562,0.034334503
4605,485.53098,0.0,151.25778,57.316277,0.3398648,0.0,0.97061235,0.034335077
4606,448.60803,0.0,194.86598,57.316326,0.32473603,0.0,0.9808033,0.034335595
4607,432.01254,0.0,173.1862,57.3164,0.3455758,0.0,0.98182464,0.034336053
4608,465.9936,0.0,157.67038,57.31646,0.32286668,0.0,0.99079996,0.034336455
4609,445.45703,0.0,150.62251,57.316494,0.3318,0.0,0.9753245,0.034336817
4610,551.4024,0.0,183.85472,57.316605,0.3430021,0.0,0.9601051,0.03433712
4611,527.6416,0.0,173.55627,57.316658,0.33330548,0.0,0.9646676,0.03433738
4612,508.63712,0.0,179.78677,57.31667,0.3282612,0.0,0.96820956,0.034337595
4613,516.0313,0.0,190.04027,57.31671,0.3424741,0.0,0.9551511,0.03433777
4614,490.97696,0.0,218.96895,57.316742,0.3361452,0.0,0.9572291,0.03433791
4615,500.46573,0.0,156.32545,57.3167,0.32754174,0.0,0.97173893,0.03433802
4616,525.6672,0.0,186.17854,57.316647,0.33423713,0.0,0.97609484,0.034338098
4617,506.99945,0.0,177.22617,57.316597,0.32930544,0.0,0.9949552,0.034338146
4618,474.27402,0.0,165.37215,57.316525,0.32404175,0.0,1.0045395,0.03433817
4619,468.253,0.0,174.5111,57.316414,0.32697296,0.0,0.9715904,0.03433817
4620,474.02084,0.0,181.57591,57.316296,0.33857474,0.0,0.9628728,0.034338143
4621,489.10117,0.0,174.96599,57.31613,0.3290837,0.0,0.9619326,0.03433811
4622,508.8155,0.0,164.54001,57.315968,0.33443686,0.0,1.0000774,0.03433805
4623,565.8473,0.0,156.47148,57.31589,0.33372808,0.0,0.9832184,0.034337975
4624,486.4149,0.0,171.57199,57.31583,0.3322468,0.0,0.9549776,0.034337886
4625,550.1881,0.0,159.46599,57.315765,0.32621557,0.0,0.97307825,0.034337785
4626,477.1678,0.0,134.81732,57.315693,0.33648804,0.0,0.99069977,0.03433767
4627,499.86377,0.0,153.39343,57.315563,0.33160776,0.0,0.9835297,0.03433755
4628,510.56372,0.0,157.23929,57.315426,0.33634534,0.0,0.94440424,0.03433742
4629,466.47473,0.0,153.24826,57.315315,0.3274925,0.0,0.9412754,0.034337275
4630,556.22424,0.0,172.23276,57.315235,0.3417144,0.0,0.9794179,0.03433713
4631,476.68298,0.0,162.33083,57.31513,0.3415799,0.0,0.95288694,0.034336977
4632,462.17188,0.0,172.49326,57.315025,0.33408806,0.0,1.0556778,0.034336813
4633,449.32263,0.0,168.06825,57.314945,0.3332205,0.0,0.96974945,0.034336653
4634,494.53574,0.0,165.8637,57.314854,0.32879442,0.0,0.9687267,0.03433648
4635,449.08054,0.0,192.1142,57.314762,0.33403817,0.0,0.97428244,0.03433631
4636,468.7386,0.0,175.3194,57.31469,0.3370229,0.0,0.973776,0.03433613
4637,433.0481,0.0,185.8378,57.314598,0.32515213,0.0,0.99826264,0.034335956
4638,492.48337,0.0,176.64328,57.31459,0.33983162,0.0,0.9641717,0.03433577
4639,465.80948,0.0,191.8147,57.314587,0.33748224,0.0,0.98538727,0.034335587
4640,455.12698,0.0,174.46709,57.314568,0.33498266,0.0,0.97890306,0.034335397
4641,483.012,0.0,181.09216,57.31458,0.32822442,0.0,0.9698926,0.034335207
4642,498.05304,0.0,141.57118,57.31461,0.32828468,0.0,0.9821479,0.034335017
4643,452.16406,0.0,157.27019,57.31463,0.3210835,0.0,0.98634785,0.034334827
4644,428.8106,0.0,180.97685,57.314636,0.33247998,0.0,0.9482927,0.034334633
4645,429.4709,0.0,166.56575,57.31462,0.33386764,0.0,0.9793535,0.03433444
4646,497.17245,0.0,128.57556,57.314606,0.3250213,0.0,0.97563577,0.034334242
4647,486.9404,0.0,155.8936,57.31459,0.32796505,0.0,0.97327894,0.03433405
4648,509.97714,0.0,163.2176,57.314568,0.33575305,0.0,0.9455008,0.034333855
4649,464.5147,0.0,166.1971,57.31455,0.34033635,0.0,0.97256154,0.034333657
4650,498.70526,0.0,167.02771,57.314518,0.33251432,0.0,1.0272065,0.03433346
4651,457.3453,0.0,176.6971,57.314507,0.33245495,0.0,0.9799843,0.03433326
4652,454.1811,0.0,190.60555,57.314507,0.34039414,0.0,0.9540614,0.034333065
4653,523.954,0.0,144.67091,57.314518,0.33907393,0.0,0.964911,0.03433287
4654,552.95026,0.0,158.18709,57.314575,0.33388737,0.0,0.9570066,0.03433274
4655,484.33542,0.0,165.6924,57.31461,0.33014286,0.0,0.9695662,0.03433261
4656,484.18808,0.0,166.16925,57.314682,0.32732308,0.0,0.96846455,0.034332473
4657,489.37146,0.0,165.90828,57.31478,0.32738984,0.0,0.9783121,0.03433233
4658,537.67444,0.0,167.05931,57.314877,0.3276512,0.0,1.0018169,0.034332186
4659,467.42188,0.0,155.66585,57.31501,0.34257546,0.0,0.9681806,0.034332037
4660,460.3617,0.0,154.00122,57.31514,0.33111718,0.0,1.0172862,0.034331884
4661,493.00192,0.0,146.0455,57.315224,0.33904132,0.0,0.97975117,0.034331728
4662,516.04865,0.0,169.55528,57.31534,0.343854,0.0,0.95198876,0.034331568
4663,465.9128,0.0,158.99455,57.315437,0.3378928,0.0,0.98836774,0.0343314
4664,484.83218,0.0,185.93916,57.31553,0.33599672,0.0,0.96013767,0.034331236
4665,455.4919,0.0,157.33807,57.315666,0.33879915,0.0,0.9969397,0.034331072
4666,483.94238,0.0,153.643,57.315826,0.3387506,0.0,0.9852598,0.034331497
4667,488.2148,0.0,163.3671,57.315937,0.33682066,0.0,0.97851336,0.034332223
4668,441.07974,0.0,178.88248,57.316025,0.33238414,0.0,0.9909752,0.034333155
4669,455.48245,0.0,161.53252,57.316063,0.33345833,0.0,0.9450311,0.034334205
4670,468.95166,0.0,155.51558,57.316124,0.3446123,0.0,0.99192584,0.034335326
4671,480.71182,0.0,157.71516,57.31613,0.33058476,0.0,0.9563127,0.034336474
4672,440.34525,0.0,192.66995,57.316162,0.3390054,0.0,1.0089859,0.034336455
4673,542.07635,0.0,177.12276,57.316208,0.32450733,0.0,0.9665616,0.0343374
4674,498.13553,0.0,163.49164,57.31622,0.3386746,0.0,0.9549821,0.034339022
4675,594.27216,0.0,176.14455,57.316246,0.3322228,0.0,0.9636477,0.034341104
4676,473.92902,0.0,151.56381,57.316296,0.33003372,0.0,0.9860115,0.03434349
4677,480.8262,0.0,190.61778,57.31635,0.33104593,0.0,0.9464107,0.03434604
4678,505.95825,0.0,162.48889,57.316433,0.3338328,0.0,0.97069526,0.034348648
4679,476.58716,0.0,171.76439,57.31644,0.34401575,0.0,0.93924624,0.034351256
4680,487.77844,0.0,173.08507,57.316414,0.3395454,0.0,0.99476063,0.034353808
4681,474.57953,0.0,156.45967,57.316402,0.33172524,0.0,0.9747448,0.034356255
4682,442.1464,0.0,165.11792,57.31639,0.32296252,0.0,0.96399194,0.034358583
4683,520.3797,0.0,183.1631,57.31642,0.33687776,0.0,0.9615279,0.034360774
4684,487.55045,0.0,175.3738,57.31647,0.33213857,0.0,0.9547036,0.034362815
4685,503.11777,0.0,186.16243,57.316463,0.33108312,0.0,0.9823423,0.03436471
4686,550.46765,0.0,175.1485,57.31642,0.3373335,0.0,0.9828482,0.034366447
4687,514.81384,0.0,159.2484,57.31635,0.34592244,0.0,0.9634579,0.034368042
4688,485.84964,0.0,180.50087,57.316326,0.3378601,0.0,0.96643025,0.034369487
4689,545.6822,0.0,159.5656,57.316338,0.33400044,0.0,0.9908863,0.034370795
4690,470.61267,0.0,165.62051,57.31638,0.3452231,0.0,0.9710669,0.034371976
4691,511.25116,0.0,168.54218,57.31643,0.33846205,0.0,0.97720677,0.034373026
4692,560.66,0.0,177.18767,57.31649,0.3410611,0.0,0.9771946,0.034373976
4693,515.4961,0.0,161.03914,57.316536,0.33426982,0.0,0.9867861,0.03437481
4694,493.34674,0.0,157.37634,57.316525,0.33700073,0.0,0.9387079,0.03437555
4695,502.03357,0.0,174.37018,57.316475,0.32845938,0.0,0.9947308,0.03437619
4696,449.3031,0.0,163.32857,57.316444,0.3367002,0.0,0.9655595,0.034376755
4697,492.31406,0.0,188.79114,57.31647,0.33649927,0.0,0.94220555,0.034377243
4698,535.8145,0.0,149.1979,57.316555,0.33934644,0.0,0.95783234,0.034377657
4699,488.69543,0.0,171.60434,57.316597,0.33663642,0.0,0.9791888,0.034378007
4700,500.8503,0.0,152.42117,57.316593,0.3406278,0.0,0.98127645,0.0343783
4701,457.0058,0.0,181.11601,57.316605,0.32665756,0.0,0.98862344,0.034378543
4702,447.66354,0.0,158.25172,57.316628,0.34714556,0.0,1.0108374,0.03437874
4703,510.2184,0.0,164.46783,57.316666,0.33503494,0.0,0.96815056,0.03437889
4704,491.7819,0.0,144.34665,57.316647,0.332547,0.0,0.97523856,0.034379
4705,545.7771,0.0,154.72693,57.316616,0.3460925,0.0,0.97335994,0.03437908
4706,482.56085,0.0,168.53174,57.316566,0.3377451,0.0,0.9704234,0.034379125
4707,605.7206,0.0,176.46533,57.316536,0.32121232,0.0,0.97770464,0.034379136
4708,480.7367,0.0,157.38425,57.316505,0.35221666,0.0,0.9723658,0.034379125
4709,507.26645,0.0,187.33496,57.316536,0.32861865,0.0,0.96997464,0.034379095
4710,508.3788,0.0,155.61731,57.316544,0.3316958,0.0,0.95046145,0.034379035
4711,476.52106,0.0,167.36012,57.316563,0.32574335,0.0,0.9699866,0.034378957
4712,492.56705,0.0,151.8613,57.316578,0.32729864,0.0,0.9963857,0.034378868
4713,511.04645,0.0,166.935,57.316563,0.33760974,0.0,0.97442967,0.034378763
4714,507.33286,0.0,181.35309,57.316555,0.3310332,0.0,0.97110224,0.03437864
4715,487.98145,0.0,152.26137,57.316566,0.3274802,0.0,0.97430253,0.034378514
4716,529.3736,0.0,166.77759,57.316574,0.3392658,0.0,0.9646428,0.0343769
4717,513.6309,0.0,157.86765,57.316555,0.334467,0.0,0.964858,0.03437631
4718,438.7647,0.0,146.01534,57.3165,0.33833155,0.0,0.972296,0.034376446
4719,434.8824,0.0,177.14816,57.316463,0.3346068,0.0,0.97218335,0.03437712
4720,506.05853,0.0,163.33513,57.316444,0.33313125,0.0,0.978418,0.03437817
4721,475.8075,0.0,170.08153,57.316444,0.34108576,0.0,0.9864162,0.03437946
4722,468.1979,0.0,173.37357,57.31642,0.32798392,0.0,0.98843676,0.034380913
4723,584.4235,0.0,171.9149,57.31647,0.33184803,0.0,0.9370357,0.034382436
4724,461.94855,0.0,170.87714,57.316483,0.3410406,0.0,0.96781576,0.034383982
4725,515.7735,0.0,166.34789,57.316525,0.3418581,0.0,0.97565943,0.034385514
4726,487.66138,0.0,147.1165,57.316563,0.34092003,0.0,0.9478443,0.034387
4727,420.12872,0.0,207.4783,57.316574,0.33148524,0.0,0.96662456,0.034388408
4728,482.97772,0.0,169.3084,57.316532,0.34366122,0.0,0.9476076,0.03438974
4729,460.73648,0.0,163.94919,57.316463,0.33749226,0.0,0.97300106,0.03439099
4730,456.3892,0.0,163.33737,57.316414,0.33272672,0.0,0.9208055,0.034392137
4731,482.6717,0.0,164.18799,57.31637,0.33649904,0.0,1.001625,0.03439319
4732,433.76288,0.0,148.08885,57.316326,0.34311345,0.0,0.9589508,0.034394145
4733,522.2615,0.0,184.43446,57.31627,0.3332961,0.0,0.9704024,0.034395017
4734,559.2813,0.0,198.33452,57.31628,0.31940478,0.0,0.95605505,0.03439579
4735,439.8631,0.0,159.89313,57.31631,0.3357779,0.0,1.018912,0.03439648
4736,457.64127,0.0,180.94908,57.31636,0.3306823,0.0,0.9967668,0.034397095
4737,527.52374,0.0,172.00134,57.31637,0.33833626,0.0,0.9703192,0.034397636
4738,567.48944,0.0,150.46945,57.316353,0.32656497,0.0,0.9868857,0.034398105
4739,500.63696,0.0,177.13942,57.316338,0.3127773,0.0,0.9965692,0.034398507
4740,467.59573,0.0,172.45703,57.31634,0.32735983,0.0,0.96604496,0.034398846
4741,497.30844,0.0,164.56465,57.316353,0.32994577,0.0,1.0052081,0.034399133
4742,474.6099,0.0,168.3962,57.3164,0.34732464,0.0,0.95797294,0.03439937
4743,532.86066,0.0,169.25414,57.316402,0.33811405,0.0,0.92889154,0.034399558
4744,448.08038,0.0,161.46588,57.31642,0.32420495,0.0,0.96795183,0.03439971
4745,453.3918,0.0,190.6442,57.316452,0.33448243,0.0,0.9476294,0.03439982
4746,488.45407,0.0,176.37628,57.316494,0.3349302,0.0,0.9826696,0.034399897
4747,437.94492,0.0,164.5277,57.316563,0.33445135,0.0,0.97584736,0.034399938
4748,428.53876,0.0,160.00716,57.316647,0.34042716,0.0,0.9925434,0.034399956
4749,502.18207,0.0,169.07182,57.316742,0.33195424,0.0,0.98744607,0.03439994
4750,449.4039,0.0,188.23358,57.31679,0.3341989,0.0,0.9906396,0.034399908
4751,471.13202,0.0,158.3199,57.31683,0.32993627,0.0,0.9735599,0.034399852
4752,551.81824,0.0,185.4735,57.316833,0.32355708,0.0,0.9595482,0.034399778
4753,427.1863,0.0,173.87798,57.31689,0.3452985,0.0,1.0051662,0.03439969
4754,484.35504,0.0,177.41354,57.316895,0.34376982,0.0,0.9735331,0.034399576
4755,476.53455,0.0,169.267,57.316925,0.34537914,0.0,0.9861122,0.034399457
4756,500.02478,0.0,188.5516,57.316967,0.33744183,0.0,0.97601205,0.03439933
4757,446.6158,0.0,172.56213,57.317017,0.33322537,0.0,0.9890588,0.03439918
4758,452.90366,0.0,153.63847,57.317047,0.33488375,0.0,0.93743706,0.03439903
4759,535.79047,0.0,174.07806,57.317078,0.33614096,0.0,0.9620579,0.034398872
4760,543.45734,0.0,157.65443,57.317097,0.32265022,0.0,0.94498366,0.034398697
4761,498.2704,0.0,154.2959,57.31715,0.32937965,0.0,0.96103233,0.034398522
4762,564.27136,0.0,177.8008,57.317207,0.34290472,0.0,0.96376777,0.03439834
4763,550.9102,0.0,179.36554,57.31724,0.33800676,0.0,0.9800439,0.034398153
4764,447.78818,0.0,158.53235,57.31729,0.33853278,0.0,1.014059,0.03439796
4765,496.2472,0.0,162.5376,57.31734,0.33717588,0.0,1.000924,0.034397766
4766,487.3282,0.0,178.33073,57.317383,0.33197933,0.0,0.98318344,0.03439756
4767,531.6306,0.0,152.80563,57.31737,0.3427386,0.0,1.0443318,0.03439736
4768,469.48465,0.0,145.34622,57.31734,0.33497927,0.0,0.9547788,0.034397155
4769,463.85687,0.0,148.59807,57.317364,0.3369373,0.0,1.0087957,0.034396946
4770,465.11346,0.0,168.68726,57.317345,0.3400667,0.0,0.96901447,0.034396734
4771,471.14145,0.0,143.59622,57.317406,0.343692,0.0,1.0143064,0.034396518
4772,455.08585,0.0,161.7656,57.317467,0.33970648,0.0,0.99451536,0.034396306
4773,511.81873,0.0,177.63628,57.317528,0.3325786,0.0,0.9679118,0.034396086
4774,474.77875,0.0,177.03337,57.31757,0.33386382,0.0,0.9771623,0.034395874
4775,554.4905,0.0,165.48161,57.317577,0.33897945,0.0,0.96952105,0.034395654
4776,505.7749,0.0,214.91397,57.317516,0.33618736,0.0,0.9919754,0.034395434
4777,461.89822,0.0,176.85883,57.317467,0.34154338,0.0,0.9762001,0.034395214
4778,517.9155,0.0,139.38205,57.317394,0.3423722,0.0,0.9708703,0.034394998
4779,530.8544,0.0,150.13283,57.317314,0.3301627,0.0,0.99018353,0.034394775
4780,469.56448,0.0,198.13925,57.317234,0.33593044,0.0,0.9818611,0.034394555
4781,469.38882,0.0,170.44075,57.317192,0.33125284,0.0,0.9716427,0.034394335
4782,539.32684,0.0,155.04944,57.31717,0.34179822,0.0,1.0051155,0.034394115
4783,511.726,0.0,199.29039,57.317127,0.33300966,0.0,0.9846934,0.034393895
4784,515.7075,0.0,209.62799,57.31707,0.32719702,0.0,0.9895143,0.034393676
4785,485.81116,0.0,150.89284,57.317017,0.32891342,0.0,0.9788568,0.034393456
4786,526.2984,0.0,169.35684,57.316944,0.33625427,0.0,0.98468244,0.034393236
4787,455.19272,0.0,159.85873,57.31692,0.3277218,0.0,0.9693236,0.034393013
4788,431.8104,0.0,150.07411,57.316895,0.33198538,0.0,0.998634,0.034392793
4789,486.76202,0.0,173.87448,57.316853,0.330291,0.0,0.96015155,0.034392573
4790,470.06503,0.0,159.02855,57.3168,0.3439701,0.0,0.9703336,0.03439236
4791,489.713,0.0,152.41481,57.316757,0.3378082,0.0,0.9723888,0.034392137
4792,520.0009,0.0,177.76025,57.31675,0.3402646,0.0,1.003434,0.03439192
4793,518.0416,0.0,160.0817,57.31676,0.34631842,0.0,0.9500786,0.034391705
4794,478.37805,0.0,146.16483,57.316788,0.33853406,0.0,1.0025117,0.03439149
4795,498.11325,0.0,168.6111,57.316833,0.34290716,0.0,0.99550194,0.03439127
4796,456.90964,0.0,159.05214,57.316864,0.33512005,0.0,0.98507285,0.034391064
4797,461.3538,0.0,149.68282,57.316853,0.33506784,0.0,0.9495426,0.03439084
4798,500.8984,0.0,173.41402,57.31685,0.33610928,0.0,0.9759327,0.034390625
4799,493.54163,0.0,175.66182,57.316853,0.3508535,0.0,0.9992214,0.034390412
4800,497.6349,0.0,180.90758,57.316853,0.33397225,0.0,0.9687787,0.0343902
4801,519.5228,0.0,145.02158,57.31683,0.33644655,0.0,0.9555803,0.034389988
4802,459.78198,0.0,153.1335,57.316853,0.34624103,0.0,0.97560334,0.03438978
4803,456.42493,0.0,161.07852,57.31689,0.33597285,0.0,0.9836676,0.034389563
4804,501.9882,0.0,167.57138,57.31687,0.33191288,0.0,1.0007749,0.034389354
4805,487.0546,0.0,168.43127,57.31678,0.34222,0.0,0.96438533,0.034389142
4806,535.76746,0.0,176.24342,57.31674,0.33510664,0.0,0.98369396,0.034388933
4807,498.03378,0.0,162.99484,57.31674,0.3328279,0.0,0.969009,0.03438872
4808,520.32947,0.0,158.86417,57.3167,0.3451752,0.0,0.96199656,0.034388512
4809,519.6971,0.0,161.15398,57.31667,0.32164314,0.0,0.95858586,0.034388304
4810,440.6839,0.0,194.73267,57.316628,0.327793,0.0,1.0242327,0.0343881
4811,474.75415,0.0,140.30336,57.316616,0.3385494,0.0,0.9553454,0.034387894
4812,466.46365,0.0,181.2955,57.31661,0.33377162,0.0,0.97183865,0.03438769
4813,481.72324,0.0,168.76582,57.316574,0.33454895,0.0,0.9665615,0.03438748
4814,463.00684,0.0,171.73065,57.316517,0.32793882,0.0,1.0073334,0.03438727
4815,454.60077,0.0,160.54762,57.316463,0.33181998,0.0,0.9871862,0.034387067
4816,445.8247,0.0,181.91074,57.31643,0.3386416,0.0,0.9810577,0.034386866
4817,510.7066,0.0,142.80368,57.3164,0.3373655,0.0,0.99363554,0.034386676
4818,454.3101,0.0,155.67738,57.316338,0.33328897,0.0,0.9922362,0.034386486
4819,489.77493,0.0,154.27429,57.316307,0.32200778,0.0,0.98339576,0.034386303
4820,475.1935,0.0,152.55788,57.316288,0.33779272,0.0,0.962642,0.034386117
4821,507.7537,0.0,176.88115,57.31628,0.33783078,0.0,0.93801075,0.03438593
4822,479.6441,0.0,161.64424,57.31625,0.3323389,0.0,1.0036464,0.034385737
4823,470.29837,0.0,147.56282,57.31625,0.33314708,0.0,1.0472196,0.034385547
4824,486.58942,0.0,159.85428,57.316257,0.33219507,0.0,0.95276034,0.034385357
4825,467.4987,0.0,202.88306,57.31622,0.3453353,0.0,1.0160497,0.03438517
4826,484.58786,0.0,157.53299,57.31622,0.3326117,0.0,0.9771842,0.03438498
4827,489.90674,0.0,156.76111,57.316246,0.33223283,0.0,0.9813578,0.03438479
4828,485.2901,0.0,151.59628,57.316257,0.34355533,0.0,0.9875688,0.034384597
4829,470.32706,0.0,164.9448,57.316277,0.33575356,0.0,0.9780224,0.034384407
4830,510.63782,0.0,163.5439,57.316338,0.33076763,0.0,0.9869185,0.03438422
4831,451.5791,0.0,153.75632,57.316372,0.33546454,0.0,0.9874786,0.034384027
4832,454.04886,0.0,160.76793,57.316414,0.33526146,0.0,0.98964006,0.034383833
4833,435.8784,0.0,157.35368,57.316475,0.34437302,0.0,0.97618914,0.03438364
4834,439.7832,0.0,172.22067,57.316536,0.33313358,0.0,0.97370976,0.03438345
4835,434.31946,0.0,184.97452,57.316578,0.3271544,0.0,0.9701581,0.03438326
4836,497.33762,0.0,157.71135,57.31664,0.32327294,0.0,0.9625898,0.034382995
4837,492.57388,0.0,174.98703,57.316696,0.33447295,0.0,0.97722447,0.034382746
4838,468.97845,0.0,166.38477,57.316757,0.33628443,0.0,0.9768586,0.0343825
4839,483.7518,0.0,144.6297,57.31676,0.3375917,0.0,0.98808247,0.03438226
4840,471.2341,0.0,166.50787,57.316788,0.3295887,0.0,0.959127,0.03438203
4841,476.20938,0.0,165.00986,57.316803,0.3289216,0.0,0.96524185,0.034381803
4842,550.0173,0.0,198.64987,57.31685,0.3334873,0.0,0.9802045,0.034381583
4843,512.35596,0.0,184.63467,57.31685,0.33283007,0.0,0.9623981,0.034381367
4844,479.52948,0.0,151.57384,57.3168,0.3361339,0.0,0.98799855,0.034381155
4845,487.87192,0.0,162.90215,57.316757,0.33538228,0.0,0.9818525,0.034380943
4846,428.81165,0.0,144.2642,57.31676,0.33107936,0.0,0.9813109,0.034380734
4847,475.0659,0.0,161.51654,57.316757,0.3408276,0.0,1.0078816,0.03438053
4848,507.2798,0.0,199.41751,57.31671,0.33598042,0.0,0.97899663,0.034380324
4849,474.26215,0.0,157.3073,57.316677,0.32862434,0.0,0.96590286,0.03438012
4850,524.5073,0.0,141.45287,57.316566,0.34542802,0.0,0.99467176,0.034379918
4851,460.52667,0.0,142.59618,57.31649,0.33275586,0.0,0.9490528,0.03437972
4852,487.5522,0.0,162.6709,57.316402,0.33266327,0.0,0.97421825,0.03437952
4853,450.21317,0.0,171.70494,57.31639,0.3499081,0.0,0.9788807,0.034379326
4854,468.32678,0.0,154.04782,57.316452,0.33881608,0.0,1.0048476,0.03437913
4855,456.37424,0.0,159.94974,57.316505,0.33538502,0.0,0.98951006,0.034378935
4856,463.7435,0.0,169.01294,57.316566,0.32981792,0.0,1.0200036,0.034378745
4857,472.21198,0.0,155.12164,57.316628,0.3324513,0.0,0.9720492,0.03437855
4858,508.07074,0.0,158.00609,57.31671,0.33059642,0.0,0.9601962,0.03437836
4859,486.121,0.0,156.84033,57.31681,0.33421567,0.0,0.9858208,0.03437817
4860,507.05127,0.0,178.22946,57.31686,0.33589128,0.0,0.97639936,0.03437798
4861,438.36642,0.0,130.14772,57.31687,0.33409315,0.0,0.98365617,0.034377795
4862,494.8253,0.0,170.26944,57.316925,0.3309347,0.0,0.9835841,0.034377605
4863,450.1557,0.0,161.58923,57.316998,0.33588025,0.0,0.96458423,0.034377422
4864,459.60596,0.0,168.67148,57.317028,0.33578742,0.0,0.9831956,0.034377232
4865,477.18234,0.0,151.48784,57.31707,0.33657566,0.0,0.94206303,0.034377046
4866,450.15753,0.0,168.14226,57.31711,0.32760042,0.0,0.9856196,0.034376863
4867,507.70905,0.0,180.23378,57.317158,0.3384093,0.0,1.0001175,0.03437668
4868,480.74084,0.0,167.7218,57.31717,0.3309912,0.0,0.99942356,0.034376495
4869,514.3941,0.0,146.50865,57.317207,0.3405002,0.0,0.98029506,0.03437631
4870,468.64386,0.0,155.4222,57.3172,0.336728,0.0,0.96154124,0.034376126
4871,495.7419,0.0,160.97894,57.31721,0.33512574,0.0,1.0059941,0.03437594
4872,495.4249,0.0,151.42929,57.31719,0.33136842,0.0,0.9701216,0.034375764
4873,530.3323,0.0,170.41257,57.31715,0.3305861,0.0,0.95616174,0.03437559
4874,510.88168,0.0,142.75218,57.31712,0.32097355,0.0,1.0006115,0.034375414
4875,482.97922,0.0,202.66386,57.317116,0.3324787,0.0,0.968896,0.03437524
4876,553.52344,0.0,169.1485,57.317097,0.33512273,0.0,0.98717386,0.03437506
4877,483.85745,0.0,155.55807,57.3171,0.32196546,0.0,0.9773893,0.034374885
4878,509.4897,0.0,174.29254,57.31712,0.326925,0.0,1.0057126,0.034374706
4879,458.63156,0.0,169.83069,57.31711,0.31870928,0.0,0.9588495,0.03437453
4880,444.99542,0.0,157.4443,57.31706,0.33129698,0.0,0.97715515,0.034374353
4881,436.8236,0.0,153.02695,57.317017,0.33718562,0.0,0.9778647,0.03437418
4882,614.0168,0.0,135.29994,57.317028,0.3363638,0.0,0.95462686,0.034374002
4883,465.84872,0.0,152.43301,57.317097,0.33025265,0.0,0.9402927,0.03437383
4884,485.8454,0.0,153.76491,57.31714,0.33379146,0.0,1.000414,0.034373652
4885,485.8167,0.0,205.59412,57.317116,0.34723625,0.0,0.9653192,0.034373477
4886,494.48328,0.0,190.0046,57.317047,0.3224599,0.0,0.964975,0.034373302
4887,544.67096,0.0,164.3488,57.316998,0.3280027,0.0,0.97367615,0.034373127
4888,511.35153,0.0,159.5539,57.316944,0.34029448,0.0,0.99788654,0.034372948
4889,573.42096,0.0,149.65833,57.31692,0.32837892,0.0,1.0114901,0.034372773
4890,517.69635,0.0,160.7835,57.316895,0.32561997,0.0,0.96063614,0.034372594
4891,484.52783,0.0,153.392,57.316914,0.3354787,0.0,0.9878125,0.034372423
4892,413.50543,0.0,149.70586,57.316956,0.31920484,0.0,1.0602428,0.034372248
4893,485.13495,0.0,158.58456,57.316956,0.3308704,0.0,1.023631,0.034372076
4894,467.95215,0.0,173.75897,57.316956,0.33674067,0.0,0.9834184,0.0343719
4895,518.05975,0.0,154.42075,57.316986,0.3402474,0.0,0.9570113,0.03437173
4896,488.76566,0.0,167.07889,57.317017,0.33502227,0.0,0.9800073,0.034371555
4897,429.65018,0.0,165.47652,57.317085,0.3352316,0.0,0.9642518,0.034371383
4898,426.4089,0.0,157.31068,57.31713,0.3458589,0.0,0.9576838,0.034371205
4899,438.5577,0.0,179.20935,57.31716,0.3187311,0.0,0.96016335,0.034371037
4900,477.04868,0.0,174.39177,57.31712,0.332187,0.0,0.96041423,0.034370862
4901,467.00162,0.0,156.55634,57.317078,0.3435221,0.0,0.9704002,0.03437069
4902,456.86136,0.0,162.37819,57.317047,0.33801106,0.0,0.9537296,0.03437051
4903,472.24808,0.0,174.50047,57.317036,0.3209379,0.0,0.9752038,0.034370344
4904,483.98532,0.0,168.34499,57.317055,0.32418206,0.0,0.9909206,0.034370173
4905,454.7411,0.0,144.60231,57.317116,0.32937905,0.0,0.99268407,0.03437
4906,439.15466,0.0,170.76797,57.317177,0.32885063,0.0,0.9785016,0.034369826
4907,535.4647,0.0,192.14265,57.31726,0.3312688,0.0,1.0036662,0.034369662
4908,508.22397,0.0,157.34444,57.31731,0.33285943,0.0,0.9732825,0.034369487
4909,486.85114,0.0,164.96422,57.317284,0.32653898,0.0,0.9515789,0.034369312
4910,513.56116,0.0,183.02623,57.31728,0.3408512,0.0,0.963635,0.034369145
4911,484.7884,0.0,154.851,57.31724,0.34305662,0.0,0.98777366,0.034368977
4912,505.34003,0.0,184.00606,57.3172,0.3186674,0.0,1.0116875,0.0343688
4913,479.33502,0.0,138.28741,57.31714,0.32872683,0.0,0.96973085,0.034368634
4914,491.7427,0.0,161.69923,57.31712,0.3379445,0.0,0.9679779,0.034368463
4915,478.8344,0.0,178.5664,57.31711,0.3293199,0.0,0.98109764,0.034368295
4916,486.01517,0.0,159.21631,57.317116,0.34112382,0.0,1.0035106,0.034368124
4917,505.9517,0.0,149.10204,57.317127,0.33452675,0.0,0.9831361,0.034367956
4918,520.54047,0.0,149.55946,57.31716,0.34178796,0.0,0.99421805,0.034367785
4919,485.73938,0.0,169.42989,57.31716,0.32999653,0.0,0.9694841,0.034367617
4920,415.60538,0.0,140.5382,57.31712,0.33105806,0.0,0.9946002,0.034367446
4921,496.14203,0.0,166.54257,57.31712,0.33822072,0.0,0.97777647,0.03436728
4922,485.5998,0.0,150.04343,57.3171,0.332501,0.0,0.95613545,0.03436711
4923,546.05054,0.0,147.945,57.31707,0.33273533,0.0,0.97168756,0.034366943
4924,454.61768,0.0,158.68896,57.317078,0.32311833,0.0,0.9835774,0.034366775
4925,499.57278,0.0,185.27563,57.3171,0.3224476,0.0,0.9857039,0.034366608
4926,472.5651,0.0,177.68008,57.31719,0.33486977,0.0,0.9515678,0.03436644
4927,512.7809,0.0,183.03407,57.31725,0.33065778,0.0,0.97581863,0.034366276
4928,493.7218,0.0,169.9128,57.317345,0.33412698,0.0,0.9628206,0.034366105
4929,551.6098,0.0,178.15276,57.317455,0.33627456,0.0,1.0175011,0.034365937
4930,484.97302,0.0,178.66318,57.31759,0.32159266,0.0,0.9763702,0.03436577
4931,509.0374,0.0,168.88571,57.317703,0.31855273,0.0,0.9753446,0.03436561
4932,491.20984,0.0,168.34283,57.317795,0.33317485,0.0,1.0165608,0.034365438
4933,486.0699,0.0,168.96915,57.317806,0.3401041,0.0,0.96145034,0.034365274
4934,524.13763,0.0,149.91373,57.317753,0.33922264,0.0,0.9717682,0.034365106
4935,434.64688,0.0,154.75485,57.31763,0.32927653,0.0,0.99135435,0.034364942
4936,495.78033,0.0,137.4476,57.31754,0.33847108,0.0,0.9821344,0.03436478
4937,504.48135,0.0,147.32657,57.317505,0.3324642,0.0,0.97502697,0.034364615
4938,468.9,0.0,154.05629,57.31751,0.3299027,0.0,0.96905303,0.034364447
4939,462.56046,0.0,160.40866,57.31752,0.34030303,0.0,1.0009718,0.03436428
4940,494.3252,0.0,159.83624,57.317528,0.32932925,0.0,1.0384244,0.03436412
4941,497.98523,0.0,157.6758,57.31754,0.3307125,0.0,0.9627073,0.034363955
4942,469.8125,0.0,143.24544,57.317577,0.34121063,0.0,0.97899055,0.034363788
4943,506.23917,0.0,180.55498,57.3176,0.31665346,0.0,0.9979991,0.034363627
4944,417.7828,0.0,191.48341,57.31762,0.33759,0.0,0.9548412,0.03436346
4945,491.3557,0.0,144.80528,57.31764,0.32781485,0.0,0.964743,0.0343633
4946,452.44464,0.0,152.80524,57.31763,0.33332384,0.0,0.96449316,0.034363136
4947,517.96564,0.0,147.95593,57.317623,0.34814617,0.0,1.0286443,0.03436297
4948,452.52585,0.0,172.51872,57.31758,0.33094373,0.0,0.9972745,0.03436281
4949,489.5828,0.0,152.08109,57.317593,0.33563524,0.0,0.99165624,0.034362648
4950,520.837,0.0,165.1653,57.317623,0.33030865,0.0,1.0245298,0.034362476
4951,503.44458,0.0,182.06407,57.31766,0.33129233,0.0,0.99392676,0.034362316
4952,518.3148,0.0,158.32664,57.317745,0.3325036,0.0,0.9495172,0.034362152
4953,525.446,0.0,166.9377,57.317833,0.32714266,0.0,0.997393,0.034361996
4954,467.27026,0.0,165.55768,57.317844,0.3276205,0.0,0.9645775,0.03436183
4955,488.77042,0.0,170.57672,57.317844,0.3356947,0.0,0.95858246,0.034361675
4956,433.83334,0.0,193.25008,57.31788,0.3405903,0.0,0.9890457,0.034361508
4957,455.87915,0.0,168.72943,57.317898,0.32951528,0.0,0.9907927,0.03436135
4958,474.77542,0.0,157.98232,57.31795,0.33924,0.0,0.97157335,0.034361187
4959,487.54935,0.0,159.70827,57.318012,0.3322157,0.0,0.9759566,0.034361023
4960,477.24548,0.0,172.67317,57.318043,0.33163992,0.0,0.96243995,0.03436086
4961,470.32404,0.0,148.24934,57.31804,0.33129293,0.0,0.965847,0.034360703
4962,448.7327,0.0,175.84428,57.31802,0.3343509,0.0,0.957349,0.034360543
4963,518.44885,0.0,276.08194,57.31797,0.33272249,0.0,0.9671467,0.034360383
4964,479.69156,0.0,148.88116,57.31788,0.32627726,0.0,1.0088389,0.03436022
4965,491.62378,0.0,175.85342,57.317772,0.3417524,0.0,0.97776437,0.03436007
4966,517.42163,0.0,181.12291,57.31766,0.33472058,0.0,0.9655591,0.034359913
4967,476.17236,0.0,165.10956,57.31756,0.3374178,0.0,1.0159566,0.034359757
4968,449.70706,0.0,141.5397,57.317497,0.32882679,0.0,0.9727681,0.034359604
4969,468.09976,0.0,163.48296,57.317486,0.3337236,0.0,0.95359343,0.034359448
4970,509.85193,0.0,171.56393,57.317455,0.3433393,0.0,0.98569816,0.03435929
4971,450.24738,0.0,162.8399,57.317425,0.32165158,0.0,1.013046,0.034359135
4972,447.66647,0.0,161.3141,57.317413,0.33171222,0.0,0.9619269,0.034358982
4973,470.6908,0.0,163.26137,57.317375,0.33433044,0.0,0.9344984,0.034358826
4974,518.33655,0.0,164.49532,57.31732,0.33352852,0.0,0.9721895,0.03435867
4975,513.87555,0.0,145.57462,57.31728,0.32774013,0.0,0.97796834,0.034358513
4976,477.27225,0.0,159.95787,57.31725,0.33534983,0.0,0.9880281,0.034358356
4977,496.73697,0.0,188.14943,57.31729,0.32319096,0.0,0.9842735,0.034358203
4978,475.8694,0.0,171.01996,57.317345,0.33635977,0.0,0.97264594,0.034358043
4979,502.07578,0.0,195.75887,57.317387,0.32824445,0.0,0.9737779,0.03435789
4980,482.14633,0.0,176.87158,57.317413,0.33159536,0.0,1.012099,0.034357734
4981,520.23114,0.0,161.20215,57.317425,0.3296318,0.0,0.9819004,0.034357574
4982,442.01587,0.0,154.9065,57.31743,0.3340862,0.0,1.0183784,0.03435742
4983,515.2006,0.0,151.0208,57.317444,0.3276053,0.0,0.98364985,0.034357265
4984,477.19205,0.0,166.8853,57.31746,0.33938947,0.0,1.0084906,0.03435711
4985,453.60425,0.0,144.44675,57.317455,0.3424691,0.0,0.9904046,0.034356948
4986,448.285,0.0,154.99739,57.317455,0.33940813,0.0,0.97882664,0.03435679
4987,524.07056,0.0,165.98262,57.317448,0.34101227,0.0,1.0094703,0.034356635
4988,480.15863,0.0,153.8788,57.31743,0.33228093,0.0,0.97190946,0.034356482
4989,502.9031,0.0,154.59619,57.317383,0.32942015,0.0,0.96976227,0.03435633
4990,431.3454,0.0,201.7156,57.317345,0.33221188,0.0,1.0124794,0.03435617
4991,473.42456,0.0,186.88397,57.317356,0.33706182,0.0,0.9769736,0.034356013
4992,488.30267,0.0,158.92305,57.31732,0.34027317,0.0,0.9892933,0.03435586
4993,475.20428,0.0,163.58879,57.317284,0.33476597,0.0,0.98710185,0.0343557
4994,460.74384,0.0,176.31735,57.317272,0.3445086,0.0,1.0020021,0.034355547
4995,496.49084,0.0,176.7569,57.31731,0.32859933,0.0,0.9810901,0.03435539
4996,500.6879,0.0,152.39232,57.317383,0.32862636,0.0,0.9969655,0.034355234
4997,514.75714,0.0,177.15425,57.317448,0.3378982,0.0,1.0006883,0.03435508
4998,582.72906,0.0,144.93716,57.317516,0.33791897,0.0,0.9528628,0.03435493
4999,495.79105,0.0,164.75928,57.317547,0.34073353,0.0,0.96101147,0.03435477
5000,467.80887,0.0,175.52132,57.31757,0.32825744,0.0,0.96081823,0.034354616
5001,462.73105,0.0,164.95807,57.31757,0.34325162,0.0,0.9708364,0.03435446
5002,462.48984,0.0,145.4878,57.317516,0.3367475,0.0,0.99578923,0.034354303
5003,495.9876,0.0,182.82074,57.31746,0.34824836,0.0,0.9625623,0.034354143
5004,510.3498,0.0,179.92632,57.317444,0.32662308,0.0,0.9872578,0.034353998
5005,440.66214,0.0,169.85634,57.31749,0.34569728,0.0,0.96963656,0.034353837
5006,492.2048,0.0,141.35135,57.317535,0.32788187,0.0,0.97094864,0.034353685
5007,448.57272,0.0,157.06824,57.31759,0.34059688,0.0,0.9503396,0.03435353
5008,535.8909,0.0,186.50066,57.31768,0.3352645,0.0,0.98578185,0.03435338
5009,554.961,0.0,174.74474,57.31774,0.33703676,0.0,0.9720679,0.03435322
5010,504.3803,0.0,191.45792,57.317818,0.3307885,0.0,0.9555856,0.034353074
5011,500.36478,0.0,169.46199,57.317867,0.32219073,0.0,0.9644466,0.034352913
5012,510.2992,0.0,159.84978,57.31793,0.32961676,0.0,0.9574619,0.03435276
5013,550.649,0.0,183.45,57.318027,0.33718118,0.0,0.95858294,0.034352608
5014,512.43427,0.0,148.26784,57.31805,0.33442298,0.0,0.9855986,0.03435245
5015,518.4392,0.0,159.56229,57.31803,0.3289451,0.0,0.98056716,0.0343523
5016,546.109,0.0,215.38335,57.318012,0.33352444,0.0,1.0063541,0.03435215
5017,486.25995,0.0,165.68716,57.31801,0.3387313,0.0,0.9911981,0.03435245
5018,498.18924,0.0,178.44879,57.318012,0.3429938,0.0,0.9877566,0.034353264
5019,529.5551,0.0,151.37175,57.317978,0.34131283,0.0,0.9726293,0.034354433
5020,472.98224,0.0,155.65518,57.317947,0.32830518,0.0,0.9657346,0.03435583
5021,453.24738,0.0,163.98456,57.317936,0.33795318,0.0,0.9843493,0.034357373
5022,488.24524,0.0,150.05997,57.31795,0.3256515,0.0,0.9852403,0.034358982
5023,518.7074,0.0,146.57425,57.31798,0.3381673,0.0,0.9589339,0.03436061
5024,539.52606,0.0,162.0625,57.31803,0.33397502,0.0,0.9681457,0.03436221
5025,445.1809,0.0,153.78568,57.318104,0.3324695,0.0,0.9623844,0.03436376
5026,559.61053,0.0,170.60634,57.318134,0.32892743,0.0,0.975348,0.03436524
5027,484.5786,0.0,167.72809,57.318104,0.337218,0.0,0.9601288,0.034366637
5028,533.643,0.0,179.56927,57.31809,0.33128384,0.0,0.986603,0.034367945
5029,525.8438,0.0,148.29254,57.31807,0.34015363,0.0,0.98193294,0.034369152
5030,506.87115,0.0,178.69922,57.31805,0.33383915,0.0,0.97318727,0.034370262
5031,494.27167,0.0,132.28035,57.318027,0.3264116,0.0,0.9907811,0.034371275
5032,529.0458,0.0,168.81094,57.31802,0.32251263,0.0,0.98734385,0.0343722
5033,502.57254,0.0,177.31567,57.31802,0.3372108,0.0,0.9537641,0.034373026
5034,502.2643,0.0,167.594,57.31804,0.33952263,0.0,0.9868174,0.034373768
5035,565.1087,0.0,165.07143,57.31807,0.34687218,0.0,0.96248764,0.034374435
5036,454.29645,0.0,158.19307,57.31816,0.34181988,0.0,0.9635452,0.034375023
5037,436.71558,0.0,182.01312,57.318264,0.32884577,0.0,1.0080333,0.034375533
5038,448.89825,0.0,161.26434,57.31836,0.32897124,0.0,0.9856833,0.034375984
5039,474.97467,0.0,150.5035,57.318417,0.33576322,0.0,0.9784131,0.034376375
5040,487.5732,0.0,186.45335,57.318428,0.32865646,0.0,0.97735316,0.034376703
5041,471.00983,0.0,161.61624,57.318428,0.33977693,0.0,0.9873417,0.034376986
5042,518.7677,0.0,164.28323,57.31839,0.32965475,0.0,1.0051366,0.03437722
5043,493.29712,0.0,164.00706,57.318336,0.33737385,0.0,0.9890367,0.03437738
5044,553.64685,0.0,158.54086,57.318264,0.3478835,0.0,0.9971391,0.034377508
5045,451.7567,0.0,157.83946,57.318214,0.32463267,0.0,0.9669192,0.034377597
5046,459.85013,0.0,172.27243,57.318176,0.3330272,0.0,0.9947458,0.03437766
5047,531.9801,0.0,171.70502,57.318176,0.34730384,0.0,0.97493273,0.034377694
5048,504.35944,0.0,167.50517,57.318165,0.34087366,0.0,0.992092,0.0343777
5049,423.50174,0.0,152.61377,57.318165,0.32748896,0.0,0.9661835,0.034377694
5050,479.9079,0.0,189.4655,57.318134,0.33750597,0.0,1.0451189,0.034377664
5051,483.3792,0.0,154.1516,57.31813,0.33428544,0.0,0.971066,0.034377612
5052,483.04385,0.0,159.04395,57.318104,0.3371371,0.0,0.97990483,0.03437755
5053,446.52533,0.0,210.60031,57.31806,0.33088174,0.0,0.9531353,0.034377467
5054,486.33487,0.0,183.72327,57.31802,0.33163065,0.0,0.9817084,0.034377377
5055,518.88306,0.0,155.32822,57.31793,0.3423989,0.0,0.95329666,0.034377273
5056,466.32196,0.0,167.80511,57.317863,0.33540457,0.0,0.9796599,0.034377158
5057,470.3192,0.0,156.61081,57.317753,0.33192936,0.0,0.98288983,0.034377042
5058,441.3955,0.0,165.09708,57.31769,0.33351743,0.0,0.9819943,0.034376908
5059,495.27396,0.0,184.90988,57.317654,0.34397486,0.0,0.9755675,0.034376774
5060,507.79086,0.0,168.55045,57.31755,0.34200495,0.0,0.9833614,0.03437663
5061,422.57986,0.0,156.62111,57.317486,0.3354438,0.0,1.0029956,0.03437648
5062,451.67517,0.0,149.56563,57.317425,0.33759034,0.0,0.9821476,0.034376316
5063,426.77615,0.0,179.30943,57.31737,0.33587003,0.0,0.9828893,0.03437616
5064,532.2628,0.0,170.45853,57.31729,0.33971527,0.0,1.0039676,0.03437599
5065,495.30252,0.0,157.14615,57.31721,0.34490356,0.0,0.978472,0.034375824
5066,433.63425,0.0,167.72194,57.317116,0.34667256,0.0,0.9771629,0.034375645
5067,491.25696,0.0,161.33768,57.317024,0.3307946,0.0,1.000746,0.03437547
5068,442.2804,0.0,167.7891,57.316956,0.33311734,0.0,0.9556519,0.034375295
5069,447.6392,0.0,187.80782,57.316933,0.32042885,0.0,0.99232763,0.034375113
5070,475.2197,0.0,166.46793,57.316864,0.34161827,0.0,0.98541516,0.034374934
5071,459.33444,0.0,167.604,57.31681,0.33621657,0.0,0.97197115,0.034374747
5072,510.3818,0.0,178.00392,57.31681,0.34246278,0.0,0.96493787,0.03437456
5073,428.02658,0.0,164.74,57.31678,0.3368874,0.0,0.98515385,0.034374215
5074,483.08774,0.0,163.34007,57.31676,0.33247834,0.0,1.0223436,0.03437392
5075,523.3174,0.0,190.20508,57.31676,0.3324831,0.0,0.9602975,0.034373667
5076,533.9708,0.0,168.50653,57.31677,0.3337141,0.0,0.9648544,0.03437344
5077,493.52234,0.0,153.10947,57.316788,0.33441752,0.0,0.9371045,0.034373242
5078,481.09705,0.0,160.17107,57.31679,0.32390365,0.0,0.97807515,0.034373056
5079,538.8604,0.0,175.7426,57.316788,0.3465922,0.0,0.96827644,0.034372885
5080,568.14386,0.0,153.96419,57.31678,0.33461976,0.0,1.0145369,0.034372717
5081,449.03638,0.0,138.57518,57.31679,0.33920908,0.0,0.9466825,0.034372557
5082,529.8251,0.0,173.95702,57.31682,0.3520282,0.0,0.9962471,0.034372404
5083,475.29245,0.0,183.25146,57.31682,0.33501226,0.0,1.009782,0.034372248
5084,485.16122,0.0,160.48956,57.31682,0.32931703,0.0,0.961394,0.034372095
5085,474.47348,0.0,191.7762,57.3168,0.32927507,0.0,0.97735554,0.034371942
5086,528.3391,0.0,151.83171,57.31682,0.33013296,0.0,0.96253765,0.03437179
5087,480.00635,0.0,161.44693,57.31686,0.33296502,0.0,0.9683977,0.03437163
5088,474.7028,0.0,154.5062,57.316925,0.34735858,0.0,0.955949,0.034371473
5089,485.92355,0.0,196.48834,57.316936,0.34167275,0.0,0.97383624,0.034371316
5090,547.4632,0.0,147.09962,57.316967,0.33378214,0.0,0.9650468,0.034371153
5091,548.28015,0.0,186.61938,57.317005,0.35178566,0.0,1.0072677,0.034370985
5092,517.1413,0.0,185.92323,57.31706,0.34090707,0.0,1.0082412,0.034370825
5093,450.74713,0.0,161.4474,57.31713,0.33954644,0.0,0.9640592,0.034370657
5094,481.12616,0.0,196.28925,57.31719,0.3297619,0.0,0.9488884,0.03437049
5095,419.26346,0.0,164.00026,57.317253,0.32949048,0.0,0.9650613,0.034370318
5096,496.34576,0.0,166.29134,57.317253,0.35225856,0.0,0.93621534,0.034370147
5097,481.3216,0.0,140.01163,57.317207,0.3458301,0.0,0.9685357,0.03436997
5098,478.80313,0.0,142.57579,57.31718,0.3343566,0.0,0.98628885,0.034369793
5099,490.9017,0.0,192.94772,57.317127,0.3360572,0.0,0.9769325,0.034369618
5100,467.78665,0.0,166.5638,57.317158,0.34736106,0.0,0.9802558,0.034369446
5101,462.3846,0.0,173.49309,57.317223,0.3336946,0.0,0.95494944,0.034369268
5102,490.07947,0.0,155.74951,57.31729,0.33110517,0.0,0.9808372,0.03436909
5103,513.4633,0.0,162.34877,57.317364,0.33395445,0.0,0.9584049,0.03436891
5104,442.78253,0.0,174.29628,57.317425,0.33212528,0.0,0.982366,0.034368735
5105,497.0893,0.0,157.75903,57.317547,0.3394449,0.0,0.955892,0.034368552
5106,509.3193,0.0,169.94772,57.31766,0.33862862,0.0,1.003745,0.034368373
5107,501.0951,0.0,183.38863,57.317745,0.34546694,0.0,0.98639244,0.034368183
5108,499.3055,0.0,176.26662,57.317833,0.33674714,0.0,0.9657248,0.03436801
5109,488.9162,0.0,151.8534,57.317894,0.3351831,0.0,0.98272884,0.034367826
5110,573.6266,0.0,176.26761,57.31793,0.33777153,0.0,0.96462137,0.03436765
5111,484.83206,0.0,170.13014,57.317966,0.33021078,0.0,0.9468908,0.034367464
5112,502.69006,0.0,174.08676,57.31795,0.33443406,0.0,0.98816276,0.034367286
5113,584.0545,0.0,199.48601,57.317917,0.33112732,0.0,0.96711236,0.034367103
5114,509.9635,0.0,177.0717,57.31791,0.33536524,0.0,0.9608486,0.03436692
5115,472.0782,0.0,160.87863,57.31794,0.33274272,0.0,0.96219444,0.03436674
5116,525.3186,0.0,163.82034,57.31797,0.33709362,0.0,1.0511881,0.03436656
5117,512.55963,0.0,161.24506,57.31799,0.33120146,0.0,1.0402138,0.034366377
5118,464.75912,0.0,186.33766,57.31796,0.33549258,0.0,0.9369746,0.0343662
5119,470.37894,0.0,167.08131,57.317894,0.3432408,0.0,0.97520334,0.03436602
5120,429.42154,0.0,170.1547,57.317802,0.34375787,0.0,0.9848296,0.03436584
5121,501.8151,0.0,178.25589,57.31776,0.33780125,0.0,0.98170763,0.034365658
5122,496.99606,0.0,191.93608,57.317764,0.33836314,0.0,0.98990375,0.034365483
5123,486.88458,0.0,156.4047,57.317825,0.33544388,0.0,0.97278315,0.0343653
5124,554.89386,0.0,166.96684,57.317894,0.320267,0.0,1.0140018,0.03436512
5125,484.9124,0.0,160.75052,57.317947,0.3485319,0.0,0.9547311,0.034364942
5126,518.3784,0.0,162.07045,57.31799,0.33981252,0.0,0.9812242,0.034364764
5127,475.39062,0.0,159.97575,57.31804,0.33824265,0.0,1.0097896,0.034364585
5128,447.76266,0.0,194.21642,57.31811,0.33870515,0.0,0.96401954,0.03436441
5129,455.2487,0.0,182.88277,57.318195,0.33772287,0.0,0.98256075,0.03436423
5130,492.18466,0.0,145.3582,57.318245,0.337261,0.0,0.9737577,0.034364056
5131,579.2367,0.0,186.37354,57.318283,0.32648456,0.0,0.9391608,0.034363877
5132,460.14346,0.0,164.75482,57.3183,0.33432597,0.0,0.97057015,0.0343637
5133,512.4382,0.0,149.56102,57.318295,0.33545065,0.0,0.9319642,0.034363523
5134,461.83527,0.0,175.70528,57.3183,0.34174716,0.0,1.0058492,0.034363348
5135,537.5671,0.0,177.10518,57.318268,0.33087888,0.0,0.97391087,0.03436317
5136,490.07358,0.0,163.13734,57.318253,0.3460551,0.0,0.9634137,0.03436299
5137,444.6468,0.0,190.61406,57.318256,0.340552,0.0,0.97558457,0.03436282
5138,530.0217,0.0,182.28976,57.318306,0.33750075,0.0,0.9855991,0.034362644
5139,498.405,0.0,155.96991,57.318348,0.34222755,0.0,0.9937819,0.034362473
5140,528.8888,0.0,181.12724,57.318386,0.33633485,0.0,0.9885649,0.034362298
5141,501.98303,0.0,140.3621,57.318447,0.34049174,0.0,0.96447676,0.034362122
5142,455.28,0.0,155.31885,57.318504,0.33495882,0.0,1.0049169,0.034361947
5143,553.66406,0.0,191.49863,57.318535,0.343159,0.0,0.9859459,0.034361776
5144,469.79266,0.0,157.69864,57.31849,0.3460405,0.0,0.98474437,0.0343616
5145,554.4336,0.0,173.90674,57.318398,0.32571164,0.0,0.9811813,0.03436214
5146,501.08093,0.0,166.4279,57.318356,0.33173257,0.0,0.9889744,0.034363348
5147,469.78168,0.0,161.60378,57.318306,0.33724657,0.0,0.9989971,0.034365024
5148,512.76917,0.0,169.10492,57.318233,0.32821634,0.0,0.9653361,0.034367003
5149,500.9588,0.0,159.08025,57.318195,0.3337826,0.0,0.9686334,0.034369167
5150,496.2306,0.0,194.89278,57.318233,0.33113724,0.0,0.97184145,0.034371417
5151,497.13712,0.0,162.52916,57.318275,0.33297879,0.0,0.9482618,0.03437369
5152,472.1815,0.0,156.67918,57.318317,0.3376167,0.0,0.972597,0.034375925
5153,537.47,0.0,160.06433,57.31833,0.33903006,0.0,0.9551974,0.03437809
5154,483.06644,0.0,164.76382,57.318367,0.33696064,0.0,0.97114396,0.034380157
5155,471.4442,0.0,144.76036,57.318348,0.35810205,0.0,0.9956993,0.034382112
5156,540.21606,0.0,154.2962,57.318356,0.3293503,0.0,0.94340795,0.034383945
5157,492.44913,0.0,181.84595,57.318348,0.33430982,0.0,0.9526989,0.034385648
5158,501.4025,0.0,175.40361,57.318348,0.3333383,0.0,0.97378516,0.03438722
5159,481.15005,0.0,177.3023,57.3184,0.34921148,0.0,0.95309967,0.034388665
5160,510.22168,0.0,163.23207,57.318478,0.3354514,0.0,0.96016425,0.034389988
5161,524.94977,0.0,155.27563,57.318596,0.33842164,0.0,1.0028046,0.03439118
5162,456.86008,0.0,193.05753,57.3187,0.3402457,0.0,0.9846273,0.034392267
5163,470.85382,0.0,139.91963,57.31881,0.33427453,0.0,0.9922025,0.034393243
5164,436.76852,0.0,200.1464,57.31889,0.33398578,0.0,0.99070597,0.03439412
5165,443.28473,0.0,169.22545,57.31898,0.33188954,0.0,0.99981993,0.034394905
5166,505.24924,0.0,148.73146,57.319042,0.33620235,0.0,0.9911959,0.034395598
5167,512.33075,0.0,172.1841,57.319134,0.3452488,0.0,0.97333384,0.03439621
5168,468.99026,0.0,199.71832,57.3192,0.3438562,0.0,1.017781,0.03439675
5169,437.77002,0.0,193.69614,57.3193,0.32973474,0.0,1.0028545,0.034397215
5170,468.8061,0.0,155.56158,57.31943,0.34120357,0.0,0.9588117,0.03439762
5171,477.7184,0.0,158.39252,57.319508,0.33854845,0.0,0.9648684,0.03439797
5172,479.79523,0.0,153.11017,57.319546,0.34766033,0.0,0.98749375,0.034398265
5173,492.53873,0.0,166.40056,57.319565,0.3585514,0.0,0.9689223,0.034398515
5174,484.681,0.0,172.7429,57.319588,0.3478301,0.0,0.9550558,0.034398723
5175,470.56427,0.0,207.3333,57.319588,0.3330424,0.0,0.99107003,0.03439889
5176,491.1108,0.0,171.85194,57.3196,0.34050182,0.0,0.96010756,0.03439753
5177,483.02103,0.0,152.29234,57.31961,0.33552256,0.0,0.97145516,0.034396652
5178,451.80862,0.0,138.42969,57.319626,0.33817858,0.0,0.9785246,0.034396123
5179,514.9042,0.0,137.62674,57.31966,0.3413348,0.0,0.96703786,0.03439586
5180,437.82047,0.0,181.64215,57.319687,0.33279645,0.0,0.95984066,0.03439579
5181,507.5832,0.0,165.14763,57.31968,0.32625508,0.0,0.9661817,0.034395866
5182,459.67053,0.0,193.89008,57.3197,0.34969386,0.0,0.9865467,0.034396034
5183,479.66537,0.0,159.86661,57.31971,0.3329952,0.0,0.967693,0.034396272
5184,504.8645,0.0,161.42973,57.3197,0.33562693,0.0,0.9713515,0.034396537
5185,504.58737,0.0,172.26657,57.319687,0.34025133,0.0,0.94820774,0.034396827
5186,417.7697,0.0,196.67819,57.31968,0.34101644,0.0,0.9570555,0.03439712
5187,474.91446,0.0,137.64612,57.31964,0.33148226,0.0,0.99107605,0.034397405
5188,493.59222,0.0,170.37848,57.319607,0.33709207,0.0,0.9472374,0.03439768
5189,462.59677,0.0,162.15326,57.319576,0.33885103,0.0,0.9677261,0.03439793
5190,439.63763,0.0,159.28874,57.319557,0.33896038,0.0,0.97344947,0.03439816
5191,481.32666,0.0,149.2454,57.319546,0.33344632,0.0,0.97243464,0.034398366
5192,543.82196,0.0,185.07304,57.319565,0.3394524,0.0,1.01035,0.03439854
5193,496.13626,0.0,163.9103,57.319557,0.33583716,0.0,0.98894185,0.03439869
5194,479.03937,0.0,133.85898,57.31954,0.3350153,0.0,1.0023355,0.03439882
5195,494.22354,0.0,158.93004,57.319504,0.33941758,0.0,0.9743261,0.034398913
5196,469.09433,0.0,167.40744,57.319473,0.33253905,0.0,0.96830076,0.03439899
5197,517.6988,0.0,153.35194,57.319435,0.34894368,0.0,0.98761994,0.034399044
5198,457.86237,0.0,164.51184,57.319405,0.32864243,0.0,0.9802851,0.034399074
5199,445.46152,0.0,199.78036,57.31936,0.3411442,0.0,0.94839925,0.034399085
5200,457.23346,0.0,161.18439,57.31931,0.34458956,0.0,1.0069244,0.034399074
5201,489.4262,0.0,180.73216,57.319313,0.34505963,0.0,1.0011234,0.034399047
5202,522.5256,0.0,161.98259,57.31934,0.34478295,0.0,0.9625121,0.034399003
5203,511.92096,0.0,180.54765,57.319386,0.3545298,0.0,0.9523893,0.03439895
5204,435.4363,0.0,147.45573,57.319447,0.33109975,0.0,0.97756624,0.03439888
5205,482.0568,0.0,149.25609,57.319477,0.34233117,0.0,1.0031239,0.034398794
5206,455.61243,0.0,171.29298,57.319557,0.3408097,0.0,0.98066396,0.034398705
5207,468.2382,0.0,144.07152,57.31963,0.33454666,0.0,0.99460804,0.034398545
5208,580.8663,0.0,176.23688,57.319687,0.33246142,0.0,0.9487619,0.034398396
5209,502.93948,0.0,166.04495,57.31977,0.33522537,0.0,0.9371995,0.034398247
5210,492.09448,0.0,175.66954,57.319813,0.3338825,0.0,0.99761,0.034398094
5211,472.37598,0.0,142.57677,57.319862,0.34167168,0.0,0.9586868,0.03439794
5212,477.59674,0.0,147.54356,57.319874,0.32442024,0.0,0.9741788,0.034397785
5213,458.68808,0.0,153.385,57.319866,0.3305947,0.0,0.9826959,0.03439763
5214,496.89502,0.0,154.47514,57.319855,0.34390813,0.0,0.9573074,0.03439747
5215,446.31714,0.0,170.64511,57.319897,0.3349512,0.0,0.9817061,0.03439731
5216,461.53137,0.0,150.93169,57.319927,0.33855012,0.0,0.97709274,0.03439715
5217,497.373,0.0,158.30618,57.319954,0.34183395,0.0,1.0045137,0.034396987
5218,468.5955,0.0,178.80411,57.31997,0.3289447,0.0,0.976624,0.034396816
5219,449.20215,0.0,171.31133,57.319954,0.3420824,0.0,0.96371,0.034396652
5220,505.98013,0.0,147.2997,57.319935,0.3289878,0.0,0.95919555,0.03439648
5221,424.56015,0.0,167.91512,57.31997,0.32650247,0.0,0.9650917,0.03439631
5222,475.8368,0.0,173.53471,57.320007,0.33924916,0.0,0.9879681,0.034396134
5223,477.99316,0.0,160.61668,57.320038,0.33961576,0.0,1.0112067,0.03439596
5224,535.2298,0.0,170.55472,57.320045,0.34656996,0.0,0.97181857,0.034395784
5225,540.5376,0.0,162.85376,57.319977,0.33286482,0.0,0.98865265,0.0343956
5226,502.192,0.0,192.05264,57.319885,0.33910114,0.0,0.97188544,0.034395427
5227,463.77142,0.0,193.05167,57.319733,0.33057824,0.0,0.95600814,0.034395244
5228,442.4928,0.0,163.44276,57.319637,0.33614984,0.0,0.96824825,0.03439507
5229,532.0278,0.0,169.49278,57.319565,0.33719245,0.0,0.9936461,0.034394886
5230,481.42062,0.0,173.42805,57.319523,0.33765078,0.0,0.9979726,0.034394708
5231,477.95245,0.0,163.02473,57.319523,0.33308724,0.0,0.96708363,0.034394525
5232,471.97546,0.0,189.68558,57.319546,0.3314812,0.0,1.0142207,0.034394342
5233,490.28195,0.0,134.54228,57.319595,0.34462044,0.0,0.96008503,0.03439416
5234,505.62433,0.0,170.88982,57.319626,0.32493955,0.0,0.9714405,0.034393974
5235,513.6586,0.0,163.74672,57.3196,0.35275608,0.0,0.98167956,0.03439379
5236,485.37207,0.0,171.04596,57.31957,0.34080425,0.0,0.9533984,0.034393612
5237,467.60394,0.0,160.67546,57.31954,0.33704427,0.0,0.9912987,0.03439343
5238,518.2477,0.0,160.7099,57.319515,0.33508706,0.0,0.9728423,0.034393247
5239,485.88953,0.0,187.63704,57.319523,0.32630393,0.0,0.97041285,0.034393065
5240,427.2938,0.0,177.49869,57.319504,0.3353235,0.0,0.9521108,0.034392882
5241,481.7689,0.0,172.77623,57.319515,0.33549538,0.0,0.96276206,0.034392696
5242,465.98462,0.0,187.17865,57.319576,0.33631065,0.0,0.98889285,0.034392517
5243,513.41113,0.0,156.6008,57.31966,0.33709398,0.0,0.98605776,0.034392335
5244,492.9387,0.0,190.33519,57.319733,0.33088246,0.0,0.9893965,0.03439215
5245,565.6162,0.0,173.44557,57.319794,0.33895847,0.0,0.9931672,0.03439197
5246,451.3415,0.0,193.33763,57.31988,0.33469227,0.0,0.95540845,0.03439179
5247,504.06198,0.0,146.12674,57.319927,0.33993796,0.0,0.9676651,0.034391604
5248,489.0431,0.0,154.44539,57.320007,0.33245552,0.0,0.96020126,0.03439143
5249,480.96027,0.0,150.3532,57.320087,0.3296521,0.0,0.9987616,0.034391247
5250,485.42993,0.0,167.09593,57.320118,0.33887938,0.0,0.9917356,0.034391064
5251,456.54138,0.0,193.05269,57.320152,0.328963,0.0,0.96887434,0.03439088
5252,485.4343,0.0,157.39522,57.320118,0.33621243,0.0,0.97442585,0.03439071
5253,541.39233,0.0,168.27628,57.32012,0.34649518,0.0,0.9698228,0.034390528
5254,495.83002,0.0,201.76387,57.320118,0.34240222,0.0,1.0096664,0.034390345
5255,470.34525,0.0,157.87982,57.32009,0.32938454,0.0,0.9962012,0.03439017
5256,501.91995,0.0,167.30293,57.32005,0.3383229,0.0,0.9575211,0.03438999
5257,469.66064,0.0,162.04613,57.319984,0.33963558,0.0,0.97373223,0.034389812
5258,459.6933,0.0,154.49498,57.319958,0.33808115,0.0,0.9680852,0.034389634
5259,472.70493,0.0,151.00291,57.319927,0.34109318,0.0,1.0036825,0.03438946
5260,501.04175,0.0,165.62656,57.319874,0.33557263,0.0,0.9636473,0.034389276
5261,511.61917,0.0,181.4955,57.319813,0.33210683,0.0,1.0144591,0.034389105
5262,469.86185,0.0,148.74101,57.31975,0.3355849,0.0,0.9784757,0.034388922
5263,468.90024,0.0,174.56676,57.319717,0.33081737,0.0,0.9764576,0.034388747
5264,459.89954,0.0,167.58226,57.31972,0.32383144,0.0,0.9994626,0.034388576
5265,451.16006,0.0,157.2553,57.31975,0.33461413,0.0,0.96354115,0.0343884
5266,526.0058,0.0,167.60684,57.319782,0.3403487,0.0,0.9749746,0.034388226
5267,496.58093,0.0,166.91734,57.3198,0.3537906,0.0,0.9599796,0.034388043
5268,487.92285,0.0,193.6836,57.319805,0.33840734,0.0,0.98119736,0.03438787
5269,440.33414,0.0,169.75156,57.319782,0.34153372,0.0,0.9651006,0.0343877
5270,510.11002,0.0,174.52249,57.319744,0.33588594,0.0,0.9694093,0.034387525
5271,473.81314,0.0,163.3838,57.31972,0.34575623,0.0,0.9779335,0.034387354
5272,482.16846,0.0,174.20393,57.319702,0.3380532,0.0,1.0007162,0.03438718
5273,492.7466,0.0,183.88704,57.319717,0.34522063,0.0,0.9517838,0.034387007
5274,427.7388,0.0,162.71124,57.31971,0.34049076,0.0,0.98150164,0.034386836
5275,451.4895,0.0,173.65352,57.319717,0.33540833,0.0,0.97049,0.034386665
5276,467.1195,0.0,163.10262,57.31972,0.33436644,0.0,0.98192036,0.034386486
5277,463.3695,0.0,161.7144,57.31968,0.34240913,0.0,0.98947483,0.034386322
5278,479.20306,0.0,156.68253,57.31964,0.34081757,0.0,0.9441736,0.034386147
5279,544.28204,0.0,172.4201,57.319668,0.33159027,0.0,0.99698794,0.034385975
5280,507.35364,0.0,188.59721,57.31971,0.33951345,0.0,0.9952662,0.034385808
5281,460.75198,0.0,183.58821,57.31976,0.35354087,0.0,0.96726555,0.034385636
5282,450.52335,0.0,156.61928,57.319813,0.3450009,0.0,0.9847758,0.03438547
5283,539.83765,0.0,170.19919,57.319824,0.32686225,0.0,0.9405786,0.034385297
5284,465.5945,0.0,152.34033,57.319855,0.33238384,0.0,0.9781714,0.034385134
5285,531.1813,0.0,155.24564,57.31988,0.33623478,0.0,0.95264804,0.034384962
5286,434.08023,0.0,174.51276,57.319916,0.34177378,0.0,1.0005943,0.03438479
5287,485.6968,0.0,161.08617,57.319954,0.3321407,0.0,0.97385406,0.034384623
5288,484.1224,0.0,175.25548,57.319984,0.3326767,0.0,0.9901462,0.034384456
5289,487.2335,0.0,148.66441,57.319984,0.33944786,0.0,0.96654576,0.034384288
5290,493.99823,0.0,170.45735,57.32,0.33166942,0.0,1.0544225,0.03438412
5291,497.81125,0.0,156.74553,57.320076,0.3358982,0.0,0.97223395,0.034383953
5292,501.62723,0.0,154.79173,57.320118,0.3283183,0.0,0.9662548,0.034383785
5293,470.8671,0.0,148.89503,57.320164,0.3217284,0.0,0.96934956,0.03438362
5294,536.98096,0.0,173.23665,57.32017,0.33259583,0.0,1.0023768,0.034383453
5295,473.5841,0.0,153.79073,57.32015,0.3418538,0.0,0.953215,0.034383282
5296,461.26788,0.0,185.23044,57.32011,0.34131506,0.0,0.95857733,0.03438312
5297,480.32578,0.0,187.73932,57.320076,0.33468705,0.0,0.98989576,0.03438295
5298,425.6702,0.0,162.09898,57.32012,0.3285251,0.0,0.97529066,0.03438279
5299,469.12415,0.0,167.96088,57.320244,0.32070282,0.0,0.9802325,0.034382623
5300,462.95428,0.0,149.10216,57.320312,0.32575634,0.0,1.0217823,0.034382455
5301,515.29333,0.0,145.87938,57.320404,0.3260167,0.0,0.9755427,0.03438229
5302,531.6696,0.0,147.05487,57.3205,0.3364437,0.0,0.976834,0.03438213
5303,466.09238,0.0,141.59209,57.32056,0.3427851,0.0,0.99357337,0.034381963
5304,542.84686,0.0,165.82184,57.32059,0.32760653,0.0,0.9764927,0.0343818
5305,484.40747,0.0,150.481,57.32061,0.32933503,0.0,1.0100328,0.034381635
5306,448.7213,0.0,141.71768,57.320633,0.33843708,0.0,0.96866786,0.03438147
5307,509.2106,0.0,167.38063,57.320675,0.33863285,0.0,0.9724444,0.034381308
5308,466.49707,0.0,197.64648,57.3207,0.3345025,0.0,0.97119486,0.034381147
5309,473.1146,0.0,158.95145,57.320732,0.33410433,0.0,0.9709764,0.034380987
5310,495.58508,0.0,179.36943,57.320755,0.33518904,0.0,0.9895711,0.034380823
5311,486.00696,0.0,169.18677,57.320805,0.32259732,0.0,0.9673471,0.034380656
5312,489.99915,0.0,179.35002,57.32085,0.33394778,0.0,1.0210848,0.034380496
5313,503.227,0.0,171.75775,57.320877,0.3224181,0.0,0.9788226,0.03438034
5314,452.31326,0.0,176.93437,57.32093,0.34048006,0.0,0.9610884,0.03438018
5315,524.5347,0.0,197.49133,57.320984,0.33334014,0.0,0.9773084,0.03438001
5316,540.0917,0.0,181.54292,57.321014,0.33148724,0.0,0.9713979,0.03437985
5317,482.51196,0.0,177.78682,57.321053,0.34768295,0.0,0.9901868,0.03437969
5318,468.4202,0.0,160.4921,57.321083,0.33258832,0.0,0.9766422,0.03437953
5319,472.74957,0.0,164.82712,57.321125,0.34247026,0.0,0.98903185,0.03437937
5320,502.16367,0.0,154.98242,57.321186,0.33455804,0.0,0.97666985,0.034379207
5321,475.4551,0.0,184.68889,57.321228,0.33542264,0.0,0.98773056,0.03437905
5322,439.34198,0.0,167.81816,57.32129,0.3461293,0.0,0.9480157,0.03437889
5323,456.7192,0.0,153.12201,57.321327,0.33124134,0.0,1.004963,0.03437872
5324,456.306,0.0,179.92986,57.32133,0.33905596,0.0,0.9836179,0.034378547
5325,541.99615,0.0,161.8281,57.32129,0.3352872,0.0,0.9777874,0.034378376
5326,479.90955,0.0,159.76624,57.321255,0.33073428,0.0,0.9885236,0.034378212
5327,518.58136,0.0,170.8745,57.32127,0.3264652,0.0,0.9999176,0.03437805
5328,525.54645,0.0,157.57951,57.32132,0.33992016,0.0,1.0245769,0.034377888
5329,477.1222,0.0,148.80983,57.321358,0.33459118,0.0,0.9664899,0.034377728
5330,479.4817,0.0,164.3606,57.321392,0.3474262,0.0,1.0312334,0.034377564
5331,484.09875,0.0,142.70251,57.32141,0.34176794,0.0,0.9860481,0.034377377
5332,483.60675,0.0,171.5749,57.321404,0.336075,0.0,0.958793,0.0343772
5333,549.98065,0.0,168.4099,57.32139,0.3379676,0.0,0.9466897,0.034377024
5334,485.34473,0.0,148.79782,57.32138,0.33729047,0.0,0.9712064,0.03437685
5335,486.39426,0.0,169.53874,57.3214,0.32291508,0.0,0.9767234,0.034376673
5336,525.90533,0.0,163.52539,57.32141,0.33952636,0.0,0.9626513,0.034376502
5337,531.15576,0.0,185.97464,57.32139,0.3365786,0.0,1.0307697,0.034376334
5338,509.85605,0.0,167.8536,57.321316,0.33896223,0.0,0.9775644,0.034376167
5339,494.9235,0.0,157.18471,57.32131,0.33903828,0.0,0.9805778,0.034376003
5340,507.37964,0.0,169.3058,57.321342,0.3301173,0.0,0.96826327,0.03437584
5341,476.02496,0.0,160.51273,57.321358,0.3406212,0.0,1.0386117,0.034375675
5342,484.01407,0.0,164.59596,57.32139,0.3259456,0.0,0.9601199,0.034375515
5343,461.94928,0.0,188.5879,57.32144,0.33300796,0.0,0.95935374,0.034375355
5344,491.88815,0.0,206.6371,57.32151,0.3375669,0.0,0.98253787,0.03437519
5345,497.40213,0.0,167.9775,57.321575,0.32581672,0.0,1.0209594,0.03437503
5346,417.05222,0.0,168.15608,57.321644,0.33451712,0.0,0.974972,0.03437487
5347,567.55237,0.0,171.12624,57.321655,0.33856863,0.0,0.98494136,0.03437471
5348,567.23895,0.0,167.53737,57.32168,0.3373699,0.0,0.9470592,0.034374557
5349,492.46674,0.0,151.82933,57.32169,0.33996487,0.0,0.9799667,0.034374394
5350,490.46182,0.0,174.26224,57.32171,0.3395595,0.0,0.9855821,0.03437424
5351,541.03143,0.0,159.58203,57.32172,0.34400502,0.0,0.99136317,0.034374084
5352,476.3753,0.0,155.50198,57.32174,0.33936346,0.0,0.95248187,0.034373928
5353,602.56024,0.0,171.5111,57.32173,0.3270518,0.0,0.9538029,0.034373768
5354,507.06418,0.0,184.06972,57.3217,0.32635084,0.0,0.9885467,0.034373615
5355,475.46783,0.0,172.4409,57.321667,0.341656,0.0,0.98989666,0.034373462
5356,497.50867,0.0,152.58073,57.321674,0.33321628,0.0,0.9942158,0.034373302
5357,466.32462,0.0,189.2392,57.32168,0.33329841,0.0,0.9868249,0.03437315
5358,483.779,0.0,159.24203,57.321747,0.33199802,0.0,0.99044454,0.034372993
5359,495.42328,0.0,175.61308,57.321777,0.34330964,0.0,0.9668382,0.034372844
5360,463.5083,0.0,158.04187,57.32182,0.32826275,0.0,1.0087236,0.03437269
5361,442.91205,0.0,152.38246,57.32189,0.33683294,0.0,0.95608544,0.03437254
5362,490.64783,0.0,172.44586,57.321926,0.34325296,0.0,1.0068344,0.034372382
5363,506.83945,0.0,146.95195,57.321983,0.33822003,0.0,0.96713257,0.03437223
5364,519.51245,0.0,167.48984,57.322018,0.3212507,0.0,0.9877279,0.034372076
5365,512.0424,0.0,162.71884,57.322033,0.3460219,0.0,1.0071526,0.03437192
5366,498.74243,0.0,170.43651,57.322044,0.33017877,0.0,0.980292,0.034371767
5367,437.5,0.0,174.8816,57.322075,0.32820746,0.0,0.99915403,0.03437161
5368,510.68066,0.0,148.7084,57.32212,0.32923955,0.0,0.9513007,0.034371458
5369,469.68845,0.0,164.26558,57.32215,0.33855158,0.0,0.9665502,0.03437131
5370,498.8215,0.0,176.99236,57.32221,0.3355296,0.0,0.9796575,0.03437116
5371,553.9401,0.0,180.98412,57.32227,0.32733008,0.0,0.95495504,0.034371004
5372,459.76788,0.0,193.96637,57.32225,0.34105575,0.0,0.9607887,0.03437085
5373,529.4919,0.0,150.59105,57.32223,0.3209196,0.0,0.9694144,0.0343707
5374,488.15448,0.0,151.06752,57.32223,0.34044173,0.0,0.9882752,0.03437055
5375,489.34192,0.0,186.80911,57.322227,0.3505751,0.0,0.96357775,0.034370396
5376,540.82776,0.0,170.96228,57.322243,0.3436969,0.0,0.9637595,0.034370247
5377,470.3067,0.0,163.81075,57.322304,0.32633433,0.0,0.9947243,0.0343701
5378,494.04752,0.0,177.32266,57.322346,0.32579786,0.0,0.9672629,0.034369946
5379,490.48703,0.0,163.9103,57.322353,0.35441235,0.0,0.9748517,0.034369793
5380,447.37115,0.0,149.18552,57.32231,0.3367501,0.0,0.9842514,0.034369648
5381,480.78564,0.0,157.24184,57.322254,0.33057183,0.0,0.98656744,0.034369495
5382,494.3986,0.0,184.65784,57.32222,0.3355878,0.0,0.96483725,0.034369342
5383,462.13562,0.0,170.70627,57.32218,0.33694622,0.0,1.0315852,0.034369193
5384,462.48843,0.0,181.73962,57.322212,0.33947918,0.0,1.0000435,0.034369044
5385,496.35187,0.0,161.28099,57.32227,0.33360365,0.0,1.0097039,0.034368895
5386,401.43466,0.0,153.36299,57.322273,0.33802152,0.0,0.93277615,0.034368746
5387,488.81738,0.0,160.53885,57.32225,0.33701378,0.0,0.9968945,0.034368593
5388,509.98312,0.0,175.26724,57.32219,0.33755517,0.0,0.98151195,0.034368444
5389,535.8576,0.0,162.84204,57.322178,0.3472771,0.0,0.9833449,0.0343683
5390,511.6496,0.0,183.66069,57.322243,0.33972645,0.0,0.9715927,0.03436815
5391,491.0644,0.0,168.50858,57.32227,0.32378426,0.0,0.97061056,0.034368
5392,484.52667,0.0,175.4872,57.32231,0.33142528,0.0,0.98756456,0.03436785
5393,515.86194,0.0,168.57103,57.322346,0.33526972,0.0,0.94794744,0.034367703
5394,566.83167,0.0,189.91656,57.322365,0.34067878,0.0,0.9918738,0.034367554
5395,463.47244,0.0,180.2832,57.322456,0.33692536,0.0,0.9889854,0.034367405
5396,486.28815,0.0,179.76093,57.32254,0.33976322,0.0,0.98907775,0.03436726
5397,463.77484,0.0,161.44543,57.322628,0.33239722,0.0,1.0065813,0.034367107
5398,418.6194,0.0,157.2895,57.322704,0.33535677,0.0,0.9817516,0.03436696
5399,524.18445,0.0,149.3643,57.322784,0.34015045,0.0,0.97221565,0.034366813
5400,499.0452,0.0,177.54762,57.322815,0.33872777,0.0,0.9525481,0.034366664
5401,447.71008,0.0,163.55287,57.322834,0.33932304,0.0,0.97938627,0.03436652
5402,507.18488,0.0,172.78229,57.322853,0.33633652,0.0,0.9710065,0.034366366
5403,412.32843,0.0,177.33727,57.322895,0.33471853,0.0,0.96539533,0.034366224
5404,523.9703,0.0,168.72221,57.3229,0.32819435,0.0,0.97287214,0.034366075
5405,559.91705,0.0,173.43974,57.322945,0.33008868,0.0,0.98616475,0.03436593
5406,492.7563,0.0,153.2495,57.322998,0.3390522,0.0,0.95182914,0.03436578
5407,537.91095,0.0,188.54625,57.323048,0.34371153,0.0,0.98435324,0.03436564
5408,495.97147,0.0,162.50659,57.32312,0.33382338,0.0,0.9683151,0.034365486
5409,502.47696,0.0,186.83344,57.323204,0.35474733,0.0,0.96316034,0.03436534
5410,524.60425,0.0,169.23216,57.323296,0.3174425,0.0,0.9889476,0.034365192
5411,472.6126,0.0,188.46924,57.323368,0.3306956,0.0,0.9614339,0.03436505
5412,473.6161,0.0,151.95895,57.3234,0.3379759,0.0,0.9493074,0.0343649
5413,514.1667,0.0,163.71692,57.32338,0.33688116,0.0,0.9943648,0.034364756
5414,525.1059,0.0,198.57837,57.323387,0.33376482,0.0,0.9785634,0.03436461
5415,457.18475,0.0,176.94951,57.32338,0.34280986,0.0,0.9512325,0.034364466
5416,453.61575,0.0,165.47142,57.323387,0.33123767,0.0,0.9986699,0.03436432
5417,464.55768,0.0,180.99118,57.323368,0.35236615,0.0,0.9741956,0.03436417
5418,511.95383,0.0,138.79826,57.32338,0.32972077,0.0,0.9703026,0.03436403
5419,530.60443,0.0,167.47403,57.32342,0.33162415,0.0,0.9833833,0.03436388
5420,483.5069,0.0,172.03967,57.32346,0.33587334,0.0,0.9889107,0.034363735
5421,499.97626,0.0,178.14905,57.32348,0.34025404,0.0,0.9724546,0.03436359
5422,505.77774,0.0,142.43149,57.323452,0.33345458,0.0,0.9933281,0.03436344
5423,489.28116,0.0,194.66768,57.32341,0.33846268,0.0,1.0045093,0.0343633
5424,490.12802,0.0,166.12643,57.323345,0.33691624,0.0,0.9983119,0.034363154
5425,471.39835,0.0,156.09026,57.323284,0.33820462,0.0,1.0048199,0.034363057
5426,476.3557,0.0,146.93991,57.32318,0.3438441,0.0,0.96538657,0.034362957
5427,451.76672,0.0,165.48848,57.32307,0.3425812,0.0,0.9515106,0.03436285
5428,461.89584,0.0,169.97244,57.32296,0.33910125,0.0,0.9759984,0.034362745
5429,521.65826,0.0,168.42188,57.322857,0.32159257,0.0,0.96500486,0.03436263
5430,502.46332,0.0,179.56429,57.322754,0.33312753,0.0,0.9961137,0.034362517
5431,432.8076,0.0,154.45888,57.32273,0.33586672,0.0,0.96947336,0.0343624
5432,479.35437,0.0,162.08858,57.322742,0.338513,0.0,0.97254235,0.034362283
5433,457.08136,0.0,155.18413,57.322823,0.3263161,0.0,0.99759203,0.034362156
5434,457.92606,0.0,158.09482,57.322857,0.3356029,0.0,0.96934646,0.034362037
5435,512.6995,0.0,174.86768,57.322853,0.3423243,0.0,0.98253095,0.03436191
5436,518.46515,0.0,181.69997,57.322834,0.33136317,0.0,0.9699398,0.034361787
5437,448.36057,0.0,194.26088,57.322838,0.33169606,0.0,0.9646398,0.034361653
5438,479.1419,0.0,152.79501,57.322823,0.34194958,0.0,0.9516898,0.034361523
5439,463.20407,0.0,167.21826,57.322803,0.3321162,0.0,0.97217125,0.034361396
5440,468.9821,0.0,149.6591,57.322796,0.34181607,0.0,0.95872843,0.034361262
5441,484.4882,0.0,187.67075,57.32275,0.33838946,0.0,0.9735517,0.034361128
5442,492.75006,0.0,155.14333,57.322723,0.34011477,0.0,0.95750517,0.034360994
5443,555.93524,0.0,147.27464,57.322674,0.32606822,0.0,1.0127404,0.034360856
5444,466.6595,0.0,172.55202,57.322662,0.33562744,0.0,0.9615575,0.034360725
5445,424.85977,0.0,151.12021,57.3227,0.33537486,0.0,0.98561054,0.034360584
5446,411.07632,0.0,176.52243,57.32273,0.34700614,0.0,1.0121597,0.03436045
5447,461.21683,0.0,184.40895,57.322754,0.3430565,0.0,0.97427875,0.034360312
5448,435.7467,0.0,158.22614,57.322796,0.33443287,0.0,0.96658325,0.03436017
5449,498.24127,0.0,138.67857,57.322834,0.33432126,0.0,0.95275193,0.034360036
5450,488.6495,0.0,205.70723,57.322838,0.33958104,0.0,0.9734266,0.0343599
5451,478.77682,0.0,151.10248,57.322876,0.32839704,0.0,0.97458804,0.03435976
5452,461.72595,0.0,160.2685,57.322918,0.32722405,0.0,0.96278775,0.034359615
5453,482.13788,0.0,149.2337,57.32297,0.3455721,0.0,0.99090815,0.034359477
5454,460.16547,0.0,178.61893,57.323017,0.34023836,0.0,0.9748174,0.03435934
5455,492.25616,0.0,139.30011,57.32303,0.33008918,0.0,0.9533153,0.034359198
5456,492.36783,0.0,155.29803,57.32305,0.33263376,0.0,0.9554512,0.034359057
5457,482.50778,0.0,155.68018,57.323063,0.3401635,0.0,0.9682283,0.03435892
5458,539.9676,0.0,158.59547,57.32309,0.33324367,0.0,0.9786227,0.034358777
5459,510.51993,0.0,181.88141,57.32313,0.3323403,0.0,0.94751245,0.03435864
5460,496.25406,0.0,161.45102,57.323223,0.3359722,0.0,0.9947667,0.034358498
5461,476.4047,0.0,168.53685,57.32335,0.33636546,0.0,0.99199814,0.034358356
5462,496.69125,0.0,192.22336,57.32342,0.34730035,0.0,0.97524464,0.034358215
5463,466.56424,0.0,211.40053,57.32344,0.33925775,0.0,0.9613655,0.034358077
5464,503.2584,0.0,141.68654,57.323452,0.33972257,0.0,0.96480805,0.03435793
5465,480.814,0.0,174.95528,57.323494,0.33403897,0.0,0.98455036,0.034357794
5466,519.3797,0.0,165.95981,57.32351,0.33477446,0.0,0.9502584,0.034357656
5467,535.0736,0.0,176.2896,57.323593,0.33723304,0.0,0.9766619,0.03435751
5468,517.67194,0.0,179.90753,57.32366,0.3319019,0.0,0.9455013,0.034357373
5469,511.43896,0.0,166.47243,57.323708,0.33453026,0.0,0.94591343,0.034357227
5470,530.4558,0.0,176.16837,57.32375,0.33838642,0.0,0.9785789,0.034357093
5471,493.50488,0.0,179.8468,57.32381,0.33989277,0.0,0.9832925,0.034356944
5472,490.4326,0.0,182.21057,57.323902,0.337263,0.0,0.9875856,0.03435681
5473,530.7308,0.0,161.67712,57.324017,0.33984512,0.0,0.97714347,0.034356665
5474,522.00006,0.0,153.13988,57.324154,0.3400849,0.0,0.98728585,0.034356527
5475,463.60977,0.0,165.72508,57.32421,0.33537826,0.0,0.95931154,0.03435639
5476,455.23236,0.0,166.17464,57.32422,0.33579507,0.0,1.0123492,0.03435624
5477,446.52432,0.0,158.13042,57.324272,0.3404582,0.0,0.9642101,0.034356102
5478,506.68973,0.0,145.73018,57.32431,0.34977683,0.0,0.97061497,0.034355965
5479,483.8437,0.0,184.26558,57.32432,0.3288162,0.0,0.98211235,0.034355823
5480,476.2248,0.0,164.24713,57.32435,0.33871347,0.0,0.9634247,0.034355685
5481,516.19556,0.0,133.30748,57.324352,0.3451509,0.0,0.9676412,0.034355544
5482,497.8661,0.0,169.54077,57.324375,0.3409893,0.0,0.9616227,0.0343554
5483,448.07492,0.0,173.93149,57.324406,0.34213898,0.0,0.94630027,0.03435526
5484,480.2758,0.0,155.90083,57.324436,0.3390294,0.0,0.97747576,0.034355123
5485,426.6196,0.0,166.62851,57.32445,0.33368358,0.0,0.9847304,0.034354985
5486,440.74088,0.0,173.49727,57.324474,0.34584478,0.0,0.9775585,0.034354843
5487,520.45654,0.0,192.53821,57.324528,0.3474097,0.0,1.0100923,0.0343547
5488,530.2542,0.0,158.98119,57.32459,0.33095464,0.0,0.9836525,0.03435456
5489,470.5438,0.0,191.14049,57.324608,0.33557504,0.0,0.95518494,0.034354422
5490,503.88297,0.0,168.96173,57.324615,0.32648328,0.0,0.9872312,0.034354284
5491,558.6003,0.0,150.75471,57.324646,0.33206952,0.0,0.9753649,0.034354143
5492,445.8292,0.0,171.56142,57.32469,0.34245962,0.0,0.97606725,0.034354005
5493,491.9822,0.0,185.89195,57.32474,0.33713397,0.0,0.981296,0.034353863
5494,516.61835,0.0,143.03389,57.324753,0.33625105,0.0,1.0481938,0.034353722
5495,445.0697,0.0,172.81311,57.32476,0.32238203,0.0,0.94491196,0.034353588
5496,554.71686,0.0,177.18114,57.324722,0.32960835,0.0,0.99813706,0.034353446
5497,507.94995,0.0,163.071,57.324677,0.33629203,0.0,1.0004264,0.03435331
5498,442.61368,0.0,142.7362,57.32463,0.32801443,0.0,0.9757465,0.034353167
5499,455.37158,0.0,153.99997,57.32463,0.3242426,0.0,0.96532416,0.03435303
5500,517.1869,0.0,178.22554,57.32464,0.33448187,0.0,0.9769657,0.034352884
5501,419.11392,0.0,171.12553,57.32464,0.32869604,0.0,0.9521323,0.03435275
5502,455.9242,0.0,160.94606,57.32462,0.33406717,0.0,0.96622735,0.034352608
5503,521.21234,0.0,167.56331,57.324608,0.3207451,0.0,1.0125331,0.03435247
5504,503.18286,0.0,208.55621,57.324615,0.3234527,0.0,0.97691864,0.034352332
5505,505.23502,0.0,170.50629,57.324547,0.3366822,0.0,0.9588271,0.034352195
5506,472.67825,0.0,161.41412,57.324535,0.3353557,0.0,0.9784589,0.034352053
5507,545.22095,0.0,183.42564,57.324512,0.34441972,0.0,0.97561693,0.034351915
5508,453.2867,0.0,168.03786,57.324482,0.34193546,0.0,0.9992967,0.03435178
5509,456.42972,0.0,181.53075,57.324467,0.34409764,0.0,0.931582,0.03435164
5510,561.3623,0.0,174.97227,57.324463,0.32276395,0.0,0.9912105,0.0343515
5511,525.54236,0.0,190.29207,57.324493,0.33722425,0.0,0.9622486,0.034351364
5512,471.4315,0.0,191.59192,57.32456,0.34644324,0.0,0.9714652,0.034351226
5513,526.43945,0.0,175.37662,57.32467,0.33478713,0.0,0.9643806,0.034351084
5514,470.1525,0.0,158.0003,57.32477,0.32946503,0.0,0.95334727,0.034350947
5515,460.26993,0.0,181.90446,57.324814,0.3331233,0.0,0.9549601,0.034351397
5516,507.89584,0.0,149.68793,57.324852,0.33929557,0.0,0.95425683,0.03435213
5517,496.43375,0.0,177.44302,57.324894,0.3371399,0.0,0.9654162,0.034353048
5518,609.23114,0.0,161.48404,57.324913,0.3247366,0.0,1.0083076,0.03435409
5519,558.56976,0.0,183.8794,57.324924,0.332876,0.0,0.97948277,0.0343552
5520,498.82794,0.0,168.59033,57.324955,0.33200595,0.0,0.9540717,0.034356322
5521,474.374,0.0,163.66385,57.32493,0.338383,0.0,0.97705144,0.03435744
5522,457.29712,0.0,165.81981,57.324947,0.3338034,0.0,0.99286675,0.034358528
5523,517.27014,0.0,173.66415,57.324936,0.3307598,0.0,0.97777915,0.03435957
5524,557.58765,0.0,153.51726,57.324944,0.33578995,0.0,0.9928795,0.034360558
5525,509.63293,0.0,167.86145,57.324886,0.34154117,0.0,0.9654963,0.03436148
5526,496.969,0.0,162.86874,57.324783,0.33196977,0.0,0.980308,0.034362342
5527,512.8617,0.0,177.8688,57.324707,0.33387303,0.0,0.9825673,0.03436313
5528,477.0266,0.0,138.75032,57.32469,0.35525757,0.0,0.99401116,0.03436385
5529,440.61218,0.0,191.1321,57.324722,0.32995668,0.0,0.98008716,0.034364507
5530,424.68417,0.0,169.40842,57.32472,0.31358072,0.0,0.96045774,0.034365095
5531,543.6284,0.0,151.94139,57.3247,0.3314595,0.0,0.9508723,0.034365628
5532,480.28964,0.0,169.23164,57.32464,0.34050143,0.0,0.98602295,0.034366097
5533,497.12387,0.0,171.79922,57.3246,0.33352798,0.0,0.9839471,0.034366507
5534,435.1741,0.0,166.6697,57.324596,0.3392933,0.0,0.9927144,0.03436688
5535,479.2042,0.0,145.65509,57.324627,0.33394942,0.0,0.973149,0.034367204
5536,466.52808,0.0,159.00224,57.324646,0.33306852,0.0,0.9889423,0.034367476
5537,472.1902,0.0,160.00948,57.32469,0.33307007,0.0,0.9949661,0.03436771
5538,446.70535,0.0,180.26361,57.32469,0.3354775,0.0,0.9917455,0.03436791
5539,561.38763,0.0,178.3166,57.324734,0.33012632,0.0,0.98523957,0.034368075
5540,500.03232,0.0,176.35901,57.324764,0.33835983,0.0,0.9997747,0.03436821
5541,484.23163,0.0,144.09213,57.324783,0.3350141,0.0,0.9696967,0.034368314
5542,496.10495,0.0,182.06781,57.324783,0.32856217,0.0,0.96096826,0.034368392
5543,465.52783,0.0,155.49649,57.32477,0.3362117,0.0,0.9681282,0.034368448
5544,425.5378,0.0,211.92639,57.324852,0.33384892,0.0,1.001126,0.034368485
5545,485.47452,0.0,158.84433,57.32493,0.33525822,0.0,0.9670621,0.0343685
5546,468.29688,0.0,157.90706,57.324978,0.33919182,0.0,0.96885437,0.034368496
5547,475.50082,0.0,172.04248,57.325027,0.3438818,0.0,0.95229185,0.03436848
5548,523.9069,0.0,176.4988,57.325035,0.34143284,0.0,0.96508473,0.034368444
5549,459.21143,0.0,165.0264,57.325016,0.34306324,0.0,0.97186506,0.0343684
5550,519.5688,0.0,180.93166,57.325005,0.33830705,0.0,0.97510195,0.034368347
5551,564.55426,0.0,196.35141,57.324986,0.32958782,0.0,0.98351985,0.034368277
5552,459.49213,0.0,162.19502,57.325016,0.34055308,0.0,0.9910311,0.0343682
5553,477.00385,0.0,183.71143,57.325047,0.34144112,0.0,0.9737163,0.034368116
5554,428.83185,0.0,150.30246,57.325108,0.33670124,0.0,0.9801122,0.034368023
5555,442.57278,0.0,194.38754,57.325123,0.3382892,0.0,0.94959694,0.034367926
5556,504.62634,0.0,169.3368,57.32512,0.34375602,0.0,0.97925234,0.034367822
5557,440.6007,0.0,165.25746,57.325138,0.33190945,0.0,0.99282634,0.03436771
5558,484.07678,0.0,171.92549,57.32517,0.34032992,0.0,0.988634,0.0343676
5559,526.96936,0.0,148.02429,57.32523,0.34161472,0.0,0.9637642,0.034367476
5560,487.28333,0.0,169.25885,57.325302,0.3302645,0.0,0.9945703,0.03436736
5561,450.88422,0.0,161.7863,57.325336,0.33646214,0.0,0.9683656,0.03436723
5562,487.17706,0.0,156.45593,57.325375,0.32995474,0.0,0.97191733,0.034367096
5563,466.6662,0.0,168.6027,57.325317,0.33089745,0.0,0.95016074,0.034366965
5564,461.64975,0.0,145.3015,57.325264,0.3377853,0.0,1.004657,0.03436683
5565,542.8862,0.0,167.69296,57.325214,0.33814412,0.0,0.97604525,0.03436669
5566,501.60242,0.0,166.9672,57.325222,0.3381261,0.0,0.95522153,0.03436655
5567,505.29117,0.0,150.09265,57.325245,0.3296142,0.0,0.97174746,0.034366414
5568,494.95523,0.0,189.08406,57.32524,0.33897954,0.0,0.98679096,0.034366272
5569,517.2949,0.0,152.19946,57.32518,0.337945,0.0,0.9689748,0.03436613
5570,502.90805,0.0,178.34401,57.32512,0.34810695,0.0,1.0318983,0.034365986
5571,501.02924,0.0,165.04063,57.32512,0.33436185,0.0,0.9723787,0.034365844
5572,427.28717,0.0,152.95717,57.3251,0.34193176,0.0,0.98738974,0.0343657
5573,501.09113,0.0,142.85799,57.32512,0.33621845,0.0,0.9518402,0.034365546
5574,477.52475,0.0,176.3026,57.325153,0.33989015,0.0,0.9915423,0.034365404
5575,554.1594,0.0,203.33601,57.32513,0.34554392,0.0,1.0052277,0.034365248
5576,427.49686,0.0,173.80449,57.325058,0.33984068,0.0,0.9758212,0.034365103
5577,453.5326,0.0,175.22026,57.324974,0.34222147,0.0,0.97077966,0.034364954
5578,461.20636,0.0,147.59267,57.324894,0.343905,0.0,0.99773926,0.03436481
5579,480.30643,0.0,162.45175,57.324825,0.34025267,0.0,0.94779354,0.03436466
5580,464.45267,0.0,159.36969,57.3247,0.3427913,0.0,1.0144169,0.03436451
5581,458.88254,0.0,151.48479,57.324566,0.34116074,0.0,0.98590624,0.034364358
5582,524.46423,0.0,186.69188,57.324455,0.33733094,0.0,1.0655874,0.034364212
5583,502.37466,0.0,148.54333,57.324333,0.34067434,0.0,0.9493693,0.034364063
5584,464.01944,0.0,166.43384,57.324207,0.33096087,0.0,0.99535346,0.034363918
5585,474.99203,0.0,170.94241,57.324158,0.33224228,0.0,0.9898089,0.034362987
5586,461.23013,0.0,169.96393,57.324177,0.33171076,0.0,0.9658479,0.034362607
5587,466.0747,0.0,179.44809,57.324196,0.33359286,0.0,1.0014501,0.034362648
5588,496.50162,0.0,159.6052,57.324207,0.34909466,0.0,0.98702216,0.034362983
5589,474.72855,0.0,162.5121,57.32419,0.3278714,0.0,0.9822989,0.034363523
5590,483.32993,0.0,176.03241,57.324177,0.33709964,0.0,0.9774166,0.034364205
5591,454.16483,0.0,181.05515,57.324154,0.34228256,0.0,0.97694194,0.034364965
5592,499.47955,0.0,156.21146,57.324135,0.33273584,0.0,0.9810118,0.034365773
5593,456.4363,0.0,171.2113,57.324135,0.33910692,0.0,0.9731556,0.034366593
5594,568.3076,0.0,196.61415,57.32411,0.33002263,0.0,1.0015508,0.034367405
5595,539.2354,0.0,162.44458,57.324146,0.33329883,0.0,0.9875267,0.034368183
5596,459.84756,0.0,174.9701,57.324207,0.33604375,0.0,1.0119418,0.034368936
5597,479.5334,0.0,176.45158,57.32424,0.33771378,0.0,1.0099849,0.034369633
5598,490.65076,0.0,208.08545,57.32426,0.33695444,0.0,0.97562546,0.034370277
5599,455.92398,0.0,190.82184,57.324272,0.34128487,0.0,0.9739086,0.03437088
5600,436.75198,0.0,174.16212,57.32427,0.3295056,0.0,0.96988434,0.034371424
5601,498.76944,0.0,186.69682,57.324318,0.3207706,0.0,0.9632539,0.034371916
5602,441.24152,0.0,152.29108,57.32439,0.3342322,0.0,0.98018074,0.034372356
5603,510.65274,0.0,157.11626,57.324455,0.33805007,0.0,1.0050728,0.034372747
5604,519.0561,0.0,160.10303,57.324486,0.32756102,0.0,0.9690862,0.03437309
5605,478.9043,0.0,165.4919,57.324528,0.32255802,0.0,0.94891053,0.034373388
5606,562.2919,0.0,146.945,57.324528,0.33010933,0.0,0.99154854,0.034373645
5607,477.3306,0.0,161.30504,57.324493,0.35173503,0.0,0.98182744,0.03437386
5608,519.8794,0.0,162.05185,57.324444,0.33503148,0.0,0.96781427,0.034374047
5609,436.1855,0.0,182.66852,57.324394,0.34611696,0.0,0.9587675,0.034374192
5610,442.93848,0.0,156.7343,57.324303,0.33853593,0.0,0.9795438,0.03437431
5611,451.7667,0.0,160.60428,57.324207,0.34172335,0.0,0.96355885,0.034374397
5612,454.55832,0.0,146.1832,57.324158,0.33542112,0.0,0.972722,0.03437446
5613,540.74,0.0,155.07947,57.324154,0.33719844,0.0,0.9785891,0.0343745
5614,461.76138,0.0,169.8888,57.324154,0.34059545,0.0,0.9890953,0.03437452
5615,435.00082,0.0,156.71036,57.324123,0.3312305,0.0,0.9684715,0.03437452
5616,443.2645,0.0,188.77351,57.324104,0.32956478,0.0,0.9757758,0.0343745
5617,515.6892,0.0,156.66315,57.324123,0.3355255,0.0,0.9432205,0.034374464
5618,519.8055,0.0,191.7765,57.324146,0.33678398,0.0,1.0151973,0.03437442
5619,454.38516,0.0,177.98837,57.324184,0.32961312,0.0,1.0104579,0.034374353
5620,480.30917,0.0,164.70297,57.324226,0.3403794,0.0,0.9850536,0.03437428
5621,474.52475,0.0,175.05591,57.324238,0.33383796,0.0,0.9533485,0.034374196
5622,447.70898,0.0,181.61697,57.32424,0.34813228,0.0,0.9633583,0.034374107
5623,467.69397,0.0,154.57945,57.324257,0.3406351,0.0,1.0366793,0.034374002
5624,476.56656,0.0,160.93834,57.32424,0.33446434,0.0,0.9716751,0.034373894
5625,530.11194,0.0,149.51065,57.32426,0.33864325,0.0,0.95825803,0.034373775
5626,557.21014,0.0,150.33372,57.32425,0.33683592,0.0,0.98483884,0.034373652
5627,508.6641,0.0,162.8193,57.32421,0.33684817,0.0,0.96377903,0.034373526
5628,474.7969,0.0,166.84427,57.3242,0.33863115,0.0,0.96612155,0.03437339
5629,488.79562,0.0,176.03645,57.324238,0.33728686,0.0,0.99249125,0.034373257
5630,428.51773,0.0,188.40782,57.324257,0.32367355,0.0,1.009534,0.034373116
5631,591.28296,0.0,206.73906,57.324257,0.32992545,0.0,0.9703818,0.03437297
5632,440.4001,0.0,200.15129,57.324257,0.34583536,0.0,0.9930944,0.034372818
5633,461.02808,0.0,171.01569,57.32425,0.33447647,0.0,0.96329546,0.034372672
5634,414.16867,0.0,174.89378,57.32426,0.33765212,0.0,0.98157275,0.03437252
5635,544.5256,0.0,164.368,57.324257,0.33351249,0.0,0.9736398,0.034372367
5636,503.80817,0.0,137.78256,57.324287,0.32991853,0.0,0.9802911,0.03437221
5637,470.3669,0.0,157.55367,57.324333,0.34053022,0.0,1.0143598,0.034372054
5638,462.1253,0.0,151.24388,57.324394,0.3500125,0.0,0.95197725,0.034371894
5639,495.67203,0.0,156.78085,57.324425,0.3458,0.0,0.97954714,0.034371734
5640,486.95755,0.0,167.84764,57.324444,0.34806848,0.0,0.9789274,0.034371577
5641,494.55118,0.0,166.88266,57.324474,0.33011842,0.0,0.9724286,0.034371413
5642,465.72488,0.0,157.39859,57.324535,0.3302581,0.0,0.96096736,0.034371246
5643,454.52026,0.0,158.02856,57.324543,0.33622387,0.0,0.9750393,0.034371085
5644,496.25558,0.0,176.08525,57.324524,0.33828187,0.0,0.96140796,0.034370918
5645,504.61475,0.0,170.51846,57.324524,0.3319795,0.0,0.96082103,0.034370758
5646,532.1914,0.0,164.93437,57.324512,0.3456981,0.0,0.9914987,0.034370594
5647,434.93146,0.0,149.27734,57.324505,0.34089926,0.0,0.9465969,0.034370426
5648,549.10077,0.0,180.84723,57.324524,0.33399478,0.0,0.9679063,0.034370262
5649,515.3812,0.0,178.84245,57.324596,0.33258045,0.0,0.9926689,0.034370095
5650,464.94363,0.0,178.56798,57.324615,0.33502367,0.0,0.9847797,0.03436993
5651,443.329,0.0,164.82918,57.32464,0.33643404,0.0,0.9873778,0.03436977
5652,494.81656,0.0,184.50407,57.32465,0.33986455,0.0,0.98328054,0.034369603
5653,459.9919,0.0,179.09915,57.32465,0.3335841,0.0,0.94996005,0.03436944
5654,529.009,0.0,202.51703,57.32466,0.34413663,0.0,0.9521754,0.03436927
5655,495.01187,0.0,166.96481,57.32472,0.33069646,0.0,0.9629758,0.034369104
5656,478.6647,0.0,158.15717,57.324802,0.34087422,0.0,0.9735673,0.034368943
5657,507.8509,0.0,159.25937,57.324905,0.3357063,0.0,0.99540484,0.034368776
5658,478.7951,0.0,141.34511,57.324978,0.3351657,0.0,0.97100204,0.034368612
5659,462.82413,0.0,187.80756,57.325005,0.3470664,0.0,1.0051898,0.03436845
5660,486.56348,0.0,181.45517,57.32502,0.3343402,0.0,1.0013565,0.034368284
5661,431.08826,0.0,176.32533,57.325035,0.33256224,0.0,0.9831046,0.034368124
5662,484.57736,0.0,172.11743,57.325066,0.33423015,0.0,0.9856336,0.03436796
5663,501.47968,0.0,168.33588,57.32512,0.33573893,0.0,0.9536963,0.034367796
5664,448.48776,0.0,160.46867,57.325184,0.34597465,0.0,0.98995644,0.034367632
5665,461.37524,0.0,181.64413,57.32523,0.32819876,0.0,1.0125245,0.03436747
5666,537.9231,0.0,166.22116,57.325264,0.32510337,0.0,0.97081643,0.034367308
5667,518.3801,0.0,168.59067,57.325275,0.33492932,0.0,0.99841756,0.034367148
5668,484.5003,0.0,154.62616,57.325264,0.33822337,0.0,0.992763,0.034366988
5669,493.71042,0.0,167.88374,57.32524,0.32800415,0.0,0.9754434,0.034366824
5670,499.8232,0.0,156.83493,57.3252,0.33244038,0.0,0.9680116,0.034366667
5671,479.6115,0.0,171.64821,57.32517,0.3354173,0.0,0.99778885,0.034366503
5672,469.2587,0.0,149.93558,57.32514,0.3401535,0.0,0.9999109,0.034366343
5673,459.62158,0.0,159.25261,57.325138,0.3446951,0.0,0.946074,0.034366183
5674,469.3114,0.0,157.69925,57.325092,0.33089817,0.0,0.9800846,0.034366023
5675,449.49393,0.0,187.03091,57.325058,0.32639128,0.0,0.9646631,0.03436586
5676,440.35025,0.0,183.35019,57.325035,0.3449339,0.0,0.99752283,0.034365702
5677,521.7378,0.0,169.32391,57.32501,0.334154,0.0,0.9706235,0.034365542
5678,528.9929,0.0,180.29828,57.325016,0.33072308,0.0,0.9857431,0.034365382
5679,428.29254,0.0,178.02386,57.324955,0.34503174,0.0,0.9551892,0.03436523
5680,441.16074,0.0,160.3136,57.324905,0.34066793,0.0,1.0598183,0.034365073
5681,472.04315,0.0,161.16722,57.324856,0.33989236,0.0,0.9895325,0.03436491
5682,442.16238,0.0,148.0099,57.324833,0.34252235,0.0,0.98235005,0.034364752
5683,437.77475,0.0,141.0825,57.324795,0.33663648,0.0,0.9750019,0.034364596
5684,534.5521,0.0,171.27277,57.324734,0.3332732,0.0,0.98370284,0.03436444
5685,485.15756,0.0,157.63112,57.324707,0.34503677,0.0,0.99407154,0.034364283
5686,468.19778,0.0,155.57297,57.32467,0.33051303,0.0,0.9940439,0.034364127
5687,468.8626,0.0,173.25742,57.32467,0.34073728,0.0,0.9622749,0.03436397
5688,459.92285,0.0,172.0942,57.32467,0.34080994,0.0,0.95460445,0.03436381
5689,529.0462,0.0,201.06636,57.324677,0.34969944,0.0,0.9536519,0.034363654
5690,497.7629,0.0,188.45033,57.324734,0.3358665,0.0,0.9951889,0.0343635
5691,484.3158,0.0,166.71754,57.32478,0.33373952,0.0,0.9503433,0.034363348
5692,497.76093,0.0,185.93005,57.324814,0.33876345,0.0,0.9726935,0.03436319
5693,463.2622,0.0,184.93062,57.324875,0.33218673,0.0,0.9668165,0.034363035
5694,539.3934,0.0,179.56104,57.32493,0.32994297,0.0,0.98582536,0.034362882
5695,482.15283,0.0,163.02145,57.324966,0.33745682,0.0,0.97018635,0.034362726
5696,495.1554,0.0,144.52666,57.325047,0.33774972,0.0,0.96285933,0.034362577
5697,513.27924,0.0,187.1959,57.32512,0.34298837,0.0,0.9490078,0.034362417
5698,445.9453,0.0,182.06885,57.325222,0.34736875,0.0,0.9678188,0.03436226
5699,474.25726,0.0,157.74905,57.325344,0.3355985,0.0,0.9925275,0.03436211
5700,476.9798,0.0,150.73761,57.325428,0.3437462,0.0,0.9812346,0.03436196
5701,545.4844,0.0,157.23964,57.325478,0.33103365,0.0,0.9785114,0.034361802
5702,458.50763,0.0,205.8745,57.325497,0.33215693,0.0,0.9699043,0.034361653
5703,494.28683,0.0,186.33626,57.325558,0.32555607,0.0,0.97940624,0.034361497
5704,504.6354,0.0,168.97319,57.325653,0.33110645,0.0,0.980069,0.034361344
5705,486.67868,0.0,171.30927,57.325768,0.34444994,0.0,0.958496,0.0343612
5706,489.02267,0.0,159.71071,57.3259,0.33469296,0.0,1.0025083,0.034361046
5707,499.57944,0.0,170.38943,57.32603,0.3328734,0.0,0.9706876,0.034360893
5708,521.1947,0.0,181.71588,57.326145,0.3362056,0.0,0.9965616,0.034360744
5709,505.89136,0.0,166.34378,57.326214,0.33169597,0.0,0.98698854,0.03436059
5710,509.04678,0.0,174.21504,57.32623,0.33946776,0.0,0.9587503,0.034360435
5711,521.2294,0.0,150.69525,57.326256,0.33633643,0.0,1.0020193,0.03436029
5712,507.49133,0.0,152.88702,57.326275,0.34677798,0.0,0.9824548,0.03436014
5713,508.60785,0.0,153.02579,57.32623,0.33050904,0.0,0.9731064,0.034359973
5714,505.94397,0.0,176.47711,57.326157,0.32799923,0.0,0.9771383,0.034359813
5715,498.147,0.0,173.3865,57.326103,0.34598774,0.0,0.94729054,0.034359664
5716,541.67535,0.0,164.7597,57.326153,0.33263728,0.0,0.95091426,0.03435951
5717,448.13184,0.0,161.76903,57.326187,0.34484652,0.0,0.94570315,0.034359366
5718,543.7848,0.0,181.13657,57.32626,0.34351948,0.0,1.0683672,0.03435922
5719,488.58215,0.0,175.06332,57.326378,0.32865933,0.0,0.9614028,0.034359083
5720,536.8987,0.0,169.8687,57.326485,0.32780817,0.0,0.9693295,0.03435894
5721,460.9428,0.0,176.58641,57.326565,0.3377648,0.0,0.98222554,0.034358792
5722,480.9526,0.0,162.11115,57.326614,0.3376624,0.0,0.9735026,0.034358647
5723,492.66388,0.0,163.71698,57.326614,0.3462906,0.0,0.9562575,0.034358513
5724,484.6916,0.0,178.16891,57.326633,0.3289662,0.0,0.9993352,0.034358367
5725,446.58353,0.0,152.83559,57.326656,0.3422354,0.0,0.96326774,0.034358222
5726,491.4768,0.0,171.38945,57.326626,0.3231789,0.0,0.96267635,0.034358088
5727,433.62698,0.0,163.92989,57.326565,0.34210554,0.0,0.99806124,0.034357943
5728,512.4887,0.0,162.47139,57.326534,0.33426774,0.0,0.9797775,0.0343578
5729,478.76202,0.0,142.50233,57.326534,0.35116985,0.0,0.97274846,0.03435766
5730,466.8447,0.0,174.01157,57.326553,0.34115642,0.0,1.0081569,0.034357518
5731,560.58075,0.0,161.32559,57.326553,0.3417565,0.0,0.96875393,0.03435737
5732,486.66998,0.0,158.51793,57.326576,0.33692208,0.0,0.9940898,0.034357235
5733,474.273,0.0,169.75299,57.326595,0.34147936,0.0,0.9898585,0.034357093
5734,475.1045,0.0,172.96992,57.326633,0.33924806,0.0,0.95000976,0.034356944
5735,538.602,0.0,161.83446,57.326626,0.33486792,0.0,0.9681431,0.0343568
5736,461.36102,0.0,192.87067,57.326633,0.33190358,0.0,0.97238135,0.034356654
5737,475.75955,0.0,169.64812,57.326633,0.32757547,0.0,0.97829616,0.034356512
5738,482.37723,0.0,165.8229,57.32662,0.33472207,0.0,1.0178322,0.034356374
5739,450.5598,0.0,176.18228,57.326603,0.33257887,0.0,0.9859691,0.034356225
5740,462.88385,0.0,166.19101,57.326588,0.3521314,0.0,0.97149265,0.03435608
5741,527.47314,0.0,149.15468,57.326546,0.35566032,0.0,0.9593407,0.03435594
5742,504.86057,0.0,157.93367,57.326492,0.3434941,0.0,0.9843441,0.03435579
5743,467.6347,0.0,144.5321,57.326443,0.34381327,0.0,0.99873376,0.034355648
5744,526.77716,0.0,189.63306,57.32638,0.33990806,0.0,1.0158308,0.034355506
5745,545.99615,0.0,157.00119,57.32635,0.3445374,0.0,0.9819078,0.03435536
5746,435.50598,0.0,168.62282,57.326317,0.33324802,0.0,0.9462873,0.034355216
5747,437.13562,0.0,165.37772,57.326286,0.33861738,0.0,0.9832483,0.03435511
5748,458.84106,0.0,147.02425,57.326225,0.34549055,0.0,0.9597352,0.03435501
5749,634.166,0.0,147.13148,57.326183,0.3376719,0.0,0.99835026,0.034354903
5750,508.74017,0.0,115.532906,57.326164,0.33117893,0.0,0.9917498,0.034354795
5751,517.3263,0.0,154.85355,57.326122,0.34476444,0.0,0.9764965,0.03435468
5752,557.05237,0.0,170.15506,57.326096,0.33950302,0.0,1.0016603,0.034354568
5753,497.93625,0.0,142.93172,57.32611,0.3262577,0.0,0.98723805,0.034354445
5754,605.2424,0.0,162.29134,57.326153,0.3300414,0.0,0.99464047,0.034354325
5755,433.50903,0.0,196.74893,57.326183,0.3410445,0.0,1.0472125,0.034354202
5756,471.22165,0.0,149.18001,57.326214,0.34027746,0.0,0.9509293,0.034354083
5757,517.36346,0.0,145.569,57.32625,0.32816422,0.0,0.96687824,0.034353953
5758,462.89954,0.0,175.16844,57.32623,0.3402669,0.0,1.009436,0.034353826
5759,537.0205,0.0,174.82874,57.32623,0.33671263,0.0,0.99236816,0.034353692
5760,454.68982,0.0,147.13121,57.326187,0.34177616,0.0,0.9579138,0.034353565
5761,483.8016,0.0,187.35968,57.326153,0.34701052,0.0,1.0027217,0.03435343
5762,485.59528,0.0,149.8596,57.326126,0.32912967,0.0,0.9836155,0.0343533
5763,506.83206,0.0,188.75461,57.326126,0.33620346,0.0,0.96959317,0.034353167
5764,501.1054,0.0,157.65521,57.326164,0.33743584,0.0,1.0030596,0.034353033
5765,487.7024,0.0,162.52357,57.326176,0.3346997,0.0,0.97834677,0.034352902
5766,476.17435,0.0,179.6152,57.326168,0.33287862,0.0,0.9855296,0.034352764
5767,527.08575,0.0,161.77278,57.326168,0.34977895,0.0,0.9549051,0.03435263
5768,446.20435,0.0,154.85211,57.326168,0.34745562,0.0,0.99572766,0.034352493
5769,516.54443,0.0,167.38934,57.326183,0.33791235,0.0,0.9724055,0.034352355
5770,493.20193,0.0,186.01572,57.32623,0.32793686,0.0,1.0076301,0.03435222
5771,480.4296,0.0,163.18146,57.326214,0.3453827,0.0,0.9811148,0.034352083
5772,499.06863,0.0,176.30655,57.326195,0.34255433,0.0,0.97957575,0.03435194
5773,507.05878,0.0,183.44655,57.326206,0.3339104,0.0,1.0019069,0.034351606
5774,488.7025,0.0,155.26352,57.326218,0.34502974,0.0,0.9550331,0.034351323
5775,527.30176,0.0,160.0363,57.3262,0.34217486,0.0,1.0236032,0.03435107
5776,446.72464,0.0,149.26788,57.326256,0.34059888,0.0,0.9767834,0.034350846
5777,561.30206,0.0,178.26668,57.32626,0.33268288,0.0,0.9585326,0.034350637
5778,497.67328,0.0,151.24704,57.326275,0.33970165,0.0,0.9848456,0.03435045
5779,438.8245,0.0,184.1912,57.32632,0.335521,0.0,0.96924704,0.034350276
5780,497.5235,0.0,180.82362,57.32634,0.31728658,0.0,0.98060316,0.034350112
5781,497.4976,0.0,185.08417,57.326363,0.33896407,0.0,1.0000222,0.03434996
5782,465.10663,0.0,175.99081,57.326336,0.3415252,0.0,0.98324823,0.034349803
5783,462.05472,0.0,143.09268,57.326305,0.33894494,0.0,0.9553869,0.034349658
5784,438.83923,0.0,151.15218,57.326256,0.33829567,0.0,0.98923075,0.034349516
5785,557.5117,0.0,156.13164,57.326244,0.34397134,0.0,0.98884606,0.034349374
5786,512.8646,0.0,176.60567,57.326267,0.33638266,0.0,0.9730807,0.03434924
5787,476.04843,0.0,175.85066,57.32628,0.33399853,0.0,0.98892975,0.0343491
5788,483.42004,0.0,177.13638,57.326225,0.3417621,0.0,0.9554596,0.034348965
5789,506.88168,0.0,159.78473,57.326145,0.34110916,0.0,0.9816109,0.034348827
5790,492.02612,0.0,157.4838,57.326054,0.33102298,0.0,0.95454943,0.03434869
5791,508.68558,0.0,163.77,57.326004,0.3498673,0.0,0.9802612,0.034348555
5792,523.17346,0.0,183.05925,57.32599,0.34517592,0.0,0.9972319,0.03434842
5793,480.03223,0.0,156.7247,57.326,0.33613658,0.0,0.9649349,0.034348283
5794,507.624,0.0,169.92627,57.326023,0.3426297,0.0,0.98505884,0.034348145
5795,527.8807,0.0,160.65082,57.326054,0.3423962,0.0,0.9830163,0.03434801
5796,537.56366,0.0,172.63806,57.32605,0.34730804,0.0,0.98922044,0.03434787
5797,448.0529,0.0,176.13983,57.32606,0.33990854,0.0,1.0074184,0.03434774
5798,484.95853,0.0,148.37654,57.32608,0.34280503,0.0,0.976753,0.0343476
5799,405.5936,0.0,152.40265,57.326134,0.3440095,0.0,0.9833923,0.03434746
5800,503.5227,0.0,171.64597,57.32623,0.3409953,0.0,0.9718056,0.03434732
5801,571.415,0.0,165.04193,57.32626,0.3309162,0.0,0.9817314,0.03434719
5802,438.74548,0.0,149.62537,57.32626,0.34328365,0.0,0.98230284,0.03434705
5803,504.58966,0.0,149.2191,57.326214,0.34984273,0.0,0.98937696,0.034346912
5804,485.14856,0.0,169.89568,57.3262,0.33218125,0.0,0.95616937,0.034346774
5805,451.34525,0.0,163.44792,57.326164,0.32904172,0.0,0.9603297,0.03434663
5806,463.0233,0.0,154.48595,57.326157,0.31552938,0.0,0.94961524,0.034346495
5807,422.65906,0.0,183.05557,57.326183,0.32800168,0.0,0.9324799,0.034346353
5808,496.75156,0.0,169.7834,57.326206,0.33785468,0.0,0.9548519,0.034346215
5809,497.37598,0.0,179.68396,57.326168,0.33392933,0.0,0.9791103,0.034346078
5810,478.42764,0.0,155.25072,57.326126,0.34383246,0.0,0.97026217,0.03434594
5811,548.38776,0.0,171.27982,57.326096,0.3340208,0.0,0.9714555,0.0343458
5812,513.6319,0.0,191.19011,57.32603,0.33928177,0.0,0.97820055,0.034345664
5813,467.5836,0.0,197.90633,57.32595,0.33456,0.0,0.9965688,0.034345523
5814,511.18924,0.0,172.26292,57.325897,0.33654347,0.0,0.9837512,0.034345385
5815,481.7297,0.0,187.66826,57.32588,0.3383236,0.0,1.0129888,0.034345247
5816,462.9104,0.0,162.15555,57.32597,0.33782026,0.0,0.99494106,0.03434511
5817,497.95917,0.0,161.31186,57.32605,0.34231955,0.0,0.9830041,0.034344967
5818,469.26245,0.0,188.7846,57.326122,0.3367239,0.0,0.9649223,0.03434483
5819,503.47888,0.0,179.10085,57.326218,0.33169276,0.0,0.94952863,0.034344688
5820,478.6415,0.0,169.6796,57.32634,0.3310155,0.0,0.97166497,0.03434455
5821,521.9275,0.0,171.87637,57.32643,0.33069858,0.0,0.97548294,0.034344412
5822,509.80234,0.0,160.15869,57.32647,0.33658922,0.0,1.0613126,0.034344275
5823,495.4851,0.0,167.68642,57.326485,0.32943255,0.0,0.96511596,0.034344133
5824,520.1333,0.0,164.49283,57.326523,0.34351602,0.0,0.97894186,0.034343995
5825,449.3313,0.0,147.3673,57.326504,0.33224252,0.0,0.9621167,0.034343857
5826,442.16373,0.0,162.36943,57.326454,0.34227717,0.0,0.9908254,0.034343723
5827,514.0154,0.0,182.33565,57.326424,0.32462615,0.0,0.96680224,0.03434358
5828,497.28564,0.0,168.66449,57.326363,0.3425996,0.0,1.0178133,0.034343448
5829,476.0068,0.0,153.79343,57.32635,0.33767295,0.0,0.9905217,0.034343306
5830,493.9503,0.0,171.27959,57.32636,0.3506719,0.0,0.9848127,0.03434317
5831,510.20264,0.0,175.92099,57.326363,0.33408603,0.0,0.96732086,0.034343034
5832,456.9511,0.0,158.97324,57.32639,0.34265545,0.0,1.0126892,0.034342892
5833,479.07693,0.0,154.09564,57.32637,0.34227544,0.0,0.98012465,0.034342755
5834,467.3722,0.0,164.24284,57.326317,0.3400414,0.0,0.9732564,0.034342617
5835,529.9974,0.0,164.11295,57.326267,0.32575142,0.0,0.9320112,0.034342483
5836,497.23074,0.0,178.31659,57.326206,0.33185533,0.0,0.9923944,0.034342345
5837,466.42053,0.0,173.29114,57.326126,0.33425128,0.0,0.98312557,0.034342207
5838,583.8359,0.0,174.84915,57.326096,0.3409669,0.0,0.9796155,0.034342073
5839,554.20184,0.0,167.20216,57.326073,0.34774622,0.0,0.9729486,0.034341935
5840,583.91315,0.0,172.9194,57.326035,0.3452411,0.0,0.96322405,0.034341794
5841,493.2759,0.0,168.59514,57.32598,0.3411745,0.0,0.9699256,0.03434166
5842,508.46268,0.0,166.65822,57.3259,0.33678454,0.0,0.9497524,0.034341525
5843,508.16748,0.0,159.63445,57.325794,0.3293726,0.0,0.9826926,0.034341384
5844,461.55197,0.0,183.58307,57.325695,0.3360974,0.0,0.9562369,0.03434125
5845,476.89032,0.0,142.48605,57.32561,0.33776486,0.0,0.9380812,0.03434111
5846,471.34238,0.0,152.86308,57.32557,0.33375186,0.0,0.97795576,0.034340978
5847,439.6921,0.0,156.88196,57.325542,0.35085538,0.0,0.99713314,0.03434084
5848,492.1815,0.0,177.75629,57.32555,0.31898555,0.0,0.96360856,0.034340702
5849,449.98163,0.0,156.53844,57.32552,0.32278672,0.0,0.9813484,0.034340564
5850,498.19604,0.0,166.83344,57.325512,0.33883077,0.0,0.97113734,0.03434043
5851,442.38123,0.0,172.79994,57.3255,0.3344846,0.0,0.9755998,0.034340296
5852,496.54254,0.0,142.46114,57.325466,0.3377014,0.0,0.95673037,0.034340158
5853,411.47955,0.0,151.83727,57.32544,0.34330586,0.0,0.98418415,0.03434002
5854,450.27283,0.0,161.31543,57.32544,0.340635,0.0,0.95851,0.034339886
5855,493.39203,0.0,166.11981,57.32544,0.33180314,0.0,0.9407932,0.034339752
5856,517.2525,0.0,146.03435,57.32544,0.34038618,0.0,0.9997547,0.034339614
5857,497.36957,0.0,200.6114,57.325436,0.33266133,0.0,0.96988004,0.034339484
5858,465.49118,0.0,169.50449,57.32547,0.34262934,0.0,0.995223,0.034339346
5859,551.0215,0.0,188.21486,57.3255,0.32526752,0.0,0.94944227,0.03433921
5860,499.48227,0.0,162.51172,57.3256,0.3365823,0.0,0.92357785,0.034339074
5861,463.8919,0.0,162.2181,57.325703,0.3295416,0.0,0.9973409,0.03433893
5862,491.66605,0.0,165.51355,57.325745,0.3269112,0.0,0.9744457,0.034338787
5863,537.9774,0.0,168.64903,57.325733,0.3425162,0.0,0.9590021,0.034338646
5864,464.6177,0.0,168.33344,57.325703,0.3429309,0.0,0.9622536,0.03433851
5865,508.73303,0.0,165.10713,57.325665,0.34107965,0.0,0.96359456,0.034338374
5866,477.8376,0.0,181.04163,57.325684,0.33717352,0.0,0.98886186,0.034338243
5867,491.8345,0.0,161.15427,57.325714,0.3383369,0.0,0.9783034,0.03433811
5868,529.44977,0.0,166.40176,57.325695,0.33163553,0.0,0.980059,0.034337975
5869,425.1132,0.0,168.75058,57.32564,0.35090405,0.0,0.96903956,0.03433784
5870,484.957,0.0,160.11343,57.32557,0.33608004,0.0,0.97163075,0.034337714
5871,477.42377,0.0,168.35544,57.32555,0.32776913,0.0,0.9637081,0.034337584
5872,483.3021,0.0,180.43336,57.32553,0.3400706,0.0,0.97445565,0.03433745
5873,467.31082,0.0,164.19551,57.32559,0.3245634,0.0,0.97558075,0.034337316
5874,434.42892,0.0,185.41045,57.325684,0.33981988,0.0,0.9870314,0.034337185
5875,475.60196,0.0,171.85397,57.325726,0.33775726,0.0,0.9868254,0.034337055
5876,483.34055,0.0,170.74747,57.325756,0.32957125,0.0,0.9814878,0.034336925
5877,516.3485,0.0,145.10393,57.325775,0.33426806,0.0,0.9650201,0.03433679
5878,575.80536,0.0,177.8657,57.325794,0.3352387,0.0,1.0005504,0.03433666
5879,490.09015,0.0,176.39111,57.325848,0.33359852,0.0,0.9693783,0.034336526
5880,499.57013,0.0,158.7417,57.325886,0.3358488,0.0,0.9785566,0.034336396
5881,494.30362,0.0,153.83432,57.325928,0.33806232,0.0,0.969464,0.034336265
5882,447.2412,0.0,164.91019,57.32592,0.33389202,0.0,0.9809537,0.03433613
5883,450.81906,0.0,171.03255,57.32592,0.3388365,0.0,0.9813062,0.034336
5884,459.06735,0.0,154.70699,57.325928,0.33026084,0.0,0.9659563,0.034335867
5885,471.61926,0.0,157.56012,57.32593,0.33901107,0.0,0.96034724,0.034335736
5886,496.5602,0.0,176.0979,57.32597,0.33653715,0.0,0.9804531,0.034335602
5887,565.10443,0.0,148.5104,57.326042,0.33407184,0.0,0.9696256,0.034335468
5888,523.2732,0.0,158.85692,57.326103,0.32963705,0.0,0.95528895,0.034335338
5889,490.8484,0.0,173.33919,57.32614,0.3413065,0.0,0.9768744,0.034335207
5890,466.84497,0.0,177.3148,57.326183,0.3365542,0.0,0.9537636,0.03433507
5891,463.32367,0.0,147.49236,57.326187,0.33372185,0.0,1.0025487,0.034334935
5892,503.03137,0.0,175.83365,57.326206,0.34459168,0.0,0.9579084,0.034334812
5893,539.1755,0.0,180.19418,57.326183,0.34327057,0.0,0.96059215,0.03433468
5894,447.32544,0.0,178.91539,57.326206,0.3449564,0.0,1.0130789,0.034334544
5895,523.20245,0.0,170.57462,57.32625,0.32882333,0.0,0.9648147,0.034334414
5896,518.27136,0.0,164.88077,57.326225,0.3313619,0.0,0.976357,0.03433428
5897,509.54178,0.0,159.71146,57.326153,0.32960013,0.0,0.97695094,0.034334145
5898,489.83514,0.0,147.76686,57.32609,0.3364065,0.0,0.9648579,0.034334015
5899,484.11313,0.0,164.00479,57.326084,0.3429232,0.0,0.99717647,0.03433388
5900,465.06256,0.0,181.9234,57.326122,0.33338097,0.0,1.0055834,0.034333844
5901,430.8808,0.0,155.85065,57.326145,0.33508986,0.0,0.9666739,0.034334283
5902,487.21167,0.0,176.81418,57.326153,0.33905053,0.0,1.0191733,0.034335043
5903,481.96384,0.0,185.74783,57.326164,0.34317884,0.0,1.0100329,0.034336027
5904,492.49472,0.0,159.63046,57.32614,0.3348659,0.0,0.9698242,0.034337163
5905,473.3137,0.0,179.33907,57.326122,0.3368075,0.0,0.97308755,0.034338366
5906,456.0074,0.0,156.62178,57.326084,0.33360398,0.0,0.97936594,0.034339607
5907,470.4974,0.0,150.52545,57.326035,0.33367857,0.0,0.96377766,0.03434084
5908,486.0612,0.0,168.75232,57.32601,0.3414912,0.0,0.98960453,0.034342043
5909,537.1762,0.0,153.65634,57.325962,0.34189427,0.0,0.9581056,0.0343432
5910,447.47382,0.0,153.09958,57.325897,0.33171043,0.0,0.97938776,0.0343443
5911,503.86835,0.0,168.17247,57.325848,0.34079686,0.0,0.9865925,0.03434533
5912,494.6732,0.0,169.27158,57.325817,0.34141243,0.0,1.0134658,0.034346282
5913,456.08417,0.0,149.71579,57.325775,0.3415472,0.0,0.9785127,0.034347165
5914,456.93417,0.0,145.46706,57.325775,0.3314104,0.0,0.98590314,0.034347974
5915,451.66608,0.0,178.12318,57.325806,0.32365742,0.0,0.9723058,0.034348704
5916,514.9479,0.0,165.33281,57.325775,0.3373476,0.0,1.0121272,0.034349367
5917,533.9874,0.0,172.7967,57.325752,0.33295906,0.0,0.9619606,0.03434996
5918,517.3787,0.0,148.30443,57.325665,0.34311315,0.0,0.96326536,0.034350492
5919,515.7854,0.0,180.28374,57.325573,0.33446985,0.0,0.96506613,0.034350965
5920,542.0402,0.0,167.6206,57.3255,0.3321669,0.0,0.9810711,0.034351375
5921,445.7242,0.0,163.15341,57.32544,0.3357154,0.0,0.96648943,0.034351736
5922,486.9423,0.0,170.71085,57.32538,0.33956423,0.0,0.97301507,0.034352046
5923,468.16998,0.0,166.07225,57.325294,0.33816501,0.0,1.0026741,0.034352317
5924,515.9761,0.0,155.6578,57.32524,0.34002075,0.0,0.9817913,0.03435254
5925,498.0961,0.0,146.7858,57.32521,0.33269766,0.0,0.995246,0.034352735
5926,505.4662,0.0,155.33478,57.32515,0.32093316,0.0,0.9999805,0.034352865
5927,519.449,0.0,161.29102,57.32508,0.34551862,0.0,0.97164875,0.03435297
5928,451.3509,0.0,171.88347,57.32502,0.33039182,0.0,0.96198004,0.034353044
5929,479.75006,0.0,214.50755,57.324997,0.33892784,0.0,0.9889762,0.034353103
5930,473.37424,0.0,154.67831,57.32501,0.33433184,0.0,0.9844522,0.034353133
5931,533.033,0.0,152.9151,57.325005,0.33334014,0.0,0.9814857,0.03435315
5932,434.68088,0.0,171.62543,57.32501,0.34384924,0.0,0.978543,0.03435314
5933,515.98047,0.0,155.54076,57.32501,0.3341874,0.0,0.9680257,0.03435312
5934,479.58066,0.0,146.79085,57.32504,0.3405704,0.0,0.97819024,0.034353085
5935,543.23444,0.0,172.2066,57.325066,0.33568752,0.0,0.9801117,0.034353033
5936,468.84286,0.0,156.66289,57.325123,0.3488784,0.0,0.97501993,0.034352973
5937,513.07074,0.0,162.82086,57.325233,0.3438495,0.0,0.94067764,0.034352902
5938,462.82944,0.0,139.81361,57.325314,0.32815334,0.0,0.9867256,0.034352824
5939,437.5703,0.0,178.32458,57.325356,0.3327594,0.0,0.98452806,0.034352727
5940,487.36044,0.0,163.07921,57.32541,0.32719028,0.0,0.9754753,0.03435263
5941,504.38998,0.0,155.60081,57.32546,0.34294757,0.0,0.9503719,0.034352526
5942,463.51428,0.0,154.55066,57.32554,0.34251374,0.0,0.97734606,0.034352414
5943,528.87726,0.0,163.45337,57.325573,0.3366857,0.0,0.9441855,0.034352295
5944,490.1849,0.0,196.68246,57.32555,0.33025464,0.0,0.9655519,0.03435218
5945,461.9735,0.0,164.45555,57.32554,0.32635522,0.0,0.9731782,0.03435205
5946,459.9827,0.0,165.18575,57.325542,0.3417687,0.0,0.9856351,0.03435192
5947,511.4405,0.0,166.41917,57.32554,0.33446863,0.0,0.98722994,0.03435179
5948,495.8119,0.0,156.42595,57.32553,0.32474878,0.0,0.9765044,0.03435165
5949,454.97897,0.0,177.98254,57.32554,0.3322942,0.0,0.9815881,0.03435151
5950,508.80035,0.0,144.34148,57.32554,0.33717436,0.0,0.97920567,0.03435137
5951,426.72238,0.0,158.8776,57.32553,0.3435243,0.0,0.98878884,0.034351226
5952,461.55078,0.0,163.98882,57.32551,0.33602467,0.0,0.96675646,0.034351077
5953,527.0349,0.0,179.15517,57.32554,0.3367054,0.0,0.9840444,0.034350935
5954,530.8989,0.0,155.0862,57.325542,0.3326169,0.0,1.0032984,0.034350783
5955,433.46844,0.0,183.28398,57.325558,0.3387977,0.0,0.97647095,0.03435063
5956,450.55667,0.0,186.4355,57.32552,0.3350723,0.0,0.9775485,0.034350477
5957,543.4177,0.0,184.71251,57.32545,0.33428922,0.0,0.97655004,0.03435033
5958,471.18143,0.0,157.82687,57.325397,0.33539274,0.0,0.9908469,0.034350175
5959,449.83252,0.0,174.65224,57.325356,0.33848923,0.0,0.9740607,0.034350023
5960,495.26462,0.0,156.52676,57.325294,0.33702502,0.0,0.9918639,0.03434987
5961,463.67834,0.0,172.2454,57.32526,0.33451512,0.0,0.9863519,0.034349654
5962,491.0667,0.0,179.33498,57.325203,0.33229414,0.0,0.94131714,0.03434945
5963,447.50613,0.0,155.1019,57.32515,0.34009102,0.0,1.0055256,0.034349248
5964,561.36285,0.0,176.6543,57.325092,0.33223683,0.0,0.9641637,0.034349054
5965,535.9711,0.0,174.06177,57.325077,0.34126833,0.0,0.9925405,0.034348868
5966,536.1663,0.0,161.8654,57.325058,0.33346617,0.0,0.9831669,0.03434868
5967,507.67636,0.0,155.17653,57.325027,0.34184262,0.0,0.98507106,0.0343485
5968,533.7969,0.0,154.59892,57.324955,0.3352271,0.0,0.98119646,0.03434832
5969,487.8317,0.0,193.82912,57.324883,0.34102535,0.0,0.9831369,0.03434814
5970,511.37125,0.0,165.18042,57.324825,0.33034894,0.0,0.9888752,0.03434797
5971,546.74884,0.0,156.69498,57.324795,0.33956343,0.0,0.96293706,0.034347802
5972,476.6416,0.0,154.31175,57.324783,0.3409725,0.0,0.98413813,0.034347627
5973,470.71558,0.0,186.67964,57.324753,0.34110758,0.0,0.995143,0.034347463
5974,501.494,0.0,183.17653,57.3247,0.33601016,0.0,0.96504265,0.034347296
5975,521.2051,0.0,186.20204,57.32467,0.33572462,0.0,0.9798486,0.03434713
5976,442.4796,0.0,169.1776,57.324688,0.34536847,0.0,0.95759517,0.034346968
5977,529.6894,0.0,163.71599,57.32472,0.33819744,0.0,0.98307127,0.034346737
5978,560.13153,0.0,157.05412,57.32475,0.33006316,0.0,0.9742851,0.03434652
5979,469.9104,0.0,157.92447,57.324783,0.32905778,0.0,0.9827735,0.03434632
5980,446.24374,0.0,172.60901,57.32487,0.3437779,0.0,0.98157054,0.034346126
5981,485.98312,0.0,149.13832,57.32493,0.33354658,0.0,0.97443235,0.034345943
5982,488.92636,0.0,168.36368,57.32499,0.3334512,0.0,0.9901464,0.03434576
5983,478.80185,0.0,152.22794,57.325066,0.33390954,0.0,0.954201,0.034345586
5984,591.36926,0.0,151.6346,57.325123,0.3322139,0.0,1.0025756,0.03434542
5985,473.2188,0.0,163.01424,57.32519,0.32224336,0.0,0.9837518,0.034345254
5986,465.98932,0.0,158.08241,57.325222,0.33050722,0.0,0.9747644,0.034345094
5987,465.10736,0.0,162.36403,57.325245,0.32203203,0.0,0.9830641,0.03434493
5988,499.11066,0.0,158.78676,57.325245,0.3346775,0.0,0.9620177,0.034344777
5989,459.70935,0.0,167.48506,57.32519,0.34796673,0.0,0.98497885,0.034344617
5990,482.30994,0.0,155.47699,57.32519,0.32762426,0.0,0.9738885,0.03434446
5991,481.43515,0.0,156.75835,57.325214,0.33421487,0.0,0.97045654,0.034344308
5992,519.1416,0.0,147.84886,57.325214,0.34509876,0.0,0.99997365,0.03434416
5993,487.07104,0.0,165.0705,57.325214,0.33681196,0.0,1.0267007,0.034344003
5994,488.5174,0.0,175.20485,57.32524,0.3496289,0.0,0.96672577,0.03434385
5995,429.11145,0.0,177.7059,57.325264,0.33083934,0.0,0.98411405,0.034343697
5996,511.82153,0.0,167.54594,57.325287,0.3367298,0.0,0.9762665,0.034343548
5997,434.9408,0.0,161.60136,57.325302,0.3295105,0.0,1.0094286,0.034343395
5998,451.6471,0.0,168.83786,57.325317,0.3348682,0.0,0.96186,0.034343246
5999,542.9765,0.0,212.80374,57.325314,0.33864585,0.0,0.98000765,0.034343097
6000,501.8509,0.0,171.8291,57.325325,0.33437306,0.0,0.9980741,0.034342945
6001,460.00006,0.0,173.06734,57.325314,0.33471167,0.0,0.96435547,0.034342796
6002,515.4975,0.0,156.94405,57.32526,0.33601752,0.0,0.99452996,0.034342643
6003,505.7106,0.0,186.38646,57.32521,0.3281049,0.0,0.95071757,0.034342498
6004,438.49844,0.0,166.9185,57.32515,0.33091754,0.0,0.9986605,0.03434235
6005,438.6821,0.0,157.27298,57.325138,0.33811584,0.0,0.9865974,0.0343422
6006,433.41437,0.0,198.3304,57.325153,0.33028942,0.0,0.94880635,0.034342047
6007,479.0477,0.0,214.37892,57.32514,0.33328724,0.0,1.0073738,0.0343419
6008,454.91928,0.0,155.1796,57.32514,0.33950594,0.0,0.9892826,0.034341753
6009,464.36176,0.0,182.56816,57.32512,0.32584783,0.0,0.9694233,0.034341604
6010,512.5275,0.0,171.34105,57.325077,0.3392885,0.0,0.9767373,0.034341455
6011,460.24698,0.0,195.97691,57.325066,0.33830097,0.0,0.98696184,0.03434131
6012,495.57382,0.0,152.56279,57.324978,0.32764176,0.0,1.0061164,0.03434116
6013,437.52982,0.0,181.96143,57.324913,0.35132676,0.0,0.96802115,0.03434101
6014,481.86542,0.0,196.51187,57.324883,0.33870843,0.0,0.9790109,0.03434087
6015,497.90125,0.0,144.01106,57.32481,0.357327,0.0,0.99526024,0.03434072
6016,523.744,0.0,191.98558,57.324764,0.33332613,0.0,0.97989386,0.03434057
6017,491.10138,0.0,146.87068,57.324764,0.3450653,0.0,1.0213212,0.03433944
6018,534.27167,0.0,172.92767,57.324783,0.33351347,0.0,0.9791103,0.034339167
6019,475.0738,0.0,157.59169,57.32482,0.33765167,0.0,1.0254707,0.034339532
6020,457.93707,0.0,143.66748,57.324814,0.3366544,0.0,0.9830816,0.03434036
6021,518.38745,0.0,157.99623,57.32481,0.33684742,0.0,0.9826936,0.0343415
6022,492.92966,0.0,185.07965,57.32478,0.33688486,0.0,0.9838384,0.034342833
6023,449.43665,0.0,158.0226,57.324783,0.3390862,0.0,1.040275,0.034344297
6024,517.91,0.0,160.49553,57.324734,0.33622983,0.0,0.95915896,0.03434581
6025,497.18314,0.0,163.25014,57.32469,0.32959124,0.0,0.961128,0.034347333
6026,483.38617,0.0,140.06749,57.324677,0.3324277,0.0,1.0031725,0.034348827
6027,491.12192,0.0,182.18541,57.324688,0.34397253,0.0,0.9693967,0.03435027
6028,480.904,0.0,143.37465,57.3247,0.3488488,0.0,0.9352258,0.03435164
6029,459.76968,0.0,150.29436,57.324707,0.342016,0.0,0.98449415,0.034352936
6030,430.55838,0.0,166.24004,57.32474,0.33461374,0.0,0.9982118,0.034354143
6031,472.21313,0.0,170.71025,57.32475,0.3389639,0.0,1.0120093,0.03435525
6032,483.94513,0.0,160.30965,57.324753,0.33620584,0.0,0.98367244,0.034356274
6033,522.59204,0.0,146.4963,57.324707,0.34342554,0.0,0.97150356,0.03435721
6034,536.31067,0.0,172.88135,57.32466,0.33374387,0.0,0.9559212,0.034358054
6035,415.79977,0.0,185.08278,57.324596,0.345285,0.0,0.97133875,0.034358818
6036,509.2607,0.0,197.3549,57.324524,0.3390041,0.0,0.9980195,0.034359492
6037,466.43808,0.0,138.41687,57.324467,0.32503924,0.0,0.9883008,0.034360103
6038,448.78232,0.0,171.5482,57.324425,0.33862248,0.0,0.961476,0.03436064
6039,473.28955,0.0,169.16434,57.324383,0.3428227,0.0,0.9660207,0.0343611
6040,427.4177,0.0,161.917,57.32437,0.33482695,0.0,0.9783433,0.034361515
6041,475.11392,0.0,167.88832,57.32436,0.32980427,0.0,0.95380336,0.03436187
6042,464.17465,0.0,171.39291,57.324318,0.33751914,0.0,1.0142078,0.03436217
6043,495.20078,0.0,155.20729,57.32423,0.33852527,0.0,0.99621177,0.034362424
6044,447.19476,0.0,169.86217,57.324184,0.33978966,0.0,0.9874925,0.034362637
6045,466.2689,0.0,171.58585,57.32417,0.32929653,0.0,0.9787745,0.034362808
6046,488.70166,0.0,184.55173,57.32422,0.3365963,0.0,0.96774155,0.034362942
6047,524.9514,0.0,196.93883,57.32426,0.3353331,0.0,0.9394128,0.034363046
6048,488.0063,0.0,175.1003,57.32434,0.33882868,0.0,0.9737928,0.03436312
6049,521.6467,0.0,155.49115,57.324444,0.34182823,0.0,0.95907784,0.03436317
6050,495.70227,0.0,154.59903,57.324535,0.33271453,0.0,0.98185503,0.034363195
6051,455.2781,0.0,190.3829,57.32464,0.32961777,0.0,0.994328,0.034363195
6052,475.6018,0.0,158.5297,57.32475,0.3396837,0.0,0.9802024,0.034363177
6053,443.59406,0.0,167.20215,57.324844,0.34319648,0.0,0.9830845,0.03436314
6054,552.88055,0.0,157.91461,57.324905,0.34193274,0.0,0.9621241,0.03436309
6055,425.6118,0.0,170.07787,57.324966,0.32360947,0.0,0.9953757,0.034363024
6056,481.30472,0.0,158.85648,57.324997,0.3347221,0.0,0.9893772,0.034362946
6057,454.72455,0.0,161.26236,57.32501,0.33066458,0.0,0.959752,0.034362856
6058,474.2644,0.0,153.8374,57.32507,0.35089752,0.0,1.0067675,0.034362756
6059,450.594,0.0,158.51218,57.325153,0.33065796,0.0,0.98013675,0.034362644
6060,532.14136,0.0,144.68263,57.325245,0.33165112,0.0,0.99931985,0.034362525
6061,463.64334,0.0,161.53726,57.325348,0.33975214,0.0,0.9739059,0.034362398
6062,440.05643,0.0,169.93796,57.325394,0.34013322,0.0,0.97889835,0.034362268
6063,503.6111,0.0,168.90729,57.32544,0.3335195,0.0,0.994532,0.03436213
6064,474.7386,0.0,188.60721,57.325466,0.33039454,0.0,1.0383734,0.03436199
6065,475.69464,0.0,167.6732,57.32546,0.33494845,0.0,0.9654117,0.034361843
6066,485.43658,0.0,159.476,57.3255,0.33186808,0.0,0.98531455,0.034361687
6067,491.10504,0.0,174.56503,57.325558,0.3383294,0.0,0.9660245,0.034361534
6068,461.3029,0.0,157.02832,57.32558,0.3396457,0.0,1.0085413,0.034361377
6069,422.57303,0.0,170.42926,57.325592,0.33093983,0.0,0.98715997,0.034361213
6070,469.5152,0.0,187.6663,57.32559,0.3250458,0.0,0.97870994,0.03436105
6071,449.43326,0.0,181.41542,57.3256,0.33207977,0.0,0.96936464,0.03436089
6072,463.61893,0.0,182.88368,57.3256,0.32713154,0.0,0.96933734,0.034360718
6073,486.65628,0.0,177.8358,57.32561,0.33902907,0.0,0.986879,0.03436055
6074,507.4666,0.0,141.87314,57.325634,0.3345585,0.0,0.95651984,0.03436038
6075,437.24857,0.0,141.10306,57.325634,0.34292153,0.0,0.9662425,0.03436021
6076,467.65674,0.0,182.05061,57.325592,0.34119493,0.0,0.9653408,0.034360036
6077,466.118,0.0,176.13019,57.325558,0.32932508,0.0,0.9472154,0.03435986
6078,515.1098,0.0,174.64462,57.32557,0.34159893,0.0,0.9776634,0.03435969
6079,524.4806,0.0,150.92532,57.325634,0.33525,0.0,0.9374384,0.034359515
6080,519.9773,0.0,165.88734,57.325745,0.33995593,0.0,0.94398725,0.03435934
6081,417.54428,0.0,158.9732,57.325825,0.3379315,0.0,0.9737802,0.03435916
6082,451.1953,0.0,174.5039,57.325886,0.33284983,0.0,0.99049646,0.03435899
6083,497.1643,0.0,196.4358,57.325993,0.3402262,0.0,0.97011477,0.034358814
6084,531.69073,0.0,178.31848,57.326004,0.33706272,0.0,0.9726412,0.034358636
6085,482.6099,0.0,172.01035,57.325977,0.3422412,0.0,0.978647,0.03435846
6086,469.79346,0.0,190.27954,57.32595,0.3301916,0.0,0.9790961,0.03435829
6087,521.9477,0.0,173.02525,57.325962,0.33622244,0.0,1.0011185,0.034358114
6088,475.4212,0.0,176.88535,57.32594,0.32487202,0.0,0.99027455,0.034357935
6089,449.8261,0.0,167.20901,57.325897,0.34103835,0.0,0.99449044,0.034357756
6090,424.50098,0.0,175.08182,57.325886,0.33777863,0.0,0.9660413,0.03435759
6091,457.99628,0.0,165.15605,57.3259,0.33379495,0.0,0.98105276,0.034357414
6092,530.89185,0.0,178.6765,57.32591,0.3340788,0.0,0.98172516,0.03435724
6093,457.45236,0.0,193.6941,57.32586,0.33991903,0.0,0.97062033,0.034357063
6094,479.4432,0.0,157.33025,57.325817,0.33776408,0.0,0.9718301,0.03435689
6095,453.1739,0.0,164.93126,57.325825,0.33450726,0.0,0.9672278,0.03435671
6096,514.00195,0.0,152.75801,57.32584,0.336366,0.0,1.0101675,0.03435654
6097,428.6199,0.0,174.4459,57.325817,0.3334289,0.0,0.98767716,0.034356367
6098,530.9534,0.0,175.12561,57.325783,0.3252661,0.0,0.980069,0.03435619
6099,515.0247,0.0,165.36461,57.325756,0.34843668,0.0,0.986489,0.03435602
6100,497.7761,0.0,157.568,57.325764,0.33212927,0.0,0.9822235,0.034355845
6101,465.32288,0.0,164.09651,57.325714,0.3532539,0.0,0.9864755,0.034355678
6102,508.72263,0.0,164.82037,57.325714,0.33313352,0.0,0.9751921,0.034355506
6103,508.95673,0.0,182.6141,57.325745,0.35208663,0.0,0.98720396,0.034355335
6104,464.21283,0.0,171.56035,57.325783,0.32882804,0.0,0.9347832,0.034355167
6105,427.27588,0.0,173.2122,57.325798,0.34228688,0.0,0.9817018,0.034354996
6106,481.55923,0.0,151.76103,57.325855,0.33914626,0.0,0.9838787,0.034354817
6107,500.90707,0.0,146.63138,57.325947,0.32796136,0.0,1.009612,0.034354653
6108,475.99667,0.0,165.99,57.326065,0.32953814,0.0,0.98349136,0.03435448
6109,461.14276,0.0,167.21962,57.326157,0.33449426,0.0,0.9600562,0.034354314
6110,526.1274,0.0,185.45029,57.326214,0.3465971,0.0,0.9741985,0.034354143
6111,516.95575,0.0,149.7453,57.326237,0.33185595,0.0,0.9698161,0.03435398
6112,489.39758,0.0,181.70741,57.32625,0.33451054,0.0,0.98112184,0.034353808
6113,515.74207,0.0,161.33884,57.326267,0.32809332,0.0,0.9169572,0.03435364
6114,478.19412,0.0,164.31065,57.32631,0.33746526,0.0,0.9854191,0.034353476
6115,439.40826,0.0,186.99081,57.32637,0.3326302,0.0,0.9977756,0.03435331
6116,487.00806,0.0,169.16937,57.326412,0.3420156,0.0,0.9893626,0.03435314
6117,491.22223,0.0,156.07065,57.32643,0.33564505,0.0,0.9839695,0.034352973
6118,512.0178,0.0,183.41211,57.32644,0.33512023,0.0,1.0444554,0.034352805
6119,476.152,0.0,148.57373,57.326473,0.34062397,0.0,0.98304254,0.034352638
6120,442.3352,0.0,147.64215,57.326485,0.3379135,0.0,0.9914092,0.034352478
6121,502.896,0.0,159.33694,57.326485,0.33918566,0.0,0.9646927,0.03435231
6122,460.7233,0.0,167.35315,57.326393,0.31606257,0.0,0.98756665,0.034352146
6123,533.8174,0.0,167.41925,57.326317,0.3352684,0.0,0.9297544,0.03435198
6124,533.94794,0.0,187.03622,57.326286,0.34264517,0.0,0.9762569,0.03435182
6125,468.45557,0.0,158.263,57.326286,0.3380671,0.0,0.9592632,0.034351654
6126,507.9465,0.0,159.42891,57.326317,0.33005196,0.0,0.97653157,0.034351487
6127,422.3153,0.0,163.51129,57.326336,0.34026465,0.0,0.9725352,0.034351327
6128,504.33487,0.0,173.71703,57.32636,0.3396652,0.0,0.9607634,0.034351163
6129,446.07245,0.0,172.04105,57.32637,0.33957985,0.0,0.96059835,0.034351002
6130,492.09204,0.0,170.24814,57.32635,0.33702338,0.0,0.97687745,0.03435084
6131,498.4572,0.0,179.95815,57.326347,0.3341039,0.0,0.9786994,0.034350675
6132,491.10175,0.0,208.26494,57.32638,0.34005144,0.0,0.9787755,0.034350514
6133,490.04047,0.0,176.04506,57.326454,0.33745635,0.0,0.9992477,0.03435035
6134,426.79266,0.0,159.15901,57.32651,0.33661976,0.0,1.0148582,0.03435019
6135,475.58633,0.0,152.00754,57.326534,0.3392482,0.0,0.99713224,0.03435003
6136,463.5616,0.0,151.74365,57.326534,0.3382056,0.0,0.9712742,0.034349866
6137,504.17905,0.0,159.74219,57.326534,0.3384629,0.0,1.0019149,0.03434971
6138,489.35434,0.0,168.59744,57.326584,0.33394268,0.0,0.9974557,0.03434955
6139,501.1655,0.0,161.19121,57.326614,0.34014243,0.0,0.97352445,0.03434939
6140,474.44803,0.0,164.32552,57.32668,0.33998874,0.0,0.99883205,0.03434923
6141,504.72894,0.0,165.99355,57.326748,0.32834443,0.0,0.96591526,0.03434907
6142,453.93558,0.0,162.74013,57.32676,0.3389549,0.0,0.996337,0.03434891
6143,493.7065,0.0,216.20554,57.32675,0.3309491,0.0,0.9494787,0.03434875
6144,509.74957,0.0,150.37405,57.32674,0.33774352,0.0,0.97457594,0.034348592
6145,495.07147,0.0,155.4174,57.32674,0.32186323,0.0,0.9712419,0.034348436
6146,473.20834,0.0,162.31276,57.32675,0.3377723,0.0,0.9543072,0.034348276
6147,583.6542,0.0,170.64304,57.326797,0.34255797,0.0,0.9553328,0.034348123
6148,483.72235,0.0,170.02184,57.326828,0.339601,0.0,0.9902356,0.03434796
6149,561.2544,0.0,190.00414,57.32686,0.3323311,0.0,0.95118064,0.034347802
6150,506.7829,0.0,159.18669,57.32685,0.33936659,0.0,0.98301035,0.034347646
6151,525.2496,0.0,156.29599,57.32684,0.3279641,0.0,0.97922325,0.034347486
6152,555.7198,0.0,204.4694,57.32683,0.3386935,0.0,0.9769626,0.03434733
6153,498.36627,0.0,171.47894,57.326893,0.33798507,0.0,0.94259137,0.034347177
6154,467.62805,0.0,177.8143,57.32696,0.33201244,0.0,0.9700391,0.034347024
6155,515.8537,0.0,189.40367,57.326996,0.34063318,0.0,0.97389257,0.034346867
6156,530.336,0.0,161.74686,57.326984,0.3438274,0.0,0.9619666,0.034346707
6157,475.71616,0.0,168.22536,57.326942,0.3348175,0.0,0.9769558,0.03434655
6158,490.5111,0.0,182.67747,57.32693,0.33865198,0.0,0.9632384,0.034346398
6159,531.4129,0.0,158.61253,57.326912,0.3353562,0.0,0.9613735,0.034346245
6160,450.85773,0.0,154.33018,57.32687,0.3376984,0.0,0.959465,0.03434609
6161,515.1603,0.0,173.71191,57.326862,0.34631747,0.0,0.9993607,0.034345932
6162,488.18423,0.0,161.56187,57.326885,0.33020586,0.0,0.9931904,0.034345776
6163,506.51453,0.0,195.08942,57.32693,0.34413767,0.0,0.9722795,0.03434562
6164,520.7416,0.0,159.16469,57.326946,0.34281754,0.0,1.0713664,0.03434547
6165,438.80045,0.0,176.37611,57.326942,0.3356395,0.0,0.9814303,0.034345314
6166,483.08887,0.0,159.35075,57.326973,0.3356453,0.0,0.9800397,0.03434516
6167,490.61893,0.0,150.61684,57.327026,0.33818015,0.0,0.9686037,0.034345005
6168,498.83957,0.0,194.1555,57.327095,0.33655107,0.0,1.004659,0.034344856
6169,446.82977,0.0,182.03873,57.32715,0.33141002,0.0,0.9664828,0.034344703
6170,505.99075,0.0,184.24135,57.32714,0.33376306,0.0,0.97678286,0.03434455
6171,477.35382,0.0,170.98691,57.32713,0.34510115,0.0,0.9741855,0.034344394
6172,526.168,0.0,149.74127,57.32714,0.3413639,0.0,1.0032057,0.03434424
6173,485.1099,0.0,152.80896,57.32719,0.34847996,0.0,0.9566713,0.034344096
6174,457.14093,0.0,139.1069,57.32723,0.3407988,0.0,0.9723235,0.034343936
6175,521.9204,0.0,168.0486,57.32727,0.32987753,0.0,0.9626273,0.034343787
6176,441.70688,0.0,179.3841,57.3273,0.33514303,0.0,1.003781,0.03434363
6177,506.74084,0.0,164.07083,57.327305,0.34698448,0.0,0.9656528,0.03434348
6178,477.55817,0.0,185.55534,57.327305,0.32496065,0.0,0.9910534,0.034343332
6179,490.17194,0.0,159.295,57.327324,0.34226778,0.0,0.98019564,0.03434318
6180,479.25763,0.0,172.77444,57.327354,0.33734736,0.0,0.96970433,0.034343027
6181,450.59283,0.0,152.7045,57.327366,0.344296,0.0,0.9948515,0.034342878
6182,506.60953,0.0,168.42067,57.32735,0.3372699,0.0,1.000184,0.03434273
6183,421.327,0.0,170.4296,57.32732,0.33496392,0.0,0.99763745,0.03434258
6184,520.3792,0.0,187.79637,57.327312,0.33412266,0.0,0.99225414,0.034342427
6185,465.74915,0.0,154.65843,57.327293,0.33077595,0.0,1.0043205,0.034342278
6186,473.6925,0.0,163.75845,57.32726,0.34886956,0.0,0.9705499,0.03434212
6187,498.6147,0.0,204.39857,57.327244,0.34353757,0.0,0.9465032,0.034341976
6188,539.859,0.0,163.6291,57.327244,0.3356702,0.0,0.9523749,0.034341823
6189,446.64297,0.0,179.52264,57.32726,0.34435013,0.0,0.98391277,0.034341674
6190,569.57916,0.0,175.3043,57.32727,0.3369108,0.0,0.9552112,0.03434153
6191,514.3084,0.0,149.90987,57.32729,0.32431054,0.0,0.98730814,0.03434138
6192,522.2345,0.0,166.34337,57.327312,0.33912048,0.0,0.9683169,0.03434123
6193,487.76892,0.0,161.28415,57.327354,0.33576393,0.0,0.96367276,0.034341082
6194,473.58636,0.0,167.78401,57.327396,0.33725324,0.0,0.99807113,0.03434093
6195,518.18475,0.0,150.72527,57.327415,0.329613,0.0,0.98593163,0.03434078
6196,495.00876,0.0,156.90558,57.327415,0.33821133,0.0,0.95152754,0.034340635
6197,465.93915,0.0,208.10774,57.32741,0.34285477,0.0,0.97985864,0.034340486
6198,528.53546,0.0,184.27098,57.327435,0.33435953,0.0,0.9908212,0.034340337
6199,510.7729,0.0,162.59131,57.327454,0.33602482,0.0,0.9779574,0.034340188
6200,511.55527,0.0,182.27887,57.32747,0.3286683,0.0,0.9739923,0.03434004
6201,474.40225,0.0,149.34364,57.327526,0.34318566,0.0,0.94830096,0.034339894
6202,568.4484,0.0,183.05928,57.327576,0.33306482,0.0,1.0281783,0.034339745
6203,491.75858,0.0,163.5674,57.32763,0.33093044,0.0,0.9945441,0.0343396
6204,461.356,0.0,190.75241,57.32764,0.34065837,0.0,0.9800678,0.03433945
6205,498.414,0.0,179.66946,57.327652,0.34501353,0.0,0.9841085,0.034339305
6206,468.27103,0.0,149.63763,57.32762,0.35344547,0.0,0.97046906,0.034339156
6207,444.33652,0.0,169.72499,57.327545,0.34527823,0.0,0.9781438,0.03433901
6208,544.9916,0.0,170.8075,57.327484,0.32710227,0.0,0.97232956,0.03433887
6209,491.92743,0.0,156.2122,57.327446,0.33146596,0.0,0.965612,0.034338724
6210,463.96136,0.0,194.5733,57.327404,0.33854368,0.0,0.9709484,0.03433857
6211,488.15524,0.0,168.6419,57.32735,0.33773032,0.0,0.9870561,0.03433843
6212,522.8071,0.0,142.4666,57.3273,0.32952145,0.0,0.9610058,0.03433828
6213,456.1648,0.0,176.1641,57.327354,0.33132342,0.0,0.98048806,0.034338135
6214,508.91235,0.0,177.67769,57.327427,0.3380398,0.0,0.96480304,0.03433799
6215,469.3891,0.0,174.1916,57.327446,0.34590974,0.0,0.9577723,0.03433785
6216,522.9699,0.0,186.22997,57.327435,0.33971742,0.0,1.0047114,0.0343377
6217,481.6302,0.0,162.00148,57.327465,0.33442956,0.0,0.98244625,0.034337554
6218,417.99393,0.0,151.01479,57.327457,0.337573,0.0,0.9860262,0.034337405
6219,475.73395,0.0,185.73857,57.327435,0.3514116,0.0,0.97156054,0.034337264
6220,444.85635,0.0,155.86841,57.327354,0.33901936,0.0,0.97573113,0.03433712
6221,484.414,0.0,187.12724,57.32732,0.34209123,0.0,1.0140976,0.034336973
6222,524.2432,0.0,171.48672,57.32733,0.32907984,0.0,0.9907719,0.03433683
6223,456.97763,0.0,156.0443,57.327343,0.33164805,0.0,0.9857117,0.034336686
6224,520.64026,0.0,157.99553,57.32738,0.3306494,0.0,0.9682069,0.03433654
6225,492.96432,0.0,160.24641,57.327446,0.3341966,0.0,0.9733851,0.034336396
6226,493.72107,0.0,165.30797,57.327515,0.339119,0.0,0.9799324,0.034336247
6227,472.3702,0.0,150.2255,57.327587,0.34387532,0.0,0.9809579,0.03433611
6228,441.60025,0.0,171.09067,57.327618,0.3185751,0.0,0.971101,0.034335963
6229,470.62103,0.0,168.74518,57.32762,0.33550078,0.0,1.002533,0.03433582
6230,471.5723,0.0,179.18832,57.327602,0.3342239,0.0,0.98721784,0.034335677
6231,496.5607,0.0,154.4516,57.32765,0.3354138,0.0,0.96698153,0.034335528
6232,495.68286,0.0,198.40384,57.327663,0.33619726,0.0,0.96417385,0.034335386
6233,526.1471,0.0,145.18924,57.327755,0.33600438,0.0,0.9500717,0.034335244
6234,482.7303,0.0,155.24956,57.32789,0.3393988,0.0,0.9584909,0.0343351
6235,503.59,0.0,169.96211,57.327976,0.32602593,0.0,0.9568282,0.034334958
6236,495.21732,0.0,168.27025,57.32806,0.33007914,0.0,1.0022969,0.03433481
6237,493.49652,0.0,172.669,57.328133,0.3357222,0.0,0.9821415,0.034334667
6238,528.9392,0.0,163.39548,57.328213,0.3379903,0.0,0.94291353,0.034334525
6239,520.8326,0.0,144.78807,57.328274,0.34869704,0.0,0.9777719,0.03433438
6240,491.87875,0.0,157.29498,57.328327,0.3352458,0.0,0.9608168,0.03433424
6241,474.98932,0.0,175.38145,57.32834,0.3309754,0.0,0.9734633,0.034334093
6242,496.3562,0.0,179.54242,57.328278,0.33323714,0.0,0.98120564,0.03433395
6243,495.92926,0.0,162.08347,57.328224,0.33159417,0.0,0.9618116,0.03433381
6244,467.27542,0.0,156.9799,57.32815,0.33646145,0.0,0.97147495,0.034333665
6245,486.62967,0.0,167.21771,57.328083,0.34201208,0.0,0.96036506,0.034333527
6246,462.06564,0.0,165.1401,57.32806,0.35382575,0.0,0.99597126,0.03433338
6247,516.082,0.0,173.26273,57.32806,0.35227606,0.0,0.9799217,0.03433324
6248,530.9006,0.0,177.43538,57.32809,0.33201027,0.0,0.96503615,0.034333095
6249,470.70044,0.0,181.17798,57.32808,0.3315894,0.0,0.9800859,0.03433295
6250,532.72363,0.0,143.96103,57.32802,0.33581248,0.0,0.9690768,0.034332808
6251,478.84525,0.0,153.06728,57.32796,0.3356587,0.0,0.98365414,0.03433267
6252,505.7623,0.0,164.72353,57.32792,0.34449014,0.0,0.9791428,0.034332525
6253,516.62317,0.0,178.0669,57.32792,0.34535325,0.0,0.9681614,0.034332376
6254,503.92096,0.0,153.19238,57.32792,0.3363429,0.0,0.9809631,0.03433223
6255,488.55167,0.0,163.55222,57.32792,0.34116924,0.0,0.97087896,0.034332085
6256,488.11115,0.0,165.44739,57.327866,0.3357748,0.0,1.006091,0.03433194
6257,501.4475,0.0,157.78188,57.327843,0.3356217,0.0,0.96830344,0.034331802
6258,542.57697,0.0,176.82445,57.327877,0.34242943,0.0,1.0019903,0.034331657
6259,490.49042,0.0,156.1277,57.327896,0.34503528,0.0,0.9845828,0.03433152
6260,493.9533,0.0,154.82819,57.327938,0.338989,0.0,0.9852524,0.034331378
6261,469.22144,0.0,136.13484,57.32802,0.33715984,0.0,0.9776961,0.034331236
6262,438.9642,0.0,152.97487,57.32809,0.33232906,0.0,0.97647095,0.03433109
6263,454.83337,0.0,170.62238,57.32814,0.32680213,0.0,0.9977435,0.034330953
6264,476.5917,0.0,152.0021,57.328125,0.33857968,0.0,1.0123912,0.03433081
6265,527.4461,0.0,163.34499,57.32812,0.33772525,0.0,0.97479665,0.034330674
6266,481.6642,0.0,165.17471,57.32814,0.34077433,0.0,0.9678099,0.034330536
6267,488.93762,0.0,169.25594,57.328236,0.3375143,0.0,0.9743823,0.03433039
6268,513.30927,0.0,163.62718,57.32837,0.3455042,0.0,0.9864568,0.03433025
6269,490.7179,0.0,165.60036,57.328457,0.32598844,0.0,0.9656695,0.03433011
6270,479.61087,0.0,168.70618,57.32851,0.33575395,0.0,0.99146,0.03432997
6271,493.12527,0.0,161.33527,57.32859,0.33841345,0.0,0.9838029,0.03432983
6272,497.47775,0.0,151.16914,57.328686,0.32668483,0.0,1.0059025,0.03432969
6273,444.66522,0.0,179.54832,57.328777,0.33992976,0.0,0.9687031,0.034329556
6274,455.32288,0.0,159.79973,57.32887,0.3371127,0.0,0.95493877,0.03432941
6275,521.09216,0.0,163.51247,57.32895,0.3352706,0.0,0.97145236,0.034329273
6276,520.2261,0.0,169.24734,57.32896,0.33553487,0.0,0.99361557,0.03432913
6277,452.83975,0.0,188.41293,57.32897,0.32576331,0.0,0.9797286,0.03432899
6278,542.1081,0.0,152.58408,57.32895,0.3336273,0.0,0.99170977,0.034328856
6279,437.08313,0.0,153.18796,57.32896,0.33753386,0.0,0.9700968,0.03432871
6280,513.48627,0.0,162.77965,57.329014,0.3449755,0.0,0.9806934,0.034328576
6281,495.09,0.0,183.41011,57.329037,0.33422133,0.0,0.9474593,0.034328435
6282,480.67816,0.0,162.74559,57.329067,0.33289292,0.0,1.0446945,0.034328476
6283,441.9953,0.0,175.32314,57.329094,0.33250916,0.0,0.9639979,0.03432851
6284,422.54132,0.0,153.16833,57.329117,0.33125815,0.0,0.93746805,0.03432853
6285,570.81506,0.0,162.40642,57.329117,0.3277783,0.0,0.99750787,0.034328543
6286,507.51352,0.0,170.95222,57.329144,0.33383465,0.0,0.9710323,0.03432854
6287,456.8595,0.0,165.064,57.329185,0.33495477,0.0,0.97280055,0.034328524
6288,481.94052,0.0,158.13902,57.32921,0.33679727,0.0,0.98127365,0.0343285
6289,539.0518,0.0,188.63522,57.32919,0.34144908,0.0,1.0143356,0.03432841
6290,481.12473,0.0,161.054,57.329155,0.3421712,0.0,0.9870645,0.034328315
6291,459.7143,0.0,163.98477,57.329136,0.32679436,0.0,0.9817725,0.034328215
6292,505.68195,0.0,156.94304,57.32916,0.34499812,0.0,0.97696733,0.034327928
6293,509.81,0.0,171.65585,57.329216,0.3401799,0.0,0.9845615,0.0343277
6294,472.30975,0.0,169.13828,57.32924,0.33186367,0.0,1.013015,0.03432752
6295,510.68985,0.0,179.75166,57.32926,0.33466765,0.0,0.9723605,0.034327365
6296,493.48465,0.0,166.93741,57.32927,0.33222625,0.0,0.956407,0.034327243
6297,423.58044,0.0,163.01488,57.32927,0.3310894,0.0,0.98397905,0.03432713
6298,481.80588,0.0,166.27492,57.32922,0.33030286,0.0,0.9806596,0.034327038
6299,495.70486,0.0,134.395,57.329216,0.3334518,0.0,0.9709554,0.03432695
6300,513.4143,0.0,150.98811,57.329197,0.34106335,0.0,0.9565273,0.034326863
6301,480.66223,0.0,179.89876,57.329144,0.33653605,0.0,0.9631377,0.03432678
6302,479.14908,0.0,188.72926,57.32913,0.340668,0.0,0.98277193,0.0343267
6303,507.11908,0.0,171.77899,57.329155,0.34087434,0.0,0.97549933,0.034326617
6304,459.37802,0.0,166.18535,57.329178,0.33809677,0.0,0.94945294,0.03432654
6305,450.4713,0.0,154.12544,57.329155,0.33524778,0.0,0.94860244,0.03432645
6306,466.7553,0.0,187.43355,57.329144,0.3333037,0.0,0.9772836,0.034326363
6307,452.14148,0.0,157.67561,57.329166,0.3433145,0.0,0.9855419,0.03432627
6308,514.3922,0.0,140.7383,57.32923,0.3459977,0.0,0.98024124,0.034326173
6309,465.2203,0.0,169.62364,57.32925,0.34233123,0.0,0.9665581,0.03432608
6310,502.90228,0.0,164.03036,57.32927,0.33645472,0.0,0.95727247,0.034325976
6311,489.7885,0.0,170.0313,57.32932,0.33393955,0.0,0.9675579,0.03432587
6312,497.95038,0.0,161.97136,57.32937,0.3232092,0.0,0.97324955,0.03432576
6313,492.6873,0.0,188.92245,57.32941,0.32934964,0.0,0.96298635,0.034325648
6314,480.337,0.0,183.80908,57.329464,0.32400462,0.0,0.96834093,0.03432554
6315,453.19022,0.0,175.40582,57.329548,0.33703193,0.0,1.0086354,0.034325425
6316,502.00784,0.0,168.87943,57.329617,0.3248218,0.0,0.97167844,0.034325305
6317,474.1677,0.0,154.80235,57.32964,0.33752543,0.0,1.0006496,0.034325186
6318,510.18008,0.0,172.45805,57.32965,0.31869766,0.0,0.94396365,0.034325063
6319,484.4828,0.0,167.94014,57.3297,0.33938617,0.0,0.987249,0.03432494
6320,480.9015,0.0,154.64388,57.32973,0.3247278,0.0,0.94318056,0.034324817
6321,465.5714,0.0,169.45924,57.32973,0.3411558,0.0,0.9695455,0.03432469
6322,535.98517,0.0,171.28044,57.329754,0.3365354,0.0,0.97866577,0.034324564
6323,444.87277,0.0,157.50111,57.329803,0.34022176,0.0,0.972236,0.034324434
6324,491.4706,0.0,170.27109,57.329853,0.3439764,0.0,0.9968038,0.034324307
6325,531.1443,0.0,139.32423,57.329933,0.32987663,0.0,0.9670282,0.034324177
6326,517.27136,0.0,165.56184,57.329998,0.3357575,0.0,0.9602952,0.034324042
6327,513.1427,0.0,173.32689,57.33008,0.3391424,0.0,0.98473424,0.03432391
6328,483.7445,0.0,147.5006,57.33011,0.32787278,0.0,0.97539276,0.03432377
6329,479.59335,0.0,140.77284,57.33014,0.33523324,0.0,0.98259085,0.034323636
6330,515.6073,0.0,165.47221,57.33016,0.33241302,0.0,0.9825648,0.034323506
6331,513.4335,0.0,172.45755,57.33019,0.34118885,0.0,0.97950035,0.03432337
6332,516.653,0.0,177.58217,57.33021,0.33980188,0.0,1.0111196,0.034323234
6333,496.10367,0.0,166.15726,57.330223,0.33435574,0.0,0.9874545,0.0343231
6334,524.6404,0.0,137.34521,57.330276,0.3385371,0.0,0.93560594,0.034322962
6335,452.77982,0.0,166.61761,57.330276,0.34114635,0.0,0.9683867,0.034322828
6336,535.76697,0.0,199.95634,57.33026,0.33412355,0.0,0.9732924,0.034322686
6337,488.71927,0.0,137.08662,57.33026,0.33392754,0.0,1.0059493,0.034322888
6338,513.1622,0.0,173.18259,57.330223,0.33959845,0.0,0.9637727,0.03432319
6339,486.69604,0.0,157.11754,57.33017,0.340375,0.0,0.96465266,0.034323562
6340,529.7472,0.0,194.24135,57.33014,0.33487135,0.0,0.9672751,0.034323968
6341,463.75565,0.0,164.02777,57.33011,0.33350435,0.0,0.9929816,0.034324404
6342,409.39694,0.0,150.3349,57.33012,0.34606048,0.0,1.0131353,0.034324832
6343,493.80508,0.0,176.98451,57.33014,0.34033456,0.0,0.9800765,0.03432526
6344,460.51614,0.0,150.02353,57.33017,0.32819822,0.0,0.99512696,0.03432567
6345,433.74075,0.0,168.48697,57.33019,0.33474278,0.0,0.97242635,0.03432605
6346,433.69113,0.0,160.11673,57.33019,0.33920252,0.0,0.95281017,0.034326404
6347,492.13123,0.0,155.17723,57.33015,0.34267828,0.0,0.97427136,0.034326736
6348,463.21732,0.0,144.77821,57.33011,0.33700827,0.0,1.0001167,0.034327034
6349,479.8108,0.0,142.19856,57.33007,0.32607993,0.0,0.98965096,0.034327302
6350,507.13242,0.0,185.95786,57.330055,0.3278312,0.0,0.97651887,0.034327537
6351,498.36725,0.0,154.59296,57.330017,0.3228918,0.0,0.9858283,0.034327745
6352,463.5567,0.0,150.00897,57.329987,0.3419494,0.0,0.9907377,0.03432792
6353,506.71692,0.0,176.72652,57.32998,0.33592996,0.0,0.9949785,0.034328073
6354,448.01065,0.0,171.4718,57.32998,0.33335686,0.0,1.006045,0.0343282
6355,516.3853,0.0,167.87708,57.329956,0.3244899,0.0,0.99218357,0.034328304
6356,469.4525,0.0,183.51299,57.329937,0.33462492,0.0,0.96850026,0.034328386
6357,494.7889,0.0,156.12836,57.329956,0.33295974,0.0,0.98209876,0.034328446
6358,536.29297,0.0,162.24054,57.329987,0.33469912,0.0,0.9598802,0.034328483
6359,550.6146,0.0,170.08412,57.330036,0.33016384,0.0,0.94531184,0.034328505
6360,508.1707,0.0,174.17996,57.3301,0.32766914,0.0,0.96659505,0.034328513
6361,431.90338,0.0,139.45653,57.33014,0.33726728,0.0,0.9967133,0.034328505
6362,477.8809,0.0,166.55328,57.330143,0.34389815,0.0,0.96843565,0.03432849
6363,509.7227,0.0,144.79811,57.330112,0.33071384,0.0,0.9733173,0.034328457
6364,479.35013,0.0,198.34154,57.330006,0.32949397,0.0,0.9653038,0.034328412
6365,474.01495,0.0,160.78369,57.329872,0.33723667,0.0,0.9558202,0.034328356
6366,484.71857,0.0,176.47295,57.329823,0.33570963,0.0,0.98585755,0.03432829
6367,474.7243,0.0,185.09482,57.32973,0.32627702,0.0,0.97879547,0.034328222
6368,462.97025,0.0,193.52617,57.32968,0.33663416,0.0,0.9820909,0.034328144
6369,470.86484,0.0,149.82947,57.329628,0.31795606,0.0,0.9588529,0.034328055
6370,428.17316,0.0,183.53154,57.32959,0.33649653,0.0,0.9611636,0.034327965
6371,480.9326,0.0,212.21123,57.32958,0.32771662,0.0,1.000073,0.034327872
6372,466.16812,0.0,155.55392,57.329597,0.33798084,0.0,0.9721298,0.03432777
6373,494.82895,0.0,160.095,57.32965,0.33657315,0.0,0.9840134,0.034327663
6374,479.9719,0.0,177.89867,57.32972,0.33492717,0.0,0.961632,0.034327555
6375,532.69855,0.0,166.83432,57.32974,0.3440874,0.0,0.9635277,0.03432744
6376,447.26392,0.0,164.81152,57.32978,0.33253345,0.0,0.98484284,0.034327324
6377,476.3957,0.0,148.47163,57.329792,0.33647275,0.0,0.9895915,0.034327205
6378,465.9682,0.0,169.0559,57.329815,0.33482993,0.0,1.0030266,0.034327086
6379,448.28073,0.0,168.36517,57.329834,0.3309673,0.0,0.97117245,0.034326963
6380,544.71515,0.0,170.00348,57.32986,0.3444757,0.0,0.9892172,0.034326836
6381,467.2213,0.0,199.93338,57.329933,0.33361256,0.0,1.0265436,0.034326706
6382,486.9265,0.0,165.20847,57.330006,0.31846344,0.0,0.98191184,0.03432658
6383,500.53256,0.0,153.0179,57.33011,0.32489496,0.0,0.9808727,0.03432644
6384,487.33917,0.0,182.84271,57.330112,0.33642092,0.0,0.944482,0.03432631
6385,529.8125,0.0,173.74025,57.33014,0.33528632,0.0,0.9762735,0.034326177
6386,456.6179,0.0,157.40742,57.33012,0.3416812,0.0,0.9942149,0.03432604
6387,494.04752,0.0,173.1148,57.330143,0.33032575,0.0,0.99927115,0.03432591
6388,506.138,0.0,166.47362,57.330173,0.3443256,0.0,1.0082227,0.034325775
6389,463.5257,0.0,154.95969,57.33021,0.34083727,0.0,0.9656289,0.03432564
6390,457.10162,0.0,166.81062,57.330235,0.32229388,0.0,0.9804995,0.0343255
6391,497.67102,0.0,153.08359,57.330223,0.3328255,0.0,1.0016146,0.034325365
6392,545.4298,0.0,168.3537,57.330162,0.33152846,0.0,0.94113016,0.034325223
6393,458.65564,0.0,173.33131,57.330086,0.33364582,0.0,0.9649187,0.034325086
6394,486.1053,0.0,164.41992,57.329998,0.33688077,0.0,0.98390454,0.034324944
6395,479.10703,0.0,154.54924,57.329956,0.3389011,0.0,0.9682709,0.034324806
6396,475.9035,0.0,189.3756,57.329994,0.33958212,0.0,0.95593846,0.03432467
6397,547.0775,0.0,202.02007,57.330048,0.31884736,0.0,0.94510293,0.034324523
6398,486.75403,0.0,161.36328,57.330173,0.338377,0.0,0.996243,0.034324385
6399,517.409,0.0,179.0296,57.330273,0.32840946,0.0,0.9862127,0.034324244
6400,506.25845,0.0,163.40536,57.330338,0.32582587,0.0,0.982769,0.034324102
6401,453.8393,0.0,159.14758,57.330425,0.32497662,0.0,0.96583647,0.034323968
6402,491.2657,0.0,175.32637,57.33053,0.33054426,0.0,0.9798112,0.034323826
6403,511.26926,0.0,168.45164,57.33058,0.34113032,0.0,0.9784859,0.03432369
6404,501.09296,0.0,163.05228,57.33061,0.328363,0.0,0.9836843,0.034323547
6405,433.29126,0.0,200.98117,57.33062,0.3318477,0.0,0.96243566,0.034323405
6406,475.33923,0.0,162.36829,57.33066,0.33253914,0.0,0.97653043,0.034323264
6407,486.72778,0.0,166.07904,57.330753,0.33398956,0.0,0.9908806,0.034323122
6408,505.6964,0.0,155.2561,57.330795,0.33267784,0.0,0.96141905,0.034322985
6409,469.41122,0.0,156.32826,57.33085,0.33643252,0.0,0.9831938,0.034322843
6410,466.8926,0.0,175.88948,57.330917,0.32979512,0.0,0.9664598,0.03432271
6411,459.68686,0.0,162.38593,57.33093,0.32915142,0.0,0.98644704,0.034322564
6412,434.5748,0.0,179.04495,57.33094,0.33213213,0.0,1.018552,0.034322426
6413,560.2197,0.0,178.65717,57.330982,0.32834703,0.0,0.98517036,0.034322288
6414,459.4325,0.0,187.08165,57.331062,0.33506376,0.0,0.98287547,0.034322146
6415,473.20602,0.0,189.59932,57.331135,0.33622438,0.0,0.9712382,0.034322005
6416,451.59998,0.0,183.03574,57.331215,0.33114508,0.0,0.9871485,0.03432187
6417,511.30948,0.0,146.67575,57.331287,0.32738367,0.0,0.9663368,0.034321733
6418,513.8211,0.0,159.9948,57.331337,0.3283575,0.0,0.9679956,0.034321595
6419,392.94098,0.0,175.85767,57.331352,0.3406947,0.0,0.9708117,0.03432145
6420,503.9817,0.0,156.34694,57.331337,0.32983994,0.0,0.96426594,0.03432131
6421,521.62555,0.0,161.9053,57.331306,0.33842874,0.0,0.9802344,0.03432117
6422,494.81113,0.0,175.12099,57.331257,0.3341076,0.0,0.972514,0.034321032
6423,512.25214,0.0,151.03639,57.331238,0.33968633,0.0,0.9825417,0.0343209
6424,485.29187,0.0,164.47185,57.331173,0.33237356,0.0,0.9631287,0.03432076
6425,489.81552,0.0,164.49608,57.331135,0.33108544,0.0,0.98395425,0.034320623
6426,514.1607,0.0,158.47688,57.331116,0.33587113,0.0,0.9854894,0.03432048
6427,529.1021,0.0,166.07634,57.331093,0.3376191,0.0,0.9806772,0.034320343
6428,452.0954,0.0,165.07233,57.331112,0.33601952,0.0,0.9998708,0.034320205
6429,493.0601,0.0,155.12695,57.331154,0.33861616,0.0,0.9856749,0.034320068
6430,515.4271,0.0,180.21268,57.331177,0.3356027,0.0,1.0114049,0.03431993
6431,474.6086,0.0,162.08594,57.331154,0.33880875,0.0,0.97736984,0.034319792
6432,463.79288,0.0,189.25139,57.33116,0.32444876,0.0,0.96806896,0.034319658
6433,489.6636,0.0,166.46794,57.331173,0.32385832,0.0,0.95656025,0.03431952
6434,439.80276,0.0,169.03418,57.33116,0.33301252,0.0,0.9745174,0.034319382
6435,448.11676,0.0,155.21994,57.331196,0.3412094,0.0,0.97368085,0.034319244
6436,427.66946,0.0,164.86278,57.331184,0.33522433,0.0,0.98365694,0.034319103
6437,539.62195,0.0,175.49368,57.331142,0.3405267,0.0,0.9655028,0.034318965
6438,505.72144,0.0,167.93137,57.331062,0.32230103,0.0,0.9675045,0.03431883
6439,507.78738,0.0,205.08366,57.33104,0.33453017,0.0,0.95406455,0.034318697
6440,481.56552,0.0,162.65225,57.33102,0.31643838,0.0,0.9963711,0.03431856
6441,490.99557,0.0,160.41403,57.331013,0.33961818,0.0,0.994179,0.034318425
6442,466.77118,0.0,174.71646,57.331055,0.33069482,0.0,1.0118732,0.034318287
6443,481.47565,0.0,186.36742,57.33107,0.34105358,0.0,0.96544445,0.03431815
6444,468.7213,0.0,175.12134,57.33105,0.334194,0.0,0.992003,0.034318015
6445,526.39923,0.0,178.9153,57.33103,0.3332856,0.0,0.99724656,0.034317877
6446,502.0544,0.0,192.93994,57.331,0.33845532,0.0,0.9530706,0.03431774
6447,465.13007,0.0,167.86781,57.33099,0.33704174,0.0,0.9581519,0.034317605
6448,509.1684,0.0,168.32819,57.330967,0.3289744,0.0,1.0030392,0.03431747
6449,490.61044,0.0,168.47441,57.330917,0.31834477,0.0,0.9791466,0.034317333
6450,497.1231,0.0,157.90094,57.330875,0.33489984,0.0,1.0031704,0.034317195
6451,502.39087,0.0,150.5197,57.330807,0.33727634,0.0,0.97798765,0.03431706
6452,443.6018,0.0,169.67311,57.330734,0.3244725,0.0,0.9554239,0.034316923
6453,503.75394,0.0,156.02063,57.330704,0.33616596,0.0,0.9692935,0.034316786
6454,475.00955,0.0,181.27292,57.330685,0.3221152,0.0,0.9742925,0.03431665
6455,516.8967,0.0,160.91324,57.330734,0.33843917,0.0,0.97741747,0.03431652
6456,487.64255,0.0,185.3683,57.330807,0.33149508,0.0,0.98442215,0.03431638
6457,478.13806,0.0,168.63805,57.33088,0.33324486,0.0,0.9593142,0.03431625
6458,474.4776,0.0,174.84077,57.3309,0.3302611,0.0,0.96972287,0.03431611
6459,495.6067,0.0,181.56116,57.330845,0.32977197,0.0,0.9920394,0.034315977
6460,510.16833,0.0,176.16914,57.330765,0.3312945,0.0,1.0086457,0.034315843
6461,471.40805,0.0,159.39838,57.330723,0.33705273,0.0,0.96628773,0.03431571
6462,469.3208,0.0,172.30786,57.330734,0.3359946,0.0,0.96509206,0.034315567
6463,449.43063,0.0,157.70491,57.330788,0.33260375,0.0,0.93876034,0.034315433
6464,506.4472,0.0,179.03746,57.330814,0.334882,0.0,0.95375305,0.0343153
6465,451.81955,0.0,166.54868,57.330856,0.32873756,0.0,0.9826345,0.03431517
6466,478.19205,0.0,169.18683,57.330856,0.3294218,0.0,0.98108,0.03431503
6467,474.2481,0.0,176.89838,57.330868,0.33473337,0.0,0.970104,0.034314897
6468,476.11377,0.0,164.50739,57.33092,0.32935172,0.0,0.96708715,0.03431476
6469,537.06177,0.0,148.00783,57.330948,0.33019307,0.0,0.97947174,0.03431463
6470,445.63205,0.0,168.2353,57.330982,0.34281233,0.0,0.9926188,0.034314495
6471,495.91058,0.0,159.65872,57.330936,0.32813147,0.0,0.9657153,0.034314353
6472,458.5477,0.0,179.21169,57.330887,0.33342144,0.0,0.9589438,0.03431422
6473,597.28357,0.0,168.561,57.330837,0.32854265,0.0,1.0042552,0.03431409
6474,466.3203,0.0,149.62909,57.330803,0.33902937,0.0,0.9701448,0.034313954
6475,521.02234,0.0,154.93336,57.330772,0.32251912,0.0,0.97466964,0.03431382
6476,486.26785,0.0,174.10066,57.330784,0.32891637,0.0,1.0156566,0.03431369
6477,438.38547,0.0,179.78355,57.330765,0.32349437,0.0,0.986579,0.03431355
6478,462.55426,0.0,162.6764,57.330757,0.32838273,0.0,0.98446095,0.034313414
6479,488.90747,0.0,160.31348,57.330772,0.33039784,0.0,0.9647118,0.034313276
6480,481.90536,0.0,189.58623,57.330807,0.3364797,0.0,0.9900956,0.034313146
6481,490.31622,0.0,176.17636,57.33086,0.33901298,0.0,0.98551506,0.034313016
6482,516.5476,0.0,161.11014,57.330917,0.32755852,0.0,0.9841109,0.03431288
6483,502.0983,0.0,170.87997,57.331013,0.3302549,0.0,0.9815922,0.034312747
6484,483.71393,0.0,156.1148,57.331074,0.33608723,0.0,0.9999494,0.034312613
6485,554.75385,0.0,184.94379,57.331093,0.3309314,0.0,0.9730175,0.03431248
6486,479.74094,0.0,163.27885,57.331093,0.33456215,0.0,0.9711793,0.034312345
6487,512.4137,0.0,164.94078,57.331062,0.3495675,0.0,0.9837882,0.03431221
6488,475.11163,0.0,175.93654,57.33103,0.33721536,0.0,1.0020676,0.034312077
6489,485.40506,0.0,167.62737,57.330982,0.34443167,0.0,0.97567326,0.034311943
6490,445.9699,0.0,151.9512,57.330936,0.323318,0.0,0.9765983,0.034311812
6491,529.3496,0.0,183.48828,57.330917,0.33378148,0.0,0.96864915,0.03431168
6492,491.6881,0.0,170.77428,57.330887,0.3304979,0.0,0.99208766,0.034311548
6493,533.8549,0.0,194.66293,57.33088,0.32381645,0.0,0.9936281,0.03431141
6494,482.88013,0.0,185.05244,57.330917,0.34327048,0.0,0.96885973,0.034311276
6495,530.2241,0.0,158.1134,57.330967,0.33128694,0.0,0.9714531,0.034310833
6496,463.75375,0.0,148.9497,57.33101,0.32139996,0.0,0.9506504,0.034310434
6497,523.3236,0.0,171.60558,57.331024,0.34221995,0.0,0.9959221,0.034310073
6498,458.07425,0.0,139.62009,57.331013,0.32959872,0.0,0.98190165,0.034309734
6499,490.80533,0.0,193.29712,57.33099,0.3348821,0.0,0.9895632,0.03430942
6500,461.45328,0.0,191.88858,57.330948,0.32628086,0.0,0.9788761,0.034309134
6501,483.7504,0.0,176.58888,57.33094,0.3310056,0.0,0.9709933,0.034308862
6502,498.22064,0.0,159.86559,57.33094,0.32841423,0.0,1.0020592,0.034308612
6503,493.6658,0.0,184.29971,57.330982,0.32992297,0.0,0.9939793,0.03430837
6504,491.052,0.0,182.69797,57.331093,0.3461304,0.0,0.9956914,0.034308143
6505,519.30975,0.0,179.75316,57.331207,0.33259818,0.0,1.0016403,0.034307927
6506,445.72452,0.0,157.81413,57.331295,0.32265142,0.0,0.95627606,0.03430772
6507,469.2698,0.0,180.45744,57.331318,0.32872507,0.0,0.9834934,0.034307525
6508,467.6426,0.0,167.68932,57.331318,0.3374716,0.0,0.9960665,0.03430733
6509,485.73383,0.0,162.11911,57.33131,0.33477548,0.0,0.9762568,0.03430715
6510,488.06757,0.0,165.97806,57.331276,0.32900453,0.0,0.97017336,0.034306966
6511,409.5589,0.0,193.14598,57.331257,0.33801618,0.0,0.99265873,0.034306794
6512,493.08698,0.0,195.76468,57.33125,0.32869664,0.0,0.991377,0.03430662
6513,467.719,0.0,133.62962,57.33125,0.32773134,0.0,0.9847407,0.034306455
6514,516.12463,0.0,216.19856,57.331234,0.3391617,0.0,0.9760785,0.034306295
6515,486.1971,0.0,190.04068,57.33125,0.32588518,0.0,0.9903286,0.034306135
6516,503.34073,0.0,153.07442,57.33125,0.3372221,0.0,1.0003896,0.034305982
6517,463.40848,0.0,185.07683,57.33125,0.33376148,0.0,0.9969841,0.03430583
6518,499.08655,0.0,165.40326,57.331215,0.33721358,0.0,0.97172904,0.03430568
6519,520.63416,0.0,176.30032,57.33122,0.3301714,0.0,0.95107716,0.03430553
6520,500.53738,0.0,169.8957,57.331203,0.31433567,0.0,0.9831417,0.034305386
6521,492.6461,0.0,202.65878,57.331142,0.33765486,0.0,0.94839233,0.03430524
6522,452.2313,0.0,152.62744,57.331112,0.31838825,0.0,1.0336746,0.034305096
6523,485.64285,0.0,149.7915,57.331135,0.34145653,0.0,1.0001049,0.03430495
6524,475.78815,0.0,163.56529,57.331146,0.32987842,0.0,0.9828269,0.034304813
6525,452.39743,0.0,171.65736,57.33116,0.3221576,0.0,0.9800948,0.03430467
6526,457.35696,0.0,164.32343,57.331142,0.3383938,0.0,0.98495597,0.034304533
6527,415.61093,0.0,209.47336,57.33116,0.33373278,0.0,0.97452027,0.03430439
6528,481.1384,0.0,167.16263,57.331264,0.33705285,0.0,0.97501373,0.03430425
6529,467.40924,0.0,203.06383,57.33128,0.34233442,0.0,0.9959789,0.034304116
6530,478.62564,0.0,170.80202,57.331306,0.33536577,0.0,0.9777219,0.034303978
6531,465.96542,0.0,150.91647,57.33127,0.3297325,0.0,0.98059803,0.03430384
6532,443.39758,0.0,179.74532,57.331257,0.328326,0.0,0.96294403,0.03430371
6533,494.8109,0.0,166.87067,57.33125,0.340603,0.0,0.9607093,0.034303572
6534,494.2149,0.0,159.48526,57.33119,0.3398172,0.0,0.9709764,0.034303438
6535,422.70004,0.0,163.62323,57.331173,0.33174908,0.0,0.95893747,0.034303304
6536,472.5166,0.0,169.83511,57.331196,0.33734366,0.0,0.9929269,0.03430317
6537,472.55127,0.0,163.61026,57.331173,0.34046766,0.0,0.99955994,0.034303036
6538,486.17758,0.0,156.24438,57.331104,0.32732734,0.0,0.9800882,0.034302905
6539,518.1114,0.0,186.38168,57.33103,0.3360635,0.0,0.97274846,0.034302775
6540,517.6174,0.0,169.51784,57.33103,0.32991722,0.0,0.98652256,0.034302637
6541,413.71097,0.0,154.1252,57.331055,0.32904318,0.0,0.98358727,0.034302503
6542,428.39468,0.0,148.40941,57.33113,0.3375803,0.0,0.9871106,0.034302376
6543,542.0668,0.0,147.92767,57.33119,0.32684353,0.0,0.96851504,0.034302242
6544,476.3803,0.0,174.24828,57.33125,0.32380435,0.0,0.9610531,0.034302108
6545,492.67575,0.0,165.27875,57.331306,0.32368258,0.0,0.9867536,0.034301974
6546,521.2267,0.0,147.88213,57.331337,0.3319516,0.0,0.98207146,0.03430184
6547,537.4966,0.0,180.83481,57.3314,0.33361807,0.0,0.95640385,0.034301713
6548,503.6541,0.0,155.09029,57.331482,0.3316412,0.0,0.98104095,0.034301575
6549,476.65787,0.0,194.1202,57.331562,0.33610854,0.0,0.9825718,0.03430145
6550,449.8961,0.0,155.62643,57.331657,0.33413956,0.0,0.96640307,0.034301057
6551,482.00613,0.0,171.35358,57.33173,0.33748657,0.0,0.94396144,0.034300704
6552,473.08588,0.0,187.46176,57.331768,0.32654214,0.0,0.96641946,0.03430037
6553,525.75854,0.0,155.20224,57.331768,0.3357609,0.0,1.0164024,0.03430006
6554,484.0475,0.0,175.8818,57.331757,0.32489187,0.0,0.9714112,0.03429977
6555,486.74542,0.0,164.39262,57.331738,0.33283418,0.0,0.9918944,0.034299497
6556,463.88342,0.0,171.10709,57.331676,0.33733973,0.0,0.9744532,0.03429924
6557,444.3193,0.0,156.72223,57.33167,0.3296475,0.0,0.9840445,0.034298997
6558,505.3129,0.0,165.18288,57.331646,0.33421305,0.0,0.9595736,0.034298766
6559,443.87466,0.0,183.05896,57.331615,0.33406147,0.0,0.97250366,0.03429855
6560,515.50995,0.0,206.77023,57.331646,0.32590201,0.0,0.9657071,0.034298334
6561,551.1869,0.0,163.51707,57.331657,0.33445236,0.0,0.9692982,0.034298133
6562,515.8417,0.0,177.21439,57.331684,0.33000857,0.0,0.98781943,0.03429794
6563,480.71594,0.0,157.89929,57.331707,0.33301258,0.0,0.9882999,0.034297742
6564,456.10858,0.0,152.13036,57.331707,0.3381064,0.0,1.0008788,0.034297563
6565,450.59433,0.0,165.52103,57.331726,0.33572215,0.0,0.9712325,0.034297388
6566,501.7831,0.0,138.35576,57.33174,0.3339041,0.0,0.97565037,0.03429722
6567,492.45602,0.0,157.35687,57.33177,0.33395514,0.0,0.9814377,0.034297056
6568,424.85687,0.0,159.27094,57.331768,0.33834141,0.0,0.95812273,0.034296904
6569,435.32928,0.0,166.32419,57.331768,0.32632765,0.0,1.0108427,0.03429675
6570,519.1466,0.0,172.6096,57.33173,0.33880022,0.0,0.98576593,0.034296602
6571,414.5953,0.0,154.74512,57.33172,0.33391514,0.0,0.96639097,0.034296457
6572,445.7536,0.0,170.15862,57.33171,0.3241455,0.0,0.9654344,0.03429632
6573,472.84628,0.0,162.91237,57.33171,0.33311418,0.0,0.97208965,0.034296174
6574,519.06226,0.0,192.10973,57.33173,0.33890787,0.0,0.9886986,0.034296032
6575,505.53,0.0,163.0247,57.331757,0.33257684,0.0,0.9832704,0.034295894
6576,457.73923,0.0,170.35596,57.33177,0.32995635,0.0,0.99938416,0.034295764
6577,478.40775,0.0,173.30919,57.3318,0.32593465,0.0,0.97757596,0.034295622
6578,464.5059,0.0,213.6911,57.33182,0.32907203,0.0,0.9768013,0.034295484
6579,530.42566,0.0,176.82014,57.331875,0.32902852,0.0,0.94998145,0.034295354
6580,426.1587,0.0,170.70746,57.331905,0.33140305,0.0,1.00167,0.03429522
6581,555.0823,0.0,205.83838,57.331974,0.33056256,0.0,0.9507905,0.03429509
6582,473.30078,0.0,159.87863,57.331985,0.33343938,0.0,0.9687121,0.03429495
6583,506.54242,0.0,169.28093,57.331997,0.3322835,0.0,0.96359634,0.034294818
6584,475.64502,0.0,166.6117,57.332005,0.33339658,0.0,0.95040065,0.034294683
6585,542.86926,0.0,180.23259,57.33207,0.33851236,0.0,0.9863048,0.034294553
6586,485.32642,0.0,175.35188,57.33218,0.3301619,0.0,0.9844855,0.034294415
6587,478.85803,0.0,140.73865,57.332302,0.3371233,0.0,0.98087245,0.03429428
6588,417.892,0.0,192.32526,57.332436,0.33285266,0.0,0.9592285,0.03429415
6589,497.38788,0.0,170.72484,57.332527,0.3425321,0.0,0.9817365,0.03429402
6590,473.5917,0.0,198.06758,57.332592,0.3297909,0.0,0.95589876,0.034293894
6591,437.78223,0.0,185.59837,57.33267,0.34515837,0.0,0.9406157,0.03429376
6592,532.31396,0.0,156.6653,57.332733,0.333145,0.0,0.96961516,0.03429363
6593,498.48444,0.0,148.7893,57.332764,0.337872,0.0,0.9889837,0.0342935
6594,492.15167,0.0,173.42621,57.332783,0.33576745,0.0,0.99684143,0.034293365
6595,488.66965,0.0,150.73352,57.332844,0.34067243,0.0,0.9654145,0.034293238
6596,463.3232,0.0,186.22194,57.332893,0.3326737,0.0,0.97730726,0.034293104
6597,495.3252,0.0,201.19847,57.332935,0.32874998,0.0,0.96653926,0.034292974
6598,468.76187,0.0,164.697,57.33297,0.32978997,0.0,1.0068457,0.03429284
6599,464.91608,0.0,177.78546,57.332996,0.33669126,0.0,0.9825143,0.034292713
6600,452.18225,0.0,146.17482,57.333057,0.34109077,0.0,0.9941826,0.03429258
6601,461.15057,0.0,149.21436,57.33313,0.34151226,0.0,1.0110172,0.03429245
6602,490.22504,0.0,170.28665,57.333206,0.33258393,0.0,0.97716445,0.034292318
6603,456.17477,0.0,174.94872,57.33322,0.33408317,0.0,0.97769064,0.034292184
6604,532.9075,0.0,166.50954,57.333206,0.33544523,0.0,0.966066,0.034292053
6605,509.5559,0.0,156.51129,57.333195,0.34146997,0.0,0.965913,0.034291927
6606,494.03455,0.0,158.94955,57.333214,0.32766035,0.0,0.9840436,0.034291796
6607,539.2393,0.0,174.37363,57.333267,0.32390234,0.0,0.96695846,0.034291662
6608,482.87735,0.0,143.69017,57.333298,0.33305046,0.0,0.96296895,0.034291532
6609,470.32278,0.0,168.91599,57.333317,0.33212864,0.0,0.9618337,0.034291405
6610,518.4158,0.0,177.49144,57.333336,0.3484464,0.0,0.9826429,0.034291275
6611,479.7197,0.0,166.82324,57.333324,0.33784345,0.0,0.96295303,0.034291144
6612,492.56702,0.0,154.75497,57.333317,0.33440277,0.0,0.9788088,0.03429101
6613,488.806,0.0,161.14265,57.33334,0.32747975,0.0,0.9603761,0.03429088
6614,507.86584,0.0,152.42395,57.333385,0.33623365,0.0,0.98909444,0.034290753
6615,504.25357,0.0,167.77315,57.333477,0.33464864,0.0,0.99921405,0.03429062
6616,485.19144,0.0,176.70982,57.33354,0.31808993,0.0,0.973084,0.034290493
6617,449.2581,0.0,160.68047,57.333614,0.33676064,0.0,0.99732655,0.034290362
6618,487.06744,0.0,177.37054,57.333633,0.31917164,0.0,0.9696478,0.034290235
6619,535.12085,0.0,162.92294,57.333656,0.33269823,0.0,0.9732076,0.0342901
6620,465.88962,0.0,180.6498,57.333652,0.3335648,0.0,0.9940141,0.03428997
6621,465.92548,0.0,191.4875,57.333626,0.3325836,0.0,1.0001365,0.034289837
6622,510.75552,0.0,200.7344,57.33364,0.33211502,0.0,0.9604167,0.03428971
6623,492.08325,0.0,192.48941,57.333683,0.32812664,0.0,0.97316295,0.03428958
6624,529.8913,0.0,166.95824,57.333748,0.33606103,0.0,0.9755735,0.03428945
6625,495.70813,0.0,186.07721,57.33386,0.33518475,0.0,0.94610417,0.03428932
6626,454.10126,0.0,171.8321,57.33396,0.33231702,0.0,1.0115017,0.03428919
6627,514.90753,0.0,170.99329,57.334084,0.32927552,0.0,0.96779275,0.034289062
6628,506.94067,0.0,153.65398,57.334175,0.32987717,0.0,0.98089284,0.034288928
6629,467.2759,0.0,164.3044,57.334236,0.32475847,0.0,0.9575404,0.034288805
6630,470.64526,0.0,147.20306,57.33427,0.33132687,0.0,0.97163594,0.03428867
6631,545.23114,0.0,145.97876,57.334297,0.33073863,0.0,0.9956046,0.034288544
6632,465.92218,0.0,156.4217,57.33431,0.32771415,0.0,0.96507937,0.034288414
6633,483.99094,0.0,165.50537,57.33432,0.3340872,0.0,0.97213924,0.034288283
6634,502.14893,0.0,187.72739,57.3343,0.32792166,0.0,0.99913645,0.034288157
6635,465.71814,0.0,169.34933,57.334282,0.33591875,0.0,0.9959127,0.034288026
6636,477.34192,0.0,196.00214,57.334282,0.32998464,0.0,0.9914113,0.034287896
6637,490.5105,0.0,197.66467,57.334328,0.34353763,0.0,0.97666234,0.034287766
6638,513.00183,0.0,167.95787,57.33437,0.32750002,0.0,0.99727315,0.03428765
6639,485.97015,0.0,179.5762,57.334435,0.33731848,0.0,0.98043936,0.034287527
6640,506.4474,0.0,146.74783,57.334496,0.33165678,0.0,0.96047145,0.034287408
6641,444.48346,0.0,182.6535,57.334545,0.32987258,0.0,0.9577049,0.034287293
6642,506.02167,0.0,166.4626,57.334587,0.3354537,0.0,0.9890574,0.03428717
6643,471.80316,0.0,188.08934,57.334545,0.33504796,0.0,0.9555532,0.03428705
6644,520.4637,0.0,152.75565,57.334484,0.33292165,0.0,0.9589506,0.034286935
6645,511.252,0.0,152.93535,57.3344,0.3354709,0.0,0.9455405,0.034286812
6646,494.66122,0.0,149.1472,57.334343,0.33313242,0.0,0.9956434,0.034286693
6647,504.6239,0.0,178.48445,57.33428,0.33431062,0.0,0.96878076,0.03428657
6648,550.5648,0.0,158.36679,57.33425,0.33517906,0.0,0.9620604,0.034286443
6649,438.88354,0.0,180.05182,57.334297,0.32875672,0.0,0.96810204,0.034286324
6650,467.68274,0.0,153.45691,57.33434,0.33057654,0.0,0.9815174,0.0342862
6651,462.00797,0.0,166.32855,57.334454,0.3386669,0.0,0.97471666,0.034286074
6652,504.30453,0.0,191.91241,57.334534,0.3271744,0.0,0.96526694,0.03428595
6653,541.1136,0.0,190.60681,57.334606,0.3400564,0.0,0.96242386,0.03428583
6654,452.77213,0.0,170.52686,57.334667,0.3314844,0.0,0.97341496,0.0342857
6655,544.1119,0.0,176.42917,57.33465,0.31933272,0.0,0.99870795,0.034285575
6656,497.34366,0.0,168.51341,57.33461,0.3187254,0.0,0.9447256,0.034285452
6657,540.301,0.0,170.98196,57.3346,0.32907683,0.0,0.98694,0.03428533
6658,503.87582,0.0,173.77362,57.3346,0.3277891,0.0,0.9595188,0.034285203
6659,435.92767,0.0,181.79065,57.334606,0.33313304,0.0,0.97344095,0.034285072
6660,471.13852,0.0,188.65071,57.334606,0.32437038,0.0,0.98740613,0.03428495
6661,459.8792,0.0,148.11667,57.33463,0.34643862,0.0,0.97296983,0.034284823
6662,448.9089,0.0,182.71321,57.33464,0.3321507,0.0,0.9541444,0.03428469
6663,481.88586,0.0,177.30344,57.334656,0.33347982,0.0,0.9874054,0.034284562
6664,461.44223,0.0,131.99426,57.33467,0.3288983,0.0,0.9946345,0.03428443
6665,441.53705,0.0,180.43707,57.33471,0.3383917,0.0,0.95974106,0.034284305
6666,491.05917,0.0,179.32974,57.334732,0.33183888,0.0,0.95990056,0.03428418
6667,451.09302,0.0,181.265,57.334732,0.33024648,0.0,0.9550405,0.034284048
6668,460.11227,0.0,154.75468,57.334686,0.33393306,0.0,0.97233784,0.034283925
6669,464.81174,0.0,160.22089,57.33461,0.34843147,0.0,0.97404164,0.034283794
6670,435.38895,0.0,167.07085,57.334545,0.3335422,0.0,0.9722685,0.034283664
6671,573.41406,0.0,153.13553,57.334515,0.3286846,0.0,0.9778981,0.034283537
6672,514.30023,0.0,169.42162,57.334515,0.34606442,0.0,0.95259005,0.034283407
6673,496.24158,0.0,163.46762,57.334557,0.3366459,0.0,0.9475255,0.03428328
6674,538.80475,0.0,189.81638,57.33461,0.34543914,0.0,0.9836224,0.03428315
6675,523.5116,0.0,157.52454,57.334606,0.3289418,0.0,0.9659565,0.03428308
6676,506.30566,0.0,172.21535,57.334564,0.3436419,0.0,0.93870384,0.03428301
6677,488.38248,0.0,177.86876,57.334557,0.33537316,0.0,0.98346454,0.03428293
6678,523.43335,0.0,157.0246,57.334534,0.33917072,0.0,1.0046046,0.034282852
6679,463.67294,0.0,174.18211,57.334576,0.32867387,0.0,0.9813154,0.03428276
6680,476.67767,0.0,171.90065,57.334606,0.33049628,0.0,0.97793245,0.034282677
6681,469.8615,0.0,183.67366,57.334606,0.324477,0.0,0.97396785,0.034282576
6682,475.69653,0.0,171.09235,57.334625,0.3297219,0.0,0.9904294,0.034282483
6683,488.16483,0.0,162.63612,57.33465,0.32823303,0.0,0.9869371,0.034282383
6684,450.0142,0.0,165.1742,57.334667,0.32869193,0.0,0.97548664,0.034282282
6685,497.57886,0.0,170.14517,57.33467,0.34321606,0.0,0.96810377,0.034282174
6686,469.47473,0.0,207.59715,57.33466,0.33206996,0.0,0.987233,0.034282062
6687,496.95834,0.0,165.8083,57.33466,0.33547565,0.0,1.0007528,0.034281954
6688,466.25656,0.0,166.86821,57.334698,0.33115888,0.0,0.96793723,0.034281842
6689,523.57654,0.0,191.96658,57.33473,0.33265015,0.0,1.0113846,0.03428173
6690,499.61203,0.0,176.41672,57.33476,0.33442047,0.0,0.96524775,0.034281615
6691,498.4687,0.0,159.44801,57.33478,0.3274062,0.0,0.9841743,0.034281503
6692,452.28152,0.0,166.19048,57.334843,0.33704445,0.0,0.9558175,0.03428138
6693,526.66394,0.0,179.35623,57.334896,0.33863077,0.0,0.9854806,0.03428126
6694,468.77808,0.0,138.89627,57.334946,0.33747292,0.0,0.9921101,0.034281146
6695,424.1318,0.0,160.15514,57.334988,0.3357703,0.0,0.9907716,0.034281023
6696,483.32935,0.0,174.6929,57.335014,0.32983628,0.0,1.0216991,0.034280904
6697,502.42953,0.0,179.904,57.335037,0.33783296,0.0,0.9777904,0.03428078
6698,505.60516,0.0,150.77031,57.33506,0.3262765,0.0,0.9865938,0.034280658
6699,424.60168,0.0,144.32555,57.335148,0.33609295,0.0,0.96285504,0.034280535
6700,542.2187,0.0,157.38445,57.33523,0.33434886,0.0,1.0429372,0.03428041
6701,460.93527,0.0,168.8908,57.335304,0.3290876,0.0,0.98790044,0.03428029
6702,567.0413,0.0,175.46048,57.335358,0.33356762,0.0,0.9657022,0.03428016
6703,429.4274,0.0,172.79018,57.335407,0.34476137,0.0,0.9704545,0.034280032
6704,512.84546,0.0,184.63744,57.33547,0.32811984,0.0,1.0201342,0.03427991
6705,432.2527,0.0,179.51172,57.33551,0.3401038,0.0,0.9564209,0.034279782
6706,498.33234,0.0,174.18275,57.335567,0.3340972,0.0,1.0111002,0.03427966
6707,497.92966,0.0,141.60216,57.33558,0.33569616,0.0,0.98175454,0.03427953
6708,514.59717,0.0,197.32733,57.33555,0.32725692,0.0,0.9831111,0.034279402
6709,481.44016,0.0,146.89545,57.335506,0.32905993,0.0,0.9823667,0.034279276
6710,493.75717,0.0,186.67883,57.33547,0.337891,0.0,0.9587959,0.03427914
6711,488.03415,0.0,168.02458,57.335438,0.32938257,0.0,0.99284285,0.03427901
6712,499.71524,0.0,155.49983,57.335415,0.3252094,0.0,0.9545141,0.03427889
6713,504.613,0.0,164.38191,57.335384,0.3270337,0.0,0.99459225,0.03427876
6714,510.89676,0.0,150.8767,57.335365,0.33411732,0.0,0.95463294,0.03427863
6715,532.5569,0.0,189.05913,57.335396,0.33556253,0.0,0.98352075,0.0342785
6716,449.33267,0.0,154.60602,57.33547,0.33982208,0.0,0.9778904,0.034278374
6717,465.71634,0.0,153.94557,57.335552,0.33951068,0.0,0.9802971,0.03427825
6718,465.55298,0.0,153.06732,57.335655,0.3258021,0.0,0.9684906,0.034278117
6719,432.74915,0.0,148.65947,57.335724,0.33101395,0.0,0.97513986,0.034277987
6720,508.62106,0.0,182.54189,57.335766,0.343447,0.0,0.98852986,0.034277864
6721,511.6093,0.0,170.78722,57.335747,0.3460497,0.0,0.96894276,0.034277733
6722,449.89368,0.0,165.15828,57.335724,0.33382744,0.0,0.96990407,0.034277603
6723,443.47272,0.0,158.8731,57.335747,0.34988132,0.0,0.9719991,0.034277476
6724,427.85953,0.0,169.18594,57.33582,0.33244655,0.0,1.0099607,0.034277342
6725,484.51456,0.0,143.91844,57.335876,0.3438331,0.0,1.0034357,0.034277216
6726,518.5142,0.0,170.78246,57.335907,0.3301519,0.0,0.97173846,0.034277085
6727,463.26352,0.0,146.28845,57.33592,0.3339274,0.0,0.98680544,0.03427696
6728,502.8684,0.0,178.1407,57.33592,0.3380126,0.0,0.9963619,0.03427683
6729,468.90982,0.0,145.2901,57.33595,0.3301469,0.0,0.9764413,0.034276698
6730,568.7269,0.0,161.39378,57.33596,0.33103976,0.0,0.9630006,0.03427657
6731,529.92725,0.0,171.48714,57.336014,0.33527285,0.0,0.99913746,0.034276444
6732,429.18027,0.0,164.26149,57.336044,0.33261877,0.0,1.0063086,0.034276314
6733,516.6624,0.0,176.42201,57.33607,0.34052247,0.0,0.94823503,0.03427618
6734,548.17896,0.0,177.46481,57.33612,0.332485,0.0,0.9706627,0.03427605
6735,477.1511,0.0,163.15543,57.336178,0.3378455,0.0,0.9633789,0.03427592
6736,537.9176,0.0,177.98354,57.336254,0.33237144,0.0,0.9803397,0.03427579
6737,479.30463,0.0,179.15775,57.33632,0.33921686,0.0,0.98597765,0.034275666
6738,504.869,0.0,145.9028,57.33634,0.33926284,0.0,0.9485338,0.03427553
6739,572.231,0.0,193.59882,57.336372,0.32900175,0.0,0.9551203,0.034275405
6740,554.2154,0.0,155.13802,57.33636,0.34120902,0.0,0.9583893,0.03427527
6741,483.8371,0.0,171.59355,57.336327,0.3405304,0.0,0.97110415,0.034275144
6742,534.1146,0.0,178.01799,57.336296,0.34898221,0.0,0.991789,0.034275018
6743,464.5137,0.0,154.66191,57.336254,0.33404535,0.0,0.9848953,0.034274887
6744,496.65823,0.0,160.81686,57.33621,0.34206554,0.0,0.98940176,0.034274753
6745,477.1291,0.0,164.83473,57.336197,0.33556825,0.0,0.98618025,0.034274627
6746,465.5309,0.0,183.32687,57.336166,0.33184692,0.0,0.9807931,0.034274496
6747,482.24017,0.0,160.00314,57.336113,0.33345947,0.0,0.9731249,0.034274362
6748,484.31906,0.0,169.49873,57.336063,0.32618833,0.0,0.9718361,0.03427424
6749,467.49673,0.0,158.80087,57.336052,0.32750174,0.0,0.9703232,0.03427411
6750,508.54843,0.0,191.69061,57.33604,0.3331567,0.0,0.9635923,0.03427398
6751,536.01074,0.0,186.78096,57.33603,0.33905894,0.0,0.98094153,0.034273848
6752,469.30197,0.0,154.90053,57.33603,0.3274554,0.0,1.0105835,0.034273718
6753,521.43414,0.0,178.81596,57.33601,0.33461586,0.0,0.9974482,0.03427359
6754,561.5473,0.0,189.6133,57.33601,0.3288963,0.0,0.96836025,0.03427346
6755,558.13776,0.0,163.47464,57.336033,0.33441177,0.0,0.980594,0.03427333
6756,478.63724,0.0,160.07074,57.336113,0.33621815,0.0,0.99258626,0.0342732
6757,437.33182,0.0,172.50739,57.336163,0.32633585,0.0,0.97772014,0.034273073
6758,436.2303,0.0,165.50348,57.336205,0.32999143,0.0,1.0406644,0.03427294
6759,510.3178,0.0,161.10748,57.336235,0.3300184,0.0,1.0065471,0.03427281
6760,523.6099,0.0,179.36191,57.336285,0.32284954,0.0,0.93799984,0.034272682
6761,563.4531,0.0,181.69652,57.336285,0.3387681,0.0,0.98297703,0.034272548
6762,493.2518,0.0,180.3023,57.33627,0.33400598,0.0,1.064137,0.034272425
6763,502.20883,0.0,200.79678,57.336308,0.3291825,0.0,0.97009546,0.03427229
6764,494.46893,0.0,163.25468,57.33632,0.34345847,0.0,0.95098454,0.03427216
6765,474.02036,0.0,197.67412,57.33635,0.32650584,0.0,0.9642587,0.03427203
6766,472.83044,0.0,167.63522,57.33637,0.33931345,0.0,0.95646834,0.034271903
6767,463.50397,0.0,161.55624,57.33643,0.32294384,0.0,0.9841504,0.03427177
6768,471.3055,0.0,186.4806,57.33651,0.3273161,0.0,0.9693673,0.034271643
6769,517.78674,0.0,181.68396,57.336567,0.3445936,0.0,0.9764145,0.034271512
6770,436.77853,0.0,155.06703,57.336582,0.33191922,0.0,0.9802457,0.034271386
6771,493.06714,0.0,159.81885,57.336586,0.3397509,0.0,0.9969496,0.034271255
6772,447.35715,0.0,147.56561,57.336555,0.33483684,0.0,0.96828663,0.03427112
6773,479.96973,0.0,153.1817,57.336502,0.33354244,0.0,0.9673839,0.034270994
6774,457.50494,0.0,161.89507,57.33647,0.34014156,0.0,0.98643,0.034270864
6775,443.00592,0.0,185.42303,57.336525,0.33125508,0.0,0.9878297,0.034270734
6776,501.515,0.0,166.9007,57.336597,0.3295568,0.0,0.98945564,0.034270607
6777,520.5695,0.0,198.13605,57.336666,0.3365858,0.0,1.0214854,0.034270477
6778,502.01474,0.0,176.62233,57.33672,0.33232188,0.0,0.97606975,0.034270346
6779,521.5686,0.0,169.71191,57.336727,0.33791223,0.0,0.98423946,0.034270223
6780,458.85526,0.0,157.79573,57.33676,0.3371385,0.0,0.98200136,0.034270097
6781,502.94235,0.0,156.47914,57.33675,0.3348161,0.0,0.9767963,0.03426997
6782,462.96063,0.0,172.91977,57.336716,0.34412363,0.0,0.9588459,0.034269843
6783,533.6071,0.0,166.63815,57.33672,0.32383162,0.0,1.0092081,0.034269713
6784,495.90192,0.0,206.29263,57.33674,0.3384683,0.0,0.9624973,0.034269586
6785,475.80063,0.0,167.41722,57.336697,0.34616575,0.0,0.97231066,0.03426946
6786,472.95868,0.0,177.0731,57.33666,0.34847775,0.0,1.0001818,0.03426933
6787,479.4666,0.0,152.29462,57.336678,0.32936174,0.0,0.9799753,0.0342692
6788,446.15955,0.0,159.17351,57.33674,0.33045167,0.0,0.94673115,0.034269072
6789,512.8892,0.0,153.7058,57.336823,0.3381391,0.0,0.9742627,0.03426895
6790,512.8754,0.0,178.63884,57.336872,0.33976546,0.0,0.9828121,0.03426882
6791,456.49466,0.0,182.38576,57.336895,0.33417198,0.0,1.0016624,0.03426869
6792,470.91052,0.0,177.44167,57.336872,0.34784228,0.0,0.9818657,0.034268554
6793,480.4318,0.0,158.41556,57.336853,0.3305668,0.0,0.95255136,0.034268428
6794,532.1779,0.0,152.52016,57.33678,0.33769095,0.0,0.983271,0.034268297
6795,485.56485,0.0,165.72691,57.33672,0.34453183,0.0,0.98128736,0.03426817
6796,469.96353,0.0,184.71312,57.336655,0.3330379,0.0,0.99086314,0.03426804
6797,498.78323,0.0,184.75473,57.336586,0.34733543,0.0,0.9946482,0.03426791
6798,496.82104,0.0,143.73538,57.336555,0.34320208,0.0,0.99560165,0.034267783
6799,474.25452,0.0,176.38052,57.33652,0.3207266,0.0,0.9553439,0.03426765
6800,464.67728,0.0,201.75992,57.33645,0.33289143,0.0,0.97749954,0.034267522
6801,502.99637,0.0,156.39148,57.336403,0.332751,0.0,0.9723221,0.034267396
6802,507.32715,0.0,198.08548,57.336357,0.32712644,0.0,0.9981658,0.034267265
6803,506.30966,0.0,163.6599,57.33632,0.3188553,0.0,1.0043277,0.03426713
6804,448.16608,0.0,194.9506,57.336254,0.33423465,0.0,0.94476664,0.034267
6805,475.6869,0.0,188.71155,57.336163,0.33672345,0.0,0.985342,0.03426687
6806,482.98434,0.0,206.03082,57.33606,0.3451693,0.0,0.97571564,0.034266748
6807,433.5978,0.0,164.41765,57.33598,0.32483494,0.0,0.9719896,0.034266613
6808,476.101,0.0,167.73895,57.335938,0.32200325,0.0,0.9666261,0.034266483
6809,442.14835,0.0,169.01732,57.335876,0.33782363,0.0,0.9973279,0.034266353
6810,441.3177,0.0,164.00565,57.335846,0.34358191,0.0,0.9861448,0.034266222
6811,496.40375,0.0,193.56592,57.33588,0.3453053,0.0,0.99437726,0.034266092
6812,486.07733,0.0,150.14973,57.335896,0.32678923,0.0,1.017982,0.034265958
6813,435.4619,0.0,164.26265,57.33592,0.32914308,0.0,1.0113124,0.03426583
6814,512.84076,0.0,150.05713,57.33592,0.33905232,0.0,0.9803089,0.034265697
6815,486.02173,0.0,183.8781,57.33593,0.3306238,0.0,0.9839226,0.034265567
6816,473.68274,0.0,166.83177,57.335938,0.34131393,0.0,0.9736678,0.034265436
6817,465.06436,0.0,166.74544,57.335957,0.33607268,0.0,0.9979322,0.034265306
6818,460.1911,0.0,169.01274,57.335968,0.3265428,0.0,0.95197064,0.034265175
6819,489.0152,0.0,171.08066,57.33599,0.33860868,0.0,0.9565951,0.03426505
6820,521.44635,0.0,161.11507,57.33604,0.32432002,0.0,0.990109,0.03426492
6821,472.34622,0.0,154.2153,57.336105,0.33727595,0.0,0.9637873,0.034264788
6822,512.64984,0.0,182.74776,57.33612,0.34217092,0.0,0.99032557,0.034264654
6823,449.8907,0.0,157.2404,57.33615,0.3336993,0.0,0.96013886,0.034264524
6824,479.5469,0.0,181.29918,57.336193,0.33472455,0.0,0.97749305,0.034264397
6825,467.98267,0.0,184.5886,57.33621,0.34412992,0.0,0.9699798,0.034264266
6826,473.76257,0.0,151.73651,57.336216,0.33009586,0.0,0.98533404,0.03426413
6827,508.4293,0.0,165.47519,57.336246,0.33168438,0.0,0.9683717,0.034264002
6828,468.87363,0.0,164.2529,57.336277,0.3453015,0.0,0.9878951,0.03426387
6829,518.59766,0.0,209.38892,57.336246,0.3281086,0.0,0.96527505,0.03426374
6830,484.9512,0.0,144.25726,57.33629,0.3334746,0.0,0.98356897,0.03426361
6831,488.73456,0.0,166.40778,57.3363,0.33820036,0.0,0.99683046,0.03426348
6832,482.0854,0.0,158.80966,57.33633,0.33599073,0.0,0.960173,0.03426335
6833,513.56665,0.0,166.26985,57.33637,0.32909757,0.0,0.989607,0.03426322
6834,558.3998,0.0,185.80426,57.336422,0.33490765,0.0,1.0063761,0.034263145
6835,457.7044,0.0,171.41513,57.336533,0.32730958,0.0,0.97670794,0.03426307
6836,418.72256,0.0,154.47481,57.336647,0.3393442,0.0,0.9682208,0.034262996
6837,499.07104,0.0,168.17595,57.33672,0.34104195,0.0,0.96285295,0.03426292
6838,471.47083,0.0,165.575,57.336727,0.32908994,0.0,0.9499723,0.034262832
6839,473.07278,0.0,180.1666,57.33673,0.33844253,0.0,1.0113778,0.034262747
6840,562.0569,0.0,154.58493,57.33674,0.32807636,0.0,0.98956347,0.034262657
6841,564.37274,0.0,158.25603,57.33676,0.33886525,0.0,0.97152734,0.03426257
6842,490.07074,0.0,173.83392,57.336807,0.33491808,0.0,1.0033735,0.03426248
6843,503.3464,0.0,170.90305,57.33681,0.33989388,0.0,1.0460995,0.034262378
6844,486.0697,0.0,180.27362,57.336758,0.34038442,0.0,0.9963104,0.034261752
6845,548.9137,0.0,180.498,57.336666,0.3379552,0.0,0.96850854,0.034261208
6846,477.6237,0.0,160.52866,57.336597,0.34114876,0.0,0.9660014,0.034260735
6847,478.95462,0.0,160.92996,57.33651,0.3304206,0.0,0.990457,0.034260325
6848,492.7991,0.0,166.63148,57.33646,0.343364,0.0,0.96931213,0.03425996
6849,489.87317,0.0,152.97284,57.336388,0.3283861,0.0,0.97472245,0.03425963
6850,552.59766,0.0,155.2727,57.336338,0.33465937,0.0,0.9965378,0.03425933
6851,539.2246,0.0,184.56055,57.336315,0.33884975,0.0,0.9734614,0.034259066
6852,476.15308,0.0,168.8627,57.3363,0.33478704,0.0,0.98952866,0.034258813
6853,511.06232,0.0,165.77481,57.33635,0.33756483,0.0,0.97031087,0.034258585
6854,456.16928,0.0,200.29504,57.33643,0.3326688,0.0,1.0109978,0.03425837
6855,495.69708,0.0,166.83206,57.336502,0.33294946,0.0,0.95175236,0.03425817
6856,465.38803,0.0,187.25398,57.336567,0.33601174,0.0,0.99553365,0.03425798
6857,508.37076,0.0,172.49933,57.336605,0.33446553,0.0,0.9785515,0.0342578
6858,513.3896,0.0,195.2446,57.336666,0.3448022,0.0,0.9964373,0.034257624
6859,482.26245,0.0,159.56364,57.33675,0.3313804,0.0,1.022677,0.034257453
6860,435.52994,0.0,171.61758,57.33682,0.33253005,0.0,0.96269846,0.03425729
6861,502.51144,0.0,180.50594,57.336823,0.3376257,0.0,0.9733576,0.03425713
6862,482.85577,0.0,167.65982,57.336792,0.3416783,0.0,0.975226,0.034256972
6863,474.49866,0.0,166.62772,57.33677,0.3457901,0.0,0.98056436,0.03425682
6864,506.5546,0.0,158.35661,57.33673,0.31858432,0.0,0.9749666,0.034256667
6865,497.82928,0.0,171.61389,57.336716,0.33657864,0.0,0.9759968,0.03425652
6866,496.28305,0.0,173.59326,57.336697,0.3425234,0.0,0.96791524,0.034256376
6867,535.24426,0.0,162.7812,57.33672,0.33840656,0.0,0.98933077,0.034256227
6868,508.839,0.0,141.00806,57.33672,0.33970267,0.0,0.9921103,0.034256026
6869,550.78076,0.0,149.85316,57.336746,0.3320755,0.0,0.97293115,0.03425585
6870,526.97095,0.0,171.22162,57.3368,0.33606195,0.0,0.9818389,0.034255687
6871,537.699,0.0,166.8089,57.33686,0.33634022,0.0,1.00647,0.03425553
6872,450.35654,0.0,159.78415,57.336926,0.33053386,0.0,0.95905113,0.034255397
6873,513.73175,0.0,167.51675,57.336964,0.3470311,0.0,0.9936254,0.034255266
6874,517.62744,0.0,182.47688,57.337013,0.3300565,0.0,1.0419093,0.034255143
6875,480.22073,0.0,148.67133,57.33706,0.34523615,0.0,0.98515254,0.03425502
6876,425.40402,0.0,171.57944,57.337105,0.3349941,0.0,1.0056134,0.0342549
6877,495.25098,0.0,152.04605,57.33711,0.3425259,0.0,1.0113373,0.034254786
6878,481.52948,0.0,204.13081,57.337097,0.3369129,0.0,0.9933099,0.03425467
6879,443.4069,0.0,179.46637,57.33708,0.33382356,0.0,0.98423475,0.03425456
6880,444.23877,0.0,165.65102,57.337067,0.32827663,0.0,0.9582764,0.03425444
6881,482.1617,0.0,174.23526,57.337086,0.34062085,0.0,0.95638514,0.034254324
6882,594.4123,0.0,184.51273,57.33714,0.33233607,0.0,1.0042359,0.034254204
6883,453.91406,0.0,174.15181,57.33725,0.34029135,0.0,0.9617766,0.03425409
6884,495.70245,0.0,141.44385,57.337284,0.33889675,0.0,0.97668594,0.034253974
6885,516.1143,0.0,161.00346,57.33725,0.334346,0.0,0.9695147,0.03425385
6886,510.42493,0.0,173.00797,57.33721,0.33981687,0.0,0.96773773,0.03425373
6887,519.0158,0.0,199.10837,57.337177,0.32844123,0.0,0.9743422,0.03425361
6888,484.33527,0.0,170.3553,57.337177,0.32903615,0.0,0.98930234,0.03425349
6889,501.233,0.0,173.20348,57.337166,0.33387923,0.0,0.9824843,0.034253363
6890,472.5991,0.0,173.08746,57.337166,0.33607545,0.0,0.9552867,0.03425324
6891,436.2343,0.0,187.49124,57.337242,0.32716396,0.0,0.97613144,0.03425312
6892,501.25513,0.0,174.07603,57.337315,0.34585667,0.0,0.96887624,0.03425299
6893,456.4598,0.0,177.46492,57.337353,0.34132347,0.0,0.9405549,0.03425287
6894,482.80966,0.0,199.6592,57.33739,0.3340995,0.0,0.97024244,0.03425274
6895,509.65848,0.0,166.69206,57.337437,0.3285651,0.0,0.96657854,0.034252614
6896,434.31564,0.0,176.4072,57.337524,0.34028578,0.0,0.9916196,0.034252487
6897,494.11716,0.0,167.3792,57.337585,0.32939455,0.0,0.9612548,0.03425236
6898,519.0539,0.0,154.43109,57.337658,0.33358693,0.0,0.93995863,0.03425223
6899,427.60953,0.0,157.17513,57.337723,0.3433497,0.0,0.9587369,0.034252096
6900,505.13037,0.0,184.21292,57.33779,0.33131483,0.0,0.96753085,0.03425197
6901,413.84973,0.0,184.76184,57.337837,0.3340018,0.0,0.98845536,0.03425184
6902,498.0638,0.0,162.4435,57.3379,0.3300272,0.0,0.9690211,0.03425171
6903,447.4611,0.0,165.65561,57.33793,0.3362669,0.0,0.97311693,0.034251582
6904,483.4733,0.0,158.27156,57.337944,0.33538124,0.0,0.9308297,0.034251448
6905,492.56128,0.0,145.01306,57.337936,0.33704922,0.0,0.99091405,0.034251317
6906,493.60306,0.0,173.89781,57.337917,0.3302553,0.0,0.9839997,0.034251187
6907,550.00433,0.0,160.55136,57.337887,0.3402443,0.0,0.96026856,0.034251057
6908,466.44516,0.0,177.48376,57.337883,0.32676902,0.0,0.9692674,0.034250926
6909,455.2867,0.0,159.16975,57.337868,0.33503762,0.0,0.9491187,0.034250792
6910,465.62723,0.0,155.03615,57.337864,0.34090507,0.0,0.9841798,0.03425066
6911,464.96783,0.0,178.87712,57.337906,0.34038258,0.0,0.9964087,0.034250528
6912,541.7334,0.0,159.11125,57.337986,0.335171,0.0,0.9934906,0.034250397
6913,474.59772,0.0,193.58186,57.338028,0.34095716,0.0,0.96339303,0.034250263
6914,472.1009,0.0,152.14954,57.338028,0.33433482,0.0,0.9738204,0.034250136
6915,464.74744,0.0,157.09486,57.33798,0.3387835,0.0,0.98955077,0.034250002
6916,526.8762,0.0,162.57797,57.337967,0.34171718,0.0,0.99560815,0.03424987
6917,450.39618,0.0,161.43321,57.33797,0.3289992,0.0,0.9687324,0.034249738
6918,456.5545,0.0,139.30907,57.33799,0.33537158,0.0,0.9666749,0.034249607
6919,440.4345,0.0,175.82272,57.33801,0.32688993,0.0,0.9893618,0.034249473
6920,452.7485,0.0,186.10019,57.33801,0.33369783,0.0,0.958904,0.034249343
6921,503.78116,0.0,157.99126,57.33801,0.33181936,0.0,0.99166846,0.034249213
6922,479.2665,0.0,177.8445,57.338,0.33684853,0.0,0.961594,0.03424908
6923,455.64755,0.0,169.61702,57.33799,0.340049,0.0,0.9768528,0.034248948
6924,501.5141,0.0,160.84854,57.337986,0.33928108,0.0,0.9357418,0.034248814
6925,446.47577,0.0,155.51013,57.33799,0.33560792,0.0,0.97472817,0.03424868
6926,487.78323,0.0,140.78673,57.337986,0.33379492,0.0,0.9950281,0.03424855
6927,512.7218,0.0,164.0833,57.33799,0.3367618,0.0,0.96340334,0.034248415
6928,465.73053,0.0,157.15306,57.337997,0.3368643,0.0,0.97511446,0.034248285
6929,402.3671,0.0,163.91241,57.337997,0.33192998,0.0,0.9855881,0.03424815
6930,513.5797,0.0,171.5739,57.33799,0.32886186,0.0,0.9830477,0.03424802
6931,449.33148,0.0,166.47763,57.33797,0.34523728,0.0,0.9532098,0.034247886
6932,485.48737,0.0,174.68253,57.33797,0.339851,0.0,0.9876265,0.03424776
6933,496.04346,0.0,175.16402,57.33798,0.32334322,0.0,0.9558875,0.034247622
6934,489.31488,0.0,157.46199,57.338,0.33772114,0.0,0.98809713,0.03424749
6935,444.7759,0.0,177.04092,57.338,0.33496767,0.0,0.9898151,0.034247357
6936,492.00546,0.0,187.20877,57.338017,0.33657268,0.0,0.9930346,0.034247227
6937,500.4659,0.0,158.68587,57.337997,0.33547205,0.0,0.9856621,0.034247093
6938,415.1145,0.0,144.93095,57.33798,0.3362001,0.0,0.9782956,0.034246963
6939,492.41687,0.0,155.31726,57.337944,0.3282361,0.0,0.97280186,0.03424683
6940,506.41586,0.0,172.43639,57.337917,0.3380127,0.0,0.98655385,0.034246694
6941,517.17773,0.0,159.6569,57.337914,0.32348308,0.0,0.9758404,0.034246564
6942,491.77948,0.0,162.55696,57.33793,0.3336256,0.0,0.96973467,0.03424643
6943,472.71274,0.0,176.19083,57.337917,0.33636048,0.0,0.96824604,0.034246296
6944,495.39536,0.0,172.86816,57.337856,0.3383311,0.0,0.95436275,0.034246165
6945,432.85034,0.0,151.0356,57.337807,0.3328698,0.0,1.0360799,0.03424603
6946,465.802,0.0,155.68858,57.337803,0.34120852,0.0,0.98454285,0.034245897
6947,502.51578,0.0,147.12988,57.337807,0.3344276,0.0,0.9627156,0.034245767
6948,496.5963,0.0,173.86623,57.337837,0.3493706,0.0,0.97568095,0.034245636
6949,546.7666,0.0,146.09451,57.337887,0.3404935,0.0,0.962677,0.034245506
6950,434.72995,0.0,181.34004,57.337948,0.3311904,0.0,0.9909462,0.034245376
6951,525.4333,0.0,155.19649,57.33799,0.33361992,0.0,0.99820095,0.03424524
6952,524.1142,0.0,165.70126,57.338028,0.33461565,0.0,0.97577375,0.034245107
6953,427.4821,0.0,168.14104,57.33806,0.33301714,0.0,0.96813864,0.034244973
6954,500.35934,0.0,187.30917,57.338062,0.33421588,0.0,0.97798413,0.03424484
6955,450.64917,0.0,172.80759,57.33804,0.333331,0.0,0.95644,0.03424471
6956,487.05908,0.0,156.31389,57.33798,0.33016804,0.0,0.95552087,0.03424458
6957,516.2896,0.0,155.94199,57.337917,0.33432204,0.0,0.9699385,0.034244444
6958,458.49475,0.0,170.27864,57.337883,0.33973134,0.0,0.9682016,0.03424431
6959,478.59335,0.0,168.84004,57.337864,0.33648136,0.0,0.98419315,0.03424418
6960,478.60825,0.0,148.91792,57.337875,0.3340177,0.0,0.96018267,0.034244046
6961,480.39655,0.0,162.31929,57.337917,0.32827687,0.0,0.99017423,0.03424391
6962,465.74588,0.0,153.36417,57.337944,0.34175855,0.0,0.97765136,0.03424378
6963,467.1717,0.0,173.69307,57.337967,0.33954382,0.0,0.99281156,0.03424365
6964,492.00812,0.0,192.45366,57.338062,0.33121368,0.0,0.95673054,0.034245428
6965,526.64984,0.0,155.53815,57.338142,0.32937112,0.0,0.9858107,0.03424746
6966,460.3246,0.0,165.93506,57.338215,0.33890507,0.0,0.9774666,0.03424964
6967,471.91235,0.0,189.46838,57.338303,0.33988264,0.0,0.97572416,0.034251887
6968,565.8612,0.0,176.44571,57.33836,0.32780457,0.0,0.97369903,0.034254137
6969,529.50415,0.0,165.34325,57.33839,0.32950523,0.0,0.97178715,0.03425633
6970,526.0918,0.0,168.27747,57.338375,0.33635947,0.0,0.99746007,0.03425845
6971,501.2268,0.0,152.35248,57.338303,0.32520804,0.0,1.0238343,0.034260474
6972,517.4127,0.0,170.8848,57.338192,0.3409578,0.0,0.977786,0.034262385
6973,523.50824,0.0,137.02989,57.338093,0.34799045,0.0,0.99096924,0.03426417
6974,520.0862,0.0,213.89436,57.338062,0.32711634,0.0,0.9515336,0.03426582
6975,525.0304,0.0,157.20898,57.33799,0.3408579,0.0,0.9786503,0.03426735
6976,531.7253,0.0,175.2884,57.337917,0.33415812,0.0,1.0125679,0.034268755
6977,471.37042,0.0,179.7315,57.337875,0.33521,0.0,0.9803884,0.034270037
6978,520.3807,0.0,195.08118,57.337833,0.3446329,0.0,0.9765818,0.034271203
6979,501.89893,0.0,164.97794,57.337814,0.338244,0.0,0.9695868,0.034272254
6980,428.60416,0.0,159.22581,57.337803,0.33300576,0.0,0.99767596,0.034273207
6981,515.0936,0.0,177.60588,57.337776,0.3419599,0.0,0.9901941,0.034274057
6982,509.36703,0.0,171.12138,57.337765,0.33979872,0.0,0.9658414,0.034274817
6983,487.2086,0.0,168.96944,57.337784,0.33567408,0.0,0.96059376,0.0342755
6984,503.2859,0.0,161.11894,57.337795,0.33000863,0.0,0.98251265,0.034276098
6985,449.3449,0.0,159.75258,57.337814,0.33969134,0.0,0.99123496,0.034276623
6986,505.17218,0.0,176.71849,57.337807,0.32983327,0.0,0.98888576,0.03427709
6987,472.76636,0.0,160.60745,57.337795,0.32070518,0.0,0.99051005,0.034277488
6988,486.02692,0.0,175.5169,57.337753,0.33459145,0.0,0.9995463,0.034277838
6989,469.68866,0.0,176.65,57.337723,0.33836442,0.0,0.9714194,0.034278132
6990,481.4259,0.0,195.55957,57.33776,0.3217177,0.0,0.95195985,0.03427838
6991,482.0453,0.0,215.44516,57.337822,0.3343607,0.0,0.9383813,0.034278587
6992,484.893,0.0,169.3795,57.337906,0.3309058,0.0,0.97816694,0.034278765
6993,517.3569,0.0,166.6445,57.33796,0.32910514,0.0,1.0133334,0.034278903
6994,521.7744,0.0,174.84657,57.33801,0.3300968,0.0,0.96982664,0.03427901
6995,557.18097,0.0,188.41475,57.338062,0.32959214,0.0,0.943846,0.03427909
6996,540.598,0.0,175.66418,57.338108,0.33666745,0.0,0.99002695,0.034279145
6997,508.0576,0.0,156.92014,57.33812,0.3242492,0.0,0.9754823,0.034279175
6998,502.45578,0.0,152.80365,57.338135,0.32992715,0.0,0.9659305,0.03427919
6999,505.858,0.0,192.4184,57.338154,0.3288213,0.0,0.9895987,0.03427918
7000,527.868,0.0,195.99554,57.338142,0.34010175,0.0,0.9119424,0.034279153
7001,454.1369,0.0,186.96704,57.33815,0.3203949,0.0,0.9723219,0.034279115
7002,500.32483,0.0,163.21237,57.338192,0.32785252,0.0,0.92928606,0.034279063
7003,517.7186,0.0,159.17845,57.338284,0.34125766,0.0,0.99327075,0.034278996
7004,507.03162,0.0,159.92001,57.338417,0.33039892,0.0,0.98354024,0.034278926
7005,457.90115,0.0,141.90103,57.338512,0.34648436,0.0,0.96794665,0.034278836
7006,462.6214,0.0,139.36687,57.338604,0.34344026,0.0,0.96655476,0.034278743
7007,531.55383,0.0,176.1065,57.338646,0.34313202,0.0,1.0015533,0.03427864
7008,509.48795,0.0,163.17056,57.338696,0.34076518,0.0,0.9622667,0.03427853
7009,507.3709,0.0,173.05109,57.338818,0.3366429,0.0,0.9879571,0.03427841
7010,474.18375,0.0,198.92952,57.33892,0.33817798,0.0,0.97804886,0.034278292
7011,491.33347,0.0,190.2519,57.339,0.3333776,0.0,0.978311,0.034278166
7012,545.82526,0.0,179.21962,57.339085,0.34712204,0.0,0.9908508,0.03427803
7013,512.38184,0.0,169.46985,57.339115,0.3336397,0.0,0.9432008,0.034277897
7014,464.95053,0.0,168.65523,57.339127,0.32966855,0.0,0.9872883,0.03427776
7015,563.32465,0.0,171.5295,57.339066,0.3373054,0.0,0.9645162,0.034277618
7016,553.9836,0.0,176.32051,57.339016,0.33149034,0.0,0.966023,0.034277473
7017,438.50558,0.0,183.36159,57.338993,0.33189628,0.0,0.94435185,0.03427733
7018,456.23407,0.0,166.73242,57.338932,0.33217394,0.0,0.97977495,0.034277182
7019,472.07794,0.0,174.77821,57.338882,0.33673063,0.0,0.961308,0.034277033
7020,475.69797,0.0,148.2556,57.338882,0.3297969,0.0,0.998814,0.03427688
7021,471.3684,0.0,177.46576,57.338882,0.34739372,0.0,1.0078769,0.034276724
7022,454.6293,0.0,190.47618,57.338913,0.33518347,0.0,0.9489185,0.03427657
7023,486.42767,0.0,196.40443,57.338932,0.33743012,0.0,0.9803561,0.03427642
7024,529.4691,0.0,154.31529,57.33897,0.32534516,0.0,0.9840341,0.03427626
7025,461.70044,0.0,186.43372,57.339016,0.33511603,0.0,1.0031736,0.034276105
7026,476.567,0.0,164.67426,57.339035,0.3401402,0.0,1.0320301,0.034275945
7027,483.18018,0.0,153.48969,57.339077,0.32950452,0.0,0.9710782,0.03427579
7028,487.86932,0.0,183.65501,57.339108,0.34430906,0.0,0.9678182,0.03427563
7029,528.487,0.0,155.08698,57.339176,0.3418002,0.0,0.9717398,0.03427547
7030,464.98694,0.0,168.11526,57.339268,0.33309278,0.0,0.9779457,0.034275312
7031,456.18808,0.0,170.45796,57.33936,0.3398874,0.0,0.9973938,0.034275156
7032,479.58203,0.0,185.51517,57.33942,0.33956844,0.0,0.95306623,0.03427499
7033,499.38528,0.0,182.38718,57.339493,0.34174258,0.0,0.9688511,0.03427483
7034,476.0605,0.0,151.57307,57.339577,0.34915113,0.0,0.9864156,0.03427467
7035,467.99823,0.0,158.74841,57.33962,0.33896795,0.0,1.0236852,0.03427451
7036,474.68567,0.0,179.07318,57.339657,0.33602294,0.0,0.97180456,0.03427435
7037,512.6776,0.0,158.68965,57.33966,0.3276139,0.0,1.0221275,0.034274198
7038,490.0732,0.0,142.90784,57.339687,0.3486819,0.0,0.97692233,0.034274034
7039,453.10202,0.0,180.29253,57.33969,0.32935995,0.0,0.98477364,0.034273878
7040,497.15988,0.0,155.9762,57.339638,0.3349818,0.0,0.95203984,0.034273718
7041,517.7243,0.0,179.45308,57.339577,0.33808357,0.0,0.99059194,0.03427399
7042,482.62503,0.0,171.1375,57.339546,0.3303997,0.0,1.0129097,0.03427498
7043,473.76712,0.0,163.40146,57.339493,0.32770702,0.0,0.97478,0.03427647
7044,499.67776,0.0,188.02284,57.339474,0.33188984,0.0,0.9721606,0.034278296
7045,481.52103,0.0,167.91331,57.33945,0.33162937,0.0,0.97176754,0.034280326
7046,428.42422,0.0,168.99156,57.339443,0.33698297,0.0,0.98806405,0.034282472
7047,468.64053,0.0,144.17761,57.339424,0.33305523,0.0,0.9573967,0.034284636
7048,469.3954,0.0,161.28893,57.33937,0.34124464,0.0,0.950978,0.034286786
7049,450.20132,0.0,164.59114,57.33931,0.34493732,0.0,0.9857146,0.034288872
7050,498.28152,0.0,177.25336,57.33925,0.3504033,0.0,0.9978696,0.034290876
7051,496.5679,0.0,180.85588,57.339184,0.3360069,0.0,0.98719764,0.034292765
7052,462.64496,0.0,193.1183,57.339104,0.3371999,0.0,0.99563485,0.034294534
7053,473.02118,0.0,169.00153,57.339043,0.3303766,0.0,0.9629659,0.03429618
7054,454.14185,0.0,220.84505,57.339043,0.33039305,0.0,0.96750957,0.034297697
7055,495.11478,0.0,177.90318,57.339096,0.32399318,0.0,1.0019771,0.034299087
7056,458.15402,0.0,168.4121,57.339138,0.33705503,0.0,0.96010345,0.034300353
7057,467.42868,0.0,175.46729,57.339188,0.33406454,0.0,0.97661257,0.0343015
7058,492.66595,0.0,173.81439,57.33922,0.32981113,0.0,0.9791125,0.03430253
7059,493.4057,0.0,168.69394,57.339256,0.33538425,0.0,0.9719339,0.03430346
7060,490.36264,0.0,156.01364,57.339302,0.34237927,0.0,0.95426434,0.034304276
7061,472.81046,0.0,203.17627,57.3394,0.32995388,0.0,0.9878414,0.03430501
7062,498.57504,0.0,170.09134,57.339485,0.33813527,0.0,0.9726172,0.03430565
7063,529.4709,0.0,152.30638,57.339546,0.3400532,0.0,0.97208405,0.034306213
7064,464.48743,0.0,178.78786,57.339558,0.33280647,0.0,0.98325795,0.0343067
7065,457.0474,0.0,169.46983,57.339554,0.33159855,0.0,0.9762185,0.03430712
7066,507.79218,0.0,154.29173,57.339546,0.34090456,0.0,1.0069284,0.034307476
7067,510.71112,0.0,156.73718,57.339546,0.33667508,0.0,0.9997323,0.034308244
7068,511.36414,0.0,178.68637,57.339497,0.33380106,0.0,0.95633745,0.034308936
7069,478.5339,0.0,147.12968,57.33945,0.3434717,0.0,0.975787,0.03430955
7070,444.54404,0.0,174.41946,57.33939,0.34354216,0.0,0.98937273,0.03430977
7071,528.1387,0.0,176.21126,57.33937,0.33790642,0.0,0.94724095,0.034310594
7072,464.01013,0.0,186.29762,57.33937,0.32052067,0.0,0.98060876,0.03431183
7073,549.0484,0.0,173.29688,57.339375,0.33489105,0.0,0.9980186,0.034313336
7074,450.59802,0.0,165.27226,57.339394,0.33109474,0.0,0.9581273,0.034315016
7075,481.00058,0.0,161.6483,57.33937,0.33188272,0.0,0.9635804,0.034316782
7076,514.11774,0.0,170.22578,57.339348,0.33776975,0.0,0.9646043,0.034318566
7077,447.1848,0.0,191.61319,57.339287,0.33761692,0.0,0.9734717,0.034320332
7078,496.84607,0.0,159.06572,57.339237,0.3265809,0.0,0.9677232,0.03432204
7079,458.12512,0.0,159.69014,57.339207,0.32085577,0.0,0.95811117,0.034323677
7080,436.54758,0.0,178.67557,57.339176,0.32492346,0.0,0.9752673,0.034325216
7081,515.1335,0.0,153.74861,57.339134,0.32519323,0.0,0.9804676,0.03432665
7082,503.19843,0.0,162.32993,57.339073,0.32978126,0.0,0.95611966,0.03432798
7083,463.57404,0.0,153.85387,57.33898,0.34655547,0.0,0.9707601,0.0343292
7084,500.20642,0.0,144.80566,57.33888,0.33682203,0.0,0.9957025,0.034330312
7085,508.55957,0.0,164.33363,57.338837,0.33904406,0.0,0.9739741,0.03433132
7086,512.8565,0.0,162.26604,57.338837,0.3213969,0.0,0.9764465,0.034332223
7087,548.6435,0.0,170.59221,57.338882,0.35303855,0.0,0.94058853,0.034333035
7088,473.37128,0.0,154.61507,57.338943,0.33832672,0.0,0.9660535,0.034333754
7089,490.65167,0.0,167.04753,57.338963,0.33963737,0.0,0.95645267,0.034334384
7090,486.37393,0.0,162.70279,57.338993,0.3270401,0.0,0.99410003,0.034334943
7091,530.2282,0.0,148.82747,57.338993,0.32874185,0.0,0.9527782,0.034335423
7092,487.27823,0.0,147.88911,57.339016,0.33507448,0.0,0.96867126,0.034335833
7093,502.35394,0.0,157.8617,57.33903,0.32817325,0.0,0.96721786,0.034336187
7094,446.06116,0.0,148.12996,57.339054,0.33933952,0.0,0.99988645,0.034336478
7095,447.80493,0.0,139.0161,57.33906,0.33571777,0.0,0.99085057,0.034336716
7096,492.144,0.0,146.366,57.339043,0.3213537,0.0,0.97970974,0.03433691
7097,459.19156,0.0,158.10168,57.33899,0.325296,0.0,0.98986703,0.03433706
7098,440.64154,0.0,170.39186,57.33893,0.34669533,0.0,0.9775501,0.03433717
7099,477.01083,0.0,156.58737,57.33893,0.32690218,0.0,0.9614545,0.034337144
7100,501.22073,0.0,160.70465,57.338963,0.3343299,0.0,1.0032043,0.034337092
7101,524.9003,0.0,155.24228,57.338974,0.332691,0.0,1.0260549,0.034337185
7102,498.50705,0.0,197.00732,57.338993,0.33525303,0.0,0.9722685,0.034337524
7103,480.14398,0.0,144.73578,57.338974,0.32870993,0.0,0.98346186,0.03433803
7104,472.5479,0.0,208.57584,57.33896,0.32857072,0.0,0.9736177,0.034338653
7105,475.1013,0.0,181.80331,57.33896,0.34264845,0.0,0.9993811,0.034339342
7106,454.37985,0.0,144.04257,57.339012,0.33271968,0.0,0.9860664,0.03434005
7107,525.6986,0.0,183.74559,57.339043,0.3330311,0.0,0.99520314,0.03434076
7108,478.8718,0.0,168.60233,57.339066,0.32050484,0.0,0.9609938,0.03434146
7109,553.5443,0.0,164.50888,57.339077,0.32479572,0.0,0.97125584,0.03434213
7110,455.33652,0.0,182.32361,57.339054,0.33905208,0.0,0.981272,0.034342755
7111,483.15173,0.0,157.27628,57.339043,0.33211994,0.0,0.95363706,0.034343336
7112,522.3817,0.0,186.04799,57.33903,0.34093106,0.0,1.0246993,0.03434387
7113,479.05197,0.0,171.44505,57.339073,0.34797212,0.0,0.98971134,0.03434435
7114,496.72464,0.0,173.35301,57.339115,0.32226714,0.0,0.9778614,0.034344777
7115,488.52673,0.0,172.65596,57.339123,0.3387977,0.0,0.98982745,0.034345154
7116,472.17368,0.0,155.1275,57.339085,0.32369116,0.0,0.9699329,0.034345485
7117,468.21814,0.0,155.88553,57.33906,0.33619672,0.0,0.9743319,0.034345765
7118,480.0732,0.0,190.1753,57.339016,0.33150622,0.0,0.979879,0.034346003
7119,495.55396,0.0,165.18486,57.33898,0.32683927,0.0,0.9772231,0.034346197
7120,554.86035,0.0,175.43695,57.338943,0.3322813,0.0,0.98761255,0.034346353
7121,543.95416,0.0,169.25471,57.338932,0.34230074,0.0,0.9473581,0.034346472
7122,419.06357,0.0,149.74878,57.338932,0.33678678,0.0,0.98730457,0.03434656
7123,514.46356,0.0,178.44603,57.33895,0.33912295,0.0,1.0001799,0.034346618
7124,484.31757,0.0,188.56543,57.338993,0.3397784,0.0,0.98221636,0.034346648
7125,495.92285,0.0,218.32408,57.339035,0.33665422,0.0,0.99995065,0.034346648
7126,471.59656,0.0,156.44481,57.339077,0.33507007,0.0,0.96758676,0.03434663
7127,517.0464,0.0,159.53304,57.339138,0.33466867,0.0,0.98390895,0.034346588
7128,558.7094,0.0,152.95987,57.339165,0.32987717,0.0,1.0045754,0.034346525
7129,475.47705,0.0,182.83893,57.339153,0.33141544,0.0,0.96833307,0.034346443
7130,608.9509,0.0,158.05843,57.339134,0.3267878,0.0,0.9716438,0.03434635
7131,459.9696,0.0,170.93535,57.339096,0.33334017,0.0,0.96142244,0.034346238
7132,502.70905,0.0,184.4401,57.338993,0.3289909,0.0,0.96328825,0.03434611
7133,467.5074,0.0,166.21274,57.338898,0.32237366,0.0,0.9968051,0.034345977
7134,479.41663,0.0,204.54265,57.338795,0.3328462,0.0,0.98681194,0.03434583
7135,458.08755,0.0,192.75673,57.33872,0.33053616,0.0,0.97417396,0.03434568
7136,512.7716,0.0,215.72107,57.338734,0.3304554,0.0,0.96239495,0.03434552
7137,452.52557,0.0,168.45647,57.33878,0.32355005,0.0,0.95439214,0.03434535
7138,457.29886,0.0,175.72522,57.33885,0.34009245,0.0,1.0065068,0.034345176
7139,505.29535,0.0,159.87704,57.33892,0.3274921,0.0,0.9705288,0.034345254
7140,460.87296,0.0,148.01389,57.338993,0.32989672,0.0,0.9765111,0.03434537
7141,449.94815,0.0,167.83647,57.339085,0.33415955,0.0,0.96346754,0.0343455
7142,480.97726,0.0,171.84238,57.339176,0.331742,0.0,0.96529526,0.034345634
7143,469.9537,0.0,173.2595,57.33929,0.33149153,0.0,0.97861594,0.034345776
7144,447.18408,0.0,176.11421,57.33939,0.32971704,0.0,0.9736069,0.034345903
7145,488.09824,0.0,168.3334,57.339413,0.3396258,0.0,0.99447924,0.034346018
7146,473.0612,0.0,173.40576,57.339424,0.33155742,0.0,0.94337845,0.03434612
7147,457.4834,0.0,180.40094,57.339474,0.3363469,0.0,0.94275755,0.034346197
7148,460.51108,0.0,187.89644,57.339523,0.33873603,0.0,0.96438843,0.03434626
7149,481.6632,0.0,161.63795,57.339596,0.33508822,0.0,0.9693387,0.034346305
7150,516.42566,0.0,157.81989,57.339657,0.3183513,0.0,0.9432738,0.03434633
7151,501.61838,0.0,187.66989,57.339733,0.3314263,0.0,0.9827071,0.034347113
7152,533.16656,0.0,184.07152,57.339825,0.340637,0.0,0.96202403,0.034348644
7153,555.69556,0.0,151.36612,57.3399,0.33260414,0.0,1.0128288,0.034350686
7154,485.9891,0.0,161.11845,57.339996,0.3284182,0.0,0.974788,0.03435306
7155,453.30063,0.0,176.01306,57.340057,0.33554998,0.0,0.97639656,0.034355626
7156,497.18964,0.0,183.98245,57.3401,0.33958447,0.0,0.99984044,0.034358278
7157,467.5925,0.0,167.91684,57.340122,0.33871892,0.0,0.9556371,0.03436094
7158,516.08527,0.0,175.79088,57.34015,0.33808428,0.0,0.95722175,0.03436355
7159,563.8262,0.0,144.4696,57.340202,0.32787818,0.0,0.99058354,0.034365676
7160,486.20844,0.0,187.83911,57.340244,0.34193644,0.0,0.9561587,0.03436791
7161,509.21957,0.0,157.19672,57.34023,0.32381293,0.0,0.97435987,0.03437017
7162,434.54504,0.0,161.40456,57.34021,0.33693403,0.0,0.96798706,0.0343724
7163,487.27704,0.0,186.62486,57.34019,0.3348472,0.0,0.9740565,0.03437456
7164,490.37943,0.0,173.12708,57.34015,0.33421436,0.0,1.016788,0.03437663
7165,491.3105,0.0,181.89644,57.340107,0.33516753,0.0,0.9776371,0.03437858
7166,482.71365,0.0,156.39352,57.340046,0.32866302,0.0,0.95499307,0.034380402
7167,569.5144,0.0,166.3321,57.33996,0.33925298,0.0,0.99992394,0.034382097
7168,455.51953,0.0,146.4127,57.3399,0.3334959,0.0,0.99413836,0.034383655
7169,486.54037,0.0,172.24681,57.339863,0.3500557,0.0,0.95200485,0.034385074
7170,479.3531,0.0,181.65105,57.33984,0.3350273,0.0,1.0004238,0.03438637
7171,490.37823,0.0,172.27588,57.339874,0.33879718,0.0,0.96472055,0.034387536
7172,600.59784,0.0,160.20917,57.339943,0.3333708,0.0,0.95987916,0.034388587
7173,481.4662,0.0,164.3677,57.33999,0.34479523,0.0,1.001988,0.034389522
7174,552.7038,0.0,166.22957,57.340004,0.3360342,0.0,0.9549605,0.034390353
7175,529.29376,0.0,174.96243,57.339985,0.33996317,0.0,0.9573507,0.034391094
7176,528.3118,0.0,174.36491,57.339966,0.34184626,0.0,0.98261195,0.034391735
7177,491.54178,0.0,173.0343,57.339928,0.33324656,0.0,1.0313529,0.034392294
7178,560.6852,0.0,163.78484,57.33988,0.33933073,0.0,0.9889587,0.034392778
7179,505.80624,0.0,175.49318,57.33987,0.34500146,0.0,0.96882427,0.034393188
7180,520.0058,0.0,159.14792,57.339863,0.33400744,0.0,0.94967043,0.03439353
7181,471.40897,0.0,187.41722,57.33981,0.34139717,0.0,1.0905944,0.034393817
7182,500.2358,0.0,188.14006,57.339733,0.33419704,0.0,0.97313625,0.034394052
7183,441.81985,0.0,178.96858,57.33967,0.3384971,0.0,0.9749746,0.03439424
7184,442.31522,0.0,189.14714,57.339657,0.32661292,0.0,0.99331754,0.034394376
7185,464.68597,0.0,170.79489,57.339687,0.32485268,0.0,0.9698302,0.034394473
7186,465.97272,0.0,174.34424,57.33976,0.3220531,0.0,0.9965847,0.03439454
7187,504.8238,0.0,192.84929,57.339832,0.34957638,0.0,0.9712273,0.03439457
7188,482.14285,0.0,196.39244,57.339825,0.33572078,0.0,0.96650493,0.03439457
7189,528.48474,0.0,157.97401,57.33976,0.33490646,0.0,0.98674357,0.034394544
7190,511.83658,0.0,192.4045,57.3397,0.3343321,0.0,0.979945,0.034394495
7191,463.5968,0.0,147.37375,57.33967,0.33870295,0.0,0.98681056,0.034394424
7192,498.14127,0.0,178.66217,57.339676,0.3392071,0.0,0.9486661,0.034394335
7193,466.67078,0.0,165.20953,57.33973,0.33233625,0.0,0.96591073,0.034394227
7194,479.81174,0.0,154.10368,57.33977,0.33118877,0.0,0.9789599,0.034394104
7195,471.87265,0.0,173.94003,57.33975,0.3248449,0.0,1.0055462,0.03439397
7196,502.62225,0.0,173.86548,57.33973,0.33253476,0.0,1.01657,0.03439382
7197,487.6572,0.0,164.4047,57.3397,0.32543918,0.0,0.98590636,0.03439366
7198,508.2186,0.0,193.38925,57.33969,0.3317122,0.0,0.9825461,0.034393493
7199,429.1687,0.0,171.09116,57.33974,0.33921406,0.0,0.96333176,0.034393314
7200,528.1521,0.0,185.83803,57.33979,0.32907006,0.0,0.96765584,0.034393128
7201,507.85986,0.0,163.49646,57.339825,0.34114316,0.0,0.99356425,0.034392938
7202,528.39996,0.0,171.34209,57.33987,0.3189614,0.0,0.9815665,0.034392737
7203,477.50714,0.0,193.03326,57.339863,0.33465418,0.0,0.95259196,0.034392536
7204,440.6997,0.0,153.94936,57.33988,0.3288264,0.0,0.97088736,0.034392323
7205,521.94147,0.0,175.67708,57.339886,0.32886046,0.0,0.9901224,0.034392115
7206,499.12375,0.0,184.0999,57.339935,0.34073922,0.0,0.991695,0.0343919
7207,490.00797,0.0,167.19843,57.339985,0.33858433,0.0,0.9549019,0.03439168
7208,495.08957,0.0,176.38686,57.340015,0.32916743,0.0,0.9504831,0.03439146
7209,513.4187,0.0,177.61566,57.340065,0.33408344,0.0,0.9834321,0.034391236
7210,467.4162,0.0,176.99554,57.34009,0.3427808,0.0,0.9823133,0.034391012
7211,502.1091,0.0,229.87474,57.34013,0.3325632,0.0,1.0247465,0.034390785
7212,469.5707,0.0,176.22835,57.34015,0.33224335,0.0,1.0050774,0.034390554
7213,517.7789,0.0,162.32755,57.340153,0.3359101,0.0,0.95976675,0.03439033
7214,504.8028,0.0,149.8139,57.34017,0.34196812,0.0,0.9535913,0.0343901
7215,497.71066,0.0,187.41498,57.34016,0.33217064,0.0,0.96218085,0.03438986
7216,470.46384,0.0,170.77057,57.340168,0.3399599,0.0,0.97654456,0.034389634
7217,445.2791,0.0,160.07619,57.3402,0.3303798,0.0,0.95738107,0.034389403
7218,461.47397,0.0,152.96716,57.34023,0.34294114,0.0,0.9590468,0.03438917
7219,447.10175,0.0,170.15604,57.340282,0.32604963,0.0,0.99808276,0.034388937
7220,513.0732,0.0,184.43695,57.340305,0.32814318,0.0,0.98672026,0.034388695
7221,443.5651,0.0,185.49388,57.340305,0.32639077,0.0,0.9831167,0.03438845
7222,523.6271,0.0,164.91753,57.340313,0.33062834,0.0,0.9811298,0.034388207
7223,476.95578,0.0,165.03488,57.340343,0.33776367,0.0,0.9620027,0.03438797
7224,506.07727,0.0,163.11075,57.34041,0.33768478,0.0,0.97162324,0.034387726
7225,560.5002,0.0,168.96587,57.34047,0.3370379,0.0,0.9868641,0.034387488
7226,508.6632,0.0,167.4842,57.34049,0.33771503,0.0,0.9829555,0.03438725
7227,454.20245,0.0,176.23445,57.340466,0.3305526,0.0,0.9472595,0.034387022
7228,454.92444,0.0,179.67694,57.34044,0.3243742,0.0,1.0078473,0.034386784
7229,478.5664,0.0,168.68158,57.340416,0.3197056,0.0,0.9791841,0.034386553
7230,472.0961,0.0,162.61806,57.340393,0.3286927,0.0,0.98744506,0.034386326
7231,500.9826,0.0,159.03185,57.340397,0.3321789,0.0,0.9920027,0.034386095
7232,477.056,0.0,178.53938,57.340385,0.32793853,0.0,0.9793414,0.03438586
7233,492.3949,0.0,181.8914,57.340343,0.3379078,0.0,0.9614221,0.034385636
7234,511.42426,0.0,152.03871,57.340332,0.31663808,0.0,0.9817136,0.0343854
7235,470.4236,0.0,175.93118,57.340366,0.33823463,0.0,0.9908226,0.034385182
7236,524.55194,0.0,166.09744,57.340397,0.33839634,0.0,0.9754548,0.034384955
7237,458.7735,0.0,165.29105,57.340435,0.33605218,0.0,1.0074525,0.034384727
7238,452.67776,0.0,164.72581,57.34048,0.32677332,0.0,0.94823796,0.034384504
7239,545.3062,0.0,160.24065,57.340496,0.3238207,0.0,0.9985879,0.034384284
7240,535.88885,0.0,148.93983,57.34051,0.3382047,0.0,1.007065,0.03438406
7241,470.29187,0.0,172.52061,57.340527,0.3331632,0.0,0.97180694,0.034383837
7242,498.3695,0.0,165.33617,57.34057,0.32757753,0.0,0.96876234,0.034383617
7243,458.43582,0.0,164.68842,57.34062,0.33104184,0.0,0.98299915,0.034383334
7244,479.15472,0.0,157.54897,57.340645,0.33020332,0.0,1.0117836,0.034383055
7245,469.18774,0.0,153.78357,57.340664,0.34174097,0.0,0.95484465,0.03438279
7246,501.18317,0.0,185.99243,57.340702,0.33279127,0.0,0.99976015,0.03438253
7247,509.273,0.0,180.10881,57.340744,0.33445102,0.0,0.9883541,0.034382276
7248,511.3904,0.0,162.93968,57.34081,0.3263804,0.0,0.9691962,0.034382023
7249,454.873,0.0,170.83011,57.34087,0.31933233,0.0,1.0282228,0.034381777
7250,469.17786,0.0,166.17802,57.34095,0.33272362,0.0,0.99496317,0.03438154
7251,483.74426,0.0,138.78581,57.340992,0.3293,0.0,0.98976856,0.0343813
7252,499.16104,0.0,159.7388,57.34098,0.3408205,0.0,0.96345836,0.03438107
7253,471.88034,0.0,174.01387,57.34097,0.3327851,0.0,0.97183675,0.034380835
7254,457.61835,0.0,140.20648,57.340946,0.32574633,0.0,0.9731594,0.034380604
7255,454.82062,0.0,169.28404,57.340927,0.3389776,0.0,1.0057079,0.034380376
7256,481.0938,0.0,159.63246,57.340916,0.3411984,0.0,0.99583954,0.034380153
7257,522.62476,0.0,146.85088,57.340946,0.32819355,0.0,0.97295445,0.03437993
7258,433.63388,0.0,165.87892,57.34096,0.34127435,0.0,0.98103356,0.03437971
7259,437.5208,0.0,156.32312,57.34094,0.3330583,0.0,0.9577118,0.03437949
7260,507.8065,0.0,160.64838,57.340977,0.33357838,0.0,0.95842564,0.034379274
7261,477.1322,0.0,162.5916,57.34102,0.33612502,0.0,0.9597011,0.03437906
7262,498.62357,0.0,161.11047,57.34105,0.32535687,0.0,0.9539555,0.03437885
7263,472.80173,0.0,161.2102,57.341084,0.34470284,0.0,0.9894999,0.034378633
7264,502.27325,0.0,190.8681,57.34111,0.32752487,0.0,0.979413,0.03437842
7265,459.57837,0.0,185.54579,57.341152,0.3276699,0.0,1.0071859,0.034378212
7266,451.94363,0.0,169.06184,57.341206,0.330847,0.0,0.9695769,0.034378
7267,450.95044,0.0,180.42125,57.34126,0.33251622,0.0,1.0233474,0.03437779
7268,543.66724,0.0,184.67331,57.341305,0.32663453,0.0,0.98161846,0.034377582
7269,455.30557,0.0,179.06953,57.341305,0.327484,0.0,0.96017814,0.034377377
7270,465.71017,0.0,188.0417,57.341305,0.3342522,0.0,1.0019839,0.034377176
7271,436.66562,0.0,146.83325,57.341347,0.3419686,0.0,0.9415915,0.034376968
7272,502.95303,0.0,170.46294,57.34144,0.3367042,0.0,0.9640823,0.034376763
7273,509.3908,0.0,179.4367,57.341526,0.33656815,0.0,0.95375556,0.03437656
7274,570.7178,0.0,172.98639,57.341595,0.3263059,0.0,0.9578613,0.034376357
7275,520.75867,0.0,190.85498,57.341606,0.34059066,0.0,0.9723068,0.034376156
7276,446.35986,0.0,157.66304,57.341633,0.32853153,0.0,0.96844774,0.034375954
7277,463.8832,0.0,160.1832,57.341583,0.32920405,0.0,0.95789653,0.034375757
7278,454.98032,0.0,165.93407,57.34154,0.33109328,0.0,0.9799376,0.034375552
7279,447.18442,0.0,154.79025,57.341545,0.34378254,0.0,0.98008394,0.03437536
7280,522.62897,0.0,156.368,57.341553,0.3259945,0.0,0.9604079,0.034375157
7281,513.2739,0.0,187.0871,57.34154,0.326478,0.0,0.94855946,0.03437496
7282,559.4413,0.0,159.72273,57.341545,0.3284206,0.0,0.98191565,0.034374762
7283,433.89145,0.0,169.09973,57.3415,0.33060944,0.0,0.993215,0.03437457
7284,478.17285,0.0,165.2228,57.341473,0.3334854,0.0,0.9883082,0.03437437
7285,436.72656,0.0,165.46529,57.341442,0.330879,0.0,1.0008833,0.034374177
7286,465.62225,0.0,150.4001,57.34148,0.32823205,0.0,0.9603598,0.034373976
7287,482.59644,0.0,173.78595,57.34154,0.32518062,0.0,0.975764,0.034373783
7288,443.78876,0.0,159.72438,57.341618,0.34202367,0.0,1.0106938,0.034373593
7289,494.24774,0.0,172.39865,57.341675,0.33554524,0.0,0.9768004,0.0343734
7290,473.9665,0.0,166.67836,57.34173,0.32945356,0.0,0.9625346,0.0343732
7291,448.35242,0.0,195.24559,57.341797,0.34272975,0.0,0.9911674,0.03437301
7292,459.69684,0.0,171.87128,57.34183,0.33094868,0.0,1.0139129,0.034372818
7293,505.0368,0.0,160.08623,57.34183,0.33286566,0.0,1.0111009,0.034372624
7294,533.65076,0.0,172.65053,57.34185,0.3392135,0.0,0.95300317,0.034372434
7295,504.34976,0.0,137.19974,57.341885,0.33524916,0.0,0.96374625,0.034372244
7296,447.8917,0.0,176.54045,57.341904,0.33010605,0.0,0.97061235,0.03437205
7297,437.33493,0.0,169.17409,57.341892,0.33102444,0.0,0.97159845,0.034371864
7298,475.24484,0.0,179.70642,57.341858,0.33743238,0.0,0.9795822,0.03437167
7299,521.2931,0.0,156.1114,57.34178,0.3347161,0.0,0.9666925,0.034371484
7300,450.57462,0.0,135.7728,57.34176,0.33109805,0.0,0.9909955,0.034371447
7301,558.5814,0.0,176.26373,57.34175,0.32282823,0.0,0.99524117,0.03437167
7302,573.5789,0.0,161.97174,57.34174,0.3323066,0.0,1.0181023,0.034372095
7303,533.4076,0.0,150.66609,57.34177,0.33055785,0.0,0.9875174,0.03437264
7304,469.25052,0.0,185.95813,57.341778,0.3383038,0.0,0.9952306,0.034373265
7305,455.07602,0.0,165.61342,57.34171,0.32474223,0.0,0.9596183,0.03437393
7306,526.0575,0.0,163.90315,57.341656,0.34031987,0.0,0.9793894,0.034374613
7307,483.6627,0.0,179.51816,57.341656,0.32938778,0.0,0.9955523,0.03437529
7308,457.6293,0.0,193.47807,57.34165,0.3320258,0.0,1.0055864,0.034375943
7309,460.94275,0.0,156.85205,57.341675,0.3342858,0.0,0.9826561,0.034376573
7310,470.5392,0.0,174.1998,57.341667,0.33659717,0.0,0.9447688,0.034377158
7311,452.21066,0.0,174.18285,57.341644,0.33616534,0.0,0.98322254,0.0343777
7312,431.13553,0.0,169.01454,57.341595,0.33375365,0.0,0.9897255,0.034378193
7313,494.55856,0.0,166.14893,57.341545,0.3345443,0.0,0.9776517,0.03437864
7314,461.56647,0.0,180.6052,57.341503,0.33559835,0.0,0.9642962,0.03437904
7315,562.615,0.0,167.59975,57.3415,0.33944404,0.0,0.96469486,0.0343794
7316,492.8276,0.0,150.84274,57.341526,0.33303198,0.0,0.95624137,0.03437971
7317,463.38626,0.0,159.1071,57.341534,0.3296687,0.0,0.9973185,0.034379978
7318,489.24973,0.0,167.3085,57.341557,0.3316783,0.0,0.99231005,0.034380212
7319,482.8902,0.0,172.2455,57.341602,0.33495495,0.0,0.96917075,0.03438041
7320,506.35846,0.0,160.54518,57.341694,0.32072723,0.0,0.9861974,0.03438057
7321,536.3118,0.0,157.33336,57.341766,0.32872373,0.0,0.9908502,0.034380697
7322,483.9498,0.0,167.09688,57.34181,0.3421112,0.0,0.9631467,0.034380797
7323,561.9454,0.0,181.85771,57.34182,0.34443855,0.0,0.97086537,0.034380868
7324,487.1654,0.0,171.18843,57.341797,0.32915515,0.0,1.0329376,0.03438092
7325,496.36044,0.0,176.71263,57.34177,0.3265637,0.0,0.9925307,0.034380943
7326,449.4851,0.0,143.05388,57.341686,0.3373428,0.0,1.0127293,0.034380946
7327,515.2499,0.0,180.57603,57.341583,0.33520517,0.0,0.97308934,0.034380928
7328,504.19608,0.0,169.2918,57.34148,0.32978648,0.0,0.9486726,0.034380898
7329,476.00897,0.0,154.84732,57.34137,0.3341074,0.0,0.9935755,0.034380846
7330,531.77997,0.0,155.39963,57.341274,0.33402285,0.0,0.97243637,0.034380782
7331,487.34357,0.0,173.66866,57.341164,0.3285968,0.0,0.96543527,0.034380708
7332,509.51553,0.0,196.22643,57.34114,0.32838568,0.0,0.9494004,0.03438062
7333,496.72928,0.0,192.56552,57.34109,0.33300367,0.0,0.980094,0.03438053
7334,512.3626,0.0,146.81586,57.34105,0.34051442,0.0,0.9710065,0.034380432
7335,450.50632,0.0,173.08102,57.34103,0.33506277,0.0,0.9541808,0.034380324
7336,465.66196,0.0,170.48662,57.340958,0.32969952,0.0,1.0110598,0.03438021
7337,488.0847,0.0,169.34329,57.340866,0.3452157,0.0,0.99417204,0.034380086
7338,432.13943,0.0,171.13086,57.340828,0.3384447,0.0,0.99781406,0.034379955
7339,496.72473,0.0,165.9108,57.340847,0.34077162,0.0,0.9926152,0.034379814
7340,459.88977,0.0,203.41399,57.34084,0.34530354,0.0,1.0099093,0.034379676
7341,478.1848,0.0,166.08012,57.340866,0.32918292,0.0,0.983847,0.034379534
7342,411.99557,0.0,154.9086,57.3409,0.33540028,0.0,0.99813014,0.03437938
7343,463.99692,0.0,172.1229,57.34094,0.3292752,0.0,1.0017711,0.034379225
7344,481.15408,0.0,166.86649,57.340946,0.34058475,0.0,0.9723715,0.034379072
7345,451.23117,0.0,168.19508,57.341003,0.33353725,0.0,0.9989498,0.034378912
7346,478.51602,0.0,170.70264,57.341034,0.33337286,0.0,0.9875389,0.034378752
7347,454.21683,0.0,161.11557,57.34112,0.3348048,0.0,0.98283017,0.03437859
7348,532.11304,0.0,153.61479,57.341183,0.3329956,0.0,0.97086537,0.03437842
7349,480.0954,0.0,172.9995,57.341206,0.3360561,0.0,0.992525,0.03437825
7350,444.06842,0.0,171.96257,57.341236,0.349565,0.0,1.0113828,0.034378078
7351,484.9797,0.0,169.88454,57.341286,0.33686164,0.0,0.9943558,0.034377903
7352,463.93756,0.0,156.82356,57.34136,0.33017322,0.0,0.9627167,0.03437773
7353,447.59933,0.0,176.97923,57.34143,0.34235927,0.0,0.97355026,0.034377556
7354,469.24432,0.0,173.72766,57.341515,0.33361477,0.0,1.012287,0.03437738
7355,449.55737,0.0,163.75104,57.341618,0.32860553,0.0,0.99526,0.03437721
7356,488.17004,0.0,178.46068,57.34171,0.34825382,0.0,0.98172784,0.034377027
7357,436.1619,0.0,159.23457,57.34176,0.3282589,0.0,1.0018113,0.034376852
7358,480.04254,0.0,173.92877,57.34176,0.32916534,0.0,0.99497503,0.034376673
7359,507.12872,0.0,160.13551,57.34175,0.32983994,0.0,0.9624958,0.0343765
7360,499.0537,0.0,158.41794,57.34172,0.33895922,0.0,0.9784889,0.034376316
7361,429.15552,0.0,193.56989,57.341675,0.33232698,0.0,0.9610847,0.034376133
7362,453.22845,0.0,181.66318,57.341633,0.33032945,0.0,0.9950728,0.03437596
7363,496.38916,0.0,178.19293,57.34165,0.3363589,0.0,0.9664153,0.03437578
7364,510.26144,0.0,206.13684,57.34165,0.34921202,0.0,0.9750603,0.0343756
7365,436.90994,0.0,181.82413,57.341618,0.33144483,0.0,0.98256606,0.03437542
7366,445.2815,0.0,177.00018,57.34165,0.3439572,0.0,0.9647733,0.034375247
7367,472.48752,0.0,174.08078,57.341698,0.33528736,0.0,0.95858383,0.034375064
7368,532.01605,0.0,172.18365,57.34174,0.3299518,0.0,1.0036608,0.034374885
7369,485.074,0.0,156.04701,57.341827,0.32809106,0.0,0.97164,0.034374706
7370,443.4257,0.0,164.19098,57.34187,0.33089584,0.0,0.95599836,0.034374524
7371,465.8988,0.0,168.05763,57.34187,0.3431687,0.0,1.0030447,0.034374345
7372,451.51428,0.0,154.98271,57.341873,0.33208066,0.0,0.985863,0.034374166
7373,470.5261,0.0,164.45178,57.341873,0.34066135,0.0,1.0001065,0.03437399
7374,487.44928,0.0,162.92744,57.34191,0.33401135,0.0,0.9883919,0.034373812
7375,484.16724,0.0,172.04346,57.34193,0.33858386,0.0,0.9596026,0.034373634
7376,511.1864,0.0,153.3617,57.341904,0.32786804,0.0,0.9774803,0.03437346
7377,428.06165,0.0,148.30566,57.341915,0.328948,0.0,1.0027127,0.034373283
7378,469.63928,0.0,152.25769,57.341965,0.34464216,0.0,0.95428354,0.034373105
7379,447.25208,0.0,177.04425,57.342056,0.3324168,0.0,1.00689,0.03437293
7380,473.0063,0.0,167.99672,57.34213,0.34207267,0.0,0.9513931,0.034372754
7381,541.60876,0.0,172.61742,57.342167,0.33284682,0.0,1.0427208,0.034372576
7382,514.88605,0.0,165.86235,57.342216,0.33915818,0.0,0.99270093,0.034372397
7383,454.32687,0.0,178.57309,57.34222,0.32725292,0.0,1.0162028,0.03437223
7384,437.9421,0.0,159.58864,57.34219,0.33477995,0.0,0.9718314,0.03437205
7385,527.0291,0.0,194.4687,57.342167,0.32916355,0.0,0.9887138,0.03437187
7386,460.29688,0.0,164.38234,57.342155,0.3354602,0.0,0.94889665,0.0343717
7387,486.32312,0.0,183.32089,57.342136,0.32853577,0.0,0.9920231,0.034371525
7388,493.4537,0.0,159.93443,57.34211,0.33619332,0.0,0.97975785,0.03437135
7389,490.29263,0.0,179.36032,57.34216,0.33514714,0.0,0.99004453,0.034371175
7390,506.49802,0.0,180.2889,57.34219,0.332416,0.0,0.9874225,0.034371007
7391,457.65366,0.0,171.30406,57.342197,0.3446183,0.0,0.9780819,0.034370832
7392,469.55637,0.0,162.16516,57.34218,0.33604544,0.0,0.9836015,0.034370653
7393,478.33008,0.0,148.11673,57.34214,0.34284964,0.0,0.9812752,0.034370486
7394,465.3218,0.0,183.46252,57.34211,0.33319306,0.0,0.9519464,0.03437031
7395,495.33188,0.0,176.3746,57.342064,0.3330763,0.0,0.95875686,0.034370136
7396,488.6424,0.0,171.8852,57.342033,0.34356365,0.0,1.0038037,0.034369968
7397,424.2189,0.0,165.93971,57.342003,0.32464692,0.0,0.9649025,0.034369793
7398,519.38654,0.0,170.57341,57.341946,0.32413802,0.0,1.0046625,0.034369625
7399,465.02402,0.0,152.71753,57.3419,0.33504564,0.0,0.9882881,0.034369458
7400,435.00977,0.0,158.6273,57.341904,0.3325194,0.0,0.98924977,0.034369282
7401,477.0276,0.0,168.62816,57.34193,0.33742723,0.0,0.9817954,0.034369115
7402,484.19006,0.0,161.7793,57.341984,0.3247568,0.0,1.001916,0.034368943
7403,495.36917,0.0,182.33112,57.342003,0.33064017,0.0,0.99100876,0.03436877
7404,450.02362,0.0,154.3581,57.342007,0.33359012,0.0,0.9714113,0.0343686
7405,430.72305,0.0,152.7294,57.342014,0.33506984,0.0,0.95437485,0.03436843
7406,464.44763,0.0,172.64998,57.342003,0.33220026,0.0,1.0114132,0.03436826
7407,474.41678,0.0,158.54515,57.342014,0.339621,0.0,0.96700424,0.034368355
7408,491.41495,0.0,160.92302,57.342003,0.34026384,0.0,0.95750695,0.03436858
7409,464.32004,0.0,170.96759,57.34199,0.33581197,0.0,0.9438709,0.03436889
7410,478.15503,0.0,161.02103,57.341976,0.33169866,0.0,0.9757038,0.03436926
7411,468.354,0.0,180.75008,57.341946,0.33562157,0.0,0.9728241,0.03436997
7412,491.0221,0.0,143.63855,57.3419,0.3302834,0.0,0.9871909,0.034370854
7413,476.32877,0.0,137.60425,57.3419,0.3440765,0.0,0.9899089,0.034371853
7414,505.40506,0.0,192.0543,57.341946,0.32741866,0.0,0.97232956,0.034372903
7415,477.27634,0.0,163.3159,57.342026,0.33003637,0.0,0.99252546,0.03437397
7416,480.05994,0.0,138.39902,57.3421,0.33683172,0.0,0.9759479,0.034375027
7417,513.66675,0.0,189.21738,57.34218,0.33061108,0.0,0.9855495,0.034376048
7418,465.74713,0.0,178.26973,57.34223,0.3448034,0.0,0.97664756,0.034377027
7419,490.8703,0.0,156.78064,57.34229,0.33239523,0.0,1.0176647,0.034377944
7420,439.06763,0.0,146.22594,57.342335,0.33194152,0.0,0.9751043,0.0343788
7421,461.68033,0.0,146.88864,57.34235,0.32032257,0.0,0.98629785,0.03437959
7422,486.01212,0.0,174.40535,57.342342,0.33628547,0.0,1.0018353,0.034380313
7423,524.7251,0.0,150.63536,57.34228,0.33791664,0.0,0.977763,0.034380972
7424,463.25323,0.0,162.20497,57.34223,0.33257854,0.0,0.9644479,0.03438156
7425,496.6492,0.0,152.81372,57.342216,0.34127992,0.0,1.0291529,0.034382086
7426,470.59015,0.0,168.35185,57.34222,0.35059324,0.0,0.9605953,0.03438256
7427,466.2017,0.0,197.19456,57.34222,0.33108652,0.0,0.9639736,0.034382973
7428,465.635,0.0,165.14891,57.34227,0.3439776,0.0,0.96343005,0.03438333
7429,497.99075,0.0,172.95209,57.342304,0.339664,0.0,0.965508,0.034383643
7430,476.0999,0.0,177.25615,57.342293,0.34057796,0.0,0.978885,0.03438391
7431,496.0102,0.0,151.64836,57.342323,0.34499207,0.0,0.9833059,0.03438413
7432,522.38104,0.0,161.83955,57.342403,0.3339621,0.0,0.960171,0.034384314
7433,481.84268,0.0,154.86673,57.342487,0.34444627,0.0,0.959979,0.034384463
7434,483.0543,0.0,186.37679,57.34258,0.32320607,0.0,0.9953125,0.03438458
7435,466.76443,0.0,148.85556,57.342678,0.33198342,0.0,0.98014134,0.034384668
7436,482.21332,0.0,142.64584,57.342762,0.34248158,0.0,0.9692291,0.03438473
7437,523.83295,0.0,155.278,57.342827,0.33352384,0.0,0.9831285,0.034384765
7438,511.95905,0.0,191.65404,57.342903,0.3438559,0.0,0.9559212,0.034384772
7439,511.98294,0.0,179.41354,57.342945,0.33144942,0.0,1.0018741,0.034384772
7440,501.43832,0.0,153.06693,57.342976,0.33385786,0.0,0.95003635,0.034384742
7441,531.1818,0.0,143.77669,57.343006,0.33998668,0.0,1.0172722,0.034384705
7442,483.62766,0.0,164.69824,57.34303,0.33656076,0.0,0.9958963,0.03438465
7443,526.99976,0.0,184.45561,57.343018,0.32892853,0.0,0.98837906,0.03438458
7444,494.85077,0.0,161.23778,57.343006,0.33868414,0.0,0.9811948,0.034384497
7445,478.50598,0.0,178.89735,57.342987,0.32757255,0.0,0.9592835,0.0343844
7446,494.0985,0.0,164.80727,57.342907,0.3372502,0.0,0.96077615,0.0343843
7447,505.2611,0.0,166.08086,57.342815,0.34284264,0.0,0.9927743,0.034384187
7448,508.85095,0.0,147.69226,57.342724,0.33303565,0.0,0.9831309,0.034384068
7449,473.78574,0.0,156.00204,57.342693,0.33577332,0.0,0.9857651,0.03438394
7450,451.80682,0.0,152.05928,57.34267,0.32429034,0.0,0.99029946,0.034383807
7451,532.1151,0.0,155.20467,57.342663,0.33107635,0.0,0.9766013,0.03438367
7452,515.9868,0.0,149.42348,57.34266,0.33844435,0.0,0.9921895,0.034383528
7453,452.20486,0.0,166.20638,57.34268,0.32990566,0.0,0.97861266,0.034383383
7454,483.72778,0.0,142.1924,57.34268,0.33705357,0.0,0.94652265,0.034383234
7455,476.01926,0.0,185.95227,57.3427,0.33924216,0.0,0.9925056,0.034383077
7456,511.607,0.0,168.16171,57.34272,0.34123847,0.0,1.0153847,0.03438292
7457,487.5492,0.0,166.71962,57.342785,0.34376454,0.0,0.98593116,0.03438276
7458,445.772,0.0,181.93971,57.342842,0.34345347,0.0,0.9614672,0.0343826
7459,496.08228,0.0,149.08319,57.342884,0.35025725,0.0,0.9820258,0.034382436
7460,497.63412,0.0,177.56299,57.342896,0.34472266,0.0,0.97653806,0.03438227
7461,451.6744,0.0,167.78214,57.342884,0.3329424,0.0,0.96992177,0.0343821
7462,451.88055,0.0,190.30908,57.342857,0.32927144,0.0,0.9644202,0.03438193
7463,425.0107,0.0,151.6534,57.342796,0.3401008,0.0,0.98657364,0.034381762
7464,483.76108,0.0,154.65332,57.342754,0.3380588,0.0,0.97383434,0.03438159
7465,517.3488,0.0,152.23383,57.3427,0.33494228,0.0,1.007639,0.034381416
7466,520.7061,0.0,162.15724,57.34273,0.3474499,0.0,0.97671866,0.034381244
7467,510.62207,0.0,158.72096,57.342815,0.34307197,0.0,0.9917587,0.034381073
7468,492.80258,0.0,177.31998,57.342888,0.33107972,0.0,0.9704305,0.034380898
7469,450.57712,0.0,162.94244,57.342976,0.34481603,0.0,0.94773114,0.034380727
7470,449.7539,0.0,156.7965,57.34304,0.34171066,0.0,0.96005386,0.03438055
7471,515.0996,0.0,167.23335,57.34309,0.34018466,0.0,1.0090457,0.034380376
7472,499.06924,0.0,152.01234,57.343155,0.33413705,0.0,1.0006202,0.0343802
7473,465.9705,0.0,171.92084,57.343254,0.3302412,0.0,0.943929,0.034380022
7474,497.43353,0.0,196.9901,57.343334,0.33387825,0.0,0.98380727,0.03437985
7475,492.1609,0.0,160.80597,57.34344,0.3382469,0.0,0.97716725,0.034379672
7476,487.48917,0.0,172.10287,57.3436,0.33784166,0.0,0.9831985,0.0343795
7477,495.26938,0.0,188.62788,57.343678,0.33147925,0.0,0.9626868,0.034379326
7478,489.61908,0.0,167.16978,57.343704,0.32975104,0.0,0.9661897,0.03437915
7479,474.2076,0.0,159.73282,57.34374,0.33700427,0.0,0.989491,0.034378976
7480,514.1113,0.0,175.74661,57.343777,0.34623605,0.0,0.97584546,0.0343788
7481,541.8913,0.0,165.32913,57.3438,0.32830727,0.0,0.98219997,0.034378625
7482,498.5486,0.0,167.26956,57.343826,0.33566907,0.0,0.9968798,0.034378447
7483,482.83795,0.0,182.07031,57.3438,0.33672485,0.0,0.95814896,0.034378275
7484,483.8484,0.0,152.63425,57.343727,0.3342706,0.0,0.9762179,0.034376483
7485,574.0555,0.0,149.46208,57.343662,0.33137727,0.0,0.9877897,0.03437522
7486,480.67053,0.0,153.01091,57.343594,0.31427553,0.0,0.96441716,0.03437437
7487,552.10815,0.0,136.21432,57.343533,0.33193547,0.0,0.9422643,0.034373842
7488,544.78107,0.0,182.74452,57.34344,0.32963493,0.0,0.993283,0.03437355
7489,501.55057,0.0,195.09985,57.34335,0.33408365,0.0,0.9889801,0.034373432
7490,501.38046,0.0,166.14008,57.343273,0.32935718,0.0,1.0033114,0.03437344
7491,505.25415,0.0,195.56573,57.343155,0.3227188,0.0,0.9942626,0.034373533
7492,419.79636,0.0,171.6414,57.34305,0.33919162,0.0,0.96569735,0.034373682
7493,446.76978,0.0,165.36244,57.342987,0.3357139,0.0,0.95533437,0.034373872
7494,485.8267,0.0,178.56778,57.34296,0.3385102,0.0,0.98803085,0.034374077
7495,474.67667,0.0,162.42235,57.342945,0.3346778,0.0,0.99346405,0.034374293
7496,476.4674,0.0,167.81242,57.342937,0.3222281,0.0,0.9781517,0.034374498
7497,488.48074,0.0,176.76712,57.342957,0.3233674,0.0,0.960266,0.0343747
7498,448.50797,0.0,148.7731,57.34301,0.31969,0.0,0.9595962,0.034374885
7499,482.67218,0.0,181.8491,57.343082,0.35018513,0.0,1.0030805,0.03437505
7500,565.1274,0.0,166.79947,57.34312,0.33103976,0.0,0.9387062,0.03437519
7501,442.70328,0.0,167.3907,57.34315,0.33993995,0.0,0.99506444,0.034375314
7502,453.6797,0.0,161.13478,57.34318,0.33068472,0.0,0.97756934,0.034375414
7503,466.10605,0.0,172.18391,57.343224,0.33857468,0.0,0.9948775,0.034375492
7504,467.86652,0.0,165.90694,57.34326,0.33451793,0.0,0.9774756,0.034375552
7505,463.76324,0.0,163.88864,57.343246,0.33664575,0.0,0.99097306,0.03437559
7506,468.40076,0.0,173.3682,57.343243,0.33406892,0.0,0.9847062,0.034375604
7507,467.13904,0.0,176.13443,57.343235,0.33720505,0.0,0.96501833,0.034375604
7508,445.43433,0.0,178.59541,57.343254,0.33854687,0.0,0.961517,0.03437559
7509,423.32635,0.0,172.28851,57.343292,0.33221895,0.0,0.987412,0.03437556
7510,437.75888,0.0,172.53877,57.343338,0.3409161,0.0,0.96568257,0.034375507
7511,548.9552,0.0,137.6632,57.343334,0.33761102,0.0,0.98546636,0.034375448
7512,418.5206,0.0,162.20149,57.343304,0.33299822,0.0,0.9633594,0.034375377
7513,442.3833,0.0,179.42499,57.343285,0.33370665,0.0,0.99130607,0.034375295
7514,473.5422,0.0,158.26306,57.343285,0.35040367,0.0,0.96079725,0.034375202
7515,471.84854,0.0,154.04733,57.343277,0.333324,0.0,0.9976532,0.034375098
7516,538.4723,0.0,159.84001,57.343285,0.3471355,0.0,0.9797292,0.034374986
7517,500.3163,0.0,166.61227,57.343246,0.33265075,0.0,0.969008,0.034374777
7518,426.5548,0.0,167.27528,57.343216,0.33581454,0.0,0.98996085,0.0343746
7519,481.35458,0.0,162.50029,57.343212,0.33219317,0.0,1.0002414,0.03437444
7520,512.558,0.0,176.294,57.343224,0.33753586,0.0,0.97145015,0.03437429
7521,507.5204,0.0,156.57138,57.34326,0.33404383,0.0,0.96290576,0.03437415
7522,437.269,0.0,175.00755,57.343296,0.3336558,0.0,1.071698,0.034374025
7523,493.06152,0.0,138.17572,57.343334,0.34022596,0.0,0.9877114,0.034373898
7524,508.7784,0.0,197.22116,57.34335,0.32505605,0.0,0.982305,0.03437377
7525,543.2164,0.0,157.67535,57.343395,0.33224452,0.0,0.9650256,0.03437365
7526,491.22147,0.0,156.63786,57.343437,0.33787137,0.0,0.9688384,0.03437352
7527,500.30267,0.0,168.26007,57.34347,0.3308506,0.0,0.9676516,0.034373395
7528,554.265,0.0,144.73909,57.34348,0.34629643,0.0,0.9766103,0.03437327
7529,430.9354,0.0,157.14711,57.34344,0.33430603,0.0,0.95278794,0.034373138
7530,527.3806,0.0,187.7203,57.343456,0.32631806,0.0,0.9862554,0.034373
7531,541.9512,0.0,199.85751,57.343468,0.34650216,0.0,0.9933648,0.034372862
7532,437.7371,0.0,155.31808,57.343533,0.33918244,0.0,0.9599524,0.034372725
7533,434.3621,0.0,166.97203,57.343575,0.3420411,0.0,0.9713388,0.03437258
7534,453.87262,0.0,197.60532,57.34357,0.3292163,0.0,0.9818176,0.034372434
7535,491.35846,0.0,189.07193,57.343544,0.3378486,0.0,0.97602564,0.034372285
7536,474.06906,0.0,178.13551,57.34352,0.33013335,0.0,0.9565122,0.034372132
7537,502.13434,0.0,176.65456,57.343533,0.33048883,0.0,0.9817066,0.03437198
7538,538.52747,0.0,158.77443,57.34359,0.34184313,0.0,0.9758568,0.034371827
7539,464.2829,0.0,155.10371,57.343655,0.32289532,0.0,0.9547282,0.03437167
7540,524.2208,0.0,181.04524,57.343727,0.3404033,0.0,0.95413005,0.03437151
7541,462.72086,0.0,150.9862,57.343727,0.33144787,0.0,0.9760567,0.034371354
7542,505.65564,0.0,177.26155,57.343723,0.3387271,0.0,0.96323776,0.03437119
7543,479.20212,0.0,168.76921,57.343723,0.33485392,0.0,0.9697362,0.034371026
7544,494.90906,0.0,176.31241,57.343727,0.32446137,0.0,0.97866595,0.034370866
7545,439.4458,0.0,200.64772,57.343735,0.32397547,0.0,0.98622537,0.0343707
7546,490.4095,0.0,180.32784,57.343777,0.3318179,0.0,1.0178516,0.034370534
7547,467.587,0.0,174.28218,57.34389,0.3286612,0.0,1.0205752,0.034370366
7548,496.34613,0.0,167.94597,57.34401,0.32561722,0.0,1.0028125,0.0343702
7549,434.75397,0.0,171.9566,57.344112,0.3465924,0.0,0.9793755,0.034370035
7550,539.9033,0.0,187.46094,57.3442,0.34612572,0.0,1.0202477,0.034369867
7551,446.98163,0.0,156.53592,57.34426,0.33437976,0.0,0.99967945,0.0343697
7552,507.9689,0.0,173.31326,57.34434,0.33442047,0.0,0.96543366,0.034369532
7553,507.11887,0.0,173.35068,57.34439,0.33728477,0.0,0.97922224,0.034369368
7554,513.15283,0.0,171.58537,57.344414,0.33081976,0.0,1.082406,0.034369193
7555,492.25748,0.0,165.02496,57.344402,0.3383805,0.0,0.9780545,0.034369025
7556,468.35953,0.0,189.35521,57.344425,0.3398656,0.0,0.99667,0.034368854
7557,496.69363,0.0,187.71384,57.344425,0.32950693,0.0,0.97516185,0.034368683
7558,466.15814,0.0,177.68411,57.34442,0.32401934,0.0,0.9570039,0.034368515
7559,536.77814,0.0,216.05972,57.34438,0.33139166,0.0,0.9889404,0.034368344
7560,506.46268,0.0,194.3071,57.34433,0.33418676,0.0,0.9847761,0.034368176
7561,534.3104,0.0,160.43808,57.344307,0.32601416,0.0,0.96900785,0.034368005
7562,535.0409,0.0,167.81793,57.34431,0.33453146,0.0,0.977327,0.03436784
7563,527.2025,0.0,160.80177,57.34433,0.32003775,0.0,0.97628,0.03436767
7564,483.41248,0.0,193.37605,57.34431,0.34349543,0.0,0.9739934,0.034367505
7565,442.51013,0.0,166.57233,57.344276,0.3425803,0.0,0.96938795,0.034367334
7566,479.58215,0.0,184.74968,57.344257,0.33776367,0.0,1.0025836,0.034367166
7567,491.89468,0.0,185.94423,57.34427,0.33564717,0.0,0.9737863,0.034366995
7568,481.36887,0.0,160.61629,57.34425,0.33064225,0.0,1.0268143,0.03436683
7569,522.09326,0.0,170.65219,57.344257,0.3353059,0.0,1.0057144,0.034366664
7570,477.71442,0.0,154.32785,57.344307,0.33424142,0.0,0.9737605,0.034366492
7571,503.68365,0.0,183.34782,57.34435,0.3368351,0.0,0.94792825,0.034366325
7572,480.57642,0.0,156.20296,57.344383,0.33546537,0.0,1.0173428,0.034366164
7573,475.9896,0.0,159.03127,57.344414,0.3399865,0.0,0.9649263,0.034365997
7574,491.5566,0.0,192.686,57.34439,0.34403625,0.0,0.99838805,0.034365833
7575,562.22437,0.0,173.81026,57.34437,0.33501905,0.0,0.9779297,0.03436567
7576,523.3871,0.0,162.91846,57.344395,0.3368616,0.0,0.9751181,0.034365498
7577,450.59555,0.0,151.34521,57.344456,0.33941877,0.0,0.970364,0.034365337
7578,545.69,0.0,179.59706,57.344536,0.34248072,0.0,0.99768114,0.034365173
7579,485.88995,0.0,170.61168,57.344597,0.3374218,0.0,0.9794024,0.034365006
7580,511.85977,0.0,162.89359,57.344616,0.33939534,0.0,0.9686892,0.03436484
7581,538.5935,0.0,171.05241,57.34462,0.33245164,0.0,0.97745055,0.034364678
7582,466.84714,0.0,180.0818,57.344616,0.33048144,0.0,0.9816071,0.034364514
7583,541.07086,0.0,164.12163,57.344635,0.32789534,0.0,0.9853784,0.034364354
7584,499.15863,0.0,174.91771,57.34462,0.33122724,0.0,0.9736095,0.03436419
7585,460.66257,0.0,164.19241,57.344627,0.32777563,0.0,0.98645085,0.03436403
7586,550.0803,0.0,205.86136,57.34465,0.34034693,0.0,0.9885095,0.03436387
7587,457.80908,0.0,146.43086,57.3447,0.33191368,0.0,0.962962,0.034363702
7588,500.4079,0.0,190.32655,57.34475,0.326542,0.0,0.9688793,0.03436354
7589,505.86862,0.0,157.8225,57.3448,0.32703823,0.0,0.9537966,0.034363378
7590,472.14752,0.0,151.44643,57.34483,0.33119315,0.0,0.94537085,0.03436322
7591,494.58414,0.0,148.02203,57.344833,0.35020715,0.0,0.9787177,0.03436306
7592,443.26407,0.0,160.41602,57.34478,0.33823836,0.0,0.98444885,0.034362897
7593,463.04764,0.0,151.93704,57.344677,0.32413515,0.0,0.9889932,0.03436233
7594,499.58817,0.0,181.9644,57.344578,0.32428312,0.0,1.01361,0.034361843
7595,539.1625,0.0,162.36563,57.344482,0.33547854,0.0,0.9563262,0.034361426
7596,461.90628,0.0,155.81221,57.344425,0.3252269,0.0,1.0018257,0.034361053
7597,465.36826,0.0,159.82504,57.344425,0.3243168,0.0,0.96944416,0.034360725
7598,528.81525,0.0,183.01248,57.34447,0.32838687,0.0,0.9689542,0.034360435
7599,430.0972,0.0,145.27402,57.344532,0.33333376,0.0,0.958832,0.03436017
7600,475.85886,0.0,173.75305,57.344574,0.33523643,0.0,0.98451716,0.034359924
7601,514.31116,0.0,149.52327,57.344616,0.33773777,0.0,0.9893267,0.0343597
7602,510.75912,0.0,152.87228,57.344666,0.33425528,0.0,0.9603891,0.034359485
7603,509.62897,0.0,150.37086,57.34467,0.34657237,0.0,0.96143407,0.034359284
7604,455.29874,0.0,178.38805,57.3447,0.33405808,0.0,0.9952887,0.034359094
7605,448.47855,0.0,167.57533,57.34477,0.33033493,0.0,0.96634126,0.034358907
7606,515.5285,0.0,155.07466,57.3448,0.3207498,0.0,0.9954643,0.03435873
7607,465.36053,0.0,162.01236,57.344814,0.34259632,0.0,1.0031215,0.03435855
7608,460.8685,0.0,159.98071,57.344772,0.3352933,0.0,0.9977895,0.034358382
7609,458.33768,0.0,176.88243,57.344753,0.339593,0.0,0.9777379,0.03435822
7610,462.1481,0.0,159.4134,57.34473,0.34045762,0.0,0.9853814,0.03435805
7611,510.42804,0.0,177.22585,57.344727,0.3324939,0.0,1.001932,0.034357883
7612,531.8266,0.0,160.40169,57.34474,0.33295083,0.0,0.95776993,0.03435732
7613,558.76733,0.0,156.12256,57.344738,0.337636,0.0,0.98367447,0.034357637
7614,526.82654,0.0,175.60359,57.344738,0.3321063,0.0,0.9591924,0.034358595
7615,488.54507,0.0,136.88835,57.34469,0.33794177,0.0,0.9927643,0.034359995
7616,463.9591,0.0,162.21185,57.34465,0.3291166,0.0,1.0072616,0.034361698
7617,477.7132,0.0,151.38115,57.34459,0.3374688,0.0,0.96474826,0.034363575
7618,449.6461,0.0,164.96094,57.344566,0.32485518,0.0,0.9861642,0.034365542
7619,449.89258,0.0,185.6379,57.344532,0.34026426,0.0,0.99022865,0.034367528
7620,474.008,0.0,151.61876,57.344517,0.3332509,0.0,0.96306556,0.034369495
7621,495.4084,0.0,157.4513,57.344475,0.33956426,0.0,0.9570236,0.0343714
7622,530.52216,0.0,176.26022,57.344383,0.33081165,0.0,1.0455143,0.03437322
7623,478.2649,0.0,158.56816,57.34431,0.33665726,0.0,0.97171235,0.03437494
7624,498.01587,0.0,149.61003,57.344227,0.3425399,0.0,1.0178185,0.034376543
7625,448.06494,0.0,175.47336,57.3442,0.33851013,0.0,0.9709483,0.03437804
7626,478.55002,0.0,178.55269,57.344185,0.32926235,0.0,0.9834662,0.034379415
7627,513.61926,0.0,148.51527,57.344177,0.33905578,0.0,0.9776793,0.03438067
7628,504.16132,0.0,166.8193,57.344185,0.33198735,0.0,0.98604876,0.034381818
7629,498.977,0.0,157.77356,57.34419,0.3279884,0.0,0.9988457,0.03438285
7630,447.07544,0.0,185.85893,57.34416,0.33830705,0.0,0.98349446,0.034383778
7631,524.82635,0.0,173.81439,57.344154,0.33483386,0.0,0.9695183,0.03438461
7632,463.9516,0.0,208.69872,57.344196,0.34180707,0.0,0.9939907,0.034385342
7633,478.0476,0.0,155.87247,57.34424,0.32847136,0.0,1.0112182,0.034386
7634,500.2878,0.0,170.75168,57.34429,0.3429428,0.0,0.9863712,0.034386568
7635,499.64334,0.0,171.96771,57.34433,0.34481135,0.0,0.9598287,0.034387067
7636,482.4524,0.0,184.83556,57.344402,0.35404366,0.0,0.96631867,0.034387495
7637,455.65564,0.0,175.77751,57.344402,0.34033418,0.0,0.9847716,0.03438786
7638,460.23685,0.0,163.42522,57.34439,0.32223096,0.0,0.97310525,0.034388173
7639,517.26843,0.0,189.9945,57.34437,0.32722828,0.0,0.966095,0.034388427
7640,485.82382,0.0,173.24821,57.34439,0.34073812,0.0,0.95610404,0.03438864
7641,483.7981,0.0,185.03743,57.344414,0.34446862,0.0,0.9774649,0.034388807
7642,480.87424,0.0,153.38445,57.344425,0.32935664,0.0,0.96389997,0.034388937
7643,518.0913,0.0,191.65587,57.344425,0.329381,0.0,1.0015954,0.034389023
7644,448.81406,0.0,166.47414,57.344433,0.33855176,0.0,0.99299556,0.034389082
7645,470.15665,0.0,158.3845,57.34441,0.33094433,0.0,1.0184283,0.034389116
7646,459.6196,0.0,166.97366,57.34439,0.33740053,0.0,0.98704886,0.034389127
7647,489.30865,0.0,165.13737,57.34437,0.3294611,0.0,0.9617349,0.034389112
7648,451.94788,0.0,171.69888,57.34436,0.3422623,0.0,0.9678215,0.034389082
7649,483.01462,0.0,183.33015,57.344337,0.33853528,0.0,0.98181826,0.034389026
7650,465.76718,0.0,182.30896,57.344337,0.32789993,0.0,1.0182042,0.034388952
7651,461.17627,0.0,191.5188,57.344368,0.3359508,0.0,0.97311133,0.03438887
7652,477.87985,0.0,166.72035,57.34438,0.32679972,0.0,0.9832647,0.034388773
7653,472.6371,0.0,180.16637,57.34436,0.3298317,0.0,0.96947896,0.034388658
7654,519.94324,0.0,175.19125,57.344368,0.3324898,0.0,0.94581985,0.03438854
7655,500.84158,0.0,165.2975,57.34434,0.3376375,0.0,0.9910063,0.034388404
7656,501.94458,0.0,153.12675,57.34433,0.3360341,0.0,0.99919087,0.034388263
7657,542.28265,0.0,176.44298,57.34433,0.33871427,0.0,0.96333873,0.034388114
7658,462.00064,0.0,152.23161,57.34429,0.333221,0.0,0.95472336,0.03438796
7659,462.61664,0.0,162.24606,57.34423,0.32983425,0.0,0.99084115,0.034387793
7660,468.1402,0.0,169.4085,57.344185,0.33964688,0.0,0.9731982,0.034387622
7661,472.1833,0.0,141.91443,57.344154,0.3313617,0.0,0.98698145,0.03438745
7662,436.5576,0.0,165.60596,57.34416,0.33245748,0.0,1.0083417,0.03438727
7663,487.93747,0.0,157.88092,57.344196,0.34527397,0.0,1.0324458,0.03438709
7664,464.30493,0.0,203.9392,57.344185,0.332389,0.0,0.98597795,0.034386903
7665,507.12973,0.0,174.4065,57.34416,0.34375635,0.0,0.9628012,0.03438672
7666,433.8469,0.0,191.41148,57.344135,0.32972696,0.0,0.9879469,0.034386527
7667,574.2439,0.0,155.49388,57.344093,0.3356758,0.0,1.0176253,0.034386333
7668,468.309,0.0,182.8093,57.344063,0.33733985,0.0,0.96494204,0.034386136
7669,449.33344,0.0,156.21556,57.34401,0.33238068,0.0,0.9804423,0.034385942
7670,470.59482,0.0,173.76846,57.34398,0.3233193,0.0,0.9837236,0.03438574
7671,487.6805,0.0,162.71751,57.34391,0.3315226,0.0,0.9785975,0.03438554
7672,493.9782,0.0,146.25807,57.34383,0.34524047,0.0,0.99503374,0.0343856
7673,480.30136,0.0,159.6271,57.343754,0.33984414,0.0,0.94281733,0.034385897
7674,492.93457,0.0,167.67412,57.343693,0.33876005,0.0,0.9549549,0.034386355
7675,454.12048,0.0,162.11917,57.343582,0.3341754,0.0,1.0217463,0.034386925
7676,520.82056,0.0,157.96962,57.34348,0.32892832,0.0,0.9906078,0.03438755
7677,505.86514,0.0,154.59814,57.34343,0.32456577,0.0,0.9800323,0.034388214
7678,502.4232,0.0,165.32652,57.3434,0.32975942,0.0,0.9518912,0.034388874
7679,450.1488,0.0,153.54552,57.343388,0.33532014,0.0,0.9815481,0.034389522
7680,458.72714,0.0,184.38425,57.343338,0.33477426,0.0,0.97069305,0.03439014
7681,532.67535,0.0,160.84595,57.343315,0.32736105,0.0,0.96608216,0.03439073
7682,480.27557,0.0,174.87083,57.343307,0.33064026,0.0,0.9768963,0.03439127
7683,499.91766,0.0,163.78957,57.343334,0.34011078,0.0,0.98528785,0.03439176
7684,486.25247,0.0,183.66917,57.343357,0.33847564,0.0,0.9718718,0.034392204
7685,490.55933,0.0,162.44014,57.34337,0.33881354,0.0,0.9598147,0.034392603
7686,417.17892,0.0,167.56439,57.343407,0.3369653,0.0,0.9502083,0.03439295
7687,467.3123,0.0,154.00899,57.34347,0.32390296,0.0,1.0018445,0.034393247
7688,534.45184,0.0,191.38258,57.343544,0.34618765,0.0,0.9974163,0.0343935
7689,519.7344,0.0,166.61394,57.3436,0.3307459,0.0,0.9638416,0.034393717
7690,464.43466,0.0,164.08626,57.343666,0.3348059,0.0,0.9951724,0.03439389
7691,461.4628,0.0,164.37291,57.343723,0.33492395,0.0,0.9526708,0.034394026
7692,489.44843,0.0,152.97154,57.343758,0.34598878,0.0,0.98748827,0.034394126
7693,527.21265,0.0,172.3534,57.343807,0.34563974,0.0,0.9910047,0.034394197
7694,521.99036,0.0,163.17915,57.34382,0.3469273,0.0,0.997891,0.034394234
7695,531.6202,0.0,154.9972,57.34377,0.33899176,0.0,0.9900013,0.034394246
7696,478.36783,0.0,142.86696,57.343704,0.3559782,0.0,0.9675025,0.03439423
7697,454.91986,0.0,145.65932,57.343662,0.33421743,0.0,0.9878733,0.034394193
7698,454.88794,0.0,194.90425,57.343674,0.3405981,0.0,1.0611184,0.034394138
7699,586.193,0.0,186.60292,57.343666,0.33697554,0.0,0.99529225,0.03439406
7700,476.7834,0.0,163.35216,57.343666,0.33130333,0.0,0.9692329,0.03439397
7701,484.45084,0.0,177.9049,57.343697,0.33653504,0.0,0.9874406,0.034393866
7702,460.6948,0.0,166.95906,57.343735,0.33616224,0.0,0.9737688,0.034393743
7703,499.48306,0.0,168.61595,57.34379,0.3361656,0.0,0.9693532,0.034393605
7704,464.20212,0.0,176.92415,57.34385,0.33589122,0.0,0.97537816,0.034393467
7705,550.64185,0.0,177.34209,57.34387,0.34228113,0.0,0.9648128,0.03439331
7706,514.4872,0.0,189.7055,57.343952,0.33041844,0.0,0.9621034,0.034393143
7707,473.01743,0.0,165.20366,57.344,0.33361554,0.0,1.055746,0.03439297
7708,483.02356,0.0,164.23145,57.344025,0.33946303,0.0,1.0134734,0.034392793
7709,505.44547,0.0,177.22388,57.344074,0.33382633,0.0,0.9986094,0.03439261
7710,531.0511,0.0,177.23117,57.344116,0.33338344,0.0,0.95944405,0.034392416
7711,497.35175,0.0,162.07199,57.344128,0.33154422,0.0,0.974124,0.034392223
7712,603.1221,0.0,185.72911,57.344124,0.3287528,0.0,0.97044957,0.034392025
7713,511.2499,0.0,168.5921,57.344105,0.3276596,0.0,0.95804954,0.03439182
7714,420.06464,0.0,157.17233,57.344086,0.34466976,0.0,0.97074366,0.03439162
7715,435.35507,0.0,189.46584,57.344074,0.34249333,0.0,0.9682556,0.034391407
7716,528.88684,0.0,158.10611,57.344086,0.3443981,0.0,0.96884626,0.034391195
7717,492.13434,0.0,159.59602,57.344097,0.3346854,0.0,0.99090016,0.034390982
7718,489.87714,0.0,175.69753,57.344135,0.32961482,0.0,1.0340892,0.03439077
7719,448.4802,0.0,176.68314,57.34416,0.32911772,0.0,0.9543307,0.034390554
7720,494.17032,0.0,161.70094,57.344143,0.32783344,0.0,0.97971267,0.03439033
7721,512.29224,0.0,167.58046,57.344112,0.33254793,0.0,0.9747809,0.03439011
7722,508.0682,0.0,160.58536,57.344074,0.32460654,0.0,0.9925105,0.03438989
7723,483.33142,0.0,170.41734,57.344055,0.33899575,0.0,0.9529827,0.03438967
7724,469.84048,0.0,166.2985,57.344044,0.33386987,0.0,0.99044824,0.03438945
7725,492.2882,0.0,177.5346,57.344093,0.32841846,0.0,0.9790122,0.034389228
7726,433.19363,0.0,173.37389,57.344173,0.3320042,0.0,0.9823999,0.034389004
7727,614.39966,0.0,164.08035,57.344246,0.3369653,0.0,0.97704697,0.034388784
7728,520.6675,0.0,167.96591,57.344276,0.32234153,0.0,0.9805898,0.034388565
7729,475.09473,0.0,186.41243,57.344227,0.3332515,0.0,0.97235006,0.034388345
7730,450.06424,0.0,164.09267,57.3442,0.33250314,0.0,1.0009061,0.034388117
7731,458.76337,0.0,182.33888,57.344185,0.34639892,0.0,0.9522281,0.034387894
7732,460.00052,0.0,157.37357,57.34422,0.33880013,0.0,1.0262173,0.034387674
7733,482.40994,0.0,152.01523,57.344257,0.34325066,0.0,0.9935009,0.03438787
7734,497.2024,0.0,152.36208,57.34426,0.33707708,0.0,0.99930584,0.03438807
7735,499.8014,0.0,175.03653,57.344246,0.34021574,0.0,0.99032235,0.034388263
7736,484.08093,0.0,142.80202,57.344227,0.34043342,0.0,0.99203706,0.03438844
7737,538.2697,0.0,172.25703,57.344227,0.3355613,0.0,0.9722666,0.03438861
7738,468.3192,0.0,164.45856,57.34422,0.32766795,0.0,0.9640761,0.03438875
7739,477.33554,0.0,206.91833,57.344208,0.33536413,0.0,0.970939,0.034388877
7740,504.29166,0.0,151.09036,57.344208,0.32488552,0.0,0.9894957,0.03438898
7741,465.43475,0.0,171.08427,57.344173,0.3339677,0.0,0.9664567,0.034389064
7742,503.05615,0.0,159.19768,57.344128,0.3230498,0.0,0.9612363,0.03438912
7743,455.4518,0.0,156.05164,57.344116,0.33219892,0.0,0.95979625,0.03438916
7744,494.05338,0.0,166.23619,57.344143,0.33047274,0.0,0.9706734,0.034389187
7745,540.592,0.0,202.6271,57.344112,0.33366874,0.0,0.96394193,0.034389187
7746,540.9064,0.0,152.62457,57.344105,0.34279525,0.0,0.97304016,0.03438917
7747,487.8369,0.0,178.93353,57.344112,0.34968498,0.0,0.9596237,0.03438914
7748,460.34998,0.0,165.78613,57.344097,0.3283391,0.0,0.9759746,0.034389086
7749,462.1817,0.0,173.05566,57.344086,0.33435777,0.0,0.991641,0.03438903
7750,500.6963,0.0,155.69742,57.344067,0.33546332,0.0,0.9493638,0.034388952
7751,489.17453,0.0,203.02357,57.344055,0.33005887,0.0,0.9692834,0.034388863
7752,472.74908,0.0,178.98451,57.344093,0.3352113,0.0,1.0106863,0.034388773
7753,517.8147,0.0,166.3879,57.344097,0.33604413,0.0,0.98058766,0.034388658
7754,490.7515,0.0,151.66826,57.344112,0.33973455,0.0,0.97207487,0.034388542
7755,513.1804,0.0,191.58365,57.344166,0.33926004,0.0,0.9526067,0.034388423
7756,454.8164,0.0,166.87566,57.344257,0.3266676,0.0,0.9733337,0.034388285
7757,513.9413,0.0,159.79828,57.344337,0.339238,0.0,0.9789256,0.03438815
7758,442.41638,0.0,186.88928,57.344383,0.33262616,0.0,0.97636753,0.034388
7759,532.66943,0.0,165.08643,57.344353,0.34531695,0.0,0.98374164,0.03438785
7760,454.10245,0.0,165.58105,57.34431,0.32953733,0.0,0.9520012,0.03438769
7761,486.2828,0.0,168.37164,57.34427,0.34569123,0.0,0.9492616,0.034387533
7762,512.86957,0.0,159.41805,57.344276,0.33433157,0.0,0.9798924,0.03438737
7763,547.4208,0.0,187.36049,57.344307,0.33050996,0.0,1.002799,0.0343872
7764,495.1619,0.0,170.63458,57.34438,0.3429105,0.0,0.96390355,0.03438703
7765,504.54868,0.0,186.0914,57.34442,0.34345755,0.0,1.0076878,0.034386855
7766,469.8456,0.0,166.18837,57.344425,0.33290938,0.0,0.9752837,0.03438668
7767,451.16696,0.0,149.52048,57.344456,0.32732055,0.0,0.9682965,0.0343865
7768,531.82684,0.0,163.09503,57.3445,0.3225267,0.0,0.97900164,0.034386322
7769,505.5707,0.0,152.63516,57.344574,0.33214492,0.0,0.9903495,0.034386136
7770,484.69836,0.0,171.44144,57.344646,0.33553052,0.0,0.9555846,0.034385953
7771,461.1376,0.0,188.08257,57.344666,0.33737588,0.0,0.98663455,0.034385767
7772,462.70493,0.0,149.80544,57.344658,0.3405978,0.0,0.9824921,0.03438558
7773,518.25183,0.0,172.32286,57.344635,0.32999945,0.0,0.9437532,0.034385398
7774,470.97647,0.0,158.10863,57.34464,0.33798864,0.0,0.985199,0.034385204
7775,504.98044,0.0,163.27538,57.344677,0.33261865,0.0,1.01073,0.034385018
7776,480.36874,0.0,198.57167,57.344696,0.33522996,0.0,0.97480774,0.034384828
7777,462.5951,0.0,177.87442,57.34474,0.32803795,0.0,0.9661983,0.034384638
7778,468.85056,0.0,158.5971,57.344852,0.34559727,0.0,0.9795971,0.03438445
7779,458.81555,0.0,175.81085,57.344917,0.33612755,0.0,0.9753142,0.034384258
7780,453.0407,0.0,142.49811,57.344975,0.34347683,0.0,0.97059286,0.034384068
7781,461.495,0.0,168.1817,57.345047,0.3377685,0.0,0.99005646,0.034383874
7782,490.7719,0.0,182.3929,57.3451,0.34133074,0.0,0.98631716,0.034383688
7783,503.6466,0.0,170.33896,57.345097,0.33247715,0.0,0.9722501,0.034383494
7784,545.2469,0.0,160.23491,57.345078,0.33512065,0.0,0.96931964,0.034383304
7785,456.38596,0.0,161.33376,57.345016,0.33937353,0.0,0.9667632,0.03438311
7786,427.09308,0.0,153.76915,57.344933,0.33855736,0.0,0.9792678,0.03438292
7787,492.18616,0.0,180.4419,57.34483,0.3360883,0.0,0.9829263,0.03438273
7788,513.12573,0.0,160.65988,57.344753,0.33273616,0.0,0.9830181,0.03438254
7789,495.3656,0.0,195.91257,57.344707,0.33403137,0.0,0.99301034,0.03438235
7790,522.9954,0.0,167.27232,57.344707,0.3353637,0.0,0.9867926,0.034381997
7791,482.3347,0.0,149.74747,57.34471,0.3290294,0.0,0.9657907,0.034381732
7792,501.49762,0.0,182.14104,57.344696,0.33357933,0.0,0.9947512,0.034381535
7793,476.41138,0.0,159.18161,57.34467,0.33066946,0.0,0.9713727,0.03438139
7794,459.40207,0.0,177.93394,57.344616,0.32989624,0.0,0.97826624,0.034381267
7795,544.4431,0.0,154.88387,57.344585,0.33614928,0.0,0.9841818,0.034381174
7796,542.0075,0.0,161.52524,57.34456,0.33050907,0.0,0.95519054,0.03438109
7797,512.8151,0.0,165.5792,57.344566,0.32620013,0.0,0.97607535,0.03438103
7798,470.12482,0.0,165.64977,57.34459,0.35026008,0.0,0.9732212,0.034380957
7799,476.50244,0.0,167.05803,57.344604,0.339177,0.0,0.9892259,0.03438089
7800,445.42636,0.0,187.08034,57.344604,0.33172765,0.0,1.0239688,0.034380823
7801,439.7201,0.0,153.82892,57.34459,0.33541903,0.0,1.0104896,0.034380753
7802,489.68698,0.0,176.8243,57.344543,0.32715544,0.0,0.9863656,0.034380678
7803,442.5684,0.0,159.81906,57.344566,0.3394676,0.0,0.98904216,0.034380592
7804,425.3828,0.0,161.25587,57.34456,0.3306427,0.0,0.9527781,0.034380503
7805,546.212,0.0,169.49387,57.344536,0.33404648,0.0,0.9515776,0.034380406
7806,502.74557,0.0,185.64972,57.344555,0.33171305,0.0,0.9562219,0.0343803
7807,502.84598,0.0,178.5708,57.344627,0.34028786,0.0,0.955307,0.034380194
7808,439.3164,0.0,173.24066,57.344658,0.32333237,0.0,0.94887364,0.03438008
7809,542.3621,0.0,176.01231,57.344677,0.3255765,0.0,0.95426494,0.03437995
7810,475.53268,0.0,187.16159,57.34468,0.33868822,0.0,1.008803,0.03437982
7811,602.7927,0.0,158.84789,57.344666,0.33754995,0.0,0.97800785,0.03437969
7812,423.30576,0.0,192.54404,57.344658,0.33095226,0.0,0.9425836,0.03437955
7813,467.01035,0.0,181.33905,57.344707,0.3414032,0.0,0.9917567,0.034379404
7814,469.0215,0.0,183.70448,57.34479,0.34152934,0.0,1.002489,0.034379255
7815,513.12317,0.0,168.53667,57.344822,0.3350544,0.0,0.9760531,0.034379102
7816,491.2397,0.0,156.56927,57.34486,0.3261053,0.0,0.992689,0.034378946
7817,503.83078,0.0,178.93385,57.344864,0.32551533,0.0,0.98497796,0.034378786
7818,529.1992,0.0,157.86159,57.344852,0.3378738,0.0,0.98302245,0.03437862
7819,487.43213,0.0,158.38583,57.34484,0.33821756,0.0,0.99175835,0.03437846
7820,468.5438,0.0,160.865,57.34479,0.33607456,0.0,0.9683627,0.03437829
7821,464.18756,0.0,161.07973,57.344772,0.3295269,0.0,0.96559614,0.034378123
7822,451.5275,0.0,166.71175,57.34478,0.33043036,0.0,0.9709502,0.03437795
7823,459.94604,0.0,169.8697,57.34475,0.34100932,0.0,0.9935323,0.034377776
7824,453.91687,0.0,158.90207,57.344727,0.32684726,0.0,0.93876433,0.034377605
7825,516.4539,0.0,156.66872,57.34468,0.33540654,0.0,1.0073471,0.034377422
7826,484.69995,0.0,209.51617,57.34469,0.33438691,0.0,0.9809672,0.034377247
7827,494.96878,0.0,154.5951,57.34472,0.34542754,0.0,0.9690353,0.03437707
7828,480.36197,0.0,171.02844,57.344753,0.33774433,0.0,1.0006409,0.03437689
7829,492.6813,0.0,170.68402,57.344803,0.34437945,0.0,0.9698263,0.034376718
7830,479.57953,0.0,154.97348,57.34486,0.33782145,0.0,0.9639145,0.034376536
7831,417.98364,0.0,169.15332,57.344913,0.3416004,0.0,0.9924376,0.034376353
7832,447.49557,0.0,169.87093,57.34498,0.32789654,0.0,0.973209,0.034376174
7833,478.56805,0.0,160.7789,57.344975,0.3266913,0.0,0.97113645,0.03437599
7834,543.9477,0.0,155.97952,57.344994,0.33771783,0.0,0.9725806,0.034375813
7835,518.1951,0.0,163.30368,57.345047,0.34284168,0.0,1.0023974,0.03437563
7836,497.29517,0.0,192.621,57.34506,0.34020695,0.0,0.9752857,0.034375448
7837,508.1175,0.0,186.54074,57.34507,0.33318213,0.0,0.9658231,0.034375265
7838,465.81436,0.0,158.64073,57.3451,0.3307675,0.0,0.9624766,0.034375086
7839,538.4998,0.0,174.18242,57.345158,0.3422888,0.0,0.9464458,0.0343749
7840,430.8763,0.0,156.96574,57.34522,0.33694926,0.0,0.96521616,0.03437472
7841,530.83417,0.0,178.1746,57.345272,0.32110158,0.0,1.0232497,0.03437454
7842,518.36224,0.0,151.68243,57.345295,0.33996564,0.0,0.9699603,0.034374528
7843,414.94812,0.0,153.94492,57.345325,0.32998517,0.0,0.9759431,0.034374878
7844,502.81396,0.0,151.8858,57.345375,0.3341065,0.0,1.0019071,0.034375478
7845,403.88513,0.0,157.5097,57.345436,0.33708185,0.0,1.0017052,0.034376256
7846,578.20776,0.0,203.82106,57.345467,0.34806216,0.0,0.9528306,0.03437714
7847,464.29245,0.0,145.50491,57.34553,0.33896887,0.0,0.9962214,0.03437807
7848,523.5905,0.0,203.97842,57.3456,0.35124362,0.0,0.9897017,0.03437903
7849,534.2004,0.0,179.66946,57.345642,0.34631947,0.0,0.99503416,0.034379978
7850,509.6402,0.0,161.09114,57.345654,0.33128685,0.0,0.9772504,0.034380898
7851,506.36734,0.0,160.14833,57.345673,0.3303689,0.0,0.9827549,0.034381777
7852,483.56223,0.0,159.29237,57.34571,0.3334823,0.0,0.9821059,0.034382604
7853,495.185,0.0,170.30579,57.345722,0.32567266,0.0,1.0152687,0.034383368
7854,493.4556,0.0,174.50323,57.345726,0.3366527,0.0,0.9586469,0.03438408
7855,493.3104,0.0,167.48122,57.345757,0.33244315,0.0,0.98258364,0.034384727
7856,506.04944,0.0,217.05214,57.345764,0.3298421,0.0,0.9369536,0.03438531
7857,496.20602,0.0,172.45798,57.345757,0.33504677,0.0,0.986474,0.034385834
7858,456.52808,0.0,160.11707,57.345753,0.34489268,0.0,0.95397794,0.034386296
7859,497.72372,0.0,182.60127,57.34574,0.34205207,0.0,0.97941566,0.034386706
7860,458.70123,0.0,148.58313,57.345722,0.3306635,0.0,0.98114306,0.034387067
7861,484.88312,0.0,176.59906,57.345726,0.33621895,0.0,0.98081166,0.03438737
7862,497.93317,0.0,183.20045,57.34568,0.3420304,0.0,0.9579424,0.03438763
7863,476.70786,0.0,148.78346,57.345634,0.33554807,0.0,0.9703947,0.03438785
7864,451.67676,0.0,160.82428,57.34562,0.34234023,0.0,0.984281,0.034388028
7865,482.1185,0.0,164.37341,57.345608,0.3411351,0.0,0.9742315,0.034388166
7866,424.98972,0.0,162.69882,57.34562,0.32722214,0.0,0.9853177,0.034388274
7867,518.3204,0.0,148.69386,57.345623,0.32589915,0.0,0.9897432,0.03438835
7868,542.69604,0.0,184.16628,57.34563,0.3299109,0.0,0.967571,0.0343884
7869,448.2298,0.0,152.38776,57.345634,0.34040985,0.0,1.0177046,0.034388423
7870,471.39297,0.0,150.5988,57.34568,0.34532827,0.0,0.9695501,0.03438838
7871,442.5601,0.0,162.5542,57.345703,0.341285,0.0,1.1046066,0.03438832
7872,472.11926,0.0,166.88426,57.345726,0.3406748,0.0,0.9797141,0.03438825
7873,520.4623,0.0,159.70584,57.345776,0.33248603,0.0,0.9581282,0.034388173
7874,428.16757,0.0,166.14525,57.345795,0.34015483,0.0,0.9455832,0.034388088
7875,548.4323,0.0,165.12157,57.34577,0.32684326,0.0,0.9610277,0.03438799
7876,511.24167,0.0,149.99641,57.34571,0.32884884,0.0,0.97656494,0.034387883
7877,466.44913,0.0,153.12018,57.34566,0.328388,0.0,1.0036511,0.034387764
7878,468.1576,0.0,159.25388,57.345642,0.32188168,0.0,0.97668433,0.03438764
7879,563.67725,0.0,147.72162,57.345654,0.33669332,0.0,0.9805776,0.03438751
7880,447.44476,0.0,153.77925,57.345673,0.33798197,0.0,0.9780298,0.03438737
7881,499.0399,0.0,176.88106,57.345695,0.331121,0.0,0.99282837,0.034387227
7882,484.0044,0.0,161.63292,57.345722,0.33211976,0.0,0.9708622,0.034387078
7883,491.96832,0.0,183.32474,57.345722,0.33023793,0.0,0.9814509,0.03438692
7884,478.19153,0.0,154.97281,57.345734,0.3298657,0.0,1.0078133,0.03438676
7885,413.73096,0.0,165.15956,57.345753,0.33677602,0.0,0.97685623,0.0343866
7886,505.79828,0.0,162.51028,57.345734,0.33627567,0.0,0.9914157,0.034386426
7887,493.0934,0.0,194.16655,57.34568,0.3360453,0.0,0.96786004,0.03438626
7888,458.96503,0.0,166.57419,57.34562,0.3366555,0.0,0.9434193,0.034386083
7889,463.8778,0.0,164.97568,57.34556,0.32752436,0.0,0.9745079,0.034385905
7890,516.57904,0.0,169.23003,57.34547,0.34473175,0.0,0.9859682,0.034385726
7891,536.6141,0.0,156.79317,57.345406,0.3356245,0.0,0.9777691,0.034388244
7892,474.74622,0.0,176.46555,57.345364,0.34476364,0.0,1.0147378,0.034391444
7893,496.78946,0.0,179.97014,57.345306,0.33016306,0.0,1.0043945,0.034395095
7894,457.82263,0.0,144.77728,57.345276,0.34717306,0.0,1.0040528,0.034398984
7895,475.6431,0.0,178.40717,57.34526,0.32906124,0.0,0.9567454,0.034402978
7896,471.14917,0.0,161.47246,57.34524,0.3253184,0.0,0.9632566,0.03440697
7897,459.25513,0.0,176.93292,57.345234,0.32897535,0.0,0.9885348,0.03441091
7898,516.1573,0.0,174.99265,57.345158,0.34329024,0.0,0.98616993,0.034414697
7899,419.04718,0.0,181.32617,57.345108,0.33773115,0.0,0.96044016,0.03441832
7900,465.19073,0.0,180.56073,57.345066,0.336662,0.0,0.95635337,0.03442173
7901,478.0698,0.0,184.47145,57.34501,0.33454904,0.0,0.9737452,0.034424923
7902,505.27072,0.0,173.03886,57.344986,0.3281126,0.0,0.9987358,0.0344279
7903,473.20053,0.0,171.35233,57.344975,0.33251247,0.0,0.9770482,0.03443065
7904,454.60605,0.0,174.02356,57.34498,0.32972315,0.0,1.0019699,0.034433175
7905,508.52264,0.0,171.32611,57.344955,0.3337032,0.0,0.9997837,0.034435496
7906,506.0393,0.0,160.40714,57.344913,0.32901886,0.0,0.99647385,0.03443761
7907,463.28912,0.0,153.24092,57.34487,0.34123152,0.0,0.9615485,0.03443953
7908,485.12512,0.0,158.70714,57.34487,0.34776875,0.0,0.9937917,0.034441274
7909,556.07996,0.0,150.69347,57.34489,0.3303497,0.0,0.968359,0.034442842
7910,493.61353,0.0,175.06755,57.34489,0.33621445,0.0,0.95401114,0.03444425
7911,546.9527,0.0,169.36456,57.344933,0.32457834,0.0,0.99395955,0.034445513
7912,477.7743,0.0,175.21906,57.344944,0.3362242,0.0,0.9526165,0.034446646
7913,502.3915,0.0,183.37448,57.344948,0.34125754,0.0,0.95068425,0.03444765
7914,481.33286,0.0,170.62444,57.344948,0.32706305,0.0,0.95008266,0.03444854
7915,476.50885,0.0,152.85841,57.344994,0.33377475,0.0,0.9715776,0.034449324
7916,481.1486,0.0,182.88202,57.34506,0.33395582,0.0,0.97031516,0.034450013
7917,544.3698,0.0,170.66364,57.34509,0.34480295,0.0,0.99519295,0.03445062
7918,476.86835,0.0,175.62491,57.345108,0.32956582,0.0,0.97858113,0.034451146
7919,451.08322,0.0,155.54135,57.34511,0.3452566,0.0,0.99322754,0.034451596
7920,561.42285,0.0,191.74977,57.34517,0.329386,0.0,1.0025437,0.03445198
7921,505.2214,0.0,147.18855,57.345234,0.3306736,0.0,0.9919988,0.03445231
7922,476.09457,0.0,171.71149,57.345272,0.32454446,0.0,0.98473966,0.03445258
7923,560.71796,0.0,185.20488,57.345387,0.34186977,0.0,0.95998013,0.03445281
7924,470.59814,0.0,143.5354,57.34551,0.3450838,0.0,1.0068195,0.034452993
7925,458.74615,0.0,149.28773,57.345623,0.33049992,0.0,1.0015843,0.03445313
7926,535.50586,0.0,170.31143,57.345703,0.3426531,0.0,0.9664515,0.034453236
7927,452.22647,0.0,177.8678,57.345703,0.34031376,0.0,0.9890987,0.034453314
7928,494.41614,0.0,165.39485,57.345753,0.3304633,0.0,0.9793715,0.03445336
7929,509.62665,0.0,175.69098,57.345844,0.33864766,0.0,0.96561676,0.034453373
7930,510.3222,0.0,157.38014,57.34588,0.34287557,0.0,0.9767373,0.03445337
7931,522.53986,0.0,176.83356,57.34591,0.32681674,0.0,0.9709843,0.034453344
7932,450.18326,0.0,184.59428,57.34594,0.3403188,0.0,0.96267015,0.0344533
7933,435.9811,0.0,150.9701,57.346,0.32917672,0.0,0.9854357,0.03445324
7934,520.45135,0.0,165.56119,57.34602,0.34659332,0.0,0.9607656,0.034453157
7935,498.6966,0.0,161.94225,57.34606,0.34730744,0.0,0.98729324,0.034453064
7936,451.09976,0.0,156.41447,57.346104,0.33118448,0.0,0.949371,0.034452964
7937,463.6981,0.0,159.91649,57.346153,0.3315465,0.0,0.96088094,0.034452844
7938,480.17685,0.0,166.92474,57.346176,0.34610012,0.0,0.98365694,0.03445272
7939,467.1338,0.0,207.83015,57.346188,0.34117037,0.0,0.9818742,0.03445259
7940,477.52335,0.0,147.6435,57.346172,0.3411864,0.0,0.987006,0.03445245
7941,452.10104,0.0,157.27914,57.346165,0.33458096,0.0,0.9669472,0.034452304
7942,465.96085,0.0,152.7268,57.346165,0.33003107,0.0,0.9952204,0.034452148
7943,488.8985,0.0,158.90804,57.346146,0.33057803,0.0,0.98816705,0.03445199
7944,471.31522,0.0,183.94086,57.346115,0.33782908,0.0,0.97494763,0.034451824
7945,478.90573,0.0,164.47197,57.34606,0.34600186,0.0,0.97331834,0.034451656
7946,514.8137,0.0,169.40927,57.346043,0.33924657,0.0,1.0044202,0.034451485
7947,513.5604,0.0,173.33247,57.346024,0.32841218,0.0,0.976705,0.034451306
7948,493.4211,0.0,167.35378,57.34601,0.32982916,0.0,0.96588516,0.03445113
7949,433.82172,0.0,166.37604,57.34595,0.3281718,0.0,0.96345407,0.034450945
7950,490.69928,0.0,162.39236,57.345898,0.3398716,0.0,0.99144846,0.034450762
7951,475.42517,0.0,181.04677,57.345825,0.33516666,0.0,0.9581833,0.034450576
7952,476.19363,0.0,155.50838,57.345787,0.33165988,0.0,1.0129877,0.03445039
7953,479.29562,0.0,175.0169,57.345787,0.336906,0.0,0.99846077,0.034450207
7954,513.3563,0.0,190.8966,57.345848,0.34824672,0.0,0.9325419,0.034450013
7955,505.95428,0.0,186.38335,57.345867,0.34516805,0.0,0.95097464,0.034449823
7956,483.3744,0.0,173.40028,57.345837,0.32704315,0.0,0.9866329,0.034449626
7957,473.00943,0.0,184.89542,57.345837,0.34003973,0.0,1.0043449,0.034449436
7958,463.2398,0.0,190.8276,57.34586,0.33844355,0.0,1.0114324,0.034450065
7959,454.23544,0.0,188.91069,57.345875,0.33901024,0.0,0.9679287,0.034451444
7960,512.06146,0.0,172.9776,57.345875,0.32926854,0.0,0.96837693,0.034453332
7961,522.4591,0.0,153.97366,57.345947,0.32421443,0.0,1.0285288,0.03445557
7962,492.57205,0.0,157.66872,57.346043,0.32478312,0.0,0.96178705,0.03445819
7963,545.27295,0.0,146.97234,57.34611,0.33956838,0.0,0.9772273,0.034461573
7964,436.07312,0.0,169.72412,57.3461,0.33630106,0.0,0.97974735,0.034465432
7965,479.41916,0.0,172.68448,57.34611,0.3405917,0.0,1.0122916,0.03446958
7966,436.7757,0.0,154.87564,57.346165,0.34549865,0.0,0.9636251,0.034473836
7967,520.42944,0.0,175.24925,57.346214,0.32627773,0.0,0.975841,0.034478106
7968,523.6149,0.0,165.77449,57.346268,0.34143206,0.0,0.95834935,0.034482285
7969,479.27805,0.0,151.02217,57.346287,0.3442743,0.0,0.9710346,0.034486316
7970,459.94568,0.0,198.92345,57.346287,0.32841918,0.0,0.99093056,0.03449016
7971,520.64294,0.0,185.14795,57.3463,0.33008856,0.0,0.9951037,0.03449379
7972,501.2435,0.0,175.12268,57.34631,0.33608717,0.0,0.94412386,0.034497187
7973,501.37848,0.0,153.36267,57.34634,0.33887374,0.0,0.96874565,0.03450035
7974,505.57278,0.0,161.72812,57.34635,0.3244042,0.0,0.97262216,0.034503274
7975,461.27283,0.0,158.53285,57.34636,0.33640212,0.0,0.9959223,0.03450596
7976,508.6494,0.0,167.58014,57.34637,0.33852965,0.0,1.045587,0.034508415
7977,464.6242,0.0,174.41489,57.346428,0.34824058,0.0,0.9480629,0.034510657
7978,484.78156,0.0,156.0393,57.346443,0.334561,0.0,0.97599816,0.03451269
7979,493.82028,0.0,159.7471,57.34645,0.33187214,0.0,0.9953434,0.034514528
7980,485.89758,0.0,175.44885,57.34653,0.33021367,0.0,0.98275334,0.034516186
7981,542.64996,0.0,167.63803,57.346603,0.35048702,0.0,0.9931995,0.034517672
7982,463.23395,0.0,163.45354,57.34667,0.31884342,0.0,0.9633911,0.034519006
7983,511.53244,0.0,161.39688,57.346687,0.34277028,0.0,0.9861005,0.034520186
7984,476.1139,0.0,164.73894,57.346695,0.33214793,0.0,0.97247493,0.034521237
7985,504.13956,0.0,142.03119,57.346684,0.33757225,0.0,0.9676332,0.03452217
7986,460.23718,0.0,155.40782,57.346645,0.34700513,0.0,0.9740734,0.034522984
7987,510.9783,0.0,147.67078,57.346626,0.33946458,0.0,0.957784,0.034523692
7988,511.95557,0.0,160.81305,57.346622,0.3412781,0.0,1.000708,0.03452431
7989,456.25507,0.0,186.02545,57.346626,0.3329457,0.0,0.9649254,0.03452485
7990,487.49658,0.0,162.37715,57.346577,0.33195558,0.0,0.99306935,0.03452531
7991,492.1203,0.0,178.06361,57.34651,0.32683972,0.0,0.98126197,0.034525696
7992,517.78485,0.0,163.64899,57.346504,0.33996442,0.0,0.96891046,0.03452602
7993,483.5063,0.0,171.80638,57.34652,0.32901123,0.0,0.98173106,0.03452629
7994,462.14996,0.0,172.70299,57.346565,0.3382008,0.0,0.9972907,0.034526505
7995,507.8532,0.0,138.10114,57.346622,0.35104358,0.0,0.96779734,0.034526672
7996,460.23077,0.0,181.92328,57.346664,0.33851245,0.0,0.98504233,0.034526795
7997,469.58942,0.0,159.17058,57.346756,0.32278404,0.0,1.008825,0.034526885
7998,489.70673,0.0,178.56342,57.346848,0.32712945,0.0,0.9561115,0.034526937
7999,547.4814,0.0,188.55527,57.34695,0.330596,0.0,0.96644455,0.03452696
8000,446.68732,0.0,145.68985,57.347084,0.3249972,0.0,0.98919815,0.03452695
8001,465.91132,0.0,171.65994,57.34719,0.32766074,0.0,0.98110646,0.034526926
8002,405.54544,0.0,158.88312,57.34731,0.33604184,0.0,1.0181936,0.034526873
8003,485.64938,0.0,184.50215,57.347404,0.32885757,0.0,0.97462666,0.034526803
8004,458.26602,0.0,179.27937,57.347435,0.3358304,0.0,1.0018891,0.034526706
8005,528.184,0.0,179.63513,57.347416,0.33074898,0.0,0.9892446,0.0345266
8006,495.87622,0.0,178.76288,57.347416,0.32755172,0.0,0.9676739,0.03452648
8007,433.65366,0.0,188.562,57.347458,0.33837852,0.0,1.0033852,0.034526348
8008,510.10962,0.0,152.79701,57.347485,0.33093315,0.0,0.988165,0.034526173
8009,461.54056,0.0,140.74294,57.347496,0.3337016,0.0,0.96945035,0.034526102
8010,485.2821,0.0,174.50618,57.347527,0.34504813,0.0,0.98060876,0.034526102
8011,475.89777,0.0,188.12083,57.34752,0.3375035,0.0,1.0140141,0.03452615
8012,484.441,0.0,161.92125,57.347546,0.33139846,0.0,0.9740484,0.034526225
8013,477.60358,0.0,175.0142,57.34757,0.33308962,0.0,0.95680946,0.03452632
8014,514.6367,0.0,158.89719,57.347546,0.34016925,0.0,0.92374766,0.03452641
8015,490.4444,0.0,184.32741,57.34752,0.3327262,0.0,0.980979,0.03452651
8016,458.15573,0.0,166.5007,57.347496,0.33195743,0.0,0.9838516,0.03452659
8017,543.0834,0.0,157.81935,57.347416,0.3310142,0.0,0.9981705,0.034526665
8018,480.40906,0.0,182.05302,57.34729,0.34117988,0.0,1.0075787,0.034526605
8019,498.40518,0.0,159.02676,57.3472,0.34025553,0.0,1.036857,0.034526557
8020,474.65515,0.0,187.15117,57.347145,0.3296429,0.0,0.9970573,0.03452655
8021,467.8524,0.0,162.83665,57.347115,0.32676104,0.0,0.98079795,0.034526568
8022,473.07428,0.0,169.82945,57.347088,0.33083484,0.0,0.9543971,0.034526613
8023,409.33035,0.0,155.45297,57.347046,0.33836287,0.0,0.98603576,0.034526654
8024,503.1682,0.0,180.4815,57.346992,0.340804,0.0,0.9890924,0.0345267
8025,498.32446,0.0,180.44424,57.346935,0.3303864,0.0,0.9528057,0.034526736
8026,485.25314,0.0,162.13689,57.34686,0.34155405,0.0,0.9731908,0.03452676
8027,477.22272,0.0,174.76819,57.34683,0.33265942,0.0,0.95862824,0.034526777
8028,489.8788,0.0,167.26822,57.34681,0.33373743,0.0,0.99413157,0.03452678
8029,490.4519,0.0,179.64146,57.34682,0.34318772,0.0,0.9561297,0.034526765
8030,479.99805,0.0,160.57585,57.346786,0.33908615,0.0,0.9960209,0.03452673
8031,437.59583,0.0,172.48457,57.34674,0.34294188,0.0,0.991458,0.03452669
8032,447.12366,0.0,170.96463,57.34673,0.3378327,0.0,0.9872939,0.034526628
8033,512.3751,0.0,167.8454,57.346718,0.33434847,0.0,0.97569007,0.034526557
8034,499.2907,0.0,176.62532,57.34667,0.3351747,0.0,0.9667048,0.034526467
8035,476.65732,0.0,172.38014,57.346653,0.32982337,0.0,0.9635066,0.03452637
8036,521.923,0.0,144.84613,57.346596,0.34262434,0.0,0.96015614,0.03452626
8037,480.22015,0.0,182.23491,57.346546,0.32992417,0.0,1.0400485,0.034526132
8038,497.45062,0.0,192.89473,57.3465,0.33970937,0.0,0.9961061,0.034526005
8039,498.03464,0.0,145.34863,57.346474,0.33007887,0.0,0.98701745,0.03452586
8040,499.09836,0.0,163.41153,57.346474,0.34420907,0.0,0.9786789,0.034525707
8041,487.16437,0.0,164.01538,57.34647,0.3348001,0.0,0.9407713,0.03452538
8042,506.83005,0.0,149.85081,57.34646,0.32725853,0.0,0.9862545,0.034525137
8043,508.1997,0.0,158.2255,57.34645,0.33242124,0.0,1.0177569,0.03452497
8044,516.2323,0.0,152.88158,57.346474,0.34216622,0.0,0.9787352,0.034524858
8045,419.81116,0.0,167.54936,57.346504,0.33498725,0.0,0.9615483,0.03452478
8046,465.7984,0.0,157.26422,57.346535,0.32720998,0.0,0.99109256,0.034524716
8047,524.34717,0.0,180.57506,57.34651,0.3407575,0.0,0.9749405,0.034524668
8048,545.126,0.0,158.05278,57.34652,0.3281042,0.0,0.9509042,0.034524627
8049,502.67328,0.0,170.54222,57.346546,0.3287888,0.0,0.97393876,0.034524586
8050,542.0099,0.0,157.93571,57.346592,0.34046438,0.0,0.96352094,0.03452454
8051,467.9659,0.0,159.21419,57.346664,0.3420154,0.0,0.9896477,0.03452449
8052,472.59424,0.0,183.4717,57.346737,0.34610823,0.0,0.9535932,0.034524433
8053,501.48877,0.0,183.49759,57.34681,0.34416273,0.0,0.984721,0.034524363
8054,503.39795,0.0,143.2177,57.346924,0.3387749,0.0,0.97057074,0.034524284
8055,521.94403,0.0,154.32016,57.346996,0.33620813,0.0,0.9846226,0.03452419
8056,485.6067,0.0,164.77924,57.347046,0.3435043,0.0,0.9334443,0.034524098
8057,480.47617,0.0,155.23137,57.347107,0.34811375,0.0,0.97768235,0.034523986
8058,483.93033,0.0,168.88016,57.347145,0.3299204,0.0,0.9863346,0.034523867
8059,505.73715,0.0,175.93803,57.34723,0.3429502,0.0,0.9995954,0.03452374
8060,517.5646,0.0,169.92676,57.3473,0.3274496,0.0,0.9512141,0.034523603
8061,402.75833,0.0,177.00174,57.34732,0.3386925,0.0,1.0003824,0.034523457
8062,482.8109,0.0,169.45152,57.347355,0.3308193,0.0,0.9909955,0.034523305
8063,474.31726,0.0,148.5648,57.347416,0.3312994,0.0,1.0142251,0.034523148
8064,486.70328,0.0,164.7936,57.347466,0.32570735,0.0,0.9705663,0.034522977
8065,469.177,0.0,163.01979,57.347507,0.3450433,0.0,0.994293,0.03452281
8066,521.94226,0.0,178.87112,57.347504,0.32675812,0.0,0.9578588,0.03452263
8067,545.27234,0.0,161.28473,57.347477,0.33595577,0.0,1.0042926,0.034522448
8068,483.32993,0.0,150.80882,57.347454,0.3275984,0.0,0.9835442,0.034522258
8069,513.25665,0.0,163.15607,57.347427,0.33910146,0.0,1.0009025,0.034522068
8070,483.74847,0.0,182.60326,57.3474,0.3374654,0.0,1.0012186,0.034521874
8071,496.9182,0.0,178.92299,57.347374,0.34045014,0.0,0.96861035,0.034521677
8072,508.72504,0.0,204.52754,57.347374,0.33239415,0.0,0.9710772,0.03452148
8073,472.20444,0.0,152.91864,57.347355,0.34824136,0.0,0.99991924,0.034521274
8074,539.5591,0.0,177.96631,57.347355,0.34312096,0.0,1.0694907,0.03452107
8075,488.62457,0.0,179.67737,57.347363,0.33808073,0.0,0.97270495,0.034520827
8076,472.95868,0.0,162.68668,57.347374,0.33724305,0.0,0.9484637,0.03452059
8077,498.08847,0.0,160.21335,57.347404,0.337652,0.0,0.96396434,0.03452035
8078,477.2647,0.0,149.31711,57.3474,0.35043335,0.0,0.99312365,0.03452012
8079,484.2106,0.0,143.09059,57.347393,0.32792616,0.0,0.9877191,0.03451989
8080,468.47128,0.0,168.50536,57.347404,0.3397666,0.0,0.9503155,0.034519657
8081,456.1773,0.0,162.15944,57.347412,0.3407692,0.0,0.9711614,0.034519427
8082,464.19397,0.0,164.20114,57.347443,0.3404581,0.0,0.9684886,0.0345192
8083,454.25476,0.0,134.42236,57.347496,0.3374845,0.0,0.975479,0.03451897
8084,543.11395,0.0,178.07867,57.347546,0.3304882,0.0,0.95227927,0.03451875
8085,496.1755,0.0,149.6024,57.34758,0.3343139,0.0,0.99290735,0.034518525
8086,492.78314,0.0,200.5042,57.3476,0.33867106,0.0,0.97811836,0.0345183
8087,489.0223,0.0,149.80832,57.34758,0.33086857,0.0,0.9993641,0.034518078
8088,432.6796,0.0,183.81665,57.347565,0.33658156,0.0,1.0010285,0.03451786
8089,504.46512,0.0,152.56583,57.347565,0.33623606,0.0,0.9851642,0.034517635
8090,466.06314,0.0,200.69475,57.347546,0.32624528,0.0,0.96383196,0.034517415
8091,466.54776,0.0,175.14365,57.34759,0.3488026,0.0,0.9934855,0.0345172
8092,519.0681,0.0,180.65001,57.34763,0.3306092,0.0,0.9814256,0.034516983
8093,482.32187,0.0,162.10104,57.34766,0.33220494,0.0,0.9895199,0.03451677
8094,507.09805,0.0,176.78142,57.34768,0.33087146,0.0,0.9627739,0.03451656
8095,475.77866,0.0,164.19398,57.347713,0.35260087,0.0,0.986281,0.034516353
8096,487.16745,0.0,153.2014,57.34774,0.31889713,0.0,0.9742416,0.03451614
8097,487.87204,0.0,135.8009,57.347805,0.32372242,0.0,0.9887146,0.034515932
8098,465.0512,0.0,149.73325,57.347855,0.34199083,0.0,0.99681205,0.034515724
8099,505.0639,0.0,185.81357,57.347897,0.327534,0.0,0.9634469,0.034515508
8100,513.95667,0.0,164.27614,57.347923,0.34400716,0.0,0.96077067,0.034515303
8101,498.91556,0.0,153.28116,57.347958,0.33875793,0.0,0.96405727,0.034515098
8102,487.69812,0.0,181.09009,57.34799,0.3446633,0.0,0.9798077,0.034514885
8103,504.33646,0.0,171.52794,57.34804,0.33126312,0.0,0.9891381,0.034514677
8104,469.93915,0.0,167.2415,57.34804,0.3347624,0.0,0.96326625,0.03451447
8105,457.32797,0.0,154.2665,57.348038,0.34296423,0.0,0.9636977,0.03451426
8106,491.21075,0.0,162.98419,57.347977,0.34163696,0.0,0.97095174,0.034514055
8107,465.64987,0.0,150.85716,57.347893,0.33806497,0.0,0.9712007,0.034513842
8108,527.046,0.0,158.58086,57.347862,0.33152446,0.0,0.98286134,0.034513637
8109,519.4598,0.0,162.22395,57.347843,0.32557264,0.0,0.97423035,0.034513433
8110,484.6456,0.0,147.38304,57.347855,0.33582228,0.0,0.97216135,0.034513228
8111,488.0676,0.0,175.95528,57.347847,0.34158528,0.0,0.99877524,0.03451302
8112,499.7326,0.0,166.439,57.347805,0.33826807,0.0,0.9751191,0.034512818
8113,511.98462,0.0,165.38493,57.34774,0.33650893,0.0,0.97306263,0.034512613
8114,501.63782,0.0,165.06396,57.34765,0.33900997,0.0,0.9888273,0.034512408
8115,478.40924,0.0,199.85654,57.347557,0.33448282,0.0,0.9926282,0.034512203
8116,419.8317,0.0,155.6254,57.347473,0.34549668,0.0,0.99032235,0.034512002
8117,453.41763,0.0,165.08728,57.347443,0.35049322,0.0,0.98704773,0.034511797
8118,464.42996,0.0,167.28241,57.347454,0.3390353,0.0,0.97487307,0.034511592
8119,526.7861,0.0,158.22823,57.347496,0.33550352,0.0,0.9908142,0.034511395
8120,495.42825,0.0,149.77414,57.34757,0.33731902,0.0,0.97754836,0.034511194
8121,518.29553,0.0,149.63034,57.347607,0.34299862,0.0,1.0004904,0.03451099
8122,454.13306,0.0,175.847,57.34763,0.34060314,0.0,0.9373865,0.03451079
8123,461.3224,0.0,196.31825,57.34761,0.32925785,0.0,0.9903398,0.034510586
8124,488.70792,0.0,163.30954,57.347546,0.32796523,0.0,1.0118628,0.034510385
8125,525.6331,0.0,158.99808,57.34755,0.3362399,0.0,0.98979086,0.034510188
8126,489.56757,0.0,167.01685,57.347546,0.34288406,0.0,0.9688299,0.034509987
8127,523.8924,0.0,188.95721,57.34752,0.33498973,0.0,1.0045681,0.03450979
8128,499.98254,0.0,177.43604,57.347515,0.32722723,0.0,1.0026773,0.034509595
8129,512.9694,0.0,189.84518,57.347507,0.34660384,0.0,0.98305523,0.03450939
8130,471.61105,0.0,158.91576,57.347504,0.33074534,0.0,0.97170687,0.034509193
8131,509.5522,0.0,148.60403,57.34752,0.33382848,0.0,0.9676084,0.034508996
8132,535.8759,0.0,203.06367,57.347546,0.333526,0.0,1.0038134,0.0345088
8133,505.62817,0.0,144.3174,57.347622,0.33014706,0.0,0.9649764,0.0345086
8134,463.3059,0.0,156.68317,57.34769,0.34289676,0.0,0.9503517,0.034508403
8135,439.79935,0.0,181.69797,57.34775,0.34113714,0.0,1.007191,0.03450821
8136,448.04837,0.0,163.91315,57.34776,0.34049568,0.0,0.97092235,0.034508012
8137,501.92856,0.0,198.75113,57.347683,0.33129546,0.0,0.95324373,0.03450782
8138,491.5175,0.0,176.04547,57.34766,0.3274009,0.0,0.9422863,0.034507625
8139,578.48944,0.0,155.37822,57.347652,0.33167675,0.0,0.97789115,0.03450743
8140,522.83936,0.0,182.31557,57.34766,0.32900536,0.0,0.98798525,0.034507237
8141,536.7159,0.0,163.83939,57.347668,0.32578608,0.0,1.0029153,0.034507044
8142,510.40656,0.0,158.20435,57.3477,0.3283481,0.0,0.982482,0.03450685
8143,513.62946,0.0,172.03781,57.347794,0.33470935,0.0,0.96602213,0.034506656
8144,502.97003,0.0,162.05219,57.347862,0.32997695,0.0,0.94634855,0.034506466
8145,448.55624,0.0,186.79593,57.347916,0.3337621,0.0,0.98163337,0.034506273
8146,467.8788,0.0,134.22702,57.34798,0.3349933,0.0,0.966274,0.034506083
8147,500.44406,0.0,178.6565,57.34808,0.34467813,0.0,0.9709592,0.034505885
8148,461.0347,0.0,168.67282,57.34813,0.3198223,0.0,0.9690801,0.034505695
8149,477.15134,0.0,171.67732,57.34814,0.34364218,0.0,0.9377492,0.034505505
8150,498.6688,0.0,161.82329,57.348152,0.34431234,0.0,0.97082025,0.034505315
8151,459.5802,0.0,145.73334,57.348118,0.34263352,0.0,0.96104014,0.034505125
8152,469.1124,0.0,161.23015,57.34809,0.33336326,0.0,0.95936865,0.03450494
8153,470.38858,0.0,147.05797,57.34807,0.3257395,0.0,0.9804863,0.034504753
8154,454.02887,0.0,150.90308,57.3481,0.31696823,0.0,0.9999082,0.034504563
8155,497.5897,0.0,163.76022,57.348145,0.3374024,0.0,1.0174977,0.034504373
8156,414.3232,0.0,151.38574,57.348232,0.32913178,0.0,0.98655015,0.034504183
8157,488.45798,0.0,197.10721,57.348244,0.32691655,0.0,1.0025855,0.034503993
8158,467.5682,0.0,180.0071,57.348263,0.33001974,0.0,0.99424046,0.034503803
8159,482.16275,0.0,180.57994,57.348293,0.34669092,0.0,0.990952,0.034503616
8160,434.9634,0.0,173.8397,57.348267,0.338841,0.0,0.97125673,0.03450343
8161,453.04114,0.0,160.6793,57.34828,0.33829448,0.0,0.9433973,0.034503244
8162,561.56213,0.0,164.19856,57.348297,0.339342,0.0,0.9825776,0.03450018
8163,415.32123,0.0,164.75444,57.348347,0.34079948,0.0,0.9806642,0.03449812
8164,505.30292,0.0,181.78949,57.348377,0.33506903,0.0,0.97786355,0.034496833
8165,478.7328,0.0,198.44958,57.3484,0.34152424,0.0,0.978684,0.034496125
8166,453.60754,0.0,165.07365,57.348408,0.34202355,0.0,0.99289525,0.034495845
8167,508.84424,0.0,165.21762,57.348415,0.33303678,0.0,0.9437308,0.034495883
8168,560.5544,0.0,164.1814,57.34845,0.3307822,0.0,0.9596158,0.03449615
8169,493.38263,0.0,165.69029,57.348457,0.32776013,0.0,0.977979,0.034496572
8170,435.56876,0.0,180.1646,57.348446,0.34224844,0.0,0.9635113,0.0344971
8171,537.8179,0.0,177.47624,57.34846,0.33580577,0.0,0.9918941,0.034497686
8172,475.32428,0.0,169.84273,57.348457,0.33000398,0.0,0.9612614,0.034498297
8173,462.94205,0.0,169.71689,57.348427,0.33329353,0.0,0.9740412,0.034498915
8174,491.14212,0.0,160.43744,57.348396,0.34194094,0.0,0.9984887,0.03449952
8175,555.6156,0.0,160.7891,57.348427,0.32645607,0.0,0.9736505,0.03450025
8176,498.7834,0.0,222.43987,57.348476,0.3327935,0.0,0.97169834,0.034500986
8177,483.26053,0.0,162.56665,57.34851,0.33429468,0.0,0.99137676,0.03450172
8178,522.37634,0.0,169.33926,57.348534,0.33755612,0.0,1.0035334,0.034502424
8179,455.6235,0.0,176.78711,57.34855,0.32970563,0.0,0.9691207,0.03450309
8180,443.72928,0.0,168.74973,57.34858,0.34096998,0.0,0.964193,0.034503713
8181,511.1841,0.0,173.44327,57.34857,0.34717864,0.0,0.9620557,0.034504294
8182,458.51038,0.0,176.07513,57.34857,0.34136602,0.0,0.9853011,0.03450482
8183,494.90723,0.0,153.34668,57.348583,0.3360625,0.0,0.9660234,0.0345053
8184,512.5324,0.0,176.82596,57.348595,0.32697394,0.0,0.9619989,0.03450572
8185,459.94363,0.0,154.28323,57.348564,0.33327082,0.0,0.9225102,0.034506097
8186,431.89798,0.0,156.32884,57.348503,0.32984072,0.0,1.0008856,0.03450643
8187,528.44965,0.0,172.68158,57.348446,0.34155992,0.0,0.98019946,0.03450671
8188,499.3206,0.0,167.37459,57.34836,0.33600688,0.0,0.9787556,0.034506947
8189,503.43115,0.0,156.2776,57.348347,0.32402685,0.0,0.9450778,0.034507144
8190,534.06635,0.0,156.91551,57.348354,0.3368468,0.0,0.94810385,0.03450731
8191,499.03577,0.0,178.23306,57.348396,0.32741475,0.0,0.9882036,0.034507435
8192,488.47855,0.0,144.05495,57.34839,0.3311744,0.0,0.9859102,0.03450742
8193,521.41626,0.0,161.99048,57.348347,0.33326238,0.0,0.9797525,0.0345075
8194,506.67493,0.0,163.15814,57.34828,0.3384118,0.0,0.9809494,0.034507636
8195,466.8105,0.0,186.2292,57.348213,0.34331942,0.0,1.0076995,0.034507804
8196,491.2839,0.0,144.38828,57.34814,0.32956055,0.0,0.99006474,0.034507982
8197,516.6212,0.0,170.81822,57.348038,0.32993895,0.0,0.9831253,0.03450816
8198,442.9768,0.0,164.49939,57.347927,0.33551687,0.0,0.96125793,0.034508344
8199,538.60315,0.0,178.02592,57.3478,0.33602938,0.0,0.96262765,0.03450851
8200,430.16074,0.0,167.39372,57.34768,0.33598778,0.0,0.98425025,0.03450867
8201,523.4091,0.0,159.10388,57.347607,0.33739164,0.0,0.98792994,0.034508806
8202,458.58383,0.0,164.73773,57.347576,0.3293646,0.0,0.9908243,0.034508917
8203,507.32797,0.0,170.01466,57.34761,0.33377165,0.0,0.94957197,0.034509122
8204,466.69464,0.0,173.79988,57.347622,0.3372678,0.0,0.9940202,0.034509487
8205,497.70154,0.0,176.59212,57.34764,0.33236548,0.0,0.94744074,0.034509953
8206,458.83517,0.0,163.75943,57.347637,0.32679135,0.0,0.98907715,0.034510482
8207,461.2829,0.0,180.7494,57.347652,0.32730457,0.0,0.9515779,0.034511045
8208,481.8811,0.0,197.84248,57.347733,0.32504824,0.0,0.9482952,0.034511615
8209,609.5743,0.0,187.96457,57.34783,0.33020356,0.0,0.9520336,0.03451217
8210,436.82062,0.0,216.99004,57.347935,0.3345214,0.0,1.0029905,0.034512706
8211,445.22214,0.0,177.12582,57.348057,0.32975864,0.0,0.9713572,0.034513216
8212,557.9425,0.0,167.76588,57.348183,0.33873427,0.0,1.0014703,0.03451369
8213,524.10016,0.0,172.62196,57.348297,0.32137528,0.0,0.98613626,0.034514118
8214,481.3125,0.0,171.33942,57.34845,0.34267095,0.0,1.0102545,0.03451451
8215,425.16275,0.0,162.56377,57.34856,0.34513462,0.0,1.054105,0.03451486
8216,519.0759,0.0,171.73987,57.348614,0.32345173,0.0,0.96704036,0.034515165
8217,510.84,0.0,178.91568,57.348667,0.32994092,0.0,0.98029506,0.034515426
8218,456.82205,0.0,167.55782,57.348713,0.33208758,0.0,0.95274407,0.034515657
8219,476.42697,0.0,142.96922,57.348755,0.3351097,0.0,0.9771858,0.034515847
8220,518.14557,0.0,166.74242,57.348778,0.34030485,0.0,0.98768896,0.034516003
8221,460.9861,0.0,175.95374,57.348804,0.3282908,0.0,0.9665053,0.034516126
8222,471.77646,0.0,166.70753,57.348804,0.33933923,0.0,0.9816888,0.034516215
8223,480.3516,0.0,172.98051,57.348717,0.34608147,0.0,0.9702357,0.034516282
8224,511.86526,0.0,171.86008,57.348625,0.33720958,0.0,0.97072905,0.03451632
8225,509.80844,0.0,177.26999,57.34857,0.3356294,0.0,0.980734,0.034516335
8226,489.13287,0.0,176.29236,57.348503,0.33503836,0.0,0.98925155,0.034516327
8227,413.34274,0.0,154.64151,57.34844,0.34497923,0.0,1.0024811,0.0345163
8228,444.94223,0.0,167.96089,57.3484,0.33917883,0.0,1.0119289,0.034516256
8229,518.70654,0.0,180.87006,57.348377,0.33458063,0.0,0.9727595,0.03451619
8230,496.77484,0.0,152.06271,57.34834,0.33776808,0.0,0.9644927,0.03451611
8231,427.21866,0.0,171.30028,57.348324,0.33650535,0.0,0.9926558,0.03451602
8232,482.3638,0.0,177.00047,57.348316,0.34729818,0.0,1.0393608,0.03451592
8233,483.54816,0.0,179.16904,57.348316,0.33707556,0.0,0.95299786,0.034515806
8234,482.69547,0.0,162.88164,57.348324,0.337446,0.0,0.94601107,0.034515683
8235,477.388,0.0,192.49048,57.348328,0.332635,0.0,1.0065433,0.03451555
8236,444.48004,0.0,179.80127,57.34836,0.33404797,0.0,1.0405444,0.03451541
8237,487.6863,0.0,177.36227,57.348354,0.34280676,0.0,0.96045506,0.03451526
8238,442.31647,0.0,167.61012,57.348335,0.33814272,0.0,0.97809464,0.034515105
8239,477.9675,0.0,191.11328,57.348347,0.33167717,0.0,0.96870893,0.03451495
8240,455.3541,0.0,162.66875,57.348366,0.33872297,0.0,0.98466986,0.03451478
8241,454.48898,0.0,169.54523,57.34837,0.33393386,0.0,0.9545124,0.03451461
8242,501.79037,0.0,182.42923,57.3484,0.33554783,0.0,0.984698,0.03451444
8243,467.3725,0.0,146.31982,57.3484,0.33158502,0.0,0.9858879,0.03451426
8244,510.68896,0.0,186.94502,57.348427,0.34680182,0.0,0.95374936,0.03451408
8245,458.37207,0.0,158.2236,57.34842,0.33650646,0.0,0.97317696,0.034515817
8246,472.25897,0.0,159.6406,57.348415,0.32640535,0.0,1.033905,0.03451828
8247,507.37692,0.0,163.30095,57.348354,0.34185275,0.0,0.97635967,0.034521226
8248,482.23105,0.0,174.39714,57.348297,0.3257658,0.0,0.9889604,0.034524985
8249,507.69125,0.0,187.58223,57.348293,0.33029744,0.0,0.9926954,0.03452934
8250,477.82275,0.0,157.25807,57.348347,0.33221716,0.0,0.98960394,0.034534037
8251,433.7542,0.0,149.25192,57.348415,0.33664098,0.0,0.9530807,0.034538902
8252,551.35394,0.0,167.16669,57.34845,0.3353969,0.0,0.96744573,0.03454378
8253,489.97498,0.0,170.71585,57.34842,0.33540276,0.0,0.9963537,0.034548577
8254,521.83124,0.0,160.40771,57.348347,0.33946687,0.0,0.9835645,0.034553215
8255,463.54727,0.0,166.14717,57.348328,0.32273746,0.0,0.99222654,0.034557845
8256,522.1443,0.0,186.31635,57.34836,0.32658213,0.0,0.96356136,0.034562465
8257,500.92102,0.0,161.56554,57.348415,0.3265216,0.0,0.9925223,0.03456698
8258,498.6727,0.0,170.94603,57.348488,0.3374364,0.0,0.98868775,0.034571327
8259,498.04153,0.0,171.17615,57.348503,0.34080645,0.0,0.9662099,0.03457547
8260,464.8777,0.0,139.97552,57.34853,0.34340915,0.0,0.9663591,0.034579374
8261,472.92694,0.0,176.57841,57.34858,0.3448161,0.0,0.97155327,0.03458302
8262,466.62482,0.0,158.06493,57.348614,0.33566102,0.0,0.99697876,0.034586415
8263,495.86243,0.0,187.16891,57.348614,0.33420715,0.0,0.95000964,0.03458955
8264,500.617,0.0,178.03241,57.348614,0.3280928,0.0,0.99391085,0.03459243
8265,467.6038,0.0,171.31363,57.34862,0.33726013,0.0,1.0128256,0.034595072
8266,496.08887,0.0,196.11784,57.348663,0.34046745,0.0,0.9773604,0.03459748
8267,502.8361,0.0,156.59427,57.348743,0.33682248,0.0,0.9794067,0.03459966
8268,480.02505,0.0,174.65228,57.348816,0.33675417,0.0,1.004204,0.03460164
8269,538.779,0.0,171.37279,57.348846,0.34032324,0.0,1.0147235,0.034603413
8270,538.44794,0.0,143.18707,57.34888,0.3383349,0.0,0.9677737,0.034605015
8271,432.75797,0.0,163.10628,57.34891,0.33403656,0.0,0.9421867,0.03460645
8272,478.7135,0.0,185.80547,57.3489,0.33335674,0.0,0.99485826,0.034607723
8273,475.11298,0.0,164.06041,57.348846,0.33527768,0.0,1.0135338,0.034608856
8274,492.07495,0.0,166.98409,57.34881,0.34206036,0.0,0.95228845,0.03460986
8275,514.71533,0.0,144.83127,57.348774,0.33283818,0.0,0.99577725,0.03461075
8276,449.91122,0.0,168.69804,57.348694,0.33450368,0.0,0.971433,0.034611523
8277,463.90674,0.0,156.7249,57.348644,0.32582596,0.0,0.9747025,0.0346122
8278,506.94348,0.0,173.304,57.34861,0.33031222,0.0,1.0037979,0.034612782
8279,586.352,0.0,156.26074,57.34856,0.3324466,0.0,0.97813123,0.034613285
8280,496.08044,0.0,174.34119,57.34851,0.33091187,0.0,0.9455279,0.03461371
8281,437.606,0.0,180.76271,57.34844,0.3372964,0.0,0.9698489,0.03461407
8282,507.0668,0.0,172.7992,57.34837,0.33747292,0.0,0.96994704,0.034614373
8283,472.41263,0.0,171.44522,57.348274,0.32684645,0.0,0.9767456,0.034614615
8284,437.658,0.0,162.11629,57.34819,0.34263808,0.0,0.9733339,0.034614813
8285,511.8537,0.0,160.26338,57.348118,0.32603657,0.0,1.0003161,0.034614958
8286,465.23578,0.0,126.439026,57.34808,0.32551348,0.0,0.9543053,0.034615103
8287,507.48245,0.0,181.6667,57.34804,0.33340004,0.0,1.0299793,0.034615427
8288,499.79926,0.0,166.21031,57.348,0.34010687,0.0,0.9951753,0.034615856
8289,491.1519,0.0,173.38503,57.347946,0.33302602,0.0,0.9516275,0.034616366
8290,510.32263,0.0,173.35587,57.347878,0.32683164,0.0,1.0016942,0.03461691
8291,530.5952,0.0,171.51639,57.3478,0.32699186,0.0,0.97917444,0.034617465
8292,541.69653,0.0,193.11452,57.347782,0.329325,0.0,0.9471769,0.03461802
8293,444.26797,0.0,166.5975,57.347805,0.3388527,0.0,0.9901314,0.034618545
8294,530.8673,0.0,168.03174,57.347847,0.33988613,0.0,0.992874,0.03461905
8295,513.26355,0.0,165.3563,57.347893,0.326242,0.0,0.9812702,0.03461951
8296,446.99728,0.0,183.5963,57.347916,0.33490798,0.0,0.9607648,0.03461993
8297,538.5979,0.0,145.53192,57.34795,0.33822674,0.0,0.9860283,0.03462031
8298,497.25787,0.0,175.68355,57.348007,0.33089197,0.0,0.9729196,0.03462065
8299,531.53766,0.0,159.48123,57.34805,0.33252716,0.0,0.9902945,0.034620944
8300,507.2504,0.0,184.1148,57.34809,0.3333208,0.0,0.95781744,0.03462119
8301,457.87155,0.0,149.39435,57.348145,0.32523134,0.0,0.97944754,0.034621403
8302,478.55872,0.0,161.94505,57.34819,0.34706008,0.0,1.0173584,0.034621574
8303,441.32654,0.0,149.09198,57.348213,0.3237522,0.0,0.96311545,0.034621716
8304,491.47244,0.0,175.26686,57.348263,0.34753498,0.0,0.9762441,0.034621816
8305,497.47946,0.0,188.38829,57.34834,0.3283076,0.0,0.98867035,0.03462189
8306,411.59494,0.0,186.83775,57.3484,0.3346903,0.0,0.9947164,0.03462193
8307,483.90253,0.0,156.06961,57.34843,0.34293377,0.0,0.992047,0.034621947
8308,511.66763,0.0,185.38542,57.34842,0.32196298,0.0,0.96693,0.034621935
8309,471.05557,0.0,154.62025,57.348385,0.3291953,0.0,0.9988969,0.0346219
8310,476.73395,0.0,156.5724,57.348347,0.3293269,0.0,0.9750238,0.03462185
8311,451.37048,0.0,173.87337,57.348347,0.3471424,0.0,0.9633069,0.03462178
8312,497.84927,0.0,138.3748,57.3484,0.3357751,0.0,0.9948921,0.034621686
8313,467.73544,0.0,179.43745,57.348503,0.32810795,0.0,1.0227549,0.034621578
8314,509.37024,0.0,185.60658,57.348595,0.33442834,0.0,0.97049487,0.03462146
8315,453.69867,0.0,187.4571,57.348663,0.32415634,0.0,1.0039545,0.034621328
8316,463.3546,0.0,194.49469,57.348724,0.341774,0.0,0.99273556,0.034621183
8317,500.4139,0.0,161.6537,57.348774,0.33246705,0.0,0.98482704,0.03462103
8318,475.793,0.0,173.35168,57.348778,0.3379253,0.0,0.965558,0.034620866
8319,591.87396,0.0,161.51396,57.34881,0.33534437,0.0,0.97990686,0.03462069
8320,477.54507,0.0,174.94707,57.34882,0.33286205,0.0,0.9907232,0.034620512
8321,477.0996,0.0,165.88298,57.348907,0.34399346,0.0,0.95943743,0.034620326
8322,491.5964,0.0,151.05136,57.349,0.32964578,0.0,1.0324936,0.034620136
8323,472.49484,0.0,187.7455,57.349064,0.3273021,0.0,0.9666463,0.034619935
8324,484.14178,0.0,180.04495,57.349125,0.33274606,0.0,0.9531084,0.034619734
8325,516.5031,0.0,159.974,57.349197,0.34323114,0.0,0.9765458,0.034619525
8326,463.53177,0.0,158.40378,57.349266,0.33559254,0.0,0.9736694,0.034619316
8327,476.21423,0.0,182.82822,57.349342,0.33291593,0.0,0.985009,0.0346191
8328,458.64044,0.0,153.73863,57.349392,0.32992193,0.0,0.9584574,0.034618888
8329,454.43848,0.0,160.29045,57.349445,0.3456391,0.0,1.0039915,0.03461867
8330,459.24902,0.0,150.71465,57.349476,0.33140954,0.0,1.0006126,0.03461845
8331,498.00775,0.0,178.36075,57.349506,0.32557097,0.0,0.9866746,0.03461823
8332,500.86536,0.0,164.24265,57.349537,0.32970586,0.0,0.9750487,0.034618005
8333,473.87723,0.0,167.79051,57.349586,0.32392475,0.0,0.9870594,0.034617774
8334,499.16757,0.0,166.97902,57.34963,0.3288098,0.0,0.9694876,0.034617554
8335,456.10205,0.0,163.12712,57.34964,0.3345108,0.0,1.0162808,0.03461732
8336,504.8143,0.0,189.75754,57.349655,0.31550485,0.0,0.9476967,0.034617096
8337,487.09647,0.0,187.1514,57.349686,0.34414685,0.0,1.0146259,0.034616865
8338,490.91663,0.0,162.12057,57.349728,0.3334371,0.0,1.0331184,0.034616638
8339,445.33426,0.0,178.38783,57.349762,0.33005932,0.0,0.97246706,0.034616407
8340,510.0963,0.0,176.94447,57.349842,0.33792126,0.0,0.9894272,0.034616176
8341,480.6254,0.0,159.75891,57.34991,0.32476118,0.0,0.9601712,0.03461595
8342,495.05872,0.0,185.207,57.349915,0.34123316,0.0,0.9416459,0.034615718
8343,568.2657,0.0,184.49156,57.34991,0.33236337,0.0,0.977329,0.034615487
8344,472.63364,0.0,174.98688,57.34986,0.34060457,0.0,0.9924615,0.03461526
8345,451.02728,0.0,152.78792,57.349865,0.3290265,0.0,1.0064209,0.034615032
8346,499.76828,0.0,163.71143,57.349895,0.33862317,0.0,0.96316147,0.034614798
8347,451.84464,0.0,165.29825,57.349945,0.32179844,0.0,1.0112258,0.034614567
8348,487.61905,0.0,184.31287,57.35,0.32709098,0.0,0.97798336,0.034614343
8349,489.215,0.0,173.72093,57.350075,0.3326741,0.0,0.9993711,0.034614112
8350,527.46155,0.0,171.2114,57.350193,0.33354014,0.0,1.0106481,0.034613878
8351,512.3598,0.0,174.64224,57.35027,0.32466203,0.0,0.99743944,0.03461365
8352,472.13138,0.0,169.5642,57.350334,0.3308612,0.0,0.97441,0.034613423
8353,525.4067,0.0,177.5856,57.350388,0.3348229,0.0,1.0024546,0.034613196
8354,438.961,0.0,161.77989,57.350388,0.3179785,0.0,0.96698517,0.034612965
8355,498.0987,0.0,157.92175,57.350418,0.3324057,0.0,0.96101046,0.03461274
8356,474.8912,0.0,159.14342,57.350426,0.33668798,0.0,0.9854265,0.034612518
8357,512.9773,0.0,155.86555,57.350418,0.32924727,0.0,0.9700105,0.034612287
8358,470.55417,0.0,172.13428,57.350376,0.34307793,0.0,1.0150669,0.034612063
8359,466.08847,0.0,152.53314,57.350376,0.33263865,0.0,0.96783334,0.03461184
8360,499.3074,0.0,194.86562,57.350323,0.33429128,0.0,0.9829088,0.034611613
8361,493.33725,0.0,178.78627,57.350273,0.33063278,0.0,0.95740354,0.034611393
8362,543.46466,0.0,182.89114,57.350254,0.33790976,0.0,1.001141,0.034611218
8363,464.79596,0.0,175.03757,57.350296,0.32507458,0.0,0.98998886,0.034611054
8364,458.51804,0.0,190.54076,57.350285,0.343302,0.0,0.99606603,0.034610886
8365,467.34192,0.0,183.62262,57.350323,0.334418,0.0,0.9879707,0.03461072
8366,482.2518,0.0,172.72632,57.350403,0.3359393,0.0,0.9780804,0.03461055
8367,549.22406,0.0,188.50153,57.35051,0.33959135,0.0,0.96244836,0.034610383
8368,448.0181,0.0,167.62038,57.350597,0.32026085,0.0,0.99507457,0.03461021
8369,488.7845,0.0,157.01704,57.350685,0.3361252,0.0,0.98877513,0.034610044
8370,437.75226,0.0,154.76047,57.350784,0.33468455,0.0,1.0417358,0.03460987
8371,515.1383,0.0,184.11037,57.35087,0.31933308,0.0,0.9769614,0.03460969
8372,507.46396,0.0,185.88936,57.35088,0.3326153,0.0,0.9690206,0.034609515
8373,538.66235,0.0,181.64163,57.350857,0.33023053,0.0,1.0008891,0.03460933
8374,531.5099,0.0,158.87862,57.350815,0.3346886,0.0,0.97917914,0.034609143
8375,493.33795,0.0,180.0183,57.350792,0.3376541,0.0,0.9785852,0.03460896
8376,441.36392,0.0,198.41464,57.350754,0.32657242,0.0,0.9985798,0.034608766
8377,496.58917,0.0,181.75302,57.350704,0.3440848,0.0,1.0109677,0.03460858
8378,516.0081,0.0,152.04805,57.35071,0.3372691,0.0,0.99404615,0.034608386
8379,539.1966,0.0,166.1168,57.35076,0.3267126,0.0,0.9771915,0.034608196
8380,508.43176,0.0,159.26054,57.350773,0.3330258,0.0,0.9917745,0.034608006
8381,484.48636,0.0,177.25655,57.350796,0.34190166,0.0,0.96107787,0.034607805
8382,472.43607,0.0,197.28075,57.350792,0.3485229,0.0,0.9751134,0.034607608
8383,500.7751,0.0,191.16168,57.350815,0.33456874,0.0,0.99457127,0.034607414
8384,534.83374,0.0,164.04625,57.350864,0.32865614,0.0,0.9889567,0.03460732
8385,506.2895,0.0,158.05258,57.35088,0.33519202,0.0,0.99074847,0.03460722
8386,469.42154,0.0,169.75162,57.350906,0.32657966,0.0,0.9813791,0.034607116
8387,459.15158,0.0,222.05237,57.35096,0.3196268,0.0,1.0043001,0.034607
8388,477.7839,0.0,166.27237,57.35108,0.32780832,0.0,0.96273625,0.034606878
8389,491.60986,0.0,164.17789,57.351177,0.332895,0.0,0.98357636,0.03460675
8390,472.03827,0.0,155.5895,57.351246,0.3432535,0.0,0.9792703,0.034606814
8391,528.78906,0.0,192.83556,57.35133,0.33321404,0.0,0.98289245,0.0346071
8392,511.8671,0.0,164.84602,57.35143,0.33973226,0.0,0.99177516,0.03460754
8393,494.60724,0.0,167.10696,57.35149,0.34074655,0.0,1.0166142,0.034608077
8394,479.47766,0.0,194.63164,57.351574,0.33177096,0.0,0.9744461,0.034608673
8395,469.01282,0.0,191.68105,57.351612,0.33322248,0.0,1.0039073,0.034609288
8396,439.46295,0.0,183.04837,57.351597,0.33898804,0.0,1.0019523,0.034609918
8397,443.5684,0.0,175.5378,57.35158,0.3232471,0.0,0.96929985,0.03461053
8398,461.53845,0.0,178.95853,57.351536,0.34426767,0.0,0.99077034,0.034611117
8399,430.60297,0.0,162.32048,57.351536,0.33253586,0.0,0.9721456,0.03461167
8400,542.0505,0.0,178.71133,57.35155,0.33202755,0.0,0.9812052,0.034612183
8401,442.67038,0.0,174.21637,57.351612,0.3341549,0.0,1.041438,0.034612656
8402,479.39114,0.0,225.38701,57.351646,0.34036124,0.0,0.99323654,0.034613084
8403,510.2506,0.0,153.47766,57.351616,0.3337523,0.0,0.95929325,0.034613464
8404,483.26477,0.0,172.89812,57.351585,0.34098846,0.0,0.9619246,0.034613807
8405,564.91437,0.0,163.30362,57.351536,0.32819596,0.0,0.9791269,0.0346141
8406,461.7136,0.0,182.61702,57.351494,0.32982057,0.0,0.9901857,0.034614358
8407,514.45325,0.0,178.39183,57.35148,0.333411,0.0,0.9904837,0.034614574
8408,483.11783,0.0,156.45547,57.35147,0.3309545,0.0,1.0109787,0.034614753
8409,519.85455,0.0,170.7691,57.35146,0.34200612,0.0,0.97121453,0.0346149
8410,477.86627,0.0,171.58614,57.35144,0.3303201,0.0,0.99321413,0.03461501
8411,470.50015,0.0,170.46675,57.35146,0.34479475,0.0,0.9652041,0.0346151
8412,484.1361,0.0,157.60825,57.351494,0.3388317,0.0,0.98646826,0.03461516
8413,471.3509,0.0,166.27031,57.351543,0.33990657,0.0,0.9535979,0.03461519
8414,460.18503,0.0,153.7121,57.351665,0.33456028,0.0,0.98836136,0.034614768
8415,462.5875,0.0,167.74559,57.35176,0.33967042,0.0,0.9896754,0.034614436
8416,518.32214,0.0,164.50319,57.35181,0.3332303,0.0,0.971727,0.034614176
8417,455.14078,0.0,188.12267,57.35182,0.3322729,0.0,0.9877627,0.034613963
8418,442.66595,0.0,165.44968,57.35177,0.33335704,0.0,0.9952826,0.034613788
8419,509.79794,0.0,168.84927,57.351738,0.33218536,0.0,1.026435,0.034613643
8420,481.5233,0.0,167.41685,57.351707,0.34487253,0.0,1.0020182,0.034613516
8421,496.79337,0.0,177.3213,57.351673,0.32254294,0.0,0.98924583,0.034613397
8422,485.31293,0.0,187.5945,57.3517,0.33195013,0.0,1.0105894,0.034613285
8423,484.601,0.0,230.46342,57.35173,0.32687962,0.0,0.9976532,0.034613185
8424,504.70987,0.0,169.52907,57.351807,0.342728,0.0,0.96934855,0.034613073
8425,468.44205,0.0,172.81052,57.35182,0.32737365,0.0,0.9845258,0.034612965
8426,476.18057,0.0,199.35553,57.351788,0.3391088,0.0,0.98472047,0.03461285
8427,527.79877,0.0,170.6977,57.351776,0.3392135,0.0,1.050215,0.03461273
8428,489.5015,0.0,167.45866,57.351776,0.33481628,0.0,0.9811213,0.034612607
8429,505.95178,0.0,172.17104,57.351807,0.3422902,0.0,0.9641931,0.03461248
8430,499.01678,0.0,172.27403,57.35181,0.3383763,0.0,1.0250475,0.034612346
8431,507.28232,0.0,166.95456,57.351837,0.34420052,0.0,0.9436765,0.03461221
8432,525.6973,0.0,156.80899,57.35183,0.33561534,0.0,0.98916626,0.034612063
8433,451.09955,0.0,181.60214,57.35183,0.33222052,0.0,0.972688,0.03461191
8434,510.59256,0.0,163.92087,57.351807,0.3395704,0.0,0.96186143,0.034611758
8435,508.49625,0.0,154.11215,57.35181,0.32937717,0.0,0.93999684,0.0346116
8436,471.1913,0.0,148.34946,57.351837,0.33715567,0.0,1.0219585,0.034611434
8437,492.7283,0.0,181.50394,57.351868,0.32908517,0.0,0.9896577,0.034611266
8438,477.5678,0.0,144.43326,57.35189,0.33062536,0.0,0.9776082,0.03461109
8439,462.82608,0.0,145.80101,57.35187,0.33932963,0.0,0.98367465,0.034610916
8440,573.5718,0.0,176.84239,57.35189,0.3398073,0.0,0.99194247,0.034610737
8441,436.7365,0.0,160.5516,57.351913,0.33470416,0.0,0.97176325,0.034610562
8442,450.4265,0.0,196.21077,57.351925,0.32474118,0.0,0.95309335,0.034610376
8443,474.05252,0.0,167.19052,57.351963,0.33564818,0.0,1.0015988,0.03461019
8444,542.434,0.0,163.12958,57.35203,0.33105522,0.0,0.9771183,0.03461
8445,499.19284,0.0,164.00159,57.352097,0.33717284,0.0,0.9495594,0.034609813
8446,452.52942,0.0,149.07848,57.352116,0.3426083,0.0,0.9858556,0.03460962
8447,509.87564,0.0,154.46428,57.35212,0.331521,0.0,0.96597403,0.034609426
8448,465.45087,0.0,165.90848,57.352146,0.33934575,0.0,1.0223172,0.034609236
8449,516.64294,0.0,181.57063,57.352146,0.33292633,0.0,0.97471035,0.034609042
8450,451.12457,0.0,162.57999,57.352146,0.33550483,0.0,1.0069369,0.034608845
8451,469.5505,0.0,176.31009,57.352108,0.338433,0.0,0.96698445,0.03460865
8452,449.57935,0.0,162.04092,57.352047,0.32892925,0.0,0.98651886,0.034608454
8453,457.7391,0.0,207.71692,57.352024,0.3337273,0.0,1.0092797,0.03460826
8454,537.0189,0.0,183.01566,57.351994,0.3297519,0.0,0.96679395,0.03460806
8455,485.66895,0.0,179.18073,57.351925,0.34060186,0.0,0.98092246,0.034607857
8456,451.44363,0.0,159.79567,57.35192,0.32466006,0.0,0.9450077,0.034607664
8457,461.39282,0.0,151.96022,57.351944,0.33307058,0.0,0.96464807,0.034607463
8458,541.57605,0.0,173.1805,57.351955,0.32883084,0.0,1.0013239,0.03460727
8459,491.95844,0.0,163.3074,57.35195,0.332585,0.0,0.96857476,0.034607068
8460,448.25714,0.0,174.12442,57.35197,0.33327672,0.0,0.9751302,0.03460687
8461,525.0034,0.0,172.13318,57.352036,0.33665267,0.0,0.9507239,0.03460667
8462,475.2314,0.0,160.90063,57.352055,0.343965,0.0,0.9799774,0.034606468
8463,515.65393,0.0,174.26212,57.351994,0.33584344,0.0,0.9512898,0.034606274
8464,490.2783,0.0,159.2797,57.351963,0.3405271,0.0,1.028643,0.03460607
8465,470.6077,0.0,160.86891,57.35195,0.3321195,0.0,0.97993535,0.034605872
8466,552.5862,0.0,164.95686,57.351933,0.33940285,0.0,0.99015766,0.034605674
8467,472.8421,0.0,160.0395,57.351944,0.33832327,0.0,1.0048754,0.034605477
8468,463.341,0.0,144.26077,57.35192,0.33413103,0.0,1.0038747,0.034605276
8469,509.95767,0.0,173.49918,57.351933,0.3320565,0.0,0.98614365,0.03460508
8470,553.99457,0.0,167.61241,57.35194,0.33117568,0.0,0.9738233,0.03460488
8471,453.58813,0.0,174.51059,57.351925,0.3371582,0.0,0.99706036,0.034604687
8472,483.05917,0.0,164.4196,57.352,0.33157548,0.0,0.9806029,0.034604486
8473,437.13516,0.0,148.59451,57.35212,0.32470137,0.0,1.0359364,0.034604296
8474,488.4729,0.0,147.16159,57.35224,0.33625197,0.0,0.99556017,0.034604054
8475,489.1013,0.0,165.26839,57.35234,0.32802016,0.0,0.94614094,0.03460382
8476,494.09485,0.0,154.63467,57.352474,0.33381373,0.0,0.9908683,0.034603592
8477,466.67755,0.0,171.01198,57.352577,0.33871612,0.0,0.9534579,0.03460337
8478,463.77002,0.0,175.02571,57.352657,0.35083562,0.0,0.97612673,0.034603145
8479,501.2531,0.0,162.77084,57.352722,0.34231758,0.0,0.9639987,0.034602925
8480,503.8857,0.0,159.8335,57.352802,0.34238002,0.0,0.9510422,0.03460271
8481,487.68976,0.0,184.3041,57.352863,0.34566048,0.0,0.9678529,0.0346025
8482,496.214,0.0,181.38841,57.352943,0.34366158,0.0,0.99433607,0.034602284
8483,533.2186,0.0,173.36105,57.35304,0.34022725,0.0,0.9925597,0.034602076
8484,486.62216,0.0,197.21503,57.35316,0.344315,0.0,0.9841396,0.034601875
8485,447.77902,0.0,181.38586,57.353294,0.33999392,0.0,0.9738509,0.034601666
8486,458.2337,0.0,181.95848,57.353405,0.33153108,0.0,0.96461487,0.034601465
8487,501.31348,0.0,171.4621,57.35351,0.34758776,0.0,0.96913373,0.03460126
8488,486.0701,0.0,149.49062,57.35358,0.33222172,0.0,0.9777086,0.03460106
8489,511.80344,0.0,147.84395,57.353622,0.32723543,0.0,0.9769258,0.034600858
8490,489.5675,0.0,173.99881,57.353672,0.3323033,0.0,0.99875945,0.03460066
8491,477.65057,0.0,184.48766,57.353737,0.3338969,0.0,0.9714288,0.034600466
8492,520.06616,0.0,188.34439,57.35386,0.3348839,0.0,0.9739086,0.03460027
8493,459.44446,0.0,162.21349,57.35395,0.33539978,0.0,0.9754767,0.03460007
8494,432.3791,0.0,179.22005,57.35396,0.32803,0.0,0.99135983,0.034599878
8495,405.40915,0.0,177.91194,57.353928,0.34340972,0.0,0.99306566,0.034599684
8496,542.209,0.0,163.83203,57.3539,0.32878926,0.0,0.9988298,0.03459949
8497,486.06207,0.0,186.18773,57.35388,0.33639413,0.0,0.9801039,0.0345993
8498,486.97205,0.0,185.34274,57.35389,0.32988754,0.0,0.99971706,0.034599103
8499,470.28918,0.0,169.69649,57.35388,0.32970613,0.0,0.96487856,0.034598913
8500,534.08606,0.0,167.71188,57.353897,0.33563787,0.0,0.96168965,0.034598723
8501,461.37173,0.0,155.35509,57.35392,0.32726848,0.0,0.9757459,0.03459853
8502,516.72424,0.0,170.12163,57.353962,0.32318673,0.0,0.970599,0.034598347
8503,490.02213,0.0,206.04994,57.35401,0.33897316,0.0,0.9660366,0.034598157
8504,513.92004,0.0,155.25194,57.354053,0.34243375,0.0,0.95905584,0.034597967
8505,469.8803,0.0,186.02014,57.35409,0.33622193,0.0,0.95484316,0.034597777
8506,593.4944,0.0,144.27048,57.354122,0.33121783,0.0,0.97643346,0.03459759
8507,488.43143,0.0,188.84143,57.354156,0.32517943,0.0,1.008415,0.0345974
8508,519.3656,0.0,170.23737,57.354164,0.3357368,0.0,1.0001317,0.034597218
8509,485.1619,0.0,138.64809,57.354206,0.33913568,0.0,1.0115837,0.03459703
8510,492.9882,0.0,174.89206,57.354267,0.3304388,0.0,0.9949413,0.03459684
8511,464.27615,0.0,179.47198,57.35437,0.33814055,0.0,0.966991,0.034596656
8512,481.7349,0.0,166.2403,57.354454,0.32349092,0.0,0.9525328,0.03459647
8513,511.17688,0.0,141.18623,57.35454,0.32664827,0.0,0.9746769,0.034596287
8514,479.19742,0.0,185.13043,57.354607,0.34797513,0.0,0.95578563,0.0345961
8515,432.09998,0.0,156.63577,57.35468,0.3256231,0.0,0.959271,0.034595918
8516,478.63226,0.0,167.05736,57.354748,0.33755043,0.0,0.99066454,0.03459573
8517,515.05505,0.0,175.80992,57.354794,0.3389356,0.0,0.9648993,0.034595553
8518,519.54236,0.0,188.03127,57.35484,0.33485228,0.0,0.9895576,0.034595367
8519,481.60123,0.0,160.32683,57.354813,0.33248234,0.0,0.97694665,0.034595184
8520,481.28006,0.0,151.35924,57.35478,0.3418967,0.0,0.98112667,0.034595
8521,480.16724,0.0,174.84807,57.354733,0.31773785,0.0,0.98829967,0.034594815
8522,521.42194,0.0,148.99863,57.35476,0.3238941,0.0,0.98053676,0.034594636
8523,463.00568,0.0,150.7303,57.35482,0.3321366,0.0,0.97945887,0.03459445
8524,478.89688,0.0,156.83978,57.354916,0.3274066,0.0,0.98163044,0.03459427
8525,523.8859,0.0,159.27357,57.354977,0.33152422,0.0,0.97391087,0.034594093
8526,515.38556,0.0,172.36171,57.355015,0.33769962,0.0,1.008306,0.03459391
8527,519.15186,0.0,171.51273,57.355007,0.3315542,0.0,0.9949783,0.034593727
8528,525.8139,0.0,164.49673,57.35502,0.32560068,0.0,1.0251513,0.034593545
8529,466.4914,0.0,181.3694,57.355015,0.32157573,0.0,0.9676099,0.034593366
8530,439.63007,0.0,154.54108,57.355015,0.3313495,0.0,0.9792684,0.03459319
8531,494.7076,0.0,154.18457,57.354996,0.328418,0.0,0.9882294,0.03459301
8532,470.01367,0.0,169.79659,57.354996,0.33068478,0.0,1.0281378,0.034592826
8533,453.3385,0.0,153.20016,57.355007,0.34246948,0.0,0.98454905,0.03459265
8534,469.04703,0.0,144.75534,57.355057,0.3286123,0.0,0.9653354,0.03459247
8535,490.16064,0.0,150.80992,57.35512,0.3284054,0.0,0.9912006,0.03459229
8536,452.26465,0.0,156.27592,57.3552,0.34346256,0.0,0.9892736,0.03459211
8537,496.21463,0.0,173.70618,57.355244,0.33307514,0.0,0.96759844,0.034591936
8538,483.17126,0.0,158.88344,57.35527,0.34628892,0.0,0.97385174,0.034591753
8539,477.72165,0.0,171.17259,57.3553,0.32881755,0.0,0.96680206,0.034591578
8540,487.81366,0.0,156.46399,57.355316,0.3370689,0.0,0.99186283,0.0345914
8541,539.3418,0.0,169.15591,57.35533,0.34243584,0.0,0.9617561,0.034591224
8542,467.4076,0.0,164.39542,57.355293,0.34558263,0.0,0.9633957,0.034591045
8543,470.6046,0.0,159.76556,57.35528,0.34200078,0.0,0.9597965,0.034590866
8544,519.7858,0.0,157.40222,57.355305,0.3320863,0.0,0.9938371,0.03459069
8545,427.74875,0.0,176.98582,57.355335,0.33723572,0.0,1.011901,0.034590516
8546,444.09048,0.0,160.85826,57.355385,0.32326853,0.0,0.99519795,0.03459034
8547,490.22064,0.0,163.11171,57.355396,0.34313798,0.0,0.9743687,0.034590166
8548,484.68756,0.0,159.4113,57.355354,0.3354359,0.0,0.96479,0.034590006
8549,532.6985,0.0,151.45934,57.355293,0.32960662,0.0,0.997067,0.03458986
8550,539.64874,0.0,190.73216,57.355232,0.33888206,0.0,1.0026866,0.03458974
8551,466.68848,0.0,159.86548,57.3552,0.33564803,0.0,0.99150807,0.034589637
8552,443.07922,0.0,166.57373,57.35525,0.34119934,0.0,0.97379214,0.034589536
8553,473.82584,0.0,189.19127,57.355316,0.32277933,0.0,0.96987015,0.03458769
8554,485.74304,0.0,154.92715,57.355354,0.3326762,0.0,0.99300015,0.034586616
8555,545.3304,0.0,155.97307,57.355362,0.3328872,0.0,1.0022632,0.03458613
8556,464.2557,0.0,164.56715,57.355343,0.33540377,0.0,1.0054626,0.03458607
8557,513.3295,0.0,180.04417,57.355377,0.33260545,0.0,0.9930809,0.034586325
8558,548.44354,0.0,181.99652,57.355434,0.33761692,0.0,1.0032849,0.0345868
8559,452.52325,0.0,172.05286,57.355507,0.3325087,0.0,0.9969949,0.034587424
8560,477.9936,0.0,149.55585,57.355526,0.3269647,0.0,1.0055705,0.034588143
8561,456.91064,0.0,190.87276,57.35555,0.33314466,0.0,0.97404236,0.03458891
8562,423.76712,0.0,177.94939,57.35554,0.327441,0.0,0.96236926,0.034589697
8563,557.2048,0.0,178.91312,57.35554,0.32877153,0.0,0.98930603,0.03459047
8564,532.4245,0.0,180.67581,57.355587,0.34071308,0.0,0.9760539,0.034591228
8565,440.22556,0.0,163.04808,57.35567,0.3424755,0.0,1.0667459,0.034591954
8566,461.38702,0.0,171.09013,57.355724,0.33164936,0.0,0.96958745,0.03459263
8567,486.8352,0.0,157.60777,57.355736,0.32566515,0.0,0.9820202,0.034593266
8568,489.09515,0.0,170.1861,57.355694,0.33833662,0.0,1.0073653,0.03459384
8569,504.01328,0.0,161.25296,57.355633,0.3296285,0.0,0.98213625,0.03459437
8570,505.7267,0.0,188.0971,57.355602,0.3340282,0.0,0.96125185,0.03459485
8571,573.1982,0.0,150.64696,57.35565,0.33402696,0.0,1.009632,0.034596432
8572,471.6856,0.0,156.50243,57.355682,0.32536218,0.0,0.95408946,0.03459813
8573,455.33774,0.0,150.0253,57.355694,0.3339541,0.0,1.0297228,0.034599863
8574,477.3631,0.0,162.31201,57.355682,0.3332607,0.0,0.98876953,0.034601595
8575,416.9042,0.0,211.96716,57.35564,0.3339667,0.0,0.99459773,0.034603287
8576,452.72278,0.0,173.16595,57.355568,0.32782155,0.0,0.99652046,0.03460491
8577,479.24808,0.0,150.47395,57.35555,0.333149,0.0,0.97376275,0.034606457
8578,513.6858,0.0,157.09808,57.355537,0.33580455,0.0,1.0080718,0.03460791
8579,398.95285,0.0,157.62698,57.355602,0.34137323,0.0,0.9740911,0.03460926
8580,513.9548,0.0,168.14923,57.355587,0.33237183,0.0,0.9376983,0.034610506
8581,491.9865,0.0,165.35938,57.35551,0.33159474,0.0,0.9753995,0.034611657
8582,468.5359,0.0,157.21318,57.355465,0.3420707,0.0,0.9804546,0.0346127
8583,527.1204,0.0,169.42822,57.355415,0.3464564,0.0,0.94857764,0.034613654
8584,534.0063,0.0,163.08011,57.355335,0.34194088,0.0,0.9894596,0.034614507
8585,487.18384,0.0,170.29779,57.355312,0.33606893,0.0,1.0114787,0.034615282
8586,469.64758,0.0,188.11882,57.35533,0.32174447,0.0,0.9849379,0.034615967
8587,475.96017,0.0,155.30243,57.355385,0.32777667,0.0,0.97131395,0.034616575
8588,478.5346,0.0,160.8609,57.355408,0.34361592,0.0,0.97258806,0.034617115
8589,512.53174,0.0,168.38414,57.355446,0.3444491,0.0,0.9660714,0.034617588
8590,465.7298,0.0,179.95143,57.355495,0.34874675,0.0,0.9893331,0.034617998
8591,508.34485,0.0,182.89926,57.355537,0.32949573,0.0,0.9555092,0.034618355
8592,462.51877,0.0,165.92253,57.35556,0.32597053,0.0,0.9836563,0.034618657
8593,479.94003,0.0,151.56694,57.35557,0.33853048,0.0,0.98469263,0.03461891
8594,490.6909,0.0,184.91783,57.355556,0.3296884,0.0,0.98015976,0.034619123
8595,477.51398,0.0,171.9443,57.35553,0.33355877,0.0,0.96242535,0.0346193
8596,540.5283,0.0,165.70117,57.35553,0.3361785,0.0,1.0203402,0.034619436
8597,505.2892,0.0,180.04448,57.355537,0.33469695,0.0,0.9631553,0.034619536
8598,457.46466,0.0,154.27376,57.355537,0.3408176,0.0,0.9777112,0.034619614
8599,464.71982,0.0,158.4646,57.355568,0.33942023,0.0,1.0009483,0.034619663
8600,505.95728,0.0,176.43776,57.355618,0.3417818,0.0,0.98025256,0.03461969
8601,446.62335,0.0,193.49567,57.3556,0.33219323,0.0,0.95369476,0.03461969
8602,465.43,0.0,152.69987,57.35554,0.3346006,0.0,1.0389091,0.03461967
8603,417.6188,0.0,154.0701,57.355526,0.33364695,0.0,0.9591803,0.034619637
8604,460.82864,0.0,184.07948,57.35555,0.34026667,0.0,0.9631972,0.034619585
8605,491.81757,0.0,166.39018,57.355587,0.33233282,0.0,0.9611757,0.03461952
8606,478.2491,0.0,165.91983,57.35567,0.33611897,0.0,0.9822648,0.034619443
8607,512.4797,0.0,148.23503,57.355774,0.33663696,0.0,0.97877276,0.034619346
8608,518.9899,0.0,140.98128,57.355835,0.3358092,0.0,1.0691897,0.03461925
8609,445.13574,0.0,173.69357,57.355854,0.3373178,0.0,0.95298743,0.034619138
8610,556.437,0.0,174.72903,57.355835,0.33645782,0.0,0.99198645,0.034619022
8611,521.6559,0.0,177.14395,57.355827,0.34841266,0.0,0.9957419,0.034618896
8612,482.57355,0.0,178.52608,57.35581,0.32119924,0.0,0.9676774,0.03461876
8613,456.57504,0.0,153.55106,57.35581,0.32796314,0.0,0.95091426,0.034618624
8614,553.5676,0.0,153.8575,57.355793,0.32307687,0.0,0.97012305,0.034618482
8615,483.3503,0.0,145.53386,57.355797,0.33239144,0.0,1.0087744,0.03461833
8616,478.13562,0.0,159.30434,57.355793,0.33980638,0.0,0.9798225,0.034618173
8617,500.35208,0.0,153.9996,57.355793,0.33974186,0.0,0.95766026,0.03461802
8618,460.91827,0.0,150.84277,57.355804,0.33531532,0.0,0.97956604,0.034617856
8619,483.90665,0.0,147.98776,57.355816,0.33362266,0.0,1.0041,0.03461769
8620,483.67673,0.0,184.87323,57.355835,0.3320259,0.0,0.96162844,0.034617525
8621,470.46378,0.0,147.4741,57.355827,0.34224156,0.0,0.9542903,0.034617357
8622,522.0009,0.0,167.55801,57.355835,0.33862558,0.0,0.9826421,0.034617186
8623,498.23743,0.0,154.03703,57.35581,0.3507038,0.0,0.9753418,0.03461701
8624,522.62915,0.0,153.6662,57.355797,0.32740363,0.0,1.0188628,0.034616835
8625,510.25348,0.0,150.71187,57.355762,0.33862433,0.0,0.97663903,0.034616664
8626,541.1817,0.0,148.58675,57.35575,0.32140243,0.0,0.9683815,0.034616485
8627,505.03214,0.0,186.09663,57.355736,0.34223053,0.0,1.009673,0.034616165
8628,503.70535,0.0,163.98988,57.35575,0.33412874,0.0,0.96142817,0.034615904
8629,483.37848,0.0,151.82715,57.355732,0.3311547,0.0,0.94004595,0.0346157
8630,448.13345,0.0,160.07433,57.35566,0.34274465,0.0,1.0134192,0.034615524
8631,507.10278,0.0,163.47502,57.35555,0.33415583,0.0,0.9367223,0.03461537
8632,484.4662,0.0,149.38539,57.355465,0.33253768,0.0,0.9629205,0.03461524
8633,496.0028,0.0,157.77594,57.355404,0.33096656,0.0,1.0270126,0.034615126
8634,455.8203,0.0,173.83734,57.355362,0.3397716,0.0,0.97746795,0.03461501
8635,493.17108,0.0,164.21027,57.355293,0.3263083,0.0,0.98974293,0.034614906
8636,570.1705,0.0,156.73999,57.355198,0.332242,0.0,0.99198925,0.034614798
8637,562.459,0.0,165.7596,57.355064,0.33286503,0.0,1.0762509,0.034614693
8638,453.296,0.0,167.9051,57.354996,0.32639867,0.0,0.9721892,0.034614585
8639,495.4433,0.0,157.46468,57.354927,0.34076938,0.0,1.0007005,0.034614477
8640,521.13904,0.0,139.12758,57.35491,0.34134194,0.0,0.9613153,0.034614366
8641,493.63745,0.0,172.00449,57.354916,0.33598632,0.0,0.9778826,0.034614243
8642,512.09875,0.0,200.09071,57.354942,0.34441242,0.0,1.0067213,0.034614123
8643,531.68256,0.0,153.00409,57.354954,0.34128788,0.0,0.9787765,0.034613997
8644,472.57315,0.0,148.99931,57.354965,0.3334215,0.0,0.96931434,0.034613866
8645,504.005,0.0,157.85184,57.354954,0.33156332,0.0,0.9703699,0.034613736
8646,446.10596,0.0,187.20134,57.354984,0.32819074,0.0,1.0145196,0.0346136
8647,515.099,0.0,185.44589,57.355015,0.33845928,0.0,0.96305937,0.03461346
8648,456.41183,0.0,179.7697,57.355087,0.33856073,0.0,0.9856141,0.034613315
8649,478.58344,0.0,178.87479,57.355167,0.3395926,0.0,0.97673315,0.034613173
8650,470.2662,0.0,169.77353,57.35523,0.33852145,0.0,0.96833825,0.03461302
8651,469.3608,0.0,163.0499,57.355286,0.3461627,0.0,0.976464,0.03461287
8652,479.74475,0.0,153.11758,57.355362,0.32449028,0.0,1.007961,0.034612715
8653,460.1186,0.0,157.05537,57.355423,0.32624337,0.0,0.9591353,0.034612555
8654,474.4432,0.0,175.46579,57.35555,0.33207005,0.0,0.96628237,0.0346124
8655,554.3592,0.0,170.5417,57.355675,0.34582356,0.0,0.95843554,0.03461224
8656,483.38538,0.0,158.61885,57.355797,0.33815712,0.0,1.0035344,0.034612074
8657,527.544,0.0,173.25786,57.355896,0.34244734,0.0,1.0035158,0.03461191
8658,473.88776,0.0,171.31839,57.35597,0.34569943,0.0,0.96919364,0.034611743
8659,480.50272,0.0,188.29424,57.35599,0.33790734,0.0,0.9915002,0.034611583
8660,478.03613,0.0,169.93388,57.355957,0.32316875,0.0,0.9525566,0.034611408
8661,488.95776,0.0,160.38425,57.35592,0.33021417,0.0,0.9826748,0.03461124
8662,560.3983,0.0,178.94385,57.355915,0.3373998,0.0,1.0180174,0.034611072
8663,463.70175,0.0,159.83401,57.355885,0.3352675,0.0,0.96511304,0.0346109
8664,503.11432,0.0,180.02489,57.35593,0.34239495,0.0,0.9917576,0.034610733
8665,475.083,0.0,177.4041,57.355988,0.341255,0.0,0.96772027,0.034610562
8666,491.87167,0.0,163.74388,57.35605,0.34128985,0.0,0.96325046,0.034610394
8667,476.42685,0.0,174.08765,57.356018,0.34659246,0.0,1.0071727,0.034610216
8668,543.4728,0.0,165.55371,57.355988,0.33065996,0.0,0.9495064,0.034610044
8669,524.46313,0.0,167.82487,57.35598,0.32255992,0.0,0.9733927,0.034609873
8670,504.6284,0.0,155.73177,57.35598,0.33117267,0.0,0.9462783,0.0346097
8671,487.0802,0.0,207.58511,57.35601,0.33596644,0.0,0.96474904,0.03460953
8672,513.4259,0.0,163.82611,57.35603,0.33711708,0.0,0.98419434,0.03460936
8673,626.27985,0.0,157.55368,57.35605,0.33770373,0.0,0.9633728,0.034609187
8674,508.3867,0.0,179.76001,57.35606,0.34142712,0.0,0.96402204,0.034609012
8675,498.0283,0.0,161.1074,57.35608,0.3297518,0.0,0.94700444,0.03460884
8676,466.33664,0.0,165.57542,57.356094,0.336156,0.0,0.93981373,0.034608666
8677,535.0365,0.0,172.49469,57.356083,0.33431375,0.0,0.9783368,0.03460849
8678,535.86914,0.0,174.85106,57.35604,0.33387634,0.0,0.98590434,0.03460832
8679,473.75305,0.0,154.01169,57.35603,0.33114383,0.0,0.9960574,0.034608148
8680,424.85724,0.0,158.9028,57.35604,0.3287859,0.0,0.965941,0.034607977
8681,461.55234,0.0,167.1419,57.35607,0.32228857,0.0,0.9797464,0.034607805
8682,470.65604,0.0,172.59698,57.356125,0.32768434,0.0,0.9723357,0.034607634
8683,503.02808,0.0,174.10315,57.356155,0.33342955,0.0,1.003748,0.03460746
8684,484.02298,0.0,169.88812,57.356197,0.33926195,0.0,0.9630661,0.034607287
8685,479.32315,0.0,159.76222,57.356236,0.34514147,0.0,0.98177046,0.034607112
8686,453.56415,0.0,170.70052,57.35629,0.33128214,0.0,0.9525935,0.03460695
8687,494.87375,0.0,177.61914,57.35632,0.3248249,0.0,0.991355,0.034606773
8688,438.69653,0.0,196.65619,57.356346,0.34388193,0.0,0.9718994,0.034606606
8689,494.11145,0.0,179.37753,57.35638,0.33875358,0.0,0.973799,0.03460643
8690,504.06366,0.0,149.55994,57.356407,0.32691798,0.0,1.0045644,0.034606263
8691,562.3301,0.0,169.50967,57.35642,0.32342607,0.0,0.95371145,0.034606095
8692,520.59534,0.0,168.45528,57.3564,0.33172402,0.0,0.9722557,0.034605924
8693,495.44464,0.0,189.27563,57.35638,0.3292731,0.0,0.99950284,0.034605753
8694,517.5336,0.0,193.84476,57.35638,0.3356142,0.0,0.972981,0.034605585
8695,469.43582,0.0,196.44888,57.356388,0.3344521,0.0,0.99062526,0.03460541
8696,474.83978,0.0,167.95877,57.35637,0.33820817,0.0,0.9907725,0.034605246
8697,504.2518,0.0,178.26195,57.356346,0.3396127,0.0,0.96897465,0.03460507
8698,490.80368,0.0,151.63126,57.356327,0.33794117,0.0,0.9888318,0.034604903
8699,483.21378,0.0,161.60909,57.356274,0.3421512,0.0,0.98655206,0.034604736
8700,507.01938,0.0,154.52246,57.35626,0.3409221,0.0,0.99490434,0.034604564
8701,479.09393,0.0,161.77434,57.356247,0.34013003,0.0,0.9686279,0.034604397
8702,476.58652,0.0,127.64804,57.356213,0.32777962,0.0,1.0358683,0.034604233
8703,491.1024,0.0,158.77164,57.35615,0.33859885,0.0,1.0311999,0.03460406
8704,472.39273,0.0,156.06264,57.356102,0.33519995,0.0,0.97514176,0.034603894
8705,530.14014,0.0,151.25453,57.35604,0.3409808,0.0,0.9766821,0.034603726
8706,583.76733,0.0,180.63571,57.356003,0.3387204,0.0,0.98203725,0.034603562
8707,445.35635,0.0,169.7761,57.355927,0.33902493,0.0,0.98174983,0.034603395
8708,433.8696,0.0,159.74371,57.355896,0.34561566,0.0,0.97308755,0.034603227
8709,480.9297,0.0,150.81842,57.355877,0.33193186,0.0,0.9683454,0.034603063
8710,455.75247,0.0,205.33861,57.355865,0.33251518,0.0,0.9641614,0.0346029
8711,505.59796,0.0,195.83986,57.355835,0.339285,0.0,0.9720024,0.034602724
8712,508.48602,0.0,162.26796,57.355804,0.33624938,0.0,0.9692108,0.03460256
8713,452.61588,0.0,191.38322,57.355762,0.33384925,0.0,1.0300066,0.034602392
8714,470.6092,0.0,198.01787,57.35575,0.3360705,0.0,1.0051883,0.034602225
8715,501.66678,0.0,173.32,57.355766,0.33853665,0.0,1.0110326,0.034602065
8716,495.4497,0.0,174.69809,57.355824,0.34318376,0.0,0.9765919,0.0346019
8717,533.82605,0.0,156.18498,57.355865,0.33849475,0.0,0.98324,0.034601737
8718,488.52374,0.0,208.8146,57.355865,0.33604437,0.0,1.0452565,0.034601573
8719,453.60663,0.0,194.34148,57.355824,0.3430798,0.0,0.9735424,0.034601405
8720,477.939,0.0,166.20158,57.355797,0.34265208,0.0,0.9497739,0.034601245
8721,497.68988,0.0,183.85683,57.35581,0.3401476,0.0,0.9675607,0.034601077
8722,531.98975,0.0,180.57555,57.355885,0.33887616,0.0,0.9908268,0.03460091
8723,499.23767,0.0,167.95352,57.356,0.34698325,0.0,0.9993982,0.03460075
8724,492.17575,0.0,154.9853,57.35608,0.34692627,0.0,0.997681,0.034600586
8725,554.4149,0.0,184.00986,57.356113,0.3416296,0.0,1.0238913,0.034600426
8726,487.37103,0.0,167.84366,57.35611,0.33739567,0.0,0.9870626,0.03460026
8727,506.49738,0.0,169.03789,57.356125,0.3294442,0.0,0.97126526,0.034600094
8728,529.456,0.0,217.07744,57.356094,0.3318217,0.0,0.95070875,0.03459993
8729,467.0413,0.0,192.98553,57.35607,0.33377576,0.0,0.972549,0.034599774
8730,480.37354,0.0,161.82863,57.356094,0.33457202,0.0,0.97254485,0.034599606
8731,456.1341,0.0,174.11604,57.356064,0.33499196,0.0,0.9628436,0.034599446
8732,507.76727,0.0,174.77844,57.356064,0.32833824,0.0,0.97852695,0.03459928
8733,502.82883,0.0,198.35834,57.356064,0.33726552,0.0,1.0105677,0.034599125
8734,511.5959,0.0,166.0257,57.35602,0.322162,0.0,0.9326887,0.03459896
8735,486.8949,0.0,177.98325,57.35597,0.34041068,0.0,0.9589366,0.034598798
8736,513.1332,0.0,167.05316,57.35593,0.3311443,0.0,0.9531664,0.034598637
8737,479.62894,0.0,165.47719,57.355938,0.34065977,0.0,0.98985964,0.03459853
8738,471.41492,0.0,158.63191,57.35593,0.31985265,0.0,0.9675345,0.034599327
8739,475.62433,0.0,143.14879,57.35593,0.33150956,0.0,0.9886304,0.03460077
8740,486.401,0.0,150.07971,57.355927,0.32727808,0.0,0.97455126,0.034602653
8741,470.25787,0.0,177.45557,57.355907,0.32547584,0.0,0.97505695,0.034604806
8742,462.02792,0.0,149.60579,57.355938,0.3202507,0.0,1.0170997,0.03460713
8743,457.11295,0.0,175.11955,57.35593,0.33232027,0.0,0.9914083,0.034609523
8744,457.50443,0.0,164.3362,57.35593,0.3273344,0.0,0.9890452,0.034611918
8745,499.85828,0.0,166.81625,57.355988,0.32645765,0.0,0.9582239,0.03461427
8746,474.91672,0.0,178.24364,57.356018,0.33230478,0.0,0.9874961,0.034616534
8747,527.3913,0.0,195.35692,57.35601,0.33365944,0.0,0.97681385,0.034618694
8748,521.29816,0.0,166.14827,57.35605,0.3392056,0.0,0.97295773,0.034620732
8749,473.37564,0.0,158.42645,57.35607,0.34836125,0.0,0.9695451,0.034622636
8750,484.85284,0.0,194.10945,57.356125,0.33261788,0.0,0.9699759,0.034625042
8751,466.33932,0.0,172.88322,57.356174,0.31934682,0.0,0.98148704,0.034627937
8752,497.91202,0.0,180.8505,57.356205,0.3310377,0.0,0.97929764,0.034631137
8753,434.79086,0.0,173.51917,57.356297,0.32522467,0.0,0.97974575,0.034634493
8754,524.0763,0.0,150.0768,57.356327,0.3310704,0.0,0.9640747,0.03463789
8755,504.81815,0.0,159.19379,57.35634,0.32939225,0.0,0.98899037,0.03464126
8756,535.4591,0.0,165.07571,57.356308,0.33724862,0.0,0.9653897,0.03464453
8757,492.9735,0.0,177.48466,57.356194,0.33261386,0.0,0.9627486,0.03464767
8758,471.22946,0.0,154.87563,57.35614,0.33321208,0.0,0.9805589,0.03465065
8759,509.1839,0.0,173.96378,57.356144,0.33876145,0.0,0.9959112,0.03465345
8760,471.51337,0.0,162.40771,57.356174,0.3346788,0.0,1.0075835,0.034656063
8761,499.52368,0.0,137.10287,57.356243,0.32316124,0.0,0.9539613,0.03465849
8762,520.8626,0.0,165.00061,57.356285,0.34283245,0.0,0.9498667,0.034660723
8763,479.45822,0.0,154.7373,57.356308,0.32899374,0.0,0.9723685,0.034662776
8764,537.41595,0.0,163.06999,57.356346,0.3313455,0.0,1.0066106,0.034664653
8765,454.2593,0.0,195.84467,57.356388,0.3301249,0.0,1.0373528,0.034666356
8766,506.85147,0.0,159.18253,57.356453,0.32967108,0.0,0.9758964,0.034667898
8767,542.2396,0.0,182.71762,57.35648,0.33578283,0.0,1.0144253,0.034669295
8768,516.96497,0.0,157.7093,57.3565,0.3474294,0.0,0.97933155,0.03467055
8769,436.63904,0.0,173.8799,57.356483,0.33620176,0.0,1.0447018,0.034671675
8770,433.78452,0.0,155.78294,57.356472,0.33126414,0.0,0.9908423,0.03467296
8771,429.92682,0.0,172.15831,57.35649,0.33441094,0.0,0.92833394,0.034674104
8772,432.66196,0.0,161.82031,57.35652,0.34082878,0.0,0.9650199,0.03467513
8773,481.70233,0.0,163.2155,57.356556,0.3412089,0.0,0.95833117,0.03467604
8774,463.37198,0.0,177.88089,57.356594,0.33950433,0.0,1.0442206,0.03467685
8775,502.91333,0.0,159.57877,57.356617,0.33351675,0.0,0.98541033,0.03467756
8776,469.61386,0.0,175.58429,57.356625,0.34760952,0.0,0.974365,0.03467819
8777,500.29254,0.0,157.66942,57.3566,0.34340253,0.0,0.96184385,0.03467874
8778,456.29886,0.0,191.18173,57.356586,0.3298961,0.0,0.9899909,0.03467922
8779,534.8419,0.0,168.16125,57.356594,0.33202788,0.0,1.0069506,0.03467963
8780,528.03815,0.0,176.80803,57.356594,0.34088925,0.0,0.98034984,0.03467998
8781,519.6974,0.0,158.85037,57.356617,0.33276543,0.0,1.0179293,0.034680277
8782,530.1933,0.0,171.35315,57.356636,0.34849578,0.0,0.99873406,0.034680527
8783,471.42593,0.0,166.63557,57.356644,0.33996817,0.0,1.0129995,0.03468073
8784,477.28357,0.0,177.60204,57.356655,0.33758175,0.0,1.066846,0.03468089
8785,461.69815,0.0,170.01187,57.356667,0.32099366,0.0,0.98357445,0.034681022
8786,479.14563,0.0,170.35919,57.356686,0.3290451,0.0,0.98147595,0.034681115
8787,501.28995,0.0,158.98492,57.35675,0.3429793,0.0,0.98455316,0.034681186
8788,454.20364,0.0,172.48705,57.3568,0.34363678,0.0,1.0283638,0.03468122
8789,462.2066,0.0,167.42062,57.356808,0.33871058,0.0,0.94903463,0.03468124
8790,487.17352,0.0,171.84691,57.356766,0.33727124,0.0,0.98411226,0.03468123
8791,530.1806,0.0,151.02063,57.356678,0.33934546,0.0,0.9855338,0.034681205
8792,487.20422,0.0,154.57649,57.356678,0.32189453,0.0,1.0002991,0.034681167
8793,567.33704,0.0,153.32991,57.356735,0.3247645,0.0,0.9782042,0.034681108
8794,486.2561,0.0,163.34084,57.3568,0.32853028,0.0,0.98876864,0.034681037
8795,530.6776,0.0,165.46355,57.356873,0.32206705,0.0,0.9540778,0.03468095
8796,436.8518,0.0,174.95169,57.356915,0.33460137,0.0,0.979549,0.03468086
8797,522.1639,0.0,169.12495,57.356983,0.3326968,0.0,0.9968468,0.03468075
8798,553.8508,0.0,172.14876,57.357014,0.34998664,0.0,1.0142967,0.03468064
8799,501.23477,0.0,168.06546,57.357037,0.32981193,0.0,0.99539083,0.03468051
8800,483.68985,0.0,161.23398,57.357086,0.3426594,0.0,0.9674374,0.03468038
8801,480.20547,0.0,147.5033,57.357178,0.3406734,0.0,0.9830853,0.034680244
8802,505.4427,0.0,165.9793,57.35726,0.33530384,0.0,0.9569893,0.034680102
8803,471.75943,0.0,170.94847,57.35735,0.3402417,0.0,0.9977648,0.034679957
8804,484.0577,0.0,166.30708,57.357384,0.32797992,0.0,0.96332675,0.034679808
8805,507.03748,0.0,153.98811,57.35741,0.350178,0.0,0.9858079,0.03467965
8806,492.27524,0.0,155.07799,57.357445,0.3431661,0.0,0.99755895,0.034679495
8807,427.7899,0.0,173.62157,57.357464,0.33867148,0.0,0.97846246,0.03467933
8808,451.7076,0.0,135.81778,57.357494,0.32193756,0.0,0.97061855,0.03467916
8809,512.68524,0.0,179.23619,57.357548,0.3357049,0.0,0.9449142,0.034678996
8810,471.33746,0.0,172.62926,57.35763,0.33294725,0.0,0.9602947,0.034678824
8811,557.2261,0.0,154.14626,57.3577,0.3386324,0.0,0.9632005,0.034678657
8812,573.1426,0.0,146.6505,57.35775,0.34219846,0.0,0.98152083,0.03467848
8813,498.7752,0.0,165.65625,57.35784,0.34322828,0.0,0.9818923,0.034677643
8814,500.6986,0.0,171.40889,57.357944,0.32757014,0.0,0.97778916,0.034676954
8815,472.74118,0.0,191.72917,57.358047,0.33097935,0.0,0.97799057,0.034676373
8816,513.353,0.0,148.54616,57.35814,0.3309721,0.0,1.0614469,0.03467589
8817,542.95886,0.0,143.9155,57.35821,0.3380528,0.0,1.0439289,0.034675475
8818,464.58267,0.0,153.9051,57.358284,0.3346106,0.0,0.9874125,0.03467512
8819,449.80005,0.0,150.49564,57.358337,0.33102968,0.0,0.97644514,0.03467481
8820,551.77814,0.0,160.05583,57.358334,0.3368643,0.0,0.9585468,0.034674533
8821,473.77057,0.0,159.2374,57.35832,0.33848515,0.0,0.98299015,0.03467428
8822,464.4507,0.0,165.14717,57.35829,0.34078112,0.0,0.97610575,0.034674056
8823,475.76834,0.0,164.19652,57.358242,0.33332458,0.0,0.9878583,0.034673847
8824,493.81253,0.0,180.88896,57.358215,0.33913985,0.0,0.9785917,0.034673646
8825,498.80585,0.0,169.98854,57.35823,0.33505145,0.0,0.9783661,0.034673456
8826,437.16953,0.0,183.62744,57.358276,0.34607172,0.0,0.97453356,0.03467327
8827,532.61017,0.0,158.6441,57.35835,0.34323958,0.0,0.945396,0.03467309
8828,465.0004,0.0,164.38107,57.358418,0.33671126,0.0,0.99034745,0.034672916
8829,479.57034,0.0,161.9954,57.358437,0.3381212,0.0,0.9392517,0.034672745
8830,489.60422,0.0,170.11072,57.35841,0.33157885,0.0,0.99227345,0.034672573
8831,463.92212,0.0,163.9389,57.358345,0.33950862,0.0,0.97640306,0.0346724
8832,501.35382,0.0,179.7087,57.358345,0.33952785,0.0,0.9722467,0.03467223
8833,468.07538,0.0,149.89235,57.358387,0.3307554,0.0,0.98127544,0.034672063
8834,505.73453,0.0,157.87167,57.358395,0.34235668,0.0,0.9844632,0.034671888
8835,444.23502,0.0,182.75279,57.35841,0.34151572,0.0,1.0202284,0.034671724
8836,435.45465,0.0,183.39731,57.358406,0.33671266,0.0,1.0030078,0.03467155
8837,458.81842,0.0,153.75996,57.358406,0.33975005,0.0,0.9511176,0.03467138
8838,492.71548,0.0,195.619,57.358406,0.32581487,0.0,0.9934203,0.03467121
8839,516.1266,0.0,184.04965,57.35843,0.33887717,0.0,0.9901785,0.034671035
8840,492.50266,0.0,159.1647,57.358425,0.3304219,0.0,0.94386977,0.03467086
8841,467.4822,0.0,179.04182,57.358437,0.33530077,0.0,0.9705409,0.03467069
8842,510.1658,0.0,139.30977,57.358467,0.33801842,0.0,1.0092418,0.034670513
8843,459.25314,0.0,172.48532,57.358498,0.33132738,0.0,0.97272646,0.034670338
8844,517.52954,0.0,164.73242,57.35851,0.33872694,0.0,0.95317596,0.034670163
8845,496.8838,0.0,196.13861,57.35857,0.34446597,0.0,1.0370263,0.034669988
8846,482.09946,0.0,172.96446,57.358635,0.33218145,0.0,0.9774291,0.034669816
8847,449.65378,0.0,154.792,57.358677,0.33533582,0.0,0.9742475,0.034669638
8848,498.28357,0.0,204.51761,57.358704,0.32458848,0.0,0.9640934,0.034669463
8849,483.82928,0.0,176.26501,57.358692,0.34145793,0.0,1.0785413,0.034669284
8850,494.02493,0.0,198.77292,57.358643,0.33865622,0.0,0.9976204,0.034669112
8851,483.0206,0.0,182.2082,57.35858,0.33781546,0.0,1.0184741,0.03466893
8852,480.8302,0.0,180.46295,57.358543,0.3280604,0.0,1.0170015,0.034668755
8853,480.2642,0.0,180.29498,57.358513,0.33713773,0.0,0.96301895,0.034668583
8854,461.38547,0.0,162.86435,57.358513,0.3394364,0.0,0.9512367,0.03466841
8855,507.46097,0.0,181.73274,57.35851,0.3453435,0.0,0.9861235,0.03466823
8856,492.49518,0.0,174.92644,57.35848,0.34070957,0.0,0.97116053,0.034668054
8857,479.41046,0.0,191.97519,57.358467,0.32988465,0.0,0.99835545,0.03466788
8858,528.83435,0.0,172.22214,57.35848,0.3242339,0.0,0.98266476,0.03466871
8859,476.07602,0.0,157.94739,57.358513,0.34079558,0.0,0.99911094,0.03466981
8860,492.68823,0.0,152.8611,57.3586,0.33783206,0.0,0.97257817,0.03467107
8861,469.70395,0.0,186.38069,57.358673,0.3385896,0.0,0.95902187,0.034672428
8862,464.22745,0.0,172.64415,57.358715,0.33199674,0.0,0.9813999,0.03467382
8863,507.00613,0.0,173.23587,57.358727,0.331453,0.0,0.9463795,0.03467522
8864,529.1444,0.0,149.33858,57.358757,0.33887604,0.0,1.030631,0.03467658
8865,542.9999,0.0,157.25957,57.358776,0.34384513,0.0,1.0051416,0.034677897
8866,530.66113,0.0,163.02295,57.358765,0.33234185,0.0,0.97767067,0.034679145
8867,575.1785,0.0,158.78737,57.3588,0.33464646,0.0,0.97675705,0.034680318
8868,479.0208,0.0,153.98256,57.358818,0.33198622,0.0,0.97145057,0.034681413
8869,535.06714,0.0,167.53519,57.358826,0.3300202,0.0,0.9683557,0.03468242
8870,494.3565,0.0,173.48083,57.358826,0.3378669,0.0,0.97820574,0.034683343
8871,464.46332,0.0,153.46321,57.358837,0.3380784,0.0,0.98134387,0.034684192
8872,557.2384,0.0,148.50253,57.35887,0.3394945,0.0,1.0348693,0.034684964
8873,503.03082,0.0,180.08086,57.35892,0.32955584,0.0,0.9906457,0.034685653
8874,476.77948,0.0,152.92126,57.35896,0.32984394,0.0,0.96419954,0.03468627
8875,507.85043,0.0,155.60416,57.358963,0.33674076,0.0,0.9874236,0.03468682
8876,495.2074,0.0,169.51392,57.35897,0.32569683,0.0,1.0090648,0.03468731
8877,470.16458,0.0,176.33054,57.359,0.33230916,0.0,0.9918054,0.03468774
8878,493.15823,0.0,161.06174,57.359085,0.3317368,0.0,0.94715273,0.03468811
8879,478.50705,0.0,176.86662,57.359146,0.33119628,0.0,1.0058476,0.034688443
8880,449.55875,0.0,169.0017,57.359245,0.34474242,0.0,0.9949076,0.03468872
8881,461.38055,0.0,173.90625,57.35934,0.33043256,0.0,0.9624249,0.034688957
8882,511.4094,0.0,171.57178,57.359383,0.34853947,0.0,1.0131335,0.034686714
8883,436.02585,0.0,160.59962,57.359413,0.33971798,0.0,0.9876037,0.034685146
8884,520.3457,0.0,179.58089,57.359432,0.33277422,0.0,0.9778945,0.03468411
8885,558.4904,0.0,187.85933,57.359505,0.34424147,0.0,0.9930725,0.034683477
8886,482.0097,0.0,196.273,57.359585,0.33095986,0.0,0.9855845,0.034683153
8887,522.14667,0.0,145.5405,57.359596,0.33447522,0.0,0.9912562,0.03468305
8888,457.17654,0.0,190.33589,57.359634,0.3370162,0.0,0.9795263,0.034683112
8889,484.8407,0.0,163.46364,57.35968,0.3240022,0.0,0.9597021,0.03468329
8890,494.3199,0.0,162.5833,57.359707,0.33263215,0.0,0.9810781,0.034683544
8891,537.1922,0.0,140.88226,57.35973,0.3281049,0.0,1.001632,0.034683835
8892,512.8739,0.0,165.95796,57.35973,0.3384791,0.0,0.9588642,0.03468416
8893,534.50854,0.0,156.43108,57.35972,0.34099457,0.0,0.9915816,0.034684487
8894,440.2147,0.0,162.50792,57.3597,0.34514326,0.0,0.987991,0.034684815
8895,465.41608,0.0,156.77682,57.359695,0.3413803,0.0,0.94432694,0.03468513
8896,490.695,0.0,159.41138,57.35968,0.32410815,0.0,0.9584633,0.03468543
8897,474.01038,0.0,168.6299,57.35968,0.33203512,0.0,0.9937022,0.0346857
8898,573.9422,0.0,182.27226,57.35967,0.33544242,0.0,1.0294352,0.03468595
8899,517.8746,0.0,189.31891,57.35965,0.33297426,0.0,0.9748872,0.03468617
8900,525.412,0.0,164.85443,57.35959,0.3314378,0.0,0.9487067,0.03468636
8901,478.9729,0.0,185.13538,57.359524,0.3404182,0.0,0.9919418,0.03468652
8902,463.99863,0.0,152.26738,57.35948,0.34948948,0.0,0.9841629,0.03468666
8903,464.29477,0.0,173.08057,57.35947,0.33168137,0.0,0.9771881,0.034686774
8904,449.70935,0.0,144.10512,57.359455,0.34884554,0.0,0.97517633,0.034686863
8905,500.02774,0.0,171.79439,57.35947,0.33284968,0.0,1.0348809,0.034686927
8906,512.4129,0.0,184.84285,57.35948,0.33783785,0.0,0.96417886,0.03468697
8907,474.57724,0.0,173.52243,57.35948,0.34557366,0.0,0.99581844,0.034686994
8908,443.1401,0.0,187.13629,57.35948,0.33556926,0.0,0.9848704,0.034686994
8909,495.05865,0.0,170.51956,57.35953,0.34127593,0.0,0.9591662,0.034686986
8910,504.63528,0.0,159.50813,57.359566,0.34811282,0.0,0.99766386,0.034686953
8911,473.46823,0.0,163.40176,57.359585,0.3351504,0.0,0.9663189,0.034686908
8912,508.1045,0.0,175.82458,57.359566,0.33902568,0.0,1.0042621,0.034686852
8913,503.73422,0.0,179.69043,57.359535,0.33345863,0.0,0.96937686,0.03468678
8914,523.84644,0.0,197.04546,57.359493,0.33309478,0.0,1.0024874,0.034686703
8915,461.93158,0.0,192.65242,57.35947,0.33116564,0.0,0.96188825,0.034686614
8916,470.09732,0.0,174.06259,57.359474,0.3351305,0.0,0.96351486,0.03468651
8917,524.10474,0.0,145.98305,57.359524,0.34295827,0.0,0.9800017,0.0346864
8918,552.98346,0.0,184.34662,57.359554,0.34025186,0.0,0.9582526,0.034686286
8919,475.875,0.0,177.73817,57.359554,0.33537528,0.0,0.98862725,0.03468616
8920,472.3663,0.0,178.51735,57.359543,0.34177864,0.0,0.9887342,0.034686033
8921,499.8634,0.0,169.07487,57.35953,0.34592354,0.0,0.97465324,0.034685902
8922,461.66708,0.0,164.41751,57.359547,0.33210665,0.0,1.0112358,0.03468576
8923,461.43375,0.0,171.30756,57.359577,0.33235678,0.0,0.97523016,0.034685615
8924,413.0831,0.0,174.30035,57.359627,0.3294148,0.0,0.9789983,0.034685474
8925,520.9977,0.0,164.30846,57.35962,0.3376539,0.0,0.963472,0.034685317
8926,515.96106,0.0,163.07373,57.35962,0.33276677,0.0,0.94738835,0.034685165
8927,517.58246,0.0,184.93849,57.359657,0.33714944,0.0,0.97240865,0.03468501
8928,525.3033,0.0,148.2523,57.359676,0.33778763,0.0,0.97035724,0.034684848
8929,504.08966,0.0,156.38779,57.35975,0.33655965,0.0,0.98307633,0.034684688
8930,488.42938,0.0,151.04877,57.359863,0.32765988,0.0,0.9888578,0.034684528
8931,423.6542,0.0,163.71332,57.359974,0.3376145,0.0,1.0481201,0.034684356
8932,403.75116,0.0,191.61311,57.360096,0.3397838,0.0,0.97184587,0.034684192
8933,484.97293,0.0,149.42896,57.36015,0.33877075,0.0,0.95209616,0.03468403
8934,580.81757,0.0,181.2645,57.36017,0.3361226,0.0,1.0108225,0.034683853
8935,592.0913,0.0,175.3518,57.36016,0.3213927,0.0,1.0312152,0.03468369
8936,471.55234,0.0,168.83743,57.360126,0.33544284,0.0,0.9732243,0.034683518
8937,441.20096,0.0,188.77956,57.36013,0.33904895,0.0,0.961137,0.034683343
8938,477.8933,0.0,181.60683,57.3602,0.35377917,0.0,0.95956737,0.03468317
8939,536.47,0.0,174.52069,57.36029,0.34446722,0.0,0.96755105,0.034683
8940,478.7374,0.0,159.95894,57.360344,0.3313175,0.0,0.99527866,0.03468283
8941,521.9448,0.0,163.99698,57.360416,0.33172646,0.0,0.99821854,0.034682654
8942,413.6246,0.0,170.25644,57.360443,0.32805207,0.0,1.0060518,0.034682482
8943,479.29404,0.0,154.68979,57.360477,0.33393064,0.0,0.9683413,0.03468231
8944,460.5311,0.0,162.20032,57.360558,0.3361514,0.0,0.9860814,0.034682136
8945,501.89276,0.0,155.38547,57.36061,0.32428488,0.0,1.0325056,0.03468196
8946,448.8424,0.0,179.86209,57.360653,0.34650153,0.0,0.93430585,0.034681782
8947,443.78845,0.0,159.93895,57.36064,0.3350065,0.0,0.9999861,0.03468161
8948,489.07666,0.0,162.19942,57.36059,0.34011057,0.0,1.0101855,0.03468144
8949,491.73682,0.0,156.94086,57.360546,0.32872206,0.0,0.9784472,0.034681264
8950,505.07275,0.0,140.66466,57.36053,0.32306793,0.0,0.9766949,0.034681093
8951,491.21582,0.0,165.48482,57.360516,0.33590993,0.0,0.99514055,0.034680918
8952,461.77682,0.0,177.6114,57.36047,0.335472,0.0,0.97026265,0.034680746
8953,477.71503,0.0,158.81003,57.360447,0.34546497,0.0,0.948031,0.03468057
8954,469.91928,0.0,152.62325,57.360424,0.32967559,0.0,0.9594031,0.034680396
8955,509.94763,0.0,164.73177,57.360394,0.34243947,0.0,1.0255387,0.03468022
8956,500.2913,0.0,172.30624,57.360374,0.33992276,0.0,0.97819173,0.03468005
8957,468.7893,0.0,169.44806,57.360386,0.33675608,0.0,0.9931845,0.03467988
8958,481.18723,0.0,174.47289,57.360424,0.34451282,0.0,0.98597664,0.034679707
8959,483.21338,0.0,161.6358,57.360497,0.33674586,0.0,0.9755628,0.034679532
8960,453.37457,0.0,153.07419,57.360546,0.3424156,0.0,0.98123217,0.034679364
8961,539.6776,0.0,192.8883,57.36056,0.3314328,0.0,0.9710707,0.034679193
8962,527.5,0.0,160.421,57.36056,0.33197656,0.0,0.9877858,0.034679018
8963,476.75885,0.0,155.70482,57.36059,0.3318425,0.0,0.98201865,0.03467885
8964,523.63025,0.0,190.23167,57.36062,0.33606598,0.0,0.9975188,0.034678675
8965,524.48016,0.0,188.9028,57.360622,0.32692584,0.0,1.0276029,0.034678508
8966,445.6899,0.0,172.23071,57.36061,0.34083477,0.0,0.97555083,0.03467834
8967,497.12296,0.0,185.34177,57.360588,0.33294895,0.0,0.9594878,0.034678165
8968,468.8455,0.0,166.39229,57.360577,0.330059,0.0,1.0006193,0.034678
8969,440.72845,0.0,172.91599,57.36057,0.33909187,0.0,0.97724736,0.03467783
8970,500.27283,0.0,190.67604,57.36058,0.3340847,0.0,1.0316335,0.034677655
8971,449.9231,0.0,162.24841,57.360683,0.32748947,0.0,1.0006553,0.03467749
8972,482.17642,0.0,171.82391,57.360752,0.33402556,0.0,1.0195974,0.034677316
8973,480.4743,0.0,160.93144,57.36077,0.32278058,0.0,0.98416364,0.034677155
8974,454.98978,0.0,183.62271,57.360764,0.33533314,0.0,0.9645765,0.034676988
8975,481.94122,0.0,177.65372,57.360786,0.34200108,0.0,1.0348818,0.034676816
8976,496.999,0.0,169.24376,57.360825,0.33729535,0.0,1.0058751,0.034676652
8977,468.51202,0.0,179.88083,57.360847,0.32825032,0.0,1.0195286,0.03467648
8978,534.94165,0.0,150.80746,57.360874,0.338993,0.0,0.96957016,0.034676313
8979,442.49783,0.0,162.57045,57.360867,0.32797697,0.0,1.0074416,0.03467615
8980,470.83588,0.0,161.04884,57.360844,0.32130498,0.0,0.9827123,0.03467598
8981,449.65918,0.0,149.17172,57.3608,0.337198,0.0,1.000085,0.034675818
8982,436.07153,0.0,170.41988,57.360783,0.33103827,0.0,0.96197623,0.03467565
8983,423.00348,0.0,184.82591,57.360775,0.3221849,0.0,0.96742195,0.034675483
8984,509.76523,0.0,180.22102,57.360836,0.33236992,0.0,1.0056803,0.03467532
8985,492.64017,0.0,151.83917,57.360867,0.34515074,0.0,0.9739178,0.03467515
8986,414.95825,0.0,162.57175,57.36091,0.34263393,0.0,0.9483701,0.03467499
8987,489.23892,0.0,151.60846,57.36097,0.34444875,0.0,0.9549736,0.034674823
8988,496.26202,0.0,187.9516,57.36101,0.33062777,0.0,0.9585394,0.034674656
8989,490.13312,0.0,185.83244,57.361053,0.34068546,0.0,1.0040481,0.034674495
8990,532.15137,0.0,164.89574,57.36108,0.3441838,0.0,0.96019834,0.03467433
8991,531.6719,0.0,156.70435,57.36107,0.3326724,0.0,0.9734609,0.03467417
8992,496.36322,0.0,142.06674,57.361053,0.32626846,0.0,0.9878024,0.034674007
8993,473.97177,0.0,198.67838,57.36108,0.32851556,0.0,0.96253544,0.034673836
8994,461.01248,0.0,177.45802,57.3611,0.33926886,0.0,0.96714425,0.034673676
8995,475.1771,0.0,168.27597,57.3611,0.3359475,0.0,0.94790965,0.034673512
8996,490.83893,0.0,179.84677,57.361084,0.3266756,0.0,0.97019243,0.03467335
8997,541.1427,0.0,150.69232,57.361084,0.34652552,0.0,0.9631439,0.03467319
8998,517.1904,0.0,144.2497,57.361122,0.34233484,0.0,0.98995245,0.034673028
8999,498.6618,0.0,170.7077,57.36116,0.32649288,0.0,0.97358525,0.034672868
9000,425.06137,0.0,165.54,57.361195,0.33400014,0.0,0.9940581,0.034672707
9001,467.59448,0.0,174.66995,57.361244,0.3451065,0.0,0.97659886,0.034672543
9002,452.82935,0.0,156.49008,57.361225,0.329178,0.0,0.94662833,0.034672383
9003,478.6963,0.0,168.23117,57.361214,0.3455047,0.0,0.9705467,0.03467222
9004,467.51382,0.0,161.35497,57.361176,0.3424062,0.0,0.9644827,0.034672063
9005,491.42407,0.0,176.51836,57.36113,0.3364609,0.0,0.97357535,0.0346719
9006,504.2157,0.0,153.02243,57.36106,0.3405674,0.0,0.9819309,0.03467174
9007,437.52036,0.0,158.8344,57.361042,0.33493218,0.0,1.010308,0.03467158
9008,497.36917,0.0,171.52191,57.3611,0.3333459,0.0,0.9707039,0.03467142
9009,472.18848,0.0,137.41518,57.361176,0.33769745,0.0,0.97216123,0.034671262
9010,501.63055,0.0,162.16539,57.36128,0.3389581,0.0,0.97812563,0.0346711
9011,446.05276,0.0,178.0659,57.36131,0.3415703,0.0,0.9721148,0.034670945
9012,531.8323,0.0,173.85573,57.361286,0.3235085,0.0,0.9793199,0.034670785
9013,463.45685,0.0,177.63202,57.361244,0.34009486,0.0,1.0019103,0.034670625
9014,494.10254,0.0,167.25558,57.361214,0.3398424,0.0,0.97020453,0.034670465
9015,447.89816,0.0,155.6068,57.361225,0.34386662,0.0,1.0006807,0.03467031
9016,474.26294,0.0,159.07614,57.36128,0.33866414,0.0,0.95315284,0.034670148
9017,495.4177,0.0,162.88477,57.361336,0.34550264,0.0,0.9790526,0.03466999
9018,468.82465,0.0,162.73083,57.36137,0.33629397,0.0,0.97751045,0.03466983
9019,457.32193,0.0,147.21474,57.361427,0.33758056,0.0,0.98242927,0.03466968
9020,479.78348,0.0,181.62936,57.36148,0.33931372,0.0,0.97127736,0.034670133
9021,464.13675,0.0,153.18687,57.36146,0.3544642,0.0,0.96532375,0.034670874
9022,519.15405,0.0,167.56667,57.36146,0.3376424,0.0,0.95832556,0.034671813
9023,468.8291,0.0,209.15257,57.36146,0.33401844,0.0,1.0248011,0.03467287
9024,504.5236,0.0,145.89053,57.36152,0.33977845,0.0,0.9954352,0.034673993
9025,538.53467,0.0,171.97078,57.361523,0.33397198,0.0,0.9358188,0.034675136
9026,405.83505,0.0,170.63525,57.36153,0.3291216,0.0,0.97016424,0.034676276
9027,528.6618,0.0,153.446,57.361546,0.3298949,0.0,0.99306947,0.03467739
9028,469.95602,0.0,156.12828,57.361595,0.3371853,0.0,0.9873137,0.034678455
9029,466.53455,0.0,170.21124,57.361652,0.3282822,0.0,0.9503976,0.034679223
9030,461.75272,0.0,178.39413,57.3617,0.33210412,0.0,0.96019465,0.03467997
9031,496.7619,0.0,175.89856,57.36174,0.33253533,0.0,0.9783462,0.034680612
9032,449.3184,0.0,174.2616,57.36176,0.34098175,0.0,0.9547086,0.034681223
9033,489.3906,0.0,179.73334,57.361736,0.34450874,0.0,0.98310137,0.0346818
9034,537.4825,0.0,148.59732,57.361748,0.33888528,0.0,0.97131777,0.034682333
9035,510.87686,0.0,148.9128,57.361755,0.33476287,0.0,1.0559782,0.034682825
9036,447.14822,0.0,184.6986,57.3618,0.32655278,0.0,0.9862896,0.03468327
9037,499.53625,0.0,169.74007,57.3618,0.33038005,0.0,0.9540716,0.034683663
9038,457.03958,0.0,157.96953,57.36184,0.34684172,0.0,1.0022614,0.03468402
9039,544.0599,0.0,169.91891,57.36188,0.34321448,0.0,0.9649711,0.034684338
9040,473.29425,0.0,171.61983,57.361923,0.34471872,0.0,0.9814047,0.03468515
9041,444.29477,0.0,170.47693,57.36191,0.32347196,0.0,0.99421984,0.03468636
9042,456.05356,0.0,171.32649,57.36189,0.33638775,0.0,0.9954361,0.03468783
9043,474.46066,0.0,153.8314,57.361847,0.340162,0.0,0.9975696,0.034689452
9044,480.57654,0.0,166.35365,57.36179,0.33373752,0.0,0.96418446,0.03469116
9045,505.6647,0.0,169.82845,57.36174,0.33438262,0.0,1.0445725,0.03469289
9046,474.3035,0.0,170.7897,57.361736,0.34186813,0.0,0.97465855,0.034694385
9047,555.2942,0.0,189.10803,57.36171,0.34623888,0.0,0.96088356,0.034695856
9048,494.5861,0.0,159.7523,57.361687,0.33486512,0.0,0.97942287,0.034697287
9049,447.68274,0.0,159.87558,57.361683,0.33070782,0.0,0.9750502,0.034698658
9050,458.70032,0.0,165.54294,57.361668,0.3404051,0.0,1.0032582,0.03469995
9051,533.0875,0.0,177.63937,57.361687,0.34696147,0.0,0.9868357,0.03470116
9052,517.45966,0.0,163.81912,57.36173,0.3298184,0.0,0.97700477,0.03470228
9053,496.57596,0.0,186.82309,57.36177,0.33631667,0.0,1.0133016,0.034703318
9054,445.1201,0.0,165.23538,57.36179,0.34743792,0.0,0.9859397,0.03470426
9055,441.6453,0.0,145.40892,57.36177,0.33740228,0.0,0.9642443,0.034705125
9056,470.29385,0.0,179.82727,57.36177,0.3415021,0.0,0.99189705,0.034705903
9057,465.8918,0.0,187.73233,57.361725,0.33625072,0.0,1.0264437,0.034706604
9058,466.57803,0.0,154.56625,57.3617,0.3434672,0.0,0.9788138,0.03470723
9059,480.34183,0.0,188.06665,57.36171,0.3370413,0.0,0.9907275,0.034707718
9060,543.82214,0.0,146.86095,57.361755,0.34576243,0.0,0.9577048,0.034708146
9061,471.58093,0.0,168.97635,57.3618,0.34514928,0.0,0.9707532,0.03470854
9062,472.13272,0.0,189.10036,57.361874,0.32603317,0.0,0.9633574,0.034709353
9063,462.72247,0.0,196.58543,57.36193,0.33409977,0.0,0.97073036,0.034710158
9064,446.52393,0.0,157.77214,57.361973,0.33501402,0.0,0.9555163,0.03471094
9065,457.46823,0.0,128.08803,57.361996,0.32699868,0.0,0.9494283,0.034711685
9066,432.0955,0.0,191.88426,57.361996,0.33893237,0.0,0.9814443,0.034712385
9067,457.75247,0.0,184.2299,57.361984,0.33529046,0.0,0.98114955,0.034713034
9068,432.7229,0.0,171.75601,57.36201,0.327212,0.0,0.9915958,0.03471363
9069,465.84808,0.0,178.62994,57.362034,0.3338302,0.0,1.0334938,0.034714174
9070,501.2065,0.0,176.48898,57.36201,0.3263869,0.0,1.001369,0.034714665
9071,425.25742,0.0,156.64224,57.361984,0.3341111,0.0,0.98773754,0.034715105
9072,484.101,0.0,178.05486,57.361935,0.33519915,0.0,1.0005233,0.034715492
9073,497.4833,0.0,188.31705,57.361904,0.33422583,0.0,0.9972825,0.034715835
9074,507.4132,0.0,147.8202,57.361893,0.34234464,0.0,0.9624822,0.034716137
9075,453.86035,0.0,210.77284,57.36191,0.34061,0.0,0.9728152,0.034716394
9076,412.4826,0.0,180.29803,57.36193,0.33302525,0.0,0.96773386,0.03471661
9077,435.9573,0.0,154.95721,57.361954,0.33419064,0.0,1.0024188,0.034716792
9078,495.9209,0.0,159.63918,57.36196,0.32889137,0.0,0.99096906,0.03471694
9079,518.49286,0.0,189.62955,57.361984,0.3293374,0.0,1.0061259,0.034717057
9080,491.3564,0.0,193.03053,57.36207,0.331351,0.0,1.0019163,0.034717146
9081,497.21317,0.0,158.9585,57.36221,0.33473083,0.0,0.96321625,0.034717213
9082,495.27966,0.0,176.57515,57.362324,0.33846644,0.0,0.9925691,0.034717254
9083,463.31848,0.0,165.4972,57.3624,0.3312618,0.0,0.974241,0.034717273
9084,516.54126,0.0,168.04799,57.362507,0.3324311,0.0,0.9811653,0.03471727
9085,482.76587,0.0,173.36624,57.36259,0.34050655,0.0,1.0108665,0.03471725
9086,509.4564,0.0,175.57018,57.362617,0.33818844,0.0,0.9817866,0.034717217
9087,517.4003,0.0,160.30727,57.36264,0.32686925,0.0,1.0198547,0.03471717
9088,502.73285,0.0,175.9181,57.362648,0.33743995,0.0,1.0031769,0.034717105
9089,476.64633,0.0,153.33441,57.36266,0.32526135,0.0,1.0022975,0.03471703
9090,452.664,0.0,179.47675,57.36267,0.34032494,0.0,0.9937454,0.034716945
9091,450.2494,0.0,186.85185,57.362637,0.33369878,0.0,0.96173745,0.034716852
9092,536.28754,0.0,187.03792,57.3626,0.33183792,0.0,0.9639306,0.034716748
9093,478.86478,0.0,185.05505,57.36258,0.32718617,0.0,0.9967032,0.034716636
9094,516.33624,0.0,154.0609,57.362587,0.33024076,0.0,0.98506355,0.034716517
9095,551.152,0.0,162.34479,57.3626,0.3382013,0.0,1.0041155,0.034716394
9096,469.00208,0.0,201.3276,57.362587,0.3282741,0.0,0.985657,0.034716263
9097,487.45834,0.0,161.79472,57.362576,0.3407369,0.0,0.98504436,0.03471613
9098,542.31854,0.0,177.23785,57.362564,0.34013665,0.0,0.9609623,0.034715988
9099,447.2781,0.0,207.57309,57.362556,0.3310187,0.0,1.0065366,0.034715846
9100,614.66797,0.0,173.07129,57.362564,0.32769915,0.0,0.97335356,0.034715697
9101,514.159,0.0,178.33727,57.36255,0.33723342,0.0,0.982666,0.034715544
9102,484.84296,0.0,165.13333,57.362526,0.34111795,0.0,0.9414582,0.03471539
9103,500.28452,0.0,165.03477,57.362484,0.3439678,0.0,0.99267805,0.034715243
9104,477.1031,0.0,176.25984,57.362476,0.33884206,0.0,0.95693016,0.034715082
9105,524.2705,0.0,156.93776,57.362503,0.32523832,0.0,0.9963039,0.034714922
9106,459.25208,0.0,167.34502,57.36252,0.32226804,0.0,0.9829712,0.03471476
9107,478.4686,0.0,173.39577,57.36258,0.33487347,0.0,0.989719,0.0347146
9108,462.70773,0.0,175.2116,57.362617,0.34350187,0.0,0.95972264,0.03471451
9109,538.31085,0.0,175.7665,57.36265,0.33344206,0.0,0.9990046,0.034714423
9110,506.15988,0.0,173.29385,57.36273,0.32357147,0.0,1.0135305,0.03471435
9111,514.64197,0.0,164.6495,57.36275,0.32622394,0.0,0.99600846,0.034714278
9112,555.2971,0.0,171.10411,57.36276,0.3302262,0.0,0.9489755,0.034714207
9113,487.81665,0.0,183.81822,57.362785,0.3345635,0.0,0.92371076,0.034714133
9114,490.57596,0.0,189.98703,57.36278,0.34081808,0.0,0.9864531,0.03471406
9115,467.06427,0.0,163.45052,57.362785,0.34160817,0.0,0.9815014,0.03471398
9116,467.37207,0.0,160.94682,57.362793,0.3307494,0.0,0.95247114,0.03471389
9117,483.67868,0.0,164.71024,57.362762,0.33028826,0.0,0.9873891,0.034713797
9118,591.90533,0.0,174.15904,57.362732,0.34998643,0.0,0.9640715,0.034713704
9119,508.70026,0.0,171.12268,57.36271,0.34799677,0.0,0.9808698,0.0347136
9120,487.0351,0.0,177.21361,57.36273,0.3483771,0.0,0.97691166,0.03471349
9121,500.0137,0.0,160.34886,57.36273,0.33254668,0.0,0.9508325,0.03471338
9122,460.90018,0.0,158.82936,57.36274,0.32723987,0.0,0.96218514,0.034713265
9123,520.1724,0.0,163.41165,57.362785,0.3310853,0.0,0.9868707,0.03471315
9124,529.22577,0.0,168.70694,57.362843,0.32475135,0.0,0.9692852,0.034713022
9125,496.84366,0.0,174.5347,57.362885,0.33208844,0.0,0.95144206,0.0347129
9126,426.76614,0.0,180.11833,57.362904,0.3331156,0.0,1.0046288,0.034712773
9127,562.8919,0.0,186.789,57.362934,0.32604194,0.0,1.0022559,0.034712646
9128,492.37656,0.0,179.26495,57.362965,0.3352866,0.0,0.98220915,0.034712516
9129,527.39575,0.0,166.51918,57.362965,0.33102104,0.0,0.99791753,0.03471238
9130,495.39252,0.0,159.82124,57.363,0.3274019,0.0,0.98688227,0.034712236
9131,478.11194,0.0,154.64255,57.363037,0.3359887,0.0,0.9742831,0.034712102
9132,458.88345,0.0,163.58115,57.363056,0.3416263,0.0,1.0092884,0.034711957
9133,433.13562,0.0,171.66826,57.363068,0.3294105,0.0,0.99056715,0.034711808
9134,475.05734,0.0,156.17526,57.363087,0.34185433,0.0,0.98421365,0.034711663
9135,488.71158,0.0,151.68964,57.363087,0.32945466,0.0,0.96978986,0.03471151
9136,500.1347,0.0,163.35875,57.36309,0.33396956,0.0,0.96480495,0.034711357
9137,498.54327,0.0,170.07301,57.36311,0.33843508,0.0,0.9726924,0.03471121
9138,479.86368,0.0,184.32384,57.363117,0.3312441,0.0,1.0046546,0.034711055
9139,524.14246,0.0,171.74521,57.36309,0.33298725,0.0,0.9678614,0.034710903
9140,537.2494,0.0,184.30287,57.363018,0.3413456,0.0,0.98386675,0.034710743
9141,555.33594,0.0,139.51776,57.362926,0.33150253,0.0,0.9658939,0.034710586
9142,558.6153,0.0,179.60446,57.362774,0.33090678,0.0,0.9430901,0.03471043
9143,521.30286,0.0,185.36308,57.36264,0.3464369,0.0,0.9677972,0.03471027
9144,490.40674,0.0,155.73085,57.3626,0.32214978,0.0,0.96082306,0.034710113
9145,498.11526,0.0,191.60326,57.362537,0.33205134,0.0,0.9832757,0.034709953
9146,526.19434,0.0,217.77493,57.362534,0.3351308,0.0,0.9519287,0.034709793
9147,493.7113,0.0,144.75522,57.362514,0.34167615,0.0,0.98569715,0.034709636
9148,499.06412,0.0,144.14255,57.362514,0.33080757,0.0,0.9805103,0.034709472
9149,443.4827,0.0,164.596,57.362507,0.32995906,0.0,0.9797779,0.034709316
9150,450.11816,0.0,153.04253,57.362488,0.33616656,0.0,0.972146,0.034709156
9151,537.4485,0.0,172.25919,57.362488,0.33507958,0.0,0.97256225,0.034708995
9152,514.4803,0.0,150.20114,57.362476,0.33399087,0.0,0.96405345,0.034708835
9153,524.40625,0.0,145.74966,57.362484,0.34247404,0.0,1.001931,0.034708675
9154,512.89404,0.0,154.28561,57.362434,0.33578733,0.0,0.97619134,0.034708515
9155,478.1989,0.0,177.19069,57.362373,0.34155998,0.0,0.97973406,0.034708254
9156,504.11066,0.0,185.04271,57.362343,0.33678368,0.0,0.9741562,0.03470806
9157,512.97736,0.0,165.08325,57.362312,0.33415833,0.0,0.9901291,0.03470792
9158,438.9674,0.0,191.12486,57.362293,0.3355915,0.0,0.9809254,0.034707814
9159,433.3661,0.0,185.00685,57.362293,0.3292196,0.0,0.9811915,0.034707732
9160,464.96118,0.0,184.23749,57.362278,0.33729947,0.0,1.0007868,0.03470767
9161,437.7578,0.0,160.10722,57.36228,0.3342743,0.0,1.0030897,0.034707613
9162,515.55493,0.0,159.40176,57.36229,0.33610815,0.0,1.0004048,0.03470757
9163,478.178,0.0,159.75078,57.362293,0.34018245,0.0,0.9787983,0.034707528
9164,459.96048,0.0,232.25581,57.362362,0.32974628,0.0,0.9723062,0.03470748
9165,523.244,0.0,162.8073,57.362453,0.3366467,0.0,0.98800623,0.034707434
9166,586.6379,0.0,162.67319,57.362526,0.33918214,0.0,0.9814065,0.03470738
9167,459.78137,0.0,155.44572,57.362564,0.33138192,0.0,0.97477454,0.034707326
9168,481.3953,0.0,167.81836,57.362564,0.34277824,0.0,0.978738,0.034707263
9169,505.21545,0.0,164.78766,57.362576,0.34137344,0.0,0.9875044,0.034707196
9170,525.79694,0.0,166.49553,57.362576,0.3419954,0.0,0.9895958,0.03470712
9171,487.5466,0.0,154.95563,57.36258,0.32965842,0.0,0.98993164,0.03470704
9172,496.11542,0.0,153.71655,57.362568,0.33393458,0.0,1.0019293,0.034707427
9173,511.1334,0.0,172.22308,57.362545,0.33239684,0.0,0.9944677,0.03470787
9174,456.6008,0.0,158.25667,57.362526,0.332132,0.0,0.9661593,0.034708336
9175,441.47797,0.0,139.05566,57.36252,0.3278877,0.0,0.97996724,0.034708817
9176,473.41138,0.0,165.77509,57.362507,0.3304286,0.0,1.0018867,0.03470929
9177,445.26877,0.0,183.38991,57.36252,0.3397125,0.0,0.9807083,0.034709744
9178,499.6933,0.0,169.38327,57.362545,0.32392105,0.0,1.0066024,0.034710176
9179,455.5697,0.0,178.93594,57.36255,0.34027487,0.0,0.9738092,0.03471058
9180,532.75494,0.0,155.8399,57.362526,0.3326202,0.0,0.99491364,0.034710955
9181,471.9876,0.0,166.87242,57.362507,0.3243558,0.0,0.9684204,0.034711827
9182,468.40515,0.0,178.0376,57.362495,0.32430696,0.0,1.0238993,0.03471264
9183,431.67517,0.0,168.98177,57.362534,0.33296672,0.0,0.98891497,0.034713395
9184,464.50223,0.0,182.12457,57.362556,0.33012712,0.0,1.0115985,0.03471408
9185,477.02603,0.0,167.0927,57.362564,0.33191612,0.0,0.97323024,0.03471471
9186,494.03323,0.0,147.47968,57.362568,0.32478544,0.0,0.945547,0.034715284
9187,544.5166,0.0,178.64752,57.36258,0.33246166,0.0,0.983469,0.034715794
9188,502.90018,0.0,169.8208,57.362526,0.32883123,0.0,0.96296173,0.034716252
9189,502.11584,0.0,188.60916,57.362503,0.35001662,0.0,0.97097296,0.03471665
9190,463.78098,0.0,171.09799,57.362534,0.3398308,0.0,0.98321533,0.034717016
9191,465.48096,0.0,168.16335,57.36255,0.32629272,0.0,0.9707664,0.034717325
9192,432.75854,0.0,174.61255,57.362564,0.3315066,0.0,1.0077335,0.034717593
9193,473.44214,0.0,163.15703,57.362587,0.32851675,0.0,1.0160278,0.034717824
9194,498.55887,0.0,155.87251,57.36263,0.33848932,0.0,0.9662837,0.03471802
9195,490.55753,0.0,180.5497,57.36272,0.3422079,0.0,0.977221,0.034718186
9196,458.36954,0.0,181.28874,57.362846,0.3386021,0.0,0.9793448,0.034718316
9197,501.37506,0.0,165.84213,57.362965,0.33220997,0.0,0.9934387,0.034718428
9198,500.44217,0.0,150.49304,57.36308,0.33843943,0.0,1.0013514,0.034718502
9199,525.62366,0.0,181.22002,57.363182,0.33943996,0.0,1.0356643,0.03471856
9200,503.41882,0.0,177.47575,57.36322,0.33088744,0.0,0.9527696,0.03471859
9201,435.6181,0.0,153.74289,57.36322,0.32155973,0.0,0.9853668,0.034718614
9202,472.57336,0.0,152.33191,57.36323,0.3413532,0.0,0.9652344,0.03471861
9203,520.08246,0.0,171.03519,57.3632,0.32869217,0.0,0.9719135,0.03471859
9204,460.1077,0.0,163.30098,57.363174,0.33474296,0.0,1.0162814,0.034718566
9205,497.41537,0.0,157.6248,57.363132,0.34994265,0.0,0.9800397,0.03471852
9206,436.0003,0.0,185.36794,57.363144,0.33737376,0.0,0.956243,0.034718473
9207,481.48203,0.0,160.24904,57.363163,0.33694687,0.0,0.94311726,0.03471841
9208,441.86734,0.0,150.44678,57.36313,0.32666734,0.0,0.9989459,0.034718335
9209,502.99957,0.0,172.45003,57.36314,0.33916143,0.0,0.9630094,0.034718253
9210,484.94952,0.0,151.84587,57.363174,0.33715,0.0,1.0021198,0.034718163
9211,549.14996,0.0,169.41289,57.363194,0.3395925,0.0,1.0063446,0.034717824
9212,449.87527,0.0,159.75235,57.36325,0.33942536,0.0,1.0268017,0.034717537
9213,506.13837,0.0,154.93694,57.363308,0.33388296,0.0,0.9961647,0.0347173
9214,454.82562,0.0,152.91138,57.363384,0.32326984,0.0,0.9977108,0.034717493
9215,457.9294,0.0,200.09421,57.36345,0.33975208,0.0,0.96103555,0.034718
9216,481.64557,0.0,146.68819,57.36351,0.33444855,0.0,1.0259525,0.034718737
9217,528.1046,0.0,170.06566,57.36356,0.33335996,0.0,0.9639374,0.03471961
9218,500.64468,0.0,165.06224,57.36358,0.33148792,0.0,1.0018052,0.034720562
9219,472.9618,0.0,193.0866,57.363594,0.3333381,0.0,0.96390444,0.034721557
9220,457.59805,0.0,179.99518,57.363667,0.3426599,0.0,0.9806108,0.034722563
9221,489.02484,0.0,162.22351,57.363747,0.33789575,0.0,0.99290913,0.034723543
9222,499.89328,0.0,187.85355,57.36384,0.3371982,0.0,0.9932676,0.034724493
9223,444.04877,0.0,161.92717,57.36391,0.33482003,0.0,0.95737076,0.034725394
9224,452.61966,0.0,177.69011,57.36398,0.33464694,0.0,1.0347883,0.034726247
9225,554.6978,0.0,157.1138,57.364056,0.32739842,0.0,0.98079455,0.034727037
9226,468.96432,0.0,167.6326,57.36405,0.3364029,0.0,0.96124405,0.034727756
9227,525.6844,0.0,156.13565,57.36401,0.3333465,0.0,0.99936384,0.03472842
9228,421.04343,0.0,170.48631,57.363953,0.34150213,0.0,1.0126886,0.03472902
9229,474.1323,0.0,172.53539,57.36394,0.32292444,0.0,1.0227252,0.034729566
9230,470.40915,0.0,150.24864,57.36396,0.33710733,0.0,0.9816273,0.034730054
9231,513.90234,0.0,161.5947,57.364014,0.33615682,0.0,0.9802742,0.03473048
9232,496.23187,0.0,167.81276,57.36407,0.33775905,0.0,0.95691746,0.034730863
9233,492.88562,0.0,183.99043,57.364056,0.33865592,0.0,0.99576235,0.034731187
9234,538.4527,0.0,161.03506,57.364014,0.33006993,0.0,0.97715276,0.034731474
9235,478.4511,0.0,166.15604,57.364025,0.32430142,0.0,1.0051941,0.034731716
9236,507.04407,0.0,152.61195,57.364033,0.32289338,0.0,0.97872406,0.034731925
9237,474.49384,0.0,158.86607,57.364075,0.3399763,0.0,1.0374001,0.034732092
9238,472.71515,0.0,182.93799,57.364132,0.3427453,0.0,0.98190534,0.03473223
9239,521.0737,0.0,157.06342,57.364124,0.32548952,0.0,1.0049531,0.034732334
9240,468.55875,0.0,159.8983,57.364155,0.33176625,0.0,0.9683314,0.034732416
9241,460.5852,0.0,185.24779,57.364155,0.33100432,0.0,0.9838965,0.034732472
9242,457.17813,0.0,191.97635,57.364155,0.33358374,0.0,0.9931506,0.03473251
9243,556.5083,0.0,155.96411,57.364193,0.34577683,0.0,1.0233767,0.034732435
9244,471.1586,0.0,162.96918,57.364277,0.3294392,0.0,0.9779248,0.034732353
9245,537.74506,0.0,179.67197,57.36433,0.32535255,0.0,0.99504244,0.034732264
9246,494.82147,0.0,161.35551,57.364338,0.3309999,0.0,0.95499915,0.03473217
9247,493.83725,0.0,165.86168,57.364357,0.34228554,0.0,0.9604239,0.034732066
9248,480.37814,0.0,171.66656,57.36443,0.33832034,0.0,0.9569517,0.034731954
9249,477.2545,0.0,158.29031,57.364494,0.34168395,0.0,0.9703683,0.034731843
9250,487.53464,0.0,183.18118,57.364574,0.34045127,0.0,0.9766132,0.03473172
9251,439.60117,0.0,171.08934,57.364624,0.33879104,0.0,0.9746648,0.03473159
9252,459.51382,0.0,141.83458,57.364677,0.33924,0.0,0.9599118,0.034731444
9253,536.185,0.0,175.52307,57.364716,0.33546048,0.0,0.97594845,0.034731302
9254,501.69962,0.0,164.44939,57.364758,0.34034047,0.0,0.9685795,0.034731157
9255,492.5142,0.0,166.08774,57.36481,0.33636913,0.0,1.0128527,0.03473101
9256,478.0786,0.0,145.61272,57.364773,0.34794235,0.0,0.9962645,0.03473086
9257,515.64716,0.0,170.554,57.364742,0.34610072,0.0,0.9795301,0.03473071
9258,516.9727,0.0,161.52222,57.36473,0.34267387,0.0,0.98213565,0.03473056
9259,496.29462,0.0,144.92566,57.364742,0.33329043,0.0,0.96732193,0.034730412
9260,457.8214,0.0,141.50003,57.3647,0.3309201,0.0,1.0158855,0.03473026
9261,517.44305,0.0,173.23587,57.364635,0.32164362,0.0,0.9658873,0.03473011
9262,529.8916,0.0,154.30318,57.364563,0.33106402,0.0,1.0189968,0.034729954
9263,477.7136,0.0,191.4442,57.364494,0.33440754,0.0,0.97002846,0.034729794
9264,499.4533,0.0,142.38184,57.36441,0.33655086,0.0,0.9889446,0.034729637
9265,467.53125,0.0,163.39177,57.364357,0.33462694,0.0,0.9778806,0.03472948
9266,494.36325,0.0,166.79823,57.36429,0.34215456,0.0,0.95752907,0.034729317
9267,446.1727,0.0,181.05728,57.364204,0.32768464,0.0,1.0197297,0.034729164
9268,453.0602,0.0,159.83911,57.364105,0.342205,0.0,0.96672183,0.034728996
9269,554.7199,0.0,208.24925,57.364033,0.33148777,0.0,0.98465616,0.03472884
9270,511.5481,0.0,167.93657,57.36404,0.336038,0.0,1.0177615,0.034728672
9271,446.6278,0.0,145.15211,57.364082,0.3215799,0.0,0.9937542,0.034728512
9272,506.2307,0.0,165.01697,57.364132,0.3426205,0.0,0.9961053,0.034728352
9273,509.8036,0.0,164.3013,57.364162,0.34048697,0.0,1.0282983,0.034728184
9274,478.4128,0.0,200.73412,57.36421,0.3316992,0.0,1.0370123,0.03472802
9275,456.97256,0.0,175.29869,57.364246,0.33720854,0.0,0.94394124,0.03472786
9276,496.75314,0.0,147.23984,57.36425,0.33830518,0.0,0.9748131,0.03472769
9277,452.06308,0.0,154.96672,57.36424,0.33347258,0.0,0.9675615,0.03472753
9278,492.01404,0.0,143.77956,57.36421,0.33248004,0.0,1.0179216,0.034727365
9279,517.7069,0.0,186.43803,57.364166,0.33682838,0.0,0.9359529,0.0347272
9280,522.525,0.0,156.74416,57.364113,0.31933564,0.0,0.9909007,0.03472704
9281,431.76053,0.0,176.44423,57.36405,0.33925462,0.0,1.0295023,0.03472687
9282,495.94205,0.0,155.84235,57.36401,0.34595704,0.0,0.96443444,0.034726705
9283,513.9996,0.0,179.1889,57.364014,0.33745015,0.0,1.0110414,0.03472654
9284,473.81613,0.0,190.69037,57.36402,0.34705812,0.0,0.9920087,0.034726378
9285,492.86884,0.0,189.45557,57.36401,0.32800332,0.0,0.99136263,0.034726217
9286,472.5585,0.0,173.26068,57.36399,0.3329619,0.0,1.0123852,0.03472605
9287,508.5585,0.0,144.06798,57.363983,0.33151314,0.0,0.9825106,0.034725886
9288,467.28183,0.0,177.95332,57.363968,0.3239739,0.0,0.97919375,0.03472573
9289,467.9689,0.0,149.58675,57.36395,0.33827734,0.0,0.9803683,0.034725554
9290,488.20395,0.0,169.2377,57.36392,0.34397772,0.0,1.0112396,0.034725394
9291,582.91534,0.0,162.96959,57.36387,0.33842972,0.0,0.9703196,0.034725234
9292,472.3487,0.0,176.32951,57.363834,0.33190176,0.0,0.98816884,0.03472507
9293,488.6365,0.0,154.2406,57.36379,0.33276552,0.0,0.9803917,0.03472491
9294,456.371,0.0,182.54298,57.363758,0.33052865,0.0,0.9759987,0.03472475
9295,450.78232,0.0,188.2485,57.363747,0.33918068,0.0,1.0047235,0.034724586
9296,454.04477,0.0,172.83841,57.363728,0.34044945,0.0,1.0518072,0.034724426
9297,459.65833,0.0,172.3063,57.363724,0.3397101,0.0,0.96711934,0.03472426
9298,526.8461,0.0,183.00179,57.363728,0.32734182,0.0,1.0039397,0.034724098
9299,497.71606,0.0,156.87152,57.363712,0.33123672,0.0,1.0078062,0.034723938
9300,532.56757,0.0,174.88132,57.363697,0.34256852,0.0,1.0145239,0.03472378
9301,499.45203,0.0,162.41104,57.363686,0.34136423,0.0,0.9946659,0.034723617
9302,531.938,0.0,151.19528,57.363724,0.3293243,0.0,0.9725185,0.03472346
9303,487.7682,0.0,179.63347,57.363766,0.34551406,0.0,0.98325616,0.034723297
9304,543.7921,0.0,163.84361,57.36379,0.32778645,0.0,0.9833832,0.03472314
9305,549.9888,0.0,139.76524,57.36385,0.32717374,0.0,1.0208673,0.034722984
9306,464.0457,0.0,189.89056,57.36396,0.32790565,0.0,0.96646553,0.034722824
9307,430.7011,0.0,162.84694,57.364025,0.328016,0.0,0.9883508,0.034722667
9308,497.8431,0.0,148.82991,57.364082,0.33860302,0.0,1.036286,0.034722503
9309,471.59518,0.0,156.84811,57.364086,0.332804,0.0,0.9873081,0.034722347
9310,506.43573,0.0,174.58994,57.364143,0.3272073,0.0,0.9955162,0.03472219
9311,514.9235,0.0,169.95763,57.364227,0.3308761,0.0,0.9561241,0.034722034
9312,451.4308,0.0,165.0297,57.364258,0.33018702,0.0,0.9862193,0.034721874
9313,577.60406,0.0,161.16751,57.36432,0.34031665,0.0,0.9652691,0.03472172
9314,481.56543,0.0,197.67949,57.36438,0.35439727,0.0,0.98429996,0.03472156
9315,511.515,0.0,149.17836,57.364445,0.34068692,0.0,0.9953527,0.034721404
9316,446.93216,0.0,139.0922,57.364475,0.34349537,0.0,0.9645691,0.034721248
9317,450.73865,0.0,164.16786,57.36449,0.33550844,0.0,0.98496675,0.03472109
9318,507.0699,0.0,159.21246,57.364494,0.33847913,0.0,0.98279953,0.034720935
9319,503.96384,0.0,166.81503,57.364494,0.33378404,0.0,0.96841276,0.034720786
9320,447.34308,0.0,163.01244,57.364494,0.34273103,0.0,0.9649755,0.034720626
9321,517.92346,0.0,150.34732,57.36446,0.33200836,0.0,1.0042491,0.03472047
9322,462.8835,0.0,150.0182,57.364433,0.33643448,0.0,1.0080869,0.034720313
9323,457.74185,0.0,170.84045,57.3644,0.33854562,0.0,0.97463655,0.03472016
9324,482.66953,0.0,165.33011,57.364372,0.33541974,0.0,0.98372525,0.034720004
9325,505.4572,0.0,172.43808,57.36435,0.34014258,0.0,0.98853964,0.034719855
9326,443.26968,0.0,157.4683,57.364326,0.33917496,0.0,0.96947235,0.0347197
9327,523.0756,0.0,161.06805,57.364326,0.33542505,0.0,0.9941134,0.034719545
9328,467.31366,0.0,160.01505,57.36429,0.32720298,0.0,1.055222,0.034719393
9329,456.5885,0.0,207.78442,57.364246,0.32715407,0.0,1.0033557,0.034719426
9330,483.5384,0.0,159.87971,57.364235,0.33375892,0.0,0.9727866,0.03471945
9331,499.27414,0.0,182.22186,57.364227,0.34105042,0.0,0.9712004,0.034719452
9332,413.68164,0.0,162.61914,57.364246,0.32661623,0.0,0.96612966,0.034719445
9333,462.47504,0.0,154.0346,57.364277,0.32037735,0.0,0.9763536,0.034719426
9334,443.15396,0.0,185.23544,57.364246,0.32911173,0.0,0.9762679,0.034719396
9335,462.24234,0.0,148.3138,57.36421,0.3238161,0.0,0.9628738,0.03471935
9336,505.9935,0.0,173.14609,57.364143,0.31963754,0.0,0.97502184,0.0347193
9337,508.82297,0.0,180.6734,57.364094,0.33109325,0.0,0.97627884,0.034719244
9338,494.78363,0.0,154.3069,57.364082,0.32648036,0.0,0.999435,0.034719177
9339,434.9464,0.0,175.94951,57.364075,0.32251543,0.0,0.9818921,0.034719095
9340,472.1426,0.0,187.93309,57.364082,0.34010953,0.0,0.9921913,0.034719013
9341,494.20062,0.0,163.98952,57.364094,0.3399344,0.0,1.0471283,0.034718923
9342,479.181,0.0,139.83458,57.364113,0.32767707,0.0,0.9765006,0.034718826
9343,523.8852,0.0,160.26846,57.364075,0.32909426,0.0,0.9980465,0.03471873
9344,456.87585,0.0,164.84505,57.364044,0.33876985,0.0,0.9623504,0.034718625
9345,501.003,0.0,165.42932,57.364044,0.34809628,0.0,0.9803838,0.034718513
9346,550.3024,0.0,203.75133,57.36401,0.3484822,0.0,0.97802216,0.034718405
9347,497.1636,0.0,151.00157,57.36392,0.3421009,0.0,0.9816223,0.034718286
9348,473.63538,0.0,189.09723,57.363876,0.3478632,0.0,1.0077322,0.034718163
9349,515.2741,0.0,157.256,57.363827,0.34375298,0.0,1.0606978,0.034718044
9350,466.5871,0.0,165.93083,57.363785,0.33773488,0.0,0.9661385,0.03471792
9351,488.72168,0.0,153.61954,57.363728,0.33163762,0.0,0.96289825,0.0347178
9352,438.67062,0.0,193.62271,57.363735,0.3354192,0.0,0.98762286,0.034717664
9353,499.8169,0.0,169.51083,57.363743,0.34315535,0.0,0.975906,0.034717537
9354,481.01935,0.0,151.96739,57.363728,0.3326313,0.0,0.95187265,0.034717403
9355,466.9611,0.0,162.53511,57.363747,0.33441684,0.0,0.9885207,0.034717273
9356,513.06805,0.0,162.33723,57.363777,0.33117577,0.0,0.99897295,0.034717135
9357,503.71722,0.0,162.8965,57.363796,0.33110797,0.0,1.0060681,0.034717
9358,458.24063,0.0,192.2603,57.363777,0.33333385,0.0,0.9441011,0.034716863
9359,481.56644,0.0,168.00266,57.363754,0.3392877,0.0,0.9637725,0.034716725
9360,476.45175,0.0,162.5292,57.36379,0.3325735,0.0,0.9755296,0.03471659
9361,514.6628,0.0,155.05264,57.363834,0.33013925,0.0,0.973458,0.034716453
9362,497.35623,0.0,205.0179,57.363876,0.33789152,0.0,0.99423176,0.03471623
9363,511.22812,0.0,190.68745,57.36387,0.33315325,0.0,0.9589947,0.034716036
9364,455.49628,0.0,196.12636,57.363846,0.32925192,0.0,1.012361,0.034715865
9365,506.4503,0.0,186.84657,57.363827,0.3298709,0.0,0.9606575,0.034715712
9366,456.61252,0.0,162.69489,57.363743,0.33064315,0.0,1.0282254,0.034715567
9367,461.10757,0.0,220.79898,57.363674,0.33304065,0.0,0.9897363,0.034715436
9368,493.4906,0.0,165.74219,57.363724,0.3393156,0.0,0.9747744,0.034715306
9369,446.78006,0.0,182.7657,57.363758,0.32257822,0.0,0.97820395,0.034715187
9370,503.46808,0.0,174.1997,57.363766,0.33344027,0.0,1.0722139,0.03471506
9371,508.14633,0.0,171.95879,57.363766,0.3349758,0.0,0.99120903,0.034714945
9372,493.46075,0.0,150.26086,57.363743,0.32586765,0.0,0.973182,0.034714825
9373,521.1354,0.0,152.19287,57.363766,0.3326381,0.0,1.0408211,0.034714706
9374,498.99167,0.0,164.06703,57.363815,0.33583525,0.0,1.0065072,0.034714583
9375,441.13565,0.0,160.77519,57.3639,0.33581334,0.0,0.9596248,0.034714468
9376,462.22546,0.0,187.33551,57.364014,0.33430612,0.0,0.97007775,0.034714345
9377,500.6137,0.0,170.60387,57.364105,0.3333802,0.0,0.95537746,0.03471422
9378,513.0559,0.0,151.07933,57.364162,0.34918925,0.0,1.0166322,0.0347141
9379,503.14478,0.0,172.68604,57.364185,0.3253993,0.0,1.1095951,0.03471397
9380,499.6777,0.0,158.87909,57.364166,0.3369135,0.0,1.011955,0.034713846
9381,421.39178,0.0,157.86713,57.364185,0.3321637,0.0,0.9662492,0.03471372
9382,512.60706,0.0,193.37906,57.364166,0.33184484,0.0,1.0052453,0.034713585
9383,493.24075,0.0,168.32751,57.364143,0.33350882,0.0,1.0001997,0.034713455
9384,481.60587,0.0,168.91966,57.364147,0.3269117,0.0,1.0030876,0.034713324
9385,502.49753,0.0,129.54095,57.364174,0.3451387,0.0,0.97932523,0.03471319
9386,547.6681,0.0,186.21588,57.364193,0.3209416,0.0,0.97900635,0.03471306
9387,531.0793,0.0,184.64198,57.364197,0.33134916,0.0,0.9398093,0.034712926
9388,536.3362,0.0,166.2201,57.364162,0.32472572,0.0,0.9718179,0.034712788
9389,466.07928,0.0,149.20563,57.364124,0.3363458,0.0,0.96826756,0.03471265
9390,524.5293,0.0,203.42453,57.364075,0.3249913,0.0,0.9979084,0.03471251
9391,462.21118,0.0,161.0843,57.363983,0.32253513,0.0,1.0054162,0.034712374
9392,515.9467,0.0,178.59206,57.36391,0.34756583,0.0,1.0008285,0.034712233
9393,485.31256,0.0,181.44531,57.363857,0.32809475,0.0,0.97576195,0.0347121
9394,478.04022,0.0,168.22308,57.363857,0.32886338,0.0,1.0097781,0.034711957
9395,480.7342,0.0,175.76363,57.36387,0.34521237,0.0,0.9868689,0.03471182
9396,510.62018,0.0,153.5148,57.36385,0.3285688,0.0,0.98567045,0.03471168
9397,505.23502,0.0,142.70877,57.363827,0.34251764,0.0,0.96641314,0.03471154
9398,597.89374,0.0,148.79332,57.363815,0.3266489,0.0,0.9977413,0.0347114
9399,468.47375,0.0,174.19022,57.363804,0.33573347,0.0,0.9969817,0.034711257
9400,477.43204,0.0,173.77983,57.363777,0.33956698,0.0,1.007423,0.03471112
9401,491.15665,0.0,180.38661,57.363758,0.32910284,0.0,0.9968457,0.034710977
9402,459.5447,0.0,280.4238,57.363728,0.33430848,0.0,0.94167477,0.034710836
9403,472.05725,0.0,148.6662,57.363686,0.33145928,0.0,0.96784437,0.034710694
9404,514.6297,0.0,174.62106,57.363655,0.3289669,0.0,1.0009435,0.034710553
9405,550.6154,0.0,180.51405,57.363686,0.3223773,0.0,0.952565,0.034710415
9406,442.0586,0.0,171.14146,57.363743,0.34066278,0.0,0.98197824,0.034710273
9407,526.38544,0.0,154.86923,57.36382,0.33823243,0.0,0.98563534,0.034710128
9408,553.4247,0.0,155.74779,57.36389,0.3307788,0.0,0.9655089,0.034709986
9409,481.02243,0.0,172.46844,57.363907,0.3363065,0.0,0.9752527,0.034709845
9410,524.6372,0.0,167.24315,57.3639,0.33804289,0.0,0.997686,0.03470971
9411,480.0336,0.0,141.4941,57.36391,0.3382616,0.0,0.93586576,0.034709565
9412,492.6481,0.0,153.02533,57.363907,0.3275364,0.0,0.9624826,0.034709424
9413,490.48508,0.0,161.68246,57.36395,0.34407195,0.0,0.9918574,0.034709282
9414,506.00558,0.0,175.68391,57.36399,0.3406168,0.0,0.9561929,0.03470914
9415,533.9528,0.0,174.13776,57.36399,0.3378429,0.0,0.99600667,0.034709007
9416,517.37714,0.0,207.69023,57.36398,0.33479297,0.0,0.9612982,0.03470886
9417,487.52966,0.0,156.95776,57.364,0.32289913,0.0,0.9930022,0.034708716
9418,442.15137,0.0,161.5879,57.36404,0.33499753,0.0,0.9780197,0.034708582
9419,467.51425,0.0,172.36946,57.364162,0.33128542,0.0,0.9898134,0.034708437
9420,477.20203,0.0,196.82721,57.36429,0.32434615,0.0,0.9560087,0.0347083
9421,503.82895,0.0,156.39691,57.364403,0.33610478,0.0,0.9689861,0.03470816
9422,460.15582,0.0,166.63046,57.36449,0.32493436,0.0,0.9996952,0.034708023
9423,480.58572,0.0,155.15446,57.364506,0.33942717,0.0,0.9850282,0.03470788
9424,502.11884,0.0,163.44478,57.364494,0.3296992,0.0,0.9968661,0.03470774
9425,462.36087,0.0,161.8063,57.364433,0.34167746,0.0,1.009348,0.034707602
9426,474.15607,0.0,179.27884,57.36439,0.34016582,0.0,0.9514664,0.034707595
9427,446.28638,0.0,161.01503,57.36437,0.3324948,0.0,1.0020047,0.034707706
9428,476.36954,0.0,158.47539,57.36433,0.32211685,0.0,0.97396624,0.034707904
9429,511.03323,0.0,180.99352,57.364307,0.34205273,0.0,0.9737639,0.03470815
9430,505.2381,0.0,168.44086,57.36425,0.3421575,0.0,0.96201235,0.034708425
9431,457.6349,0.0,186.50827,57.364227,0.32592997,0.0,0.96910834,0.034708723
9432,506.4533,0.0,208.70143,57.36425,0.33337098,0.0,0.96179056,0.034709014
9433,462.60275,0.0,162.26508,57.364277,0.3356097,0.0,0.95963645,0.034709312
9434,499.48383,0.0,174.31493,57.3643,0.33934098,0.0,0.985248,0.034709588
9435,520.33777,0.0,191.6365,57.36433,0.3399081,0.0,0.995748,0.034709845
9436,524.38544,0.0,171.13422,57.3644,0.3428737,0.0,0.95652544,0.03471009
9437,515.43286,0.0,154.42102,57.36452,0.3330032,0.0,1.02453,0.03471031
9438,480.52884,0.0,177.47159,57.364624,0.3505813,0.0,0.97725743,0.034710504
9439,435.45395,0.0,166.27979,57.364708,0.336666,0.0,1.0002044,0.03471068
9440,498.0021,0.0,181.15712,57.364803,0.3251822,0.0,0.9717735,0.03471083
9441,498.24463,0.0,196.55481,57.364933,0.3284602,0.0,0.94642395,0.034710955
9442,509.07217,0.0,168.70612,57.365013,0.34314638,0.0,0.97293067,0.034711063
9443,479.01328,0.0,177.0563,57.36509,0.34054533,0.0,0.97289735,0.034711145
9444,504.40143,0.0,168.57994,57.36522,0.33304358,0.0,0.96411693,0.034711216
9445,511.4813,0.0,161.01695,57.365326,0.334308,0.0,0.9669268,0.034711264
9446,435.7565,0.0,180.16356,57.365383,0.3318679,0.0,0.98221344,0.034711298
9447,448.38535,0.0,145.20985,57.365406,0.32240745,0.0,0.9814581,0.034711316
9448,458.5451,0.0,164.29279,57.365417,0.3302716,0.0,0.97330993,0.03471132
9449,501.5898,0.0,162.55127,57.365402,0.3251847,0.0,0.9835533,0.034711313
9450,500.38812,0.0,153.87563,57.365387,0.334293,0.0,0.9818769,0.034711283
9451,497.19797,0.0,179.8777,57.365402,0.32874036,0.0,0.9843652,0.034711253
9452,477.047,0.0,163.06082,57.365395,0.34285718,0.0,1.0050381,0.034711212
9453,516.0136,0.0,168.98167,57.365376,0.33319226,0.0,0.96134424,0.03471116
9454,501.02072,0.0,161.23172,57.365376,0.34308714,0.0,1.0364759,0.034711096
9455,504.8595,0.0,205.55885,57.36537,0.33320862,0.0,1.013589,0.03471103
9456,455.02524,0.0,171.76428,57.365387,0.34035134,0.0,0.9611197,0.03471096
9457,435.427,0.0,176.29504,57.365376,0.34843248,0.0,0.95072913,0.034710873
9458,502.44244,0.0,176.57474,57.365364,0.3376759,0.0,0.9762849,0.034710787
9459,493.4428,0.0,161.00648,57.365364,0.32731557,0.0,0.99470484,0.034710698
9460,446.56158,0.0,152.01958,57.36534,0.3274609,0.0,0.94311625,0.0347106
9461,484.36627,0.0,165.74796,57.365334,0.33831966,0.0,1.0168592,0.034710493
9462,458.0037,0.0,154.88034,57.365326,0.32350227,0.0,0.9783394,0.034710392
9463,491.24503,0.0,154.43744,57.365314,0.32472858,0.0,1.0020589,0.034710288
9464,534.44794,0.0,168.92543,57.365322,0.32467088,0.0,0.97988164,0.034710176
9465,510.8897,0.0,149.16798,57.36537,0.3488128,0.0,0.9719449,0.03471006
9466,519.0996,0.0,155.58194,57.365414,0.34273243,0.0,0.968336,0.03470995
9467,509.4656,0.0,164.1291,57.365467,0.33423,0.0,0.9544267,0.034709826
9468,471.95337,0.0,174.52264,57.36555,0.3312967,0.0,1.0313306,0.03470971
9469,529.11957,0.0,181.5378,57.36562,0.32829586,0.0,0.9874228,0.034709584
9470,509.87857,0.0,201.36624,57.365623,0.3278913,0.0,0.9736876,0.034709465
9471,511.1756,0.0,162.14258,57.365597,0.34420508,0.0,0.994007,0.034709334
9472,467.5809,0.0,175.97643,57.3656,0.33740398,0.0,0.9881824,0.03470921
9473,463.19165,0.0,148.52794,57.36568,0.33516458,0.0,1.0149008,0.034709085
9474,446.59198,0.0,155.17018,57.36574,0.33682546,0.0,0.95688605,0.034708954
9475,492.05646,0.0,155.35858,57.365814,0.34116948,0.0,0.9538352,0.03470836
9476,446.69583,0.0,177.8609,57.365906,0.33626056,0.0,1.000978,0.03470794
9477,467.89758,0.0,188.23221,57.365917,0.3342516,0.0,0.9332472,0.03470766
9478,430.35727,0.0,177.29475,57.365887,0.3379694,0.0,0.9773075,0.034707487
9479,457.83728,0.0,180.83585,57.365864,0.3367372,0.0,0.9458743,0.034707382
9480,465.36627,0.0,180.99089,57.36585,0.34312075,0.0,0.9593746,0.034707338
9481,490.97488,0.0,170.65771,57.365856,0.32895306,0.0,0.963847,0.034707326
9482,444.28455,0.0,196.61893,57.36585,0.33893716,0.0,0.97673833,0.034707345
9483,501.8576,0.0,172.46442,57.365868,0.34176734,0.0,0.99108785,0.034707375
9484,486.8808,0.0,172.13318,57.3659,0.32623267,0.0,0.96280086,0.03470742
9485,475.1262,0.0,191.5694,57.365925,0.3346959,0.0,0.98631465,0.034707464
9486,483.08368,0.0,166.33919,57.365917,0.32224303,0.0,0.9899288,0.034707505
9487,464.6903,0.0,149.91527,57.365925,0.32893085,0.0,1.006902,0.034707543
9488,550.0524,0.0,154.32304,57.36597,0.32872805,0.0,1.0023742,0.034707572
9489,524.5382,0.0,172.78621,57.36598,0.32009947,0.0,0.97850037,0.034707602
9490,514.9116,0.0,156.38776,57.365948,0.3365905,0.0,0.9770943,0.034707613
9491,467.20102,0.0,165.63689,57.3659,0.3237998,0.0,0.99510944,0.034707617
9492,494.2067,0.0,168.4418,57.365826,0.34696534,0.0,0.9720501,0.034707617
9493,494.52414,0.0,183.15453,57.36571,0.32792294,0.0,0.9471136,0.034707602
9494,436.04373,0.0,155.24477,57.36567,0.3410294,0.0,0.95203644,0.03470758
9495,455.40707,0.0,182.42412,57.36564,0.3377226,0.0,0.9823505,0.03470755
9496,468.24048,0.0,177.8185,57.365612,0.32863072,0.0,1.0859613,0.034707513
9497,455.54544,0.0,149.05396,57.36558,0.32858604,0.0,1.0054044,0.034707468
9498,471.27106,0.0,176.09785,57.36558,0.33073506,0.0,0.97674716,0.03470741
9499,467.28455,0.0,186.80167,57.36564,0.336702,0.0,0.98299533,0.034707345
9500,454.82404,0.0,166.50471,57.36567,0.32373485,0.0,0.9749388,0.034707278
9501,476.2955,0.0,143.9952,57.36568,0.33890274,0.0,0.9735159,0.034707207
9502,469.6926,0.0,146.05472,57.36567,0.32389653,0.0,0.9708702,0.034707125
9503,448.63184,0.0,168.41856,57.3656,0.34479848,0.0,0.967542,0.03470704
9504,495.06567,0.0,144.90411,57.36548,0.33678263,0.0,0.96306545,0.034706954
9505,487.8553,0.0,165.43932,57.365376,0.33000788,0.0,1.1236068,0.03470686
9506,523.07904,0.0,154.85352,57.365314,0.33077446,0.0,1.0029604,0.034706764
9507,506.09457,0.0,152.50139,57.365295,0.33167008,0.0,0.98052114,0.034706663
9508,497.96475,0.0,172.1834,57.36525,0.33045438,0.0,0.98992115,0.03470656
9509,531.0968,0.0,177.87129,57.365208,0.3450555,0.0,0.99487484,0.034706455
9510,477.54987,0.0,130.71825,57.36518,0.3360852,0.0,0.97915685,0.034706343
9511,441.97745,0.0,151.8961,57.36512,0.33195126,0.0,0.95325625,0.03470623
9512,437.88013,0.0,166.65944,57.3651,0.34896162,0.0,0.97435695,0.03470612
9513,471.64752,0.0,185.60864,57.3651,0.34114593,0.0,0.96868604,0.034706004
9514,464.01196,0.0,170.34108,57.36511,0.32986614,0.0,0.97147864,0.034705892
9515,473.32623,0.0,167.73259,57.36513,0.3308794,0.0,0.9805875,0.03470577
9516,444.82556,0.0,152.07066,57.365116,0.32817477,0.0,1.0061502,0.03470565
9517,471.276,0.0,157.91115,57.365128,0.33798715,0.0,0.97035176,0.03470552
9518,389.63834,0.0,187.1137,57.36515,0.32552043,0.0,0.960038,0.03470539
9519,457.54855,0.0,177.16719,57.365177,0.3247359,0.0,1.0477656,0.034705263
9520,570.89386,0.0,161.6983,57.36527,0.33106348,0.0,0.9610255,0.03470513
9521,449.1156,0.0,172.39334,57.365345,0.3251765,0.0,0.971072,0.034704994
9522,502.46674,0.0,209.04752,57.365417,0.3405523,0.0,0.9620514,0.03470487
9523,470.11838,0.0,169.71155,57.365437,0.3239005,0.0,0.96620035,0.034704737
9524,440.31378,0.0,150.66005,57.365444,0.33703452,0.0,0.977027,0.03470461
9525,490.39386,0.0,179.32617,57.365417,0.32610047,0.0,0.9784897,0.034704477
9526,538.1599,0.0,161.20747,57.365376,0.33675447,0.0,0.9874088,0.03470435
9527,510.18182,0.0,159.84134,57.36534,0.32942027,0.0,0.94931275,0.03470422
9528,487.62503,0.0,197.77684,57.365295,0.34614623,0.0,0.9888794,0.034704085
9529,473.99106,0.0,154.19467,57.36524,0.33403644,0.0,0.9484648,0.03470396
9530,540.0899,0.0,179.72847,57.36519,0.35023004,0.0,0.9928158,0.034703825
9531,490.19315,0.0,159.90076,57.36519,0.33403128,0.0,0.9736979,0.034703698
9532,524.84564,0.0,178.50801,57.365192,0.3408769,0.0,0.96514994,0.034703568
9533,454.88672,0.0,179.66638,57.36522,0.327679,0.0,0.97684187,0.034703437
9534,471.28137,0.0,170.11646,57.36528,0.33130702,0.0,0.99748904,0.034703307
9535,464.0625,0.0,155.51953,57.365334,0.34161174,0.0,0.9896128,0.034703184
9536,509.97687,0.0,169.67474,57.365356,0.33399615,0.0,0.9607165,0.03470305
9537,445.16653,0.0,150.46329,57.365353,0.33678544,0.0,0.9659916,0.034702927
9538,542.7034,0.0,167.64586,57.365334,0.3392053,0.0,0.97119075,0.0347028
9539,449.30045,0.0,163.62076,57.365314,0.33960977,0.0,0.997704,0.03470267
9540,452.587,0.0,178.56187,57.365322,0.33943605,0.0,0.99648523,0.034702547
9541,489.30258,0.0,154.7736,57.365353,0.33975798,0.0,0.97725946,0.03470242
9542,490.88205,0.0,188.57217,57.36534,0.3312304,0.0,0.9564052,0.034702815
9543,521.1209,0.0,149.50983,57.365353,0.32950127,0.0,0.9766039,0.034703434
9544,432.12094,0.0,167.7019,57.36534,0.34227952,0.0,1.0057626,0.0347042
9545,508.90173,0.0,154.1903,57.365295,0.3252913,0.0,0.96077144,0.034705054
9546,495.1998,0.0,141.62354,57.365284,0.31931677,0.0,0.9802898,0.03470596
9547,508.69803,0.0,165.79463,57.365295,0.3302112,0.0,0.9689689,0.03470688
9548,498.19614,0.0,153.49414,57.36531,0.33175147,0.0,1.0161471,0.03470779
9549,506.9759,0.0,157.75633,57.36534,0.3350108,0.0,0.9783858,0.03470867
9550,488.52634,0.0,170.6248,57.365383,0.32153365,0.0,1.0122125,0.03470952
9551,512.946,0.0,149.5154,57.365437,0.33616543,0.0,0.9452948,0.034710318
9552,411.39285,0.0,174.63086,57.365467,0.3415694,0.0,0.99543035,0.034711063
9553,444.26678,0.0,157.5206,57.365456,0.3330412,0.0,0.9644094,0.03471176
9554,520.984,0.0,165.63956,57.365425,0.3270905,0.0,0.9599879,0.0347124
9555,473.4359,0.0,197.06937,57.365417,0.33291036,0.0,0.9636262,0.03471298
9556,512.43866,0.0,153.14459,57.365406,0.3381232,0.0,0.9663362,0.03471351
9557,439.88776,0.0,179.98521,57.365376,0.3468637,0.0,0.9962835,0.034713987
9558,471.08508,0.0,154.0236,57.365383,0.3290757,0.0,0.97376084,0.034714416
9559,435.7283,0.0,181.78886,57.365364,0.32984573,0.0,0.9739739,0.034714796
9560,492.63736,0.0,140.46686,57.365345,0.33624652,0.0,0.98909825,0.034715135
9561,440.4711,0.0,185.98175,57.365376,0.34903368,0.0,0.96646756,0.034715433
9562,557.3165,0.0,180.45602,57.365425,0.33975416,0.0,0.97567827,0.03471569
9563,524.6624,0.0,179.1915,57.36548,0.32861653,0.0,0.97527504,0.034715913
9564,471.6237,0.0,161.52458,57.36554,0.33665183,0.0,0.9320599,0.034716103
9565,448.11087,0.0,176.62158,57.36556,0.33596542,0.0,0.9424873,0.034716263
9566,548.1534,0.0,190.88808,57.36561,0.33960444,0.0,0.965934,0.034716394
9567,487.224,0.0,161.08998,57.365597,0.3394993,0.0,0.9792694,0.03471651
9568,447.12158,0.0,164.75616,57.3656,0.3388387,0.0,0.99153584,0.03471667
9569,512.1446,0.0,195.16306,57.36557,0.33533788,0.0,0.987661,0.034716852
9570,494.78018,0.0,188.12874,57.365498,0.33091825,0.0,0.96049464,0.034717053
9571,507.30942,0.0,146.12448,57.365414,0.3401009,0.0,0.982081,0.03471725
9572,469.6131,0.0,170.72916,57.365322,0.32892284,0.0,0.9893195,0.03471745
9573,539.71185,0.0,188.34209,57.36526,0.3390474,0.0,1.0253713,0.034717638
9574,493.95422,0.0,164.88264,57.36523,0.3413715,0.0,0.9395939,0.034718193
9575,426.4117,0.0,150.80402,57.36517,0.32895496,0.0,0.99778885,0.034719028
9576,489.75552,0.0,148.62328,57.36514,0.33212355,0.0,0.9955983,0.034720056
9577,535.0777,0.0,169.908,57.3651,0.33905807,0.0,1.0081903,0.034721185
9578,520.9407,0.0,164.54466,57.365055,0.329353,0.0,0.98094964,0.034722388
9579,453.2357,0.0,162.19435,57.36503,0.32259363,0.0,0.99002033,0.034723606
9580,480.22855,0.0,188.13731,57.365036,0.34370676,0.0,0.9638584,0.03472481
9581,481.10455,0.0,174.92285,57.36506,0.33501276,0.0,1.0281602,0.034725983
9582,442.05045,0.0,175.3877,57.36511,0.32780653,0.0,1.0173309,0.034727104
9583,517.5522,0.0,172.2025,57.36515,0.33061346,0.0,0.9509589,0.03472816
9584,499.43283,0.0,155.74446,57.3652,0.32807484,0.0,0.9718998,0.03472915
9585,434.56738,0.0,192.03448,57.3652,0.32760268,0.0,0.99109715,0.034730073
9586,455.8146,0.0,177.1538,57.36515,0.33697492,0.0,0.98099846,0.03473078
9587,446.7322,0.0,191.91197,57.36516,0.336502,0.0,0.99141806,0.03473144
9588,458.419,0.0,169.39249,57.36517,0.3341324,0.0,0.9860988,0.03473204
9589,474.5328,0.0,165.65079,57.36516,0.32782683,0.0,0.9629734,0.03473258
9590,509.4326,0.0,147.70934,57.365158,0.32413375,0.0,0.9845002,0.034733072
9591,484.65216,0.0,161.54057,57.36516,0.33840218,0.0,1.0429331,0.03473279
9592,516.2043,0.0,163.86118,57.36513,0.33260638,0.0,0.98894185,0.034732897
9593,518.5192,0.0,165.03264,57.365128,0.32251963,0.0,1.0111012,0.034733277
9594,527.10876,0.0,171.45699,57.365128,0.33823732,0.0,0.9662846,0.034733843
9595,500.47043,0.0,160.84502,57.36513,0.3276836,0.0,0.97177887,0.03473454
9596,423.62308,0.0,163.98383,57.365147,0.3280955,0.0,1.0131625,0.03473531
9597,448.84525,0.0,147.4644,57.36519,0.3375583,0.0,1.0033443,0.034736108
9598,561.03723,0.0,142.83365,57.36521,0.3164872,0.0,0.9543157,0.034736924
9599,511.85666,0.0,162.15697,57.36522,0.33813295,0.0,1.0020355,0.034737725
9600,503.3009,0.0,151.05371,57.36526,0.3410283,0.0,0.9740786,0.0347385
9601,490.57727,0.0,161.00279,57.365314,0.3375684,0.0,0.9949262,0.034739237
9602,502.72006,0.0,179.8733,57.365402,0.34171963,0.0,0.9749433,0.034739926
9603,466.4459,0.0,148.22133,57.365433,0.3370751,0.0,0.9750853,0.034740563
9604,456.15747,0.0,168.23512,57.365437,0.3369187,0.0,0.972014,0.03474116
9605,513.1415,0.0,173.78639,57.365414,0.3323089,0.0,0.9704258,0.0347417
9606,488.43298,0.0,147.47737,57.365406,0.33253235,0.0,0.9859496,0.034742184
9607,515.52826,0.0,188.76553,57.365376,0.3409747,0.0,0.96172357,0.034742616
9608,450.5738,0.0,195.59975,57.365383,0.33563557,0.0,0.977511,0.03474301
9609,504.91455,0.0,178.8092,57.365383,0.3240778,0.0,0.96791977,0.03474335
9610,444.09732,0.0,169.33818,57.365402,0.33665803,0.0,0.9794805,0.03474365
9611,508.5615,0.0,163.13455,57.365364,0.34349656,0.0,0.97245383,0.034743913
9612,449.182,0.0,167.27933,57.365364,0.33352566,0.0,0.9941181,0.034744136
9613,443.72556,0.0,150.51813,57.365353,0.34180826,0.0,0.9757206,0.03474432
9614,581.37897,0.0,161.6383,57.36531,0.33942693,0.0,0.9677943,0.03474448
9615,457.49948,0.0,152.40593,57.36529,0.32310542,0.0,1.0014384,0.034744598
9616,471.6867,0.0,155.99767,57.36529,0.33567902,0.0,0.977728,0.0347447
9617,537.01074,0.0,174.99675,57.365303,0.34774426,0.0,0.9890018,0.034744773
9618,495.87198,0.0,175.36966,57.365356,0.33161318,0.0,0.99837023,0.034744818
9619,537.37604,0.0,160.30614,57.365395,0.32469434,0.0,1.0340657,0.03474485
9620,465.34238,0.0,204.09221,57.365433,0.33444747,0.0,0.9797902,0.03474486
9621,436.1918,0.0,193.24048,57.365448,0.34236637,0.0,1.0233849,0.03474486
9622,522.3865,0.0,187.78328,57.365433,0.34731933,0.0,0.95606345,0.034744836
9623,483.0637,0.0,189.10686,57.36546,0.34294778,0.0,0.96166587,0.0347448
9624,540.174,0.0,157.33661,57.365505,0.32518783,0.0,0.98232704,0.034744747
9625,513.9375,0.0,138.8912,57.36556,0.33377653,0.0,0.9809372,0.034744687
9626,495.97537,0.0,161.38239,57.36562,0.33836466,0.0,1.0002757,0.03474462
9627,481.31888,0.0,176.43083,57.36573,0.34432772,0.0,0.98113567,0.03474454
9628,514.2338,0.0,171.32738,57.36585,0.3270611,0.0,1.0031234,0.03474445
9629,414.08817,0.0,150.34464,57.365936,0.33818632,0.0,0.9809465,0.034744352
9630,451.37042,0.0,157.9681,57.365948,0.34539318,0.0,0.9688989,0.034744255
9631,484.03073,0.0,178.50064,57.365887,0.33836302,0.0,0.97105384,0.03474415
9632,521.94794,0.0,146.02994,57.365837,0.3364237,0.0,0.9548038,0.03474403
9633,484.03912,0.0,164.38652,57.36579,0.3339101,0.0,0.9851022,0.034743916
9634,443.1928,0.0,166.51132,57.365765,0.34529737,0.0,0.97181094,0.034743793
9635,474.92908,0.0,202.54431,57.365772,0.33352047,0.0,0.9847832,0.034743667
9636,516.9669,0.0,194.19531,57.365772,0.3259526,0.0,0.9797782,0.03474354
9637,477.85403,0.0,165.56429,57.36574,0.3175675,0.0,0.96882594,0.034743406
9638,505.3301,0.0,147.0397,57.365685,0.32824963,0.0,0.97385836,0.034743268
9639,589.39575,0.0,164.15506,57.365654,0.33990026,0.0,0.96918845,0.034743134
9640,479.62494,0.0,177.5261,57.365597,0.343441,0.0,0.9850338,0.034742966
9641,483.36295,0.0,154.65912,57.365505,0.34460434,0.0,1.0086948,0.0347428
9642,466.2808,0.0,173.93144,57.365425,0.33259812,0.0,1.0003405,0.03474263
9643,516.3959,0.0,169.45293,57.365364,0.33008352,0.0,1.019306,0.034742475
9644,502.60428,0.0,165.50143,57.36534,0.3328921,0.0,1.0063666,0.034742314
9645,548.1682,0.0,203.03104,57.365383,0.32591483,0.0,0.94670844,0.03474215
9646,451.2181,0.0,160.08998,57.365406,0.33914965,0.0,0.9599771,0.03474199
9647,481.15057,0.0,144.10641,57.365433,0.33724144,0.0,0.97225684,0.03474183
9648,537.88477,0.0,172.25838,57.365456,0.3341291,0.0,0.98754436,0.034741674
9649,564.67267,0.0,166.25409,57.365498,0.33941326,0.0,0.9619335,0.034741513
9650,473.55908,0.0,153.83122,57.365536,0.3471815,0.0,1.008523,0.034741357
9651,561.13257,0.0,203.94958,57.36554,0.34268883,0.0,0.97895724,0.034741204
9652,484.62778,0.0,155.17351,57.36556,0.32898304,0.0,0.9536597,0.034741048
9653,512.1737,0.0,187.78835,57.365578,0.34430707,0.0,0.9911001,0.03474089
9654,468.51947,0.0,172.70325,57.3656,0.33643472,0.0,0.9519667,0.03474074
9655,436.29852,0.0,155.78864,57.36561,0.3472162,0.0,1.0026184,0.03474058
9656,541.7606,0.0,193.97531,57.3656,0.327638,0.0,0.99857366,0.034740422
9657,467.11252,0.0,190.81647,57.36559,0.3433234,0.0,0.986093,0.03474008
9658,505.59955,0.0,176.46756,57.365566,0.32477784,0.0,1.0026637,0.034739804
9659,490.19797,0.0,170.42993,57.365498,0.3382762,0.0,0.9910669,0.03473958
9660,466.0565,0.0,168.66228,57.365444,0.34195068,0.0,0.97521746,0.034739394
9661,452.89178,0.0,154.17877,57.365414,0.3291751,0.0,0.9961676,0.03473923
9662,516.1581,0.0,210.99248,57.365406,0.33640176,0.0,0.9959896,0.034739092
9663,542.0812,0.0,178.53494,57.365417,0.3363023,0.0,1.011686,0.03473896
9664,494.95468,0.0,155.71996,57.365467,0.3446215,0.0,0.969175,0.034738846
9665,484.25284,0.0,164.88916,57.365536,0.32813588,0.0,0.9785624,0.03473873
9666,480.8555,0.0,184.62975,57.365612,0.33488348,0.0,0.96701294,0.034738626
9667,516.2715,0.0,155.73976,57.36567,0.34610063,0.0,0.99095523,0.034738522
9668,488.21634,0.0,176.86124,57.365685,0.32161254,0.0,0.97015536,0.034738414
9669,504.15585,0.0,152.89052,57.365685,0.33475423,0.0,0.9790189,0.03473831
9670,538.9568,0.0,161.3287,57.3657,0.32733592,0.0,1.0242332,0.034738205
9671,543.6999,0.0,144.66676,57.36574,0.32828572,0.0,1.0039566,0.034738097
9672,461.34274,0.0,171.93465,57.365765,0.33905563,0.0,0.9833008,0.034737986
9673,460.25784,0.0,166.68022,57.36585,0.33649674,0.0,0.95892674,0.034737878
9674,558.25977,0.0,164.70189,57.36593,0.33585286,0.0,0.9744726,0.03473776
9675,469.4054,0.0,206.17546,57.36599,0.33656767,0.0,1.0187843,0.03473764
9676,549.2271,0.0,199.70306,57.36601,0.33047295,0.0,0.9807978,0.03473752
9677,526.8102,0.0,146.63995,57.366013,0.33620262,0.0,0.956611,0.034737397
9678,517.2138,0.0,176.07619,57.36604,0.3423807,0.0,1.0008937,0.03473727
9679,551.72186,0.0,187.63152,57.366074,0.34262657,0.0,1.0006019,0.034737147
9680,474.38495,0.0,186.7733,57.36608,0.3283923,0.0,0.9851957,0.034737017
9681,499.94513,0.0,161.4853,57.36609,0.34696722,0.0,0.9521904,0.03473688
9682,455.0054,0.0,131.49535,57.366062,0.32449868,0.0,0.95163685,0.034736753
9683,528.19476,0.0,150.35504,57.366028,0.33460617,0.0,0.9985176,0.03473662
9684,496.39587,0.0,172.56422,57.36605,0.32939607,0.0,0.9769572,0.034736484
9685,518.2522,0.0,168.55487,57.366135,0.34163073,0.0,0.9793892,0.034736346
9686,496.52374,0.0,176.6406,57.366253,0.34399775,0.0,0.98900425,0.03473621
9687,549.47595,0.0,168.33673,57.36637,0.33493325,0.0,0.982357,0.034736067
9688,456.1548,0.0,162.85657,57.36641,0.33404014,0.0,1.0027928,0.03473593
9689,471.84308,0.0,185.10962,57.36642,0.33441016,0.0,0.9674783,0.03473579
9690,450.09732,0.0,169.68185,57.3664,0.34330615,0.0,0.99151087,0.034735646
9691,457.80402,0.0,160.13655,57.36638,0.34169725,0.0,1.0027854,0.034735505
9692,559.8289,0.0,165.1792,57.36637,0.3388341,0.0,0.9725737,0.03473536
9693,536.91943,0.0,153.76608,57.36642,0.3348687,0.0,0.98077214,0.03473522
9694,464.7203,0.0,190.19136,57.36646,0.33557108,0.0,0.9636428,0.034735076
9695,521.3311,0.0,151.1698,57.366493,0.34086126,0.0,0.9920403,0.03473493
9696,474.60635,0.0,176.6639,57.366535,0.33505878,0.0,0.93923455,0.03473479
9697,463.80692,0.0,158.99219,57.36658,0.34204206,0.0,0.9894984,0.034734648
9698,458.2969,0.0,172.88449,57.366695,0.33215708,0.0,0.9741034,0.0347345
9699,500.6523,0.0,149.70378,57.366737,0.33581555,0.0,0.9488927,0.034734357
9700,496.44653,0.0,160.3943,57.366745,0.32970104,0.0,0.98324,0.03473421
9701,500.22577,0.0,143.89111,57.366768,0.33706525,0.0,0.98959506,0.034734067
9702,488.14966,0.0,130.89868,57.366806,0.33369574,0.0,0.9494299,0.03473392
9703,507.72946,0.0,159.4471,57.366817,0.33409607,0.0,0.93511647,0.03473378
9704,447.90234,0.0,147.56245,57.36681,0.33602518,0.0,0.9798462,0.034733634
9705,447.08218,0.0,189.76645,57.36681,0.32929298,0.0,0.98509645,0.034733493
9706,517.1164,0.0,139.11972,57.366817,0.32988888,0.0,0.98994786,0.034733344
9707,437.2711,0.0,173.96057,57.36681,0.3339307,0.0,0.9591141,0.0347332
9708,519.32776,0.0,183.55771,57.366787,0.3368229,0.0,0.982185,0.034733057
9709,520.7076,0.0,153.83932,57.366776,0.3279741,0.0,0.9830349,0.034732908
9710,509.85126,0.0,150.28305,57.366768,0.32918125,0.0,1.0359668,0.03473277
9711,514.2895,0.0,153.50931,57.36679,0.33023453,0.0,1.0087655,0.034732625
9712,466.2149,0.0,155.68794,57.36682,0.3335439,0.0,1.0131571,0.03473248
9713,514.91986,0.0,166.76422,57.366837,0.33146366,0.0,0.9879,0.034732334
9714,514.29205,0.0,182.32379,57.366848,0.3291419,0.0,0.98154604,0.034732196
9715,455.20157,0.0,159.73174,57.366837,0.32533357,0.0,0.9654173,0.034732055
9716,443.24155,0.0,189.04459,57.36672,0.33610478,0.0,0.96116525,0.034731906
9717,514.78894,0.0,160.03403,57.366673,0.3352687,0.0,1.0130179,0.034731764
9718,460.28455,0.0,160.48116,57.366657,0.3360859,0.0,1.0087125,0.03473151
9719,427.77072,0.0,160.40985,57.366623,0.33308476,0.0,0.96857136,0.034731276
9720,441.5806,0.0,170.53105,57.36661,0.33531278,0.0,0.9844349,0.034731045
9721,464.27383,0.0,153.28871,57.366573,0.34449065,0.0,0.9716297,0.03473082
9722,497.96515,0.0,169.63844,57.36653,0.3301312,0.0,0.9744934,0.034730617
9723,480.1263,0.0,189.17293,57.366524,0.33569103,0.0,0.9825939,0.034730416
9724,479.1412,0.0,142.63464,57.366543,0.33101496,0.0,0.9784629,0.034730222
9725,493.32782,0.0,156.33777,57.366543,0.32985568,0.0,0.98135716,0.03473003
9726,474.09872,0.0,158.03955,57.366524,0.3382326,0.0,0.97944885,0.034729846
9727,472.17642,0.0,149.66016,57.36647,0.32325932,0.0,0.9857243,0.034729667
9728,468.21835,0.0,144.22067,57.366432,0.3369582,0.0,0.9798523,0.03472949
9729,488.88266,0.0,187.70393,57.36644,0.3412976,0.0,0.98346114,0.034729324
9730,474.446,0.0,156.96205,57.36647,0.3293067,0.0,0.9824468,0.03472915
9731,496.30554,0.0,173.02515,57.366524,0.34504583,0.0,0.98127604,0.03472899
9732,536.67633,0.0,205.56337,57.366592,0.3358781,0.0,1.0117228,0.034728825
9733,474.05832,0.0,171.16205,57.366592,0.34306237,0.0,0.9580685,0.034728665
9734,443.06647,0.0,151.20607,57.366604,0.33153322,0.0,1.0011953,0.034728505
9735,548.291,0.0,154.20459,57.366604,0.34195885,0.0,1.0133252,0.034728352
9736,493.09723,0.0,179.57999,57.366634,0.3447545,0.0,0.9473929,0.034728203
9737,508.8045,0.0,195.24896,57.3667,0.33336264,0.0,0.97313386,0.034728047
9738,545.0965,0.0,192.7953,57.36681,0.3347505,0.0,0.998217,0.034727897
9739,487.0132,0.0,192.70096,57.366924,0.3395836,0.0,0.9840107,0.034727503
9740,506.9682,0.0,168.28543,57.366993,0.33231252,0.0,0.9734735,0.0347276
9741,500.69934,0.0,157.66983,57.36709,0.34357786,0.0,0.9729903,0.03472805
9742,504.61612,0.0,161.08739,57.367165,0.33000576,0.0,0.9989567,0.03472876
9743,449.12155,0.0,167.56155,57.367195,0.3378283,0.0,0.9712861,0.034729633
9744,485.2907,0.0,178.19003,57.36723,0.31312394,0.0,0.9824596,0.034730602
9745,577.1729,0.0,169.9385,57.367252,0.33428428,0.0,0.9937062,0.03473163
9746,476.31082,0.0,167.08482,57.367283,0.3196462,0.0,1.0027784,0.03473267
9747,534.46704,0.0,148.07545,57.36736,0.3309374,0.0,0.97714883,0.034733698
9748,494.28372,0.0,170.19772,57.367455,0.33192888,0.0,0.97680193,0.034734704
9749,492.53455,0.0,193.1211,57.367527,0.33116958,0.0,0.9975952,0.034735657
9750,518.1792,0.0,183.25204,57.367565,0.33721948,0.0,1.0546868,0.03473656
9751,515.52295,0.0,189.03603,57.36761,0.33704028,0.0,0.99496907,0.034737397
9752,506.46625,0.0,176.53242,57.36768,0.33771482,0.0,0.9854449,0.03473818
9753,482.42786,0.0,163.46536,57.36777,0.3328288,0.0,0.9960514,0.034738895
9754,460.0624,0.0,176.18279,57.367832,0.33891106,0.0,0.9932621,0.03473955
9755,419.8248,0.0,148.24266,57.367893,0.3356559,0.0,0.97863656,0.034740135
9756,464.37033,0.0,149.42032,57.367893,0.34175566,0.0,0.97033894,0.03474067
9757,461.66663,0.0,162.84665,57.367886,0.33772463,0.0,0.9906574,0.03474115
9758,463.9212,0.0,160.93063,57.36785,0.32187256,0.0,0.99749845,0.03474157
9759,505.04205,0.0,220.0559,57.367813,0.3318105,0.0,0.987071,0.03474194
9760,500.86566,0.0,152.9372,57.3678,0.33798766,0.0,0.95996296,0.034742262
9761,500.99075,0.0,156.2872,57.367836,0.328579,0.0,0.9694316,0.034742545
9762,470.1916,0.0,165.38713,57.367863,0.3406449,0.0,0.96069103,0.034742784
9763,497.7612,0.0,181.14668,57.36788,0.33097604,0.0,0.96090734,0.034742992
9764,433.82263,0.0,180.98099,57.367863,0.33026156,0.0,1.0065613,0.03474316
9765,481.04993,0.0,163.11192,57.36782,0.3379037,0.0,0.96579427,0.034743298
9766,540.5616,0.0,191.3614,57.367752,0.34096336,0.0,1.0190924,0.034743406
9767,532.89764,0.0,152.55742,57.367687,0.34469193,0.0,0.9954375,0.03474349
9768,432.9728,0.0,183.71643,57.36762,0.3340413,0.0,0.9845875,0.03474355
9769,455.8765,0.0,204.80461,57.367588,0.33143017,0.0,0.975797,0.034743585
9770,454.42923,0.0,171.40323,57.367535,0.34387365,0.0,1.0049723,0.034743603
9771,530.3504,0.0,153.84071,57.367455,0.32864785,0.0,0.9730429,0.034743603
9772,440.6117,0.0,177.28902,57.36739,0.3413091,0.0,0.98224413,0.03474359
9773,477.1465,0.0,160.23793,57.36736,0.33743477,0.0,0.9914398,0.034743555
9774,544.5065,0.0,159.10498,57.36735,0.34452844,0.0,0.98305917,0.034743514
9775,520.5125,0.0,169.02219,57.36737,0.33800662,0.0,0.9678843,0.034743458
9776,490.34555,0.0,180.96625,57.36739,0.33656216,0.0,0.97261286,0.034743395
9777,426.84283,0.0,164.46904,57.367374,0.3369641,0.0,0.95700073,0.03474332
9778,506.94263,0.0,166.42177,57.36734,0.33770466,0.0,0.9622958,0.03474323
9779,465.40472,0.0,149.48535,57.36737,0.33391455,0.0,0.984316,0.03474314
9780,515.30615,0.0,183.11572,57.3674,0.34190762,0.0,1.0164502,0.034743045
9781,475.09772,0.0,155.58968,57.367435,0.33054522,0.0,0.9784786,0.034742936
9782,441.6735,0.0,181.93074,57.367462,0.33662903,0.0,0.9930403,0.03474283
9783,460.57962,0.0,158.59515,57.367443,0.33745024,0.0,0.9884552,0.03474271
9784,516.6845,0.0,161.06573,57.367443,0.3396932,0.0,0.99038404,0.034742586
9785,449.66098,0.0,164.96315,57.367455,0.3286217,0.0,0.98735857,0.034742463
9786,502.42456,0.0,151.1099,57.367416,0.34208617,0.0,0.9839057,0.034742337
9787,513.65027,0.0,154.01587,57.367363,0.33205745,0.0,0.95902175,0.034742203
9788,502.86203,0.0,152.3094,57.36731,0.32788867,0.0,0.9747061,0.034742072
9789,518.3559,0.0,195.16162,57.36723,0.33764306,0.0,0.94900626,0.034741934
9790,505.38562,0.0,183.68991,57.36721,0.32703227,0.0,0.9934578,0.03474224
9791,461.71384,0.0,167.55362,57.36721,0.3254348,0.0,1.0098009,0.034742903
9792,434.56345,0.0,158.88326,57.367237,0.32736555,0.0,0.9685464,0.03474381
9793,491.31464,0.0,159.48854,57.36727,0.3330546,0.0,0.9811746,0.03474488
9794,462.95917,0.0,179.22601,57.367302,0.33057734,0.0,0.99034715,0.034746036
9795,437.58667,0.0,170.1702,57.36737,0.33650336,0.0,0.98576367,0.034747247
9796,482.01334,0.0,145.90527,57.367435,0.34044883,0.0,0.9555009,0.034748454
9797,535.046,0.0,147.13185,57.367477,0.33968517,0.0,0.952742,0.03474964
9798,475.6407,0.0,159.22588,57.367508,0.3400427,0.0,0.9858027,0.034750786
9799,465.65775,0.0,162.94957,57.367554,0.3304407,0.0,1.0911896,0.034751873
9800,502.86496,0.0,182.5236,57.367527,0.32921752,0.0,1.0082023,0.0347529
9801,488.2769,0.0,164.33336,57.367493,0.34150958,0.0,0.9648029,0.03475386
9802,495.95743,0.0,146.75072,57.367443,0.33628395,0.0,0.9566657,0.034754746
9803,418.21982,0.0,177.51749,57.367393,0.3266868,0.0,0.98237866,0.034755554
9804,486.59726,0.0,173.46089,57.367374,0.32328522,0.0,0.95938045,0.034756303
9805,551.6382,0.0,177.9516,57.367363,0.33433655,0.0,0.95218796,0.034756973
9806,473.88135,0.0,166.42099,57.36734,0.3366347,0.0,0.9746998,0.034757577
9807,506.37057,0.0,173.86073,57.36735,0.33322123,0.0,0.9708014,0.034758125
9808,537.56696,0.0,156.32382,57.367374,0.34131455,0.0,0.9649264,0.03475861
9809,476.01776,0.0,164.62044,57.367405,0.344248,0.0,0.98358804,0.03475904
9810,477.90448,0.0,148.86159,57.367413,0.332809,0.0,0.9979066,0.034759413
9811,518.5707,0.0,178.95923,57.36743,0.33540857,0.0,0.960484,0.034759745
9812,471.793,0.0,160.10854,57.367455,0.3382854,0.0,1.0013899,0.03476003
9813,480.2534,0.0,153.20085,57.367462,0.33543357,0.0,0.9392655,0.034760274
9814,455.69073,0.0,161.30963,57.367477,0.32727233,0.0,0.9860849,0.03476048
9815,455.57703,0.0,157.44218,57.367477,0.33295727,0.0,0.98155975,0.03476065
9816,527.1257,0.0,155.15173,57.367474,0.34027505,0.0,1.0092686,0.034760788
9817,477.62167,0.0,143.72968,57.367455,0.33080345,0.0,0.98572206,0.034760904
9818,493.438,0.0,181.6894,57.367405,0.32854548,0.0,0.95164335,0.03476099
9819,500.5644,0.0,170.73094,57.367363,0.33562127,0.0,0.97271234,0.034761053
9820,490.03946,0.0,162.92992,57.36732,0.33028868,0.0,0.977735,0.034761094
9821,487.65424,0.0,195.98508,57.36728,0.33040628,0.0,0.9542639,0.034761116
9822,468.6539,0.0,162.25746,57.36721,0.32729128,0.0,0.9718545,0.034761116
9823,493.1348,0.0,155.9909,57.367138,0.3258737,0.0,0.9836814,0.034761105
9824,523.62897,0.0,167.6843,57.367054,0.33290365,0.0,0.9503708,0.034761075
9825,469.85754,0.0,170.55943,57.36698,0.3304699,0.0,1.0025623,0.034761038
9826,473.2799,0.0,162.90387,57.366913,0.323495,0.0,0.9708893,0.034760986
9827,440.10507,0.0,173.89212,57.36685,0.3289157,0.0,1.0756819,0.034760922
9828,532.6793,0.0,179.1217,57.36679,0.32884794,0.0,0.99272966,0.034760848
9829,438.34076,0.0,177.20964,57.366756,0.32840812,0.0,0.95657617,0.034760773
9830,451.08368,0.0,159.19466,57.366714,0.34127688,0.0,0.9747124,0.034760688
9831,460.78107,0.0,165.78499,57.366657,0.32929403,0.0,0.95327824,0.03476059
9832,478.45477,0.0,160.6487,57.366646,0.3439229,0.0,0.9711627,0.03476049
9833,478.1716,0.0,161.7483,57.366627,0.34186095,0.0,0.9884239,0.034760382
9834,506.59082,0.0,174.6419,57.366623,0.3345115,0.0,0.981088,0.03476027
9835,438.1869,0.0,183.87059,57.366615,0.34353054,0.0,1.022153,0.034760147
9836,523.58636,0.0,197.53499,57.366623,0.3196143,0.0,0.9909486,0.034760028
9837,473.0451,0.0,143.85059,57.366634,0.32564119,0.0,1.0060241,0.034759905
9838,481.4866,0.0,191.1719,57.366642,0.34266096,0.0,1.0170047,0.03475978
9839,464.5871,0.0,162.40074,57.366642,0.33424956,0.0,0.9596541,0.03475965
9840,446.44556,0.0,180.00006,57.366653,0.3385097,0.0,0.94914716,0.034759518
9841,476.7097,0.0,165.99525,57.366665,0.34085923,0.0,1.0276395,0.03475938
9842,437.02127,0.0,164.99341,57.366673,0.3229145,0.0,0.98101795,0.034759246
9843,444.54932,0.0,177.56436,57.366688,0.34646702,0.0,0.9934026,0.034759108
9844,525.6852,0.0,158.26785,57.36675,0.33699274,0.0,0.97521657,0.03475897
9845,482.2268,0.0,186.17656,57.36683,0.33420226,0.0,0.98650575,0.034758825
9846,505.9636,0.0,153.39534,57.36695,0.33769155,0.0,0.9677977,0.034758616
9847,479.58298,0.0,184.56618,57.367012,0.32955742,0.0,1.0138003,0.034758423
9848,458.89844,0.0,176.64764,57.367035,0.3261576,0.0,0.955425,0.034758233
9849,498.45776,0.0,164.7026,57.367035,0.35226455,0.0,0.98070884,0.03475805
9850,489.50363,0.0,178.94264,57.36703,0.32697064,0.0,0.9748512,0.03475787
9851,437.06732,0.0,157.87762,57.367023,0.32982272,0.0,0.9842767,0.0347577
9852,452.35272,0.0,172.14288,57.367058,0.33742937,0.0,0.96612054,0.034757532
9853,472.47354,0.0,165.52441,57.367115,0.33133915,0.0,0.99108654,0.034757372
9854,457.25064,0.0,177.54941,57.367146,0.34570527,0.0,0.98454106,0.034757208
9855,514.0431,0.0,186.31598,57.36712,0.3320657,0.0,1.0076169,0.034757044
9856,486.90924,0.0,155.00357,57.367134,0.33721903,0.0,0.9894427,0.034756888
9857,576.8906,0.0,181.36032,57.367146,0.33478382,0.0,0.9830129,0.034756728
9858,527.83417,0.0,178.58536,57.367218,0.33324674,0.0,0.9600801,0.03475658
9859,471.31522,0.0,166.58572,57.367302,0.33638912,0.0,0.9763218,0.03475642
9860,542.1638,0.0,196.15237,57.367374,0.33513248,0.0,0.9971052,0.03475627
9861,495.218,0.0,163.69395,57.367405,0.34393758,0.0,0.9758195,0.034756117
9862,472.35587,0.0,171.40482,57.367435,0.33508217,0.0,1.0007145,0.034755964
9863,519.08295,0.0,165.63954,57.367504,0.33371648,0.0,0.9754799,0.034755815
9864,478.9017,0.0,169.59315,57.367554,0.3365391,0.0,1.0092798,0.034755662
9865,467.73428,0.0,187.06952,57.367596,0.33762428,0.0,0.9751611,0.03475551
9866,524.0936,0.0,177.96307,57.367638,0.33310056,0.0,0.9783791,0.03475536
9867,497.42844,0.0,166.82506,57.367687,0.3411467,0.0,0.9793748,0.03475521
9868,484.03348,0.0,144.2822,57.36772,0.32377663,0.0,0.95045495,0.034755092
9869,491.74658,0.0,170.98602,57.36773,0.3339078,0.0,0.9438849,0.034754977
9870,462.81415,0.0,139.9983,57.36775,0.3343397,0.0,1.0025967,0.034754865
9871,424.71317,0.0,153.69008,57.367764,0.3324653,0.0,0.9862101,0.03475475
9872,542.3357,0.0,175.67935,57.36776,0.3306743,0.0,0.9946922,0.03475464
9873,506.17386,0.0,162.8067,57.367783,0.32560164,0.0,0.96242297,0.034754526
9874,474.25888,0.0,143.25519,57.367832,0.33929583,0.0,1.0406928,0.034754418
9875,531.9823,0.0,195.30655,57.367867,0.3316416,0.0,0.9754045,0.034754306
9876,542.3966,0.0,153.70331,57.367863,0.34233004,0.0,0.9636518,0.03475419
9877,442.76828,0.0,174.23799,57.367805,0.33646283,0.0,0.98230606,0.034754075
9878,526.8293,0.0,179.80458,57.3678,0.3391906,0.0,1.0038116,0.034753956
9879,456.2302,0.0,154.7992,57.367805,0.33436427,0.0,1.0100268,0.03475439
9880,504.14493,0.0,153.78743,57.367836,0.34602317,0.0,0.98603517,0.03475479
9881,500.82678,0.0,180.03923,57.367912,0.33709234,0.0,0.957037,0.034755155
9882,483.83917,0.0,178.5824,57.367954,0.33062986,0.0,0.9847633,0.034755494
9883,515.1514,0.0,183.67627,57.367985,0.35110787,0.0,0.9848808,0.0347558
9884,432.8239,0.0,170.18483,57.36812,0.33298406,0.0,0.98986816,0.034756064
9885,524.9075,0.0,157.68073,57.36824,0.33460864,0.0,0.9954221,0.034756307
9886,484.21765,0.0,173.21452,57.368366,0.33875814,0.0,0.979115,0.03475652
9887,558.41266,0.0,166.32516,57.36847,0.329708,0.0,0.9845505,0.034756757
9888,533.13153,0.0,164.07924,57.368523,0.3336853,0.0,0.97234267,0.03475698
9889,450.27774,0.0,208.30132,57.36852,0.34607017,0.0,0.9485512,0.034757175
9890,485.50397,0.0,144.847,57.368538,0.33378324,0.0,0.97004074,0.034757346
9891,564.18646,0.0,175.16225,57.36855,0.34189114,0.0,0.9880984,0.034757495
9892,496.38803,0.0,169.68616,57.368633,0.33041593,0.0,0.94915366,0.034757618
9893,503.5503,0.0,166.53966,57.368717,0.33706373,0.0,0.96703494,0.034757722
9894,511.9232,0.0,172.95583,57.368774,0.34142098,0.0,0.9808713,0.03475781
9895,509.49673,0.0,164.60335,57.368767,0.33910072,0.0,0.9705808,0.034757875
9896,434.67383,0.0,171.44695,57.368793,0.3242273,0.0,1.0078899,0.03475792
9897,451.21075,0.0,167.9889,57.368824,0.33729067,0.0,1.0437719,0.034757946
9898,454.87973,0.0,169.99362,57.368877,0.33700135,0.0,0.96112454,0.03475796
9899,506.87732,0.0,186.1711,57.36888,0.33561152,0.0,0.9562487,0.034757964
9900,475.2111,0.0,198.72198,57.368824,0.32276508,0.0,0.98012656,0.034757953
9901,476.57852,0.0,164.16609,57.368763,0.34243396,0.0,0.9897129,0.034757927
9902,513.2029,0.0,196.4578,57.368713,0.331773,0.0,0.98356104,0.03475789
9903,536.06335,0.0,152.57413,57.368633,0.3370037,0.0,0.98965734,0.034757845
9904,500.54163,0.0,180.66333,57.36863,0.33855146,0.0,0.98185056,0.034757793
9905,481.04062,0.0,162.71928,57.368633,0.32958883,0.0,0.96749735,0.034757726
9906,464.51978,0.0,175.26714,57.368614,0.3395978,0.0,0.96817154,0.034757655
9907,456.3371,0.0,164.49704,57.368584,0.3290935,0.0,0.9807218,0.034757577
9908,459.9097,0.0,164.37564,57.368553,0.3453265,0.0,0.98145664,0.034757495
9909,474.97577,0.0,184.08539,57.368553,0.34002984,0.0,0.9776418,0.03475741
9910,426.49915,0.0,147.72427,57.368538,0.3362425,0.0,0.96525204,0.034757312
9911,499.5668,0.0,180.04971,57.36851,0.34397787,0.0,0.9862273,0.03475721
9912,462.90848,0.0,177.7295,57.36852,0.33745298,0.0,0.9680353,0.034757107
9913,532.0088,0.0,162.07005,57.368584,0.33917454,0.0,0.9665568,0.034757003
9914,502.48856,0.0,169.89146,57.36863,0.3200705,0.0,1.0256072,0.034756895
9915,445.19763,0.0,171.82419,57.368664,0.32643127,0.0,0.9917811,0.03475678
9916,567.54987,0.0,165.72112,57.368675,0.34112296,0.0,0.97485316,0.034756668
9917,489.87894,0.0,168.33105,57.368687,0.3384194,0.0,1.0069746,0.03475655
9918,481.05676,0.0,137.01163,57.368694,0.33665246,0.0,0.97244644,0.034756433
9919,510.47913,0.0,164.98756,57.368664,0.33124313,0.0,0.98871547,0.03475631
9920,455.71536,0.0,157.17802,57.3686,0.32756966,0.0,1.037496,0.034756184
9921,444.07703,0.0,160.27852,57.36853,0.3307853,0.0,1.0136701,0.03475606
9922,489.29822,0.0,164.57166,57.368477,0.33173588,0.0,0.9871132,0.03475593
9923,552.2577,0.0,157.18073,57.368366,0.34477672,0.0,0.99553925,0.034755804
9924,491.57062,0.0,149.67014,57.3683,0.33498847,0.0,0.9772063,0.034755677
9925,579.008,0.0,166.90964,57.368263,0.34715727,0.0,0.97800624,0.034755547
9926,473.61066,0.0,161.7122,57.368256,0.3414162,0.0,1.0003139,0.034755416
9927,511.29865,0.0,158.05357,57.368233,0.34437704,0.0,0.9507099,0.034755282
9928,501.59714,0.0,164.22148,57.368225,0.3308235,0.0,0.99909097,0.03475515
9929,486.02795,0.0,158.63625,57.368225,0.33022892,0.0,0.9607618,0.03475502
9930,564.85175,0.0,175.15736,57.36825,0.33062667,0.0,1.0016056,0.03475489
9931,543.50775,0.0,170.0897,57.36821,0.32365203,0.0,0.96544784,0.034754753
9932,504.4483,0.0,195.08893,57.36813,0.34156227,0.0,0.9581529,0.03475462
9933,523.0592,0.0,150.35127,57.368076,0.34992623,0.0,0.94669163,0.03475449
9934,508.19055,0.0,147.77382,57.368015,0.3361825,0.0,0.9668878,0.034754355
9935,511.2937,0.0,173.23857,57.367916,0.32560423,0.0,0.9574224,0.03475422
9936,545.8103,0.0,180.65944,57.367836,0.32439005,0.0,0.97464246,0.034754083
9937,516.54266,0.0,208.51886,57.367832,0.3443715,0.0,0.9669398,0.03475395
9938,469.67548,0.0,173.83977,57.367863,0.3416016,0.0,0.974772,0.034753818
9939,520.5009,0.0,161.27406,57.367874,0.3464255,0.0,0.96819735,0.03475368
9940,501.79803,0.0,163.85248,57.367874,0.3347107,0.0,0.9969139,0.034753542
9941,472.71893,0.0,192.5843,57.367886,0.3452957,0.0,0.96657217,0.034753412
9942,464.98236,0.0,167.79257,57.367905,0.33300352,0.0,0.967482,0.034753278
9943,511.26212,0.0,157.6372,57.367893,0.3350065,0.0,0.98128855,0.03475314
9944,456.34183,0.0,152.8852,57.367863,0.31853533,0.0,0.9692818,0.03475301
9945,462.30182,0.0,172.22708,57.367844,0.34207073,0.0,0.98762983,0.034752868
9946,448.22696,0.0,178.78017,57.367855,0.34021664,0.0,0.99904215,0.034752734
9947,465.40512,0.0,190.04456,57.367874,0.3324326,0.0,1.009348,0.034752604
9948,451.20316,0.0,149.83585,57.36788,0.33898053,0.0,0.97063804,0.034752462
9949,503.00507,0.0,199.55673,57.367905,0.33666593,0.0,0.9767703,0.034752328
9950,486.93872,0.0,191.19775,57.367943,0.34074643,0.0,1.0324833,0.034752198
9951,493.5088,0.0,154.0273,57.367958,0.3337744,0.0,0.9509497,0.03475206
9952,535.226,0.0,199.1171,57.368,0.33260658,0.0,1.0475479,0.034751926
9953,530.43317,0.0,159.44435,57.367985,0.33902895,0.0,1.0256045,0.0347518
9954,491.8938,0.0,145.12611,57.367977,0.3278958,0.0,0.96117336,0.034751657
9955,538.8608,0.0,158.73207,57.367924,0.34805578,0.0,0.9793068,0.034751523
9956,514.1501,0.0,161.9954,57.367874,0.33527082,0.0,0.9769864,0.034751385
9957,505.7032,0.0,167.18756,57.367863,0.34335202,0.0,1.0060456,0.034751255
9958,478.56613,0.0,173.58429,57.367855,0.3275044,0.0,0.9812676,0.03475112
9959,489.709,0.0,172.83376,57.367874,0.33166635,0.0,0.99863154,0.03475099
9960,489.49542,0.0,168.37465,57.367836,0.3345624,0.0,0.9546198,0.034750856
9961,467.17578,0.0,165.71045,57.367836,0.34015802,0.0,1.0010959,0.034750722
9962,492.3392,0.0,209.3873,57.367874,0.3421027,0.0,0.96696067,0.034750592
9963,483.2216,0.0,187.68263,57.367958,0.33085498,0.0,0.9699965,0.034750454
9964,490.02493,0.0,176.1577,57.36802,0.34004313,0.0,0.97716117,0.034750316
9965,534.8922,0.0,157.14009,57.36808,0.33890083,0.0,0.94373524,0.034750186
9966,537.31604,0.0,177.68068,57.36811,0.3423414,0.0,1.0136681,0.03475005
9967,547.51965,0.0,139.20758,57.368153,0.3463298,0.0,1.0097942,0.03474992
9968,445.2013,0.0,179.69044,57.368195,0.33527222,0.0,0.9526679,0.034749787
9969,461.83932,0.0,162.518,57.36822,0.33109444,0.0,0.9943162,0.034749657
9970,476.7256,0.0,157.80786,57.368275,0.3399271,0.0,0.97451615,0.03474952
9971,502.34406,0.0,164.37038,57.368355,0.3402416,0.0,0.95817196,0.034749392
9972,526.52625,0.0,181.2332,57.368416,0.3355662,0.0,0.9744741,0.03474926
9973,466.11136,0.0,161.11423,57.36841,0.33738664,0.0,0.96493655,0.034749124
9974,522.40247,0.0,160.65532,57.36836,0.3368991,0.0,1.0075107,0.034748994
9975,518.8637,0.0,147.14516,57.368355,0.33177486,0.0,1.0520134,0.03474886
9976,450.95224,0.0,200.55959,57.368317,0.33358338,0.0,0.9704202,0.03474873
9977,531.4539,0.0,180.70871,57.368305,0.33603477,0.0,0.98787194,0.0347486
9978,471.70578,0.0,169.46915,57.368244,0.3305726,0.0,1.0028754,0.03474847
9979,483.04703,0.0,211.49635,57.368233,0.3431372,0.0,0.99315286,0.034748334
9980,506.03247,0.0,168.70676,57.368263,0.33658636,0.0,1.0099064,0.034748204
9981,530.3474,0.0,172.8277,57.368294,0.33122757,0.0,0.96724385,0.03474807
9982,480.12445,0.0,165.36581,57.368347,0.34842035,0.0,0.96817935,0.03474794
9983,509.56796,0.0,170.92542,57.36833,0.33352628,0.0,1.013198,0.03474781
9984,459.41354,0.0,170.97964,57.368305,0.3352708,0.0,0.9688063,0.034747675
9985,498.18234,0.0,165.62631,57.368313,0.33575106,0.0,0.9720376,0.034747545
9986,466.28198,0.0,154.25713,57.368324,0.34841788,0.0,0.9951522,0.034747414
9987,481.66504,0.0,182.2138,57.36833,0.32524994,0.0,0.9877041,0.034747284
9988,597.65894,0.0,157.42392,57.36833,0.34794334,0.0,0.9326631,0.03474715
9989,480.72504,0.0,170.5782,57.368324,0.3287038,0.0,0.9797723,0.03474722
9990,523.7972,0.0,154.41423,57.368336,0.34355623,0.0,0.9557331,0.034747403
9991,495.35934,0.0,183.56601,57.368282,0.34094843,0.0,0.965066,0.03474767
9992,489.58026,0.0,166.7516,57.368244,0.33451474,0.0,0.97178316,0.034747988
9993,555.78467,0.0,161.35187,57.368275,0.33666208,0.0,0.9600979,0.034748334
9994,493.273,0.0,152.81842,57.368305,0.33432427,0.0,0.9524408,0.03474869
9995,440.87814,0.0,146.37984,57.36833,0.3392767,0.0,0.9451108,0.034749046
9996,454.6334,0.0,178.35692,57.36836,0.33208212,0.0,0.9792098,0.03474939
9997,442.64975,0.0,173.31705,57.368374,0.33593363,0.0,0.96682024,0.034749717
9998,510.6155,0.0,163.26898,57.368374,0.32766557,0.0,1.0045786,0.03475003
9999,523.9397,0.0,189.20474,57.368378,0.34684446,0.0,0.9627938,0.034750324
